0 1
0 2
0 3
0 4
0 5
0 8
0 10
0 203
0 13
0 20
0 21
0 153
0 197
0 161
0 168
0 105
0 170
0 109
0 176
0 179
0 181
0 169
0 57
0 62
1 2
1 3
1 4
1 5
1 8
1 10
1 203
1 13
1 20
1 21
1 153
1 197
1 161
1 168
1 105
1 170
1 109
1 176
1 179
1 181
1 57
1 62
2 3
2 4
2 5
2 105
2 10
2 13
2 176
2 179
2 20
2 21
2 153
2 57
2 170
2 62
3 4
3 5
3 6
3 8
3 10
3 203
3 204
3 13
3 80
3 82
3 20
3 21
3 153
3 165
3 168
3 105
3 170
3 108
3 176
3 179
3 181
3 57
3 62
4 5
4 8
4 10
4 203
4 13
4 20
4 21
4 153
4 27
4 197
4 165
4 168
4 105
4 170
4 109
4 176
4 179
4 181
4 57
4 62
5 165
5 8
5 105
5 170
5 197
5 13
5 168
5 179
5 20
5 21
5 203
5 153
5 57
5 62
5 181
6 132
6 8
6 9
6 10
6 11
6 204
6 13
6 80
6 17
6 82
6 147
6 203
6 23
6 91
6 30
6 162
6 163
6 100
6 39
6 168
6 105
6 170
6 108
6 110
6 50
6 179
6 117
6 41
6 57
6 60
6 183
6 62
6 181
7 130
7 195
7 134
7 194
7 14
7 77
7 146
7 84
7 156
7 29
7 159
7 96
7 49
7 111
7 48
7 177
7 178
7 182
7 120
7 148
7 61
7 191
8 193
8 9
8 10
8 75
8 13
8 80
8 17
8 18
8 163
8 20
8 21
8 203
8 153
8 179
8 27
8 81
8 161
8 197
8 155
8 169
8 39
8 168
8 105
8 170
8 199
8 109
8 110
8 175
8 176
8 128
8 117
8 73
8 57
8 95
8 183
8 62
8 181
9 128
9 11
9 202
9 75
9 204
9 81
9 18
9 83
9 203
9 25
9 27
9 30
9 95
9 96
9 165
9 162
9 155
9 131
9 163
9 17
9 168
9 169
9 108
9 46
9 175
9 50
9 115
9 116
9 181
9 55
9 60
9 183
10 197
10 161
10 203
10 13
10 80
10 20
10 21
10 153
10 160
10 16
10 39
10 168
10 105
10 170
10 199
10 109
10 110
10 176
10 179
10 117
10 57
10 62
10 181
11 131
11 132
11 179
11 204
11 17
11 82
11 147
11 149
11 23
11 91
11 30
11 97
11 162
11 163
11 100
11 39
11 41
11 106
11 172
11 46
11 113
11 50
11 115
11 116
11 183
11 60
12 64
12 66
12 171
12 70
12 135
12 201
12 138
12 79
12 16
12 19
12 199
12 31
12 99
12 36
12 166
12 102
12 39
12 106
12 103
12 44
12 47
12 52
12 117
12 182
12 119
12 188
12 125
12 126
13 203
13 80
13 82
13 20
13 21
13 153
13 155
13 197
13 161
13 27
13 165
13 168
13 105
13 170
13 108
13 109
13 176
13 179
13 181
13 57
13 62
14 192
14 65
14 66
14 69
14 74
14 151
14 141
14 15
14 146
14 148
14 85
14 87
14 90
14 29
14 182
14 32
14 102
14 129
14 44
14 49
14 178
14 54
14 120
14 188
14 138
14 190
15 192
15 65
15 66
15 178
15 69
15 129
15 74
15 141
15 138
15 49
15 146
15 85
15 54
15 151
15 120
15 90
15 188
15 29
15 190
16 70
16 135
16 201
16 62
16 161
16 80
16 199
16 31
16 33
16 99
16 36
16 102
16 39
16 105
16 106
16 103
16 44
16 109
16 110
16 47
16 176
16 117
16 119
16 170
16 126
17 128
17 202
17 75
17 204
17 81
17 18
17 83
17 203
17 25
17 27
17 30
17 95
17 96
17 165
17 162
17 155
17 131
17 163
17 168
17 169
17 108
17 46
17 50
17 115
17 116
17 181
17 55
17 60
17 183
18 128
18 131
18 202
18 75
18 81
18 83
18 150
18 25
18 27
18 203
18 30
18 95
18 96
18 155
18 165
18 168
18 169
18 107
18 108
18 46
18 175
18 50
18 115
18 181
18 55
18 60
18 183
19 64
19 99
19 36
19 166
19 70
19 103
19 135
19 79
19 157
19 68
19 47
19 125
19 126
20 203
20 21
20 153
20 197
20 161
20 168
20 105
20 170
20 109
20 176
20 179
20 181
20 57
20 62
21 193
21 73
21 203
21 80
21 153
21 95
21 160
21 161
21 197
21 38
21 168
21 105
21 170
21 199
21 109
21 175
21 176
21 179
21 117
21 57
21 62
21 181
22 98
22 37
22 145
22 28
22 43
22 45
22 113
22 167
22 116
22 86
22 180
22 186
22 124
22 93
23 131
23 132
23 108
23 204
23 82
23 147
23 149
23 91
23 30
23 97
23 162
23 163
23 100
23 41
23 172
23 46
23 50
23 115
23 116
23 183
23 60
24 48
24 104
24 114
24 150
24 40
24 137
24 107
24 140
24 78
25 128
25 131
25 202
25 75
25 81
25 83
25 150
25 155
25 30
25 95
25 27
25 165
25 168
25 169
25 107
25 46
25 50
25 115
25 55
25 60
25 183
26 200
26 130
26 52
26 37
26 191
26 148
26 58
26 143
26 28
26 93
26 111
27 128
27 131
27 197
27 75
27 81
27 83
27 203
27 155
27 30
27 95
27 165
27 168
27 169
27 108
27 82
27 46
27 50
27 115
27 181
27 183
27 57
27 60
28 34
28 37
28 130
28 200
28 43
28 45
28 93
28 145
28 51
28 186
28 58
28 124
28 127
29 65
29 66
29 69
29 130
29 194
29 138
29 77
29 146
29 148
29 90
29 102
29 49
29 129
29 111
29 177
29 178
29 182
29 120
29 188
29 61
29 190
29 191
30 100
30 132
30 75
30 204
30 82
30 83
30 147
30 97
30 162
30 155
30 131
30 165
30 168
30 41
30 108
30 46
30 50
30 115
30 116
30 183
30 60
30 149
31 33
31 66
31 187
31 69
31 70
31 199
31 138
31 171
31 44
31 79
31 201
31 190
31 119
31 154
31 47
31 188
31 102
31 94
32 192
32 66
32 196
32 42
32 141
32 74
32 53
32 54
32 87
32 152
32 148
32 90
32 138
32 63
33 80
33 187
33 199
33 161
33 154
33 160
33 109
33 94
34 51
34 116
34 118
34 200
34 121
34 45
34 127
35 118
35 127
36 68
36 171
36 70
36 103
36 154
36 79
36 135
36 47
37 130
37 145
37 200
37 43
37 45
37 93
37 113
37 52
37 186
37 180
37 58
37 143
37 124
37 191
38 128
38 129
38 194
38 195
38 197
38 181
38 177
38 104
38 73
38 193
38 107
38 140
38 175
38 48
38 81
38 146
38 150
38 151
38 95
39 203
39 204
39 199
39 201
39 143
39 80
39 163
39 99
39 102
39 105
39 170
39 110
39 47
39 176
39 179
39 52
39 117
39 182
39 119
39 62
39 106
39 126
40 96
40 194
40 195
40 177
40 104
40 137
40 202
40 107
40 140
40 77
40 78
40 175
40 48
40 81
40 114
40 150
40 55
40 122
40 61
40 95
41 131
41 132
41 172
41 204
41 82
41 147
41 149
41 91
41 97
41 162
41 163
41 100
41 167
41 108
41 46
41 113
41 50
41 115
41 116
41 183
41 60
42 152
42 53
43 145
43 167
43 45
43 93
43 113
43 116
43 86
43 186
43 180
43 91
43 124
43 58
44 64
44 66
44 69
44 70
44 199
44 201
44 138
44 141
44 79
44 90
44 182
44 154
44 94
44 99
44 166
44 102
44 171
44 47
44 190
44 54
44 119
44 120
44 188
44 125
44 126
45 145
45 200
45 124
45 98
45 113
45 167
45 116
45 186
45 86
45 180
45 58
45 93
46 132
46 75
46 204
46 82
46 83
46 147
46 97
46 162
46 155
46 100
46 165
46 108
46 50
46 115
46 116
46 131
46 183
46 60
46 149
47 64
47 66
47 171
47 69
47 70
47 135
47 201
47 138
47 79
47 199
47 99
47 166
47 102
47 106
47 103
47 110
47 190
47 52
47 117
47 182
47 119
47 188
47 125
47 126
48 193
48 194
48 195
48 140
48 77
48 78
48 81
48 146
48 150
48 151
48 159
48 96
48 49
48 175
48 177
48 178
48 55
48 104
48 61
49 65
49 194
49 195
49 69
49 134
49 73
49 77
49 146
49 151
49 156
49 159
49 129
49 193
49 177
49 178
49 120
49 188
49 61
49 190
50 128
50 132
50 179
50 202
50 75
50 204
50 82
50 83
50 147
50 203
50 165
50 97
50 162
50 155
50 100
50 163
50 168
50 108
50 115
50 116
50 131
50 183
50 60
50 149
51 118
51 127
52 99
52 102
52 143
52 201
52 106
52 110
52 112
52 125
52 163
52 182
52 119
52 91
52 58
52 126
52 166
53 152
53 148
53 196
53 72
53 89
53 63
54 65
54 66
54 67
54 74
54 141
54 144
54 192
54 85
54 87
54 120
54 90
54 188
54 138
54 190
54 63
55 96
55 128
55 194
55 195
55 81
55 202
55 75
55 77
55 177
55 175
55 150
55 121
55 137
55 183
55 95
56 84
56 133
56 134
56 104
56 156
56 140
56 61
56 78
56 159
57 203
57 82
57 153
57 197
57 165
57 168
57 105
57 170
57 108
57 176
57 179
57 181
57 62
58 130
58 200
58 143
58 145
58 186
58 124
58 93
58 191
59 112
59 113
59 99
59 135
59 136
59 184
59 91
59 126
59 143
60 100
60 132
60 75
60 204
60 82
60 83
60 147
60 165
60 97
60 162
60 155
60 131
60 163
60 108
60 115
60 116
60 183
60 149
61 194
61 195
61 134
61 140
61 77
61 78
61 146
61 84
61 151
61 156
61 159
61 96
61 111
61 177
61 178
61 104
62 161
62 203
62 204
62 80
62 153
62 197
62 160
62 168
62 105
62 170
62 199
62 109
62 176
62 179
62 117
62 181
63 192
63 196
63 74
63 141
63 148
63 87
63 152
63 90
63 138
64 99
64 68
64 166
64 70
64 103
64 136
64 135
64 76
64 142
64 79
64 157
64 189
64 125
64 119
64 201
64 126
65 192
65 129
65 66
65 69
65 178
65 74
65 138
65 141
65 146
65 85
65 151
65 120
65 90
65 188
65 190
66 192
66 67
66 69
66 201
66 138
66 141
66 148
66 85
66 87
66 90
66 182
66 125
66 166
66 102
66 171
66 119
66 120
66 188
66 74
66 190
67 74
67 171
67 141
67 138
67 85
67 87
67 90
67 79
67 189
67 190
68 70
68 103
68 135
68 157
68 79
69 195
69 129
69 73
69 194
69 146
69 151
69 201
69 94
69 102
69 193
69 199
69 110
69 177
69 178
69 117
69 182
69 119
69 120
69 187
69 188
69 190
70 99
70 166
70 103
70 135
70 79
70 157
70 171
70 189
70 119
70 201
70 125
70 126
71 198
71 174
72 152
72 89
73 129
73 194
73 195
73 177
73 193
73 199
73 110
73 175
73 146
73 151
73 94
73 181
74 196
74 138
74 192
74 141
74 144
74 85
74 87
74 120
74 90
74 190
75 128
75 131
75 202
75 183
75 81
75 83
75 150
75 155
75 95
75 165
75 168
75 169
75 107
75 203
75 175
75 115
75 181
76 101
76 166
76 125
76 142
76 189
77 194
77 195
77 134
77 137
77 202
77 140
77 78
77 146
77 84
77 150
77 159
77 96
77 177
77 104
77 178
77 111
77 114
77 121
77 122
78 194
78 133
78 134
78 177
78 140
78 114
78 84
78 104
78 122
78 159
79 166
79 171
79 201
79 189
79 119
79 154
79 125
80 161
80 203
80 153
80 160
80 105
80 170
80 199
80 109
80 110
80 176
80 179
80 117
80 119
80 181
81 128
81 194
81 195
81 197
81 202
81 140
81 150
81 155
81 95
81 96
81 177
81 169
81 107
81 175
81 168
81 181
82 132
82 179
82 204
82 83
82 147
82 97
82 162
82 100
82 165
82 168
82 108
82 115
82 183
82 149
83 97
83 131
83 165
83 168
83 108
83 115
83 155
83 149
83 169
83 183
84 159
84 164
84 134
84 122
84 111
84 156
85 141
85 144
85 87
85 120
85 138
85 190
86 180
86 167
87 192
87 196
87 141
87 90
87 138
88 98
88 123
89 152
90 192
90 196
90 201
90 138
90 141
90 148
90 102
90 166
90 120
90 188
90 125
90 190
91 162
91 100
91 163
91 167
91 106
91 172
91 143
91 112
91 113
91 147
91 180
91 132
91 204
91 126
92 136
92 184
92 198
92 158
93 130
93 200
93 143
93 145
93 180
93 186
93 124
94 160
94 171
94 129
94 193
94 151
94 109
94 161
94 117
94 119
94 154
94 187
94 188
94 199
95 128
95 195
95 197
95 202
95 150
95 155
95 96
95 169
95 107
95 203
95 175
95 168
95 181
95 183
96 194
96 195
96 202
96 140
96 146
96 150
96 137
96 175
96 104
96 111
96 177
96 121
97 172
97 162
97 115
97 100
97 204
97 147
97 108
97 116
97 131
97 132
97 149
98 123
99 135
99 201
99 143
99 157
99 166
99 102
99 106
99 103
99 112
99 117
99 119
99 125
99 126
100 131
100 132
100 108
100 204
100 147
100 149
100 162
100 163
100 172
100 115
100 116
100 183
101 174
101 142
101 189
102 199
102 201
102 138
102 143
102 166
102 106
102 171
102 110
102 190
102 117
102 182
102 119
102 120
102 188
102 125
102 126
103 135
103 157
103 126
104 194
104 195
104 134
104 177
104 140
104 150
104 159
105 161
105 203
105 153
105 197
105 160
105 168
105 170
105 199
105 109
105 110
105 176
105 179
105 117
105 181
106 112
106 166
106 201
106 110
106 143
106 163
106 117
106 182
106 119
106 125
106 126
107 128
107 197
107 169
107 175
107 150
107 155
108 132
108 179
108 204
108 147
108 162
108 155
108 131
108 165
108 168
108 115
108 183
108 149
109 197
109 161
109 203
109 153
109 160
109 170
109 199
109 176
109 181
109 187
109 117
110 193
110 194
110 195
110 199
110 203
110 143
110 146
110 201
110 163
110 181
110 182
110 119
110 202
110 188
110 170
110 117
111 130
111 178
111 194
111 148
111 177
111 146
111 121
111 122
111 156
111 191
112 198
112 167
112 136
112 143
112 113
112 184
112 180
112 126
113 132
113 167
113 172
113 143
113 163
113 180
113 204
113 124
114 185
114 133
114 137
114 121
114 122
114 139
115 172
115 132
115 204
115 149
115 162
115 155
115 165
115 147
115 116
115 131
115 183
116 131
116 132
116 204
116 162
116 147
116 149
116 163
116 172
116 183
117 199
117 201
117 203
117 163
117 161
117 176
117 179
117 181
117 182
117 119
117 170
118 185
118 121
118 139
118 127
119 199
119 201
119 138
119 166
119 171
119 190
119 182
119 120
119 188
119 125
119 126
120 192
120 141
120 146
120 148
120 151
120 182
120 129
120 178
120 188
120 138
120 190
121 200
121 137
121 139
121 185
121 122
121 127
122 185
122 137
122 139
124 167
124 145
124 180
124 186
124 158
125 201
125 138
125 141
125 142
125 157
125 166
125 171
125 188
125 189
125 126
126 135
126 136
126 201
126 143
126 157
126 166
127 200
128 203
128 197
128 202
128 150
128 155
128 165
128 168
128 169
128 175
128 181
128 183
129 194
129 195
129 177
129 193
129 199
129 178
129 146
129 190
129 182
129 151
129 188
130 191
130 148
130 200
131 172
131 132
131 202
131 204
131 147
131 162
131 163
131 183
131 149
132 172
132 204
132 147
132 149
132 162
132 163
132 183
134 164
134 159
134 156
135 136
135 157
136 198
136 184
136 157
137 202
137 139
137 150
137 185
138 192
138 196
138 201
138 141
138 166
138 171
138 188
138 190
139 185
140 194
140 195
140 150
140 177
140 159
141 192
141 196
141 166
141 171
141 188
141 189
141 190
142 166
142 189
143 201
143 163
143 182
144 192
145 186
145 200
145 158
146 194
146 195
146 151
146 193
146 175
146 177
146 178
146 182
146 188
146 190
147 204
147 149
147 162
147 163
147 172
147 183
148 178
148 191
149 172
149 162
149 204
150 194
150 195
150 202
150 169
150 175
150 177
151 194
151 195
151 177
151 193
151 178
151 188
153 203
153 197
153 160
153 161
153 168
153 170
153 176
153 179
153 181
154 171
154 187
155 203
155 197
155 165
155 168
155 169
155 175
155 181
155 183
156 178
156 164
156 159
157 166
157 189
158 180
158 198
158 167
158 186
159 194
159 164
159 177
159 178
160 161
160 176
160 187
161 197
161 199
161 203
161 170
161 176
161 187
162 172
162 204
162 163
162 183
163 204
163 203
163 172
163 183
163 170
164 173
165 179
165 168
165 169
165 181
165 183
166 201
166 171
166 189
167 172
167 180
168 203
168 179
168 197
168 170
168 175
168 181
168 169
168 183
169 203
169 197
169 202
169 175
169 181
169 183
170 203
170 204
170 197
170 199
170 176
170 179
170 183
170 181
171 201
171 190
171 188
171 187
172 204
172 180
175 193
175 194
175 195
175 197
175 202
175 203
175 177
175 181
176 199
176 203
176 179
177 194
177 195
177 193
177 178
177 182
178 194
178 195
178 193
178 182
178 188
178 190
179 204
179 203
179 197
179 183
179 181
181 193
181 195
181 203
181 197
181 183
182 195
182 201
182 194
182 193
182 199
182 188
182 190
183 202
183 204
183 203
184 198
186 200
187 199
187 188
188 201
188 199
188 190
190 192
190 201
190 199
191 200
192 196
193 194
193 195
193 199
194 195
194 202
195 202
197 203
199 203
199 201
203 204
