0 1
0 2
0 4
1 2
1 3
2 3
2 4
5 203
5 68
5 150
5 198
5 8
5 11
5 13
5 14
5 143
5 145
5 86
5 90
5 32
5 98
5 35
5 38
5 102
5 17
5 168
5 167
5 45
5 176
5 51
5 57
5 187
6 192
6 129
6 61
6 193
6 194
6 42
6 204
6 77
6 78
6 111
6 49
6 50
6 119
6 58
6 79
6 93
6 95
7 128
7 187
7 203
7 98
7 198
7 71
7 8
7 9
7 10
7 75
7 140
7 13
7 145
7 143
7 124
7 19
7 149
7 22
7 150
7 89
7 154
7 27
7 94
7 32
7 34
7 35
7 164
7 166
7 38
7 103
7 40
7 41
7 167
7 45
7 176
7 51
7 116
7 53
7 118
7 123
7 60
7 126
7 181
8 128
8 139
8 68
8 198
8 75
8 13
8 143
8 145
8 149
8 150
8 89
8 90
8 154
8 94
8 32
8 98
8 35
8 38
8 103
8 40
8 41
8 167
8 45
8 46
8 203
8 176
8 168
8 51
8 116
8 53
8 118
8 187
8 181
9 150
9 44
9 10
9 141
9 142
9 143
9 16
9 18
9 19
9 148
9 22
9 151
9 154
9 27
9 159
9 32
9 161
9 34
9 36
9 37
9 38
9 168
9 41
9 172
9 176
9 51
9 53
9 183
9 60
9 202
9 198
9 65
9 70
9 74
9 75
9 82
9 86
9 121
9 166
9 103
9 104
9 118
9 55
9 124
10 130
10 67
10 150
10 198
10 75
10 140
10 142
10 60
10 19
10 22
10 151
10 27
10 30
10 34
10 164
10 166
10 38
10 103
10 40
10 41
10 106
10 104
10 53
10 118
10 123
10 124
10 126
10 127
11 160
11 35
11 102
11 135
11 105
11 189
11 180
11 17
11 25
11 21
11 153
11 57
11 90
11 187
11 156
11 157
12 65
12 163
12 36
12 37
12 169
12 74
12 172
12 141
12 16
12 183
12 202
12 159
13 128
13 139
13 68
13 198
13 75
13 143
13 145
13 149
13 150
13 89
13 90
13 154
13 94
13 32
13 98
13 35
13 38
13 103
13 40
13 41
13 167
13 45
13 46
13 203
13 176
13 168
13 51
13 116
13 53
13 118
13 187
13 181
14 198
14 65
14 36
14 38
14 104
14 74
14 172
14 143
14 16
14 168
14 82
14 51
14 86
14 159
14 37
15 64
15 192
15 194
15 193
15 136
15 105
15 42
15 171
15 77
15 49
15 50
15 52
15 85
15 24
15 87
15 56
15 186
15 29
15 62
15 191
16 172
16 65
16 132
16 22
16 70
16 74
16 183
16 141
16 143
16 82
16 19
16 148
16 86
16 151
16 27
16 159
16 161
16 36
16 37
16 38
16 104
16 44
16 18
16 168
16 51
16 55
16 121
16 202
16 166
17 160
17 35
17 102
17 135
17 25
17 21
17 153
17 57
17 90
17 187
17 156
17 157
18 65
18 197
18 70
18 74
18 183
18 141
18 142
18 82
18 148
18 22
18 27
18 159
18 161
18 36
18 37
18 166
18 104
18 44
18 172
18 55
18 121
18 202
19 65
19 130
19 203
19 132
19 22
19 198
19 75
19 140
19 141
19 143
19 124
19 82
19 86
19 151
19 27
19 150
19 133
19 32
19 34
19 35
19 38
19 103
19 104
19 41
19 191
19 176
19 168
19 50
19 51
19 53
19 183
19 160
19 57
19 186
19 187
19 60
19 126
19 127
20 64
20 135
20 137
20 170
20 173
20 109
20 189
20 52
20 21
20 54
20 105
20 29
21 189
21 102
21 135
21 153
21 25
21 156
21 125
21 157
22 172
22 65
22 150
22 70
22 75
22 141
22 142
22 143
22 82
22 148
22 86
22 151
22 154
22 27
22 198
22 94
22 159
22 32
22 161
22 36
22 37
22 38
22 103
22 104
22 44
22 176
22 168
22 183
22 51
22 53
22 55
22 202
22 121
22 74
22 166
23 66
23 43
23 196
23 69
23 134
23 72
23 201
23 81
23 83
23 88
23 26
23 92
23 158
23 33
23 28
23 106
23 107
23 108
23 110
23 175
23 113
23 179
23 120
23 185
23 59
24 64
24 192
24 105
24 109
24 174
24 49
24 52
24 54
24 152
24 29
24 62
25 144
25 189
25 135
25 153
25 156
25 125
25 157
26 66
26 196
26 69
26 72
26 107
26 108
26 120
26 83
26 88
26 179
26 28
26 158
27 70
27 75
27 142
27 124
27 82
27 148
27 151
27 154
27 30
27 161
27 34
27 166
27 38
27 103
27 104
27 41
27 44
27 51
27 53
27 118
27 55
27 121
27 60
27 183
27 126
28 179
28 69
28 134
28 72
28 110
28 175
28 81
28 83
28 88
28 185
28 59
28 158
29 64
29 160
29 136
29 105
29 170
29 192
29 109
29 173
29 52
29 85
29 54
29 137
29 62
30 188
30 34
30 67
30 69
30 41
30 127
30 140
30 130
30 110
30 81
30 178
30 123
30 124
30 185
30 59
30 60
30 106
30 126
30 63
31 165
31 39
32 203
32 68
32 198
32 75
32 143
32 145
32 82
32 148
32 149
32 150
32 89
32 154
32 86
32 94
32 98
32 35
32 166
32 38
32 103
32 104
32 167
32 45
32 176
32 168
32 51
32 53
32 118
32 121
32 181
33 131
33 100
33 69
33 134
33 199
33 43
33 110
33 175
33 113
33 179
33 117
33 92
34 130
34 67
34 133
34 75
34 140
34 63
34 60
34 80
34 145
34 139
34 150
34 151
34 35
34 164
34 40
34 41
34 187
34 53
34 118
34 123
34 124
34 126
34 127
35 128
35 198
35 75
35 60
35 144
35 139
35 149
35 150
35 153
35 89
35 98
35 156
35 90
35 133
35 145
35 41
35 167
35 203
35 45
35 46
35 157
35 176
35 147
35 116
35 53
35 180
35 187
35 124
35 126
36 172
36 65
36 86
36 74
36 183
36 141
36 143
36 82
36 148
36 159
36 161
36 37
36 38
36 104
36 44
36 168
36 51
36 55
36 121
36 202
36 166
37 172
37 65
37 74
37 183
37 141
37 143
37 82
37 148
37 86
37 159
37 161
37 166
37 38
37 104
37 44
37 168
37 51
37 55
37 121
37 202
38 143
38 145
38 148
38 151
38 154
38 150
38 159
38 161
38 166
38 167
38 168
38 41
38 172
38 176
38 51
38 53
38 65
38 203
38 68
38 198
38 74
38 75
38 82
38 86
38 89
38 94
38 98
38 103
38 104
38 118
38 121
40 128
40 75
40 140
40 98
40 145
40 149
40 89
40 94
40 164
40 41
40 71
40 46
40 116
40 53
40 118
40 123
40 124
40 60
40 126
40 181
41 130
41 67
41 133
41 198
41 75
41 140
41 98
41 145
41 139
41 150
41 151
41 89
41 103
41 124
41 127
41 191
41 168
41 203
41 176
41 104
41 187
41 116
41 53
41 118
41 57
41 186
41 123
41 60
41 180
41 126
41 63
42 192
42 193
42 194
42 171
42 136
42 204
42 119
42 76
42 77
42 78
42 48
42 49
42 190
42 87
42 56
42 93
42 62
43 131
43 100
43 69
43 199
43 110
43 175
43 113
43 178
43 115
43 117
43 179
43 92
44 65
44 70
44 161
44 74
44 183
44 172
44 141
44 148
44 55
44 184
44 58
44 202
44 197
45 68
45 198
45 203
45 143
45 145
45 149
45 150
45 89
45 90
45 154
45 94
45 98
45 103
45 167
45 176
45 51
45 116
45 181
46 128
46 98
46 145
46 139
46 203
46 80
46 147
46 116
46 149
46 180
46 89
46 90
46 187
46 156
46 157
47 73
47 84
47 190
47 78
47 129
48 96
48 193
48 101
48 182
48 87
48 56
48 171
48 76
48 77
48 190
49 192
49 193
49 61
49 194
49 204
49 77
49 79
49 177
49 50
49 186
49 93
49 62
50 192
50 130
50 132
50 133
50 183
50 77
50 79
50 87
50 93
50 111
50 177
50 186
50 119
50 56
50 57
50 58
50 191
50 151
50 62
50 127
51 198
51 65
51 203
51 68
51 181
51 75
51 143
51 145
51 82
51 148
51 150
51 89
51 154
51 86
51 94
51 159
51 98
51 103
51 104
51 167
51 176
51 168
51 53
51 118
51 121
51 166
52 64
52 160
52 136
52 105
52 170
52 192
52 109
52 173
52 85
52 54
52 137
52 62
53 128
53 139
53 140
53 143
53 145
53 149
53 150
53 154
53 164
53 166
53 167
53 176
53 181
53 187
53 60
53 203
53 198
53 71
53 75
53 89
53 94
53 98
53 103
53 104
53 116
53 118
53 123
53 124
53 126
54 64
54 173
54 105
54 170
54 137
54 109
55 65
55 197
55 70
55 74
55 141
55 142
55 82
55 148
55 159
55 161
55 166
55 104
55 172
55 183
55 121
55 202
56 160
56 192
56 194
56 132
56 193
56 136
56 119
56 76
56 77
56 85
56 87
56 186
56 93
56 62
56 191
57 160
57 65
57 132
57 102
57 104
57 191
57 85
57 86
57 151
57 136
57 168
57 198
57 186
57 150
57 133
58 163
58 132
58 197
58 169
58 183
58 141
58 77
58 111
58 119
58 184
58 93
58 95
59 201
59 69
59 113
59 72
59 188
59 106
59 107
59 108
59 110
59 81
59 83
59 158
59 88
59 185
59 179
59 123
60 128
60 130
60 67
60 133
60 75
60 140
60 63
60 80
60 145
60 139
60 150
60 151
60 164
60 178
60 187
60 118
60 201
60 123
60 124
60 126
60 127
61 194
61 84
61 177
61 129
61 73
61 111
61 204
61 78
61 79
62 64
62 192
62 194
62 193
62 136
62 171
62 77
62 85
62 87
63 123
63 112
63 67
63 164
63 69
63 199
63 140
63 130
63 80
63 124
63 178
63 115
63 126
63 201
63 179
63 91
63 127
64 192
64 136
64 137
64 170
64 189
64 109
64 173
64 105
64 155
65 172
65 132
65 86
65 198
65 74
65 183
65 141
65 143
65 82
65 148
65 151
65 159
65 160
65 161
65 104
65 168
65 202
65 191
66 120
66 196
66 72
66 107
66 108
66 158
67 130
67 69
67 199
67 201
67 140
67 80
67 179
67 91
67 164
67 113
67 112
67 177
67 178
67 115
67 123
67 124
67 126
67 127
68 198
68 203
68 143
68 145
68 149
68 150
68 89
68 154
68 94
68 98
68 103
68 167
68 176
68 181
68 121
68 122
69 134
69 72
69 201
69 83
69 88
69 92
69 81
69 106
69 107
69 108
69 110
69 175
69 113
69 178
69 179
69 158
69 185
69 123
69 188
70 161
70 197
70 202
70 183
70 172
70 142
70 148
70 184
71 118
71 122
71 75
71 142
72 179
72 196
72 107
72 108
72 81
72 83
72 185
72 88
72 120
72 158
73 129
73 200
73 138
73 95
73 111
74 86
74 202
74 183
74 141
74 82
74 148
74 159
74 161
74 104
74 168
74 172
74 121
75 128
75 187
75 150
75 198
75 203
75 140
75 98
75 145
75 124
75 149
75 89
75 154
75 94
75 164
75 166
75 103
75 176
75 116
75 118
75 123
75 143
75 126
75 181
76 96
76 193
76 194
76 101
76 169
76 119
76 77
76 182
76 87
76 190
77 192
77 193
77 194
77 171
77 132
77 136
77 169
77 119
77 85
77 87
77 93
78 129
78 194
78 84
78 193
78 152
78 204
78 79
79 84
79 129
79 177
79 204
79 111
80 128
80 130
80 201
80 139
80 140
80 144
80 147
80 91
80 164
80 124
80 112
80 178
80 115
80 180
80 123
80 126
80 127
81 106
81 108
81 83
81 88
81 185
81 158
82 86
82 198
82 143
82 148
82 142
82 150
82 154
82 94
82 159
82 161
82 103
82 104
82 172
82 176
82 168
82 121
82 202
82 166
83 134
83 113
83 106
83 108
83 110
83 175
83 179
83 88
83 185
83 158
84 129
84 194
84 193
84 152
84 204
85 160
85 192
85 132
85 136
85 87
85 186
85 191
86 198
86 151
86 141
86 143
86 154
86 150
86 159
86 103
86 104
86 172
86 176
86 168
86 160
86 121
86 191
87 96
87 160
87 132
87 101
87 136
87 169
87 141
87 119
87 192
87 93
88 179
88 134
88 110
88 175
88 185
88 158
89 128
89 203
89 198
89 143
89 145
89 149
89 150
89 90
89 154
89 94
89 98
89 103
89 167
89 176
89 116
89 118
89 187
89 181
90 128
90 139
90 145
90 149
90 150
90 153
90 156
90 157
90 98
90 167
90 203
90 180
90 116
90 187
91 112
91 178
91 164
91 115
91 201
91 123
92 179
92 178
92 115
92 100
92 113
92 199
92 175
93 192
93 193
93 194
93 163
93 132
93 197
93 169
93 119
93 111
93 141
93 186
93 183
94 203
94 150
94 198
94 143
94 145
94 149
94 154
94 98
94 166
94 103
94 167
94 176
94 104
94 118
94 121
94 122
94 168
94 181
95 129
95 200
95 197
95 184
95 188
95 138
95 111
96 162
96 195
96 101
96 182
98 128
98 139
98 198
98 143
98 145
98 149
98 150
98 154
98 103
98 167
98 203
98 176
98 168
98 116
98 118
98 187
98 181
99 114
99 131
99 100
99 199
100 114
100 131
100 117
100 199
101 162
101 195
101 182
102 160
102 135
102 153
102 156
103 203
103 198
103 142
103 143
103 145
103 148
103 149
103 150
103 154
103 166
103 167
103 104
103 176
103 168
103 118
103 121
103 122
103 124
103 181
104 203
104 198
104 151
104 141
104 143
104 148
104 121
104 154
104 159
104 161
104 168
104 172
104 176
104 183
104 150
104 166
105 135
105 136
105 137
105 170
105 189
105 109
105 174
105 173
105 155
106 164
106 108
106 107
106 140
106 201
106 185
106 179
106 123
107 164
107 201
107 108
107 179
107 120
107 185
107 123
108 179
108 196
108 201
108 120
108 185
108 158
109 146
109 170
109 137
109 173
110 134
110 200
110 188
110 158
110 175
110 113
110 117
110 185
110 179
111 129
111 200
111 119
111 184
111 188
112 128
112 144
112 130
112 147
112 139
112 140
112 178
112 115
112 180
112 201
112 164
112 123
112 126
112 127
113 134
113 199
113 188
113 175
113 178
113 117
113 185
113 179
114 131
115 130
115 177
115 178
115 199
116 128
116 139
116 145
116 147
116 149
116 150
116 153
116 156
116 157
116 167
116 203
116 180
116 187
117 131
117 134
117 188
117 175
118 128
118 164
118 198
118 140
118 142
118 124
118 149
118 150
118 154
118 145
118 166
118 203
118 176
118 123
118 143
118 126
118 181
119 194
119 163
119 132
119 197
119 169
119 183
119 141
120 179
120 196
120 158
121 198
121 142
121 143
121 148
121 150
121 154
121 159
121 161
121 172
121 176
121 168
121 122
121 166
122 142
122 166
122 154
122 181
123 130
123 201
123 140
123 127
123 164
123 178
123 179
123 185
123 124
123 126
124 130
124 133
124 198
124 140
124 145
124 139
124 150
124 151
124 164
124 187
124 126
124 127
125 137
125 155
125 135
125 189
126 128
126 130
126 133
126 201
126 140
126 139
126 150
126 151
126 164
126 178
126 187
126 180
126 127
127 130
127 133
127 140
127 151
127 177
127 178
127 180
127 186
128 139
128 140
128 145
128 149
128 203
128 164
128 180
128 187
129 194
129 138
129 204
130 133
130 199
130 139
130 140
130 164
130 178
130 177
130 180
130 186
132 160
132 136
132 169
132 141
132 186
132 183
132 151
132 191
133 160
133 139
133 144
133 180
133 151
133 191
133 186
133 187
134 200
134 188
134 175
134 158
135 180
135 187
135 174
135 157
135 144
135 147
135 189
135 153
135 155
135 156
136 160
136 192
136 191
137 170
137 173
137 189
137 155
139 203
139 140
139 144
139 145
139 147
139 153
139 156
139 157
139 180
139 187
140 201
140 187
140 164
140 178
141 151
141 159
141 161
141 197
141 163
141 169
141 168
141 172
141 202
141 183
142 161
142 148
142 154
142 166
143 198
143 203
143 181
143 145
143 148
143 150
143 154
143 159
143 167
143 172
143 176
143 168
143 166
144 174
144 189
144 147
144 180
144 187
144 153
144 155
144 156
144 157
145 198
145 149
145 150
145 167
145 203
145 154
145 176
145 168
145 187
145 181
146 170
146 171
147 180
147 174
147 153
147 187
147 156
147 157
148 172
148 154
148 159
148 161
148 168
148 202
148 166
149 203
149 198
149 150
149 154
149 167
149 176
149 187
149 181
150 151
150 154
150 166
150 167
150 168
150 176
150 187
150 181
150 203
150 198
151 198
151 160
151 168
151 183
151 186
151 191
152 204
153 180
153 187
153 156
153 157
154 203
154 198
154 166
154 167
154 176
154 168
154 181
155 174
155 189
156 180
156 187
156 157
157 180
157 187
158 179
158 196
158 175
158 185
159 183
159 161
159 172
159 168
159 202
159 166
160 186
160 191
161 183
161 166
161 172
161 202
162 195
162 182
163 197
163 169
163 183
164 201
164 178
166 198
166 172
166 176
166 168
167 198
167 203
167 168
167 176
167 187
167 181
168 203
168 198
168 172
168 176
168 191
169 197
169 183
170 173
171 192
171 190
171 193
171 194
172 183
172 202
174 180
174 189
175 188
175 200
175 179
176 203
176 198
176 181
177 178
177 199
178 199
178 201
178 179
179 199
179 201
179 185
180 187
181 203
182 195
183 197
183 184
183 202
184 197
184 200
184 188
185 188
185 201
186 192
186 191
187 198
187 203
188 200
190 193
190 194
191 198
192 193
192 194
193 194
193 204
194 204
197 202
198 203
