0 64
0 65
0 2
0 4
0 5
0 7
0 9
0 128
0 16
0 146
0 20
0 86
0 22
0 175
0 28
0 167
0 30
0 159
0 37
0 49
0 129
0 107
0 172
0 47
0 113
0 51
0 53
0 137
0 184
0 148
0 123
0 125
1 160
1 65
1 2
1 3
1 148
1 22
1 7
1 137
1 28
2 107
2 4
2 5
2 65
2 64
2 9
2 128
2 86
2 14
2 141
2 16
2 17
2 146
2 20
2 22
2 175
2 28
2 167
2 30
2 159
2 37
2 113
2 129
2 7
2 172
2 46
2 47
2 49
2 51
2 53
2 137
2 184
2 148
2 123
2 125
4 64
4 195
4 164
4 129
4 175
4 16
4 49
4 20
4 86
4 180
5 64
5 150
5 71
5 9
5 128
5 203
5 12
5 175
5 146
5 83
5 149
5 86
5 25
5 155
5 30
5 159
5 161
5 162
5 113
5 37
5 103
5 129
5 107
5 109
5 110
5 47
5 49
5 51
5 180
5 53
5 189
5 55
5 123
5 61
5 190
6 203
6 196
6 197
6 134
6 135
6 8
6 73
6 10
6 75
6 77
6 152
6 21
6 151
6 24
6 153
6 154
6 92
6 199
6 95
6 99
6 198
6 166
6 168
6 124
6 171
6 108
6 110
6 200
6 169
6 57
6 31
6 60
6 138
6 191
7 22
7 65
7 64
7 9
7 128
7 141
7 14
7 16
7 17
7 146
7 20
7 86
7 175
7 28
7 167
7 30
7 159
7 37
7 113
7 129
7 107
7 172
7 46
7 47
7 49
7 51
7 53
7 137
7 184
7 148
7 123
7 125
8 67
8 196
8 69
8 135
8 200
8 10
8 75
8 77
8 11
8 139
8 21
8 89
8 24
8 153
8 154
8 101
8 166
8 60
8 106
8 174
8 116
8 118
8 169
8 202
8 187
8 124
8 170
9 64
9 107
9 172
9 128
9 175
9 12
9 86
9 14
9 17
9 146
9 83
9 148
9 149
9 22
9 25
9 155
9 28
9 30
9 159
9 96
9 161
9 113
9 37
9 103
9 129
9 71
9 125
9 46
9 47
9 49
9 51
9 53
9 189
9 123
9 61
10 67
10 196
10 69
10 135
10 75
10 77
10 11
10 139
10 89
10 24
10 153
10 101
10 169
10 106
10 174
10 116
10 118
10 187
10 124
10 170
11 67
11 196
11 69
11 41
11 139
11 174
11 170
11 153
11 24
11 89
11 187
11 106
11 101
12 128
12 71
12 203
12 175
12 83
12 149
12 150
12 199
12 155
12 30
12 159
12 161
12 98
12 37
12 103
12 107
12 109
12 110
12 47
12 48
12 113
12 51
12 53
12 123
12 61
12 190
12 127
13 66
13 90
13 44
13 74
13 117
14 128
14 172
14 43
14 134
14 183
14 141
14 78
14 15
14 17
14 146
14 148
14 22
14 152
14 25
14 111
14 156
14 159
14 30
14 95
14 160
14 155
14 36
14 37
14 167
14 40
14 107
14 108
14 46
14 47
14 104
14 51
14 126
14 119
14 184
14 57
14 198
14 123
14 189
14 62
14 191
15 134
15 172
15 183
15 141
15 17
15 85
15 78
15 152
15 95
15 160
15 36
15 198
15 40
15 43
15 108
15 46
15 176
15 104
15 62
15 119
15 31
15 60
15 126
15 21
16 64
16 37
16 65
16 129
16 137
16 86
16 194
16 175
16 49
16 146
16 20
16 22
16 148
16 28
16 125
17 128
17 172
17 43
17 134
17 183
17 141
17 78
17 146
17 148
17 22
17 152
17 25
17 111
17 156
17 30
17 95
17 160
17 155
17 36
17 37
17 167
17 40
17 107
17 108
17 46
17 47
17 104
17 51
17 126
17 119
17 184
17 57
17 198
17 159
17 189
17 62
17 191
18 105
18 26
18 193
18 173
18 186
19 56
19 96
19 82
19 91
19 133
20 64
20 70
20 65
20 55
20 141
20 146
20 148
20 22
20 132
20 28
20 30
20 164
20 167
20 129
20 172
20 176
20 49
20 180
20 119
20 184
21 198
21 196
21 135
21 202
21 75
21 141
21 78
21 152
21 154
21 94
21 95
21 36
21 70
21 40
21 60
21 43
21 108
21 200
21 119
21 31
21 124
21 134
22 107
22 65
22 64
22 128
22 141
22 146
22 86
22 137
22 175
22 28
22 30
22 159
22 160
22 37
22 167
22 129
22 172
22 46
22 47
22 176
22 49
22 51
22 53
22 119
22 184
22 148
23 81
23 35
23 45
23 117
24 67
24 196
24 69
24 135
24 75
24 77
24 139
24 89
24 153
24 101
24 60
24 170
24 174
24 200
24 116
24 118
24 169
24 202
24 187
24 124
24 106
25 128
25 171
25 134
25 138
25 140
25 141
25 146
25 151
25 152
25 154
25 155
25 156
25 30
25 159
25 161
25 36
25 37
25 166
25 40
25 43
25 172
25 46
25 47
25 189
25 51
25 52
25 53
25 183
25 57
25 61
25 191
25 73
25 203
25 94
25 95
25 99
25 100
25 107
25 108
25 110
25 111
25 113
25 119
25 120
25 123
25 126
26 105
26 193
27 32
27 97
27 133
27 39
27 42
27 192
27 111
27 84
27 183
27 120
27 59
27 156
27 126
27 191
28 86
28 65
28 64
28 128
28 194
28 146
28 30
28 37
28 129
28 172
28 175
28 49
28 53
28 137
28 56
28 148
28 125
29 33
29 118
29 202
29 89
29 106
29 170
30 128
30 141
30 146
30 155
30 159
30 161
30 36
30 37
30 167
30 129
30 172
30 46
30 47
30 49
30 51
30 53
30 55
30 184
30 61
30 64
30 65
30 175
30 83
30 86
30 94
30 107
30 189
30 113
30 119
30 148
30 123
30 125
31 198
31 134
31 135
31 72
31 202
31 75
31 78
31 152
31 154
31 156
31 95
31 34
31 36
31 40
31 60
31 43
31 108
31 200
31 62
31 183
31 57
31 191
31 124
31 126
31 85
32 133
32 192
32 126
32 183
32 104
32 42
32 62
32 111
33 89
33 106
33 118
33 170
34 198
34 200
34 204
34 85
34 134
34 201
34 72
34 57
34 143
34 156
35 81
35 66
35 131
35 54
35 70
35 74
35 117
35 90
35 93
36 198
36 134
36 172
36 183
36 141
36 146
36 78
36 152
36 154
36 155
36 159
36 94
36 95
36 70
36 167
36 40
36 43
36 108
36 46
36 176
36 119
36 184
36 60
37 64
37 107
37 172
37 128
37 175
37 86
37 146
37 83
37 148
37 149
37 155
37 159
37 96
37 161
37 113
37 103
37 129
37 71
37 125
37 46
37 47
37 49
37 51
37 53
37 123
37 61
38 88
38 58
39 192
39 133
39 134
39 73
39 138
39 140
39 84
39 151
39 156
39 97
39 99
39 100
39 42
39 111
39 52
39 183
39 120
39 57
39 59
39 126
39 191
40 134
40 172
40 183
40 141
40 146
40 85
40 78
40 152
40 156
40 95
40 160
40 198
40 167
40 104
40 43
40 108
40 46
40 176
40 62
40 119
40 184
40 126
41 80
41 69
41 158
42 97
42 99
42 133
42 134
42 104
42 192
42 46
42 111
42 84
42 126
42 183
42 120
42 57
42 59
42 156
42 62
42 191
43 134
43 172
43 183
43 141
43 78
43 152
43 154
43 156
43 95
43 160
43 198
43 104
43 60
43 108
43 46
43 176
43 62
43 119
43 184
43 57
43 126
43 85
45 130
45 132
45 54
46 128
46 134
46 141
46 146
46 148
46 151
46 152
46 154
46 155
46 156
46 159
46 167
46 171
46 172
46 47
46 189
46 51
46 183
46 184
46 57
46 61
46 62
46 191
46 198
46 78
46 95
46 107
46 111
46 119
46 120
46 123
46 126
47 64
47 171
47 128
47 175
47 141
47 146
47 83
47 148
47 110
47 155
47 86
47 203
47 159
47 161
47 113
47 103
47 129
47 107
47 172
47 125
47 49
47 51
47 53
47 189
47 123
47 61
47 149
48 98
48 83
48 147
48 149
48 150
48 71
48 109
48 190
48 127
49 64
49 107
49 65
49 128
49 146
49 86
49 175
49 159
49 167
49 129
49 172
49 113
49 51
49 53
49 137
49 184
49 148
49 123
49 125
50 157
50 115
50 147
50 197
50 87
50 168
50 199
50 92
50 109
50 190
50 79
51 64
51 171
51 128
51 175
51 141
51 146
51 83
51 148
51 110
51 155
51 86
51 203
51 159
51 161
51 113
51 103
51 129
51 107
51 125
51 172
51 53
51 189
51 123
51 61
51 149
52 192
52 73
52 138
52 140
52 84
52 151
52 154
52 156
52 97
52 99
52 100
52 166
52 168
52 171
52 110
52 111
52 182
52 120
52 57
52 122
52 59
52 189
52 191
53 64
53 107
53 128
53 175
53 146
53 83
53 148
53 149
53 86
53 155
53 159
53 96
53 161
53 98
53 113
53 103
53 129
53 71
53 125
53 189
53 123
53 61
54 176
54 81
54 130
54 132
54 70
55 162
55 131
55 132
55 70
55 167
55 177
55 159
55 141
55 142
55 180
55 145
55 114
55 195
55 94
55 184
55 164
55 155
55 146
56 96
56 82
56 133
56 86
56 194
56 137
56 91
56 125
57 192
57 198
57 171
57 73
57 138
57 140
57 143
57 201
57 84
57 85
57 151
57 152
57 154
57 156
57 95
57 99
57 100
57 134
57 166
57 60
57 111
57 183
57 120
57 124
57 189
57 126
57 191
58 88
58 136
58 116
59 192
59 97
59 99
59 100
59 73
59 140
59 111
59 189
59 84
59 182
59 151
59 120
59 122
59 138
59 191
60 198
60 196
60 134
60 135
60 202
60 75
60 77
60 78
60 152
60 154
60 95
60 166
60 169
60 108
60 200
60 124
60 85
61 128
61 171
61 175
61 146
61 83
61 86
61 155
61 159
61 96
61 161
61 98
61 103
61 107
61 110
61 113
61 122
61 123
61 189
61 149
62 160
62 198
62 134
62 78
62 85
62 183
62 111
62 104
62 95
62 156
62 126
64 65
64 128
64 194
64 146
64 86
64 71
64 175
64 159
64 129
64 107
64 172
64 113
64 137
64 148
64 123
64 125
65 86
65 129
65 160
65 172
65 146
65 137
65 148
65 167
65 125
66 81
66 117
66 90
66 93
67 196
67 69
67 169
67 139
67 174
67 80
67 153
67 187
67 92
67 158
67 101
68 185
68 179
68 165
69 196
69 101
69 139
69 174
69 170
69 153
69 89
69 187
69 106
70 130
70 131
70 132
70 172
70 141
70 142
70 81
70 146
70 152
70 164
70 155
70 94
70 95
70 162
70 167
70 108
70 176
70 177
70 180
70 119
70 184
71 149
71 98
71 103
71 109
71 175
71 113
71 83
71 150
71 123
71 125
72 200
72 85
72 198
72 136
72 201
72 204
72 143
73 192
73 138
73 140
73 84
73 151
73 154
73 156
73 97
73 99
73 100
73 134
73 166
73 168
73 171
73 110
73 111
73 182
73 120
73 122
73 189
73 191
74 81
74 90
74 117
75 196
75 135
75 139
75 77
75 89
75 153
75 154
75 101
75 170
75 200
75 116
75 118
75 169
75 202
75 187
75 124
75 106
77 196
77 135
77 201
77 139
77 143
77 89
77 153
77 154
77 101
77 166
77 174
77 200
77 116
77 169
77 187
77 124
78 134
78 183
78 152
78 95
78 198
78 105
78 108
78 104
78 119
78 126
78 85
79 115
79 147
79 157
79 87
80 158
81 131
81 117
81 90
81 93
82 96
82 194
82 86
82 137
82 91
82 125
83 128
83 203
83 175
83 149
83 150
83 155
83 159
83 161
83 98
83 103
83 107
83 109
83 110
83 113
83 123
83 190
83 127
84 192
84 138
84 140
84 151
84 156
84 97
84 99
84 100
84 171
84 111
84 182
84 120
84 122
84 189
84 191
85 198
85 134
85 105
85 204
85 200
85 104
85 126
85 183
86 107
86 128
86 194
86 148
86 175
86 159
86 96
86 113
86 129
86 125
86 146
86 137
86 123
87 115
87 147
87 157
88 139
88 174
89 196
89 135
89 106
89 200
89 116
89 118
89 170
89 153
89 187
89 124
89 202
89 101
90 131
90 117
90 93
91 96
91 128
91 133
91 111
92 161
92 166
92 199
92 168
92 171
92 110
92 203
92 151
92 121
92 154
92 190
92 197
93 131
93 117
93 177
93 142
94 131
94 108
94 141
94 142
94 146
94 203
94 152
94 154
94 155
94 159
94 161
94 162
94 167
94 172
94 176
94 177
94 119
94 184
94 95
95 198
95 172
95 119
95 141
95 146
95 152
95 154
95 155
95 156
95 167
95 108
95 176
95 134
95 184
95 183
95 126
96 128
96 123
96 103
96 175
96 125
96 113
97 192
97 99
97 100
97 140
97 111
97 189
97 151
97 120
97 122
97 156
97 138
97 191
98 103
98 109
98 113
98 149
98 150
98 123
99 192
99 138
99 140
99 151
99 154
99 156
99 100
99 134
99 166
99 168
99 171
99 110
99 111
99 182
99 120
99 122
99 189
99 191
100 192
100 138
100 140
100 151
100 154
100 156
100 166
100 168
100 171
100 110
100 111
100 182
100 120
100 122
100 189
100 191
101 196
101 135
101 169
101 174
101 116
101 153
101 139
101 187
101 124
101 158
102 121
102 188
102 157
103 128
103 149
103 175
103 159
103 107
103 109
103 113
103 189
103 122
103 123
104 160
104 198
104 134
104 193
104 126
104 183
104 186
105 193
106 200
106 116
106 118
106 170
106 202
107 128
107 175
107 141
107 146
107 148
107 110
107 151
107 111
107 159
107 161
107 155
107 113
107 171
107 172
107 189
107 123
108 203
108 141
108 152
108 154
108 155
108 161
108 167
108 172
108 176
108 119
108 184
109 161
109 147
109 149
109 150
109 190
109 127
110 171
110 199
110 138
110 203
110 151
110 154
110 155
110 159
110 161
110 197
110 166
110 168
110 189
110 140
110 182
110 122
110 123
110 190
111 192
111 133
111 134
111 138
111 156
111 183
111 120
111 189
111 126
111 191
113 128
113 175
113 146
113 149
113 155
113 159
113 161
113 129
113 125
113 189
113 123
114 180
114 145
114 162
114 131
114 132
114 195
114 164
115 147
115 157
116 139
116 135
116 136
116 118
116 200
116 202
117 131
118 135
118 170
118 200
118 202
119 132
119 172
119 141
119 146
119 152
119 155
119 167
119 176
119 183
119 184
119 148
120 192
120 134
120 138
120 140
120 151
120 154
120 156
120 166
120 171
120 183
120 122
120 189
120 126
120 191
121 197
121 166
121 168
121 188
121 122
121 182
122 166
122 168
122 138
122 151
122 140
122 189
122 171
122 182
123 128
123 175
123 146
123 155
123 159
123 161
123 129
123 125
123 189
123 149
124 198
124 196
124 135
124 151
124 152
124 154
124 166
124 168
124 169
124 171
124 174
124 200
124 153
124 187
124 202
125 128
125 194
125 175
125 129
125 137
126 192
126 133
126 134
126 156
126 198
126 191
126 183
127 147
127 149
127 150
127 190
128 175
128 146
128 148
128 159
128 155
128 129
128 189
129 194
129 146
129 175
129 172
129 137
129 148
130 176
130 132
131 162
131 132
131 145
131 177
131 142
131 180
131 164
132 162
132 164
132 167
132 172
132 141
132 176
132 184
132 180
133 192
134 200
134 138
134 151
134 152
134 154
134 156
134 198
134 191
134 183
135 198
135 196
135 139
135 153
135 154
135 166
135 174
135 200
135 169
135 187
135 202
137 194
138 192
138 140
138 151
138 154
138 156
138 166
138 168
138 171
138 182
138 189
138 191
139 196
139 169
139 174
139 153
139 187
139 158
140 192
140 143
140 151
140 154
140 156
140 166
140 168
140 171
140 182
140 189
140 191
141 172
141 146
141 152
141 155
141 162
141 167
141 176
141 184
141 148
141 159
142 161
142 162
142 199
142 203
142 177
142 155
142 190
143 179
143 204
143 201
145 164
145 195
145 180
145 162
146 155
146 159
146 167
146 172
146 176
146 184
146 175
146 148
147 157
148 175
148 159
148 167
148 172
148 176
148 184
149 159
149 150
149 175
149 190
150 190
151 171
151 197
151 161
151 154
151 166
151 168
151 156
151 182
151 189
151 191
152 198
152 171
152 172
152 183
152 203
152 154
152 155
152 156
152 167
152 176
152 184
153 196
153 169
153 174
153 187
153 158
154 198
154 171
154 196
154 197
154 156
154 203
154 199
154 161
154 191
154 166
154 168
154 200
154 169
154 189
155 159
155 161
155 162
155 168
155 171
155 172
155 175
155 177
155 184
155 189
155 190
155 197
155 199
155 203
156 192
156 171
156 198
156 166
156 183
156 189
156 191
158 187
158 174
159 161
159 167
159 171
159 172
159 175
159 184
159 189
159 190
159 203
160 193
160 172
160 183
160 186
161 171
161 199
161 203
161 197
161 177
161 168
161 189
161 190
162 177
162 195
162 180
162 164
163 178
164 167
164 195
164 180
164 184
165 185
166 201
166 196
166 197
166 203
166 188
166 199
166 168
166 171
166 182
166 169
166 189
166 191
167 172
167 176
167 184
168 197
168 199
168 203
168 171
168 182
168 189
168 190
169 196
169 174
169 201
169 187
170 196
170 202
171 197
171 199
171 203
171 189
171 182
171 191
172 183
172 176
172 184
174 196
174 187
176 184
177 199
177 203
177 190
179 201
180 195
182 188
183 192
183 198
183 191
186 193
187 196
189 203
189 197
189 192
189 191
190 203
190 199
190 197
191 192
191 198
196 200
196 202
197 203
197 199
198 202
198 200
199 203
200 202
200 204
