0 1
0 2
0 3
0 4
0 6
0 167
0 200
0 76
0 143
0 53
0 89
0 121
0 31
0 63
1 2
1 3
1 4
1 6
1 200
1 76
1 143
1 113
1 116
1 53
1 121
1 89
1 31
1 63
2 3
2 4
2 6
2 200
2 76
2 53
2 89
2 121
2 31
2 63
3 4
3 6
3 200
3 76
3 143
3 116
3 53
3 121
3 89
3 31
3 63
4 6
4 200
4 76
4 143
4 53
4 89
4 121
4 31
4 63
5 130
5 195
5 68
5 69
5 134
5 72
5 73
5 138
5 151
5 140
5 15
5 46
5 22
5 87
5 132
5 28
5 133
5 32
5 161
5 162
5 99
5 38
5 103
5 104
5 106
5 172
5 110
5 174
5 136
5 51
5 189
5 55
5 186
5 159
5 188
5 125
5 85
6 37
6 167
6 200
6 76
6 175
6 143
6 113
6 116
6 53
6 121
6 89
6 31
6 60
6 63
7 64
7 195
7 163
7 132
7 101
7 134
7 73
7 139
7 45
7 46
7 77
7 173
7 82
7 115
7 41
7 55
7 156
7 95
8 129
8 67
8 70
8 9
8 74
8 44
8 78
8 27
8 88
8 137
8 120
8 123
8 124
8 29
8 127
9 129
9 67
9 70
9 137
9 74
9 44
9 78
9 27
9 120
9 88
9 123
9 124
9 29
9 127
10 128
10 75
10 68
10 133
10 198
10 138
10 11
10 80
10 19
10 20
10 85
10 22
10 87
10 179
10 186
10 158
10 100
10 38
10 103
10 104
10 108
10 110
10 174
10 51
10 180
10 148
10 58
10 188
10 62
10 191
11 133
11 198
11 19
11 148
11 85
11 22
11 58
11 158
11 100
11 38
11 103
11 104
11 108
11 174
11 48
11 51
11 57
11 186
11 191
11 138
11 62
11 149
12 176
12 107
12 102
12 183
13 67
13 169
13 39
13 153
13 124
13 122
13 59
13 44
13 29
13 14
13 79
14 67
14 122
14 39
14 153
14 25
14 79
14 59
14 169
14 29
15 51
15 130
15 195
15 132
15 72
15 73
15 139
15 140
15 86
15 28
15 69
15 159
15 32
15 162
15 99
15 103
15 106
15 172
15 45
15 115
15 55
15 125
16 160
16 33
16 98
16 145
16 168
16 42
16 203
16 81
16 18
16 193
16 52
16 181
16 23
16 84
16 93
16 94
17 66
17 71
17 201
17 202
17 204
17 194
17 144
17 83
17 150
17 90
17 47
17 156
17 157
17 30
17 91
17 40
17 41
17 43
17 175
17 112
17 60
17 61
18 65
18 131
18 133
18 97
18 138
18 75
18 162
18 80
18 81
18 188
18 84
18 22
18 23
18 93
18 94
18 197
18 160
18 33
18 98
18 99
18 38
18 145
18 168
18 161
18 193
18 135
18 110
18 203
18 180
18 49
18 52
18 181
18 56
18 20
18 186
18 151
18 189
19 128
19 68
19 133
19 198
19 148
19 85
19 22
19 57
19 179
19 186
19 158
19 100
19 38
19 103
19 104
19 108
19 174
19 48
19 51
19 180
19 20
19 58
19 138
19 62
19 191
20 193
20 131
20 68
20 133
20 198
20 75
20 80
20 145
20 85
20 22
20 23
20 186
20 203
20 93
20 94
20 197
20 100
20 38
20 103
20 104
20 108
20 110
20 189
20 49
20 51
20 52
20 158
20 182
20 180
20 87
20 168
20 188
20 138
21 147
21 196
21 166
21 42
21 141
21 126
22 51
22 134
22 136
22 145
22 174
22 23
22 28
22 158
22 133
22 32
22 161
22 162
22 38
22 197
22 46
22 49
22 179
22 180
22 182
22 186
22 151
22 138
22 68
22 69
22 198
22 72
22 75
22 80
22 85
22 87
22 94
22 95
22 99
22 100
22 103
22 104
22 188
22 106
22 108
22 110
22 189
22 148
23 65
23 131
23 133
23 97
23 136
23 75
23 162
23 80
23 81
23 84
23 151
23 155
23 93
23 94
23 197
23 160
23 33
23 98
23 99
23 102
23 145
23 168
23 161
23 193
23 135
23 110
23 203
23 180
23 49
23 178
23 52
23 181
23 56
23 188
23 189
24 193
24 148
24 133
24 103
24 168
24 138
24 94
24 181
25 114
25 67
25 146
25 120
25 105
25 26
25 29
25 79
26 112
26 114
26 147
26 117
26 166
26 105
26 171
26 146
27 165
27 137
27 74
27 44
27 78
27 177
27 88
27 123
27 124
27 190
28 130
28 195
28 68
28 134
28 161
28 72
28 138
28 151
28 140
28 80
28 145
28 85
28 87
28 132
28 156
28 186
28 69
28 95
28 32
28 133
28 162
28 99
28 38
28 103
28 104
28 41
28 106
28 172
28 110
28 46
28 189
28 112
28 49
28 51
28 55
28 136
28 188
28 125
29 129
29 67
29 39
29 105
29 44
29 111
29 114
29 120
29 122
29 79
29 124
29 153
29 127
30 96
30 194
30 40
30 201
30 202
30 43
30 154
30 142
30 47
30 144
30 83
30 204
30 150
30 90
30 91
30 156
30 61
31 71
31 200
31 167
31 76
31 143
31 113
31 116
31 53
31 121
31 89
31 175
31 60
31 63
32 130
32 68
32 133
32 72
32 138
32 151
32 140
32 80
32 145
32 85
32 87
32 132
32 69
32 161
32 162
32 99
32 38
32 103
32 106
32 172
32 110
32 189
32 136
32 51
32 55
32 186
32 159
32 188
32 125
33 160
33 65
33 98
33 131
33 196
33 197
33 145
33 168
33 193
33 203
33 81
33 52
33 181
33 84
33 93
33 94
34 137
34 170
34 123
34 44
34 78
35 116
35 36
35 53
35 121
35 89
35 59
35 169
36 64
36 113
36 66
36 116
36 169
36 153
36 59
36 157
36 47
37 200
37 111
37 143
37 63
38 51
38 134
38 136
38 145
38 174
38 151
38 158
38 133
38 161
38 162
38 197
38 46
38 49
38 179
38 180
38 182
38 186
38 188
38 138
38 68
38 69
38 198
38 72
38 75
38 80
38 85
38 87
38 94
38 95
38 99
38 100
38 103
38 104
38 106
38 108
38 110
38 189
38 148
39 192
39 66
39 67
39 71
39 175
39 111
39 113
39 153
39 122
39 59
39 60
40 66
40 195
40 71
40 41
40 202
40 43
40 157
40 173
40 47
40 144
40 83
40 204
40 150
40 201
40 154
40 91
40 156
40 61
41 66
41 195
41 132
41 136
41 139
41 130
41 173
41 82
41 86
41 156
41 157
41 99
41 101
41 172
41 45
41 47
41 112
41 115
41 55
41 125
42 147
42 196
42 166
42 126
43 96
43 201
43 202
43 154
43 109
43 142
43 47
43 144
43 83
43 204
43 150
43 90
43 91
43 156
43 61
44 129
44 67
44 165
44 74
44 78
44 79
44 120
44 123
44 170
44 137
44 88
44 124
44 127
45 130
45 139
45 132
45 69
45 195
45 106
45 119
45 172
45 173
45 82
45 115
45 54
45 73
45 163
45 86
45 125
45 101
46 182
46 195
46 68
46 133
46 134
46 136
46 77
46 85
46 87
46 179
46 161
46 99
46 101
46 104
46 156
46 135
46 110
46 174
46 49
46 51
46 118
46 186
46 95
46 188
46 189
47 66
47 195
47 71
47 202
47 204
47 173
47 157
47 83
47 113
47 150
47 201
47 91
47 156
47 61
48 198
48 103
48 108
48 174
48 51
48 148
48 85
48 57
48 62
48 149
49 65
49 131
49 68
49 133
49 134
49 135
49 136
49 75
49 182
49 80
49 145
49 188
49 155
49 186
49 94
49 95
49 97
49 162
49 99
49 102
49 104
49 161
49 197
49 110
49 203
49 178
49 179
49 180
49 118
49 56
49 87
49 151
49 189
49 85
50 194
50 167
50 201
50 71
50 187
50 60
50 175
51 68
51 134
51 72
51 140
51 162
51 80
51 85
51 87
51 69
51 133
51 148
51 99
51 100
51 198
51 103
51 104
51 106
51 108
51 110
51 174
51 179
51 57
51 186
51 188
51 138
51 62
52 160
52 98
52 197
52 193
52 80
52 145
52 181
52 168
52 93
52 94
53 200
53 76
53 143
53 113
53 116
53 121
53 89
53 63
54 185
54 82
54 115
54 119
55 130
55 195
55 132
55 134
55 72
55 139
55 140
55 156
55 86
55 151
55 69
55 161
55 162
55 99
55 172
55 173
55 189
55 112
55 136
55 87
55 95
55 125
56 65
56 171
56 197
56 161
56 136
56 151
56 162
56 142
56 144
56 81
56 147
56 84
56 203
56 155
56 97
56 98
56 99
56 166
56 102
56 145
56 135
56 112
56 178
56 117
56 189
57 69
57 103
57 106
57 174
57 148
57 85
57 138
57 62
57 149
58 128
58 100
58 198
58 148
58 108
58 158
58 191
59 113
59 169
59 153
59 116
59 122
59 143
60 66
60 71
60 113
60 200
60 201
60 76
60 194
60 175
60 150
60 122
60 167
61 96
61 66
61 71
61 201
61 202
61 157
61 144
61 83
61 204
61 150
61 90
61 91
61 156
61 154
62 69
62 198
62 103
62 108
62 174
62 148
62 85
62 138
62 186
62 106
62 149
63 200
63 76
63 143
63 121
63 89
64 82
64 101
64 139
64 173
65 131
65 197
65 97
65 151
65 142
65 80
65 145
65 84
65 203
65 155
65 98
65 102
65 81
65 161
65 135
65 178
65 117
65 189
66 194
66 113
66 204
66 157
66 150
66 201
66 71
66 175
67 105
67 111
67 114
67 120
67 122
67 79
67 124
67 153
68 134
68 135
68 136
68 75
68 189
68 80
68 85
68 87
68 179
68 69
68 95
68 133
68 162
68 99
68 100
68 103
68 104
68 161
68 197
68 108
68 110
68 174
68 180
68 158
68 182
68 186
68 151
68 138
68 188
69 130
69 72
69 73
69 138
69 140
69 163
69 85
69 86
69 87
69 132
69 133
69 162
69 99
69 103
69 106
69 172
69 174
69 186
69 159
69 125
70 124
70 129
70 127
71 113
71 194
71 175
71 157
71 150
71 201
71 122
71 167
72 130
72 132
72 133
72 136
72 138
72 151
72 140
72 85
72 87
72 162
72 99
72 103
72 106
72 172
72 186
72 159
72 125
73 163
73 132
73 106
73 139
73 172
73 77
73 174
73 82
73 115
73 86
73 101
74 88
74 123
74 177
74 165
74 137
74 78
74 190
75 193
75 131
75 133
75 135
75 80
75 145
75 85
75 87
75 203
75 93
75 94
75 197
75 100
75 103
75 104
75 108
75 110
75 189
75 179
75 180
75 158
75 182
75 186
75 188
75 138
76 167
76 200
76 175
76 143
76 113
76 116
76 121
76 89
77 163
77 134
77 101
77 118
77 179
77 95
78 165
78 137
78 79
78 88
78 123
78 124
78 170
79 153
79 105
79 120
79 123
80 131
80 133
80 134
80 135
80 136
80 151
80 138
80 145
80 161
80 162
80 168
80 193
80 180
80 182
80 186
80 188
80 189
80 203
80 197
80 84
80 85
80 87
80 93
80 94
80 97
80 98
80 99
80 100
80 103
80 104
80 110
81 131
81 196
81 197
81 97
81 203
81 145
81 84
81 155
81 93
81 94
81 98
81 166
81 102
81 193
81 178
81 117
81 189
82 163
82 132
82 195
82 139
82 172
82 173
82 115
82 86
82 185
82 125
83 96
83 194
83 201
83 202
83 154
83 142
83 144
83 204
83 150
83 90
83 91
83 156
84 131
84 197
84 97
84 203
84 145
84 155
84 93
84 94
84 98
84 166
84 102
84 193
84 178
84 117
84 189
85 134
85 162
85 145
85 110
85 87
85 179
85 94
85 133
85 148
85 99
85 100
85 198
85 103
85 104
85 106
85 108
85 174
85 180
85 158
85 189
85 186
85 188
85 138
86 172
86 130
86 163
86 132
86 195
86 106
86 139
86 140
86 173
86 115
86 125
86 159
87 134
87 135
87 189
87 145
87 151
87 179
87 186
87 95
87 133
87 162
87 99
87 103
87 104
87 161
87 106
87 197
87 110
87 174
87 180
87 182
87 136
87 188
87 138
88 177
88 123
88 165
88 137
89 200
89 143
89 113
89 116
89 121
90 96
90 144
90 194
90 155
90 201
90 202
90 204
90 142
90 112
90 117
90 150
90 154
90 91
91 96
91 194
91 201
91 202
91 154
91 142
91 144
91 204
91 150
91 156
92 114
92 141
92 146
92 199
93 98
93 131
93 197
93 145
93 193
93 203
93 181
93 180
93 160
93 168
93 94
94 193
94 131
94 133
94 138
94 162
94 197
94 160
94 98
94 180
94 100
94 145
94 168
94 188
94 110
94 203
94 181
94 186
94 151
94 189
95 195
95 182
95 134
95 135
95 136
95 151
95 110
95 156
95 161
95 99
95 101
95 104
95 178
95 179
95 118
95 188
95 189
96 194
96 201
96 202
96 204
96 142
96 154
96 144
96 150
97 131
97 197
97 134
97 135
97 136
97 151
97 162
97 142
97 144
97 145
97 203
97 155
97 98
97 99
97 102
97 161
97 110
97 112
97 178
97 117
97 188
97 189
98 131
98 197
98 203
98 145
98 155
98 160
98 168
98 193
98 181
98 189
99 132
99 134
99 135
99 136
99 138
99 151
99 140
99 145
99 156
99 197
99 161
99 162
99 186
99 188
99 189
99 133
99 195
99 203
99 103
99 104
99 110
99 112
100 128
100 193
100 133
100 198
100 186
100 158
100 103
100 104
100 108
100 180
100 148
100 188
100 138
100 191
101 163
101 134
101 139
101 173
101 195
101 156
102 131
102 197
102 161
102 203
102 142
102 155
102 135
102 107
102 176
102 178
102 117
102 182
102 183
102 189
103 198
103 140
103 162
103 145
103 179
103 133
103 148
103 104
103 188
103 106
103 108
103 110
103 174
103 136
103 180
103 189
103 186
103 151
103 138
104 134
104 189
104 179
104 158
104 133
104 198
104 108
104 110
104 174
104 180
104 182
104 148
104 186
104 188
104 138
105 114
105 146
105 120
105 111
106 130
106 132
106 138
106 140
106 163
106 172
106 174
106 186
106 159
106 125
107 176
107 178
107 131
107 135
107 183
108 128
108 133
108 198
108 148
108 179
108 186
108 158
108 174
108 180
108 188
108 138
108 191
109 154
109 183
109 135
110 193
110 203
110 134
110 135
110 136
110 145
110 188
110 179
110 186
110 162
110 161
110 197
110 189
110 180
110 182
110 151
110 138
110 133
111 192
111 120
111 122
112 162
112 195
112 161
112 136
112 171
112 151
112 142
112 189
112 144
112 156
112 147
112 117
113 200
113 143
113 150
113 175
113 157
113 169
113 167
113 116
113 121
113 122
114 146
114 120
114 199
115 130
115 163
115 132
115 139
115 172
115 173
115 195
115 119
115 185
115 125
116 200
116 143
116 121
116 157
117 203
117 196
117 166
117 144
117 171
117 142
117 178
117 147
117 155
118 179
118 182
118 134
120 129
120 124
120 127
121 200
121 143
122 192
122 175
122 153
123 165
123 137
123 124
123 170
124 129
124 127
125 172
125 130
125 195
125 132
125 139
125 140
125 159
126 196
126 166
126 141
127 129
128 198
128 180
128 158
128 191
130 172
130 162
130 132
130 140
130 159
131 203
131 197
131 155
131 135
131 145
131 178
131 180
131 189
132 195
132 139
132 140
132 173
132 163
132 162
132 172
132 136
132 159
133 134
133 136
133 145
133 174
133 158
133 197
133 161
133 162
133 179
133 180
133 182
133 186
133 151
133 138
133 193
133 198
133 188
133 189
133 148
134 182
134 195
134 136
134 151
134 161
134 179
134 162
134 156
134 135
134 186
134 188
134 189
135 197
135 161
135 136
135 142
135 203
135 155
135 156
135 188
135 178
135 182
135 183
135 151
135 189
136 195
136 161
136 145
136 156
136 188
136 162
136 203
136 186
136 151
136 189
137 165
137 177
137 170
137 190
138 193
138 198
138 140
138 162
138 145
138 148
138 188
138 174
138 180
138 186
138 151
138 189
139 163
139 195
139 172
139 173
139 156
140 172
140 151
140 162
140 159
141 146
141 199
142 155
142 161
142 144
142 178
142 202
142 176
142 154
143 200
144 194
144 201
144 202
144 204
144 150
144 176
144 154
144 155
144 156
145 162
145 188
145 160
145 186
145 197
145 168
145 161
145 193
145 203
145 180
145 181
145 151
145 189
146 147
146 171
146 199
147 196
147 166
147 171
148 198
148 174
148 186
148 191
149 184
150 201
150 202
150 204
150 194
150 154
150 157
150 175
151 195
151 161
151 186
151 162
151 156
151 197
151 203
151 188
151 189
153 169
154 176
154 155
154 201
154 202
154 204
154 178
154 183
154 156
155 197
155 161
155 203
155 176
155 178
155 189
156 195
156 202
156 204
156 157
156 161
156 173
157 204
157 173
157 169
157 201
157 175
158 198
158 179
158 180
158 186
158 191
159 172
160 197
160 193
160 168
160 181
161 195
161 188
161 162
161 197
161 203
161 178
161 182
161 186
161 189
162 193
162 203
162 186
162 197
162 188
162 189
163 195
163 172
163 173
165 177
165 190
166 196
166 171
167 200
167 175
167 194
168 197
168 193
168 181
171 196
171 187
172 195
173 195
174 179
174 186
175 200
175 201
175 194
176 178
176 183
178 197
178 203
178 182
178 183
178 189
179 182
179 180
179 186
179 188
180 193
180 198
180 197
180 189
180 186
180 182
180 188
181 193
181 203
182 197
182 186
182 188
182 189
186 197
186 188
186 198
186 189
188 193
188 203
188 197
188 189
189 193
189 203
189 197
191 198
193 203
193 197
194 201
194 202
197 203
201 202
201 204
202 204
