0 1
0 2
0 3
0 4
0 5
0 6
0 135
0 8
0 9
0 10
0 11
0 12
0 194
0 143
0 115
0 18
0 151
0 88
0 196
0 91
0 93
0 95
0 32
0 33
0 34
0 99
0 36
0 38
0 49
0 50
0 51
0 117
0 74
0 133
1 129
1 2
1 3
1 4
1 5
1 6
1 135
1 8
1 9
1 10
1 11
1 12
1 194
1 143
1 16
1 115
1 18
1 19
1 21
1 151
1 88
1 196
1 27
1 93
1 95
1 32
1 33
1 34
1 91
1 36
1 70
1 38
1 99
1 49
1 50
1 51
1 117
1 74
1 133
2 3
2 4
2 5
2 6
2 129
2 8
2 9
2 10
2 11
2 12
2 13
2 14
2 15
2 16
2 18
2 147
2 21
2 23
2 24
2 26
2 27
2 133
2 32
2 33
2 34
2 36
2 38
2 40
2 135
2 48
2 49
2 50
2 51
2 181
2 151
2 62
2 194
2 196
2 74
2 88
2 91
2 93
2 94
2 95
2 99
2 115
2 117
2 127
3 4
3 5
3 6
3 129
3 8
3 9
3 10
3 11
3 12
3 13
3 14
3 143
3 16
3 18
3 147
3 21
3 23
3 24
3 26
3 27
3 29
3 133
3 32
3 33
3 34
3 36
3 134
3 38
3 40
3 135
3 48
3 49
3 50
3 51
3 181
3 151
3 62
3 194
3 196
3 74
3 88
3 91
3 93
3 94
3 95
3 99
3 115
3 117
4 196
4 5
4 6
4 135
4 8
4 9
4 10
4 13
4 15
4 115
4 18
4 99
4 151
4 91
4 94
4 95
4 32
4 33
4 27
4 133
4 194
4 112
4 49
4 50
4 51
4 127
5 133
5 6
5 129
5 8
5 9
5 10
5 11
5 12
5 13
5 14
5 16
5 18
5 147
5 21
5 151
5 24
5 27
5 32
5 33
5 36
5 134
5 38
5 40
5 135
5 48
5 49
5 50
5 51
5 181
5 194
5 196
5 70
5 74
5 88
5 91
5 93
5 94
5 95
5 99
5 115
5 117
6 8
6 9
6 10
6 12
6 194
6 115
6 18
6 151
6 133
6 32
6 33
6 99
6 36
6 49
6 50
6 51
7 176
7 168
7 100
7 165
7 177
7 56
7 116
7 90
7 172
7 29
7 46
8 129
8 9
8 10
8 11
8 12
8 13
8 14
8 143
8 16
8 18
8 147
8 21
8 23
8 24
8 26
8 27
8 29
8 133
8 32
8 33
8 34
8 36
8 134
8 38
8 40
8 135
8 48
8 49
8 50
8 51
8 181
8 151
8 62
8 194
8 196
8 74
8 88
8 91
8 93
8 94
8 95
8 99
8 115
8 117
9 129
9 10
9 11
9 12
9 13
9 14
9 143
9 16
9 18
9 19
9 21
9 23
9 24
9 27
9 29
9 133
9 32
9 33
9 34
9 36
9 134
9 38
9 135
9 48
9 49
9 50
9 51
9 181
9 151
9 202
9 194
9 196
9 70
9 74
9 88
9 91
9 93
9 95
9 99
9 113
9 115
9 117
10 135
10 12
10 13
10 14
10 15
10 115
10 88
10 18
10 99
10 21
10 151
10 24
10 196
10 27
10 181
10 93
10 94
10 95
10 32
10 33
10 91
10 36
10 38
10 40
10 194
10 147
10 48
10 49
10 50
10 51
10 117
10 133
10 62
10 127
11 196
11 70
11 129
11 74
11 12
11 194
11 143
11 16
11 19
11 21
11 23
11 88
11 181
11 29
11 133
11 32
11 33
11 34
11 99
11 36
11 134
11 38
11 177
11 42
11 46
11 93
11 113
11 51
11 116
11 53
11 195
11 202
11 117
12 129
12 14
12 143
12 16
12 18
12 19
12 21
12 23
12 24
12 196
12 27
12 29
12 133
12 32
12 33
12 34
12 36
12 134
12 38
12 42
12 48
12 49
12 51
12 181
12 151
12 202
12 194
12 68
12 70
12 74
12 88
12 91
12 93
12 99
12 113
12 115
12 117
13 134
13 135
13 23
13 14
13 16
13 18
13 147
13 149
13 151
13 24
13 26
13 27
13 133
13 33
13 167
13 40
13 42
13 44
13 48
13 49
13 50
13 181
13 186
13 61
13 62
13 194
13 196
13 200
13 79
13 88
13 91
13 94
13 95
13 99
13 103
13 39
13 111
13 115
13 117
13 127
13 21
14 129
14 134
14 139
14 16
14 18
14 147
14 21
14 23
14 24
14 196
14 26
14 27
14 29
14 133
14 33
14 167
14 40
14 42
14 48
14 49
14 50
14 181
14 186
14 151
14 61
14 62
14 194
14 68
14 200
14 79
14 88
14 91
14 99
14 103
14 111
14 115
14 117
14 149
15 39
15 135
15 194
15 112
15 49
15 178
15 115
15 30
15 199
15 154
15 95
15 186
15 94
15 127
16 143
16 19
16 149
16 23
16 26
16 27
16 156
16 29
16 133
16 33
16 34
16 36
16 38
16 42
16 43
16 48
16 53
16 59
16 202
16 190
16 117
16 194
16 195
16 196
16 74
16 203
16 84
16 86
16 88
16 91
16 93
16 99
16 113
16 62
16 21
17 161
17 92
17 204
18 129
18 147
18 21
18 151
18 24
18 196
18 26
18 27
18 29
18 133
18 32
18 33
18 36
18 134
18 40
18 47
18 48
18 49
18 50
18 51
18 181
18 186
18 61
18 62
18 194
18 68
18 70
18 200
18 91
18 94
18 99
18 103
18 111
18 115
18 117
19 34
19 99
19 36
19 38
19 33
19 74
19 46
19 143
19 113
19 195
19 116
19 53
19 86
19 202
19 29
20 105
20 146
20 164
21 135
21 143
21 149
21 23
21 26
21 27
21 156
21 33
21 34
21 36
21 38
21 40
21 42
21 44
21 48
21 49
21 184
21 59
21 151
21 202
21 62
21 63
21 64
21 66
21 196
21 194
21 74
21 190
21 84
21 88
21 91
21 93
21 95
21 99
21 113
21 117
22 152
22 188
22 110
22 78
22 197
23 149
23 196
23 69
23 74
23 190
23 99
23 84
23 86
23 151
23 88
23 26
23 27
23 29
23 33
23 34
23 91
23 36
23 38
23 40
23 194
23 42
23 43
23 203
23 142
23 93
23 48
23 113
23 53
23 59
23 195
23 202
23 62
23 117
24 129
24 68
24 70
24 111
24 99
24 139
24 147
24 151
24 196
24 27
24 29
24 133
24 32
24 33
24 91
24 36
24 134
24 165
24 194
24 172
24 47
24 48
24 50
24 51
24 204
24 117
24 61
24 62
24 181
25 131
25 57
25 41
25 183
25 45
25 175
26 64
26 149
26 196
26 74
26 151
26 190
26 66
26 147
26 84
26 203
26 88
26 27
26 93
26 33
26 91
26 40
26 194
26 42
26 43
26 44
26 142
26 48
26 117
26 59
26 62
26 63
27 134
27 129
27 151
27 147
27 196
27 29
27 133
27 33
27 167
27 40
27 42
27 135
27 48
27 49
27 50
27 181
27 186
27 61
27 62
27 194
27 68
27 200
27 74
27 79
27 88
27 91
27 94
27 99
27 103
27 111
27 115
27 117
27 149
28 178
28 124
28 37
29 129
29 133
29 134
29 196
29 32
29 33
29 36
29 165
29 38
29 168
29 42
29 43
29 172
29 46
29 48
29 177
29 181
29 151
29 62
29 53
29 194
29 139
29 68
29 70
29 74
29 203
29 80
29 91
29 99
29 195
29 111
29 147
29 116
29 117
30 98
30 39
30 41
30 162
30 112
30 150
30 73
30 89
30 154
30 186
30 94
30 127
31 64
31 65
31 66
31 118
31 54
31 145
31 184
31 44
31 60
31 190
31 63
32 129
32 194
32 143
32 115
32 151
32 196
32 133
32 33
32 34
32 99
32 36
32 70
32 38
32 49
32 50
32 51
32 117
32 134
32 181
33 129
33 143
33 196
33 133
33 34
33 36
33 134
33 38
33 40
33 42
33 135
33 48
33 49
33 50
33 51
33 181
33 151
33 62
33 194
33 68
33 70
33 74
33 147
33 88
33 91
33 93
33 95
33 99
33 115
33 117
34 196
34 135
34 74
34 194
34 143
34 88
34 156
34 93
34 95
34 99
34 36
34 38
34 170
34 113
34 53
34 184
34 59
34 202
34 190
34 117
35 176
35 58
35 155
35 180
35 106
36 196
36 129
36 194
36 143
36 88
36 115
36 91
36 133
36 99
36 70
36 38
36 113
36 93
36 48
36 49
36 51
36 117
36 202
36 151
36 74
36 134
36 181
37 124
37 178
37 159
38 196
38 135
38 194
38 143
38 88
38 133
38 99
38 42
38 93
38 113
38 53
38 202
38 59
38 74
38 117
39 162
39 103
39 40
39 73
39 167
39 79
39 112
39 200
39 150
39 41
39 154
39 186
39 94
39 127
40 149
40 181
40 196
40 151
40 79
40 147
40 150
40 167
40 94
40 91
40 194
40 103
40 44
40 48
40 49
40 50
40 117
40 186
40 127
40 200
40 61
40 62
40 63
41 65
41 98
41 73
41 183
41 44
41 45
41 175
41 150
41 57
41 63
42 149
42 129
42 139
42 68
42 69
42 134
42 74
42 147
42 84
42 86
42 196
42 181
42 91
42 177
42 80
42 43
42 203
42 195
42 142
42 111
42 48
42 168
42 116
42 53
42 59
42 151
42 61
42 62
42 117
43 195
43 69
43 139
43 140
43 142
43 80
43 84
43 149
43 86
43 153
43 157
43 107
43 203
43 177
43 116
43 53
43 59
43 62
43 117
44 64
44 65
44 66
44 196
44 98
44 149
44 175
44 150
44 183
44 88
44 57
44 190
44 63
45 65
45 98
45 57
45 150
45 73
45 183
45 175
46 176
46 195
46 100
46 168
46 80
46 177
46 116
46 53
46 86
46 90
46 123
47 129
47 68
47 133
47 70
47 172
47 108
47 50
47 77
47 111
47 204
47 181
47 151
47 134
47 165
48 129
48 134
48 139
48 147
48 196
48 133
48 167
48 49
48 50
48 181
48 186
48 151
48 61
48 62
48 194
48 68
48 70
48 200
48 79
48 91
48 99
48 103
48 111
48 117
48 149
49 135
49 115
49 99
49 151
49 88
49 196
49 93
49 94
49 95
49 91
49 133
49 194
49 50
49 51
49 117
49 127
50 129
50 111
50 204
50 115
50 99
50 147
50 151
50 68
50 94
50 133
50 91
50 70
50 194
50 196
50 51
50 117
50 134
50 186
50 62
50 181
51 194
51 151
51 133
51 99
51 70
51 115
52 98
52 199
52 124
52 178
52 63
53 195
53 69
53 74
53 143
53 80
53 84
53 86
53 113
53 203
53 177
53 116
53 59
53 188
53 202
54 64
54 65
54 66
54 187
54 118
54 145
54 122
54 175
54 60
54 183
55 161
55 83
55 92
55 201
56 129
56 68
56 134
56 70
56 168
56 172
56 77
56 165
57 65
57 98
57 150
57 73
57 183
57 175
58 80
58 176
58 100
58 155
58 180
58 90
58 123
58 106
59 64
59 66
59 196
59 69
59 74
59 78
59 84
59 149
59 88
59 202
59 156
59 93
59 170
59 113
59 184
59 188
59 190
60 64
60 66
60 118
60 122
60 187
60 110
61 67
61 68
61 134
61 200
61 201
61 139
61 204
61 79
61 147
61 151
61 91
61 165
61 103
61 167
61 111
61 83
61 117
61 186
61 62
61 181
62 129
62 68
62 133
62 134
62 194
62 139
62 79
62 147
62 203
62 196
62 181
62 91
62 103
62 167
62 142
62 111
62 200
62 117
62 186
62 151
62 149
63 64
63 65
63 66
63 196
63 135
63 145
63 88
63 93
63 94
63 95
63 98
63 199
63 178
63 183
63 124
63 127
64 149
64 65
64 66
64 118
64 156
64 145
64 184
64 190
65 66
65 118
65 175
65 98
65 145
65 183
65 150
66 118
66 149
66 156
66 145
66 184
66 190
67 96
67 97
67 130
67 101
67 103
67 200
67 201
67 167
67 162
67 79
67 81
67 83
67 148
67 87
68 129
68 133
68 70
68 139
68 147
68 151
68 91
68 165
68 134
68 168
68 172
68 111
68 177
68 204
68 117
68 181
69 107
69 142
69 203
69 195
69 84
69 86
69 153
69 188
69 190
69 149
70 172
70 194
70 134
70 129
70 77
70 147
70 151
70 111
70 133
70 99
70 165
70 168
70 108
70 177
70 204
70 117
70 181
71 121
71 173
71 198
72 136
72 191
72 119
73 162
73 103
73 79
73 183
73 186
73 150
73 121
73 154
73 167
74 196
74 149
74 135
74 202
74 194
74 143
74 84
74 88
74 156
74 95
74 91
74 93
74 99
74 113
74 184
74 170
74 190
74 117
75 96
75 97
75 130
75 132
75 101
75 102
75 137
75 138
75 76
75 109
75 81
75 148
75 87
75 169
75 158
75 166
76 96
76 192
76 166
76 169
76 171
76 109
76 182
76 87
76 137
76 185
76 189
76 158
77 172
77 108
78 184
78 190
78 152
78 188
78 156
78 110
78 197
79 200
79 83
79 148
79 150
79 103
79 97
79 162
79 91
79 101
79 167
79 201
79 186
80 139
80 100
80 155
80 195
80 142
80 168
80 106
80 203
80 176
80 177
80 84
80 86
80 116
80 90
80 123
81 96
81 97
81 130
81 132
81 101
81 102
81 137
81 138
81 109
81 83
81 148
81 87
81 158
81 166
82 128
82 132
82 92
83 96
83 97
83 130
83 101
83 103
83 200
83 201
83 87
83 162
83 167
83 148
84 149
84 107
84 142
84 203
84 195
84 116
84 86
84 153
84 188
84 190
85 122
85 187
86 195
86 142
86 177
86 113
86 203
86 116
86 188
87 96
87 97
87 130
87 101
87 166
87 137
87 109
87 140
87 148
87 185
87 157
87 158
88 196
88 135
88 143
88 99
88 202
88 156
88 93
88 95
88 91
88 113
88 194
88 170
88 115
88 117
88 184
88 190
89 154
90 176
90 123
90 100
90 168
90 106
90 177
90 195
90 116
90 155
91 134
91 129
91 151
91 147
91 196
91 149
91 133
91 167
91 135
91 181
91 186
91 194
91 200
91 93
91 94
91 95
91 99
91 103
91 111
91 115
91 117
91 127
92 128
92 161
93 196
93 135
93 194
93 143
93 202
93 156
93 95
93 99
93 113
93 170
93 115
93 184
93 190
94 135
94 196
94 154
94 95
94 194
94 199
94 178
94 112
94 115
94 186
94 127
95 135
95 196
95 99
95 194
95 199
95 178
95 115
95 127
95 124
96 97
96 130
96 132
96 166
96 102
96 137
96 138
96 109
96 148
96 169
96 158
97 160
97 130
97 132
97 101
97 167
97 109
97 148
97 158
98 199
98 178
98 150
98 183
98 154
98 127
99 129
99 143
99 133
99 134
99 135
99 181
99 151
99 202
99 194
99 196
99 115
99 117
100 176
100 123
100 168
100 177
100 195
100 116
100 155
101 130
101 166
101 167
101 137
101 140
101 109
101 148
101 185
101 157
102 130
102 163
102 132
102 138
102 158
103 200
103 148
103 150
103 151
103 162
103 167
103 147
103 201
103 186
103 127
104 114
105 164
105 146
106 176
106 180
106 182
106 155
107 203
107 153
107 140
107 157
107 142
107 149
108 172
109 130
109 166
109 193
109 137
109 192
109 185
109 189
109 158
110 197
110 119
111 129
111 133
111 200
111 139
111 204
111 147
111 151
111 165
111 134
111 168
111 172
111 177
111 117
111 181
112 154
112 127
112 186
113 143
113 156
113 170
113 184
113 188
113 202
114 131
115 135
115 151
115 196
115 133
115 194
115 127
116 176
116 195
116 168
116 203
116 177
116 123
117 134
117 129
117 147
117 196
117 133
117 177
117 181
117 151
117 194
117 139
117 203
117 195
117 149
118 145
119 191
120 173
121 160
121 162
121 198
122 187
123 176
123 155
124 145
124 178
124 135
124 159
124 199
125 153
126 141
127 135
127 194
127 199
127 154
127 186
128 132
129 194
129 139
129 196
129 151
129 133
129 134
129 165
129 168
129 172
129 177
129 147
129 181
130 132
130 137
130 138
130 148
130 158
130 166
132 163
132 148
132 138
132 158
133 147
133 151
133 194
133 196
133 134
133 181
134 194
134 139
134 196
134 151
134 165
134 168
134 172
134 177
134 147
134 181
135 199
135 196
135 194
135 178
136 191
137 192
137 166
137 169
137 185
137 189
137 158
138 163
138 160
139 195
139 203
139 147
139 142
139 151
139 165
139 168
139 177
139 185
139 181
140 193
140 185
140 203
140 153
140 171
140 157
140 142
142 177
142 203
142 195
142 149
142 153
142 157
143 202
145 170
145 184
145 159
145 156
145 190
146 160
146 164
147 204
147 149
147 151
147 196
147 165
147 194
147 167
147 200
147 181
148 200
148 201
148 162
148 167
149 196
149 203
149 190
150 162
150 183
150 186
150 175
150 167
151 196
151 181
151 186
151 194
151 200
152 197
153 203
153 157
154 186
155 176
156 184
156 170
156 202
156 188
156 190
157 193
157 185
157 203
157 171
158 166
158 169
158 189
158 185
159 170
161 204
162 200
162 201
162 186
162 167
165 168
165 172
165 177
165 204
165 181
166 192
166 169
166 185
166 189
167 200
167 201
167 186
168 195
168 172
168 177
168 181
168 176
169 185
170 202
170 184
170 188
170 190
171 192
171 193
171 179
171 182
171 189
172 204
172 181
175 187
175 183
176 195
176 177
176 180
177 195
177 181
177 203
178 199
179 192
179 182
180 182
181 196
181 194
181 204
182 185
184 188
184 202
184 190
186 200
186 201
188 202
188 190
189 192
192 193
194 196
195 203
200 201
