0 1
0 2
0 3
0 4
1 2
1 3
2 3
2 4
3 4
4 28
4 5
5 65
5 194
5 182
5 7
5 8
5 9
5 11
5 13
5 15
5 141
5 156
5 87
5 25
5 26
5 92
5 31
5 97
5 38
5 40
5 28
5 44
5 114
5 176
5 108
5 50
5 172
5 118
5 168
5 151
5 62
5 63
6 65
6 114
6 103
6 40
6 172
6 151
6 92
6 125
6 199
7 65
7 182
7 8
7 9
7 151
7 13
7 194
7 15
7 141
7 87
7 152
7 25
7 26
7 92
7 31
7 97
7 40
7 28
7 44
7 50
7 176
7 108
7 114
7 172
7 118
7 168
7 189
7 62
7 63
8 176
8 182
8 31
8 151
8 44
8 45
8 13
8 141
8 114
8 118
8 87
8 191
8 25
8 27
8 28
8 189
8 62
8 63
9 194
9 11
9 28
9 15
9 16
9 81
9 87
9 92
9 31
9 49
9 40
9 156
9 172
9 50
9 176
9 168
9 114
9 182
9 121
9 189
10 97
10 66
10 38
10 129
10 108
10 13
10 46
10 173
10 20
10 26
10 61
10 62
10 63
11 65
11 194
11 40
11 172
11 28
11 15
11 16
11 168
11 50
11 121
11 156
11 92
11 31
12 96
12 67
12 129
12 204
12 13
12 19
12 84
12 23
12 155
12 157
12 32
12 97
12 27
12 166
12 39
12 63
12 193
12 108
12 173
12 110
12 179
12 180
12 118
12 123
12 62
12 127
13 129
13 66
13 67
13 108
13 151
13 141
13 20
13 87
13 152
13 25
13 26
13 155
13 28
13 158
13 31
13 97
13 37
13 38
13 103
13 40
13 44
13 173
13 176
13 114
13 118
13 182
13 120
13 123
13 61
13 62
13 63
14 198
14 99
14 36
14 101
14 134
14 135
14 200
14 42
14 107
14 142
14 174
14 85
14 74
14 159
15 194
15 28
15 16
15 81
15 87
15 92
15 31
15 40
15 156
15 172
15 50
15 125
15 176
15 49
15 114
15 182
15 121
15 189
15 191
16 50
16 172
16 121
16 40
16 92
16 194
16 156
17 64
17 192
17 199
17 136
17 201
17 138
17 203
17 76
17 80
17 24
17 147
17 149
17 86
17 152
17 120
17 155
17 29
17 30
17 33
17 100
17 41
17 48
17 177
17 51
17 158
17 56
17 58
17 124
18 192
18 132
18 43
18 68
18 70
18 199
18 72
18 137
18 74
18 139
18 140
18 98
18 81
18 22
18 153
18 88
18 25
18 161
18 34
18 163
18 145
18 170
18 107
18 44
18 111
18 49
18 52
18 189
18 185
18 59
18 125
18 191
19 96
19 193
19 27
19 166
19 39
19 204
19 119
19 173
19 110
19 180
19 23
19 184
19 186
19 123
19 62
20 97
20 66
20 37
20 38
20 129
20 168
20 108
20 46
20 173
20 26
20 61
20 62
20 63
21 129
21 196
21 46
21 193
21 173
21 110
21 157
22 43
22 68
22 70
22 72
22 137
22 140
22 98
22 81
22 185
22 88
22 161
22 34
22 163
22 145
22 107
22 111
22 49
22 52
22 189
22 57
22 59
22 125
22 191
23 96
23 193
23 27
23 166
23 39
23 204
23 173
23 110
23 180
23 119
23 184
23 186
23 123
23 62
24 64
24 192
24 69
24 136
24 201
24 138
24 203
24 76
24 80
24 147
24 149
24 86
24 152
24 120
24 29
24 30
24 197
24 33
24 100
24 41
24 48
24 51
24 158
24 56
24 58
24 124
25 64
25 65
25 182
25 68
25 172
25 151
25 140
25 141
25 149
25 87
25 152
25 132
25 26
25 155
25 92
25 158
25 31
25 103
25 40
25 28
25 199
25 44
25 111
25 176
25 114
25 118
25 120
25 189
25 63
26 65
26 66
26 108
26 151
26 141
26 87
26 152
26 155
26 28
26 158
26 31
26 97
26 37
26 38
26 103
26 40
26 44
26 173
26 129
26 176
26 168
26 114
26 118
26 182
26 61
26 62
26 63
27 96
27 193
27 166
27 39
27 45
27 110
27 173
27 180
27 118
27 119
27 184
27 123
27 62
28 65
28 182
28 194
28 141
28 87
28 92
28 31
28 97
28 38
28 40
28 156
28 44
28 114
28 176
28 108
28 50
28 172
28 118
28 168
28 151
28 62
28 63
29 64
29 192
29 69
29 136
29 201
29 138
29 203
29 76
29 147
29 149
29 152
29 120
29 86
29 30
29 197
29 33
29 100
29 41
29 48
29 51
29 158
29 56
29 58
29 124
30 64
30 128
30 197
30 51
30 136
30 201
30 138
30 203
30 76
30 80
30 147
30 158
30 33
30 100
30 47
30 48
30 177
30 115
30 183
30 56
30 124
31 65
31 194
31 141
31 156
31 87
31 152
31 92
31 182
31 97
31 103
31 40
31 44
31 114
31 176
31 108
31 50
31 172
31 118
31 168
31 151
31 189
31 62
31 63
32 64
32 67
32 204
32 202
32 75
32 131
32 84
32 86
32 186
32 90
32 155
32 93
32 96
32 188
32 102
32 167
32 41
32 106
32 180
32 119
32 120
32 58
32 123
32 60
32 127
33 147
33 100
33 150
33 136
33 138
33 76
33 175
33 48
33 115
33 56
33 124
33 126
33 197
34 107
34 68
34 70
34 72
34 73
34 140
34 145
34 163
34 185
34 88
34 153
34 91
34 161
34 98
34 35
34 198
34 43
34 111
34 52
34 137
34 57
34 59
35 181
35 162
35 198
35 70
35 71
35 72
35 73
35 42
35 107
35 98
35 174
35 82
35 52
35 53
35 105
35 57
35 130
35 117
36 139
36 142
36 101
36 134
36 135
36 200
36 42
36 107
36 45
36 174
36 85
36 170
36 184
36 59
36 166
36 74
36 159
37 65
37 66
37 38
37 97
37 129
37 108
37 103
37 76
37 47
37 114
37 150
37 152
37 155
37 158
37 63
38 97
38 66
38 129
38 168
38 108
38 46
38 157
38 173
38 63
38 61
38 62
39 96
39 193
39 166
39 204
39 119
39 173
39 110
39 180
39 184
39 186
39 123
39 62
40 65
40 194
40 68
40 140
40 81
40 156
40 141
40 87
40 152
40 92
40 158
40 103
40 199
40 44
40 114
40 111
40 176
40 189
40 50
40 172
40 182
40 151
40 125
41 64
41 192
41 69
41 138
41 76
41 84
41 149
41 86
41 100
41 175
41 93
41 158
41 164
41 167
41 188
41 48
41 51
41 120
41 58
41 124
42 198
42 131
42 134
42 135
42 200
42 74
42 139
42 142
42 153
42 159
42 99
42 101
42 105
42 170
42 107
42 174
42 117
42 184
42 59
42 85
43 161
43 163
43 68
43 70
43 145
43 72
43 137
43 107
43 140
43 98
43 111
43 81
43 52
43 185
43 88
43 57
43 59
43 191
44 182
44 132
44 139
44 140
44 141
44 149
44 87
44 152
44 158
44 111
44 176
44 114
44 118
44 185
44 191
44 151
44 189
44 62
44 63
45 139
45 101
45 166
45 135
45 74
45 107
45 142
45 59
45 85
45 184
45 170
45 159
46 129
46 66
46 193
46 196
46 61
46 110
46 173
47 100
47 103
47 136
47 138
47 76
47 158
47 48
47 179
47 150
47 56
47 155
47 124
47 126
48 64
48 150
48 136
48 201
48 138
48 203
48 76
48 147
48 149
48 86
48 120
48 152
48 155
48 197
48 100
48 51
48 158
48 56
48 58
48 124
48 126
49 161
49 163
49 68
49 145
49 140
49 50
49 81
49 185
49 189
49 125
49 191
50 65
50 194
50 172
50 168
50 114
50 92
50 87
50 121
50 156
51 64
51 192
51 132
51 69
51 199
51 136
51 201
51 138
51 203
51 76
51 147
51 149
51 86
51 152
51 155
51 100
51 111
51 158
51 120
51 58
51 124
52 192
52 107
52 68
52 69
52 70
52 72
52 137
52 74
52 140
52 98
52 82
52 163
52 153
52 88
52 132
52 91
52 198
52 170
52 174
52 111
52 57
52 59
53 130
53 117
53 71
53 105
53 162
53 181
54 122
54 146
54 143
55 160
55 195
55 148
55 202
55 106
55 75
55 60
55 154
56 147
56 100
56 197
56 136
56 138
56 76
56 115
56 126
56 150
56 124
57 198
57 70
57 72
57 73
57 98
57 82
57 88
58 64
58 67
58 150
58 204
58 138
58 75
58 76
58 175
58 60
58 179
58 188
58 84
58 149
58 86
58 152
58 155
58 93
58 158
58 100
58 195
58 167
58 106
58 154
58 157
58 120
58 123
58 124
58 202
58 126
58 127
59 198
59 68
59 70
59 135
59 72
59 137
59 74
59 139
59 140
59 98
59 145
59 85
59 153
59 88
59 89
59 101
59 161
59 134
59 107
59 174
59 200
59 185
59 159
59 170
59 191
60 160
60 67
60 167
60 106
60 75
60 93
60 195
60 84
60 202
60 154
60 175
60 126
60 127
61 97
61 66
61 129
61 108
61 173
61 157
61 62
61 63
62 129
62 182
62 108
62 141
62 87
62 97
62 155
62 166
62 173
62 110
62 176
62 118
62 123
62 63
63 129
63 66
63 108
63 151
63 141
63 87
63 155
63 97
63 168
63 173
63 176
63 114
63 118
63 182
64 192
64 67
64 132
64 69
64 137
64 138
64 203
64 76
64 152
64 131
64 84
64 149
64 86
64 151
64 90
64 155
64 188
64 100
64 170
64 111
64 158
64 118
64 201
64 120
64 124
64 153
65 194
65 141
65 151
65 156
65 103
65 92
65 172
65 168
65 114
65 182
65 121
65 87
66 97
66 129
66 168
66 108
66 157
66 173
67 96
67 131
67 204
67 202
67 84
67 149
67 86
67 186
67 152
67 90
67 155
67 157
67 158
67 166
67 167
67 188
67 108
67 173
67 179
67 180
67 118
67 119
67 120
67 123
67 127
68 70
68 199
68 72
68 137
68 140
68 98
68 81
68 151
68 88
68 161
68 163
68 145
68 111
68 189
68 185
68 125
68 191
69 192
69 132
69 203
69 109
69 111
69 149
69 86
69 137
69 120
69 153
69 201
70 107
70 198
70 72
70 137
70 74
70 139
70 140
70 98
70 145
70 163
70 85
70 153
70 88
70 132
70 185
70 161
70 101
70 170
70 174
70 111
71 181
71 82
71 198
71 162
71 105
71 130
71 117
72 198
72 107
72 135
72 137
72 74
72 140
72 98
72 145
72 82
72 85
72 153
72 88
72 89
72 185
72 95
72 161
72 134
72 174
73 98
73 82
73 181
74 198
74 131
74 132
74 135
74 137
74 139
74 85
74 88
74 153
74 90
74 159
74 96
74 98
74 101
74 166
74 107
74 174
74 142
74 111
74 200
74 184
74 170
74 134
75 160
75 195
75 167
75 106
75 93
75 84
75 202
75 154
75 175
75 127
76 150
76 136
76 201
76 138
76 203
76 147
76 149
76 86
76 120
76 152
76 155
76 100
76 158
76 124
76 126
77 113
77 116
77 165
78 80
78 128
78 83
78 183
78 171
78 190
79 134
80 115
80 83
80 147
80 136
80 177
80 128
80 183
81 161
81 163
81 145
81 140
81 185
81 189
81 92
81 125
81 191
82 98
82 198
82 105
82 130
82 181
82 117
83 128
83 190
83 183
83 171
84 96
84 204
84 202
84 131
84 86
84 186
84 152
84 90
84 155
84 157
84 188
84 166
84 102
84 167
84 173
84 180
84 118
84 119
84 120
84 123
84 127
85 198
85 131
85 135
85 137
85 139
85 142
85 153
85 159
85 98
85 99
85 101
85 170
85 107
85 174
85 200
85 184
85 134
86 192
86 132
86 201
86 138
86 152
86 131
86 149
86 90
86 93
86 188
86 167
86 120
86 187
86 124
87 182
87 194
87 141
87 156
87 151
87 152
87 92
87 97
87 176
87 108
87 114
87 172
87 118
87 168
87 189
88 192
88 132
88 107
88 199
88 137
88 140
88 98
88 145
88 185
88 153
88 91
88 161
88 163
88 198
88 174
88 111
89 134
89 95
90 96
90 132
90 137
90 139
90 142
90 144
90 184
90 131
90 149
90 153
90 159
90 101
90 102
90 167
90 170
90 174
90 116
90 119
90 120
90 186
90 187
90 188
90 166
91 163
91 190
91 199
91 94
92 194
92 141
92 151
92 156
92 172
92 189
92 168
92 114
92 182
92 121
92 125
93 195
93 164
93 167
93 106
93 175
93 202
93 154
93 127
94 104
96 132
96 204
96 139
96 142
96 184
96 131
96 149
96 159
96 101
96 102
96 170
96 180
96 118
96 119
96 120
96 186
96 123
96 188
96 166
97 129
97 182
97 141
97 155
97 157
97 103
97 168
97 108
97 173
97 114
97 118
98 198
98 107
98 140
98 145
98 185
98 153
98 161
98 101
98 174
98 111
98 137
99 112
99 162
99 142
99 200
99 105
99 174
99 117
100 197
100 136
100 138
100 147
100 150
100 120
100 152
100 155
100 115
100 158
100 124
100 126
101 198
101 131
101 132
101 134
101 135
101 200
101 137
101 139
101 142
101 153
101 159
101 166
101 107
101 174
101 184
101 170
102 131
102 165
102 167
102 144
102 204
102 112
102 180
102 119
102 116
102 187
102 188
102 186
103 141
103 168
103 114
103 151
103 152
103 158
105 162
105 198
105 130
105 174
105 181
105 117
106 160
106 195
106 167
106 202
106 154
106 175
106 126
106 127
107 198
107 131
107 132
107 135
107 137
107 139
107 153
107 159
107 174
107 142
107 111
107 200
107 184
107 170
107 134
108 129
108 182
108 141
108 152
108 155
108 157
108 158
108 173
108 110
108 114
108 179
108 118
108 123
109 122
109 187
109 164
110 129
110 196
110 204
110 193
110 173
110 180
110 123
110 157
111 192
111 132
111 199
111 137
111 139
111 140
111 141
111 145
111 149
111 151
111 152
111 203
111 161
111 163
111 170
111 189
111 114
111 201
111 120
111 185
111 125
111 153
112 144
112 113
112 116
112 165
112 187
113 144
113 178
113 116
113 165
114 182
114 151
114 140
114 141
114 152
114 158
114 176
114 172
114 118
114 168
114 189
115 147
115 197
115 177
115 136
115 183
115 124
116 144
116 165
116 186
116 187
116 188
117 162
117 198
117 130
117 174
117 181
118 129
118 132
118 139
118 141
118 149
118 152
118 158
118 155
118 166
118 173
118 176
118 182
118 120
118 123
118 151
119 131
119 166
119 204
119 142
119 184
119 180
119 188
119 186
119 123
120 132
120 137
120 138
120 203
120 152
120 131
120 149
120 151
120 155
120 158
120 188
120 167
120 170
120 201
120 124
120 192
120 127
121 172
121 156
121 194
122 146
123 186
123 129
123 204
123 155
123 157
123 166
123 193
123 173
123 180
123 184
123 188
123 127
124 150
124 136
124 138
124 203
124 147
124 152
124 175
124 197
124 158
124 126
125 161
125 163
125 145
125 199
125 140
125 172
125 151
125 185
125 189
126 197
126 136
126 157
126 154
126 179
126 150
126 202
126 155
126 138
126 158
126 127
127 204
127 202
127 195
127 150
127 154
127 155
127 157
127 167
127 173
127 175
127 179
128 177
128 147
128 183
128 171
128 190
129 193
129 150
129 155
129 157
129 173
129 179
130 181
130 198
130 162
131 132
131 137
131 139
131 192
131 142
131 144
131 184
131 153
131 159
131 188
131 174
131 186
131 187
131 166
131 170
131 149
132 192
132 137
132 139
132 140
132 152
132 149
132 151
132 184
132 203
132 158
132 159
132 166
132 170
132 174
132 201
132 188
132 189
132 153
134 135
134 174
134 200
134 159
135 139
135 200
135 184
135 159
136 147
136 150
136 177
136 138
136 197
137 192
137 199
137 201
137 139
137 140
137 153
137 198
137 170
137 174
137 149
138 150
138 201
138 203
138 147
138 149
138 152
138 155
138 197
138 177
138 158
139 200
139 142
139 153
139 159
139 166
139 174
139 189
139 184
139 188
139 170
139 149
140 199
140 151
140 189
140 141
140 161
140 163
140 145
140 182
140 185
140 191
141 182
141 151
141 152
141 155
141 158
141 176
141 172
141 189
142 200
142 153
142 159
142 166
142 174
142 184
142 186
142 188
142 170
144 165
144 164
144 187
144 188
144 186
145 161
145 163
145 189
145 185
145 191
147 197
147 177
147 203
147 183
148 160
148 154
149 192
149 199
149 152
149 203
149 151
149 155
149 158
149 166
149 170
149 201
149 188
149 153
150 157
150 179
150 158
150 202
150 155
150 154
151 172
151 182
151 152
151 155
151 158
151 199
151 176
151 189
152 192
152 182
152 203
152 155
152 158
152 201
153 192
153 198
153 159
153 174
153 200
153 184
153 188
153 170
154 160
154 195
154 167
154 175
154 179
154 202
155 179
155 157
155 158
155 167
155 173
156 194
156 172
156 168
157 196
157 193
157 204
157 173
157 179
158 182
158 203
158 201
159 200
159 166
159 170
159 174
159 184
160 195
160 202
161 163
161 189
161 185
161 191
162 181
163 189
163 185
163 199
164 187
164 175
165 186
166 204
166 173
166 170
166 180
166 184
166 186
166 188
167 195
167 204
167 175
167 188
167 202
168 172
168 194
170 192
170 200
170 184
170 198
170 174
170 188
171 190
171 183
172 194
172 182
173 193
173 204
173 180
173 179
174 198
174 200
174 184
175 195
175 197
175 202
176 194
176 182
176 191
176 189
177 183
179 202
180 204
180 193
180 186
180 188
181 198
182 189
184 200
184 186
184 188
185 189
185 191
186 204
186 188
188 204
189 199
189 191
192 199
192 203
192 201
193 196
193 204
195 202
198 200
199 203
199 201
201 203
