0 1
0 2
0 3
0 4
0 5
0 6
0 135
0 72
0 13
0 15
0 85
0 185
0 26
0 27
0 90
0 94
0 69
0 33
0 100
0 134
0 167
0 48
0 177
0 114
0 52
0 118
0 56
0 57
0 186
0 124
0 63
1 2
1 3
1 4
1 5
1 6
1 7
1 72
1 201
1 138
1 13
1 79
1 16
1 186
1 85
1 185
1 25
1 26
1 15
1 90
1 94
1 27
1 100
1 134
1 167
1 135
1 114
1 175
1 48
1 177
1 91
1 52
1 118
1 56
1 57
1 122
1 124
1 63
2 3
2 4
2 5
2 6
2 7
2 72
2 201
2 138
2 13
2 15
2 186
2 81
2 131
2 185
2 26
2 79
2 90
2 94
2 159
2 97
2 91
2 100
2 134
2 65
2 167
2 184
2 42
2 135
2 45
2 175
2 48
2 177
2 114
2 52
2 118
2 56
2 57
2 122
2 124
2 165
3 131
3 4
3 5
3 6
3 7
3 72
3 201
3 138
3 13
3 79
3 81
3 88
3 26
3 91
3 90
3 94
3 97
3 200
3 163
3 100
3 165
3 65
3 167
3 188
3 42
3 43
3 45
3 110
3 175
3 177
3 114
3 56
3 57
3 122
3 124
4 5
4 6
4 7
4 72
4 202
4 13
4 15
4 16
4 85
4 25
4 26
4 27
4 90
4 94
4 69
4 100
4 134
4 167
4 135
4 175
4 48
4 177
4 114
4 52
4 118
4 56
4 57
4 186
4 124
4 61
4 63
5 6
5 7
5 72
5 201
5 138
5 13
5 15
5 80
5 186
5 88
5 25
5 26
5 90
5 94
5 176
5 100
5 134
5 167
5 135
5 175
5 48
5 177
5 118
5 56
5 57
5 122
5 124
5 202
5 63
6 134
6 7
6 72
6 201
6 138
6 13
6 79
6 81
6 131
6 185
6 26
6 184
6 90
6 94
6 159
6 97
6 100
6 165
6 17
6 194
6 42
6 167
6 45
6 175
6 48
6 177
6 114
6 56
6 57
6 122
6 124
6 106
7 9
7 138
7 203
7 13
7 80
7 81
7 131
7 88
7 26
7 90
7 176
7 134
7 167
7 188
7 42
7 43
7 45
7 175
7 48
7 177
7 201
7 184
7 122
7 124
7 63
8 130
8 9
8 203
8 141
8 18
8 20
8 21
8 23
8 155
8 93
8 34
8 35
8 164
8 39
8 42
8 103
8 45
8 46
8 174
8 112
8 50
8 55
8 184
8 121
8 60
9 130
9 131
9 203
9 175
9 80
9 81
9 18
9 20
9 21
9 150
9 23
9 155
9 93
9 34
9 164
9 39
9 42
9 103
9 45
9 46
9 174
9 112
9 50
9 55
9 184
10 160
10 200
10 99
10 116
10 101
10 199
10 40
10 171
10 43
10 188
11 32
11 193
11 195
11 67
11 133
11 166
11 168
11 44
11 106
11 12
11 77
11 110
11 173
11 189
11 172
11 182
11 28
11 74
11 127
12 32
12 96
12 67
12 133
12 166
12 193
12 168
12 172
12 106
12 44
12 77
12 110
12 173
12 189
12 195
12 182
12 28
12 74
13 72
13 201
13 138
13 203
13 109
13 79
13 81
13 131
13 88
13 26
13 91
13 90
13 94
13 97
13 200
13 165
13 65
13 167
13 188
13 42
13 43
13 45
13 175
13 177
13 114
13 184
13 122
13 124
14 33
14 178
14 19
14 117
14 151
14 136
14 202
14 183
14 140
14 61
14 69
15 134
15 135
15 72
15 202
15 16
15 85
15 25
15 90
15 27
15 26
15 94
15 69
15 33
15 100
15 167
15 48
15 177
15 52
15 118
15 56
15 57
15 186
15 124
15 61
15 63
16 68
16 198
16 72
16 137
16 139
16 19
16 85
16 86
16 153
16 26
16 91
16 90
16 94
16 27
16 167
16 114
16 52
16 53
16 118
16 185
16 186
16 125
17 96
17 66
17 195
17 133
17 194
17 76
17 77
17 144
17 18
17 147
17 84
17 22
17 23
17 24
17 179
17 155
17 29
17 159
17 32
17 166
17 103
17 42
17 44
17 45
17 50
17 51
17 55
17 184
17 59
17 106
18 130
18 131
18 203
18 77
18 141
18 81
18 20
18 21
18 23
18 155
18 93
18 96
18 34
18 35
18 164
18 166
18 39
18 194
18 42
18 103
18 45
18 46
18 174
18 112
18 50
18 55
18 184
18 121
19 33
19 69
19 198
19 137
19 202
19 108
19 178
19 52
19 85
19 118
19 186
19 27
19 86
19 61
20 130
20 76
20 77
20 141
20 21
20 23
20 155
20 93
20 96
20 34
20 35
20 164
20 166
20 39
20 42
20 103
20 45
20 46
20 174
20 112
20 50
20 181
20 55
20 184
20 121
20 60
21 130
21 131
21 203
21 141
21 81
21 174
21 150
21 155
21 93
21 34
21 164
21 39
21 42
21 103
21 45
21 46
21 112
21 50
21 184
21 121
22 96
22 66
22 195
22 179
22 76
22 194
22 144
22 84
22 23
22 24
22 155
22 29
22 95
22 32
22 36
22 38
22 166
22 44
22 50
22 51
22 55
22 59
23 66
23 76
23 194
23 24
23 164
23 155
23 93
23 96
23 34
23 36
23 166
23 38
23 103
23 42
23 29
23 50
23 204
23 181
23 54
23 55
23 184
23 84
23 62
24 96
24 66
24 195
24 179
24 76
24 194
24 144
24 84
24 155
24 29
24 95
24 32
24 36
24 37
24 38
24 44
24 50
24 51
24 55
24 59
24 166
25 135
25 202
25 167
25 61
25 177
25 118
25 186
25 88
25 90
25 124
25 26
25 94
25 63
26 72
26 201
26 138
26 79
26 85
26 185
26 90
26 186
26 94
26 27
26 100
26 134
26 167
26 135
26 114
26 175
26 48
26 177
26 91
26 52
26 118
26 56
26 57
26 122
26 124
26 63
27 69
27 198
27 72
27 137
27 30
27 85
27 86
27 185
27 153
27 90
27 94
27 31
27 33
27 100
27 167
27 107
27 178
27 125
27 114
27 52
27 53
27 118
27 56
27 57
27 186
27 61
28 67
28 133
28 182
28 74
28 44
28 77
28 189
29 96
29 66
29 195
29 179
29 76
29 194
29 144
29 84
29 155
29 95
29 32
29 36
29 38
29 166
29 44
29 50
29 51
29 55
29 59
30 146
30 158
30 53
30 198
30 153
30 137
30 196
30 107
30 108
30 78
31 33
31 162
31 100
31 69
31 161
31 137
31 178
31 52
31 85
31 57
31 56
31 89
31 186
31 158
32 193
32 66
32 67
32 133
32 194
32 76
32 77
32 141
32 195
32 154
32 155
32 95
32 96
32 35
32 165
32 166
32 103
32 106
32 44
32 45
32 50
32 179
32 182
32 121
32 159
32 189
33 100
33 69
33 135
33 136
33 202
33 183
33 178
33 52
33 85
33 118
33 151
33 56
33 186
33 117
33 61
34 130
34 155
34 164
34 39
34 55
34 50
34 46
34 174
34 112
34 150
34 103
34 93
35 96
35 67
35 133
35 76
35 77
35 141
35 195
35 154
35 155
35 93
35 166
35 39
35 103
35 44
35 46
35 50
35 181
35 121
35 60
36 66
36 84
36 37
36 55
36 38
36 47
37 38
37 70
37 84
37 47
38 66
38 155
38 204
38 55
38 76
38 181
38 54
38 62
39 130
39 203
39 77
39 141
39 81
39 150
39 155
39 93
39 164
39 103
39 42
39 45
39 46
39 174
39 112
39 50
39 184
39 121
39 60
40 160
40 99
40 116
40 101
40 199
40 200
40 43
40 188
41 80
41 134
41 170
41 75
41 143
41 48
41 113
41 147
41 84
41 184
41 92
41 126
42 138
42 203
42 77
42 194
42 141
42 131
42 201
42 155
42 81
42 96
42 97
42 165
42 166
42 112
42 103
42 45
42 46
42 175
42 48
42 50
42 55
42 184
42 159
42 195
43 131
43 200
43 201
43 203
43 81
43 88
43 199
43 160
43 97
43 99
43 124
43 171
43 109
43 175
43 177
43 116
43 122
43 188
43 138
44 96
44 66
44 67
44 133
44 193
44 194
44 74
44 76
44 77
44 141
44 195
44 154
44 155
44 95
44 165
44 166
44 103
44 168
44 106
44 110
44 50
44 179
44 182
44 121
44 189
45 96
45 133
45 138
45 203
45 77
45 141
45 131
45 155
45 130
45 81
45 97
45 165
45 166
45 194
45 103
45 109
45 46
45 175
45 112
45 50
45 201
45 184
45 121
45 122
45 195
46 130
46 131
46 203
46 77
46 141
46 81
46 150
46 155
46 93
46 164
46 165
46 103
46 109
46 174
46 112
46 50
46 184
46 121
46 60
47 64
47 70
47 71
47 104
47 75
47 144
47 113
47 51
47 84
47 147
47 148
47 58
47 59
47 92
48 75
48 80
48 184
48 143
48 90
48 94
48 100
48 134
48 167
48 135
48 175
48 177
48 56
48 57
48 170
48 126
48 63
49 144
49 59
49 179
49 95
50 96
50 66
50 67
50 133
50 76
50 77
50 141
50 195
50 155
50 164
50 166
50 194
50 103
50 93
50 112
50 55
50 184
50 121
51 66
51 179
51 71
51 194
51 75
51 162
51 142
51 144
51 147
51 191
51 59
51 159
52 69
52 198
52 135
52 72
52 137
52 202
52 85
52 86
52 185
52 90
52 94
52 100
52 167
52 178
52 114
52 118
52 56
52 57
52 186
52 61
53 198
53 137
53 107
53 114
53 85
53 86
53 153
53 185
53 186
53 125
54 180
54 181
54 55
54 204
54 93
54 62
55 66
55 76
55 194
55 164
55 155
55 93
55 96
55 166
55 103
55 204
55 181
55 184
55 84
55 62
56 135
56 72
56 85
56 185
56 90
56 94
56 69
56 100
56 134
56 167
56 177
56 114
56 118
56 57
56 186
56 124
56 61
56 63
57 135
57 72
57 85
57 90
57 94
57 100
57 134
57 167
57 177
57 114
57 118
57 185
57 186
57 159
58 64
58 70
58 104
58 75
58 143
58 113
58 147
58 84
58 148
58 92
58 157
58 190
59 66
59 147
59 179
59 194
59 83
59 162
59 142
59 111
59 144
59 191
59 71
59 159
60 102
60 103
60 76
60 141
60 180
60 121
60 154
60 93
61 69
61 198
61 135
61 136
61 202
61 85
61 90
61 94
61 100
61 178
61 117
61 118
61 186
62 84
62 164
62 204
63 134
63 201
63 80
63 88
63 90
63 94
63 176
63 100
63 167
63 135
63 175
63 177
63 118
63 124
63 126
64 128
64 161
64 162
64 71
64 104
64 75
64 142
64 113
64 147
64 148
64 92
64 157
64 191
65 68
65 72
65 138
65 139
65 79
65 149
65 169
65 91
65 156
65 97
65 163
65 105
65 110
65 114
65 115
65 187
65 119
65 122
65 123
66 96
66 194
66 195
66 179
66 76
66 144
66 84
66 155
66 95
66 166
67 96
67 194
67 195
67 133
67 193
67 76
67 74
67 77
67 141
67 154
67 155
67 95
67 166
67 168
67 106
67 182
67 121
67 189
68 115
68 139
68 149
68 86
68 120
68 105
68 91
68 125
68 123
69 198
69 135
69 136
69 202
69 85
69 151
69 100
69 178
69 117
69 118
69 183
69 186
70 104
70 148
71 128
71 162
71 132
71 161
71 104
71 75
71 142
71 113
71 148
71 147
71 152
71 92
71 191
72 137
72 138
72 79
72 85
72 185
72 90
72 94
72 159
72 91
72 100
72 165
72 167
72 106
72 177
72 114
72 118
72 186
72 124
73 129
74 193
74 133
74 168
74 77
74 110
74 173
74 172
74 182
74 119
74 187
74 189
74 127
75 162
75 147
75 104
75 113
75 84
75 148
75 143
75 92
75 190
75 191
76 96
76 133
76 194
76 77
76 141
76 195
76 154
76 155
76 93
76 95
76 166
76 103
76 181
77 96
77 194
77 133
77 141
77 109
77 195
77 110
77 155
77 97
77 165
77 166
77 103
77 189
77 182
77 121
77 106
78 192
78 107
79 138
79 139
79 90
79 91
79 94
79 97
79 163
79 165
79 167
79 169
79 110
79 114
79 115
79 187
79 119
79 185
79 122
79 123
80 176
80 131
80 134
80 170
80 203
80 175
80 177
80 88
80 201
80 124
80 126
81 200
81 138
81 203
81 141
81 131
81 88
81 103
81 130
81 97
81 165
81 188
81 109
81 175
81 177
81 201
81 184
81 121
81 122
81 124
82 140
82 117
82 151
83 132
83 142
83 111
84 113
84 194
84 147
84 155
84 143
85 198
85 135
85 137
85 202
85 86
85 185
85 153
85 90
85 94
85 100
85 167
85 178
85 125
85 114
85 118
85 186
86 198
86 137
86 114
86 118
86 153
86 186
86 125
86 94
87 170
87 190
88 134
88 200
88 201
88 138
88 203
88 131
88 199
88 160
88 99
88 124
88 175
88 176
88 177
88 116
88 122
88 188
89 161
89 162
89 191
89 158
90 138
90 185
90 94
90 100
90 134
90 167
90 135
90 175
90 177
90 114
90 118
90 186
90 124
90 202
91 138
91 139
91 149
91 169
91 94
91 97
91 163
91 165
91 105
91 110
91 114
91 115
91 187
91 119
91 185
91 122
91 123
92 162
92 104
92 143
92 113
92 147
92 148
92 157
92 190
92 191
93 204
93 174
93 155
93 164
93 102
93 103
93 112
93 180
93 181
94 135
94 138
94 186
94 185
94 100
94 134
94 167
94 114
94 177
94 118
94 122
94 124
94 202
95 96
95 182
95 166
95 144
95 179
95 195
96 133
96 194
96 141
96 144
96 195
96 154
96 155
96 166
96 103
96 179
96 182
96 184
96 159
96 106
97 133
97 138
97 141
97 131
97 165
97 163
97 195
97 103
97 109
97 110
97 119
97 184
97 121
97 122
97 187
97 106
98 173
98 127
99 160
99 131
99 101
99 199
99 124
99 200
99 116
99 203
99 201
99 122
99 188
100 135
100 185
100 134
100 167
100 177
100 114
100 118
100 186
100 124
101 160
101 200
101 116
101 199
102 180
102 181
103 130
103 195
103 133
103 109
103 141
103 155
103 165
103 166
103 194
103 174
103 112
103 184
103 121
104 128
104 162
104 113
104 147
104 148
104 157
104 190
104 191
105 163
105 169
105 139
105 115
105 149
105 120
105 123
105 156
105 125
106 194
106 133
106 193
106 172
106 195
106 159
106 165
106 166
106 168
106 173
106 110
106 179
106 182
106 119
106 185
106 189
106 127
107 146
107 196
107 158
107 153
107 137
107 108
108 146
108 196
108 198
109 131
109 165
109 138
109 110
109 141
109 121
109 122
110 133
110 193
110 172
110 138
110 195
110 163
110 165
110 169
110 189
110 114
110 187
110 119
110 185
110 123
110 127
111 132
111 142
112 203
112 164
112 130
112 174
112 150
112 184
112 155
113 162
113 143
113 147
113 148
113 157
113 190
113 191
114 137
114 138
114 139
114 185
114 167
114 186
114 123
115 163
115 197
115 171
115 139
115 149
115 169
115 120
115 123
115 156
116 160
116 150
116 199
116 188
116 200
117 178
117 151
117 136
117 183
117 140
118 134
118 135
118 202
118 198
118 167
118 177
118 178
118 186
118 124
119 163
119 165
119 169
119 172
119 193
119 187
119 123
119 127
120 139
120 169
120 163
120 123
120 156
120 149
121 133
121 141
121 195
121 165
122 200
122 201
122 203
122 131
122 199
122 160
122 165
122 167
122 188
122 175
122 177
122 124
122 138
123 163
123 197
123 187
123 139
123 172
123 149
123 169
123 156
124 201
124 138
124 203
124 131
124 199
124 135
124 134
124 167
124 200
124 175
124 177
124 188
125 198
125 137
125 153
125 186
126 134
126 176
126 170
126 143
127 189
127 193
127 168
127 172
127 173
128 162
128 148
128 142
128 191
130 131
130 203
130 174
130 150
130 201
131 200
131 138
131 203
131 150
131 199
131 165
131 188
131 175
131 177
131 201
131 184
132 145
132 152
132 142
133 194
133 193
133 141
133 195
133 155
133 165
133 166
133 168
133 182
133 189
134 201
134 176
134 167
134 135
134 175
134 177
135 202
135 167
135 177
135 178
135 186
136 178
136 151
136 183
137 198
137 185
137 153
137 186
138 201
138 203
138 200
138 165
138 167
138 188
138 175
138 177
138 184
139 163
139 149
139 169
139 156
140 151
141 195
141 155
141 165
141 166
141 184
142 162
142 144
142 148
142 152
142 191
143 147
143 190
143 170
144 179
144 166
144 159
144 194
145 152
146 196
147 162
147 194
147 148
147 191
148 162
148 157
148 191
149 171
149 163
149 156
149 197
150 203
150 174
151 183
151 178
152 162
152 158
152 191
153 198
154 166
154 181
155 195
155 166
155 194
155 184
156 171
156 169
156 163
156 197
157 190
159 195
159 165
159 193
159 194
159 185
159 184
159 179
159 166
160 199
160 171
160 200
160 188
161 162
161 191
162 191
163 197
163 187
163 172
163 169
164 174
164 184
165 195
165 184
166 194
166 195
166 179
166 182
166 184
167 186
167 185
167 175
167 177
168 193
168 172
168 173
168 189
168 195
168 182
169 172
169 187
169 197
171 200
171 197
172 193
172 173
172 187
173 189
173 182
173 193
174 203
175 203
175 176
175 188
175 177
175 201
175 184
176 177
177 201
177 203
177 188
178 202
178 183
179 195
179 194
179 193
180 181
181 204
182 193
182 189
182 195
184 203
184 201
184 194
185 193
185 186
186 198
186 202
188 200
188 203
188 201
188 199
189 193
189 195
193 195
194 195
198 202
199 200
199 203
199 201
200 201
201 203
