0 1
0 2
0 3
0 4
0 6
0 8
0 10
0 11
0 130
0 142
0 15
0 16
0 145
0 22
0 151
0 26
0 27
0 32
0 33
0 49
0 42
0 46
0 47
0 177
0 50
0 52
0 55
0 56
0 58
0 187
0 138
0 63
0 192
0 195
0 68
0 69
0 77
0 78
0 82
0 101
0 105
0 61
0 113
0 116
0 117
0 122
1 2
1 3
1 4
1 133
1 6
1 8
1 10
1 130
1 142
1 15
1 16
1 145
1 22
1 151
1 153
1 26
1 27
1 157
1 32
1 33
1 49
1 42
1 45
1 46
1 177
1 50
1 180
1 182
1 55
1 56
1 52
1 138
1 63
1 192
1 195
1 68
1 69
1 75
1 78
1 82
1 101
1 108
1 189
1 116
1 117
1 122
1 191
2 130
2 3
2 4
2 133
2 6
2 10
2 142
2 15
2 16
2 145
2 19
2 20
2 196
2 22
2 151
2 25
2 27
2 157
2 32
2 35
2 165
2 39
2 42
2 171
2 45
2 49
2 180
2 55
2 56
2 138
2 63
2 193
2 195
2 68
2 70
2 177
2 74
2 75
2 78
2 82
2 85
2 86
2 101
2 108
2 189
2 116
2 124
2 126
3 4
3 133
3 6
3 8
3 10
3 11
3 130
3 142
3 15
3 16
3 145
3 22
3 151
3 26
3 27
3 32
3 49
3 42
3 171
3 45
3 46
3 47
3 177
3 50
3 180
3 55
3 56
3 52
3 138
3 63
3 192
3 195
3 68
3 69
3 78
3 82
3 101
3 108
3 61
3 116
3 117
3 189
3 122
4 196
4 133
4 6
4 10
4 130
4 142
4 15
4 16
4 145
4 19
4 22
4 151
4 25
4 26
4 27
4 157
4 32
4 35
4 39
4 42
4 171
4 45
4 49
4 50
4 180
4 55
4 56
4 138
4 63
4 192
4 195
4 68
4 69
4 70
4 177
4 74
4 75
4 78
4 82
4 85
4 86
4 101
4 108
4 189
4 116
4 124
4 126
5 89
5 197
6 133
6 10
6 130
6 142
6 15
6 16
6 19
6 20
6 196
6 22
6 151
6 25
6 27
6 157
6 31
6 32
6 35
6 39
6 42
6 45
6 49
6 180
6 201
6 56
6 58
6 187
6 63
6 195
6 68
6 69
6 70
6 177
6 74
6 75
6 78
6 184
6 85
6 86
6 101
6 108
6 116
6 153
6 122
6 124
6 126
7 130
7 195
7 69
7 8
7 137
7 10
7 11
7 140
7 16
7 146
7 85
7 87
7 26
7 29
7 94
7 32
7 97
7 187
7 105
7 47
7 112
7 49
7 115
7 30
7 54
7 122
7 127
7 61
7 117
8 130
8 132
8 69
8 10
8 11
8 192
8 77
8 15
8 16
8 151
8 26
8 32
8 164
8 105
8 46
8 47
8 113
8 50
8 52
8 117
8 54
8 122
8 61
8 63
9 96
9 185
9 123
9 125
9 167
10 137
10 11
10 130
10 15
10 16
10 151
10 153
10 26
10 27
10 29
10 32
10 33
10 49
10 46
10 47
10 177
10 50
10 52
10 54
10 184
10 58
10 187
10 61
10 63
10 192
10 195
10 68
10 69
10 56
10 83
10 87
10 105
10 110
10 116
10 117
10 118
10 122
11 130
11 69
11 137
11 16
11 146
11 195
11 85
11 87
11 26
11 29
11 94
11 32
11 97
11 187
11 105
11 47
11 112
11 49
11 115
11 30
11 54
11 122
11 127
11 117
11 61
11 63
12 65
12 99
12 181
12 129
12 104
12 171
12 159
12 144
12 145
12 155
12 158
12 40
12 57
12 154
12 59
12 189
12 62
12 95
13 161
13 163
13 100
13 133
13 102
13 73
13 74
13 75
13 204
13 165
13 142
13 174
13 41
13 153
13 123
13 156
13 157
13 185
13 31
14 136
14 114
14 19
14 150
14 70
15 133
15 130
15 142
15 16
15 145
15 196
15 22
15 151
15 153
15 26
15 27
15 157
15 31
15 32
15 33
15 165
15 49
15 42
15 177
15 50
15 180
15 182
15 55
15 56
15 58
15 138
15 63
15 192
15 195
15 68
15 69
15 74
15 75
15 78
15 82
15 101
15 108
15 189
15 116
15 122
16 130
16 142
16 145
16 22
16 151
16 153
16 26
16 27
16 32
16 33
16 177
16 42
16 46
16 47
16 49
16 50
16 52
16 55
16 56
16 58
16 187
16 138
16 63
16 192
16 195
16 68
16 69
16 78
16 82
16 87
16 101
16 105
16 61
16 116
16 117
16 122
17 176
17 193
17 98
17 154
17 202
18 139
18 166
18 37
18 46
18 134
19 193
19 195
19 68
19 70
19 136
19 202
19 196
19 20
19 78
19 22
19 25
19 27
19 101
19 35
19 39
19 42
19 108
19 45
19 49
19 116
19 56
19 180
19 63
19 124
19 126
19 85
20 195
20 68
20 70
20 136
20 177
20 85
20 22
20 87
20 25
20 28
20 94
20 101
20 35
20 39
20 196
20 108
20 48
20 49
20 30
20 201
20 56
20 187
20 124
20 126
20 63
21 64
21 160
21 194
21 51
21 53
21 23
21 72
21 172
21 103
21 92
21 141
22 133
22 130
22 142
22 145
22 196
22 151
22 25
22 27
22 157
22 32
22 35
22 39
22 42
22 171
22 45
22 177
22 180
22 55
22 56
22 189
22 63
22 193
22 195
22 68
22 49
22 70
22 74
22 75
22 78
22 82
22 85
22 86
22 101
22 108
22 116
22 202
22 124
22 126
23 64
23 160
23 194
23 163
23 103
23 72
23 172
23 141
23 51
23 92
23 53
24 148
25 193
25 195
25 86
25 70
25 136
25 177
25 74
25 142
25 85
25 68
25 27
25 101
25 133
25 35
25 39
25 196
25 108
25 49
25 116
25 201
25 56
25 180
25 124
25 202
25 126
26 130
26 69
26 137
26 192
26 77
26 83
26 87
26 27
26 122
26 32
26 33
26 113
26 105
26 46
26 47
26 49
26 50
26 52
26 117
26 54
26 58
26 187
26 151
26 61
26 63
27 133
27 130
27 142
27 145
27 196
27 151
27 157
27 32
27 35
27 165
27 39
27 42
27 171
27 45
27 49
27 50
27 180
27 55
27 56
27 138
27 63
27 192
27 195
27 68
27 69
27 177
27 74
27 75
27 78
27 82
27 85
27 86
27 101
27 108
27 189
27 116
27 124
27 126
28 195
28 68
28 177
28 201
28 48
28 49
28 115
28 30
28 184
28 58
28 186
28 94
29 32
29 97
29 187
29 69
29 105
29 140
29 112
29 146
29 115
29 30
29 54
29 87
29 137
29 122
29 127
29 61
29 94
29 117
30 195
30 69
30 70
30 137
30 85
30 87
30 94
30 32
30 97
30 48
30 112
30 49
30 115
30 186
30 184
30 122
30 187
30 126
30 127
31 68
31 133
31 161
31 73
31 74
31 75
31 204
31 142
31 153
31 156
31 157
31 33
31 100
31 165
31 102
31 41
31 199
31 110
31 177
31 56
31 185
31 58
31 123
32 137
32 130
32 33
32 177
32 42
32 45
32 46
32 47
32 49
32 52
32 54
32 55
32 56
32 58
32 187
32 61
32 63
32 192
32 195
32 68
32 69
32 70
32 78
32 184
32 85
32 87
32 94
32 101
32 105
32 116
32 117
32 122
32 126
33 199
33 192
33 142
33 83
33 110
33 153
33 166
33 46
33 177
33 50
33 115
33 52
33 118
33 184
33 58
34 115
34 83
34 37
34 38
34 184
34 58
34 118
34 110
34 166
35 193
35 195
35 68
35 86
35 70
35 74
35 78
35 85
35 101
35 133
35 39
35 196
35 108
35 45
35 49
35 116
35 190
35 56
35 180
35 124
35 202
35 126
35 63
36 120
36 146
36 43
36 44
36 93
37 38
37 118
37 134
37 166
38 83
38 118
38 134
38 199
38 110
38 166
39 129
39 195
39 70
39 193
39 202
39 130
39 78
39 85
39 93
39 101
39 196
39 42
39 171
39 108
39 45
39 49
39 116
39 55
39 56
39 180
39 124
39 189
39 126
39 63
40 65
40 131
40 129
40 104
40 144
40 71
40 80
40 171
40 155
40 158
40 57
40 121
40 59
40 159
40 62
40 95
41 161
41 194
41 163
41 133
41 102
41 167
41 73
41 75
41 174
41 86
41 119
41 185
41 123
41 165
41 157
42 69
42 129
42 130
42 78
42 145
42 85
42 101
42 180
42 70
42 195
42 193
42 171
42 108
42 45
42 49
42 116
42 55
42 57
42 189
42 126
42 63
43 112
43 146
43 120
43 60
43 107
43 44
43 93
44 112
44 146
44 120
44 107
44 60
44 93
45 69
45 129
45 202
45 130
45 78
45 85
45 196
45 93
45 101
45 193
45 70
45 195
45 171
45 108
45 180
45 49
45 116
45 55
45 57
45 189
45 126
45 63
46 130
46 132
46 139
46 192
46 77
46 164
46 105
46 47
46 113
46 50
46 52
46 117
46 61
47 192
47 130
47 132
47 69
47 137
47 77
47 139
47 164
47 105
47 113
47 50
47 52
47 117
47 54
47 122
47 61
47 127
48 195
48 68
48 177
48 201
48 49
48 85
48 184
48 186
48 94
49 133
49 130
49 142
49 196
49 153
49 177
49 180
49 56
49 58
49 187
49 63
49 195
49 68
49 69
49 70
49 201
49 74
49 78
49 184
49 85
49 87
49 94
49 101
49 108
49 116
49 122
49 124
49 126
50 130
50 192
50 77
50 78
50 145
50 82
50 151
50 167
50 113
50 52
50 182
50 116
50 191
50 138
50 63
51 64
51 160
51 194
51 163
51 103
51 72
51 172
51 141
51 53
51 92
52 130
52 132
52 69
52 139
52 192
52 77
52 164
52 105
52 113
52 117
52 54
52 122
52 61
53 64
53 160
53 194
53 72
53 172
53 103
53 92
53 141
54 69
54 137
54 140
54 146
54 87
54 97
54 105
54 117
54 120
54 122
54 187
54 61
54 127
55 69
55 129
55 192
55 130
55 78
55 145
55 193
55 151
55 101
55 171
55 108
55 116
55 57
55 189
55 126
55 63
56 133
56 130
56 142
56 196
56 151
56 157
56 177
56 180
56 184
56 58
56 187
56 63
56 195
56 68
56 69
56 70
56 201
56 74
56 75
56 78
56 85
56 86
56 101
56 108
56 116
56 153
56 122
56 124
56 126
57 65
57 129
57 171
57 189
57 144
57 159
57 193
57 158
57 90
57 59
57 93
57 62
57 95
58 195
58 68
58 69
58 199
58 142
58 184
58 83
58 153
58 186
58 166
58 177
58 110
58 115
58 118
58 122
58 187
58 63
59 65
59 131
59 71
59 104
59 129
59 144
59 80
59 158
59 121
59 155
59 159
59 62
59 95
60 107
61 192
61 130
61 69
61 137
61 146
61 87
61 97
61 105
61 117
61 122
61 187
61 127
62 65
62 131
62 129
62 144
62 71
62 80
62 104
62 155
62 171
62 121
62 159
62 158
62 95
63 133
63 130
63 142
63 145
63 196
63 151
63 153
63 157
63 171
63 180
63 187
63 138
63 192
63 195
63 68
63 69
63 70
63 177
63 74
63 75
63 78
63 82
63 85
63 87
63 101
63 108
63 189
63 116
63 122
63 126
64 160
64 103
64 168
64 203
64 172
64 141
64 72
64 92
65 129
65 131
65 71
65 104
65 169
65 144
65 80
65 155
65 158
65 159
65 95
66 80
66 178
66 131
66 197
66 135
66 89
66 71
66 188
67 156
68 133
68 142
68 153
68 157
68 177
68 180
68 184
68 187
68 195
68 196
68 69
68 70
68 201
68 74
68 75
68 78
68 85
68 86
68 101
68 108
68 116
68 124
68 126
69 130
69 137
69 177
69 184
69 187
69 192
69 195
69 70
69 85
69 87
69 94
69 97
69 105
69 116
69 117
69 122
69 126
69 127
70 195
70 136
70 85
70 87
70 196
70 101
70 108
70 112
70 94
70 116
70 124
70 126
71 131
71 135
71 169
71 95
71 80
71 188
71 159
72 160
72 194
72 99
72 163
72 103
72 172
72 141
72 92
73 161
73 165
73 163
73 100
73 133
73 102
73 74
73 75
73 204
73 142
73 174
73 86
73 156
73 157
74 195
74 75
74 204
74 78
74 142
74 86
74 157
74 133
74 165
74 101
74 102
74 177
74 196
74 108
74 116
74 190
74 201
74 180
74 124
74 153
75 204
75 78
75 82
75 142
75 86
75 151
75 157
75 133
75 165
75 163
75 101
75 102
75 167
75 196
75 174
75 177
75 116
75 182
75 180
75 138
75 153
76 178
76 175
76 135
77 192
77 132
77 143
77 109
77 79
77 113
77 173
77 183
77 164
77 191
78 133
78 129
78 138
78 130
78 142
78 145
78 151
78 196
78 157
78 171
78 177
78 180
78 189
78 192
78 193
78 195
78 82
78 85
78 86
78 101
78 108
78 116
78 202
78 124
78 126
79 113
79 132
79 173
79 183
79 164
79 109
79 143
80 131
80 169
80 188
80 95
81 88
82 133
82 138
82 192
82 130
82 145
82 151
82 157
82 165
82 167
82 116
82 181
82 182
82 119
82 180
82 191
82 189
83 166
83 199
83 110
83 115
83 118
83 184
83 153
85 195
85 177
85 142
85 122
85 101
85 112
85 196
85 108
85 116
85 94
85 201
85 87
85 187
85 124
85 126
86 133
86 163
86 142
86 157
86 165
86 196
86 101
86 106
86 108
86 116
86 190
86 180
86 124
86 202
87 195
87 137
87 94
87 97
87 187
87 105
87 112
87 115
87 122
87 127
87 117
87 126
88 149
88 173
89 188
89 197
90 159
90 198
90 95
92 160
92 99
92 103
92 203
92 172
92 141
92 168
93 147
93 150
94 195
94 137
94 122
94 97
94 112
94 115
94 184
94 186
94 187
94 126
95 131
95 129
95 144
95 171
95 158
95 159
96 167
96 119
96 123
96 125
96 185
97 105
97 140
97 146
97 117
97 137
97 122
97 187
97 127
98 176
98 202
98 106
98 203
98 154
98 190
99 160
99 194
99 104
99 141
99 144
99 145
99 181
99 182
99 154
99 155
99 158
100 161
100 204
100 102
100 156
101 133
101 130
101 142
101 196
101 151
101 157
101 177
101 180
101 189
101 195
101 201
101 108
101 116
101 153
101 124
101 126
102 161
102 165
102 204
102 142
102 174
102 153
102 156
102 157
103 160
103 194
103 163
103 172
103 141
104 181
104 129
104 171
104 144
104 145
104 158
104 121
104 155
104 189
104 159
105 192
105 139
105 137
105 117
105 122
105 187
105 127
106 163
106 194
106 141
106 190
108 193
108 130
108 133
108 196
108 195
108 171
108 142
108 116
108 180
108 202
108 124
108 189
108 126
109 113
109 132
109 173
110 166
110 199
110 115
110 118
110 184
110 153
111 147
111 179
111 150
112 137
112 187
113 192
113 132
113 138
113 143
113 173
113 164
113 191
114 136
115 122
115 186
115 118
115 184
115 187
116 133
116 130
116 142
116 145
116 196
116 151
116 157
116 171
116 180
116 138
116 192
116 193
116 195
116 177
116 189
116 124
116 126
117 130
117 137
117 192
117 122
117 187
117 127
118 199
118 184
118 153
118 166
119 194
119 163
119 165
119 167
119 138
119 174
119 157
119 182
119 185
119 123
119 125
119 191
120 140
120 152
120 137
120 146
121 170
122 130
122 137
122 184
122 195
122 187
122 177
122 127
122 126
123 157
123 167
123 125
123 185
124 193
124 195
124 201
124 133
124 196
124 142
124 190
124 180
124 202
124 126
125 149
125 167
125 185
126 195
126 136
126 177
126 196
126 180
126 187
127 187
127 140
127 146
127 137
129 193
129 202
129 144
129 145
129 154
129 155
129 158
129 159
129 171
129 189
130 189
130 145
130 195
130 151
130 171
130 138
130 192
131 169
131 135
131 178
131 188
131 159
132 192
132 164
132 173
132 143
132 183
133 145
133 163
133 142
133 157
133 165
133 177
133 196
133 151
133 189
133 182
133 180
133 138
133 190
134 166
135 188
135 197
135 169
135 178
135 175
137 140
137 146
137 187
138 192
138 145
138 151
138 157
138 165
138 167
138 182
138 191
140 146
141 160
141 194
141 163
141 172
142 204
142 184
142 195
142 153
142 157
142 177
142 196
142 165
142 201
142 180
143 164
143 183
143 200
144 181
144 171
144 189
144 155
144 158
144 154
144 159
145 192
145 151
145 158
145 171
145 181
145 182
145 180
145 191
145 189
147 179
147 150
148 155
149 173
150 179
151 192
151 157
151 165
151 167
151 189
151 182
151 180
151 191
153 199
153 201
153 204
153 184
153 156
153 157
153 177
154 193
154 202
154 171
154 180
154 181
154 203
154 155
154 189
154 158
155 181
155 158
155 159
156 161
156 199
156 204
157 204
157 185
157 165
157 163
157 167
157 174
157 177
157 182
157 180
158 171
158 189
158 181
158 159
159 171
159 189
160 194
160 163
160 172
161 204
161 174
162 201
163 194
163 174
163 182
163 190
163 165
164 192
164 183
164 200
165 194
165 167
165 174
165 180
165 182
165 185
165 190
166 199
167 182
167 185
167 191
168 172
169 178
169 188
171 193
171 202
171 189
172 194
173 191
174 194
174 185
175 178
176 202
177 196
177 180
177 184
177 186
177 187
177 195
177 201
177 204
178 188
178 197
180 193
180 196
180 190
180 202
180 189
181 182
181 189
182 191
183 200
184 195
184 199
184 201
184 186
184 187
186 201
187 195
188 197
189 202
189 193
191 192
193 196
193 202
195 196
195 201
196 201
196 202
201 204
