0 1
0 2
0 3
0 4
1 2
1 3
1 4
2 3
2 4
3 4
5 17
5 115
5 132
5 165
5 150
5 125
5 181
6 112
6 176
6 178
6 67
6 37
6 54
6 151
6 177
6 58
6 86
6 14
7 32
7 142
7 132
7 103
7 9
7 42
7 75
7 204
7 46
7 15
7 115
7 117
7 23
7 25
7 201
7 29
8 192
8 129
8 66
8 195
8 132
8 197
8 70
8 145
8 73
8 10
8 139
8 12
8 17
8 82
8 147
8 20
8 150
8 23
8 152
8 25
8 201
8 31
8 32
8 162
8 59
8 100
8 103
8 104
8 169
8 172
8 45
8 46
8 204
8 117
8 183
8 121
8 123
8 125
9 129
9 68
9 69
9 201
9 75
9 12
9 78
9 15
9 147
9 142
9 23
9 25
9 29
9 32
9 166
9 103
9 42
9 171
9 46
9 111
9 204
9 117
9 119
9 153
9 123
9 21
10 192
10 66
10 67
10 74
10 130
10 14
10 82
10 20
10 88
10 127
10 31
10 162
10 187
10 37
10 38
10 167
10 169
10 43
10 172
10 174
10 176
10 178
10 51
10 54
10 121
10 186
10 59
10 60
10 63
11 193
11 99
11 38
11 199
11 40
11 105
11 176
11 49
11 146
11 35
11 22
11 137
11 72
11 152
11 191
12 130
12 68
12 69
12 204
12 162
12 82
12 147
12 20
12 21
12 23
12 25
12 201
12 167
12 29
12 30
12 31
12 32
12 148
12 123
12 166
12 39
12 104
12 174
12 42
12 103
12 44
12 46
12 111
12 113
12 51
12 185
12 117
12 89
12 121
12 153
12 57
12 59
12 63
13 64
13 96
13 195
13 198
13 134
13 74
13 108
13 47
13 184
13 154
13 28
13 190
14 67
14 37
14 178
14 43
14 173
14 143
14 177
14 18
14 180
14 54
14 151
14 27
14 60
14 74
15 123
15 129
15 75
15 100
15 147
15 42
15 107
15 78
15 164
15 115
15 46
15 23
15 153
15 25
15 119
15 171
15 93
15 160
15 117
16 131
16 179
17 181
17 132
17 142
17 104
17 204
17 46
17 189
17 115
17 20
17 117
17 150
17 123
17 125
17 62
17 165
18 128
18 67
18 43
18 151
18 143
18 173
18 52
18 54
18 55
18 180
18 27
18 60
19 114
19 198
19 138
19 154
19 190
19 47
20 192
20 66
20 195
20 132
20 197
20 70
20 71
20 204
20 139
20 82
20 147
20 150
20 23
20 152
20 25
20 31
20 162
20 59
20 100
20 145
20 104
20 169
20 172
20 46
20 49
20 117
20 118
20 183
20 121
20 123
20 125
21 32
21 68
21 69
21 166
21 103
21 42
21 44
21 201
21 24
21 153
21 111
21 92
21 29
21 30
22 65
22 130
22 193
22 72
22 137
22 202
22 194
22 146
22 99
22 174
22 88
22 89
22 35
22 38
22 40
22 105
22 106
22 199
22 110
22 176
22 51
22 169
22 57
22 191
22 63
23 192
23 129
23 171
23 132
23 204
23 75
23 78
23 144
23 145
23 147
23 201
23 153
23 25
23 90
23 79
23 93
23 160
23 33
23 34
23 123
23 100
23 166
23 103
23 42
23 107
23 172
23 45
23 46
23 29
23 115
23 116
23 117
23 73
23 121
23 59
23 125
24 68
24 200
24 92
24 69
24 175
25 129
25 132
25 144
25 145
25 147
25 153
25 29
25 32
25 33
25 34
25 166
25 42
25 171
25 172
25 45
25 46
25 73
25 59
25 192
25 160
25 201
25 75
25 204
25 78
25 79
25 90
25 93
25 100
25 103
25 104
25 107
25 115
25 116
25 117
25 121
25 123
25 125
26 48
26 65
26 83
26 102
26 86
26 41
26 58
26 188
26 106
26 110
26 133
27 67
27 37
27 173
27 77
27 52
27 54
27 151
27 180
27 186
27 60
27 127
28 64
28 96
28 84
28 197
28 154
28 184
28 74
28 139
28 140
28 190
29 68
29 204
29 75
29 142
29 147
29 153
29 30
29 32
29 166
29 103
29 42
29 46
29 111
29 117
29 201
29 123
30 130
30 68
30 201
30 75
30 194
30 142
30 148
30 32
30 166
30 39
30 104
30 170
30 103
30 46
30 111
30 49
30 51
30 204
30 117
30 185
31 192
31 66
31 67
31 197
31 73
31 139
31 79
31 145
31 82
31 147
31 127
31 162
31 123
31 100
31 37
31 38
31 167
31 104
31 169
31 43
31 172
31 45
31 125
31 180
31 54
31 121
31 186
31 59
31 60
31 74
31 63
32 130
32 68
32 75
32 194
32 142
32 147
32 148
32 166
32 39
32 104
32 42
32 103
32 46
32 111
32 204
32 117
32 201
32 185
32 123
32 170
33 129
33 164
33 135
33 73
33 76
33 78
33 79
33 144
33 145
33 147
33 84
33 90
33 93
33 95
33 160
33 34
33 100
33 101
33 168
33 107
33 172
33 45
33 116
33 56
33 121
33 122
33 159
33 125
33 126
34 129
34 186
34 69
34 135
34 73
34 76
34 77
34 78
34 79
34 141
34 145
34 147
34 90
34 93
34 95
34 160
34 100
34 101
34 166
34 168
34 144
34 107
34 172
34 45
34 113
34 116
34 153
34 56
34 121
34 122
34 59
34 126
35 130
35 99
35 199
35 39
35 40
35 105
35 170
35 109
35 194
35 146
35 148
35 149
35 137
35 202
35 57
35 157
35 185
35 191
36 119
36 87
37 67
37 88
37 89
37 162
37 187
37 167
37 169
37 174
37 176
37 113
37 178
37 51
37 52
37 54
37 57
37 186
37 63
37 60
37 127
38 193
38 66
38 70
38 199
38 137
38 130
38 152
38 82
38 88
38 89
38 97
38 162
38 167
38 40
38 169
38 146
38 174
38 176
38 49
38 178
38 51
38 183
38 57
38 191
38 61
38 63
39 130
39 199
39 137
39 202
39 183
39 194
39 152
39 146
39 99
39 148
39 185
39 88
39 89
39 157
39 191
39 103
39 40
39 105
39 170
39 44
39 109
39 174
39 111
39 49
39 51
39 169
39 57
39 187
39 63
40 193
40 130
40 199
40 72
40 137
40 202
40 194
40 146
40 148
40 149
40 89
40 157
40 99
40 105
40 170
40 109
40 57
40 63
40 191
41 65
41 133
41 102
41 72
41 106
41 176
41 110
41 48
41 83
41 86
41 188
41 58
42 129
42 132
42 75
42 142
42 147
42 78
42 201
42 166
42 103
42 171
42 46
42 111
42 115
42 204
42 117
42 119
42 153
42 123
43 192
43 67
43 197
43 73
43 139
43 140
43 79
43 84
43 143
43 186
43 159
43 96
43 163
43 172
43 173
43 180
43 54
43 56
43 121
43 122
43 60
43 74
44 130
44 68
44 194
44 170
44 109
44 111
44 146
44 51
44 148
44 57
44 89
44 202
44 185
45 192
45 129
45 186
45 135
45 73
45 139
45 76
45 141
45 78
45 79
45 144
45 145
45 147
45 84
45 90
45 93
45 95
45 160
45 123
45 100
45 101
45 166
45 107
45 172
45 180
45 168
45 116
45 153
45 56
45 121
45 122
45 59
45 125
45 126
46 132
46 75
46 142
46 147
46 150
46 59
46 103
46 104
46 115
46 204
46 117
46 201
46 123
47 114
47 198
47 154
47 138
47 190
48 65
48 83
48 133
48 102
48 199
48 202
48 188
48 106
48 110
49 66
49 70
49 71
49 194
49 137
49 204
49 130
49 82
49 185
49 152
49 97
49 162
49 99
49 104
49 105
49 170
49 146
49 189
49 183
49 51
49 118
49 169
49 148
49 124
49 61
50 163
50 140
50 85
51 130
51 199
51 137
51 194
51 82
51 148
51 185
51 88
51 89
51 167
51 162
51 99
51 105
51 170
51 166
51 109
51 174
51 113
51 187
51 169
51 57
51 63
51 146
51 202
51 127
52 67
52 196
52 77
52 180
52 54
52 120
52 186
52 60
52 127
53 80
53 200
53 161
53 136
53 203
53 94
54 192
54 66
54 67
54 151
54 162
54 167
54 169
54 172
54 173
54 176
54 178
54 180
54 186
54 60
54 74
54 127
55 128
55 151
55 173
55 143
56 192
56 160
56 197
56 73
56 139
56 76
56 79
56 144
56 145
56 84
56 173
56 90
56 156
56 93
56 95
56 96
56 163
56 100
56 172
56 180
56 140
56 116
56 121
56 122
56 159
56 126
57 130
57 199
57 137
57 202
57 194
57 146
57 99
57 148
57 88
57 89
57 105
57 170
57 167
57 109
57 174
57 187
57 169
57 185
57 63
57 188
57 127
58 106
58 178
58 83
58 86
58 102
58 110
58 133
59 192
59 129
59 66
59 132
59 197
59 73
59 139
59 162
59 78
59 79
59 144
59 145
59 82
59 147
59 90
59 93
59 100
59 166
59 103
59 104
59 172
59 204
59 117
59 201
59 121
59 123
59 125
60 192
60 67
60 73
60 139
60 77
60 79
60 151
60 186
60 162
60 180
60 167
60 172
60 173
60 121
60 122
60 127
61 97
61 66
61 195
61 70
61 71
61 104
61 82
61 118
61 183
61 152
61 124
61 189
62 124
62 165
62 189
62 181
63 66
63 199
63 194
63 137
63 130
63 88
63 82
63 148
63 185
63 152
63 89
63 162
63 105
63 170
63 167
63 146
63 174
63 176
63 178
63 169
63 187
63 188
63 202
63 127
64 96
64 134
64 184
64 140
65 83
65 102
65 72
65 188
65 106
65 110
65 149
66 192
66 193
66 130
66 67
66 70
66 82
66 195
66 152
66 97
66 162
66 167
66 104
66 169
66 176
66 118
66 183
66 74
67 151
67 162
67 167
67 169
67 172
67 173
67 176
67 178
67 180
67 186
67 74
67 127
68 69
68 166
68 103
68 185
68 153
68 201
68 111
68 92
69 166
69 103
69 168
69 200
69 141
69 111
69 144
69 113
69 119
69 153
69 92
69 93
70 97
70 195
70 71
70 169
70 204
70 162
70 189
70 82
70 118
70 183
70 152
70 104
70 124
71 97
71 104
71 204
71 189
71 82
71 118
71 183
71 152
71 124
72 102
72 193
72 106
72 110
72 176
72 81
72 83
72 191
73 192
73 129
73 186
73 135
73 172
73 139
73 76
73 78
73 79
73 144
73 145
73 147
73 84
73 197
73 90
73 93
73 95
73 160
73 123
73 100
73 159
73 180
73 116
73 121
73 122
73 125
73 126
74 96
74 192
74 139
74 198
74 140
74 108
74 195
74 84
74 197
74 190
75 142
75 132
75 103
75 204
75 115
75 117
75 201
75 123
76 129
76 135
76 78
76 79
76 144
76 145
76 84
76 164
76 90
76 156
76 93
76 158
76 95
76 160
76 100
76 101
76 107
76 116
76 121
76 122
76 159
76 126
77 144
77 180
77 196
77 135
77 168
77 156
77 172
77 98
77 79
77 141
77 113
77 116
77 90
77 186
77 127
78 129
78 164
78 144
78 145
78 147
78 171
78 90
78 79
78 93
78 95
78 160
78 123
78 100
78 101
78 168
78 107
78 172
78 115
78 116
78 119
78 153
78 121
78 125
79 192
79 129
79 186
79 135
79 139
79 141
79 144
79 145
79 147
79 84
79 197
79 90
79 156
79 93
79 95
79 160
79 180
79 100
79 159
79 168
79 172
79 116
79 121
79 122
79 125
79 126
80 136
80 161
80 203
80 94
81 112
81 106
81 110
81 86
82 192
82 195
82 197
82 204
82 130
82 145
82 147
82 152
82 97
82 162
82 167
82 104
82 169
82 172
82 174
82 118
82 183
82 121
82 123
82 125
83 106
83 102
83 86
83 188
83 110
84 192
84 160
84 197
84 139
84 145
84 90
84 156
84 95
84 96
84 163
84 100
84 172
84 180
84 140
84 116
84 121
84 122
84 159
84 126
85 91
86 106
86 178
86 102
86 176
87 164
87 107
87 171
87 119
88 130
88 199
88 194
88 146
88 148
88 185
88 89
88 162
88 187
88 169
88 167
88 174
88 176
88 113
88 178
88 127
88 188
88 202
89 130
89 199
89 137
89 202
89 194
89 146
89 148
89 185
89 162
89 99
89 105
89 170
89 167
89 109
89 174
89 113
89 187
89 169
89 188
89 127
90 129
90 186
90 135
90 139
90 141
90 145
90 147
90 156
90 93
90 95
90 160
90 180
90 100
90 101
90 168
90 144
90 107
90 159
90 172
90 116
90 121
90 122
90 126
91 158
92 168
92 166
92 153
92 175
92 200
93 192
93 129
93 135
93 139
93 141
93 144
93 145
93 147
93 95
93 160
93 123
93 100
93 101
93 166
93 168
93 107
93 172
93 116
93 153
93 121
93 122
93 125
93 126
94 136
94 203
94 161
95 129
95 135
95 139
95 141
95 144
95 145
95 156
95 159
95 160
95 180
95 100
95 101
95 107
95 172
95 116
95 121
95 122
95 126
96 197
96 198
96 139
96 140
96 195
96 184
96 154
96 190
97 195
97 104
97 189
97 118
97 183
97 152
97 124
98 141
98 168
98 135
99 130
99 199
99 137
99 202
99 194
99 146
99 148
99 149
99 185
99 157
99 105
99 170
99 109
99 191
100 192
100 129
100 197
100 135
100 139
100 144
100 145
100 147
100 160
100 123
100 101
100 107
100 172
100 116
100 121
100 122
100 125
100 153
101 160
101 171
101 129
101 107
101 144
101 116
101 164
101 126
102 133
102 106
102 176
102 110
102 178
102 188
103 142
103 147
103 148
103 166
103 111
103 204
103 117
103 201
103 153
103 185
103 123
104 192
104 195
104 132
104 201
104 189
104 147
104 150
104 152
104 162
104 145
104 169
104 204
104 117
104 118
104 183
104 123
104 125
105 130
105 199
105 137
105 202
105 194
105 146
105 148
105 149
105 185
105 157
105 170
105 109
105 191
106 110
106 188
107 129
107 144
107 160
107 164
107 168
107 171
107 116
107 119
107 153
108 198
108 177
108 134
109 130
109 202
109 170
109 199
109 194
109 146
109 148
109 149
109 137
109 157
109 185
109 191
111 201
111 166
111 204
111 148
111 170
111 153
111 185
112 178
112 177
113 196
113 135
113 141
113 144
113 147
113 153
113 166
113 167
113 168
113 172
113 174
113 186
113 187
113 127
114 138
114 154
114 198
115 160
115 129
115 171
115 132
115 145
115 117
115 150
115 123
115 125
115 181
116 129
116 186
116 135
116 139
116 141
116 145
116 147
116 156
116 160
116 168
116 144
116 172
116 180
116 121
116 122
116 159
116 126
117 129
117 132
117 142
117 147
117 150
117 166
117 204
117 201
117 153
117 123
117 125
118 195
118 165
118 189
118 183
118 152
118 190
119 129
119 171
119 164
119 168
119 153
120 196
121 192
121 129
121 186
121 135
121 139
121 141
121 144
121 145
121 147
121 197
121 160
121 123
121 172
121 180
121 162
121 122
121 125
122 192
122 197
122 135
122 139
122 144
122 145
122 173
122 156
122 160
122 163
122 172
122 180
122 140
122 159
122 126
123 192
123 129
123 139
123 132
123 197
123 147
123 150
123 201
123 162
123 166
123 145
123 172
123 204
123 125
124 152
124 183
124 189
125 192
125 129
125 132
125 139
125 204
125 147
125 150
125 160
125 197
125 145
125 172
126 135
126 144
126 156
126 158
126 159
126 160
126 163
126 180
127 196
127 141
127 162
127 167
127 174
127 186
127 187
128 143
128 151
128 173
129 164
129 144
129 145
129 147
129 171
129 160
129 172
129 153
130 199
130 137
130 183
130 194
130 152
130 148
130 185
130 162
130 170
130 167
130 174
130 169
130 187
130 146
130 202
131 179
131 182
132 142
132 204
132 150
132 181
133 202
133 187
133 188
134 184
135 196
135 144
135 141
135 186
135 156
135 180
135 168
135 172
136 161
136 203
137 199
137 202
137 194
137 146
137 148
137 149
137 185
137 152
137 157
137 170
137 183
137 191
138 198
138 195
138 154
138 190
139 192
139 195
139 197
139 140
139 145
139 147
139 159
139 180
139 172
139 190
140 173
140 143
140 184
140 163
140 180
140 159
141 196
141 168
141 172
141 144
141 186
142 204
142 150
142 201
143 163
143 180
143 151
143 173
144 186
144 145
144 147
144 160
144 166
144 168
144 172
144 153
145 192
145 197
145 147
145 160
145 172
146 199
146 202
146 194
146 148
146 185
146 157
146 191
146 169
146 170
146 174
146 187
146 188
147 192
147 201
147 204
147 162
147 166
147 172
147 153
147 160
148 199
148 202
148 194
148 185
148 157
148 170
148 174
148 187
149 191
149 199
149 157
150 204
150 181
151 178
151 173
151 177
152 193
152 194
152 162
152 169
152 170
152 189
152 183
153 201
153 166
153 168
154 198
154 195
154 190
156 163
156 180
156 173
156 158
156 159
157 194
157 170
157 199
157 185
157 191
159 172
159 173
159 180
159 163
160 164
160 171
161 196
161 203
162 192
162 167
162 169
162 172
162 174
162 187
162 183
162 186
163 173
163 180
164 171
165 189
165 181
166 168
166 204
166 201
167 187
167 169
167 172
167 174
167 176
167 178
167 186
167 202
168 196
169 192
169 199
169 174
169 176
169 178
169 183
169 187
170 199
170 202
170 194
170 185
170 183
172 180
172 186
172 192
172 197
173 180
174 199
174 194
174 187
174 176
174 178
174 188
174 202
175 200
176 193
176 178
176 199
177 178
180 186
183 204
183 194
183 189
185 199
185 202
185 194
186 192
186 196
187 188
187 202
187 199
188 199
188 202
190 195
190 197
190 198
191 193
191 194
191 199
192 195
192 197
194 199
194 202
195 197
195 198
196 203
199 202
201 204
