0 128
0 1
0 2
0 3
0 4
0 6
0 135
0 9
0 10
0 12
0 15
0 16
0 20
0 21
0 23
0 132
0 26
0 28
0 32
0 34
0 168
0 45
0 47
0 48
0 181
0 182
0 183
0 188
0 53
0 66
0 202
0 81
0 84
0 87
0 90
0 143
0 103
0 104
0 106
0 110
0 153
0 122
0 124
0 127
1 128
1 2
1 3
1 4
1 6
1 135
1 9
1 10
1 12
1 143
1 16
1 20
1 21
1 23
1 132
1 26
1 28
1 32
1 34
1 40
1 45
1 47
1 48
1 181
1 182
1 183
1 188
1 53
1 160
1 66
1 196
1 54
1 202
1 81
1 84
1 87
1 90
1 103
1 104
1 106
1 110
1 168
1 153
1 122
1 124
1 127
2 66
2 3
2 4
2 182
2 6
2 135
2 9
2 10
2 160
2 12
2 143
2 16
2 20
2 21
2 23
2 132
2 26
2 111
2 28
2 90
2 181
2 32
2 34
2 40
2 106
2 45
2 110
2 47
2 48
2 104
2 128
2 53
2 54
2 183
2 153
2 84
2 122
2 168
2 124
2 202
2 127
3 4
3 6
3 135
3 9
3 10
3 132
3 12
3 13
3 15
3 16
3 20
3 21
3 23
3 152
3 25
3 26
3 175
3 28
3 32
3 34
3 36
3 168
3 45
3 174
3 47
3 48
3 128
3 53
3 54
3 183
3 58
3 187
3 188
3 181
3 160
3 66
3 196
3 182
3 202
3 78
3 141
3 81
3 84
3 87
3 90
3 143
3 103
3 104
3 106
3 110
3 153
3 122
3 124
3 127
4 132
4 6
4 135
4 9
4 10
4 12
4 13
4 15
4 16
4 145
4 20
4 21
4 23
4 152
4 25
4 26
4 175
4 28
4 32
4 34
4 36
4 168
4 170
4 45
4 174
4 47
4 48
4 179
4 53
4 54
4 183
4 58
4 187
4 188
4 160
4 66
4 78
4 141
4 81
4 84
4 87
4 88
4 143
4 186
4 100
4 104
4 110
4 153
4 122
4 124
4 127
5 72
5 120
5 197
5 191
6 135
6 9
6 10
6 132
6 12
6 13
6 15
6 16
6 20
6 21
6 23
6 152
6 25
6 26
6 175
6 28
6 32
6 34
6 36
6 168
6 45
6 174
6 47
6 48
6 128
6 53
6 54
6 183
6 58
6 187
6 188
6 181
6 160
6 66
6 196
6 182
6 202
6 78
6 141
6 81
6 84
6 87
6 90
6 143
6 100
6 103
6 104
6 106
6 110
6 153
6 122
6 124
6 127
7 34
7 35
7 37
7 71
7 103
7 77
7 14
7 109
7 16
7 115
7 53
7 199
7 90
7 59
7 188
7 122
7 62
7 181
8 64
8 192
8 195
8 68
8 134
8 135
8 74
8 143
8 84
8 21
8 150
8 132
8 26
8 91
8 27
8 198
8 38
8 48
8 182
8 183
8 202
8 60
8 10
9 135
9 10
9 132
9 12
9 141
9 15
9 16
9 152
9 20
9 21
9 23
9 24
9 25
9 26
9 175
9 28
9 32
9 34
9 36
9 168
9 45
9 174
9 47
9 48
9 128
9 53
9 54
9 183
9 58
9 187
9 188
9 62
9 181
9 160
9 66
9 196
9 182
9 71
9 78
9 81
9 84
9 87
9 90
9 143
9 100
9 103
9 104
9 106
9 110
9 153
9 122
9 124
9 127
10 182
10 135
10 74
10 11
10 143
10 66
10 142
10 13
10 20
10 21
10 150
10 68
10 26
10 27
10 32
10 91
10 202
10 38
10 40
10 64
10 200
10 110
10 111
10 48
10 104
10 54
10 183
10 132
10 84
10 168
10 124
10 192
10 160
10 127
11 64
11 130
11 68
11 135
11 200
11 73
11 142
11 143
11 19
11 150
11 89
11 132
11 29
11 31
11 160
11 40
11 46
11 111
11 104
11 54
11 183
11 57
11 123
11 124
11 61
12 129
12 13
12 15
12 16
12 147
12 20
12 21
12 23
12 25
12 26
12 47
12 28
12 32
12 34
12 168
12 135
12 45
12 174
12 175
12 48
12 53
12 182
12 58
12 66
12 199
12 78
12 81
12 84
12 87
12 88
12 186
12 100
12 110
12 116
12 153
12 122
12 124
12 127
13 64
13 160
13 66
13 135
13 142
13 15
13 81
13 20
13 21
13 150
13 87
13 88
13 132
13 175
13 92
13 94
13 32
13 97
13 36
13 17
13 104
13 105
13 110
13 174
13 48
13 168
13 179
13 183
13 186
13 124
13 192
14 34
14 35
14 37
14 103
14 77
14 109
14 16
14 115
14 53
14 199
14 24
14 71
14 188
14 122
14 62
15 100
15 66
15 145
15 87
15 78
15 17
15 20
15 21
15 23
15 88
15 25
15 152
15 175
15 28
15 186
15 32
15 36
15 81
15 168
15 105
15 170
15 174
15 45
15 110
15 47
15 48
15 179
15 201
15 153
15 58
15 149
16 128
16 141
16 143
16 24
16 20
16 23
16 152
16 25
16 26
16 28
16 32
16 34
16 35
16 37
16 168
16 199
16 45
16 47
16 53
16 182
16 58
16 59
16 188
16 62
16 181
16 66
16 196
16 71
16 77
16 81
16 87
16 90
16 187
16 103
16 106
16 110
16 115
16 153
16 122
16 124
16 127
17 133
17 201
17 78
17 145
17 149
17 87
17 88
17 100
17 152
17 92
17 94
17 32
17 36
17 81
17 170
17 174
17 175
17 179
17 184
17 186
17 125
18 33
18 50
18 97
18 133
18 39
18 159
18 92
18 194
18 94
18 95
19 64
19 160
19 130
19 123
19 68
19 150
19 38
19 40
19 73
19 46
19 111
19 104
19 142
19 54
19 183
19 89
19 27
19 200
19 29
19 31
20 135
20 132
20 21
20 23
20 152
20 25
20 26
20 175
20 28
20 32
20 34
20 36
20 168
20 45
20 174
20 47
20 48
20 128
20 53
20 54
20 183
20 58
20 187
20 188
20 181
20 160
20 66
20 196
20 182
20 202
20 78
20 141
20 81
20 84
20 87
20 90
20 143
20 100
20 103
20 104
20 106
20 110
20 153
20 122
20 124
20 127
21 182
21 135
21 87
21 81
21 66
21 23
21 132
21 26
21 91
21 32
21 192
21 40
21 64
21 45
21 110
21 48
21 104
21 143
21 128
21 54
21 183
21 160
21 84
21 168
21 124
21 74
21 202
21 127
22 118
23 135
23 128
23 132
23 141
23 152
23 153
23 24
23 25
23 26
23 28
23 32
23 34
23 36
23 37
23 168
23 45
23 47
23 53
23 54
23 58
23 187
23 188
23 62
23 181
23 66
23 196
23 182
23 71
23 77
23 78
23 81
23 84
23 87
23 90
23 143
23 100
23 103
23 104
23 106
23 110
23 115
23 122
23 124
23 127
24 196
24 71
24 77
24 45
24 141
24 152
24 153
24 90
24 28
24 58
24 34
24 35
24 37
24 103
24 199
24 109
24 47
24 115
24 53
24 122
24 187
24 188
24 62
24 181
25 129
25 66
25 204
25 199
25 78
25 81
25 147
25 149
25 87
25 88
25 153
25 175
25 186
25 32
25 100
25 168
25 45
25 110
25 174
25 116
25 201
25 58
25 127
26 182
26 135
26 160
26 66
26 143
26 132
26 90
26 91
26 32
26 40
26 106
26 45
26 110
26 48
26 104
26 192
26 128
26 181
26 54
26 183
26 202
26 84
26 168
26 124
26 74
26 127
27 64
27 160
27 98
27 195
27 68
27 38
27 70
27 73
27 44
27 142
27 111
27 200
27 192
27 150
27 183
27 60
27 74
27 134
28 135
28 128
28 141
28 152
28 153
28 32
28 34
28 35
28 36
28 37
28 168
28 45
28 47
28 53
28 54
28 57
28 58
28 187
28 188
28 61
28 62
28 181
28 66
28 196
28 71
28 77
28 81
28 87
28 90
28 143
28 103
28 104
28 110
28 115
28 122
28 124
28 127
29 128
29 160
29 135
29 104
29 111
29 40
29 54
29 57
29 153
29 89
29 187
29 124
29 61
29 31
30 166
31 160
31 33
31 40
31 73
31 46
31 111
31 142
31 54
31 89
31 123
31 158
32 135
32 132
32 145
32 152
32 175
32 160
32 34
32 36
32 168
32 170
32 45
32 174
32 47
32 48
32 179
32 53
32 54
32 183
32 58
32 187
32 66
32 78
32 81
32 87
32 88
32 143
32 186
32 100
32 104
32 110
32 153
32 122
32 124
32 127
33 160
33 133
33 39
33 73
33 170
33 46
33 89
33 92
33 94
33 95
34 128
34 141
34 152
34 153
34 35
34 37
34 168
34 199
34 45
34 47
34 53
34 58
34 59
34 188
34 62
34 181
34 66
34 196
34 71
34 77
34 81
34 87
34 90
34 187
34 103
34 106
34 109
34 110
34 115
34 122
34 124
34 127
35 196
35 77
35 141
35 90
35 59
35 37
35 103
35 71
35 109
35 47
35 115
35 53
35 122
35 187
35 188
35 62
35 181
36 66
36 78
36 81
36 87
36 152
36 153
36 175
36 94
36 100
36 145
36 170
36 174
36 110
36 47
36 179
36 201
36 58
36 187
37 196
37 187
37 77
37 45
37 141
37 90
37 103
37 71
37 109
37 47
37 115
37 53
37 122
37 59
37 188
37 62
37 181
38 64
38 160
38 98
38 195
38 68
38 134
38 70
38 73
38 44
38 142
38 111
38 200
38 192
38 150
38 183
38 60
38 74
39 51
39 159
39 169
39 155
39 92
39 50
39 95
40 64
40 68
40 135
40 200
40 73
40 192
40 66
40 142
40 143
40 150
40 132
40 160
40 104
40 46
40 111
40 48
40 168
40 128
40 54
40 183
40 57
40 124
40 61
41 118
42 114
42 75
42 165
43 82
43 179
43 162
43 149
43 146
43 119
43 184
43 125
44 64
44 98
44 195
44 68
44 70
44 136
44 73
44 46
44 200
44 142
44 150
44 60
44 134
45 135
45 128
45 132
45 141
45 152
45 168
45 199
45 174
45 47
45 53
45 182
45 58
45 187
45 188
45 62
45 181
45 66
45 196
45 71
45 77
45 78
45 81
45 84
45 87
45 90
45 143
45 100
45 103
45 104
45 106
45 110
45 115
45 153
45 122
45 124
45 127
46 160
46 73
46 142
46 111
46 200
46 150
46 89
46 123
46 158
47 128
47 141
47 152
47 153
47 168
47 53
47 57
47 58
47 187
47 188
47 61
47 62
47 181
47 66
47 196
47 71
47 77
47 81
47 87
47 90
47 100
47 103
47 110
47 115
47 122
47 124
48 135
48 142
48 150
48 153
48 132
48 160
48 168
48 174
48 175
48 179
48 54
48 183
48 202
48 186
48 192
48 64
48 66
48 74
48 143
48 81
48 84
48 87
48 88
48 91
48 94
48 104
48 105
48 110
48 111
48 124
48 127
49 80
49 67
49 52
49 117
49 185
49 63
50 51
50 169
50 155
50 159
50 173
50 95
51 167
51 159
51 173
51 169
51 95
52 67
52 117
52 185
52 172
52 63
53 128
53 141
53 143
53 152
53 153
53 168
53 199
53 181
53 182
53 58
53 59
53 188
53 62
53 66
53 196
53 71
53 77
53 81
53 87
53 90
53 187
53 103
53 106
53 110
53 115
53 122
53 124
53 127
54 64
54 135
54 66
54 142
54 143
54 132
54 110
54 111
54 104
54 183
54 128
54 73
54 153
54 57
54 87
54 168
54 124
54 61
54 160
55 144
55 69
55 198
56 184
56 83
57 128
57 187
57 196
57 104
57 124
57 111
57 61
58 100
58 71
58 145
58 87
58 141
58 78
58 81
58 174
58 152
58 175
58 103
58 170
58 110
58 201
58 153
58 122
58 187
58 188
58 62
59 128
59 65
59 196
59 106
59 71
59 77
59 141
59 115
59 90
59 103
59 188
59 122
59 62
59 181
60 64
60 192
60 98
60 195
60 68
60 69
60 74
60 108
60 130
60 200
60 134
60 198
61 128
61 187
61 196
61 104
61 143
61 111
61 124
62 196
62 187
62 77
62 141
62 90
62 122
62 199
62 103
62 71
62 109
62 115
62 188
62 181
63 80
63 67
63 117
63 185
64 192
64 195
64 68
64 70
64 135
64 73
64 142
64 143
64 150
64 132
64 91
64 160
64 98
64 134
64 124
64 200
64 111
64 104
64 183
64 202
64 74
65 163
65 85
65 118
66 135
66 132
66 175
66 174
66 128
66 183
66 186
66 160
66 182
66 202
66 78
66 81
66 84
66 87
66 88
66 143
66 104
66 110
66 168
66 153
66 122
66 124
66 127
67 80
67 117
67 185
67 172
68 192
68 130
68 195
68 132
68 198
68 142
68 150
68 160
68 98
68 111
68 200
68 183
68 202
68 74
69 113
69 98
69 131
69 198
69 108
70 192
70 195
70 134
70 150
70 136
70 200
70 142
71 196
71 187
71 77
71 141
71 153
71 90
71 122
71 103
71 199
71 109
71 115
71 188
71 181
72 120
72 197
72 191
73 123
73 150
73 111
73 104
73 142
73 160
73 89
73 200
73 158
74 192
74 195
74 134
74 135
74 142
74 84
74 150
74 132
74 91
74 98
74 198
74 200
74 183
74 202
75 76
75 114
75 165
76 114
76 101
77 196
77 187
77 141
77 90
77 199
77 103
77 109
77 115
77 122
77 188
77 181
78 149
78 81
78 87
78 88
78 152
78 175
78 186
78 100
78 145
78 168
78 110
78 174
78 179
78 204
78 201
78 153
79 112
80 117
81 135
81 152
81 168
81 170
81 174
81 175
81 179
81 187
81 188
81 201
81 141
81 87
81 88
81 186
81 100
81 145
81 104
81 110
81 153
81 122
81 124
81 127
82 146
82 119
83 172
84 135
84 143
84 132
84 91
84 168
84 106
84 110
84 192
84 128
84 182
84 183
84 202
84 124
84 127
85 163
85 118
86 195
86 140
86 93
86 134
87 135
87 145
87 152
87 132
87 175
87 168
87 170
87 174
87 179
87 183
87 187
87 160
87 88
87 186
87 94
87 100
87 104
87 110
87 153
87 124
88 110
88 157
88 94
88 162
88 105
88 174
88 175
88 179
88 116
88 186
88 125
88 149
89 123
89 158
89 111
90 196
90 128
90 141
90 143
90 181
90 103
90 168
90 188
90 106
90 115
90 182
90 122
90 124
90 127
91 192
91 132
91 134
91 157
91 183
91 202
91 127
92 133
92 97
92 194
92 170
92 94
92 95
93 195
93 140
93 134
94 194
94 133
94 95
94 160
94 97
94 162
94 105
94 170
94 174
94 175
94 179
94 186
94 125
95 97
95 133
95 159
96 176
97 179
97 133
97 162
97 194
97 105
97 125
98 192
98 130
98 131
98 200
98 108
98 198
99 193
99 102
100 149
100 152
100 175
100 145
100 174
100 110
100 204
100 201
100 153
100 170
102 193
103 196
103 187
103 109
103 141
103 153
103 122
103 199
103 168
103 115
103 188
103 181
104 135
104 192
104 142
104 143
104 150
104 132
104 110
104 111
104 168
104 183
104 128
104 153
104 124
104 160
105 162
105 175
105 174
105 125
105 179
105 149
105 186
105 157
106 132
106 135
106 128
106 143
106 196
106 181
106 168
106 182
106 124
106 202
106 127
108 113
108 131
108 130
109 115
109 199
109 188
109 122
110 135
110 132
110 152
110 175
110 168
110 170
110 174
110 128
110 183
110 187
110 188
110 160
110 182
110 143
110 186
110 153
110 122
110 124
110 127
111 128
111 135
111 200
111 192
111 142
111 143
111 150
111 160
111 183
111 132
111 123
111 124
112 130
112 123
113 131
114 165
115 196
115 187
115 141
115 122
115 188
115 181
116 129
116 147
116 151
116 157
117 185
118 163
119 179
119 149
119 146
119 162
119 184
119 125
120 197
120 191
121 171
122 128
122 141
122 152
122 153
122 168
122 199
122 181
122 187
122 188
122 196
122 124
122 127
123 130
124 135
124 142
124 143
124 132
124 128
124 183
124 187
124 181
124 160
124 196
124 182
124 202
124 168
124 153
124 127
125 162
125 174
125 175
125 179
125 149
125 186
127 129
127 132
127 143
127 147
127 168
127 135
127 128
127 182
127 153
127 202
127 181
128 132
128 182
128 135
128 202
128 143
128 196
128 153
128 181
128 168
129 147
129 199
132 135
132 142
132 143
132 150
132 182
132 183
132 202
132 192
132 160
132 168
133 179
133 184
133 170
134 192
134 140
134 195
134 150
135 142
135 143
135 150
135 183
135 202
135 192
135 160
135 182
135 168
135 153
136 154
137 156
138 169
139 178
140 195
141 187
141 196
141 152
141 153
141 188
141 181
142 192
142 200
142 150
142 160
142 183
143 181
143 182
143 183
143 192
143 160
143 202
143 168
143 153
145 187
145 201
145 170
145 174
145 152
145 175
145 153
146 184
147 151
147 157
148 167
149 201
149 174
149 179
149 186
149 175
150 192
150 195
150 160
150 183
150 200
151 157
152 174
152 175
152 170
152 201
152 153
152 187
152 188
153 175
153 168
153 170
153 174
153 187
153 188
153 160
153 196
154 158
156 180
157 186
159 173
159 169
159 167
160 200
160 192
160 168
160 183
162 194
162 179
162 186
164 197
164 191
167 194
167 169
167 173
168 175
168 183
168 187
168 188
168 181
168 196
168 182
168 202
169 173
170 187
170 179
170 174
170 175
174 186
174 175
174 179
174 201
175 186
175 179
175 201
178 189
179 186
181 196
181 187
181 188
181 182
182 183
182 202
183 192
183 200
183 202
187 196
187 188
188 196
188 199
191 197
192 195
192 200
192 202
195 198
201 204
