0 4
5 48
5 191
5 108
5 38
5 119
6 198
6 70
6 7
6 104
6 204
6 142
6 80
6 116
6 21
6 152
6 122
6 28
6 31
7 68
7 9
7 204
7 14
7 79
7 80
7 18
7 152
7 132
7 28
7 93
7 31
7 16
7 198
7 103
7 42
7 172
7 45
7 116
7 53
7 122
7 187
7 61
8 135
9 132
9 42
9 103
9 172
9 79
9 18
9 53
9 152
9 122
9 187
9 28
9 31
10 97
10 36
10 72
10 11
10 15
10 82
10 83
10 22
10 151
10 58
10 60
10 90
10 190
11 82
11 83
11 36
11 101
11 22
11 151
11 72
11 15
12 186
12 23
13 17
13 102
13 24
13 121
13 26
13 27
13 124
13 74
13 173
14 61
14 132
14 198
14 204
14 103
14 172
14 45
14 79
14 16
14 18
14 116
14 53
14 152
14 122
14 187
14 28
14 93
15 123
15 82
15 83
15 36
15 101
15 22
15 151
15 72
15 25
16 61
16 132
16 198
16 204
16 42
16 103
16 172
16 45
16 79
16 18
16 116
16 53
16 152
16 122
16 187
16 28
16 93
17 102
17 24
17 121
17 26
17 27
17 124
17 173
18 93
18 204
18 198
18 42
18 103
18 172
18 45
18 79
18 116
18 53
18 152
18 132
18 122
18 187
18 28
18 61
18 31
19 195
20 81
20 37
20 102
20 40
20 185
20 74
20 94
21 80
21 70
21 107
21 142
21 31
22 97
22 36
22 72
22 82
22 83
22 52
22 151
22 90
22 60
22 58
22 190
24 121
24 26
24 27
24 124
24 173
25 128
25 162
25 101
25 86
25 123
25 143
26 121
26 124
26 173
27 124
27 173
28 132
28 198
28 204
28 79
28 80
28 152
28 31
28 103
28 42
28 172
28 45
28 116
28 53
28 122
28 187
28 61
30 113
31 204
31 68
31 198
31 168
31 42
31 103
31 172
31 79
31 80
31 116
31 152
31 132
31 122
31 187
31 53
32 177
32 157
32 47
33 66
33 100
34 116
34 84
35 200
35 202
35 39
36 123
36 82
36 83
36 101
36 151
36 72
36 58
37 81
37 102
37 40
37 185
37 94
38 48
38 191
38 108
38 119
39 202
40 81
40 102
40 185
41 55
42 194
42 68
42 198
42 204
42 79
42 80
42 152
42 132
42 103
42 168
42 172
42 112
42 116
42 53
42 122
42 187
42 61
43 44
43 126
44 126
45 198
45 103
45 204
45 61
45 116
45 122
45 79
45 93
46 92
47 50
47 51
47 157
47 55
48 158
48 108
48 119
50 55
50 157
52 82
52 72
52 90
52 60
52 190
53 194
53 68
53 198
53 204
53 79
53 80
53 152
53 132
53 103
53 168
53 172
53 112
53 116
53 122
53 187
53 61
54 168
54 130
54 77
54 154
54 181
55 157
56 188
58 82
58 83
58 151
58 72
58 123
58 60
58 90
58 190
60 97
60 82
60 83
60 90
60 151
60 72
60 190
61 132
61 198
61 204
61 103
61 172
61 79
61 116
61 152
61 122
61 187
61 93
62 114
62 188
63 91
63 75
64 164
65 109
66 100
68 112
68 194
68 84
68 168
69 171
70 80
70 104
70 107
70 142
71 160
71 170
71 183
72 97
72 82
72 83
72 151
72 90
72 190
73 156
74 81
74 102
74 121
74 124
75 91
77 154
79 132
79 204
79 198
79 103
79 172
79 93
79 116
79 152
79 122
79 187
80 104
80 204
80 142
80 116
80 152
80 122
81 102
81 185
81 94
82 97
82 83
82 151
82 90
82 190
83 151
83 90
83 190
86 128
86 162
86 110
87 96
88 177
89 129
89 106
89 149
89 134
90 97
90 151
90 190
93 132
93 198
93 103
93 172
93 187
94 196
96 174
97 151
97 190
101 123
101 143
102 121
102 124
102 185
102 173
103 204
103 198
103 172
103 116
103 152
103 132
103 122
103 187
104 204
104 142
105 146
106 138
106 146
108 119
110 128
110 201
110 162
111 167
112 168
112 194
113 166
114 186
116 132
116 198
116 204
116 152
116 172
116 122
116 187
117 129
117 180
120 179
121 173
121 124
122 132
122 198
122 204
122 152
122 172
122 187
124 173
128 162
129 180
129 149
130 181
131 133
132 204
132 198
132 172
132 152
132 187
134 149
136 139
144 192
147 169
149 180
151 190
152 204
152 198
152 172
152 187
158 194
158 191
159 166
160 170
160 183
168 181
168 194
168 184
170 183
172 198
172 204
172 187
173 185
184 194
187 204
187 198
198 204
200 202
