0 2
0 75
0 69
0 6
0 161
0 8
0 9
0 10
0 11
0 204
0 66
0 15
0 16
0 17
0 146
0 19
0 148
0 21
0 201
0 24
0 26
0 79
0 92
0 93
0 30
0 80
0 102
0 39
0 104
0 105
0 49
0 180
0 126
0 182
0 119
0 59
0 125
0 62
0 63
1 64
1 65
1 2
1 3
1 4
1 5
1 71
1 204
1 203
1 140
1 13
1 124
1 82
1 147
1 84
1 66
1 23
1 24
1 169
1 94
1 159
1 164
1 38
1 104
1 105
1 42
1 146
1 175
1 189
1 114
1 53
1 182
1 119
1 185
1 123
1 21
1 125
1 126
1 63
2 66
2 3
2 4
2 69
2 6
2 8
2 10
2 11
2 204
2 158
2 173
2 82
2 139
2 21
2 24
2 153
2 75
2 93
2 30
2 96
2 161
2 169
2 102
2 39
2 104
2 105
2 171
2 146
2 175
2 49
2 114
2 180
2 126
2 189
2 119
2 148
2 127
2 124
2 125
2 62
2 63
3 64
3 203
3 4
3 5
3 65
3 204
3 126
3 140
3 13
3 124
3 82
3 147
3 84
3 66
3 23
3 24
3 169
3 94
3 159
3 164
3 38
3 104
3 105
3 42
3 71
3 146
3 175
3 189
3 114
3 185
3 53
3 182
3 119
3 148
3 123
3 21
3 125
3 62
3 63
4 5
4 65
4 10
4 126
4 204
4 66
4 13
4 82
4 19
4 84
4 21
4 203
4 23
4 24
4 169
4 94
4 159
4 164
4 38
4 104
4 105
4 42
4 71
4 146
4 175
4 189
4 114
4 53
4 182
4 119
4 148
4 123
4 124
4 125
4 62
4 63
5 64
5 66
5 65
5 203
5 140
5 13
5 82
5 147
5 84
5 21
5 23
5 25
5 94
5 159
5 99
5 164
5 38
5 169
5 42
5 71
5 146
5 189
5 114
5 53
5 182
5 119
5 185
5 123
5 124
5 125
5 126
5 63
6 8
6 9
6 10
6 11
6 15
6 16
6 146
6 148
6 21
6 24
6 153
6 26
6 158
6 161
6 162
6 39
6 173
6 177
6 180
6 30
6 59
6 62
6 66
6 139
6 69
6 201
6 75
6 204
6 79
6 80
6 88
6 49
6 92
6 93
6 96
6 102
6 104
6 105
6 119
6 125
6 126
6 127
7 193
7 43
7 150
7 12
7 77
7 141
7 18
7 149
7 22
7 154
7 27
7 95
7 32
7 33
7 101
7 167
7 107
7 108
7 45
7 46
7 52
7 181
8 11
8 69
8 161
8 9
8 10
8 75
8 204
8 79
8 80
8 17
8 148
8 24
8 26
8 92
8 93
8 30
8 96
8 16
8 162
8 102
8 39
8 104
8 105
8 172
8 49
8 180
8 201
8 88
8 59
8 125
8 62
9 161
9 201
9 10
9 14
9 79
9 80
9 17
9 19
9 148
9 26
9 15
9 92
9 30
9 16
9 104
9 105
9 49
9 50
9 59
9 125
9 62
10 11
10 14
10 15
10 16
10 17
10 146
10 19
10 148
10 21
10 24
10 26
10 30
10 161
10 164
10 39
10 49
10 50
10 180
10 182
10 59
10 189
10 62
10 63
10 66
10 69
10 201
10 75
10 204
10 79
10 80
10 82
10 92
10 93
10 104
10 105
10 114
10 119
10 125
10 126
11 135
11 139
11 146
11 148
11 21
11 151
11 24
11 153
11 26
11 158
11 161
11 162
11 39
11 168
11 173
11 175
11 49
11 180
11 30
11 59
11 62
11 63
11 66
11 69
11 75
11 204
11 80
11 88
11 92
11 93
11 96
11 102
11 104
11 105
11 119
11 124
11 125
11 126
11 127
12 193
12 150
12 137
12 77
12 141
12 144
12 18
12 22
12 154
12 156
12 32
12 33
12 163
12 101
12 167
12 107
12 108
12 45
12 46
12 52
12 181
13 64
13 66
13 65
13 203
13 140
13 82
13 147
13 84
13 21
13 23
13 25
13 94
13 159
13 36
13 38
13 169
13 42
13 71
13 189
13 114
13 53
13 182
13 119
13 185
13 123
13 124
13 125
13 126
13 63
14 164
14 17
14 50
14 19
14 148
14 62
14 79
15 66
15 161
15 75
15 79
15 80
15 19
15 148
15 26
15 92
15 93
15 30
15 16
15 105
15 177
15 50
15 62
15 182
15 59
15 125
15 126
16 75
16 80
16 17
16 148
16 88
16 26
16 79
16 92
16 93
16 30
16 161
16 162
16 39
16 105
16 172
16 109
16 49
16 180
16 201
16 59
16 62
17 79
17 19
17 148
17 26
17 92
17 30
17 161
17 164
17 104
17 105
17 49
17 50
17 201
17 59
17 125
17 62
18 32
18 33
18 43
18 196
18 37
18 166
18 74
18 107
18 141
18 46
18 144
18 163
18 116
18 181
18 202
18 154
18 156
18 29
18 101
19 82
19 148
19 21
19 79
19 164
19 38
19 104
19 105
19 50
19 189
19 114
19 62
19 182
19 119
19 123
19 125
19 126
19 63
20 120
20 122
20 83
20 118
20 143
21 63
21 146
21 148
21 23
21 24
21 153
21 158
21 159
21 161
21 164
21 38
21 169
21 42
21 173
21 175
21 180
21 30
21 182
21 189
21 62
21 53
21 65
21 66
21 69
21 204
21 82
21 84
21 102
21 104
21 105
21 114
21 147
21 119
21 123
21 124
21 125
21 126
21 127
22 33
22 165
22 200
22 193
22 167
22 108
22 77
22 142
22 112
22 150
22 89
23 64
23 66
23 65
23 203
23 82
23 67
23 84
23 25
23 94
23 159
23 99
23 38
23 169
23 42
23 71
23 189
23 114
23 53
23 182
23 119
23 185
23 123
23 124
23 125
23 126
23 63
24 146
24 148
24 153
24 26
24 158
24 161
24 164
24 39
24 169
24 171
24 173
24 175
24 49
24 180
24 30
24 189
24 62
24 63
24 66
24 139
24 69
24 75
24 204
24 82
24 93
24 96
24 102
24 104
24 105
24 114
24 119
24 124
24 125
24 126
24 127
25 64
25 65
25 203
25 36
25 71
25 42
25 140
25 84
25 87
25 185
25 58
25 94
25 159
26 66
26 69
26 161
26 75
26 80
26 148
26 79
26 92
26 93
26 30
26 162
26 102
26 39
26 105
26 172
26 49
26 180
26 201
26 88
26 59
26 125
26 62
27 33
27 98
27 181
27 41
27 43
27 140
27 45
27 108
27 147
27 52
27 149
27 154
27 188
27 95
28 34
28 195
28 170
28 98
28 110
28 145
28 56
28 186
28 184
28 188
28 122
28 95
29 32
29 163
29 196
29 37
29 166
29 40
29 137
29 74
29 141
29 144
29 154
29 156
29 202
29 101
30 146
30 148
30 153
30 158
30 161
30 162
30 39
30 173
30 177
30 180
30 59
30 62
30 66
30 139
30 69
30 201
30 75
30 204
30 79
30 80
30 88
30 49
30 92
30 93
30 96
30 102
30 104
30 105
30 119
30 124
30 125
30 126
30 127
31 99
31 35
31 83
31 85
31 134
31 87
31 122
31 61
32 33
32 43
32 196
32 101
32 166
32 136
32 107
32 141
32 144
32 163
32 116
32 181
32 154
32 156
33 193
33 43
33 150
33 77
33 142
33 141
33 149
33 154
33 95
33 101
33 167
33 107
33 108
33 45
33 46
33 52
33 181
34 145
34 98
34 195
34 184
34 188
34 170
34 110
34 95
35 99
35 83
35 61
35 85
36 64
36 203
36 71
36 42
36 87
36 140
36 185
36 58
36 94
36 159
37 144
37 163
37 116
37 101
37 40
37 194
37 74
37 202
38 66
38 65
38 203
38 82
38 67
38 84
38 94
38 159
38 99
38 164
38 169
38 42
38 71
38 189
38 114
38 53
38 182
38 119
38 123
38 124
38 125
38 126
38 63
39 69
39 161
39 201
39 75
39 204
39 173
39 80
39 88
39 139
39 153
39 92
39 93
39 96
39 162
39 100
39 102
39 168
39 105
39 172
39 109
39 49
39 180
39 158
39 59
39 62
39 127
40 144
40 163
40 196
40 202
40 74
41 149
41 143
41 122
41 54
41 56
41 188
41 58
41 76
41 45
41 95
42 64
42 149
42 65
42 203
42 140
42 147
42 84
42 94
42 159
42 169
42 71
42 114
42 53
42 119
42 185
42 124
42 189
42 126
42 63
43 135
43 101
43 136
43 107
43 44
43 45
43 78
43 141
43 116
43 181
43 151
43 152
43 154
43 60
43 190
43 133
44 128
44 70
44 199
44 136
44 73
44 139
44 173
44 142
44 174
44 171
44 121
44 152
44 153
44 155
44 158
45 98
45 181
45 108
45 141
45 147
45 52
45 149
45 154
45 188
45 95
46 163
46 101
46 137
46 193
46 108
46 77
46 141
46 144
46 52
46 150
46 156
47 89
47 193
47 77
47 198
47 117
48 76
48 54
49 69
49 161
49 75
49 204
49 79
49 80
49 148
49 92
49 93
49 96
49 162
49 104
49 105
49 172
49 180
49 201
49 88
49 59
49 125
49 62
50 148
50 62
50 79
51 72
51 97
51 179
51 132
51 129
52 156
52 188
52 76
52 95
53 64
53 65
53 140
53 82
53 84
53 94
53 159
53 164
53 104
53 169
53 146
53 175
53 114
53 119
53 185
53 123
53 124
53 189
53 63
54 188
54 56
54 58
54 76
54 143
55 137
55 156
56 188
56 58
56 143
56 76
56 122
56 95
57 195
57 196
57 166
57 106
57 187
57 156
57 141
57 110
57 191
58 188
58 122
58 87
58 76
58 143
59 161
59 75
59 80
59 148
59 88
59 79
59 92
59 93
59 162
59 105
59 172
59 109
59 180
59 201
59 62
60 139
60 68
60 133
60 102
60 103
60 136
60 106
60 191
60 111
60 181
60 151
60 152
60 127
60 135
60 190
60 69
61 99
61 83
61 85
61 87
61 122
62 146
62 148
62 161
62 164
62 180
62 182
62 189
62 63
62 66
62 69
62 201
62 75
62 204
62 79
62 80
62 82
62 92
62 93
62 104
62 105
62 114
62 119
62 123
62 124
62 125
62 126
63 65
63 204
63 82
63 84
63 203
63 169
63 175
63 94
63 159
63 164
63 104
63 105
63 66
63 71
63 146
63 125
63 189
63 114
63 182
63 119
63 126
63 148
63 123
63 124
64 65
64 169
64 71
64 140
64 114
64 147
64 84
64 203
64 185
64 94
64 159
65 66
65 71
65 203
65 82
65 67
65 84
65 94
65 159
65 99
65 169
65 189
65 114
65 182
65 119
65 185
65 123
65 124
65 125
65 126
66 204
66 80
66 75
66 84
66 203
66 169
66 93
66 161
66 99
66 105
66 71
66 146
66 189
66 177
66 114
66 180
66 126
66 182
66 119
66 148
66 127
66 124
66 125
67 99
67 182
67 71
67 203
67 126
67 197
68 98
68 103
68 138
68 75
68 135
68 111
68 177
68 115
68 86
68 151
68 186
68 91
68 106
68 191
69 128
69 135
69 75
69 204
69 152
69 146
69 139
69 151
69 88
69 153
69 92
69 93
69 96
69 161
69 162
69 102
69 168
69 105
69 171
69 173
69 174
69 111
69 180
69 158
69 125
69 127
70 128
70 199
70 73
70 171
70 173
70 142
70 174
70 78
70 121
70 152
70 153
70 155
70 158
71 84
71 203
71 87
71 94
71 159
71 99
71 169
71 114
71 182
71 119
71 185
71 124
71 189
71 126
72 129
73 194
73 165
73 136
73 107
73 142
73 81
73 116
73 78
73 121
73 155
74 144
74 163
74 196
74 101
74 137
74 202
75 161
75 177
75 204
75 80
75 88
75 148
75 92
75 93
75 162
75 102
75 105
75 111
75 180
75 126
75 125
75 127
76 143
76 188
76 95
77 108
77 193
77 167
77 142
77 150
77 89
78 81
78 194
78 116
78 155
78 121
78 136
78 107
78 181
79 161
79 80
79 148
79 92
79 104
79 105
79 201
79 125
80 148
80 92
80 93
80 161
80 105
80 180
80 201
80 125
81 174
81 121
81 136
81 155
82 126
82 204
82 146
82 84
82 169
82 94
82 164
82 104
82 105
82 175
82 189
82 114
82 182
82 119
82 148
82 123
82 124
82 125
83 85
83 87
83 120
83 122
83 143
84 203
84 140
84 147
84 94
84 159
84 99
84 169
84 146
84 189
84 177
84 114
84 182
84 119
84 185
84 123
84 124
84 125
84 126
85 87
85 122
86 113
86 130
86 115
86 134
86 103
86 138
86 91
86 186
87 122
87 203
88 192
88 135
88 131
88 139
88 151
88 92
88 93
88 96
88 161
88 162
88 100
88 102
88 168
88 103
88 172
88 109
88 111
88 180
89 193
89 150
89 198
89 167
89 200
89 108
89 140
89 142
89 112
89 149
90 176
90 115
90 132
90 106
90 91
90 191
91 176
91 191
91 133
91 103
91 183
91 106
91 111
92 161
92 148
92 93
92 162
92 105
92 172
92 109
92 180
92 201
93 192
93 135
93 177
93 204
93 161
93 148
93 151
93 96
93 162
93 102
93 105
93 109
93 111
93 180
93 125
93 127
94 159
94 169
94 114
94 185
94 123
94 189
95 98
95 110
95 141
95 156
95 188
96 128
96 135
96 139
96 204
96 146
96 151
96 153
96 158
96 161
96 162
96 100
96 102
96 168
96 171
96 173
96 174
96 180
96 127
97 132
97 179
98 147
98 195
98 191
98 188
98 186
99 197
99 203
99 177
99 114
99 182
99 134
99 126
100 160
100 162
100 131
100 192
100 168
100 172
100 109
101 107
101 196
101 137
101 141
101 144
101 154
101 156
101 163
101 166
101 116
101 181
101 202
102 135
102 204
102 152
102 146
102 139
102 151
102 153
102 161
102 162
102 168
102 105
102 171
102 173
102 174
102 111
102 180
102 158
102 190
102 127
103 192
103 131
103 133
103 135
103 106
103 183
103 111
103 151
103 191
104 204
104 148
104 169
104 201
104 161
104 164
104 105
104 146
104 175
104 114
104 189
104 119
104 123
104 125
105 146
105 148
105 158
105 161
105 164
105 169
105 173
105 175
105 180
105 182
105 189
105 201
105 204
105 114
105 119
105 123
105 124
105 125
105 126
106 187
106 133
106 191
106 190
106 111
107 163
107 136
107 141
107 144
107 116
107 181
107 152
107 121
107 154
107 155
107 190
108 193
108 167
108 142
108 150
109 192
109 162
109 131
109 172
109 180
110 188
110 195
110 156
110 141
111 133
111 192
111 191
111 131
111 135
111 151
111 190
111 127
112 198
112 165
112 167
112 200
112 142
113 130
113 115
113 134
113 138
114 126
114 204
114 203
114 169
114 175
114 159
114 164
114 146
114 125
114 189
114 147
114 182
114 119
114 148
114 123
114 124
115 186
115 170
115 138
116 194
116 136
116 202
116 144
116 181
116 121
116 154
116 155
118 120
118 184
119 146
119 148
119 158
119 159
119 161
119 164
119 169
119 175
119 182
119 189
119 203
119 204
119 123
119 124
119 125
119 126
120 122
120 143
121 194
121 165
121 136
121 181
121 155
122 143
123 126
123 204
123 169
123 159
123 164
123 146
123 175
123 189
123 124
123 125
124 149
124 204
124 140
124 158
124 173
124 147
124 203
124 153
124 159
124 148
124 169
124 146
124 175
124 177
124 189
124 126
124 127
124 125
125 146
125 148
125 158
125 161
125 164
125 177
125 169
125 175
125 180
125 182
125 189
125 204
125 126
126 204
126 203
126 169
126 161
126 189
126 177
126 148
126 182
126 146
127 135
127 204
127 152
127 146
127 147
127 139
127 151
127 153
127 161
127 168
127 173
127 180
127 158
127 190
128 139
128 199
128 168
128 171
128 173
128 174
128 152
128 153
128 158
130 138
130 134
131 160
131 192
131 183
132 176
132 179
133 136
133 135
133 151
133 187
133 190
133 191
134 177
134 138
134 186
135 139
135 151
135 152
135 153
135 158
135 168
135 173
135 180
135 191
135 190
136 181
136 152
136 154
136 155
136 190
137 144
137 163
137 202
137 156
138 177
138 186
139 204
139 146
139 151
139 153
139 152
139 158
139 162
139 168
139 171
139 173
139 174
139 180
139 190
140 169
140 159
140 146
140 147
140 185
140 149
141 195
141 181
141 144
141 163
141 154
141 156
142 165
142 167
142 200
142 150
144 163
144 196
144 166
144 202
144 154
144 156
145 184
145 170
146 148
146 153
146 158
146 161
146 164
146 169
146 171
146 173
146 175
146 180
146 189
146 204
147 149
147 169
147 203
147 159
148 161
148 164
148 180
148 182
148 189
148 201
148 204
149 152
149 159
150 200
150 193
150 167
151 192
151 152
151 153
151 158
151 168
151 173
151 180
151 191
151 190
152 181
152 173
152 174
152 190
152 153
152 158
153 204
153 199
153 158
153 168
153 171
153 173
153 174
153 175
153 180
154 163
154 181
154 156
154 190
155 194
155 165
156 163
156 195
158 204
158 199
158 161
158 168
158 171
158 173
158 174
158 175
158 180
159 203
159 169
159 185
159 189
161 204
161 201
161 162
161 180
162 192
162 168
162 172
162 180
163 202
164 204
164 169
164 175
164 189
165 200
165 167
166 196
166 187
167 200
167 193
168 173
168 174
168 180
168 171
169 204
169 203
169 175
169 189
169 182
169 185
170 184
170 186
171 199
171 204
171 173
171 174
171 175
172 192
172 201
172 180
173 204
173 199
173 174
173 175
173 180
174 199
175 199
175 204
175 189
177 203
177 186
180 201
180 204
181 190
182 203
182 197
182 189
183 192
185 203
187 195
187 191
189 204
189 203
190 191
191 195
