0 1
0 2
0 3
0 4
0 10
0 11
0 13
0 14
0 16
0 152
0 19
0 21
0 24
0 26
0 155
0 30
0 31
0 32
0 33
0 36
0 37
0 167
0 43
0 46
0 183
0 189
0 193
0 194
0 68
0 198
0 71
0 73
0 76
0 77
0 83
0 142
0 86
0 98
0 99
0 101
0 103
0 106
0 107
0 115
0 85
1 96
1 2
1 3
1 4
1 198
1 193
1 11
1 142
1 115
1 99
1 21
1 24
1 26
1 31
1 32
1 33
1 98
1 35
1 37
1 107
1 43
1 46
1 19
1 183
1 83
2 3
2 4
2 193
2 73
2 11
2 13
2 19
2 21
2 24
2 68
2 26
2 155
2 31
2 32
2 33
2 99
2 37
2 103
2 43
2 46
2 115
2 183
3 107
3 4
3 198
3 71
3 73
3 11
3 76
3 13
3 14
3 16
3 115
3 19
3 21
3 86
3 24
3 68
3 26
3 103
3 101
3 167
3 30
3 31
3 32
3 33
3 98
3 99
3 36
3 37
3 142
3 96
3 106
3 43
3 46
3 83
3 183
3 193
3 189
3 85
4 68
4 198
4 193
4 194
4 73
4 10
4 11
4 76
4 13
4 14
4 77
4 16
4 152
4 19
4 21
4 24
4 26
4 155
4 101
4 167
4 30
4 31
4 32
4 33
4 99
4 36
4 37
4 103
4 106
4 43
4 46
4 183
4 189
5 146
5 147
6 97
6 164
6 136
6 139
6 94
6 113
6 179
6 62
6 54
6 56
6 122
6 125
6 158
7 34
7 39
7 9
7 109
7 78
7 48
7 17
7 116
7 117
7 87
7 188
7 191
8 64
8 128
8 22
8 198
8 71
8 12
8 15
8 144
8 83
8 86
8 88
8 27
8 199
8 96
8 98
8 35
8 100
8 102
8 107
8 108
8 45
8 177
8 51
8 180
8 53
8 118
8 121
8 63
9 33
9 34
9 68
9 69
9 194
9 124
9 10
9 103
9 76
9 77
9 14
9 16
9 17
9 78
9 87
9 92
9 30
9 191
10 194
10 69
10 11
10 76
10 13
10 14
10 77
10 16
10 17
10 21
10 87
10 24
10 68
10 26
10 92
10 167
10 30
10 160
10 33
10 36
10 103
10 43
10 78
10 46
10 73
10 191
10 127
11 198
11 193
11 194
11 73
11 76
11 13
11 14
11 77
11 16
11 152
11 19
11 21
11 24
11 68
11 26
11 155
11 101
11 167
11 30
11 31
11 32
11 33
11 99
11 36
11 37
11 103
11 106
11 43
11 46
11 183
11 189
12 64
12 19
12 22
12 198
12 71
12 142
12 15
12 18
12 83
12 86
12 88
12 90
12 27
12 157
12 199
12 96
12 98
12 35
12 102
12 107
12 108
12 45
12 99
12 51
12 180
12 53
12 118
12 119
12 121
12 63
13 193
13 73
13 76
13 77
13 14
13 16
13 17
13 167
13 21
13 24
13 68
13 152
13 155
13 29
13 31
13 32
13 33
13 36
13 101
13 103
13 42
13 43
13 46
13 189
13 106
13 191
14 193
14 69
14 76
14 78
14 77
14 16
14 17
14 167
14 21
14 24
14 68
14 152
14 155
14 29
14 30
14 31
14 32
14 33
14 34
14 36
14 101
14 103
14 42
14 43
14 46
14 189
14 73
14 191
14 106
14 85
15 64
15 65
15 66
15 22
15 71
15 129
15 128
15 75
15 156
15 86
15 28
15 199
15 182
15 96
15 100
15 102
15 38
15 40
15 41
15 107
15 45
15 110
15 168
15 180
15 53
15 118
15 160
15 121
15 59
15 202
15 63
16 193
16 69
16 76
16 77
16 17
16 167
16 21
16 24
16 68
16 152
16 91
16 29
16 30
16 31
16 32
16 33
16 34
16 155
16 36
16 101
16 103
16 42
16 43
16 78
16 46
16 189
16 73
16 191
16 106
16 85
17 194
17 68
17 69
17 76
17 77
17 78
17 87
17 24
17 92
17 167
17 30
17 33
17 34
17 36
17 103
17 43
17 46
17 112
17 124
17 191
18 64
18 102
18 45
18 174
18 157
18 51
18 22
18 119
18 120
18 90
18 27
18 61
19 86
19 198
19 71
19 64
19 142
19 80
19 115
19 83
19 21
19 22
19 24
19 26
19 157
19 199
19 96
19 98
19 35
19 37
19 167
19 107
19 108
19 45
19 99
19 51
19 53
19 183
20 66
20 163
20 38
20 40
20 105
20 74
20 75
20 44
20 162
20 110
20 47
20 49
20 82
20 182
20 57
20 59
20 200
20 202
20 190
20 95
21 69
21 198
21 193
21 194
21 73
21 76
21 77
21 152
21 85
21 24
21 68
21 26
21 155
21 101
21 167
21 30
21 31
21 32
21 33
21 99
21 36
21 37
21 103
21 106
21 43
21 46
21 189
22 64
22 115
22 71
22 142
22 80
22 83
22 86
22 88
22 26
22 27
22 90
22 199
22 96
22 98
22 35
22 37
22 102
22 107
22 108
22 45
22 157
22 99
22 51
22 180
22 53
22 118
22 119
23 48
23 50
23 84
23 117
23 39
23 135
23 109
23 133
24 69
24 198
24 71
24 194
24 73
24 76
24 77
24 86
24 68
24 26
24 28
24 167
24 30
24 32
24 33
24 99
24 36
24 37
24 103
24 129
24 43
24 78
24 46
24 168
24 160
24 191
25 203
25 133
26 86
26 100
26 71
26 194
26 76
26 77
26 89
26 68
26 98
26 28
26 30
26 198
26 96
26 33
26 67
26 35
26 36
26 37
26 107
26 167
26 129
26 43
26 45
26 46
26 99
26 168
26 83
26 199
26 53
26 160
27 64
27 199
27 88
27 90
27 157
27 96
27 35
27 102
27 107
27 108
27 45
27 51
27 180
27 53
27 118
27 119
27 120
27 61
28 128
28 129
28 66
28 67
28 69
28 71
28 194
28 162
28 86
28 89
28 36
28 92
28 30
28 160
28 34
28 100
28 38
28 167
28 168
28 112
28 52
28 124
29 32
29 33
29 68
29 101
29 103
29 73
29 42
29 189
29 193
29 152
29 155
29 106
29 31
30 100
30 194
30 69
30 198
30 71
30 76
30 77
30 67
30 86
30 89
30 68
30 167
30 160
30 33
30 34
30 36
30 101
30 171
30 103
30 129
30 144
30 43
30 78
30 46
30 112
30 168
30 50
30 191
30 124
30 85
31 193
31 73
31 76
31 152
31 68
31 155
31 32
31 33
31 101
31 103
31 42
31 43
31 46
31 189
31 106
32 193
32 73
32 76
32 152
32 68
32 155
32 101
32 33
32 99
32 36
32 37
32 103
32 42
32 43
32 46
32 189
32 183
32 106
32 85
33 69
33 193
33 194
33 76
33 77
33 167
33 152
33 68
33 155
33 101
33 36
33 37
33 103
33 42
33 43
33 78
33 46
33 189
33 73
33 191
33 106
33 85
34 194
34 67
34 69
34 134
34 78
34 87
34 89
34 112
34 36
34 39
34 188
34 109
34 48
34 50
34 116
34 117
34 124
34 191
35 64
35 115
35 86
35 71
35 183
35 142
35 80
35 83
35 88
35 157
35 199
35 96
35 98
35 99
35 37
35 102
35 107
35 108
35 45
35 51
35 53
35 119
36 37
36 167
36 43
36 46
36 177
36 50
36 189
36 193
36 194
36 67
36 68
36 69
36 198
36 71
36 76
36 77
36 83
36 84
36 85
36 86
36 89
36 91
36 144
36 99
36 101
36 103
36 106
36 112
36 124
37 198
37 71
37 96
37 142
37 115
37 68
37 199
37 98
37 107
37 167
37 193
37 43
37 46
37 99
37 83
37 183
38 128
38 65
38 66
38 71
38 200
38 129
38 202
38 75
38 82
38 86
38 160
38 162
38 180
38 100
38 168
38 40
38 105
38 199
38 44
38 110
38 47
38 49
38 52
38 182
38 57
38 59
38 190
39 134
39 135
39 109
39 48
39 50
39 116
39 117
39 188
39 159
40 128
40 65
40 66
40 75
40 129
40 200
40 202
40 139
40 82
40 164
40 95
40 100
40 168
40 105
40 44
40 110
40 47
40 179
40 182
40 184
40 122
40 59
40 190
41 196
41 102
41 104
41 74
41 75
41 44
41 110
41 180
41 202
41 59
41 60
41 61
41 190
42 68
42 101
42 103
42 73
42 106
42 76
42 46
42 189
42 193
42 152
42 155
43 69
43 71
43 194
43 73
43 76
43 77
43 86
43 68
43 99
43 103
43 167
43 78
43 46
43 160
43 191
44 65
44 66
44 97
44 74
44 75
44 110
44 82
44 182
44 122
44 59
44 202
44 190
44 95
45 64
45 115
45 71
45 142
45 80
45 83
45 86
45 88
45 90
45 199
45 96
45 98
45 102
45 107
45 108
45 157
45 99
45 51
45 180
45 53
45 118
45 119
45 59
46 155
46 167
46 189
46 193
46 194
46 68
46 69
46 198
46 71
46 73
46 76
46 77
46 83
46 85
46 86
46 89
46 152
46 99
46 101
46 103
46 106
46 112
46 124
47 160
47 129
47 162
47 163
47 105
47 168
47 80
47 49
47 82
47 195
47 57
47 59
47 200
47 95
48 134
48 188
48 109
48 50
48 116
48 117
48 135
48 159
49 160
49 162
49 59
49 168
49 105
49 200
49 82
49 163
49 149
49 57
49 95
49 195
49 127
50 112
50 67
50 101
50 198
50 144
50 135
50 109
50 141
50 177
50 171
50 84
50 85
50 89
50 91
50 124
51 64
51 199
51 142
51 80
51 83
51 88
51 90
51 157
51 96
51 98
51 102
51 107
51 108
51 99
51 115
51 180
51 53
51 118
51 119
51 120
52 128
52 129
52 66
52 100
52 168
52 92
52 160
52 204
52 162
52 194
52 200
52 181
52 182
52 184
52 185
52 58
52 187
52 127
53 64
53 198
53 71
53 142
53 80
53 86
53 88
53 90
53 199
53 96
53 98
53 100
53 102
53 107
53 108
53 157
53 99
53 83
53 180
53 118
53 119
53 59
54 65
54 164
54 137
54 196
54 139
54 113
54 114
54 179
54 62
54 150
54 55
54 56
54 169
54 122
54 123
54 94
55 65
55 66
55 187
55 164
55 150
55 137
55 111
55 113
55 114
55 169
55 121
55 122
55 123
55 156
55 126
55 182
56 113
56 94
56 158
56 136
56 125
56 62
57 160
57 129
57 162
57 163
57 168
57 105
57 80
57 195
57 59
57 200
57 95
58 130
58 164
58 70
58 137
58 139
58 204
58 79
58 179
58 182
58 185
58 184
58 153
58 187
59 128
59 129
59 66
59 199
59 74
59 75
59 80
59 82
59 95
59 100
59 102
59 110
59 180
59 182
59 105
59 202
59 190
60 97
60 114
60 196
60 65
60 104
60 122
60 140
60 61
60 62
61 64
61 196
61 102
61 104
61 74
61 75
61 180
61 119
61 90
61 202
62 65
62 196
62 97
62 136
62 113
62 114
62 158
62 122
62 94
63 64
63 67
63 100
63 71
63 171
63 108
63 141
63 111
63 144
63 177
63 180
63 118
63 121
63 88
63 89
63 156
63 126
64 71
64 142
64 83
64 86
64 88
64 90
64 157
64 199
64 96
64 98
64 102
64 107
64 108
64 99
64 180
64 118
64 119
64 121
65 128
65 66
65 196
65 182
65 202
65 75
65 150
65 164
65 156
65 97
65 100
65 169
65 110
65 113
65 114
65 179
65 180
65 121
65 122
65 123
66 128
66 71
66 129
66 202
66 75
66 82
66 86
66 156
66 160
66 180
66 100
66 110
66 168
66 182
66 121
66 122
67 129
67 194
67 198
67 71
67 144
67 83
67 84
67 85
67 86
67 89
67 88
67 100
67 167
67 171
67 112
67 177
67 118
67 121
67 124
68 193
68 69
68 194
68 76
68 77
68 167
68 152
68 155
68 101
68 103
68 78
68 189
68 73
68 106
68 191
69 194
69 76
69 77
69 87
69 92
69 167
69 160
69 103
69 78
69 112
69 191
69 124
69 127
70 153
70 125
70 79
71 129
71 128
71 194
71 144
71 160
71 167
71 168
71 180
71 198
71 199
71 83
71 86
71 88
71 89
71 96
71 99
71 100
71 107
71 108
71 112
71 118
71 121
71 124
72 186
72 140
72 93
72 174
73 76
73 77
73 152
73 155
73 103
73 189
73 106
74 102
74 104
74 105
74 202
74 75
74 110
74 80
74 190
74 95
75 196
75 102
75 110
75 104
75 82
75 202
75 180
75 122
75 190
76 193
76 194
76 77
76 152
76 155
76 167
76 101
76 103
76 78
76 189
76 106
76 191
77 194
77 87
77 92
77 167
77 103
77 78
77 191
78 194
78 124
78 87
78 103
78 92
78 191
79 192
79 165
79 153
79 137
79 187
79 204
80 96
80 102
80 199
80 105
80 107
80 202
80 95
82 128
82 200
82 202
82 139
82 95
82 162
82 163
82 164
82 105
82 110
82 179
82 182
82 122
82 190
83 86
83 142
83 115
83 85
83 88
83 89
83 199
83 198
83 96
83 144
83 98
83 167
83 107
83 108
83 99
83 177
83 118
83 183
84 101
84 198
84 171
84 141
84 144
84 177
84 85
84 89
84 91
85 193
85 198
85 89
85 91
85 99
85 101
85 144
85 103
85 106
85 167
85 112
85 177
85 124
85 189
85 171
86 100
86 128
86 160
86 194
86 144
86 199
86 89
86 96
86 107
86 198
86 167
86 129
86 112
86 99
86 168
86 180
86 118
86 121
86 124
87 194
87 116
87 191
87 92
87 127
88 198
88 142
88 144
88 89
88 199
88 96
88 98
88 102
88 107
88 108
88 99
88 177
88 180
88 118
88 121
89 198
89 144
89 100
89 167
89 171
89 112
89 177
89 124
90 102
90 104
90 174
90 157
90 119
90 120
91 193
91 106
91 189
91 101
92 160
92 162
92 194
92 168
92 200
92 181
92 191
92 127
93 186
93 140
93 197
93 174
94 97
94 164
94 136
94 139
94 113
94 179
94 125
94 158
95 163
95 105
95 195
95 202
95 190
96 183
96 142
96 115
96 157
96 199
96 198
96 98
96 102
96 107
96 108
96 99
96 118
96 119
97 196
97 158
97 136
97 122
98 199
98 142
98 198
98 157
98 107
98 108
98 99
98 115
98 183
99 198
99 142
99 115
99 199
99 107
99 167
99 108
99 183
100 128
100 182
100 129
100 202
100 194
100 199
100 160
100 180
100 167
100 156
100 107
100 110
100 168
100 118
100 121
101 193
101 198
101 152
101 155
101 103
101 167
101 189
101 106
102 199
102 157
102 104
102 107
102 108
102 180
102 118
102 119
102 202
103 193
103 152
103 155
103 167
103 189
103 191
103 106
104 180
104 196
105 160
105 129
105 162
105 163
105 168
105 110
105 195
105 202
105 190
106 193
106 152
106 155
106 189
107 142
107 115
107 157
107 198
107 167
107 199
107 108
107 180
107 118
107 183
108 115
108 198
108 183
108 142
108 157
108 199
108 118
108 119
109 112
109 134
109 188
109 135
109 116
109 117
109 124
109 159
110 128
110 196
110 129
110 164
110 168
110 180
110 182
110 122
110 202
110 190
111 176
111 114
111 169
111 150
111 121
111 123
111 156
111 126
112 129
112 194
112 134
112 144
112 160
112 198
112 167
112 168
112 171
112 177
112 124
112 191
113 164
113 150
113 136
113 137
113 196
113 139
113 179
113 169
113 122
113 123
114 196
114 140
114 150
114 169
114 123
114 156
114 126
115 142
115 183
115 198
116 117
116 188
117 134
117 188
117 135
117 159
118 128
118 144
118 171
118 156
118 199
118 177
118 180
118 121
119 157
119 120
120 178
120 157
121 128
121 144
121 150
121 156
121 169
121 171
121 180
121 123
121 126
122 128
122 196
122 182
122 202
122 139
122 150
122 164
122 179
122 190
122 123
123 180
123 196
123 137
123 169
123 150
123 156
123 126
124 129
124 194
124 134
124 144
124 160
124 198
124 167
124 171
124 177
124 191
125 136
125 179
125 164
125 153
125 139
126 176
126 150
126 156
126 169
127 160
127 162
127 195
127 168
127 200
127 194
127 181
127 191
128 182
128 129
128 202
128 156
128 160
128 180
128 199
128 168
129 200
129 202
129 194
129 160
129 162
129 180
129 167
129 199
129 168
129 182
130 200
130 149
130 184
130 185
130 181
131 176
131 146
131 175
131 143
132 159
133 135
133 203
134 171
134 188
134 135
135 188
135 159
136 179
136 158
136 164
136 139
137 192
137 187
137 164
137 182
137 169
137 139
137 204
137 179
137 184
137 185
137 156
139 164
139 182
139 179
139 184
139 185
140 197
140 186
141 144
141 177
141 171
142 199
142 157
142 198
142 183
143 176
143 146
143 151
143 154
143 175
144 198
144 171
144 177
145 172
145 174
145 166
146 147
146 165
146 175
148 166
149 200
149 163
149 195
150 196
150 169
150 180
150 156
151 154
152 193
152 155
152 189
153 187
155 193
155 189
156 180
156 169
156 182
157 199
159 188
160 200
160 194
160 162
160 167
160 168
160 182
162 194
162 163
162 168
162 200
162 195
162 181
162 182
163 195
163 200
164 182
164 179
164 185
164 184
164 169
164 187
165 192
165 175
166 172
167 168
167 191
167 194
167 198
167 199
168 200
168 194
168 185
168 182
168 184
169 187
171 198
171 177
174 186
177 198
179 182
179 184
179 185
179 187
180 196
180 199
180 202
181 200
181 185
182 200
182 202
182 187
182 184
182 185
183 198
184 204
184 185
184 187
184 200
185 204
185 200
185 187
186 197
187 192
187 204
189 193
190 202
191 194
192 204
193 198
195 200
198 199
