0 1
0 2
0 3
0 8
0 9
0 10
0 11
0 140
0 16
0 147
0 20
0 23
0 25
0 154
0 27
0 31
0 160
0 35
0 36
0 165
0 168
0 169
0 43
0 47
0 200
0 52
0 53
0 57
0 151
0 138
0 117
0 192
0 194
0 203
0 198
0 72
0 73
0 75
0 84
0 94
0 98
0 99
0 100
0 101
0 188
0 107
0 189
0 131
0 122
0 123
1 198
1 2
1 3
1 4
1 5
1 70
1 72
1 9
1 10
1 151
1 140
1 194
1 78
1 16
1 131
1 196
1 203
1 23
1 25
1 154
1 31
1 165
1 162
1 100
1 101
1 168
1 105
1 117
1 47
1 200
1 178
1 147
1 180
1 53
1 73
1 187
1 60
1 189
1 36
2 3
2 7
2 8
2 9
2 10
2 12
2 17
2 20
2 23
2 25
2 154
2 27
2 159
2 160
2 162
2 163
2 165
2 38
2 169
2 43
2 173
2 46
2 47
2 200
2 178
2 52
2 56
2 180
2 188
2 138
2 62
2 192
2 194
2 203
2 196
2 198
2 72
2 140
2 75
2 82
2 84
2 92
2 100
2 101
2 105
2 106
2 107
2 189
2 117
2 119
2 121
3 7
3 8
3 9
3 10
3 12
3 17
3 147
3 20
3 23
3 25
3 154
3 27
3 160
3 162
3 35
3 36
3 165
3 38
3 168
3 169
3 43
3 47
3 180
3 200
3 178
3 52
3 56
3 57
3 188
3 138
3 62
3 192
3 194
3 203
3 196
3 198
3 72
3 140
3 75
3 163
3 84
3 92
3 94
3 100
3 101
3 105
3 107
3 189
3 117
3 121
3 122
4 198
4 196
4 134
4 73
4 23
4 140
4 78
4 16
4 147
4 151
4 158
4 165
4 162
4 36
4 70
4 172
4 174
4 48
4 50
4 180
4 53
4 187
4 60
4 189
5 198
5 196
5 69
5 70
5 72
5 140
5 12
5 78
5 85
5 23
5 152
5 201
5 97
5 162
5 163
5 165
5 39
5 40
5 105
5 46
5 200
5 178
5 180
5 119
5 189
6 48
6 68
6 135
6 41
6 127
6 125
6 29
6 110
6 15
7 96
7 8
7 10
7 75
7 12
7 17
7 163
7 84
7 21
7 121
7 24
7 25
7 154
7 91
7 92
7 32
7 34
7 27
7 170
7 38
7 169
7 106
7 43
7 173
7 46
7 200
7 178
7 115
7 117
7 182
7 160
7 56
7 20
7 138
7 62
8 72
8 138
8 75
8 12
8 13
8 194
8 17
8 82
8 20
8 21
8 27
8 92
8 159
8 160
8 163
8 139
8 38
8 105
8 106
8 43
8 173
8 46
8 200
8 115
8 119
8 84
8 62
8 85
9 100
9 72
9 73
9 131
9 11
9 194
9 16
9 75
9 99
9 149
9 203
9 151
9 25
9 27
9 28
9 94
9 31
9 98
9 35
9 36
9 165
9 103
9 168
9 47
9 147
9 52
9 53
9 198
9 57
9 122
9 123
9 188
9 189
9 202
9 117
10 200
10 138
10 203
10 140
10 162
10 131
10 84
10 121
10 25
10 154
10 92
10 94
10 165
10 107
10 67
10 35
10 100
10 101
10 169
10 43
10 178
10 52
10 117
10 56
10 57
10 192
11 133
11 202
11 55
11 16
11 147
11 149
11 151
11 89
11 28
11 98
11 99
11 36
11 103
11 168
11 42
11 167
11 47
11 112
11 53
11 54
11 73
11 122
11 123
12 96
12 196
12 201
12 138
12 75
12 17
12 20
12 21
12 24
12 160
12 152
12 154
12 32
12 34
12 163
12 38
12 39
12 40
12 105
12 106
12 43
12 46
12 200
12 178
12 115
12 180
12 117
12 119
12 56
12 84
12 62
12 85
13 96
13 115
13 38
13 106
13 139
13 173
13 104
13 83
13 21
13 24
13 62
14 128
14 177
14 195
14 116
14 166
14 204
14 108
15 194
15 68
15 135
15 72
15 23
15 147
15 87
15 29
15 31
15 48
15 36
15 198
15 167
15 105
15 109
15 189
15 112
15 49
15 184
15 187
15 125
15 127
16 131
16 134
16 135
16 140
16 147
16 23
16 47
16 28
16 158
16 31
16 35
16 36
16 165
16 168
16 172
16 174
16 175
16 48
16 50
16 53
16 184
16 57
16 187
16 151
16 189
16 198
16 193
16 194
16 196
16 70
16 72
16 73
16 203
16 78
16 87
16 94
16 95
16 98
16 99
16 100
16 101
16 103
16 60
16 122
16 123
17 160
17 138
17 75
17 82
17 107
17 84
17 203
17 121
17 25
17 154
17 27
17 92
17 159
17 96
17 155
17 163
17 38
17 169
17 43
17 173
17 52
17 117
17 182
17 56
17 20
17 186
17 62
18 128
18 51
18 204
18 183
18 44
18 156
18 142
19 80
19 157
19 66
19 22
19 74
19 59
19 124
19 109
19 111
20 160
20 138
20 75
20 82
20 84
20 21
20 25
20 154
20 27
20 92
20 159
20 96
20 163
20 139
20 38
20 169
20 106
20 43
20 173
20 46
20 200
20 115
20 117
20 182
20 119
20 56
20 121
20 62
21 96
21 201
21 138
21 160
21 152
21 83
21 84
21 85
21 24
21 32
21 34
21 163
21 38
21 102
21 39
21 104
21 106
21 43
21 46
21 200
21 115
21 119
21 62
21 63
22 80
22 66
22 124
22 109
22 190
23 70
23 135
23 72
23 73
23 151
23 140
23 194
23 78
23 147
23 85
23 87
23 196
23 198
23 31
23 162
23 36
23 165
23 168
23 105
23 200
23 189
23 49
23 178
23 180
23 53
23 119
23 184
23 187
23 60
23 125
23 127
24 96
24 132
24 201
24 83
24 152
24 32
24 34
24 163
24 38
24 102
24 39
24 104
24 106
24 46
24 115
24 119
24 63
24 62
24 85
25 200
25 75
25 192
25 107
25 84
25 203
25 57
25 154
25 155
25 92
25 94
25 165
25 160
25 35
25 100
25 101
25 169
25 43
25 47
25 178
25 52
25 117
25 121
25 56
25 186
25 188
25 138
25 62
26 137
26 51
26 44
26 77
27 138
27 139
27 173
27 82
27 84
27 75
27 92
27 93
27 159
27 160
27 38
27 43
27 146
27 47
27 52
27 188
27 62
28 193
28 131
28 133
28 198
28 202
28 158
28 99
28 57
28 89
28 175
28 94
28 95
28 98
28 35
28 36
28 103
28 168
28 42
28 151
28 174
28 47
28 50
28 147
28 53
28 54
28 73
28 55
28 122
28 123
28 60
28 189
29 48
29 68
29 135
29 41
29 127
29 125
29 109
29 110
30 176
30 145
30 164
30 37
30 182
31 194
31 196
31 198
31 135
31 72
31 140
31 147
31 149
31 87
31 99
31 36
31 165
31 167
31 168
31 105
31 47
31 112
31 49
31 180
31 53
31 189
31 73
31 184
31 122
31 187
31 151
31 125
31 127
32 96
32 34
32 163
32 132
32 102
32 106
32 43
32 126
32 115
32 182
32 56
32 91
32 170
32 62
33 65
33 108
33 166
33 116
34 96
34 115
34 132
34 163
34 102
34 104
34 201
34 106
34 39
34 46
34 83
34 182
34 91
34 126
34 63
35 192
35 151
35 131
35 203
35 89
35 94
35 165
35 98
35 99
35 100
35 101
35 168
35 107
35 47
35 52
35 53
35 73
35 57
35 122
35 123
35 188
35 117
36 194
36 70
36 135
36 72
36 187
36 140
36 198
36 78
36 131
36 203
36 196
36 122
36 162
36 99
36 165
36 168
36 105
36 151
36 47
36 48
36 200
36 147
36 180
36 53
36 73
36 184
36 87
36 123
36 60
36 189
37 176
37 145
37 164
37 102
38 160
38 201
38 138
38 75
38 82
38 159
38 96
38 163
38 139
38 105
38 106
38 43
38 173
38 46
38 200
38 115
38 119
38 84
38 62
38 85
39 115
39 40
39 201
39 106
39 46
39 143
39 163
39 152
39 83
39 119
39 153
39 58
39 63
39 85
39 69
40 162
40 132
40 69
40 201
40 46
40 113
40 178
40 180
40 196
40 126
41 68
41 127
41 125
41 110
41 79
42 98
42 99
42 133
42 103
42 168
42 202
42 53
42 54
42 55
42 89
42 122
42 123
43 96
43 75
43 82
43 203
43 121
43 154
43 92
43 159
43 163
43 160
43 169
43 106
43 173
43 46
43 200
43 178
43 115
43 117
43 182
43 119
43 56
43 84
43 170
43 138
43 62
44 137
44 51
44 142
45 181
45 71
46 160
46 196
46 201
46 138
46 152
46 83
46 69
46 96
46 163
46 105
46 106
46 200
46 178
46 115
46 180
46 119
46 84
46 63
46 62
46 85
47 100
47 72
47 131
47 194
47 75
47 99
47 149
47 203
47 151
47 94
47 98
47 165
47 103
47 168
47 147
47 52
47 53
47 73
47 198
47 57
47 122
47 123
47 188
47 189
47 202
47 117
48 198
48 70
48 135
48 73
48 109
48 78
48 50
48 147
48 151
48 184
48 187
48 60
48 134
49 194
49 187
49 72
49 105
49 87
49 191
49 119
49 85
49 184
49 185
49 79
49 135
49 125
49 127
50 134
50 193
50 73
50 172
50 175
50 174
50 53
50 54
50 151
50 123
50 60
50 158
50 95
51 137
51 142
52 192
52 75
52 82
52 84
52 203
52 154
52 92
52 186
52 94
52 159
52 98
52 99
52 100
52 168
52 169
52 107
52 131
52 155
52 117
52 57
52 122
52 188
53 131
53 133
53 135
53 140
53 147
53 149
53 158
53 165
53 168
53 174
53 54
53 55
53 184
53 57
53 187
53 151
53 189
53 193
53 194
53 198
53 72
53 73
53 78
53 87
53 89
53 94
53 95
53 98
53 99
53 100
53 103
53 60
53 122
53 123
54 193
54 131
54 103
54 151
54 174
54 55
54 89
54 123
54 202
54 95
55 98
55 99
55 133
55 103
55 151
55 89
55 123
55 202
56 192
56 96
56 132
56 200
56 75
56 67
56 84
56 203
56 121
56 154
56 91
56 92
56 163
56 169
56 170
56 107
56 178
56 117
56 160
56 62
56 138
56 126
57 192
57 203
57 89
57 94
57 165
57 98
57 99
57 100
57 101
57 168
57 107
57 131
57 73
57 122
57 123
57 188
57 117
58 152
58 153
58 201
58 143
58 63
59 80
59 81
59 66
59 68
59 74
59 124
59 109
59 111
60 198
60 131
60 134
60 135
60 73
60 140
60 78
60 147
60 151
60 158
60 95
60 165
60 187
60 70
60 193
60 172
60 174
60 175
60 123
60 189
61 74
61 148
61 157
62 96
62 138
62 75
62 82
62 84
62 121
62 154
62 92
62 159
62 163
62 169
62 106
62 173
62 200
62 178
62 115
62 117
62 182
62 119
62 160
62 85
63 163
63 104
63 201
63 106
63 83
63 143
63 152
63 115
63 119
63 153
63 85
65 195
65 116
65 166
65 177
65 108
66 80
66 81
66 157
66 74
66 124
66 109
66 111
67 113
67 162
67 178
67 101
67 118
67 150
67 154
67 126
67 117
68 80
68 81
68 125
68 127
68 109
68 110
69 97
69 201
69 152
69 171
69 143
70 198
70 134
70 135
70 73
70 140
70 78
70 147
70 196
70 162
70 165
70 105
70 180
70 184
70 187
70 189
71 161
71 181
72 196
72 198
72 135
72 138
72 140
72 194
72 147
72 85
72 73
72 87
72 165
72 168
72 105
72 180
72 189
72 119
72 184
72 122
72 187
72 200
72 125
72 127
73 131
73 134
73 135
73 140
73 147
73 158
73 162
73 165
73 168
73 172
73 174
73 175
73 180
73 184
73 187
73 151
73 189
73 198
73 193
73 194
73 196
73 203
73 78
73 87
73 94
73 95
73 99
73 100
73 101
73 122
73 123
74 157
74 124
74 111
75 138
75 203
75 82
75 107
75 84
75 121
75 154
75 92
75 93
75 159
75 160
75 155
75 100
75 163
75 169
75 173
75 200
75 117
75 186
75 188
76 129
78 198
78 140
78 147
78 151
78 196
78 158
78 101
78 162
78 165
78 172
78 178
78 180
78 187
78 189
78 134
79 185
79 125
79 110
79 191
80 81
80 124
80 109
80 111
81 124
81 111
82 160
82 139
82 188
82 138
82 159
82 173
82 146
82 84
82 186
82 92
82 93
83 96
83 163
83 102
83 104
83 201
83 106
83 115
84 160
84 107
84 203
84 154
84 92
84 159
84 96
84 163
84 169
84 106
84 173
84 200
84 178
84 117
84 182
84 121
84 138
85 196
85 201
85 138
85 152
85 160
85 163
85 105
85 106
85 173
85 178
85 115
85 180
85 119
85 185
85 200
86 202
87 194
87 198
87 135
87 147
87 149
87 167
87 168
87 105
87 189
87 112
87 184
87 122
87 187
87 125
87 127
89 193
89 98
89 99
89 131
89 103
89 168
89 151
89 174
89 123
89 202
89 94
90 179
90 199
91 96
91 132
91 102
91 170
91 145
91 182
91 121
91 126
92 192
92 160
92 107
92 203
92 121
92 154
92 159
92 96
92 155
92 163
92 169
92 170
92 117
92 182
92 186
92 138
93 137
93 186
93 188
93 146
93 159
94 192
94 151
94 203
94 165
94 98
94 99
94 100
94 101
94 168
94 107
94 131
94 122
94 123
94 188
94 117
95 193
95 134
95 172
95 175
95 174
95 151
95 123
95 158
96 160
96 138
96 163
96 102
96 145
96 106
96 115
96 182
96 170
97 152
97 171
98 131
98 133
98 202
98 99
98 149
98 151
98 103
98 168
98 167
98 112
98 147
98 122
98 123
98 188
99 194
99 131
99 133
99 202
99 147
99 149
99 103
99 168
99 188
99 167
99 112
99 122
99 123
99 151
100 192
100 131
100 203
100 154
100 186
100 165
100 101
100 168
100 169
100 107
100 122
100 123
100 188
100 117
101 198
101 203
101 140
101 154
101 158
101 162
101 165
101 192
101 107
101 189
101 178
101 131
101 117
101 123
102 115
102 164
102 104
102 106
102 182
103 133
103 202
103 147
103 149
103 151
103 167
103 168
103 109
103 112
103 122
103 123
104 115
104 201
104 106
105 198
105 196
105 135
105 138
105 140
105 194
105 184
105 147
105 152
105 201
105 160
105 163
105 165
105 178
105 180
105 119
105 185
105 187
105 200
105 189
106 201
106 138
106 160
106 152
106 163
106 173
106 200
106 115
106 182
106 119
107 192
107 203
107 121
107 154
107 155
107 169
107 117
107 186
107 188
108 128
108 195
108 116
108 166
108 177
109 133
109 112
109 135
109 167
109 124
110 127
110 125
112 133
112 149
112 184
112 135
112 167
112 127
113 162
113 118
113 150
113 178
114 144
114 156
115 201
115 138
115 160
115 152
115 163
115 200
115 119
116 128
116 195
116 204
116 142
116 166
116 177
116 183
117 200
117 203
117 154
117 165
117 162
117 169
117 178
117 189
117 140
117 121
117 160
117 192
117 188
117 138
118 150
119 196
119 201
119 138
119 152
119 160
119 163
119 173
119 178
119 180
119 185
119 200
121 192
121 154
121 155
121 160
121 169
121 170
121 203
121 138
122 194
122 133
122 198
122 135
122 131
122 149
122 203
122 168
122 188
122 167
122 147
122 184
122 123
122 151
122 189
122 202
123 131
123 193
123 158
123 151
123 175
123 165
123 168
123 174
123 147
124 190
125 194
125 187
125 135
125 184
125 127
126 132
126 163
126 170
127 194
127 135
127 167
127 184
127 187
128 177
128 195
128 166
128 183
128 204
128 142
129 204
129 166
129 183
130 179
130 199
131 203
131 198
131 151
131 192
131 158
131 165
131 168
131 174
131 147
131 189
132 163
132 170
133 168
133 202
133 167
133 149
134 193
134 172
134 175
134 174
134 151
134 187
134 158
135 198
135 194
135 147
135 167
135 168
135 189
135 184
135 187
138 160
138 201
138 203
138 154
138 159
138 163
138 169
138 173
138 178
138 200
139 173
139 197
139 159
139 146
140 203
140 194
140 147
140 196
140 198
140 165
140 162
140 200
140 178
140 180
140 184
140 187
140 189
142 177
142 166
142 183
142 204
142 195
143 201
143 152
143 153
144 156
145 176
145 164
145 182
146 159
147 194
147 187
147 198
147 149
147 203
147 196
147 165
147 168
147 151
147 200
147 180
147 184
147 189
148 157
149 168
149 202
149 194
149 167
151 194
151 158
151 187
151 198
151 175
151 165
151 168
151 193
151 172
151 174
151 189
152 163
152 201
152 153
152 185
153 201
154 200
154 162
154 203
154 165
154 160
154 163
154 169
154 170
154 178
154 192
155 188
155 186
155 192
155 169
158 193
158 175
158 174
158 172
159 160
159 188
159 173
159 186
160 203
160 163
160 169
160 173
160 200
160 178
161 171
161 191
162 198
162 200
162 203
162 196
162 165
162 178
162 180
162 189
163 201
163 200
163 178
163 182
164 176
165 198
165 168
165 200
165 178
165 180
165 187
165 189
165 194
165 196
165 203
166 195
166 204
166 177
166 183
167 184
168 194
168 198
168 203
168 188
168 184
168 189
168 202
169 192
169 203
169 170
169 186
169 188
172 193
172 174
172 175
174 193
174 175
175 193
177 195
178 196
178 198
178 200
178 203
178 201
178 189
178 180
179 199
180 198
180 194
180 196
180 200
180 184
180 187
180 189
183 204
184 194
184 196
184 198
184 189
184 187
185 191
186 192
186 188
187 198
187 194
187 196
187 189
188 192
188 203
189 194
189 203
189 196
189 200
189 198
192 203
194 196
194 198
194 200
196 198
196 200
198 203
198 200
200 201
200 203
