0 192
0 1
0 2
0 3
0 4
0 197
0 6
0 71
0 8
0 137
0 203
0 140
0 142
0 143
0 17
0 82
0 168
0 22
0 24
0 153
0 33
0 34
0 123
0 145
0 104
0 41
0 43
0 108
0 46
0 47
0 49
0 172
0 187
0 183
0 56
0 57
0 59
0 60
0 189
1 192
1 2
1 3
1 4
1 6
1 7
1 8
1 203
1 14
1 143
1 16
1 17
1 82
1 142
1 22
1 151
1 72
1 34
1 37
1 145
1 104
1 41
1 43
1 146
1 46
1 47
1 176
1 49
1 179
1 55
1 56
1 123
1 60
1 189
2 3
2 4
2 6
2 7
2 8
2 183
2 192
2 14
2 143
2 16
2 17
2 82
2 142
2 22
2 151
2 72
2 203
2 33
2 34
2 37
2 145
2 104
2 41
2 43
2 108
2 146
2 46
2 47
2 176
2 49
2 179
2 55
2 56
2 123
2 60
2 189
2 62
3 197
3 6
3 8
3 137
3 140
3 142
3 143
3 145
3 82
3 22
3 153
3 34
3 17
3 104
3 41
3 46
3 47
3 49
3 192
3 183
3 56
3 168
3 60
3 189
4 198
4 7
4 8
4 203
4 192
4 14
4 143
4 16
4 17
4 82
4 142
4 22
4 151
4 72
4 96
4 33
4 34
4 37
4 41
4 43
4 108
4 146
4 46
4 47
4 176
4 49
4 179
4 55
4 56
4 123
4 60
4 189
4 62
5 65
5 99
5 196
5 157
5 185
6 168
6 197
6 8
6 137
6 140
6 142
6 143
6 17
6 82
6 22
6 24
6 153
6 34
6 145
6 104
6 41
6 46
6 47
6 49
6 183
6 56
6 59
6 60
6 192
7 198
7 8
7 203
7 14
7 143
7 16
7 82
7 151
7 95
7 96
7 33
7 37
7 177
7 41
7 43
7 108
7 146
7 47
7 176
7 49
7 179
7 55
7 72
7 58
7 123
7 60
7 189
8 72
8 168
8 183
8 192
8 14
8 143
8 16
8 17
8 82
8 142
8 22
8 151
8 203
8 33
8 34
8 37
8 145
8 104
8 41
8 43
8 108
8 146
8 46
8 47
8 176
8 49
8 179
8 55
8 56
8 123
8 60
8 189
9 64
9 129
9 135
9 44
9 139
9 190
9 13
9 78
9 15
9 144
9 85
9 87
9 91
9 29
9 160
9 80
9 39
9 188
9 108
9 173
9 52
9 53
9 23
9 124
9 126
9 181
10 128
10 67
10 74
10 77
10 79
10 141
10 85
10 86
10 164
10 15
10 156
10 30
10 31
10 162
10 36
10 165
10 102
10 39
10 169
10 170
10 112
10 114
10 51
10 182
10 186
10 127
11 96
11 161
11 179
11 167
11 42
11 76
11 16
11 18
11 19
11 54
11 152
11 62
12 128
12 97
12 132
12 67
12 100
12 133
12 102
12 204
12 79
12 112
12 164
12 114
12 51
12 21
12 119
12 25
12 186
12 165
12 30
12 31
13 129
13 139
13 78
13 190
13 144
13 81
13 87
13 91
13 94
13 80
13 103
13 124
13 44
13 109
13 178
13 53
13 23
13 122
13 188
13 126
13 181
14 203
14 198
14 177
14 183
14 76
14 143
14 16
14 17
14 82
14 151
14 33
14 37
14 49
14 41
14 144
14 43
14 108
14 146
14 46
14 47
14 176
14 72
14 52
14 55
14 123
14 60
14 189
14 62
15 181
15 71
15 74
15 139
15 77
15 173
15 80
15 85
15 24
15 90
15 91
15 29
15 30
15 31
15 164
15 39
15 188
15 135
15 117
15 52
15 53
15 182
15 57
15 59
15 124
15 127
16 76
16 143
16 82
16 19
16 151
16 96
16 37
16 167
16 41
16 43
16 146
16 47
16 49
16 179
16 54
16 55
16 72
16 123
16 60
16 189
16 62
17 197
17 71
17 137
17 203
17 192
17 143
17 145
17 82
17 142
17 22
17 24
17 153
17 91
17 33
17 34
17 123
17 101
17 168
17 104
17 41
17 43
17 108
17 46
17 47
17 49
17 172
17 183
17 56
17 57
17 59
17 60
17 189
18 161
18 19
18 54
18 167
18 152
18 42
18 76
19 96
19 161
19 167
19 42
19 76
19 179
19 54
19 152
19 62
20 32
20 160
20 130
20 147
20 171
20 27
21 97
21 67
21 100
21 204
21 77
21 79
21 112
21 114
21 51
21 119
21 25
21 90
21 186
21 31
22 197
22 137
22 203
22 140
22 142
22 143
22 82
22 153
22 34
22 145
22 104
22 41
22 46
22 47
22 49
22 192
22 183
22 56
22 168
22 60
22 189
23 64
23 129
23 35
23 44
23 78
23 190
23 144
23 81
23 83
23 180
23 158
23 87
23 122
23 155
23 124
23 126
23 181
24 197
24 71
24 108
24 203
24 77
24 153
24 90
24 91
24 29
24 97
24 100
24 101
24 172
24 173
24 52
24 53
24 183
24 56
24 57
24 59
25 114
25 67
25 119
25 204
26 118
26 138
26 159
26 92
26 109
26 94
26 111
27 32
27 113
27 162
27 169
27 170
28 66
28 70
28 40
28 194
28 107
28 109
28 111
28 178
28 149
28 118
28 184
28 188
28 125
28 94
29 181
29 203
29 71
29 74
29 139
29 77
29 80
29 85
29 90
29 91
29 31
29 97
29 101
29 39
29 188
29 108
29 173
29 52
29 53
29 182
29 57
29 59
29 124
29 127
30 128
30 67
30 77
30 79
30 141
30 85
30 86
30 164
30 156
30 31
30 162
30 36
30 165
30 102
30 39
30 169
30 170
30 112
30 114
30 51
30 182
30 186
30 74
30 127
31 128
31 67
31 132
31 74
31 77
31 79
31 141
31 85
31 86
31 164
31 90
31 156
31 97
31 162
31 100
31 165
31 102
31 39
31 127
31 112
31 114
31 51
31 52
31 53
31 182
31 119
31 186
31 59
32 193
32 171
32 166
32 174
33 203
33 198
33 108
33 183
33 76
33 143
33 144
33 82
33 151
33 91
33 41
33 42
33 43
33 44
33 146
33 46
33 47
33 49
33 52
33 55
33 72
33 57
33 123
33 60
33 189
33 62
34 203
34 192
34 143
34 145
34 82
34 153
34 95
34 97
34 100
34 104
34 41
34 47
34 176
34 49
34 72
34 60
35 64
35 115
35 136
35 87
35 44
35 78
35 81
35 75
35 83
35 180
35 190
35 122
35 155
35 158
35 191
36 162
36 51
36 195
36 170
36 169
36 141
37 198
37 143
37 146
37 151
37 96
37 177
37 41
37 43
37 82
37 47
37 176
37 49
37 179
37 55
37 72
37 58
37 123
37 189
38 64
38 129
38 135
38 136
38 105
38 202
38 160
38 157
38 177
38 84
38 85
38 61
38 190
39 128
39 67
39 132
39 198
39 135
39 77
39 85
39 86
39 79
39 156
39 160
39 162
39 164
39 165
39 102
39 105
39 112
39 177
39 51
39 52
39 53
39 186
39 124
39 202
39 127
40 98
40 187
40 197
40 70
40 188
40 172
40 194
40 111
40 178
40 149
40 183
40 184
40 57
40 91
40 126
41 183
41 192
41 143
41 82
41 142
41 151
41 72
41 203
41 198
41 145
41 104
41 43
41 108
41 146
41 46
41 47
41 176
41 49
41 179
41 55
41 56
41 123
41 60
41 189
41 62
42 96
42 179
42 161
42 43
42 76
42 54
42 152
42 123
42 167
42 62
43 203
43 183
43 76
43 143
43 82
43 142
43 151
43 72
43 96
43 108
43 146
43 46
43 47
43 49
43 192
43 179
43 54
43 55
43 56
43 123
43 60
43 189
43 62
44 64
44 129
44 135
44 78
44 190
44 144
44 81
44 87
44 155
44 80
44 91
44 52
44 62
44 180
44 124
44 126
44 181
45 66
45 117
45 103
45 89
45 139
45 125
46 179
46 137
46 203
46 192
46 143
46 82
46 142
46 151
46 197
46 145
46 104
46 108
46 146
46 168
46 47
46 49
46 172
46 183
46 56
46 57
46 123
46 60
46 189
46 62
47 197
47 183
47 192
47 143
47 82
47 142
47 151
47 72
47 145
47 104
47 108
47 146
47 203
47 176
47 49
47 179
47 55
47 56
47 57
47 123
47 60
47 189
47 62
48 193
48 130
48 134
48 166
48 200
48 171
48 174
49 183
49 192
49 143
49 82
49 142
49 151
49 203
49 96
49 145
49 104
49 108
49 146
49 176
49 72
49 179
49 55
49 56
49 123
49 60
49 189
49 62
50 128
50 131
50 68
50 133
50 202
50 79
50 86
50 132
50 156
50 162
50 164
50 165
50 102
50 105
50 106
50 110
50 112
50 113
50 169
50 120
50 186
50 170
51 128
51 67
51 132
51 133
51 204
51 141
51 79
51 86
51 164
51 156
51 162
51 165
51 102
51 169
51 106
51 112
51 114
51 119
51 186
51 170
52 129
52 203
52 181
52 71
52 139
52 77
52 80
52 85
52 91
52 160
52 164
52 198
52 144
52 135
52 173
52 177
52 108
52 53
52 57
52 59
52 124
52 127
53 129
53 203
53 135
53 139
53 77
53 80
53 85
53 91
53 188
53 71
53 108
53 173
53 178
53 181
53 182
53 57
53 59
53 124
53 126
53 127
54 96
54 161
54 179
54 167
54 76
54 146
54 55
54 152
54 123
54 151
54 62
55 198
55 76
55 143
55 82
55 151
55 96
55 177
55 108
55 146
55 176
55 179
55 72
55 123
55 60
55 189
55 62
56 197
56 137
56 203
56 140
56 142
56 143
56 82
56 153
56 187
56 145
56 104
56 172
56 192
56 183
56 57
56 168
56 60
56 189
57 197
57 97
57 172
57 203
57 77
57 153
57 90
57 91
57 101
57 71
57 108
57 173
57 178
57 183
57 59
57 188
58 128
58 133
58 84
58 198
58 72
58 177
58 176
58 185
58 95
59 197
59 71
59 74
59 203
59 77
59 153
59 90
59 91
59 97
59 100
59 101
59 173
59 182
59 183
59 127
60 168
60 183
60 192
60 143
60 82
60 142
60 151
60 72
60 203
60 145
60 104
60 108
60 146
60 176
60 179
60 123
60 189
60 62
61 64
61 129
61 135
61 136
61 105
61 160
61 144
61 84
61 87
61 157
61 190
62 203
62 72
62 108
62 76
62 143
62 82
62 151
62 152
62 96
62 144
62 146
62 179
62 123
62 189
63 99
63 65
63 75
63 157
63 73
64 160
64 129
64 135
64 136
64 87
64 78
64 144
64 81
64 75
64 83
64 180
64 155
64 124
64 190
65 157
65 73
65 99
66 107
66 70
66 103
66 188
66 139
66 109
66 178
66 89
66 125
66 94
67 128
67 164
67 132
67 133
67 204
67 77
67 79
67 141
67 86
67 90
67 156
67 97
67 162
67 100
67 165
67 102
67 106
67 112
67 114
67 119
67 186
67 127
68 128
68 162
68 131
68 132
68 133
68 102
68 105
68 106
68 110
68 79
68 113
68 86
68 120
68 164
68 156
68 202
68 165
69 89
69 154
69 163
69 103
70 91
70 197
70 188
70 172
70 98
70 194
70 111
70 178
70 149
70 184
70 187
71 197
71 74
71 203
71 77
71 153
71 90
71 91
71 97
71 100
71 101
71 173
71 182
71 183
72 192
72 198
72 203
72 143
72 82
72 151
72 95
72 96
72 177
72 108
72 146
72 176
72 179
72 123
72 189
73 96
73 83
73 144
73 75
73 76
74 97
74 101
74 127
74 77
74 173
74 117
74 182
74 90
75 83
75 180
75 88
75 155
76 96
76 179
76 144
76 161
76 108
76 146
76 152
76 123
76 167
77 79
77 164
77 153
77 90
77 97
77 100
77 101
77 173
77 112
77 114
77 182
77 127
78 129
78 144
78 87
78 190
78 80
78 81
78 115
78 180
78 158
78 122
78 155
78 124
78 126
78 181
79 128
79 133
79 204
79 141
79 131
79 86
79 132
79 156
79 97
79 162
79 164
79 165
79 102
79 169
79 106
79 112
79 114
79 119
79 120
79 186
79 127
79 170
79 202
79 85
80 160
80 129
80 139
80 103
80 190
80 135
80 173
80 178
80 188
80 91
80 124
80 126
80 181
81 129
81 87
81 190
81 144
81 115
81 180
81 158
81 122
81 155
81 126
81 181
82 183
82 192
82 143
82 146
82 142
82 151
82 203
82 198
82 145
82 104
82 108
82 176
82 179
82 123
82 189
83 180
83 155
83 88
83 87
83 199
83 191
84 177
84 196
84 198
84 135
84 202
84 105
84 185
84 157
85 128
85 132
85 133
85 198
85 135
85 203
85 156
85 160
85 165
85 164
85 102
85 105
85 112
85 177
85 186
85 124
85 202
86 128
86 133
86 141
86 131
86 132
86 156
86 162
86 164
86 165
86 102
86 169
86 106
86 112
86 113
86 114
86 120
86 186
86 170
86 202
87 129
87 136
87 190
87 144
87 155
87 158
87 115
87 180
87 181
87 122
87 124
87 126
88 191
89 163
89 125
90 97
90 100
90 101
90 127
90 204
90 114
90 182
90 119
90 153
91 203
91 197
91 139
91 188
91 173
91 108
91 178
91 183
91 124
91 126
91 181
92 116
92 122
92 199
92 159
92 109
92 94
92 111
94 103
94 138
94 107
94 109
94 111
94 178
94 188
94 118
94 125
94 126
95 128
95 198
95 132
95 133
95 102
95 202
95 176
95 177
95 186
95 165
96 189
96 146
96 179
96 123
96 151
96 167
97 204
97 153
97 164
97 165
97 100
97 101
97 102
97 114
97 119
97 186
98 184
98 194
98 172
98 149
98 137
98 187
98 140
98 197
99 157
99 185
100 101
100 204
100 114
100 119
100 153
100 186
101 197
101 183
101 153
102 128
102 133
102 198
102 131
102 132
102 156
102 162
102 164
102 165
102 105
102 112
102 177
102 114
102 119
102 120
102 186
102 202
103 163
103 139
103 109
103 181
103 154
103 125
104 197
104 137
104 140
104 142
104 143
104 145
104 153
104 168
104 192
104 183
104 189
105 128
105 129
105 202
105 135
105 198
105 157
105 177
105 160
105 164
105 156
105 165
106 162
106 133
106 169
106 170
106 141
106 110
106 112
106 113
106 131
106 120
106 156
107 118
107 138
107 125
107 109
107 111
108 203
108 197
108 198
108 183
108 143
108 144
108 124
108 177
108 146
108 123
108 189
109 138
109 111
109 178
109 188
109 126
109 118
109 125
110 113
110 131
110 133
110 120
110 202
111 194
111 138
111 178
111 188
111 118
111 125
112 128
112 132
112 133
112 204
112 141
112 131
112 202
112 156
112 162
112 164
112 165
112 169
112 114
112 119
112 120
112 186
112 127
112 170
113 128
113 162
113 131
113 133
113 120
113 156
113 202
114 128
114 132
114 133
114 204
114 164
114 156
114 165
114 119
114 186
115 130
115 180
115 158
115 200
115 122
115 155
115 190
116 191
116 180
116 150
116 199
116 122
116 155
116 175
116 158
116 159
117 173
117 182
117 139
117 127
118 125
118 138
119 128
119 132
119 133
119 204
119 164
119 165
119 186
120 128
120 162
120 131
120 133
120 169
120 164
120 202
120 132
120 156
120 170
120 165
121 150
121 191
122 191
122 199
122 180
122 155
122 158
122 159
123 203
123 198
123 183
123 143
123 142
123 151
123 146
123 176
123 192
123 179
123 189
124 129
124 135
124 139
124 190
124 144
124 160
124 173
124 188
124 126
124 181
125 188
125 138
126 129
126 144
126 178
126 188
126 181
127 164
127 139
127 173
127 182
128 133
128 198
128 177
128 131
128 132
128 156
128 186
128 162
128 164
128 165
128 202
129 135
129 136
129 190
129 144
129 160
129 181
130 200
130 171
130 174
131 162
131 133
131 169
131 132
131 156
131 170
131 202
131 165
132 133
132 202
132 156
132 164
132 165
132 186
133 202
133 156
133 186
133 164
133 165
134 193
134 166
134 200
134 201
134 171
135 144
135 156
135 160
135 164
135 177
135 181
135 190
136 190
136 157
137 197
137 145
137 172
137 187
137 140
137 142
137 183
137 168
139 188
139 181
139 173
139 147
139 182
139 154
140 172
140 142
140 145
140 187
140 168
141 162
141 169
141 170
141 164
141 156
142 197
142 143
142 168
142 187
142 145
142 172
142 192
142 183
142 189
143 183
143 192
143 151
143 203
143 198
143 145
143 146
143 176
143 179
143 189
144 190
144 181
145 197
145 153
145 192
145 183
145 168
145 189
146 198
146 203
146 151
146 176
146 179
146 189
147 154
147 195
148 193
148 166
149 184
149 187
149 172
149 194
150 191
151 192
151 176
151 179
151 189
152 161
152 167
153 192
153 197
153 203
153 183
154 163
155 199
155 190
155 180
155 158
155 191
156 160
156 162
156 164
156 165
156 169
156 186
156 170
156 202
157 196
157 177
157 185
158 199
158 191
158 180
158 159
159 199
159 180
159 191
159 175
160 190
160 181
161 167
162 164
162 165
162 169
162 170
162 202
164 165
164 186
164 202
165 198
165 177
165 186
165 202
166 193
166 200
166 171
166 174
167 179
168 197
168 172
168 183
168 187
168 189
169 170
171 193
171 200
171 174
172 187
172 197
172 184
172 194
172 183
173 181
173 188
173 182
174 193
174 200
176 192
176 198
176 203
176 186
176 177
177 198
177 202
177 203
177 186
178 188
178 194
178 184
178 181
179 189
180 199
180 191
180 190
181 190
181 188
183 192
183 197
183 203
183 187
183 189
184 188
184 187
184 194
184 197
185 196
186 198
186 202
187 197
187 194
188 194
189 192
189 203
190 200
191 199
192 203
193 200
193 201
197 203
198 203
200 201
