0 1
0 2
0 3
0 68
0 6
0 71
0 136
0 9
0 132
0 12
0 77
0 158
0 141
0 184
0 147
0 84
0 86
0 23
0 152
0 4
0 26
0 143
0 92
0 94
0 194
0 165
0 65
0 39
0 40
0 156
0 107
0 44
0 195
0 114
0 25
0 53
0 153
0 58
0 188
0 166
1 65
1 2
1 3
1 4
1 6
1 71
1 136
1 9
1 132
1 12
1 77
1 158
1 79
1 141
1 147
1 84
1 86
1 23
1 152
1 25
1 154
1 143
1 92
1 94
1 68
1 194
1 165
1 166
1 39
1 40
1 156
1 107
1 44
1 176
1 114
1 51
1 53
1 137
1 184
1 58
1 188
1 195
2 3
2 132
2 6
2 136
2 9
2 12
2 141
2 143
2 147
2 23
2 152
2 4
2 26
2 156
2 154
2 158
2 165
2 166
2 39
2 40
2 44
2 176
2 51
2 53
2 137
2 184
2 58
2 188
2 65
2 194
2 195
2 68
2 71
2 77
2 84
2 86
2 92
2 94
2 107
2 114
2 25
2 153
3 171
3 4
3 6
3 65
3 136
3 9
3 75
3 77
3 194
3 143
3 81
3 147
3 84
3 23
3 152
3 25
3 26
3 184
3 92
3 158
3 68
3 165
3 195
3 39
3 40
3 156
3 42
3 43
3 44
3 45
3 132
3 58
3 188
3 153
4 68
4 6
4 71
4 136
4 9
4 132
4 77
4 158
4 141
4 184
4 107
4 84
4 147
4 86
4 23
4 152
4 25
4 26
4 143
4 92
4 94
4 194
4 165
4 65
4 39
4 40
4 156
4 43
4 44
4 195
4 176
4 51
4 53
4 137
4 153
4 58
4 188
4 166
5 16
5 178
5 35
5 118
5 87
5 13
5 78
5 191
6 68
6 65
6 136
6 9
6 132
6 77
6 158
6 141
6 184
6 107
6 84
6 147
6 86
6 23
6 152
6 25
6 71
6 143
6 92
6 26
6 94
6 194
6 165
6 166
6 39
6 40
6 156
6 43
6 44
6 176
6 51
6 53
6 137
6 153
6 58
6 188
6 195
7 131
7 159
7 101
7 133
8 66
8 68
8 155
8 134
8 71
8 10
8 11
8 12
8 13
8 15
8 16
8 147
8 27
8 161
8 35
8 70
8 39
8 40
8 108
8 111
8 113
8 52
8 119
8 58
8 183
9 136
9 202
9 75
9 77
9 194
9 184
9 82
9 188
9 84
9 171
9 203
9 23
9 152
9 25
9 26
9 156
9 92
9 158
9 165
9 195
9 104
9 105
9 42
9 43
9 44
9 45
9 153
9 151
10 66
10 68
10 155
10 70
10 71
10 11
10 12
10 13
10 15
10 16
10 147
10 87
10 132
10 27
10 161
10 35
10 134
10 39
10 40
10 108
10 111
10 113
10 52
10 119
10 184
10 58
10 183
11 66
11 155
11 70
11 183
11 12
11 13
11 15
11 81
11 147
11 21
11 27
11 161
11 35
11 134
11 38
11 39
11 40
11 108
11 111
11 113
11 52
11 119
11 58
12 68
12 134
12 71
12 143
12 13
12 79
12 16
12 141
12 147
12 84
12 86
12 87
12 132
12 27
12 155
12 166
12 65
12 39
12 40
12 108
12 113
12 119
12 184
12 58
12 60
13 65
13 68
13 71
13 78
13 143
13 16
13 86
13 87
13 132
13 27
13 35
13 166
13 39
13 108
13 113
13 155
13 118
13 119
13 121
13 58
13 60
14 128
14 197
14 199
14 72
14 74
14 139
14 17
14 146
14 150
14 91
14 28
14 29
14 31
14 97
14 162
14 168
14 169
14 171
14 172
14 174
14 200
14 185
14 186
15 64
15 194
15 134
15 199
15 81
15 147
15 84
15 120
15 155
15 161
15 27
15 36
15 165
15 40
15 45
15 111
15 52
15 119
15 184
15 58
16 65
16 132
16 71
16 78
16 143
16 87
16 68
16 27
16 35
16 166
16 39
16 108
16 113
16 178
16 155
16 118
16 119
16 121
16 58
16 60
17 128
17 197
17 199
17 72
17 74
17 139
17 146
17 150
17 28
17 29
17 31
17 97
17 162
17 99
17 168
17 170
17 171
17 172
17 174
17 111
17 115
17 185
17 186
18 188
18 51
18 195
18 37
18 103
18 136
18 137
18 42
18 176
18 44
18 144
18 49
18 19
18 116
18 152
18 26
18 59
18 92
18 157
18 158
19 188
19 98
19 37
19 103
19 136
19 137
19 42
19 43
19 44
19 145
19 144
19 49
19 83
19 116
19 152
19 26
19 59
19 92
19 157
19 62
20 64
20 198
20 131
20 36
20 101
20 102
20 45
20 81
20 115
20 181
20 120
20 190
21 96
21 161
21 50
21 52
21 70
21 38
21 155
21 27
21 134
21 95
22 128
22 33
22 34
22 99
22 100
22 69
22 193
22 168
22 73
22 138
22 76
22 173
22 47
22 112
22 170
22 41
22 88
22 122
22 93
23 71
23 136
23 132
23 77
23 158
23 141
23 107
23 84
23 147
23 86
23 153
23 152
23 25
23 26
23 143
23 92
23 94
23 68
23 194
23 165
23 65
23 39
23 40
23 156
23 43
23 44
23 195
23 176
23 51
23 53
23 137
23 184
23 58
23 188
23 166
24 32
24 91
24 104
24 105
24 202
24 75
24 172
24 175
24 54
24 151
24 57
24 187
25 71
25 136
25 132
25 77
25 158
25 141
25 184
25 107
25 84
25 147
25 86
25 152
25 68
25 26
25 143
25 92
25 94
25 194
25 165
25 65
25 39
25 40
25 156
25 43
25 44
25 195
25 176
25 51
25 53
25 137
25 153
25 58
25 188
25 166
26 136
26 75
26 77
26 144
26 184
26 84
26 152
26 92
26 158
26 165
26 98
26 37
26 195
26 104
26 156
26 42
26 43
26 44
26 176
26 49
26 51
26 116
26 137
26 153
26 187
26 188
26 62
27 66
27 70
27 147
27 90
27 155
27 96
27 161
27 35
27 134
27 38
27 40
27 108
27 178
27 189
27 113
27 50
27 52
27 119
27 58
27 60
27 183
28 128
28 197
28 199
28 72
28 74
28 139
28 146
28 150
28 29
28 31
28 97
28 162
28 99
28 168
28 169
28 170
28 171
28 172
28 174
28 111
28 115
28 185
28 186
29 97
29 162
29 67
29 102
29 72
29 74
29 139
29 200
29 115
29 150
29 190
29 31
30 180
30 168
30 99
30 100
30 167
30 56
30 169
30 201
30 123
30 185
31 128
31 197
31 199
31 72
31 74
31 139
31 146
31 150
31 97
31 162
31 168
31 170
31 171
31 174
31 111
31 200
31 115
31 185
31 186
32 105
32 54
32 151
32 57
32 202
32 203
33 128
33 69
33 72
33 73
33 138
33 76
33 88
33 93
33 197
33 34
33 99
33 100
33 167
33 168
33 41
33 173
33 110
33 47
33 112
33 169
33 122
34 128
34 99
34 100
34 69
34 193
34 168
34 73
34 138
34 76
34 173
34 47
34 112
34 170
34 41
34 88
34 122
34 93
35 66
35 70
35 135
35 78
35 87
35 160
35 108
35 189
35 113
35 178
35 179
35 118
35 119
35 60
35 183
35 191
36 64
36 101
36 102
36 199
36 45
36 111
36 81
36 115
36 52
36 181
36 120
36 190
37 188
37 51
37 130
37 136
37 195
37 104
37 137
37 42
37 176
37 44
37 144
37 49
37 116
37 187
37 152
37 59
37 92
37 158
38 96
38 161
38 155
38 70
38 108
38 189
38 113
38 50
38 52
38 119
38 90
38 183
38 95
39 65
39 78
39 77
39 184
39 147
39 84
39 86
39 143
39 158
39 68
39 87
39 166
39 40
39 71
39 136
39 182
39 119
39 132
39 121
39 58
40 199
40 71
40 77
40 194
40 81
40 147
40 84
40 158
40 68
40 161
40 155
40 134
40 165
40 184
40 171
40 45
40 174
40 111
40 52
40 119
40 132
40 58
41 128
41 99
41 100
41 69
41 193
41 168
41 73
41 138
41 76
41 173
41 47
41 112
41 170
41 88
41 122
41 93
42 130
42 196
42 202
42 75
42 92
42 151
42 152
42 153
42 156
42 158
42 165
42 195
42 104
42 105
42 44
42 176
42 51
42 116
42 187
42 188
43 129
43 136
43 204
43 144
43 84
43 149
43 92
43 157
43 158
43 103
43 171
43 44
43 49
43 184
43 188
43 62
44 136
44 75
44 77
44 194
44 184
44 84
44 203
44 152
44 89
44 156
44 92
44 158
44 165
44 195
44 104
44 105
44 176
44 51
44 153
44 116
44 188
45 64
45 194
45 134
45 199
45 75
45 77
45 81
45 82
45 147
45 148
45 203
45 184
45 156
45 84
45 165
45 181
45 120
45 58
46 112
46 106
46 163
46 85
46 173
47 128
47 69
47 73
47 138
47 76
47 112
47 117
47 88
47 122
47 93
48 163
48 106
48 67
48 85
49 188
49 83
49 103
49 136
49 137
49 98
49 142
49 144
49 145
49 116
49 152
49 59
49 92
49 157
49 62
50 96
50 161
50 155
50 70
50 108
50 113
50 52
50 119
50 90
50 60
50 134
51 192
51 195
51 137
51 77
51 158
51 196
51 89
51 152
51 153
51 92
51 154
51 94
51 165
51 156
51 107
51 176
51 53
51 188
51 61
52 64
52 70
52 81
52 147
52 155
52 95
52 96
52 161
52 134
52 111
52 119
52 58
53 195
53 132
53 192
53 77
53 79
53 141
53 82
53 84
53 86
53 89
53 154
53 156
53 94
53 165
53 107
53 176
53 114
53 61
54 80
54 82
54 203
54 148
54 153
54 105
54 75
54 194
56 128
56 193
56 99
56 100
56 69
56 168
56 169
56 204
56 201
56 180
56 149
56 73
56 122
56 123
57 104
57 187
57 151
57 105
57 202
57 91
57 172
57 177
57 175
58 65
58 77
58 81
58 147
58 84
58 86
58 68
58 161
58 155
58 134
58 166
58 184
58 71
58 108
58 141
58 113
58 79
58 119
58 132
58 143
59 144
59 116
59 152
59 137
60 96
60 178
60 119
60 108
60 113
60 179
60 155
60 87
60 90
60 191
61 176
61 192
61 196
61 195
61 152
61 137
61 154
61 107
61 94
62 129
62 98
62 103
62 145
62 201
62 83
62 204
62 142
62 144
62 116
62 149
62 123
62 157
63 177
63 98
63 180
63 109
64 81
64 181
64 161
64 120
64 111
65 71
65 136
65 137
65 78
65 77
65 184
65 84
65 86
65 87
65 152
65 143
65 158
65 68
65 166
65 182
65 132
65 121
66 193
66 70
66 76
66 108
66 111
66 189
66 183
66 170
66 138
66 95
67 97
67 115
67 133
67 102
67 200
67 163
67 139
67 190
68 71
68 87
68 78
68 77
68 184
68 147
68 84
68 86
68 143
68 158
68 166
68 136
68 182
68 119
68 132
68 121
69 128
69 193
69 197
69 73
69 138
69 76
69 88
69 93
69 99
69 100
69 167
69 168
69 173
69 110
69 112
69 169
69 122
70 90
70 155
70 95
70 96
70 161
70 108
70 189
70 113
70 178
70 179
70 119
70 183
71 87
71 78
71 77
71 141
71 147
71 84
71 86
71 79
71 136
71 134
71 166
71 184
71 113
71 155
71 119
71 132
71 121
71 143
72 128
72 97
72 162
72 197
72 200
72 169
72 74
72 139
72 110
72 146
72 150
72 185
73 128
73 99
73 100
73 193
73 168
73 138
73 76
73 174
73 88
73 204
73 149
73 170
73 122
73 93
74 97
74 162
74 197
74 169
74 172
74 200
74 146
74 150
74 185
74 186
74 91
75 130
75 199
75 194
75 202
75 203
75 77
75 92
75 82
75 195
75 84
75 151
75 152
75 153
75 156
75 158
75 165
75 104
75 105
75 171
75 172
75 187
75 188
76 128
76 99
76 193
76 168
76 138
76 174
76 112
76 170
76 88
76 122
76 111
76 93
77 136
77 132
77 141
77 143
77 147
77 152
77 156
77 154
77 158
77 165
77 203
77 176
77 184
77 188
77 194
77 195
77 81
77 82
77 84
77 86
77 89
77 92
77 94
77 107
77 114
77 153
78 132
78 166
78 143
78 118
78 87
78 121
78 126
78 182
79 132
79 134
79 141
79 114
79 86
79 119
79 164
79 155
79 154
79 94
80 82
80 148
80 198
80 120
80 203
80 194
81 194
81 134
81 199
81 120
81 147
81 84
81 203
81 156
81 165
81 184
81 148
82 192
82 194
82 195
82 196
82 165
82 203
82 148
82 153
82 89
82 154
82 156
82 94
83 144
83 98
83 116
83 142
83 103
83 145
83 124
83 157
84 136
84 184
84 107
84 86
84 152
84 143
84 92
84 158
84 194
84 165
84 166
84 156
84 141
84 147
84 132
84 188
84 153
84 195
85 112
85 163
85 200
85 106
85 173
86 132
86 141
86 154
86 94
86 134
86 107
86 114
86 184
86 143
86 166
87 132
87 143
87 182
87 166
87 108
87 113
87 178
87 118
87 119
87 121
88 128
88 99
88 100
88 193
88 168
88 138
88 173
88 112
88 170
88 122
88 93
89 192
89 194
89 195
89 196
89 165
89 107
89 176
89 148
89 203
89 153
89 154
89 156
89 94
90 96
90 160
90 108
90 178
90 113
90 179
90 119
90 155
90 191
91 177
91 146
91 185
91 172
91 175
92 136
92 184
92 152
92 156
92 158
92 165
92 195
92 194
92 176
92 116
92 137
92 153
92 188
93 128
93 99
93 100
93 193
93 168
93 138
93 173
93 112
93 122
93 170
94 195
94 192
94 141
94 154
94 156
94 107
94 176
94 114
95 161
95 189
95 111
96 161
96 155
96 164
96 113
96 119
96 134
97 162
97 102
97 139
97 200
97 115
97 181
97 150
97 190
98 145
98 104
98 109
98 144
98 116
98 180
98 187
98 188
99 128
99 193
99 146
99 149
99 186
99 201
99 197
99 100
99 167
99 168
99 171
99 174
99 204
99 169
99 185
99 122
99 123
100 128
100 167
100 168
100 193
100 204
100 201
100 149
100 169
100 122
100 123
101 131
101 181
101 140
102 115
102 181
102 200
102 139
102 190
103 129
103 142
103 144
103 182
103 157
103 126
104 105
104 130
104 188
104 116
104 187
104 151
104 202
104 153
105 194
105 203
105 199
105 202
105 151
105 153
105 156
105 165
105 171
105 175
105 172
105 187
105 188
106 112
106 163
106 173
107 195
107 192
107 141
107 152
107 132
107 154
107 156
107 176
107 114
108 155
108 161
108 189
108 113
108 178
108 179
108 119
108 183
108 191
109 177
109 127
109 125
110 128
110 150
110 167
110 169
110 173
110 197
111 193
111 199
111 174
111 147
111 186
111 170
112 128
112 173
112 138
112 170
113 155
113 161
113 134
113 178
113 179
113 119
113 191
114 132
114 134
114 192
114 141
114 154
115 162
115 199
115 200
115 139
115 181
115 190
116 187
116 188
116 144
116 152
116 157
117 138
119 155
119 147
119 132
119 161
119 134
119 183
120 194
120 198
120 199
120 203
120 181
120 190
121 166
121 136
121 143
121 182
121 132
121 126
122 128
122 193
122 168
122 138
122 174
122 170
122 149
122 204
123 193
123 168
123 169
123 204
123 146
123 180
123 201
123 185
123 149
124 145
124 180
124 201
125 177
125 180
125 127
126 129
126 182
126 204
127 177
128 193
128 138
128 162
128 150
128 167
128 168
128 197
128 173
128 169
128 185
129 144
129 201
129 204
129 157
129 142
129 149
130 187
130 196
130 151
130 153
130 188
130 202
131 181
131 190
132 136
132 141
132 147
132 158
132 134
132 184
132 143
132 166
133 159
134 155
134 141
134 147
134 161
135 160
135 178
135 179
135 183
135 191
136 143
136 144
136 184
136 152
136 158
136 165
136 156
136 195
136 176
136 137
136 153
136 188
136 166
137 195
137 176
137 152
137 158
138 193
138 170
139 162
139 163
139 200
139 190
141 194
141 154
141 156
141 165
141 166
141 184
142 144
142 145
142 157
143 184
143 158
143 166
143 182
144 145
144 157
145 157
146 162
146 197
146 177
146 168
146 171
146 172
146 174
146 150
146 169
146 185
146 186
146 199
147 194
147 199
147 161
147 155
147 165
147 184
147 171
147 174
148 198
148 194
148 203
149 193
149 168
149 171
149 204
149 174
149 201
149 186
150 162
150 197
150 169
150 200
150 185
150 186
151 187
151 188
151 202
151 153
152 184
152 158
152 165
152 195
152 156
152 176
152 153
152 188
153 202
153 194
153 188
153 196
153 203
153 156
153 158
153 165
153 195
153 176
153 187
154 192
154 195
154 176
154 156
155 161
156 194
156 158
156 195
156 196
156 203
156 184
156 165
156 176
156 188
158 194
158 184
158 195
158 165
158 176
158 188
160 178
160 179
160 183
160 191
162 197
162 199
162 169
162 170
162 172
162 174
162 200
162 185
162 186
163 200
165 194
165 184
165 203
165 195
165 176
165 188
166 182
166 184
167 185
167 169
167 197
168 193
168 204
168 186
168 201
168 171
168 174
168 197
168 169
168 185
169 185
169 186
169 197
170 193
170 174
170 186
171 199
171 172
171 174
171 186
172 177
172 175
172 185
172 186
172 199
174 193
174 197
174 199
174 186
175 177
175 202
176 192
176 195
176 196
176 188
177 180
177 185
178 183
178 179
178 189
178 191
179 183
179 191
180 201
180 185
181 199
181 190
183 189
183 191
184 194
184 188
184 195
185 197
185 186
186 193
186 197
186 199
187 188
187 202
188 202
188 195
192 195
192 196
193 204
194 195
194 203
195 196
201 204
