0 1
0 18
0 68
0 149
0 183
0 120
0 78
0 21
0 190
0 191
1 149
1 130
1 22
1 70
1 199
1 139
1 78
1 18
1 85
1 150
1 158
1 160
1 35
1 42
1 50
1 51
1 116
1 183
1 191
1 124
1 190
1 21
2 66
2 195
2 101
2 166
2 167
2 12
2 10
2 43
2 140
2 77
2 48
2 177
2 178
2 83
2 53
2 25
2 6
2 123
3 65
3 66
3 134
3 10
3 144
3 85
3 22
3 153
3 25
3 27
3 94
3 155
3 6
3 102
3 40
3 110
3 178
3 116
3 117
3 118
3 121
3 122
3 53
4 67
4 197
4 70
4 9
4 139
4 14
4 143
4 145
4 131
4 20
4 151
4 24
4 91
4 158
4 182
4 161
4 36
4 165
4 38
4 104
4 169
4 174
4 179
4 118
4 185
4 58
4 189
4 126
5 192
5 162
5 197
5 103
5 136
5 71
5 76
5 34
5 112
5 113
5 20
5 56
5 185
5 154
5 91
5 126
5 69
6 160
6 48
6 66
6 35
6 102
6 134
6 10
6 42
6 77
6 110
6 144
6 178
6 116
6 117
6 22
6 25
6 155
6 53
6 85
7 129
7 164
7 80
7 137
7 23
7 45
7 46
7 176
7 49
7 146
7 19
7 52
7 119
7 31
7 60
7 157
7 127
8 64
8 33
8 69
8 198
8 103
8 136
8 138
8 76
8 82
8 142
8 175
8 16
8 81
8 114
8 84
8 152
8 62
9 131
9 197
9 70
9 139
9 14
9 143
9 145
9 67
9 20
9 85
9 151
9 24
9 91
9 58
9 185
9 182
9 27
9 36
9 165
9 38
9 104
9 169
9 174
9 40
9 179
9 158
9 118
9 121
9 122
9 189
9 126
10 66
10 195
10 101
10 166
10 12
10 43
10 140
10 173
10 46
10 77
10 48
10 177
10 178
10 83
10 53
10 25
10 123
11 192
11 64
11 71
11 136
11 44
11 138
11 28
11 87
11 156
11 93
11 96
11 162
11 100
11 168
11 105
11 106
11 61
11 108
11 109
11 111
11 115
11 184
11 59
11 74
11 62
12 97
12 195
12 101
12 166
12 167
12 41
12 43
12 140
12 173
12 77
12 177
12 83
12 53
12 123
13 128
13 96
13 98
13 37
13 135
13 15
13 79
13 107
13 109
13 93
13 141
13 26
13 115
13 181
13 184
13 61
13 90
13 187
13 125
14 65
14 131
14 182
14 134
14 139
14 158
14 144
14 145
14 20
14 85
14 151
14 24
14 185
14 91
14 94
14 27
14 70
14 102
14 40
14 169
14 42
14 174
14 116
14 117
14 118
14 56
14 121
14 122
14 189
15 128
15 96
15 98
15 37
15 135
15 79
15 107
15 109
15 141
15 26
15 181
15 184
15 61
15 90
15 187
15 125
16 32
16 33
16 69
16 198
16 193
16 170
16 175
16 81
16 114
16 147
16 148
16 152
17 32
17 193
17 34
17 67
17 147
17 197
17 38
17 161
17 112
17 113
17 179
17 148
17 30
17 33
17 24
17 57
17 58
17 36
17 126
17 165
18 160
18 130
18 35
18 68
18 199
18 42
18 139
18 21
18 78
18 190
18 50
18 51
18 149
18 183
18 120
18 124
18 158
18 191
19 80
19 45
19 163
19 164
19 137
19 23
19 173
19 46
19 47
19 176
19 49
19 146
19 52
19 119
19 60
19 157
19 127
20 67
20 197
20 76
20 151
20 24
20 154
20 27
20 94
20 34
20 91
20 36
20 165
20 112
20 113
20 185
20 56
20 121
20 126
21 78
21 50
21 51
21 149
21 150
21 183
21 124
21 190
21 191
22 160
22 48
22 130
22 35
22 102
22 134
22 199
22 42
22 139
22 66
22 144
22 50
22 51
22 116
22 85
22 150
22 25
22 124
23 129
23 163
23 164
23 137
23 45
23 47
23 80
23 49
23 146
23 52
23 119
23 60
23 157
24 67
24 197
24 143
24 145
24 131
24 151
24 91
24 185
24 161
24 36
24 165
24 38
24 169
24 174
24 113
24 179
24 182
24 57
24 58
24 126
25 160
25 48
25 66
25 195
25 134
25 102
25 77
25 144
25 177
25 178
25 35
25 116
25 53
25 123
25 101
26 107
26 44
26 89
26 90
26 92
26 29
26 95
26 98
26 99
26 37
26 168
26 28
26 171
26 172
26 109
26 180
26 73
26 184
26 187
26 188
26 125
27 65
27 196
27 133
27 134
27 139
27 144
27 85
27 185
27 153
27 154
27 91
27 94
27 155
27 70
27 102
27 40
27 110
27 116
27 117
27 118
27 56
27 121
27 122
27 151
27 189
28 192
28 172
28 74
28 87
28 88
28 89
28 96
28 98
28 99
28 168
28 171
28 44
28 109
28 111
28 115
28 180
28 184
28 187
28 188
28 61
29 129
29 171
29 164
29 49
29 73
29 31
29 180
29 107
29 92
29 95
30 32
30 193
30 34
30 36
30 165
30 161
30 170
30 76
30 112
30 113
30 114
30 147
30 148
30 152
30 57
30 33
30 69
31 129
31 194
31 164
31 73
31 45
31 49
31 146
31 180
31 137
31 92
31 95
32 193
32 34
32 69
32 198
32 81
32 170
32 76
32 175
32 112
32 113
32 114
32 147
32 148
32 152
32 57
32 33
33 193
33 197
33 198
33 76
33 147
33 148
33 152
33 81
33 69
33 34
33 103
33 170
33 175
33 112
33 113
33 114
33 57
34 193
34 198
34 76
34 147
34 148
34 152
34 81
34 69
34 197
34 36
34 165
34 103
34 175
34 112
34 113
34 114
34 57
34 126
35 130
35 199
35 139
35 66
35 78
35 144
35 85
35 150
35 160
35 102
35 42
35 48
35 50
35 51
35 116
35 183
35 124
36 67
36 197
36 76
36 143
36 131
36 151
36 179
36 185
36 161
36 165
36 38
36 112
36 113
36 147
36 57
36 58
36 126
37 128
37 98
37 107
37 79
37 141
37 181
37 90
37 187
37 92
37 125
38 67
38 197
38 143
38 131
38 151
38 185
38 161
38 165
38 145
38 104
38 169
38 174
38 179
38 182
38 57
38 58
38 126
39 194
39 196
39 54
39 73
39 95
39 75
39 159
39 45
39 110
39 176
39 46
39 86
39 153
39 88
39 132
39 186
39 155
39 188
39 55
39 127
40 65
40 196
40 133
40 134
40 139
40 144
40 85
40 185
40 153
40 154
40 91
40 94
40 155
40 102
40 110
40 116
40 117
40 118
40 56
40 121
40 122
40 151
40 189
41 97
41 163
41 167
41 72
41 43
41 140
41 173
41 47
41 177
41 83
41 123
41 63
42 130
42 134
42 199
42 139
42 66
42 144
42 85
42 158
42 160
42 102
42 50
42 116
42 118
42 70
42 189
42 190
43 97
43 195
43 101
43 167
43 140
43 173
43 77
43 48
43 177
43 83
43 53
43 123
44 194
44 99
44 168
44 92
44 74
44 171
44 172
44 109
44 111
44 88
44 115
44 180
44 73
44 184
44 89
44 186
44 188
44 159
45 129
45 194
45 137
45 146
45 86
45 157
45 164
45 166
45 46
45 176
45 49
45 52
45 54
45 73
45 95
45 60
45 127
46 194
46 132
46 54
46 166
46 173
46 176
46 49
46 178
46 52
46 53
46 86
46 60
46 157
46 127
47 80
47 163
47 119
47 72
47 157
47 63
48 160
48 66
48 195
48 101
48 77
48 177
48 116
48 53
48 123
49 129
49 194
49 137
49 119
49 80
49 146
49 164
49 157
49 176
49 52
49 54
49 73
49 95
49 60
49 127
50 160
50 130
50 199
50 78
50 51
50 149
50 150
50 183
50 124
51 160
51 130
51 199
51 78
51 149
51 150
51 183
51 124
51 191
52 80
52 164
52 166
52 137
52 173
52 176
52 146
52 119
52 60
52 157
52 127
53 66
53 101
53 166
53 77
53 173
53 177
53 178
53 123
53 60
53 127
54 129
54 194
54 132
54 73
54 75
54 86
54 88
54 89
54 95
54 99
54 168
54 171
54 172
54 176
54 180
54 186
54 159
54 188
54 127
55 192
55 65
55 75
55 132
55 133
55 71
55 87
55 110
55 88
55 56
55 117
55 86
55 121
55 153
55 196
55 186
55 155
55 154
55 94
55 159
56 65
56 75
56 196
56 133
56 71
56 87
56 151
56 153
56 154
56 91
56 94
56 155
56 110
56 185
56 117
56 118
56 121
56 122
56 159
57 193
57 67
57 147
57 197
57 161
57 112
57 113
57 179
57 148
57 58
57 126
57 165
58 67
58 197
58 143
58 131
58 151
58 161
58 165
58 145
58 104
58 169
58 174
58 179
58 182
58 185
58 126
59 192
59 64
59 71
59 136
59 74
59 142
59 82
59 84
59 87
59 111
59 156
59 162
59 100
59 103
59 105
59 106
59 108
59 61
59 115
59 138
59 62
60 80
60 164
60 166
60 137
60 146
60 173
60 176
60 178
60 119
60 157
60 127
61 96
61 98
61 100
61 135
61 105
61 74
61 108
61 109
61 111
61 115
61 184
61 187
61 156
61 93
62 64
62 100
62 136
62 105
62 138
62 108
62 142
62 82
62 84
62 156
62 106
63 72
63 163
64 192
64 162
64 100
64 74
64 103
64 136
64 105
64 138
64 108
64 142
64 111
64 81
64 82
64 84
64 156
64 106
65 196
65 133
65 134
65 75
65 144
65 85
65 151
65 153
65 154
65 91
65 94
65 102
65 110
65 155
65 117
65 118
65 121
65 122
66 160
66 195
66 134
66 102
66 77
66 144
66 177
66 116
66 123
66 101
67 131
67 197
67 143
67 145
67 151
67 161
67 165
67 104
67 169
67 174
67 113
67 179
67 182
67 185
67 126
68 131
68 70
68 104
68 169
68 139
68 174
68 145
68 158
68 182
68 120
68 190
68 191
69 193
69 197
69 198
69 76
69 142
69 81
69 147
69 148
69 152
69 103
69 170
69 175
69 112
69 113
69 114
69 84
70 130
70 131
70 182
70 199
70 139
70 145
70 85
70 151
70 158
70 104
70 169
70 174
70 118
70 120
70 189
70 190
71 192
71 162
71 196
71 133
71 136
71 74
71 75
71 111
71 87
71 88
71 153
71 186
71 154
71 94
71 159
72 163
73 129
73 194
73 86
73 89
73 92
73 99
73 164
73 168
73 171
73 172
73 176
73 180
73 95
73 188
74 192
74 162
74 100
74 168
74 105
74 106
74 108
74 109
74 111
74 136
74 115
74 87
74 184
74 156
75 194
75 196
75 133
75 86
75 87
75 88
75 132
75 154
75 155
75 94
75 159
75 168
75 110
75 121
75 186
75 153
76 193
76 197
76 198
76 81
76 147
76 148
76 152
76 103
76 175
76 112
76 113
76 114
76 84
77 195
77 101
77 167
77 140
77 177
77 178
77 83
77 123
78 160
78 130
78 199
78 149
78 150
78 183
78 124
78 190
78 191
79 128
79 98
79 181
79 135
79 90
79 187
79 141
79 125
80 163
80 164
80 137
80 146
80 119
80 157
81 193
81 198
81 103
81 136
81 82
81 142
81 175
81 112
81 113
81 114
81 147
81 84
81 152
82 100
82 105
82 138
82 142
82 136
82 84
82 156
82 106
83 97
83 195
83 101
83 167
83 140
83 173
83 177
83 123
84 162
84 100
84 198
84 103
84 136
84 105
84 138
84 142
84 175
84 156
84 106
85 130
85 134
85 199
85 139
85 144
85 151
85 158
85 160
85 102
85 169
85 110
85 116
85 117
85 118
85 121
85 122
85 189
86 129
86 194
86 132
86 88
86 89
86 95
86 99
86 168
86 172
86 176
86 180
86 186
86 159
86 188
86 127
87 192
87 162
87 196
87 133
87 136
87 111
87 168
87 88
87 153
87 186
87 154
87 94
87 159
88 192
88 194
88 196
88 133
88 89
88 132
88 154
88 159
88 99
88 168
88 172
88 111
88 153
88 186
88 188
89 194
89 99
89 168
89 92
89 171
89 172
89 109
89 111
89 115
89 180
89 184
89 186
89 188
89 95
90 128
90 96
90 98
90 135
90 107
90 109
90 141
90 181
90 184
90 187
90 92
90 125
91 133
91 151
91 154
91 94
91 197
91 165
91 185
91 117
91 118
91 121
91 122
91 189
91 126
92 129
92 99
92 168
92 107
92 172
92 109
92 180
92 171
92 188
92 125
92 95
93 96
93 98
93 100
93 135
93 105
93 108
93 115
93 184
93 187
93 156
94 196
94 133
94 134
94 144
94 151
94 153
94 154
94 185
94 159
94 155
94 110
94 117
94 118
94 121
94 122
95 129
95 194
95 99
95 164
95 171
95 172
95 176
95 180
95 188
95 127
96 128
96 98
96 100
96 135
96 108
96 109
96 115
96 181
96 184
96 187
96 156
97 177
97 101
97 167
97 123
97 140
97 173
98 128
98 135
98 108
98 109
98 115
98 181
98 184
98 187
98 125
99 194
99 168
99 171
99 172
99 109
99 111
99 115
99 180
99 184
99 188
100 192
100 162
100 136
100 105
100 138
100 108
100 142
100 111
100 115
100 156
100 106
101 195
101 167
101 140
101 177
101 123
102 130
102 155
102 199
102 139
102 144
102 160
102 134
102 110
102 116
102 117
102 118
102 122
102 189
103 162
103 197
103 106
103 142
103 175
103 112
103 113
103 136
104 131
104 169
104 139
104 174
104 143
104 145
104 179
104 158
104 182
104 120
104 189
104 190
105 192
105 162
105 136
105 138
105 108
105 142
105 111
105 115
105 156
105 106
106 192
106 162
106 136
106 138
106 108
106 142
106 111
106 156
107 180
107 171
107 125
108 135
108 138
108 111
108 115
108 184
108 156
109 135
109 168
109 171
109 172
109 111
109 115
109 180
109 184
109 187
109 188
110 132
110 196
110 133
110 134
110 144
110 153
110 154
110 186
110 155
110 178
110 116
110 117
110 118
110 121
110 122
111 192
111 136
111 162
111 168
111 156
111 115
111 184
111 188
112 193
112 198
112 147
112 148
112 152
112 165
112 197
112 175
112 113
112 114
112 126
113 193
113 197
113 147
113 148
113 152
113 165
113 114
113 185
113 126
114 193
114 198
114 170
114 175
114 147
114 148
114 152
115 135
115 156
115 168
115 184
115 187
116 130
116 199
116 139
116 144
116 160
116 134
116 117
116 118
116 122
117 196
117 133
117 134
117 144
117 151
117 153
117 154
117 155
117 118
117 121
117 122
117 189
118 134
118 199
118 139
118 144
118 151
118 158
118 160
118 155
118 169
118 174
118 121
118 122
118 189
119 163
119 164
119 137
119 146
119 157
120 131
120 169
120 174
120 145
120 158
120 182
120 190
120 191
121 196
121 133
121 134
121 144
121 151
121 153
121 154
121 155
121 185
121 122
121 189
122 133
122 134
122 139
122 144
122 151
122 153
122 154
122 155
122 189
123 195
123 166
123 167
123 140
123 173
123 177
123 178
124 160
124 130
124 199
124 149
124 150
124 183
124 191
125 128
125 187
125 141
125 181
126 131
126 197
126 143
126 151
126 185
126 161
126 165
126 145
126 174
126 179
127 129
127 194
127 132
127 166
127 176
127 178
127 186
128 187
128 135
128 141
128 181
129 194
129 164
129 137
129 176
129 146
129 180
130 150
130 199
130 139
130 158
130 160
130 183
130 189
130 190
130 191
131 139
131 143
131 145
131 151
131 158
131 161
131 165
131 169
131 174
131 179
131 182
131 189
132 194
132 196
132 133
132 176
132 178
132 153
132 186
132 155
132 159
133 192
133 196
133 153
133 154
133 155
133 159
133 162
133 186
134 144
134 153
134 160
134 155
135 181
135 184
135 187
136 192
136 138
136 142
136 156
136 162
137 164
137 146
137 157
138 142
138 156
139 199
139 144
139 145
139 151
139 158
139 160
139 169
139 174
139 182
139 189
139 190
140 195
140 167
140 173
140 177
141 181
141 187
142 175
142 156
143 161
143 165
143 169
143 174
143 145
143 179
143 182
143 158
144 199
144 153
144 155
144 160
144 189
145 151
145 158
145 161
145 165
145 169
145 174
145 179
145 182
145 189
146 164
146 157
147 193
147 197
147 198
147 148
147 152
147 165
147 170
147 175
148 193
148 198
148 170
148 152
149 150
149 183
149 190
149 191
150 160
150 199
150 183
151 197
151 158
151 165
151 169
151 174
151 182
151 185
151 189
152 193
152 198
152 170
152 175
153 196
153 154
153 155
153 186
153 159
154 192
154 196
154 155
154 159
154 162
154 185
154 186
155 196
155 159
155 186
157 163
157 164
157 173
158 182
158 199
158 169
158 174
158 189
158 190
159 192
159 194
159 196
159 172
159 168
159 186
159 188
160 199
160 183
161 165
161 174
161 179
162 192
164 176
165 197
165 185
165 174
165 179
166 173
166 176
166 177
166 178
167 195
167 173
167 177
168 194
168 171
168 172
168 180
168 184
168 186
168 188
169 182
169 174
169 179
169 189
169 190
170 193
170 198
170 175
171 194
171 172
171 180
171 184
171 188
172 194
172 188
172 180
172 184
172 186
173 177
173 178
174 182
174 179
174 185
174 189
175 193
175 198
176 194
176 178
176 186
177 195
177 178
179 182
180 194
180 188
181 187
182 189
182 190
183 199
183 190
183 191
184 187
184 188
185 197
186 194
186 196
186 188
188 194
189 199
190 199
190 191
192 196
193 198
