0 197
0 134
0 169
0 77
0 63
0 112
0 177
0 180
0 118
0 41
0 122
0 155
0 30
0 95
1 131
1 196
1 69
1 70
1 8
1 183
1 13
1 16
1 85
1 24
1 157
1 5
1 32
1 35
1 114
1 40
1 45
1 47
1 49
1 50
1 126
1 119
1 120
1 58
1 123
1 60
1 125
1 190
1 191
2 133
2 38
2 10
2 138
2 75
2 76
2 77
2 15
2 112
2 178
2 147
2 22
2 151
2 57
2 90
2 63
2 29
2 127
3 130
3 139
3 133
3 6
3 9
3 75
3 77
3 14
3 145
3 146
3 147
3 22
3 25
3 26
3 91
3 29
3 37
3 33
3 117
3 163
3 38
3 102
3 188
3 42
3 43
3 108
3 109
3 112
3 180
3 181
3 57
3 195
3 63
4 192
4 65
4 196
4 69
4 198
4 8
4 20
4 85
4 121
4 93
4 94
4 5
4 97
4 98
4 101
4 168
4 44
4 176
4 55
4 185
4 58
4 124
4 190
5 192
5 131
5 196
5 69
5 55
5 16
5 85
5 93
5 94
5 101
5 168
5 173
5 40
5 50
5 126
5 119
5 185
5 58
5 124
5 183
5 190
6 193
6 130
6 75
6 133
6 70
6 8
6 73
6 139
6 141
6 18
6 147
6 22
6 26
6 27
6 51
6 35
6 34
6 163
6 37
6 102
6 104
6 42
6 108
6 111
6 49
6 115
6 52
6 181
6 9
6 57
6 188
7 67
7 39
7 106
7 171
7 78
7 79
7 11
7 82
7 182
7 184
7 175
7 28
8 65
8 131
8 196
8 69
8 70
8 73
8 139
8 126
8 13
8 16
8 18
8 40
8 85
8 24
8 26
8 27
8 51
8 32
8 35
8 9
8 102
8 168
8 108
8 111
8 49
8 115
8 181
8 183
8 120
8 58
8 190
9 193
9 130
9 75
9 133
9 70
9 73
9 139
9 141
9 14
9 18
9 147
9 22
9 26
9 27
9 51
9 35
9 34
9 163
9 37
9 102
9 104
9 42
9 108
9 111
9 49
9 115
9 52
9 181
9 57
9 188
10 193
10 83
10 22
10 38
10 104
10 138
10 75
10 76
10 34
10 15
10 81
10 178
10 147
10 150
10 151
10 89
10 90
10 154
10 158
10 127
11 160
11 96
11 175
11 59
11 106
11 171
11 173
11 78
11 125
11 82
11 79
11 182
11 184
11 123
11 28
11 157
11 191
12 129
12 162
12 68
12 54
12 161
12 105
12 66
12 80
12 86
12 55
12 31
12 61
12 159
13 32
13 131
13 196
13 69
13 70
13 183
13 45
13 16
13 120
13 82
13 24
13 157
13 96
13 35
13 167
13 40
13 114
13 47
13 49
13 50
13 182
13 119
13 56
13 58
13 123
13 60
13 125
13 126
13 191
14 194
14 195
14 133
14 72
14 74
14 139
14 130
14 143
14 145
14 146
14 35
14 148
14 88
14 25
14 26
14 91
14 29
14 33
14 163
14 100
14 37
14 102
14 169
14 42
14 43
14 108
14 109
14 180
14 117
14 57
14 188
15 163
15 133
15 38
15 41
15 138
15 75
15 76
15 146
15 77
15 112
15 178
15 147
15 22
15 151
15 57
15 90
15 29
15 42
15 63
16 131
16 196
16 69
16 70
16 183
16 85
16 24
16 157
16 32
16 40
16 49
16 50
16 126
16 119
16 120
16 58
16 123
16 60
16 125
16 190
16 191
17 99
17 132
17 166
17 135
17 137
17 103
17 172
17 110
17 48
17 116
17 36
17 92
17 199
18 193
18 70
18 73
18 75
18 141
18 83
18 20
18 22
18 26
18 27
18 44
18 158
18 51
18 34
18 163
18 102
18 104
18 42
18 108
18 111
18 115
18 52
18 181
18 127
19 65
19 83
19 164
19 198
19 71
19 136
19 44
19 140
19 142
19 113
19 179
19 20
19 53
19 153
19 121
19 187
19 156
20 192
20 193
20 198
20 71
20 136
20 73
20 141
20 83
20 185
20 153
20 27
20 93
20 158
20 51
20 97
20 34
20 65
20 104
20 44
20 111
20 168
20 115
20 52
20 121
20 187
20 190
21 192
21 97
21 162
21 198
21 136
21 105
21 98
21 176
21 113
21 53
21 185
21 121
21 187
21 93
21 94
22 193
22 133
22 51
22 73
22 138
22 75
22 141
22 29
22 147
22 151
22 154
22 26
22 90
22 34
22 163
22 38
22 104
22 42
22 108
22 111
22 112
22 178
22 115
22 52
22 181
22 57
22 127
23 128
23 194
23 195
23 197
23 134
23 74
23 143
23 144
23 145
23 148
23 87
23 88
23 30
23 100
23 165
23 169
23 109
23 174
23 180
23 118
23 122
23 189
24 131
24 196
24 70
24 72
24 139
24 25
24 26
24 37
24 32
24 35
24 114
24 102
24 40
24 188
24 43
24 108
24 45
24 47
24 49
24 50
24 183
24 120
24 186
24 60
24 126
25 194
25 195
25 72
25 74
25 139
25 130
25 143
25 144
25 145
25 146
25 148
25 87
25 88
25 26
25 91
25 33
25 35
25 100
25 37
25 102
25 169
25 43
25 108
25 109
25 47
25 180
25 117
25 84
25 186
25 188
25 189
26 130
26 139
26 133
26 70
26 33
26 73
26 75
26 115
26 146
26 147
26 91
26 29
26 35
26 163
26 37
26 102
26 104
26 42
26 43
26 108
26 111
26 27
26 49
26 51
26 117
26 57
26 188
26 181
27 193
27 196
27 198
27 65
27 73
27 75
27 141
27 93
27 51
27 34
27 102
27 104
27 44
27 111
27 49
27 115
27 52
27 181
27 70
27 190
28 160
28 59
28 171
28 173
28 78
28 79
28 82
28 182
28 119
28 184
28 123
28 157
29 130
29 195
29 133
29 138
29 75
29 77
29 146
29 147
29 139
29 151
29 155
29 91
29 95
29 33
29 163
29 38
29 41
29 42
29 43
29 108
29 112
29 180
29 117
29 57
29 63
30 128
30 194
30 195
30 197
30 134
30 74
30 143
30 144
30 145
30 146
30 148
30 88
30 95
30 33
30 100
30 165
30 169
30 109
30 174
30 177
30 180
30 117
30 118
30 41
30 122
31 80
31 161
31 162
31 68
31 54
31 86
31 105
31 61
31 66
31 159
32 131
32 196
32 69
32 70
32 139
32 35
32 114
32 102
32 40
32 188
32 125
32 45
32 47
32 49
32 50
32 119
32 120
32 58
32 123
32 60
32 183
32 126
33 194
33 195
33 72
33 74
33 139
33 130
33 143
33 144
33 145
33 146
33 35
33 148
33 88
33 91
33 163
33 100
33 37
33 102
33 169
33 42
33 43
33 108
33 109
33 180
33 117
33 188
34 193
34 73
34 75
34 141
34 83
34 90
34 154
34 158
34 51
34 104
34 44
34 111
34 115
34 52
34 181
34 127
35 130
35 196
35 70
35 72
35 139
35 111
35 91
35 37
35 102
35 40
35 42
35 43
35 108
35 45
35 47
35 49
35 181
35 183
35 120
35 188
35 126
36 64
36 99
36 132
36 166
36 167
36 92
36 106
36 103
36 172
36 110
36 175
36 48
36 67
36 116
36 56
36 39
36 135
36 199
37 194
37 195
37 70
37 72
37 139
37 130
37 143
37 145
37 146
37 148
37 88
37 91
37 163
37 100
37 102
37 42
37 43
37 108
37 109
37 47
37 117
37 186
37 188
38 133
38 75
38 76
38 77
38 146
38 147
38 151
38 90
38 95
38 163
38 41
38 42
38 112
38 178
38 117
38 57
38 138
38 63
39 96
39 64
39 67
39 135
39 106
39 103
39 172
39 110
39 175
39 184
39 92
40 131
40 196
40 69
40 70
40 183
40 85
40 157
40 49
40 50
40 126
40 119
40 120
40 58
40 123
40 60
40 125
40 190
40 191
41 133
41 169
41 77
41 63
41 112
41 177
41 146
41 180
41 117
41 57
41 155
41 95
42 193
42 130
42 75
42 133
42 70
42 73
42 139
42 146
42 147
42 91
42 51
42 181
42 163
42 102
42 104
42 43
42 108
42 111
42 112
42 115
42 117
42 57
42 188
42 63
43 194
43 195
43 72
43 74
43 139
43 130
43 143
43 145
43 146
43 148
43 88
43 91
43 163
43 100
43 102
43 169
43 108
43 109
43 180
43 117
43 186
43 188
44 192
44 51
44 198
44 71
44 136
44 73
44 141
44 83
44 185
44 153
44 93
44 97
44 65
44 168
44 115
44 52
44 121
44 187
44 190
45 131
45 135
45 72
45 120
45 84
45 157
45 96
45 166
45 167
45 188
45 170
45 47
45 48
45 49
45 114
45 116
45 56
45 186
45 60
45 125
45 126
45 191
46 128
46 48
46 99
46 132
46 199
46 72
46 137
46 170
46 143
46 144
46 84
46 87
46 100
46 186
46 189
47 131
47 135
47 72
47 120
47 84
47 96
47 166
47 167
47 188
47 48
47 49
47 114
47 116
47 183
47 56
47 186
47 60
47 125
47 126
47 191
48 132
48 199
48 72
48 137
48 84
48 87
48 135
48 99
48 166
48 167
48 170
48 103
48 110
48 114
48 116
48 56
48 186
48 60
48 189
49 131
49 196
49 69
49 70
49 139
49 126
49 102
49 108
49 111
49 50
49 51
49 181
49 183
49 120
49 58
49 188
49 190
50 131
50 196
50 69
50 183
50 82
50 85
50 157
50 96
50 171
50 173
50 114
50 182
50 119
50 120
50 58
50 123
50 60
50 125
50 126
50 191
51 193
51 75
51 196
51 70
51 65
51 73
51 139
51 141
51 102
51 104
51 108
51 111
51 115
51 52
51 181
52 193
52 71
52 136
52 73
52 75
52 141
52 83
52 154
52 158
52 198
52 65
52 104
52 111
52 115
52 181
52 127
53 113
53 164
53 97
53 121
53 136
53 153
53 187
54 80
54 161
54 162
54 68
54 86
54 61
54 66
54 159
55 192
55 129
55 162
55 101
55 105
55 98
55 173
55 176
55 85
55 86
55 185
55 59
55 124
55 94
55 69
56 67
56 132
56 199
56 82
56 84
56 167
56 96
56 99
56 166
56 103
56 106
56 135
56 110
56 175
56 157
56 114
56 116
56 182
56 186
56 123
56 60
56 125
56 191
57 130
57 139
57 133
57 138
57 75
57 77
57 146
57 147
57 151
57 91
57 163
57 102
57 104
57 108
57 111
57 112
57 115
57 181
57 117
57 63
58 131
58 196
58 183
58 82
58 85
58 157
58 69
58 173
58 126
58 119
58 120
58 123
58 124
58 125
58 190
58 191
59 160
59 129
59 119
59 171
59 124
59 173
59 78
60 131
60 135
60 82
60 67
60 157
60 96
60 166
60 167
60 106
60 110
60 175
60 114
60 116
60 182
60 183
60 120
60 186
60 123
60 125
60 126
60 191
61 80
61 161
61 162
61 68
61 86
61 105
61 66
61 159
62 81
62 179
62 149
62 150
62 89
62 152
62 140
62 107
62 156
62 142
63 130
63 133
63 138
63 76
63 77
63 146
63 147
63 155
63 95
63 163
63 112
63 177
63 180
63 117
64 92
64 172
64 103
65 192
65 196
65 198
65 136
65 141
65 85
65 121
65 93
65 94
65 97
65 98
65 101
65 168
65 185
65 187
65 190
66 129
66 162
66 68
66 86
66 161
66 105
66 80
66 159
67 135
67 79
67 82
67 92
67 157
67 96
67 166
67 103
67 106
67 167
67 172
67 110
67 175
67 114
67 116
67 182
67 184
67 125
67 191
68 129
68 162
68 86
68 161
68 105
68 80
68 159
69 192
69 131
69 196
69 183
69 85
69 93
69 94
69 101
69 168
69 173
69 126
69 119
69 185
69 123
69 124
69 190
70 196
70 73
70 139
70 102
70 104
70 108
70 111
70 115
70 181
70 120
70 188
70 183
70 190
71 83
71 164
71 198
71 136
71 140
71 141
71 142
71 179
71 89
71 153
71 187
71 156
71 158
72 194
72 143
72 144
72 145
72 84
72 87
72 91
72 100
72 167
72 170
72 114
72 116
72 120
72 148
72 186
72 188
72 189
73 193
73 75
73 141
73 83
73 158
73 163
73 102
73 104
73 108
73 111
73 115
73 181
73 127
74 128
74 194
74 195
74 134
74 130
74 143
74 144
74 145
74 148
74 87
74 88
74 91
74 100
74 165
74 169
74 109
74 174
74 180
74 117
74 118
74 189
75 193
75 133
75 138
75 141
75 147
75 151
75 154
75 90
75 158
75 163
75 102
75 104
75 108
75 111
75 178
75 115
75 181
75 127
76 133
76 77
76 112
76 178
76 147
76 151
76 90
76 138
77 133
77 138
77 112
77 177
77 146
77 147
77 180
77 117
77 155
77 95
78 160
78 171
78 173
78 79
78 82
78 182
78 184
78 157
79 160
79 96
79 106
79 171
79 175
79 125
79 82
79 182
79 184
79 123
79 157
79 191
80 161
80 162
80 86
80 105
80 98
80 176
80 159
81 83
81 107
81 142
81 178
81 179
81 150
81 152
81 89
81 154
81 156
81 90
81 158
81 127
82 135
82 131
82 157
82 96
82 167
82 106
82 171
82 114
82 175
82 182
82 119
82 184
82 123
82 125
82 126
82 191
83 193
83 136
83 140
83 141
83 142
83 150
83 153
83 89
83 154
83 156
83 158
83 104
83 179
83 127
84 194
84 132
84 199
84 137
84 143
84 144
84 148
84 87
84 99
84 100
84 166
84 167
84 170
84 135
84 114
84 116
84 186
84 189
85 192
85 131
85 196
85 198
85 183
85 93
85 94
85 97
85 98
85 101
85 168
85 119
85 185
85 124
85 190
86 129
86 162
86 161
86 105
86 159
87 128
87 194
87 100
87 199
87 137
87 170
87 174
87 143
87 144
87 145
87 148
87 186
87 189
88 128
88 194
88 195
88 134
88 130
88 143
88 144
88 145
88 146
88 148
88 91
88 100
88 165
88 169
88 109
88 174
88 180
88 117
88 118
88 189
89 193
89 107
89 140
89 142
89 178
89 179
89 150
89 152
89 153
89 154
89 156
89 90
89 158
89 127
90 193
90 133
90 104
90 138
90 178
90 147
90 150
90 151
90 154
90 158
90 127
91 194
91 139
91 130
91 143
91 145
91 146
91 195
91 148
91 163
91 100
91 102
91 169
91 108
91 109
91 180
91 117
91 188
92 99
92 132
92 166
92 135
92 172
92 110
92 103
92 199
93 192
93 198
93 136
93 121
93 94
93 97
93 98
93 101
93 168
93 176
93 185
93 187
93 190
94 192
94 198
94 98
94 121
94 97
94 162
94 101
94 168
94 105
94 176
94 185
94 187
94 124
94 190
95 133
95 169
95 112
95 177
95 146
95 180
95 117
95 155
96 131
96 135
96 171
96 157
96 166
96 167
96 106
96 103
96 110
96 175
96 114
96 116
96 182
96 184
96 123
96 125
96 126
96 191
97 192
97 198
97 136
97 98
97 121
97 162
97 101
97 168
97 105
97 176
97 113
97 185
97 187
97 124
97 190
98 192
98 129
98 162
98 101
98 168
98 105
98 176
98 185
98 121
98 187
98 124
99 132
99 166
99 167
99 137
99 103
99 172
99 110
99 116
99 135
99 199
100 128
100 194
100 195
100 143
100 144
100 145
100 148
100 169
100 170
100 109
100 174
100 180
100 186
100 188
100 189
101 192
101 162
101 198
101 168
101 105
101 176
101 185
101 121
101 124
101 190
102 130
102 196
102 139
102 163
102 104
102 108
102 111
102 115
102 181
102 183
102 120
102 188
103 132
103 166
103 167
103 106
103 199
103 172
103 110
103 175
103 116
103 135
104 193
104 133
104 141
104 147
104 151
104 154
104 158
104 163
104 108
104 111
104 115
104 181
104 127
105 192
105 129
105 162
105 176
105 185
105 159
105 124
106 184
106 135
106 157
106 166
106 167
106 171
106 110
106 175
106 114
106 116
106 182
106 123
106 125
106 191
107 179
107 149
107 150
107 152
107 140
107 154
107 156
107 142
108 130
108 133
108 139
108 147
108 163
108 146
108 111
108 115
108 117
108 188
108 181
109 128
109 194
109 195
109 134
109 130
109 143
109 144
109 145
109 146
109 148
109 165
109 169
109 174
109 180
109 117
109 118
109 122
110 132
110 166
110 167
110 199
110 172
110 175
110 114
110 116
110 135
111 193
111 196
111 139
111 141
111 163
111 115
111 181
112 130
112 133
112 138
112 146
112 147
112 151
112 155
112 163
112 180
112 117
113 164
113 121
113 136
113 153
113 187
114 131
114 132
114 135
114 175
114 157
114 166
114 167
114 116
114 182
114 120
114 186
114 123
114 125
114 126
114 191
115 193
115 139
115 141
115 158
115 163
115 181
115 127
116 132
116 199
116 157
116 166
116 167
116 170
116 135
116 175
116 182
116 186
116 125
116 191
117 194
117 133
117 139
117 130
117 145
117 146
117 195
117 155
117 163
117 169
117 147
117 180
118 197
118 134
118 169
118 174
118 177
118 180
118 122
118 165
119 131
119 196
119 157
119 160
119 171
119 173
119 126
119 182
119 183
119 120
119 123
119 124
119 125
119 190
119 191
120 131
120 196
120 157
120 167
120 183
120 123
120 188
120 125
120 126
120 191
121 192
121 198
121 136
121 162
121 164
121 168
121 176
121 185
121 187
122 197
122 134
122 169
122 174
122 177
122 180
122 165
123 131
123 157
123 167
123 171
123 173
123 175
123 182
123 183
123 125
123 126
123 191
124 192
124 129
124 162
124 168
124 173
124 176
124 185
124 190
125 131
125 135
125 157
125 166
125 167
125 171
125 175
125 182
125 183
125 126
125 191
126 131
126 196
126 157
126 182
126 183
126 191
127 193
127 150
127 141
127 142
127 147
127 151
127 154
127 156
127 158
127 178
128 165
128 134
128 170
128 143
128 144
128 148
128 174
128 189
129 162
129 173
129 176
129 159
130 194
130 133
130 139
130 145
130 146
130 195
130 148
130 163
130 169
130 147
130 180
130 181
130 188
131 196
131 157
131 182
131 183
131 191
132 166
132 167
132 137
132 170
132 199
132 172
132 135
133 138
133 139
133 146
133 147
133 151
133 163
133 181
134 197
134 169
134 174
134 177
134 180
134 165
135 199
135 157
135 166
135 167
135 175
135 182
135 186
135 191
136 164
136 198
136 168
136 141
136 153
136 187
137 166
137 199
137 170
137 144
137 186
137 189
138 178
138 147
138 151
139 194
139 146
139 195
139 163
139 181
139 188
140 164
140 179
140 142
140 150
140 152
140 153
140 156
141 193
141 198
141 154
141 158
141 181
142 179
142 158
142 150
142 152
142 153
142 154
142 156
143 194
143 195
143 144
143 145
143 148
143 169
143 170
143 174
143 180
143 186
143 189
144 194
144 195
144 145
144 169
144 170
144 174
144 148
144 186
144 189
145 194
145 146
145 195
145 148
145 169
145 174
145 180
145 188
145 189
146 147
146 155
146 163
146 169
146 180
146 195
147 193
147 151
147 163
147 178
147 181
148 194
148 195
148 169
148 170
148 174
148 180
148 186
148 188
148 189
149 152
149 150
150 178
150 179
150 158
150 152
150 154
150 156
151 193
151 163
151 178
151 154
152 179
152 156
153 164
153 179
153 198
153 187
153 156
153 158
154 193
154 178
154 179
154 156
154 158
155 177
155 180
156 179
156 158
157 184
157 167
157 171
157 175
157 182
157 191
158 193
158 179
158 178
159 161
159 162
160 171
160 173
162 176
163 181
163 188
164 179
164 187
165 197
165 169
165 174
166 199
166 175
166 167
166 172
166 186
166 191
167 199
167 175
167 182
167 186
167 191
168 192
168 196
168 198
168 176
168 185
168 187
168 190
169 194
169 195
169 197
169 174
169 177
169 180
170 194
170 199
170 186
170 189
171 173
171 175
171 182
171 184
171 191
172 199
174 194
174 195
174 197
174 180
174 189
175 182
175 184
175 191
176 192
176 185
176 187
177 197
177 180
178 193
180 194
180 195
181 193
181 188
182 184
182 191
183 196
183 190
184 191
185 192
185 198
185 187
185 190
186 194
186 199
186 188
186 189
187 192
187 198
188 194
188 195
189 194
189 195
189 199
190 192
190 196
190 198
192 198
192 196
194 195
