0 64
0 130
0 197
0 70
0 140
0 2
0 78
0 143
0 16
0 40
0 88
0 91
0 28
0 95
0 96
0 167
0 104
0 107
0 111
0 112
0 113
0 55
0 122
0 123
0 188
0 61
1 193
1 3
1 196
1 5
1 8
1 23
1 76
1 19
1 21
1 151
1 89
1 31
1 101
1 39
1 168
1 41
1 127
1 48
1 49
1 117
1 183
1 184
1 185
1 186
1 59
1 53
2 64
2 112
2 107
2 6
2 70
2 167
2 104
2 170
2 139
2 111
2 144
2 113
2 91
2 55
2 122
2 123
2 94
2 95
3 193
3 196
3 5
3 74
3 23
3 76
3 79
3 19
3 21
3 151
3 89
3 31
3 36
3 39
3 168
3 41
3 48
3 49
3 53
3 183
3 184
3 186
3 153
3 127
4 192
4 194
4 130
4 28
4 74
4 66
4 78
4 79
4 149
4 152
4 153
4 143
4 156
4 30
4 95
4 163
4 36
4 103
4 168
4 169
4 14
4 181
4 119
4 120
4 60
4 61
5 193
5 196
5 9
5 74
5 23
5 76
5 79
5 19
5 21
5 86
5 151
5 89
5 31
5 168
5 41
5 48
5 49
5 53
5 183
5 184
5 186
5 60
5 153
5 127
6 129
6 165
6 70
6 170
6 139
6 144
6 146
6 20
6 55
6 91
6 94
7 16
7 197
7 75
7 140
7 46
7 47
7 176
7 177
7 180
7 22
7 24
7 121
7 154
7 92
7 37
8 100
8 54
8 31
8 196
8 76
8 21
8 49
8 51
8 117
8 118
8 23
8 132
8 127
8 86
8 53
9 193
9 130
9 67
9 129
9 55
9 60
9 66
9 78
9 79
9 144
9 145
9 146
9 151
9 89
9 167
9 168
9 169
9 107
9 113
9 53
9 183
9 184
9 186
9 188
9 62
10 192
10 194
10 197
10 198
10 78
10 143
10 16
10 24
10 18
10 148
10 149
10 88
10 155
10 28
10 93
10 95
10 96
10 97
10 34
10 163
10 40
10 173
10 46
10 47
10 176
10 27
10 181
10 119
10 58
10 61
11 65
11 83
11 99
11 69
11 195
11 199
11 106
11 71
11 108
11 141
11 45
11 179
11 158
11 182
11 63
11 29
11 126
11 191
12 80
12 100
12 162
12 132
12 17
12 73
12 105
12 26
12 172
12 13
12 159
13 162
13 100
13 73
13 172
13 80
13 17
13 178
13 54
13 105
13 132
13 26
14 192
14 194
14 134
14 136
14 137
14 74
14 66
14 78
14 79
14 152
14 153
14 143
14 156
14 30
14 33
14 155
14 36
14 103
14 173
14 50
14 115
14 181
14 119
14 120
15 97
15 195
15 133
15 134
15 103
15 136
15 44
15 106
15 171
15 108
15 173
15 141
15 50
15 115
15 33
15 155
15 156
15 102
15 63
16 197
16 198
16 75
16 140
16 143
16 24
16 149
16 88
16 111
16 28
16 95
16 96
16 176
16 34
16 163
16 37
16 104
16 46
16 47
16 112
16 40
16 180
16 27
16 58
16 61
17 162
17 100
17 159
17 105
17 172
17 82
17 80
17 178
17 117
17 54
17 73
17 132
17 26
17 187
17 21
17 157
17 127
18 43
18 198
18 138
18 148
18 149
18 87
18 155
18 93
18 160
18 97
18 34
18 163
18 102
18 166
18 171
18 44
18 173
18 174
18 27
18 115
18 52
18 121
18 58
18 125
19 137
19 74
19 76
19 147
19 21
19 23
19 161
19 35
19 101
19 39
19 41
19 175
19 48
19 49
19 187
19 116
19 117
19 183
19 56
19 185
19 186
19 59
19 127
20 129
20 165
20 42
20 139
20 144
20 81
20 146
20 94
20 25
20 90
20 170
20 62
21 193
21 132
21 76
21 23
21 196
21 59
21 39
21 41
21 127
21 48
21 49
21 51
21 117
21 54
21 185
21 186
21 187
21 53
22 177
22 98
22 180
22 110
22 121
22 154
22 75
22 92
22 109
22 174
23 193
23 132
23 76
23 86
23 151
23 196
23 118
23 31
23 39
23 41
23 48
23 49
23 51
23 117
23 54
23 186
23 127
23 53
24 197
24 198
24 75
24 140
24 88
24 27
24 28
24 96
24 176
24 34
24 37
24 104
24 92
24 46
24 47
24 112
24 177
24 180
24 40
24 121
24 58
24 61
25 81
25 90
25 42
25 165
26 162
26 100
26 105
26 172
26 82
26 77
26 80
26 178
26 116
26 117
26 56
26 185
26 187
26 157
26 159
27 192
27 194
27 197
27 198
27 75
27 143
27 148
27 149
27 88
27 155
27 28
27 93
27 96
27 97
27 34
27 163
27 37
27 40
27 173
27 46
27 47
27 176
27 119
27 121
27 58
27 61
28 192
28 64
28 194
28 66
28 197
28 198
28 55
28 140
28 130
28 78
28 143
28 40
28 149
28 88
28 95
28 96
28 34
28 70
28 167
28 104
28 107
28 46
28 111
28 112
28 113
28 181
28 119
28 120
28 122
28 123
28 61
29 65
29 83
29 99
29 69
29 195
29 199
29 106
29 71
29 108
29 141
29 45
29 179
29 158
29 182
29 63
29 126
29 191
30 192
30 194
30 134
30 136
30 137
30 74
30 66
30 78
30 79
30 84
30 152
30 153
30 156
30 33
30 36
30 103
30 173
30 175
30 50
30 115
30 181
30 119
30 120
31 193
31 196
31 145
31 150
31 151
31 89
31 54
31 86
31 49
31 51
31 53
31 118
31 183
31 184
31 186
31 189
31 127
32 128
32 131
32 68
32 133
32 135
32 72
32 137
32 142
32 147
32 84
32 161
32 35
32 101
32 38
32 175
32 114
32 116
32 56
32 57
32 33
32 59
32 124
32 190
33 128
33 68
33 133
33 134
33 136
33 137
33 74
33 84
33 152
33 153
33 156
33 35
33 36
33 101
33 38
33 103
33 171
33 175
33 50
33 115
34 194
34 197
34 198
34 75
34 143
34 148
34 149
34 88
34 155
34 92
34 93
34 96
34 163
34 37
34 40
34 46
34 47
34 176
34 119
34 121
34 58
34 61
35 128
35 68
35 133
35 137
35 142
35 147
35 84
35 185
35 161
35 101
35 38
35 39
35 41
35 175
35 48
35 114
35 116
35 56
35 57
35 59
35 190
36 192
36 194
36 134
36 137
36 74
36 66
36 79
36 84
36 152
36 153
36 156
36 101
36 103
36 168
36 41
36 175
36 48
36 181
36 183
36 120
37 96
37 197
37 198
37 75
37 140
37 174
37 47
37 176
37 177
37 180
37 46
37 88
37 121
37 154
37 92
37 58
38 128
38 131
38 68
38 133
38 135
38 72
38 137
38 142
38 147
38 84
38 185
38 161
38 101
38 39
38 175
38 114
38 116
38 56
38 57
38 59
38 124
38 190
39 68
39 76
39 161
39 187
39 101
39 41
39 175
39 48
39 178
39 147
39 116
39 117
39 56
39 185
39 59
39 127
40 64
40 194
40 197
40 198
40 55
40 140
40 130
40 78
40 143
40 149
40 88
40 47
40 95
40 96
40 176
40 70
40 167
40 104
40 107
40 46
40 111
40 112
40 113
40 119
40 122
40 123
40 61
41 193
41 137
41 74
41 76
41 151
41 89
41 101
41 168
41 175
41 48
41 49
41 117
41 183
41 153
41 185
41 186
41 59
41 53
42 90
42 139
42 165
43 97
43 166
43 106
43 44
43 141
43 125
43 52
43 87
43 138
43 126
43 63
44 160
44 97
44 163
44 102
44 166
44 106
44 171
44 173
44 93
44 125
44 115
44 148
44 87
44 52
44 58
44 155
44 138
44 63
45 65
45 99
45 164
45 179
45 199
45 71
45 83
45 85
45 182
45 191
45 158
45 69
46 197
46 198
46 75
46 140
46 143
46 88
46 149
46 92
46 96
46 163
46 47
46 176
46 177
46 180
46 121
46 58
46 61
47 197
47 198
47 75
47 140
47 88
47 92
47 96
47 104
47 176
47 177
47 180
47 121
47 58
47 61
48 193
48 137
48 74
48 76
48 153
48 101
48 168
48 175
48 49
48 147
48 117
48 183
48 185
48 186
48 59
49 193
49 196
49 76
49 86
49 151
49 89
49 168
49 51
49 117
49 54
49 183
49 184
49 186
49 127
49 53
50 97
50 195
50 133
50 134
50 103
50 136
50 137
50 171
50 173
50 115
50 84
50 152
50 155
50 156
50 102
51 132
51 118
51 86
51 151
51 127
51 196
51 54
51 53
52 160
52 97
52 98
52 166
52 138
52 110
52 93
52 148
52 174
52 87
52 125
53 193
53 196
53 76
53 145
53 86
53 151
53 89
53 168
53 183
53 184
53 186
53 60
53 127
54 100
54 73
54 196
54 117
54 118
54 132
54 127
55 64
55 130
55 67
55 70
55 139
55 144
55 188
55 91
55 94
55 95
55 167
55 169
55 170
55 107
55 111
55 112
55 113
55 122
55 123
55 60
56 128
56 68
56 77
56 82
56 185
56 157
56 159
56 161
56 187
56 101
56 105
56 178
56 114
56 147
56 116
56 117
56 57
56 59
56 124
57 128
57 161
57 131
57 68
57 135
57 77
57 142
57 114
57 147
57 116
57 59
57 124
57 157
57 190
58 96
58 197
58 198
58 138
58 75
58 143
58 148
58 174
58 88
58 155
58 92
58 93
58 160
58 97
58 98
58 163
58 166
58 173
58 110
58 61
58 176
58 121
58 125
58 149
59 128
59 68
59 137
59 76
59 147
59 84
59 161
59 101
59 175
59 114
59 116
59 117
59 185
59 187
60 192
60 193
60 130
60 67
60 66
60 78
60 79
60 144
60 184
60 151
60 89
60 95
60 167
60 168
60 169
60 107
60 113
60 181
60 183
60 120
60 186
60 188
61 192
61 194
61 66
61 197
61 198
61 140
61 130
61 78
61 143
61 149
61 88
61 95
61 96
61 176
61 163
61 107
61 111
61 112
61 113
61 181
61 119
61 120
61 122
62 129
62 67
62 165
62 81
62 139
62 144
62 145
62 146
62 189
62 94
63 97
63 99
63 102
63 106
63 171
63 108
63 141
63 195
63 87
63 125
63 126
64 123
64 70
64 167
64 104
64 107
64 140
64 111
64 112
64 122
64 91
64 95
65 83
65 99
65 164
65 69
65 195
65 199
65 72
65 71
65 108
65 158
65 179
65 85
65 182
65 126
65 191
66 192
66 194
66 74
66 183
66 130
66 78
66 143
66 152
66 153
66 79
66 95
66 168
66 169
66 107
66 113
66 181
66 119
66 120
66 188
67 193
67 130
67 129
67 139
67 79
67 144
67 146
67 188
67 151
67 89
67 167
67 168
67 169
67 170
67 107
67 113
67 183
67 184
68 128
68 131
68 133
68 135
68 72
68 137
68 142
68 147
68 84
68 101
68 161
68 175
68 114
68 116
68 185
68 124
68 190
69 83
69 99
69 195
69 199
69 72
69 71
69 108
69 141
69 158
69 179
69 85
69 182
69 126
69 191
70 91
70 167
70 104
70 170
70 107
70 140
70 111
70 112
70 113
70 122
70 123
70 94
70 95
71 99
71 164
71 179
71 199
71 108
71 83
71 85
71 182
71 158
71 191
72 128
72 131
72 133
72 199
72 135
72 142
72 190
72 179
72 84
72 85
72 158
73 80
73 162
73 132
73 100
73 172
74 192
74 194
74 134
74 137
74 76
74 79
74 78
74 152
74 153
74 156
74 103
74 168
74 169
74 175
74 181
74 183
74 120
75 197
75 198
75 138
75 174
75 154
75 92
75 93
75 160
75 98
75 109
75 110
75 176
75 177
75 180
75 121
76 193
76 151
76 89
76 101
76 168
76 117
76 183
76 184
76 185
76 186
76 127
77 161
77 82
77 105
77 114
77 178
77 147
77 116
77 185
77 187
77 124
77 157
77 159
78 192
78 194
78 130
78 79
78 149
78 88
78 153
78 143
78 95
78 167
78 168
78 169
78 107
78 113
78 181
78 119
78 120
78 188
79 192
79 194
79 183
79 130
79 143
79 153
79 152
79 89
79 168
79 169
79 107
79 113
79 181
79 119
79 120
79 188
80 162
80 100
80 105
80 172
80 82
80 159
81 129
81 146
81 165
81 150
81 189
82 162
82 105
82 178
82 116
82 187
82 157
82 159
83 99
83 164
83 195
83 199
83 108
83 141
83 179
83 158
83 182
83 85
83 126
83 191
84 128
84 133
84 134
84 136
84 137
84 147
84 152
84 153
84 156
84 161
84 101
84 175
85 131
85 164
85 199
85 135
85 142
85 179
85 190
85 182
85 158
85 191
86 193
86 196
86 145
86 150
86 151
86 184
86 89
86 186
86 189
87 160
87 97
87 166
87 106
87 173
87 110
87 125
87 148
87 138
87 155
87 93
88 192
88 194
88 197
88 198
88 140
88 130
88 143
88 149
88 95
88 96
88 176
88 163
88 112
88 155
88 181
88 119
89 193
89 196
89 183
89 145
89 151
89 168
89 169
89 184
89 186
90 165
91 112
91 139
91 167
91 170
91 107
91 111
91 144
91 113
91 122
91 123
91 188
91 94
92 197
92 198
92 110
92 154
92 93
92 160
92 98
92 174
92 109
92 176
92 177
92 180
92 121
93 198
93 138
93 148
93 174
93 154
93 160
93 97
93 98
93 163
93 166
93 173
93 110
93 125
93 155
93 121
93 149
94 129
94 165
94 167
94 170
94 139
94 144
94 146
94 188
95 192
95 194
95 197
95 140
95 130
95 143
95 96
95 167
95 169
95 107
95 111
95 112
95 113
95 181
95 119
95 120
95 122
95 123
95 188
96 192
96 194
96 197
96 198
96 140
96 130
96 143
96 149
96 176
96 163
96 112
96 119
97 155
97 138
97 148
97 149
97 160
97 163
97 166
97 102
97 103
97 171
97 173
97 125
97 115
98 160
98 166
98 138
98 109
98 110
98 177
98 174
98 121
98 154
98 125
99 195
99 199
99 106
99 108
99 141
99 179
99 158
99 182
99 126
99 191
100 162
100 132
100 105
100 172
100 178
100 117
100 159
100 127
101 128
101 133
101 137
101 153
101 156
101 161
101 175
101 147
101 116
101 185
102 195
102 134
102 103
102 136
102 106
102 171
102 173
102 141
102 115
102 148
102 152
102 155
102 156
103 192
103 194
103 134
103 136
103 137
103 152
103 153
103 155
103 156
103 163
103 171
103 173
103 115
103 181
103 119
103 120
104 112
104 140
104 111
104 176
104 122
104 123
105 162
105 172
105 178
105 117
105 185
105 187
105 157
105 159
106 108
106 141
106 125
106 195
106 171
106 126
107 192
107 194
107 130
107 143
107 144
107 167
107 169
107 170
107 111
107 112
107 113
107 181
107 120
107 122
107 123
107 188
108 195
108 199
108 141
108 158
108 179
108 171
108 182
108 126
109 160
109 177
109 180
109 110
109 121
109 154
109 174
110 160
110 166
110 138
110 174
110 125
110 177
110 121
110 154
111 130
111 167
111 140
111 112
111 113
111 122
111 123
112 130
112 197
112 140
112 167
112 113
112 122
112 123
113 192
113 130
113 144
113 188
113 167
113 169
113 170
113 181
113 120
113 122
114 128
114 161
114 131
114 135
114 142
114 147
114 116
114 187
114 124
114 157
114 190
115 163
115 134
115 136
115 171
115 173
115 148
115 149
115 152
115 155
115 156
116 128
116 187
116 185
116 157
116 159
116 161
116 175
116 178
116 147
116 117
116 124
117 132
117 159
117 187
117 178
117 185
117 127
118 132
118 196
118 127
119 192
119 194
119 197
119 198
119 130
119 143
119 149
119 152
119 163
119 169
119 173
119 155
119 181
119 120
120 192
120 194
120 130
120 143
120 152
120 153
120 168
120 169
120 181
120 183
120 149
121 197
121 198
121 138
121 148
121 154
121 160
121 174
121 176
121 177
121 180
122 130
122 167
122 170
122 140
122 123
122 188
123 167
123 140
124 128
124 161
124 131
124 135
124 142
124 147
124 157
124 190
125 160
125 166
125 138
125 174
125 148
126 195
126 199
126 141
126 179
126 182
126 158
127 193
127 132
127 151
127 196
127 186
128 131
128 133
128 137
128 142
128 147
128 161
128 135
128 175
128 190
129 165
129 170
129 139
129 144
129 145
129 146
129 188
130 192
130 194
130 143
130 188
130 167
130 169
130 181
131 161
131 135
131 142
131 147
131 190
133 134
133 136
133 137
133 142
133 152
133 175
133 156
133 190
134 136
134 137
134 171
134 173
134 152
134 153
134 175
134 156
135 161
135 142
135 190
136 195
136 137
136 171
136 173
136 152
136 175
136 156
137 147
137 152
137 153
137 156
137 175
138 160
138 166
138 174
138 148
138 154
139 165
139 167
139 144
139 146
139 188
139 170
140 197
140 176
141 199
141 195
141 171
141 179
141 158
142 161
142 147
142 190
143 192
143 194
143 197
143 198
143 149
143 163
143 155
143 181
144 165
144 167
144 170
144 146
144 188
145 193
145 196
145 146
145 150
145 151
145 184
145 186
145 189
146 165
146 170
146 188
147 185
147 157
147 161
147 175
147 187
147 190
148 155
148 198
148 149
148 160
148 163
148 166
148 171
148 173
148 174
149 192
149 194
149 197
149 198
149 163
149 173
149 155
149 181
150 196
150 189
151 193
151 196
151 168
151 183
151 184
151 186
152 192
152 194
152 153
152 156
152 171
152 173
152 175
152 181
153 192
153 194
153 156
153 168
153 175
153 181
153 183
154 160
154 174
154 177
154 180
155 194
155 198
155 160
155 163
155 171
155 173
156 171
156 175
157 161
157 178
157 185
157 187
157 159
158 195
158 199
158 179
158 182
158 191
159 162
159 172
159 178
159 185
159 187
160 166
160 174
161 175
161 187
161 185
161 190
162 172
162 178
163 192
163 194
163 197
163 198
163 173
163 181
164 182
164 191
166 174
167 188
167 169
167 170
168 192
168 193
168 183
168 169
168 181
168 184
168 186
169 192
169 194
169 188
169 181
169 183
170 188
171 195
171 173
172 178
174 177
175 185
176 197
176 198
176 177
176 180
177 180
178 185
178 187
179 195
179 199
179 182
179 191
181 192
181 194
182 195
182 199
182 191
183 193
183 196
183 184
183 186
184 193
184 196
184 186
185 187
186 193
186 196
189 196
191 199
192 194
193 196
194 197
194 198
195 199
197 198
