0 193
0 5
0 69
0 129
0 74
0 119
0 13
0 143
0 144
0 81
0 84
0 46
0 150
0 152
0 25
0 90
0 79
0 156
0 31
0 96
0 162
0 167
0 105
0 171
0 172
0 110
0 113
0 52
0 183
0 59
0 188
0 125
1 192
1 68
1 70
1 199
1 73
1 78
1 147
1 20
1 21
1 89
1 154
1 93
1 94
1 97
1 98
1 101
1 44
1 109
1 175
1 53
1 9
1 124
1 191
2 64
2 134
2 71
2 136
2 85
2 151
2 153
2 91
2 30
2 95
2 160
2 99
2 36
2 38
2 166
2 168
2 41
2 7
2 45
2 111
2 114
2 179
2 181
2 118
2 56
2 185
2 60
2 126
2 117
3 194
3 165
3 70
3 73
3 42
3 197
3 44
3 109
3 47
3 182
3 23
3 22
3 54
3 124
3 191
4 51
4 34
4 134
4 199
4 140
4 141
4 147
4 149
4 86
4 185
4 24
4 154
4 160
4 97
4 98
4 101
4 166
4 103
4 174
4 114
4 115
4 180
4 121
4 123
4 21
5 193
5 196
5 69
5 129
5 183
5 13
5 143
5 144
5 156
5 28
5 31
5 162
5 104
5 105
5 172
5 110
5 176
5 52
5 119
5 59
5 188
5 125
6 35
6 17
6 133
6 49
6 10
6 108
6 106
6 107
6 76
6 50
6 14
6 80
6 145
6 82
6 27
6 57
6 184
6 120
6 155
6 61
6 37
7 64
7 163
7 132
7 38
7 135
7 168
7 30
7 45
7 111
7 40
7 131
7 85
7 151
7 56
7 36
7 15
7 60
7 126
8 128
8 129
8 34
8 137
8 140
8 141
8 147
8 148
8 21
8 86
8 88
8 89
8 90
8 156
8 52
8 84
8 97
8 162
8 180
8 174
8 176
8 51
8 116
8 183
8 121
8 62
9 192
9 21
9 68
9 101
9 70
9 199
9 73
9 44
9 109
9 78
9 175
9 112
9 20
9 53
9 54
9 154
9 124
9 93
9 94
9 191
10 133
10 49
10 106
10 108
10 50
10 14
10 80
10 145
10 82
10 184
10 57
10 27
10 120
11 48
11 83
11 136
11 41
11 138
11 43
11 189
12 96
12 161
12 67
12 81
12 167
12 74
12 171
12 59
12 18
12 79
12 113
12 146
12 150
12 152
12 25
12 122
12 187
12 188
12 90
13 193
13 69
13 129
13 183
13 140
13 34
13 143
13 144
13 84
13 110
13 121
13 156
13 31
13 162
13 104
13 28
13 172
13 174
13 176
13 52
13 119
13 148
13 188
13 125
13 62
14 49
14 82
14 17
14 133
14 57
14 120
14 108
14 76
14 37
15 160
15 163
15 132
15 134
15 71
15 168
15 45
15 111
15 145
15 131
15 40
15 56
15 36
15 91
15 30
16 112
16 65
16 130
16 66
16 17
16 102
16 55
16 47
16 173
16 190
16 61
17 49
17 82
17 133
17 55
17 108
17 76
17 173
17 37
18 67
18 74
18 79
18 144
18 81
18 146
18 150
18 25
18 152
18 39
18 90
18 156
18 96
18 161
18 187
18 167
18 105
18 171
18 113
18 119
18 122
18 59
18 188
19 144
19 161
19 178
19 196
19 81
19 167
19 152
19 105
19 59
19 46
20 192
20 65
20 130
20 70
20 199
20 73
20 75
20 66
20 78
20 154
20 155
20 93
20 98
20 35
20 101
20 107
20 44
20 173
20 175
20 112
20 53
20 55
20 123
20 124
20 61
20 190
21 115
21 68
21 199
21 141
21 78
21 147
21 89
21 24
21 154
21 93
21 94
21 97
21 98
21 101
21 175
21 51
21 180
21 123
22 164
22 197
22 42
22 177
22 182
22 23
22 26
22 54
22 92
22 158
22 165
23 165
23 194
23 164
23 197
23 198
23 72
23 54
23 42
23 109
23 177
23 182
23 87
23 26
23 159
23 92
23 158
23 127
24 58
24 97
24 98
24 75
24 101
24 134
24 199
24 103
24 175
24 115
24 149
24 86
24 185
24 186
24 123
24 154
24 51
25 74
25 79
25 144
25 81
25 46
25 150
25 152
25 90
25 156
25 96
25 161
25 187
25 167
25 105
25 171
25 110
25 113
25 178
25 52
25 119
25 59
25 188
26 165
26 194
26 164
26 197
26 198
26 72
26 42
26 177
26 182
26 87
26 159
26 92
26 158
26 127
27 35
27 133
27 49
27 106
27 107
27 108
27 50
27 80
27 145
27 82
27 58
27 57
27 184
27 120
27 186
27 155
27 61
28 193
28 69
28 138
28 140
28 143
28 83
28 86
28 153
28 31
28 176
28 34
28 103
28 104
28 43
28 172
28 174
28 125
28 48
28 183
28 121
28 189
29 32
29 33
29 195
29 39
29 170
29 139
29 142
29 113
29 146
29 67
29 116
29 88
29 90
29 187
29 122
30 132
30 134
30 71
30 99
30 149
30 151
30 153
30 91
30 160
30 163
30 36
30 166
30 168
30 45
30 111
30 114
30 181
30 56
30 185
30 60
30 117
31 193
31 69
31 129
31 140
31 34
31 143
31 83
31 110
31 86
31 176
31 162
31 103
31 104
31 172
31 174
31 48
31 52
31 183
31 121
31 125
32 128
32 67
32 68
32 137
32 139
32 77
32 142
32 146
32 195
32 88
32 89
32 90
32 33
32 39
32 169
32 170
32 147
32 116
32 187
32 62
32 127
33 195
33 39
33 170
33 139
33 142
33 113
33 146
33 67
33 88
33 122
33 187
34 129
34 48
34 51
34 140
34 141
34 147
34 84
34 86
34 185
34 153
34 97
34 148
34 166
34 103
34 104
34 174
34 176
34 114
34 115
34 180
34 183
34 121
34 62
35 66
35 133
35 199
35 75
35 80
35 120
35 82
35 155
35 186
35 98
35 106
35 107
35 108
35 173
35 175
35 49
35 55
35 184
35 57
35 58
35 123
35 61
36 64
36 131
36 132
36 71
36 85
36 151
36 91
36 160
36 163
36 38
36 168
36 45
36 111
36 40
36 181
36 56
36 60
36 126
37 49
37 108
37 76
38 64
38 100
38 135
38 168
38 45
38 179
38 85
38 118
38 151
38 60
38 157
38 126
39 128
39 195
39 137
39 142
39 79
39 67
39 84
39 150
39 88
39 90
39 156
39 162
39 170
39 146
39 113
39 116
39 122
39 187
40 163
40 132
40 131
40 168
40 45
40 126
40 111
41 64
41 100
41 136
41 63
41 138
41 189
41 48
41 179
41 181
41 118
41 151
41 153
41 95
41 60
41 157
41 117
42 194
42 164
42 197
42 177
42 182
42 54
42 92
42 158
42 165
43 48
43 193
43 83
43 196
43 69
43 138
43 189
44 192
44 101
44 70
44 47
44 73
44 109
44 78
44 175
44 112
44 53
44 182
44 154
44 54
44 124
44 93
44 94
44 191
45 64
45 134
45 135
45 99
45 85
45 151
45 153
45 91
45 95
45 160
45 163
45 166
45 168
45 71
45 111
45 114
45 179
45 181
45 118
45 56
45 185
45 60
45 126
45 117
46 96
46 161
46 167
46 105
46 74
46 171
46 110
46 144
46 81
46 178
46 119
46 152
46 59
46 188
47 192
47 65
47 130
47 102
47 70
47 66
47 109
47 112
47 53
47 54
47 124
47 190
48 136
48 138
48 140
48 83
48 86
48 153
48 99
48 166
48 103
48 104
48 174
48 176
48 114
48 117
48 121
48 95
48 189
49 133
49 108
49 106
49 76
49 50
49 80
49 145
49 82
49 57
49 184
49 120
49 155
49 61
50 131
50 132
50 133
50 106
50 108
50 80
50 145
50 82
50 184
50 57
50 120
51 199
51 140
51 141
51 147
51 148
51 86
51 185
51 89
51 154
51 97
51 103
51 174
51 114
51 115
51 180
51 121
51 62
52 129
52 69
52 74
52 183
52 143
52 144
52 81
52 148
52 150
52 152
52 90
52 79
52 156
52 96
52 162
52 59
52 105
52 171
52 172
52 110
52 176
52 113
52 116
52 119
52 84
52 187
52 188
52 125
52 62
53 192
53 65
53 130
53 70
53 199
53 73
53 75
53 66
53 78
53 154
53 93
53 94
53 98
53 101
53 107
53 109
53 175
53 112
53 55
53 124
53 190
53 191
54 192
54 194
54 165
54 70
54 73
54 109
54 182
54 191
54 124
54 93
54 197
55 65
55 130
55 75
55 102
55 107
55 66
55 173
55 112
55 155
55 61
55 190
56 64
56 134
56 71
56 99
56 149
56 151
56 153
56 91
56 95
56 160
56 163
56 166
56 168
56 111
56 114
56 181
56 185
56 60
56 126
56 117
57 133
57 106
57 108
57 80
57 145
57 82
57 184
57 120
57 155
58 98
58 155
58 133
58 134
58 199
58 75
58 106
58 107
58 175
58 80
58 82
58 149
58 184
58 186
58 123
58 61
59 74
59 143
59 144
59 81
59 150
59 152
59 90
59 79
59 156
59 96
59 161
59 162
59 167
59 105
59 171
59 172
59 110
59 113
59 178
59 119
59 188
59 125
60 64
60 135
60 136
60 99
60 85
60 151
60 91
60 95
60 160
60 163
60 100
60 166
60 168
60 71
60 111
60 179
60 181
60 118
60 126
60 117
61 65
61 130
61 133
61 75
61 66
61 80
61 120
61 82
61 155
61 98
61 106
61 107
61 173
61 175
61 112
61 184
61 186
61 123
61 190
62 128
62 129
62 137
62 140
62 141
62 147
62 148
62 88
62 89
62 90
62 156
62 84
62 97
62 162
62 170
62 172
62 174
62 116
62 183
62 180
62 187
63 179
63 100
63 118
63 136
63 157
63 95
64 100
64 135
64 136
64 168
64 179
64 85
64 181
64 118
64 151
64 157
64 126
64 95
65 130
65 102
65 66
65 173
65 112
65 190
66 130
66 75
66 102
66 107
66 173
66 175
66 112
66 155
66 190
67 195
67 170
67 139
67 142
67 79
67 113
67 146
67 116
67 150
67 88
67 90
67 187
67 122
68 128
68 194
68 137
68 77
68 78
68 147
68 73
68 169
68 88
68 89
68 154
68 93
68 94
68 191
69 193
69 196
69 105
69 144
69 119
69 172
69 110
69 143
69 176
69 83
69 183
69 125
70 192
70 101
70 73
70 109
70 78
70 175
70 112
70 154
70 124
70 93
70 94
70 191
71 134
71 99
71 149
71 151
71 153
71 91
71 95
71 160
71 163
71 166
71 168
71 111
71 114
71 115
71 181
71 185
71 126
71 117
72 194
72 164
72 198
72 87
72 127
72 139
72 92
72 158
72 159
73 192
73 194
73 101
73 109
73 78
73 112
73 182
73 154
73 124
73 93
73 94
73 191
74 79
74 144
74 81
74 150
74 152
74 90
74 156
74 96
74 161
74 162
74 167
74 105
74 171
74 110
74 113
74 119
74 187
74 188
75 133
75 199
75 80
75 82
75 155
75 98
75 101
75 106
75 107
75 173
75 175
75 112
75 186
75 123
76 82
76 133
76 108
77 128
77 194
77 195
77 137
77 170
77 139
77 142
77 169
77 88
77 89
77 158
77 127
78 192
78 199
78 89
78 154
78 93
78 94
78 97
78 98
78 101
78 109
78 175
78 112
78 124
78 191
79 195
79 144
79 81
79 146
79 150
79 152
79 90
79 156
79 96
79 161
79 162
79 167
79 105
79 170
79 171
79 110
79 113
79 116
79 119
79 122
79 187
79 188
80 133
80 145
80 82
80 149
80 120
80 155
80 186
80 106
80 107
80 108
80 184
80 123
81 144
81 150
81 152
81 156
81 96
81 161
81 167
81 105
81 171
81 110
81 113
81 178
81 119
81 188
82 133
82 120
82 186
82 145
82 106
82 107
82 108
82 155
82 184
83 193
83 196
83 138
83 189
83 143
83 125
84 128
84 129
84 137
84 183
84 140
84 141
84 147
84 148
84 88
84 89
84 90
84 156
84 162
84 170
84 172
84 174
84 176
84 113
84 116
84 119
84 180
84 187
85 100
85 135
85 168
85 179
85 118
85 151
85 157
85 126
86 140
86 141
86 147
86 148
86 185
86 153
86 97
86 99
86 166
86 103
86 104
86 174
86 176
86 114
86 115
86 180
86 183
86 121
87 194
87 164
87 198
87 139
87 177
87 159
87 92
87 158
87 127
88 128
88 195
88 137
88 139
88 142
88 146
88 147
88 148
88 89
88 90
88 169
88 170
88 113
88 116
88 122
88 187
89 128
89 129
89 137
89 141
89 147
89 148
89 154
89 93
89 94
89 97
89 169
89 116
89 180
90 128
90 129
90 195
90 137
90 146
90 148
90 150
90 156
90 96
90 162
90 170
90 171
90 110
90 113
90 116
90 119
90 122
90 187
90 188
91 134
91 99
91 149
91 151
91 153
91 160
91 163
91 166
91 111
91 114
91 115
91 181
91 185
91 117
92 165
92 194
92 164
92 197
92 198
92 177
92 159
92 182
92 158
92 127
93 192
93 194
93 137
93 154
93 94
93 101
93 169
93 109
93 175
93 124
93 191
94 192
94 128
94 137
94 147
94 154
94 97
94 101
94 169
94 109
94 175
94 124
94 191
95 136
95 138
95 151
95 153
95 157
95 99
95 100
95 166
95 114
95 179
95 181
95 118
95 189
95 126
95 117
96 144
96 150
96 152
96 156
96 161
96 187
96 167
96 105
96 171
96 110
96 113
96 178
96 119
96 188
97 115
97 199
97 140
97 141
97 147
97 148
97 154
97 98
97 101
97 103
97 174
97 180
98 155
98 101
98 199
98 107
98 175
98 149
98 186
98 123
98 154
99 134
99 149
99 151
99 153
99 160
99 166
99 103
99 111
99 114
99 115
99 181
99 185
99 117
100 135
100 136
100 168
100 179
100 118
100 157
100 126
101 192
101 199
101 154
101 107
101 175
101 112
101 123
101 124
101 191
102 112
102 130
102 173
102 190
103 115
103 140
103 141
103 185
103 153
103 176
103 166
103 104
103 174
103 114
103 180
103 117
103 183
103 121
104 129
104 138
104 140
104 141
104 143
104 153
104 176
104 172
104 174
104 125
104 114
104 115
104 180
104 183
104 121
105 143
105 144
105 150
105 152
105 156
105 161
105 167
105 171
105 172
105 110
105 178
105 119
105 188
105 125
106 155
106 133
106 107
106 108
106 145
106 184
106 120
106 186
106 123
107 133
107 199
107 155
107 173
107 175
107 112
107 184
107 186
107 123
108 133
108 145
108 184
108 120
109 192
109 194
109 112
109 182
109 124
109 191
110 193
110 129
110 119
110 143
110 144
110 150
110 152
110 156
110 162
110 167
110 171
110 172
110 183
110 188
110 125
111 131
111 132
111 134
111 149
111 151
111 160
111 163
111 168
111 181
111 126
111 117
112 192
112 130
112 173
112 175
112 124
112 190
112 191
113 129
113 195
113 142
113 150
113 156
113 162
113 170
113 171
113 146
113 116
113 119
113 122
113 187
113 188
114 115
114 134
114 140
114 149
114 151
114 153
114 185
114 160
114 166
114 174
114 181
114 121
114 117
115 149
115 134
115 140
115 121
115 153
115 160
115 166
115 174
115 176
115 180
115 181
115 185
115 117
116 128
116 129
116 195
116 137
116 141
116 142
116 146
116 147
116 148
116 150
116 156
116 162
116 170
116 180
116 122
116 187
117 134
117 136
117 149
117 151
117 153
117 160
117 166
117 181
117 118
117 185
118 135
118 136
118 179
118 181
118 151
118 157
118 126
119 129
119 143
119 144
119 150
119 152
119 156
119 161
119 162
119 167
119 171
119 172
119 183
119 187
119 188
119 125
120 155
120 133
120 145
120 184
121 129
121 140
121 141
121 148
121 153
121 176
121 166
121 172
121 174
121 180
121 183
121 185
122 195
122 170
122 142
122 146
122 150
122 187
123 134
123 199
123 175
123 149
123 186
123 155
124 192
124 182
124 154
124 175
124 191
125 193
125 196
125 129
125 143
125 144
125 152
125 162
125 156
125 172
125 176
125 183
125 188
126 135
126 168
126 179
126 181
126 151
126 157
127 194
127 164
127 198
127 169
127 139
127 142
127 158
127 159
128 195
128 137
128 170
128 141
128 142
128 147
128 180
128 169
128 148
129 140
129 141
129 147
129 148
129 150
129 156
129 162
129 170
129 172
129 174
129 176
129 180
129 183
129 187
129 188
130 173
130 190
131 145
131 163
131 132
131 168
132 145
132 163
133 155
133 145
133 184
133 186
134 149
134 151
134 160
134 163
134 166
134 181
134 185
134 186
135 168
135 179
135 157
136 138
136 189
136 179
136 181
136 151
136 153
136 157
137 195
137 169
137 170
137 141
137 142
137 147
137 148
138 153
138 189
139 194
139 195
139 198
139 169
139 142
139 146
139 158
139 159
140 141
140 147
140 185
140 153
140 176
140 166
140 174
140 180
140 183
140 148
141 147
141 162
141 180
141 148
141 174
141 176
141 183
142 195
142 169
142 170
142 146
142 187
143 193
143 196
143 144
143 156
143 162
143 172
143 176
143 183
143 188
144 193
144 150
144 152
144 156
144 161
144 162
144 167
144 171
144 172
144 178
144 188
145 184
146 195
146 170
146 150
146 187
147 148
147 154
147 162
147 174
147 180
148 156
148 162
148 180
148 172
148 174
148 176
148 183
149 199
149 160
149 163
149 166
149 181
149 185
149 186
150 195
150 152
150 156
150 161
150 162
150 187
150 167
150 170
150 171
150 188
151 153
151 160
151 166
151 168
151 179
151 181
151 185
152 156
152 161
152 167
152 171
152 178
152 188
153 160
153 166
153 174
153 181
153 185
154 192
154 199
154 175
154 191
155 199
155 173
155 175
155 184
155 186
156 162
156 187
156 170
156 171
156 172
156 183
156 188
157 179
158 165
158 194
158 164
158 197
158 198
158 169
158 177
158 182
158 159
159 194
159 164
159 197
159 198
159 177
159 165
160 163
160 166
160 181
160 185
160 186
161 167
161 171
161 178
161 188
162 187
162 170
162 171
162 172
162 176
162 180
162 183
162 188
163 168
163 186
164 194
164 197
164 198
164 177
164 182
164 165
165 194
165 197
165 177
165 182
166 185
166 181
167 171
167 178
167 188
168 179
168 181
169 194
169 170
170 195
170 187
171 172
171 178
171 187
171 188
172 193
172 183
172 176
172 188
173 190
174 185
174 176
174 180
174 183
175 192
175 199
176 180
176 183
177 197
177 198
178 196
180 183
181 185
182 194
182 197
182 191
183 193
184 186
186 199
187 195
187 188
191 192
191 194
193 196
194 197
194 198
