0 192
0 43
0 165
0 102
0 135
0 60
0 138
0 139
0 172
0 141
0 110
0 18
0 150
0 87
0 120
0 185
0 71
0 86
0 55
0 159
1 128
1 5
1 199
1 76
1 83
1 151
1 88
1 29
1 98
1 59
1 100
1 170
1 44
1 46
1 175
1 123
1 52
1 118
1 56
1 58
1 187
1 125
2 128
2 65
2 194
2 145
2 136
2 75
2 78
2 81
2 83
2 90
2 26
2 31
2 98
2 123
2 103
2 105
2 170
2 189
2 117
2 118
2 187
2 106
3 97
3 98
3 131
3 133
3 166
3 39
3 54
3 140
3 176
3 113
3 91
3 83
3 181
3 118
3 90
3 123
3 124
3 189
3 126
4 112
4 35
4 196
4 69
4 166
4 33
4 136
4 28
4 74
4 114
4 78
4 47
4 144
4 40
4 178
4 181
4 90
4 92
4 158
4 127
5 128
5 199
5 44
5 76
5 14
5 173
5 16
5 19
5 85
5 151
5 88
5 155
5 29
5 59
5 100
5 108
5 45
5 46
5 175
5 51
5 52
5 56
5 58
5 187
5 125
6 134
6 72
6 73
6 10
6 173
6 16
6 146
6 20
6 21
6 22
6 154
6 15
6 93
6 94
6 161
6 39
6 168
6 42
6 176
6 109
6 174
6 48
6 113
6 53
6 9
6 59
6 191
7 192
7 97
7 131
7 68
7 102
7 9
7 43
7 12
7 113
7 115
7 54
7 89
7 185
7 91
7 126
7 63
8 130
8 163
8 37
8 198
8 167
8 72
8 73
8 79
8 107
8 82
8 174
8 111
8 177
8 146
8 22
8 25
8 121
8 143
8 30
9 192
9 131
9 10
9 146
9 84
9 21
9 22
9 176
9 91
9 94
9 97
9 39
9 43
9 48
9 113
9 115
9 54
9 185
9 124
9 126
9 63
10 192
10 97
10 22
10 48
10 168
10 73
10 43
10 174
10 176
10 113
10 146
10 115
10 84
10 94
10 54
10 39
10 21
10 126
10 63
11 160
11 96
11 132
11 13
11 50
11 147
11 148
11 182
11 152
11 164
11 188
11 62
12 68
12 70
12 169
12 47
12 80
12 89
12 132
12 122
12 91
12 188
12 157
12 95
13 64
13 193
13 67
13 132
13 70
13 96
13 77
13 80
13 186
13 152
13 27
13 156
13 157
13 160
13 101
13 41
13 49
13 50
13 190
13 122
13 188
13 62
14 199
14 44
14 108
14 46
14 175
14 56
14 19
14 52
14 151
14 88
14 184
14 29
15 161
15 130
15 171
15 66
15 168
15 73
15 42
15 107
15 109
15 174
15 143
15 72
15 20
15 53
15 25
15 121
15 154
15 93
16 51
16 66
16 134
16 199
16 45
16 173
16 85
16 88
16 155
16 93
16 161
16 100
16 39
16 168
16 29
16 109
16 175
16 176
16 179
16 53
16 56
16 58
16 59
16 125
16 191
17 87
17 70
17 102
17 60
17 138
17 139
17 172
17 141
17 110
17 80
17 49
17 67
17 41
17 86
17 119
17 57
17 186
17 27
17 156
17 190
17 95
18 192
18 43
18 165
18 102
18 135
18 71
18 172
18 110
18 84
18 150
18 87
18 120
18 185
18 22
18 63
18 55
18 159
19 66
19 179
19 199
19 108
19 173
19 56
19 85
19 151
19 88
19 155
19 29
19 100
19 44
19 45
19 175
19 51
19 52
19 184
19 58
19 59
19 125
20 161
20 66
20 171
20 168
20 73
20 42
20 107
20 109
20 174
20 143
20 72
20 53
20 121
20 154
20 93
21 134
21 72
21 73
21 146
21 84
21 22
21 154
21 93
21 94
21 161
21 39
21 168
21 176
21 109
21 174
21 48
21 113
21 53
21 54
21 191
21 126
21 63
22 72
22 73
22 84
22 150
22 94
22 146
22 43
22 82
22 174
22 48
22 115
22 54
22 120
22 185
22 126
22 63
23 194
23 195
23 197
23 137
23 74
23 34
23 142
23 153
23 92
23 32
23 33
23 162
23 36
23 28
23 114
23 112
23 178
23 116
23 117
23 183
23 180
23 61
24 129
24 99
24 164
24 38
24 40
24 144
24 104
24 147
24 149
24 182
24 196
24 35
24 127
25 130
25 107
25 37
25 198
25 167
25 72
25 73
25 79
25 171
25 82
25 174
25 111
25 177
25 146
25 121
25 154
25 143
25 42
25 30
26 128
26 145
26 170
26 75
26 46
27 193
27 67
27 132
27 70
27 96
27 77
27 141
27 80
27 186
27 152
27 89
27 156
27 157
27 95
27 160
27 41
27 49
27 50
27 190
27 57
27 122
27 188
27 62
28 194
28 195
28 196
28 136
28 137
28 74
28 142
28 81
28 149
28 153
28 92
28 158
28 32
28 33
28 162
28 36
28 40
28 178
28 112
28 114
28 116
28 180
28 61
28 127
29 179
29 199
29 44
29 76
29 173
29 85
29 151
29 88
29 155
29 59
29 100
29 108
29 45
29 46
29 175
29 51
29 52
29 56
29 58
29 187
29 125
30 130
30 171
30 37
30 198
30 72
30 73
30 42
30 107
30 143
30 111
30 177
30 82
30 121
30 79
31 128
31 65
31 98
31 187
31 133
31 81
31 136
31 170
31 75
31 140
31 78
31 145
31 83
31 106
31 118
31 90
31 123
31 189
32 129
32 194
32 195
32 196
32 197
32 137
32 74
32 34
32 142
32 149
32 153
32 92
32 158
32 33
32 162
32 99
32 36
32 38
32 114
32 112
32 178
32 116
32 183
32 180
32 61
32 127
33 194
33 195
33 136
33 137
33 74
33 142
33 81
33 92
33 158
33 162
33 36
33 103
33 105
33 178
33 112
33 114
33 116
33 117
33 180
33 61
34 129
34 162
34 99
34 36
34 197
34 38
34 137
34 142
34 195
34 149
34 183
34 153
34 61
35 68
35 164
35 69
35 104
35 169
35 47
35 144
35 40
35 147
35 182
35 196
35 188
35 158
35 127
36 129
36 195
36 197
36 137
36 74
36 142
36 149
36 153
36 162
36 99
36 92
36 178
36 112
36 114
36 116
36 183
36 180
36 61
36 127
37 130
37 198
37 167
37 107
37 143
37 79
37 177
37 82
37 121
37 111
38 129
38 162
38 99
38 196
38 104
38 144
38 40
38 149
38 182
38 183
38 153
38 127
39 97
39 133
39 134
39 48
39 168
39 173
39 176
39 113
39 126
39 54
39 58
39 59
39 124
39 94
39 191
40 112
40 99
40 164
40 69
40 104
40 169
40 74
40 47
40 144
40 114
40 147
40 149
40 182
40 196
40 158
40 127
41 64
41 193
41 67
41 132
41 70
41 96
41 77
41 141
41 80
41 186
41 152
41 89
41 156
41 157
41 95
41 160
41 101
41 49
41 50
41 57
41 122
41 188
41 190
42 130
42 171
42 72
42 73
42 82
42 154
42 143
42 93
42 161
42 168
42 107
42 109
42 174
42 111
42 177
42 53
42 121
43 192
43 131
43 84
43 150
43 91
43 94
43 97
43 102
43 48
43 113
43 115
43 54
43 120
43 185
43 126
43 63
44 128
44 100
44 199
44 108
44 76
44 46
44 175
44 56
44 52
44 151
44 88
44 184
45 51
45 66
45 59
45 100
45 199
45 108
45 173
45 175
45 56
45 179
45 52
45 85
45 151
45 88
45 58
45 155
45 125
46 128
46 199
46 76
46 175
46 52
46 151
46 56
46 187
47 68
47 69
47 166
47 104
47 169
47 144
47 181
47 89
47 91
47 157
48 131
48 73
48 146
48 84
48 94
48 97
48 134
48 168
48 174
48 176
48 113
48 115
48 54
48 191
48 124
48 126
48 63
49 67
49 132
49 70
49 138
49 139
49 77
49 141
49 80
49 86
49 87
49 156
49 186
49 95
49 110
49 119
49 57
49 122
49 60
49 190
50 160
50 193
50 132
50 64
50 96
50 77
50 148
50 152
50 186
50 188
50 122
50 62
51 66
51 134
51 199
51 173
51 85
51 88
51 155
51 93
51 161
51 100
51 168
51 109
51 175
51 179
51 53
51 56
51 58
51 59
51 125
51 191
52 128
52 199
52 108
52 76
52 151
52 88
52 155
52 59
52 100
52 175
52 56
52 58
52 187
52 125
53 66
53 171
53 72
53 73
53 173
53 154
53 143
53 93
53 161
53 134
53 168
53 107
53 109
53 174
53 179
53 121
53 191
54 192
54 131
54 146
54 84
54 91
54 94
54 97
54 176
54 113
54 115
54 185
54 124
54 126
54 63
55 165
55 102
55 135
55 60
55 138
55 139
55 172
55 141
55 110
55 150
55 87
55 120
55 185
55 71
55 86
55 159
56 199
56 76
56 85
56 151
56 88
56 155
56 100
56 108
56 173
56 175
56 179
56 184
56 58
56 59
56 125
57 139
57 70
57 60
57 138
57 119
57 141
57 110
57 77
57 80
57 67
57 86
57 87
57 186
57 156
57 190
57 95
58 66
58 134
58 199
58 76
58 85
58 151
58 88
58 155
58 59
58 100
58 173
58 175
58 176
58 179
58 187
58 125
58 191
59 66
59 134
59 199
59 85
59 88
59 155
59 161
59 100
59 168
59 173
59 175
59 176
59 179
59 125
59 191
60 139
60 70
60 102
60 135
60 138
60 119
60 172
60 141
60 110
60 86
60 87
60 71
60 190
60 95
61 194
61 195
61 197
61 137
61 74
61 142
61 153
61 162
61 92
61 114
61 112
61 178
61 116
61 117
61 183
61 180
62 160
62 193
62 164
62 169
62 96
62 147
62 148
62 182
62 152
62 132
62 122
62 188
62 157
63 192
63 97
63 131
63 113
63 115
63 84
63 126
63 185
63 91
63 94
64 160
64 193
64 67
64 101
64 152
64 186
64 156
64 77
65 128
65 194
65 145
65 136
65 75
65 78
65 81
65 83
65 90
65 92
65 98
65 103
65 105
65 106
65 178
65 117
65 118
65 170
65 123
65 189
66 134
66 109
66 173
66 85
66 88
66 154
66 155
66 93
66 161
66 100
66 168
66 179
66 125
66 191
67 160
67 193
67 132
67 101
67 70
67 77
67 80
67 86
67 119
67 186
67 156
67 122
67 190
67 95
68 69
68 169
68 80
68 181
68 89
68 91
68 188
68 157
69 112
69 196
69 166
69 136
69 74
69 140
69 78
69 144
69 104
69 114
69 181
69 158
70 132
70 138
70 139
70 141
70 80
70 86
70 87
70 89
70 156
70 157
70 95
70 102
70 110
70 186
70 119
70 122
70 190
71 163
71 165
71 102
71 135
71 138
71 172
71 110
71 150
71 120
71 159
72 130
72 171
72 73
72 82
72 154
72 143
72 93
72 161
72 146
72 168
72 107
72 109
72 174
72 111
72 177
72 121
73 130
73 171
73 82
73 84
73 121
73 154
73 143
73 93
73 94
73 146
73 168
73 107
73 109
73 174
73 111
73 177
74 194
74 196
74 136
74 137
74 78
74 81
74 158
74 162
74 92
74 178
74 112
74 114
74 180
74 117
74 116
74 127
75 128
75 98
75 187
75 81
75 105
75 106
75 76
75 78
75 189
75 145
75 83
75 118
75 90
75 123
75 170
76 128
76 98
76 187
76 100
76 199
76 170
76 175
76 83
76 118
76 151
76 123
77 160
77 193
77 132
77 101
77 80
77 152
77 186
77 156
77 122
77 190
78 194
78 133
78 136
78 140
78 81
78 83
78 90
78 92
78 158
78 98
78 166
78 145
78 170
78 189
78 178
78 181
78 118
78 123
78 106
78 117
79 130
79 163
79 198
79 167
79 107
79 111
79 177
79 82
79 121
80 96
80 132
80 141
80 186
80 152
80 89
80 156
80 157
80 95
80 160
80 169
80 122
80 188
80 190
81 194
81 136
81 92
81 145
81 83
81 90
81 158
81 103
81 105
81 106
81 178
81 180
81 117
81 170
81 116
81 189
82 130
82 163
82 198
82 167
82 107
82 174
82 111
82 177
82 146
82 121
82 143
83 128
83 98
83 187
83 133
83 170
83 140
83 145
83 106
83 118
83 90
83 123
83 189
84 192
84 97
84 174
84 113
84 146
84 115
84 94
84 150
84 120
84 185
84 126
85 161
85 100
85 199
85 173
85 179
85 88
85 155
85 125
86 87
86 102
86 135
86 138
86 139
86 172
86 141
86 110
86 119
86 186
86 156
86 190
86 95
87 102
87 135
87 138
87 139
87 172
87 141
87 110
87 119
87 190
87 95
88 199
88 108
88 173
88 151
88 179
88 155
88 100
88 175
88 125
89 160
89 96
89 132
89 169
89 157
89 122
89 188
89 186
89 190
89 95
90 133
90 136
90 140
90 158
90 98
90 166
90 145
90 170
90 189
90 181
90 118
90 123
90 106
91 192
91 97
91 131
91 133
91 166
91 140
91 113
91 115
91 181
91 126
92 194
92 195
92 136
92 137
92 142
92 158
92 103
92 105
92 114
92 112
92 178
92 116
92 117
92 180
93 171
93 173
93 154
93 143
93 161
93 134
93 168
93 107
93 109
93 174
93 179
93 121
93 191
94 192
94 97
94 174
94 113
94 146
94 115
94 150
94 185
94 126
95 132
95 138
95 139
95 141
95 156
95 186
95 102
95 172
95 110
95 119
95 122
95 190
96 160
96 164
96 169
96 147
96 148
96 122
96 182
96 152
96 132
96 186
96 188
96 157
97 192
97 133
97 140
97 131
97 176
97 166
97 113
97 115
97 181
97 124
97 126
98 128
98 133
98 140
98 145
98 123
98 166
98 170
98 189
98 118
98 187
98 124
98 106
99 129
99 162
99 196
99 104
99 144
99 149
99 182
99 183
99 153
99 127
100 134
100 199
100 173
100 151
100 155
100 175
100 179
100 125
100 191
101 160
101 193
101 186
101 156
102 192
102 135
102 138
102 139
102 141
102 150
102 165
102 172
102 110
102 120
102 185
102 190
103 194
103 136
103 105
103 145
103 178
103 180
103 117
103 116
104 164
104 169
104 144
104 147
104 149
104 182
104 196
104 127
105 194
105 136
105 106
105 145
105 178
105 180
105 117
105 116
106 128
106 194
106 187
106 136
106 170
106 145
106 117
106 118
106 123
106 189
107 130
107 146
107 154
107 143
107 168
107 171
107 109
107 174
107 111
107 177
107 121
108 199
108 184
108 151
109 143
109 154
109 161
109 168
109 171
109 173
109 174
109 179
109 121
109 191
110 138
110 139
110 141
110 185
110 165
110 135
110 172
110 120
110 119
110 190
111 130
111 163
111 198
111 167
111 174
111 143
111 177
111 146
111 121
112 194
112 196
112 136
112 137
112 149
112 158
112 162
112 178
112 114
112 180
112 116
112 127
113 192
113 131
113 133
113 134
113 140
113 176
113 115
113 124
113 126
114 194
114 196
114 136
114 137
114 144
114 149
114 158
114 162
114 178
114 180
114 116
114 127
115 192
115 131
115 185
115 126
116 194
116 195
116 197
116 136
116 137
116 142
116 178
116 180
116 117
117 194
117 136
117 145
117 178
117 180
118 128
118 133
118 170
118 175
118 145
118 187
118 123
118 189
119 138
119 139
119 172
119 141
119 186
119 156
119 190
120 192
120 165
120 135
120 172
120 150
120 185
120 159
121 130
121 171
121 143
121 154
121 174
121 177
122 193
122 132
122 152
122 156
122 157
122 160
122 169
122 190
122 186
122 188
123 128
123 133
123 140
123 145
123 170
123 175
123 189
123 187
123 124
124 133
124 166
124 140
124 176
124 131
124 181
124 134
124 126
124 191
125 199
125 173
125 151
125 179
125 155
125 175
125 191
126 192
126 131
126 146
126 176
126 185
127 129
127 162
127 196
127 144
127 149
127 182
127 153
127 158
128 145
128 151
128 170
128 175
128 189
128 187
129 162
129 195
129 196
129 149
129 183
129 153
130 198
130 171
130 177
130 154
130 143
131 192
131 133
131 166
131 140
131 176
131 181
132 193
132 152
132 156
132 157
132 160
132 169
132 190
132 186
132 188
133 166
133 140
133 176
133 181
133 189
134 161
134 191
134 168
134 173
134 176
134 155
135 165
135 138
135 139
135 172
135 141
135 150
135 185
135 159
136 194
136 145
136 158
136 178
136 180
136 189
137 194
137 195
137 197
137 142
137 153
137 158
137 162
137 178
137 180
137 183
138 139
138 172
138 141
138 190
139 172
139 141
139 190
140 166
140 176
140 181
140 189
141 185
141 172
141 186
141 190
142 162
142 195
142 197
142 180
142 183
142 153
143 171
143 154
143 161
143 146
143 168
143 174
143 177
144 164
144 169
144 147
144 149
144 182
144 196
145 194
145 187
145 170
145 189
146 150
146 168
146 174
146 177
147 164
147 169
147 148
147 182
147 196
147 188
147 157
148 160
148 164
148 182
148 152
148 169
148 188
149 162
149 196
149 182
149 183
149 153
150 192
150 163
150 165
150 172
150 185
150 159
151 199
151 175
151 184
151 187
152 160
152 193
152 188
152 186
152 156
152 157
153 162
153 195
153 197
153 183
154 161
154 168
154 171
154 174
154 191
155 199
155 173
155 179
155 161
155 168
155 175
155 191
156 193
156 160
156 186
156 190
157 160
157 169
157 186
157 188
158 194
158 196
158 166
158 178
158 181
159 163
159 165
159 167
159 172
160 193
160 186
160 188
160 190
161 179
161 173
161 191
161 168
161 171
161 174
162 195
162 196
162 197
162 183
163 165
163 198
163 167
164 196
164 169
164 182
164 188
165 172
165 185
166 181
166 189
167 177
167 198
168 171
168 173
168 174
168 179
168 191
169 188
170 187
170 189
171 174
171 177
172 185
173 179
173 199
173 175
173 191
174 177
175 199
175 187
176 191
177 198
178 194
178 180
179 199
179 191
180 194
182 196
183 197
183 195
184 199
185 192
186 193
186 188
186 190
187 189
195 197
