0 192
0 147
0 179
0 172
0 13
0 142
0 111
0 18
0 115
0 183
0 154
0 143
0 156
0 90
1 2
1 132
1 54
1 138
1 140
1 173
1 46
1 144
1 82
1 180
1 86
1 4
1 24
1 196
1 91
1 36
1 94
1 159
2 132
2 71
2 138
2 140
2 144
2 82
2 86
2 24
2 196
2 91
2 94
2 159
2 36
2 102
2 103
2 173
2 46
2 113
2 178
2 180
2 54
2 10
2 4
2 191
3 64
3 65
3 163
3 164
3 35
3 7
3 104
3 169
3 74
3 43
3 12
3 78
3 53
3 83
3 174
3 122
3 187
3 14
3 189
3 127
4 196
4 103
4 71
4 140
4 82
4 46
4 173
4 146
4 159
4 94
4 31
5 160
5 97
5 146
5 17
5 38
5 103
5 42
5 71
5 60
5 94
5 31
6 193
6 194
6 133
6 136
6 137
6 76
6 79
6 148
6 87
6 92
6 95
6 176
6 34
6 166
6 168
6 105
6 108
6 112
6 72
6 114
6 9
6 120
6 61
7 193
7 130
7 163
7 164
7 35
7 104
7 105
7 74
7 43
7 12
7 98
7 83
7 53
7 182
7 23
7 25
7 58
7 189
7 30
7 127
8 66
8 11
8 197
8 139
8 77
8 84
8 21
8 22
8 151
8 153
8 26
8 69
8 96
8 161
8 100
8 40
8 41
8 106
8 107
8 45
8 48
8 49
8 52
8 181
8 184
8 20
8 186
9 129
9 194
9 195
9 133
9 135
9 136
9 137
9 145
9 131
9 148
9 87
9 92
9 93
9 32
9 176
9 81
9 168
9 170
9 39
9 108
9 112
9 114
9 119
9 120
9 58
10 132
10 72
10 140
10 138
10 76
10 79
10 86
10 24
10 91
10 28
10 95
10 34
10 36
10 102
10 166
10 15
10 178
10 46
10 113
10 50
10 180
10 54
10 57
10 191
11 69
11 74
11 139
11 78
11 84
11 21
11 22
11 153
11 26
11 96
11 99
11 100
11 104
11 169
11 106
11 171
11 45
11 174
11 40
11 52
11 181
11 185
11 187
11 53
12 130
12 74
12 99
12 84
12 23
12 25
12 30
12 96
12 98
12 35
12 164
12 163
12 104
12 169
12 106
12 43
12 174
12 53
12 58
12 187
12 189
12 127
13 192
13 194
13 133
13 75
13 142
13 79
13 147
13 154
13 143
13 156
13 90
13 95
13 28
13 172
13 109
13 111
13 177
13 50
13 115
13 183
13 57
13 188
14 64
14 65
14 83
14 67
14 165
14 122
14 189
15 198
15 72
15 140
15 138
15 76
15 79
15 80
15 24
15 91
15 33
15 34
15 36
15 102
15 166
15 113
15 178
15 116
15 190
15 54
15 134
15 57
15 124
15 125
15 62
15 191
16 32
16 129
16 67
16 195
16 165
16 135
16 170
16 93
16 176
16 145
16 83
16 88
16 155
16 189
16 101
17 160
17 97
17 146
17 38
17 71
17 44
17 42
17 103
17 60
17 31
18 115
18 147
18 179
18 154
18 143
19 128
19 56
19 117
19 73
19 152
19 121
19 123
19 29
19 110
19 158
19 85
20 66
20 197
20 70
20 139
20 141
20 77
20 21
20 22
20 89
20 26
20 47
20 157
20 69
20 161
20 162
20 100
20 37
20 40
20 107
20 45
20 175
20 49
20 52
20 181
20 118
20 184
20 185
20 186
21 69
21 70
21 139
21 84
21 22
21 153
21 26
21 157
21 96
21 162
21 99
21 100
21 40
21 169
21 171
21 45
21 175
21 49
21 52
21 181
21 185
21 186
21 187
22 69
22 70
22 139
22 84
22 26
22 157
22 162
22 99
22 100
22 40
22 169
22 171
22 45
22 175
22 49
22 52
22 181
22 185
22 186
23 193
23 130
23 68
23 134
23 35
23 148
23 25
23 27
23 30
23 96
23 98
23 163
23 164
23 198
23 167
23 104
23 105
23 106
23 43
23 48
23 53
23 182
23 41
23 58
23 61
23 62
23 63
24 196
24 72
24 140
24 138
24 76
24 86
24 132
24 91
24 28
24 36
24 102
24 178
24 46
24 113
24 50
24 180
24 54
24 57
24 191
25 193
25 130
25 68
25 198
25 35
25 148
25 27
25 30
25 98
25 163
25 164
25 167
25 104
25 105
25 106
25 43
25 48
25 53
25 182
25 58
25 61
25 127
26 69
26 70
26 141
26 157
26 162
26 100
26 37
26 40
26 171
26 45
26 175
26 49
26 181
26 118
26 184
26 185
26 186
27 130
27 68
27 198
27 199
27 41
27 151
27 153
27 33
27 134
27 167
27 105
27 106
27 107
27 125
27 48
27 116
27 190
27 182
27 55
27 52
27 59
27 61
27 62
27 63
28 192
28 194
28 132
28 133
28 72
28 138
28 75
28 142
28 79
28 147
28 86
28 90
28 156
28 95
28 34
28 50
28 166
28 109
28 111
28 177
28 178
28 180
28 54
28 183
28 57
28 188
29 128
29 161
29 73
29 77
29 110
29 56
29 51
29 117
29 150
29 121
29 152
29 89
29 123
29 158
29 85
30 193
30 130
30 163
30 164
30 35
30 104
30 105
30 74
30 43
30 98
30 61
30 83
30 53
30 182
30 58
30 189
30 127
31 160
31 97
31 38
31 103
31 42
31 71
31 146
31 60
31 94
31 159
32 129
32 195
32 101
32 81
32 135
32 136
32 170
32 39
32 176
32 145
32 155
32 119
32 88
32 168
32 93
33 68
33 198
33 134
33 167
33 41
33 199
33 80
33 116
33 62
33 182
33 151
33 55
33 59
33 124
33 125
33 190
33 63
34 192
34 194
34 133
34 72
34 75
34 76
34 79
34 148
34 87
34 90
34 92
34 95
34 50
34 114
34 166
34 156
34 108
34 109
34 111
34 112
34 178
34 120
34 57
35 193
35 130
35 129
35 74
35 83
35 98
35 163
35 164
35 101
35 104
35 105
35 43
35 53
35 58
35 189
35 127
36 54
36 102
36 138
36 140
36 46
36 80
36 113
36 178
36 180
36 149
36 86
36 57
36 91
36 159
36 190
36 191
37 162
37 66
37 197
37 70
37 47
37 141
37 157
37 49
37 150
37 184
37 186
37 175
37 118
38 160
38 146
38 71
38 60
39 129
39 195
39 135
39 136
39 137
39 119
39 81
39 131
39 87
39 88
39 92
39 93
39 145
39 168
39 170
39 108
39 176
39 114
39 120
39 126
40 69
40 70
40 139
40 141
40 84
40 157
40 162
40 99
40 100
40 171
40 45
40 175
40 49
40 52
40 181
40 185
40 186
41 68
41 69
41 198
41 199
41 151
41 153
41 96
41 161
41 134
41 167
41 106
41 107
41 125
41 48
41 116
41 190
41 182
41 55
41 52
41 59
41 124
41 61
41 62
41 63
42 160
42 97
42 103
42 71
42 44
42 152
42 146
42 51
42 149
42 56
42 121
42 60
42 85
43 193
43 130
43 163
43 164
43 104
43 74
43 98
43 174
43 83
43 53
43 58
43 187
43 189
43 127
44 160
44 97
44 146
44 51
44 149
44 56
44 121
44 152
44 60
44 85
45 162
45 171
45 100
45 69
45 70
45 139
45 141
45 175
45 49
45 52
45 181
45 185
45 186
45 157
46 196
46 71
46 138
46 140
46 80
46 146
46 149
46 91
46 94
46 159
46 82
46 102
46 103
46 173
46 113
46 178
46 180
46 54
46 191
47 162
47 66
47 197
47 73
47 141
47 110
47 77
47 49
47 150
47 184
47 89
47 186
47 123
47 118
47 158
48 130
48 68
48 69
48 134
48 199
48 139
48 84
48 151
48 153
48 96
48 98
48 163
48 198
48 167
48 104
48 106
48 107
48 52
48 53
48 182
48 55
48 61
48 63
49 66
49 197
49 70
49 141
49 77
49 89
49 157
49 69
49 162
49 100
49 107
49 175
49 52
49 181
49 118
49 184
49 185
49 186
50 192
50 194
50 196
50 72
50 138
50 75
50 142
50 79
50 144
50 86
50 132
50 90
50 95
50 166
50 102
50 109
50 111
50 177
50 178
50 180
50 54
50 57
50 188
50 191
51 97
51 117
51 80
51 152
51 149
51 56
51 121
51 59
51 124
51 85
52 69
52 199
52 139
52 77
52 84
52 151
52 153
52 96
52 161
52 100
52 106
52 107
52 184
52 186
52 63
53 130
53 74
53 139
53 99
53 84
53 153
53 96
53 98
53 163
53 164
53 104
53 169
53 106
53 174
53 182
53 187
53 127
54 132
54 72
54 140
54 138
54 76
54 80
54 86
54 196
54 91
54 159
54 102
54 113
54 178
54 180
54 57
54 191
55 161
55 107
55 68
55 198
55 134
55 167
55 199
55 116
55 62
55 182
55 151
55 59
55 124
55 125
55 190
55 63
56 128
56 97
56 117
56 152
56 121
56 123
56 158
56 85
57 192
57 196
57 72
57 138
57 75
57 142
57 79
57 144
57 86
57 132
57 90
57 91
57 95
57 102
57 109
57 111
57 177
57 178
57 180
57 188
57 191
58 193
58 130
58 129
58 145
58 87
58 98
58 163
58 164
58 101
58 105
58 170
58 176
58 83
58 189
59 161
59 68
59 198
59 134
59 167
59 199
59 80
59 116
59 149
59 151
59 62
59 124
59 125
59 190
59 63
60 160
60 97
60 103
60 71
60 146
60 94
61 193
61 130
61 68
61 198
61 72
61 76
61 148
61 98
61 163
61 166
61 167
61 105
61 112
61 116
61 182
61 134
61 125
61 62
61 63
62 68
62 134
62 199
62 72
62 76
62 148
62 198
62 166
62 167
62 105
62 112
62 116
62 182
62 124
62 125
62 190
62 63
63 68
63 198
63 199
63 151
63 153
63 134
63 167
63 106
63 107
63 116
63 182
63 124
63 125
63 190
64 65
64 122
64 74
64 78
64 127
65 165
65 67
65 83
65 101
65 122
65 189
65 127
66 128
66 197
66 70
66 73
66 77
66 150
66 151
66 89
66 158
66 161
66 162
66 100
66 107
66 110
66 175
66 118
66 184
66 186
67 83
67 101
67 88
67 122
67 155
67 189
67 165
68 193
68 130
68 198
68 199
68 76
68 153
68 98
68 163
68 134
68 167
68 105
68 106
68 116
68 182
68 125
68 190
69 139
69 77
69 84
69 151
69 153
69 96
69 161
69 99
69 100
69 106
69 107
69 181
69 184
69 186
70 162
70 100
70 197
70 141
70 175
70 181
70 118
70 184
70 185
70 186
70 157
71 160
71 103
71 140
71 146
71 159
71 94
72 194
72 198
72 76
72 148
72 79
72 95
72 166
72 125
72 112
72 178
72 116
72 134
72 102
72 190
72 191
73 128
73 161
73 197
73 77
73 110
73 117
73 150
73 184
73 89
73 186
73 123
73 158
74 96
74 98
74 99
74 164
74 104
74 169
74 174
74 163
74 84
74 78
74 187
74 127
75 192
75 194
75 132
75 133
75 142
75 79
75 147
75 86
75 90
75 143
75 95
75 156
75 172
75 109
75 111
75 177
75 178
75 183
75 188
76 198
76 148
76 79
76 95
76 166
76 167
76 105
76 125
76 112
76 178
76 116
76 134
76 102
76 190
76 191
77 128
77 197
77 199
77 150
77 151
77 89
77 158
77 161
77 100
77 107
77 110
77 184
77 186
77 153
78 99
78 104
78 169
78 171
78 174
78 84
78 187
78 127
79 192
79 194
79 133
79 142
79 148
79 87
79 90
79 156
79 95
79 114
79 166
79 108
79 109
79 111
79 112
79 178
79 120
80 102
80 140
80 113
80 159
80 116
80 149
80 91
80 124
80 125
80 190
80 191
81 131
81 135
81 136
81 137
81 108
81 176
81 168
81 114
81 172
81 119
81 92
81 93
81 126
82 132
82 138
82 140
82 173
82 144
82 180
82 86
82 196
82 91
82 94
82 159
83 129
83 164
83 165
83 170
83 122
83 155
83 189
83 101
84 139
84 163
84 153
84 96
84 99
84 104
84 169
84 106
84 171
84 174
84 187
84 127
85 128
85 97
85 149
85 152
85 121
85 123
85 124
85 158
85 117
86 196
86 138
86 142
86 144
86 132
86 90
86 91
86 95
86 102
86 173
86 111
86 177
86 178
86 180
86 188
86 191
87 193
87 194
87 131
87 133
87 135
87 136
87 137
87 145
87 148
87 92
87 95
87 176
87 166
87 168
87 105
87 108
87 112
87 114
87 120
88 129
88 195
88 165
88 135
88 168
88 170
88 176
88 145
88 155
88 93
88 101
89 128
89 161
89 100
89 197
89 107
89 110
89 150
89 151
89 184
89 186
89 123
89 118
89 158
90 192
90 194
90 133
90 142
90 143
90 147
90 95
90 156
90 172
90 109
90 111
90 177
90 183
90 188
91 132
91 138
91 140
91 149
91 196
91 159
91 102
91 103
91 173
91 113
91 178
91 180
91 191
92 192
92 194
92 131
92 133
92 135
92 136
92 137
92 119
92 156
92 95
92 176
92 168
92 172
92 109
92 112
92 108
92 114
92 120
92 126
93 129
93 195
93 101
93 135
93 136
93 170
93 176
93 145
93 155
93 119
93 168
94 103
94 146
94 159
95 192
95 194
95 133
95 172
95 142
95 109
95 148
95 114
95 166
95 156
95 108
95 111
95 112
95 178
95 120
96 139
96 99
96 153
96 163
96 100
96 104
96 106
96 107
96 174
96 182
96 169
96 187
96 127
97 160
97 146
97 149
97 152
97 121
98 193
98 130
98 163
98 164
98 104
98 105
98 189
98 182
98 127
99 171
99 104
99 169
99 106
99 174
99 139
99 153
99 187
99 127
100 197
100 139
100 151
100 153
100 161
100 162
100 106
100 107
100 175
100 181
100 118
100 184
100 185
100 186
101 195
101 165
101 129
101 170
101 176
101 145
101 155
101 189
102 140
102 149
102 159
102 116
102 178
102 125
102 113
102 180
102 138
102 190
102 191
103 140
103 146
103 149
103 159
104 130
104 139
104 163
104 164
104 169
104 106
104 174
104 187
104 127
105 193
105 130
105 198
105 148
105 163
105 164
105 166
105 167
105 112
105 182
105 134
106 139
106 199
106 151
106 163
106 167
106 107
106 182
106 153
107 199
107 139
107 151
107 197
107 161
107 184
107 186
107 153
108 192
108 194
108 131
108 133
108 135
108 136
108 137
108 148
108 156
108 176
108 168
108 172
108 109
108 112
108 114
108 119
108 120
108 126
109 192
109 194
109 133
109 137
109 142
109 147
109 156
109 172
109 111
109 112
109 177
109 114
109 183
109 120
110 128
110 161
110 197
110 117
110 150
110 151
110 184
110 186
110 123
110 118
110 158
111 192
111 194
111 133
111 142
111 143
111 147
111 156
111 172
111 177
111 183
111 188
112 193
112 194
112 133
112 198
112 148
112 166
112 114
112 120
113 138
113 140
113 178
113 116
113 149
113 159
113 124
113 125
113 190
113 191
114 192
114 194
114 131
114 133
114 135
114 136
114 137
114 119
114 145
114 148
114 156
114 168
114 172
114 176
114 120
114 126
115 179
115 147
115 183
115 154
115 156
115 142
115 143
116 198
116 199
116 134
116 166
116 167
116 191
116 125
116 190
116 182
116 124
117 128
117 152
117 121
117 123
117 158
118 162
118 197
118 141
118 157
118 150
118 184
118 186
118 175
119 131
119 135
119 136
119 172
119 176
119 168
119 137
119 126
120 192
120 194
120 131
120 133
120 136
120 137
120 148
120 166
120 168
120 156
120 172
120 176
121 160
121 152
121 149
122 165
122 189
123 128
123 197
123 152
123 150
123 158
124 134
124 167
124 199
124 149
124 125
124 190
125 198
125 199
125 134
125 166
125 167
125 190
125 182
125 191
126 131
126 136
126 137
126 172
126 156
126 168
127 130
127 163
127 164
127 169
127 174
127 187
127 189
128 161
128 197
128 199
128 184
128 150
128 151
128 158
129 195
129 165
129 135
129 168
129 170
129 176
129 145
129 155
129 189
130 193
130 198
130 148
130 163
130 164
130 167
130 189
130 182
131 194
131 133
131 135
131 136
131 172
131 176
131 168
131 137
131 156
132 196
132 173
132 144
132 177
132 178
132 180
132 188
132 138
133 192
133 194
133 136
133 137
133 142
133 156
133 148
133 166
133 172
134 198
134 199
134 166
134 167
134 190
134 182
135 195
135 136
135 137
135 155
135 168
135 145
135 170
135 176
136 194
136 195
136 145
136 168
136 170
136 172
136 176
136 137
137 192
137 194
137 168
137 156
137 172
137 176
138 196
138 140
138 144
138 159
138 178
138 173
138 180
138 191
139 153
139 169
139 171
139 174
139 181
139 187
140 149
140 159
140 178
140 180
140 191
141 162
141 157
141 181
141 184
141 185
141 186
141 175
142 192
142 194
142 143
142 147
142 154
142 156
142 172
142 177
142 183
142 188
143 147
143 177
143 179
143 183
143 188
143 154
144 196
144 173
144 177
144 180
144 188
145 195
145 168
145 170
145 176
145 155
145 189
146 160
146 159
147 192
147 188
147 172
147 177
147 179
147 183
147 154
147 156
148 193
148 194
148 198
148 166
149 159
149 190
149 191
150 197
150 184
150 186
150 158
151 197
151 199
151 153
151 158
151 161
151 167
151 184
152 160
153 199
153 161
153 167
153 182
154 177
154 179
154 183
155 165
155 170
155 176
155 195
156 192
156 194
156 172
156 183
157 162
157 175
157 181
157 185
157 186
158 161
158 197
158 184
159 173
161 197
161 199
161 184
161 186
162 181
162 175
162 184
162 185
162 186
162 197
163 193
163 164
163 174
163 189
163 182
163 187
164 193
164 189
165 170
165 189
166 194
166 198
166 178
166 191
167 198
167 199
167 190
167 182
168 195
168 170
168 176
169 171
169 174
169 187
170 195
170 176
170 189
171 174
171 181
171 185
171 187
172 192
172 194
173 180
173 196
174 187
175 181
175 184
175 185
175 186
176 195
177 192
177 183
177 188
178 180
178 191
180 196
180 188
180 191
181 185
181 186
182 193
182 198
182 199
183 192
183 188
184 197
184 186
185 186
186 197
188 196
190 198
190 199
190 191
192 194
193 198
198 199
