0 32
0 97
0 2
0 163
0 6
0 166
0 1
0 40
0 105
0 138
0 18
0 35
0 52
0 181
0 58
0 27
0 61
0 30
0 63
1 32
1 97
1 2
1 163
1 6
1 105
1 18
1 35
1 52
1 181
1 120
1 58
1 27
1 30
1 117
2 130
2 6
2 138
2 143
2 18
2 83
2 27
2 30
2 32
2 97
2 163
2 166
2 177
2 40
2 105
2 113
2 52
2 181
2 120
2 58
2 63
2 61
2 35
3 176
3 48
3 66
3 132
3 182
3 103
3 104
3 12
3 188
3 93
4 131
4 68
4 5
4 126
4 13
4 152
4 19
4 148
4 24
4 154
4 94
4 38
4 41
4 109
4 112
4 115
4 117
4 54
4 183
4 120
4 88
4 187
4 62
4 191
5 131
5 68
5 198
5 11
5 126
5 13
5 88
5 19
5 148
5 24
5 152
5 154
5 94
5 38
5 41
5 109
5 112
5 115
5 117
5 54
5 183
5 120
5 187
5 62
5 191
6 138
6 143
6 18
6 83
6 27
6 30
6 32
6 97
6 163
6 166
6 40
6 105
6 52
6 181
6 120
6 58
6 63
6 61
6 35
7 144
7 162
7 17
7 182
7 48
7 28
7 42
7 39
7 146
7 46
7 79
7 176
7 49
7 178
7 147
7 86
7 87
7 56
7 57
7 188
7 31
8 64
8 100
8 149
8 22
8 137
8 43
8 140
8 21
8 78
8 37
9 128
9 139
9 196
9 71
9 137
9 10
9 75
9 140
9 78
9 15
9 145
9 20
9 85
9 26
9 156
9 29
9 164
9 37
9 76
9 125
9 190
9 21
10 139
10 164
10 71
10 137
10 75
10 76
10 78
10 145
10 20
10 85
10 156
10 29
10 190
11 197
11 198
11 126
11 23
11 24
11 154
11 92
11 94
11 102
11 41
11 106
11 174
11 112
11 179
11 180
11 158
11 54
11 186
11 170
11 62
11 191
12 161
12 66
12 132
12 103
12 104
12 44
12 142
12 93
12 176
12 182
12 189
13 131
13 68
13 198
13 152
13 19
13 84
13 24
13 94
13 34
13 38
13 41
13 170
13 191
13 126
13 54
13 183
13 88
13 187
13 62
13 117
14 129
14 67
14 133
14 134
14 65
14 74
14 45
14 80
14 89
14 157
14 165
14 98
14 99
14 70
14 173
14 111
14 51
14 53
14 119
14 184
14 185
14 59
14 60
14 189
15 128
15 194
15 195
15 196
15 140
15 139
15 76
15 79
15 145
15 146
15 21
15 150
15 151
15 153
15 26
15 156
15 95
15 162
15 37
15 17
15 28
15 43
15 175
15 49
15 118
15 87
15 125
16 96
16 194
16 107
16 69
16 171
16 175
16 87
16 49
16 178
16 147
16 116
16 118
16 151
16 56
16 122
16 123
16 124
17 194
17 195
17 196
17 39
17 162
17 79
17 144
17 49
17 146
17 150
17 87
17 153
17 26
17 28
17 125
17 31
18 130
18 155
18 143
18 83
18 27
18 30
18 32
18 97
18 163
18 166
18 105
18 109
18 177
18 115
18 52
18 120
18 58
18 63
18 61
18 35
19 131
19 68
19 198
19 126
19 88
19 148
19 24
19 152
19 154
19 94
19 38
19 41
19 109
19 112
19 115
19 117
19 54
19 183
19 120
19 187
19 62
19 191
20 128
20 75
20 164
20 71
20 137
20 139
20 76
20 78
20 29
20 145
20 85
20 196
20 26
20 156
20 125
20 190
20 21
21 128
21 96
21 194
21 43
21 37
21 81
21 76
21 139
21 140
21 175
21 145
21 149
21 153
21 26
21 156
21 125
21 95
22 64
22 81
22 114
22 100
22 149
22 43
22 140
22 78
22 37
23 192
23 96
23 197
23 102
23 168
23 106
23 172
23 77
23 174
23 112
23 81
23 114
23 179
23 180
23 110
23 154
23 116
23 122
23 92
23 186
24 131
24 68
24 198
24 84
24 152
24 90
24 92
24 154
24 94
24 34
24 38
24 41
24 170
24 126
24 54
24 127
24 62
24 191
25 160
25 193
25 67
25 123
25 101
25 167
25 169
25 171
25 47
25 50
25 107
25 116
25 73
25 55
25 155
25 69
25 159
26 128
26 194
26 195
26 196
26 139
26 76
26 145
26 146
26 150
26 87
26 153
26 79
26 28
26 29
26 162
26 164
26 156
26 49
26 125
27 32
27 97
27 163
27 166
27 105
27 35
27 52
27 181
27 120
27 58
27 117
27 61
27 30
27 63
28 194
28 195
28 196
28 151
28 79
28 144
28 146
28 147
28 150
28 87
28 153
28 31
28 162
28 39
28 46
28 175
28 49
28 178
28 118
28 56
28 125
29 139
29 164
29 71
29 137
29 75
29 76
29 145
29 85
29 196
29 156
29 190
30 63
30 143
30 83
30 148
30 88
30 97
30 163
30 166
30 105
30 109
30 115
30 52
30 117
30 183
30 120
30 187
30 61
30 35
31 162
31 195
31 150
31 39
31 146
31 46
31 79
31 144
31 49
31 178
31 147
31 86
31 87
31 56
31 153
31 188
32 130
32 163
32 166
32 40
32 138
32 113
32 35
32 181
32 58
32 61
33 192
33 36
33 197
33 199
33 136
33 135
33 141
33 174
33 72
33 180
33 121
33 186
33 91
33 92
33 158
34 68
34 38
34 198
34 135
34 170
34 84
34 54
34 90
34 62
34 127
35 143
35 83
35 88
35 97
35 163
35 166
35 105
35 109
35 115
35 52
35 181
35 120
35 58
35 117
35 61
35 63
36 192
36 197
36 199
36 136
36 141
36 174
36 72
36 114
36 180
36 121
36 186
36 91
36 158
37 128
37 96
37 194
37 81
37 76
37 43
37 140
37 175
37 145
37 149
37 153
37 122
37 156
37 125
37 95
38 131
38 68
38 198
38 41
38 170
38 84
38 126
38 54
38 152
38 90
38 154
38 62
38 191
39 79
39 144
39 146
39 147
39 86
39 87
39 185
39 176
39 162
39 42
39 46
39 48
39 49
39 178
39 182
39 56
39 57
39 188
40 130
40 163
40 166
40 138
40 113
40 181
40 58
40 61
41 131
41 68
41 198
41 152
41 148
41 88
41 154
41 92
41 94
41 170
41 112
41 179
41 126
41 54
41 187
41 106
41 62
41 191
42 129
42 59
42 86
42 134
42 107
42 46
42 47
42 48
42 56
42 178
42 147
42 182
42 57
42 184
42 185
42 123
42 188
42 51
43 128
43 96
43 194
43 140
43 110
43 175
43 81
43 149
43 122
43 156
43 125
43 95
44 161
44 66
44 99
44 132
44 165
44 70
44 103
44 104
44 80
44 74
44 45
44 142
44 93
44 176
44 53
44 182
44 60
44 189
44 65
45 65
45 98
45 99
45 133
45 134
45 60
45 74
45 173
45 189
45 80
45 53
45 119
45 59
45 70
45 157
45 165
46 162
46 107
46 182
46 87
46 146
46 79
46 48
46 49
46 178
46 147
46 57
46 86
46 151
46 56
46 185
46 188
47 193
47 67
47 69
47 134
47 129
47 55
47 185
47 89
47 155
47 157
47 159
47 160
47 59
47 101
47 167
47 169
47 107
47 173
47 51
47 119
47 184
47 57
47 123
48 66
48 132
48 134
48 184
48 86
48 185
48 93
48 70
48 103
48 104
48 188
48 157
48 176
48 178
48 51
48 182
48 56
48 57
48 59
48 60
49 128
49 194
49 195
49 151
49 146
49 147
49 150
49 87
49 153
49 79
49 162
49 175
49 178
49 118
49 56
49 124
49 125
50 160
50 193
50 123
50 101
50 167
50 169
50 171
50 109
50 63
50 143
50 177
50 115
50 148
50 73
50 116
50 155
50 69
50 159
51 129
51 67
51 133
51 134
51 65
51 74
51 55
51 56
51 86
51 57
51 89
51 157
51 99
51 70
51 188
51 107
51 173
51 178
51 182
51 119
51 184
51 185
51 59
51 60
52 97
52 83
52 163
52 166
52 105
52 109
52 143
52 88
52 115
52 117
52 120
52 61
52 63
53 65
53 66
53 99
53 132
53 133
53 134
53 60
53 74
53 173
53 189
53 80
53 119
53 59
53 70
53 157
53 165
54 131
54 68
54 197
54 198
54 148
54 152
54 154
54 92
54 94
54 170
54 112
54 179
54 126
54 84
54 187
54 106
54 62
54 191
55 193
55 67
55 133
55 129
55 89
55 155
55 157
55 69
55 160
55 59
55 101
55 167
55 169
55 107
55 159
55 173
55 177
55 119
55 184
55 123
56 129
56 87
56 79
56 147
56 86
56 151
56 185
56 162
56 107
56 178
56 118
56 57
56 123
56 188
57 129
57 134
57 147
57 86
57 89
57 157
57 70
57 107
57 178
57 182
57 184
57 185
57 59
57 188
58 130
58 163
58 166
58 138
58 113
58 181
58 61
59 129
59 67
59 133
59 134
59 65
59 74
59 80
59 86
59 89
59 157
59 165
59 99
59 70
59 60
59 107
59 173
59 182
59 119
59 184
59 185
59 188
59 189
60 65
60 66
60 132
60 133
60 70
60 74
60 142
60 80
60 86
60 93
60 99
60 165
60 103
60 104
60 173
60 157
60 176
60 182
60 119
60 184
60 185
60 189
60 134
61 130
61 177
61 138
61 143
61 82
61 83
61 159
61 97
61 163
61 166
61 167
61 105
61 113
61 155
61 120
61 63
62 131
62 68
62 198
62 152
62 84
62 90
62 92
62 154
62 170
62 127
62 126
62 191
63 193
63 143
63 83
63 148
63 88
63 155
63 159
63 97
63 163
63 166
63 167
63 105
63 109
63 177
63 115
63 117
63 120
64 72
64 114
64 100
64 149
64 136
65 66
65 132
65 133
65 134
65 74
65 173
65 80
65 89
65 93
65 165
65 99
65 70
65 104
65 157
65 119
65 184
65 185
65 189
66 161
66 132
66 165
66 70
66 103
66 104
66 142
66 93
66 176
66 182
66 189
67 193
67 133
67 134
67 129
67 89
67 155
67 157
67 159
67 160
67 98
67 101
67 167
67 169
67 107
67 173
67 177
67 119
67 184
67 185
68 131
68 198
68 170
68 84
68 183
68 152
68 90
68 154
68 126
68 191
69 160
69 193
69 123
69 101
69 167
69 169
69 171
69 107
69 116
69 73
69 155
69 159
70 129
70 132
70 133
70 134
70 74
70 80
70 86
70 89
70 93
70 99
70 165
70 104
70 173
70 157
70 182
70 119
70 184
70 185
70 188
70 189
71 164
71 75
71 76
71 78
71 145
71 85
71 137
71 190
72 192
72 197
72 199
72 136
72 141
72 174
72 114
72 180
72 121
72 186
72 158
73 193
73 179
73 167
73 169
73 109
73 77
73 112
73 115
73 148
73 116
73 187
73 94
73 191
74 99
74 132
74 133
74 134
74 104
74 173
74 157
74 80
74 119
74 184
74 189
74 165
75 164
75 139
75 76
75 145
75 85
75 137
75 156
75 190
76 128
76 196
76 137
76 139
76 140
76 145
76 85
76 150
76 156
76 164
76 125
76 190
77 96
77 102
77 168
77 106
77 171
77 172
77 110
77 112
77 179
77 116
77 122
77 124
78 100
78 140
78 145
78 149
78 137
78 190
78 85
79 128
79 194
79 195
79 196
79 151
79 144
79 146
79 147
79 150
79 87
79 153
79 162
79 175
79 178
79 118
79 125
80 98
80 99
80 133
80 134
80 173
80 111
80 157
80 119
80 184
80 189
80 165
81 96
81 168
81 172
81 140
81 110
81 175
81 114
81 149
81 151
81 122
81 124
81 95
82 177
82 130
82 83
82 166
82 113
82 111
82 138
82 155
82 98
82 143
83 193
83 130
83 177
83 143
83 155
83 159
83 97
83 163
83 101
83 166
83 167
83 105
83 109
83 113
83 115
83 120
84 90
84 198
84 170
84 127
85 139
85 164
85 145
85 137
85 190
86 129
86 134
86 184
86 147
86 185
86 157
86 176
86 107
86 178
86 182
86 188
87 128
87 194
87 195
87 146
87 147
87 150
87 151
87 153
87 162
87 175
87 178
87 118
87 124
87 125
88 131
88 148
88 152
88 97
88 191
88 105
88 109
88 112
88 115
88 94
88 183
88 120
88 187
88 126
88 117
89 129
89 133
89 134
89 185
89 155
89 157
89 159
89 160
89 98
89 99
89 101
89 167
89 107
89 173
89 119
89 184
90 198
90 135
90 170
90 108
90 91
90 127
91 197
91 199
91 170
91 135
91 108
91 141
91 174
91 180
91 121
91 186
91 92
91 158
91 127
92 192
92 197
92 198
92 199
92 141
92 154
92 158
92 102
92 170
92 174
92 179
92 180
92 121
92 186
92 106
93 161
93 132
93 165
93 134
93 103
93 104
93 142
93 176
93 182
93 189
94 131
94 198
94 148
94 152
94 179
94 154
94 109
94 112
94 115
94 117
94 183
94 120
94 187
94 126
94 191
95 128
95 96
95 194
95 156
95 140
95 175
95 149
95 118
95 151
95 153
95 122
95 124
95 125
96 168
96 172
96 140
96 110
96 175
96 114
96 149
96 118
96 151
96 122
96 124
97 143
97 163
97 166
97 105
97 109
97 115
97 117
97 183
97 120
97 187
98 99
98 133
98 119
98 173
98 111
99 133
99 134
99 173
99 157
99 165
99 111
99 119
99 184
99 189
100 114
100 149
101 160
101 193
101 155
101 167
101 129
101 169
101 107
101 143
101 177
101 123
101 159
102 192
102 197
102 199
102 168
102 106
102 172
102 174
102 114
102 179
102 180
102 110
102 186
102 154
102 158
103 161
103 132
103 104
103 142
103 176
103 182
103 189
104 161
104 132
104 165
104 134
104 142
104 176
104 182
104 188
104 189
105 143
105 148
105 163
105 166
105 109
105 115
105 117
105 183
105 120
105 187
106 192
106 197
106 168
106 172
106 174
106 112
106 179
106 180
106 110
106 154
106 116
106 122
106 186
106 158
107 193
107 134
107 129
107 184
107 147
107 185
107 157
107 160
107 169
107 171
107 178
107 123
108 127
108 141
108 135
109 115
109 143
109 148
109 163
109 191
109 117
109 183
109 120
109 187
110 192
110 197
110 136
110 172
110 174
110 168
110 114
110 180
110 186
110 122
111 133
111 119
111 173
112 179
112 198
112 191
112 115
112 148
112 154
112 187
112 126
113 130
113 163
113 166
113 138
113 143
113 177
114 192
114 197
114 136
114 172
114 174
114 168
114 180
114 149
114 186
114 158
115 193
115 143
115 148
115 159
115 167
115 191
115 117
115 120
115 187
116 171
116 169
116 179
116 118
116 151
116 122
116 123
116 124
117 131
117 148
117 152
117 191
117 183
117 120
117 187
117 126
118 194
118 171
118 175
118 178
118 147
118 151
118 153
118 122
118 123
118 124
119 129
119 133
119 173
119 157
119 160
119 134
119 184
119 185
120 143
120 148
120 163
120 183
120 187
121 192
121 197
121 199
121 136
121 135
121 141
121 174
121 180
121 186
121 158
121 127
122 171
122 168
122 172
122 140
122 175
122 151
122 124
123 193
123 171
123 129
123 147
123 151
123 160
123 167
123 169
123 178
123 124
124 194
124 171
124 175
124 147
124 151
124 153
125 128
125 194
125 195
125 196
125 139
125 140
125 146
125 150
125 151
125 153
125 162
125 145
125 156
125 175
126 131
126 198
126 148
126 152
126 154
126 183
126 187
126 191
127 135
127 170
127 141
128 194
128 196
128 139
128 140
128 145
128 149
128 150
128 153
128 156
128 164
128 175
129 133
129 134
129 184
129 185
129 157
129 160
129 173
129 178
130 163
130 166
130 138
130 143
130 177
131 198
131 152
131 148
131 183
131 187
131 191
132 161
132 165
132 134
132 142
132 176
132 182
132 189
133 173
133 157
133 165
133 184
133 185
133 134
134 173
134 185
134 157
134 176
134 165
134 188
134 178
134 182
134 184
134 189
135 141
136 192
136 197
136 199
136 168
136 141
136 174
136 180
136 186
136 158
137 164
137 139
137 145
137 156
137 190
138 163
138 166
139 195
139 164
139 145
139 150
139 196
139 156
139 190
140 194
140 145
140 149
140 153
140 175
140 156
141 197
141 199
141 174
141 180
141 186
141 158
142 161
142 165
142 189
143 193
143 155
143 159
143 163
143 166
143 167
143 177
144 162
144 195
144 150
144 146
145 164
145 156
145 190
146 194
146 195
146 196
146 162
146 150
146 153
147 194
147 171
147 151
147 153
147 162
147 175
147 178
148 183
148 154
148 191
148 187
150 194
150 195
150 196
150 162
150 153
150 156
151 194
151 153
151 171
151 175
151 178
152 183
152 187
152 191
153 194
153 195
153 196
153 156
153 162
153 175
154 198
154 197
154 179
154 187
154 170
154 191
155 160
155 193
155 166
155 167
155 169
155 177
155 159
156 194
156 196
156 164
156 190
157 173
157 185
157 165
157 184
158 192
158 197
158 199
158 174
158 168
158 180
158 186
159 160
159 193
159 167
159 169
159 177
160 193
160 167
160 169
160 177
160 184
161 176
161 165
161 189
162 194
162 195
162 196
163 166
163 177
164 196
164 190
165 189
166 177
167 193
167 169
167 177
168 192
168 197
168 172
168 174
168 179
168 180
168 186
169 193
169 171
169 177
170 198
171 175
172 192
172 197
172 174
172 179
172 180
172 186
173 184
173 185
174 192
174 197
174 199
174 180
174 186
175 194
176 182
176 188
177 193
178 185
178 188
179 197
180 192
180 197
180 199
180 186
182 185
182 188
183 187
183 191
184 185
184 188
185 188
186 192
186 197
186 199
187 191
191 198
192 197
192 199
194 195
194 196
195 196
197 198
197 199
