0 32
0 98
0 198
0 102
0 199
0 8
0 139
0 142
0 143
0 83
0 7
0 78
0 87
0 24
0 89
0 6
0 123
0 55
0 95
1 195
1 132
1 69
1 9
1 14
1 16
1 184
1 148
1 21
1 88
1 27
1 30
1 159
1 161
1 99
1 167
1 144
1 171
1 46
1 178
1 120
1 121
2 64
2 129
2 66
2 131
2 4
2 197
2 134
2 72
2 13
2 77
2 141
2 145
2 82
2 3
2 20
2 85
2 23
2 79
2 93
2 5
2 35
2 39
2 40
2 110
2 176
2 177
2 115
2 57
2 122
2 127
3 64
3 129
3 131
3 197
3 72
3 10
3 141
3 13
3 145
3 20
3 85
3 31
3 97
3 35
3 40
3 172
3 175
3 48
3 177
3 57
3 124
3 62
4 66
4 35
4 5
4 40
4 10
4 13
4 141
4 110
4 79
4 82
4 131
4 62
4 57
4 158
4 31
5 66
5 131
5 134
5 72
5 73
5 10
5 76
5 141
5 79
5 145
5 82
5 20
5 158
5 35
5 39
5 104
5 43
5 110
5 176
5 40
5 57
5 122
5 13
5 127
6 68
6 194
6 164
6 130
6 103
6 8
6 74
6 98
6 78
6 48
6 18
6 149
6 150
6 87
6 196
6 58
6 155
6 124
6 125
6 36
7 194
7 196
7 199
7 139
7 45
7 78
7 143
7 83
7 24
7 89
7 155
7 29
7 95
7 32
7 98
7 36
7 102
7 105
7 44
7 173
7 47
7 19
7 123
7 189
7 191
8 130
8 78
8 198
8 87
8 18
8 74
8 55
8 125
8 142
9 96
9 161
9 34
9 69
9 167
9 14
9 140
9 174
9 16
9 178
9 51
9 52
9 30
9 88
9 121
9 94
9 21
10 35
10 40
10 13
10 110
10 141
10 82
10 131
10 62
10 57
10 158
10 31
11 67
11 165
11 135
11 168
11 41
11 107
11 109
11 15
11 17
11 84
11 118
11 119
11 152
11 63
11 133
12 192
12 100
12 134
12 39
12 156
12 23
12 77
12 80
12 81
12 114
12 115
12 90
12 54
12 25
12 185
12 122
12 188
12 93
12 127
13 64
13 129
13 131
13 197
13 72
13 77
13 141
13 145
13 82
13 20
13 85
13 93
13 158
13 31
13 35
13 40
13 110
13 175
13 176
13 177
13 115
13 57
13 62
14 195
14 132
14 69
14 16
14 144
14 21
14 88
14 27
14 30
14 159
14 161
14 34
14 167
14 170
14 171
14 178
14 51
14 52
14 94
14 120
14 121
15 17
15 67
15 84
15 119
15 106
15 126
15 63
16 195
16 132
16 69
16 140
16 144
16 21
16 88
16 92
16 30
16 96
16 161
16 34
16 167
16 170
16 171
16 174
16 111
16 178
16 51
16 52
16 94
16 121
17 67
17 133
17 135
17 146
17 84
17 86
17 152
17 37
17 160
17 33
17 165
17 168
17 41
17 106
17 107
17 109
17 180
17 118
17 119
17 56
17 187
17 126
17 63
18 68
18 97
18 130
18 164
18 74
18 172
18 78
18 175
18 48
18 149
18 150
18 196
18 58
18 124
18 125
18 36
19 194
19 196
19 98
19 103
19 105
19 71
19 44
19 173
19 47
19 179
19 149
19 54
19 45
19 36
19 154
19 155
19 189
19 191
20 192
20 129
20 131
20 197
20 72
20 141
20 77
20 81
20 85
20 23
20 26
20 93
20 48
20 35
20 145
20 40
20 64
20 39
20 175
20 176
20 177
20 115
20 57
20 122
20 124
20 62
20 127
21 132
21 69
21 140
21 144
21 88
21 92
21 30
21 96
21 161
21 34
21 167
21 170
21 171
21 174
21 178
21 51
21 52
21 94
21 121
22 128
22 80
22 100
22 101
22 133
22 71
22 60
22 42
22 75
22 108
22 28
22 112
22 49
22 181
22 182
22 25
22 187
22 70
22 53
22 117
23 134
23 77
23 145
23 148
23 153
23 90
23 156
23 93
23 81
23 100
23 39
23 176
23 177
23 114
23 115
23 184
23 185
23 122
23 188
23 127
24 32
24 98
24 155
24 198
24 102
24 199
24 139
24 191
24 142
24 143
24 83
24 78
24 87
24 45
24 89
24 123
24 29
24 55
24 95
25 128
25 195
25 136
25 75
25 28
25 80
25 184
25 148
25 90
25 27
25 156
25 100
25 101
25 60
25 42
25 49
25 181
25 182
25 120
25 185
25 188
25 61
25 117
26 192
26 129
26 130
26 68
26 197
26 72
26 77
26 64
26 81
26 149
26 150
26 90
26 93
26 164
26 103
26 188
26 175
26 48
26 177
26 114
26 115
26 58
26 124
26 125
26 85
27 128
27 195
27 132
27 101
27 49
27 136
27 169
27 42
27 171
27 144
27 88
27 178
27 182
27 183
27 120
27 61
28 128
28 133
28 135
28 136
28 75
28 80
28 117
28 101
28 169
28 42
28 108
28 109
28 112
28 49
28 53
28 182
28 187
28 60
28 61
28 181
29 32
29 193
29 98
29 91
29 102
29 199
29 139
29 191
29 143
29 83
29 116
29 45
29 89
29 123
29 95
30 161
30 34
30 99
30 132
30 69
30 51
30 167
30 171
30 174
30 178
30 195
30 52
30 88
30 121
30 94
30 159
31 131
31 40
31 141
31 110
31 82
31 35
31 62
31 57
31 158
32 194
32 196
32 198
32 199
32 139
32 142
32 143
32 83
32 78
32 87
32 89
32 155
32 95
32 98
32 36
32 102
32 45
32 55
32 123
32 191
33 65
33 133
33 135
33 137
33 138
33 146
33 147
33 86
33 152
33 157
33 160
33 37
33 38
33 168
33 106
33 107
33 50
33 180
33 118
33 119
33 56
33 186
33 190
34 96
34 161
34 69
34 167
34 170
34 140
34 174
34 178
34 51
34 52
34 88
34 121
34 94
35 131
35 197
35 72
35 141
35 110
35 176
35 145
35 82
35 158
35 40
35 57
35 62
35 85
36 194
36 164
36 130
36 103
36 98
36 78
36 47
36 48
36 149
36 150
36 196
36 58
36 155
36 124
36 125
37 65
37 137
37 138
37 146
37 147
37 86
37 152
37 157
37 160
37 38
37 168
37 106
37 107
37 50
37 180
37 118
37 119
37 56
37 186
37 190
38 65
38 70
38 71
38 137
38 138
38 86
38 152
38 154
38 108
38 173
38 112
38 50
38 179
38 180
38 53
38 118
38 56
38 186
38 189
38 190
39 134
39 72
39 73
39 77
39 145
39 148
39 153
39 156
39 93
39 104
39 43
39 176
39 177
39 114
39 115
39 184
39 122
39 188
39 127
40 66
40 131
40 72
40 141
40 110
40 79
40 176
40 145
40 82
40 57
40 158
41 67
41 165
41 135
41 168
41 63
41 107
41 109
41 84
41 118
41 119
41 152
41 187
41 133
42 128
42 195
42 132
42 101
42 136
42 169
42 171
42 80
42 49
42 75
42 181
42 182
42 120
42 100
42 60
42 61
42 117
43 163
43 134
43 104
43 73
43 76
43 46
43 176
43 113
43 99
43 148
43 184
43 153
43 122
43 159
43 156
43 127
44 194
44 196
44 70
44 71
44 105
44 103
44 173
44 47
44 179
44 54
44 154
44 155
44 189
44 191
45 123
45 193
45 194
45 139
45 143
45 89
45 155
45 98
45 91
45 166
45 102
45 105
45 173
45 83
45 116
45 59
45 189
45 191
46 99
46 163
46 134
46 104
46 73
46 76
46 113
46 195
46 148
46 184
46 153
46 156
46 159
47 194
47 196
47 70
47 103
47 105
47 71
47 173
47 81
47 179
47 149
47 54
47 154
47 155
47 189
48 192
48 129
48 130
48 68
48 197
48 72
48 74
48 77
48 81
48 149
48 150
48 93
48 97
48 164
48 103
48 64
48 172
48 175
48 177
48 115
48 58
48 124
48 125
48 85
49 128
49 80
49 101
49 136
49 169
49 75
49 112
49 181
49 182
49 183
49 187
49 60
49 61
49 117
50 160
50 193
50 59
50 166
50 65
50 137
50 138
50 157
50 146
50 147
50 180
50 86
50 56
50 116
50 186
50 91
50 189
50 190
51 96
51 161
51 69
51 167
51 170
51 140
51 174
51 111
51 144
51 178
51 52
51 88
51 121
51 92
51 94
52 140
52 144
52 88
52 92
52 96
52 161
52 162
52 167
52 170
52 174
52 111
52 178
52 94
52 183
52 121
53 133
53 80
53 71
53 118
53 70
53 135
53 137
53 75
53 108
53 112
53 179
53 180
53 181
53 182
53 154
53 187
53 60
53 117
54 192
54 194
54 100
54 70
54 103
54 71
54 173
54 81
54 114
54 179
54 149
54 185
54 154
54 188
54 90
55 98
55 102
55 198
55 199
55 78
55 143
55 83
55 142
55 87
55 89
55 95
56 65
56 137
56 138
56 146
56 147
56 86
56 152
56 157
56 160
56 168
56 106
56 107
56 180
56 118
56 119
56 186
56 190
57 66
57 131
57 72
57 141
57 110
57 79
57 176
57 145
57 82
57 158
57 62
58 192
58 129
58 130
58 196
58 197
58 64
58 74
58 78
58 81
58 149
58 150
58 68
58 164
58 103
58 172
58 175
58 177
58 124
58 125
58 85
59 193
59 166
59 65
59 105
59 138
59 116
59 186
59 91
59 157
59 190
60 128
60 70
60 71
60 136
60 75
60 80
60 100
60 101
60 108
60 112
60 181
60 182
60 185
60 187
60 61
60 117
61 128
61 80
61 162
61 132
61 101
61 136
61 169
61 151
61 144
61 181
61 182
61 183
61 120
62 97
62 197
62 72
62 172
62 141
62 175
62 82
62 131
62 85
62 158
63 67
63 165
63 135
63 168
63 109
63 107
63 84
63 118
63 119
63 152
64 192
64 129
64 131
64 68
64 197
64 72
64 141
64 77
64 81
64 149
64 150
64 93
64 164
64 145
64 172
64 175
64 176
64 177
64 114
64 115
64 124
64 85
65 193
65 166
65 137
65 138
65 173
65 189
65 179
65 180
65 105
65 116
65 186
65 91
65 157
65 190
66 131
66 104
66 73
66 76
66 110
66 79
66 176
66 145
66 82
66 158
67 160
67 107
67 106
67 146
67 84
67 86
67 119
67 152
67 126
68 129
68 130
68 164
68 197
68 97
68 74
68 172
68 175
68 85
68 150
68 124
68 125
69 161
69 99
69 132
69 167
69 171
69 174
69 178
69 195
69 88
69 121
69 94
69 159
70 100
70 71
70 75
70 108
70 173
70 189
70 80
70 179
70 117
70 185
70 90
70 188
70 154
71 108
71 75
71 80
71 90
71 154
71 100
71 103
71 188
71 173
71 179
71 117
71 185
71 189
72 192
72 129
72 131
72 197
72 141
72 77
72 81
72 85
72 93
72 145
72 172
72 175
72 176
72 177
72 115
72 122
72 124
72 127
73 163
73 134
73 104
73 76
73 79
73 176
73 113
73 153
73 122
73 159
73 127
74 97
74 130
74 164
74 172
74 175
74 85
74 150
74 124
74 125
75 128
75 80
75 154
75 90
75 100
75 101
75 108
75 117
75 112
75 182
75 185
75 187
75 181
76 113
76 163
76 104
76 79
77 192
77 129
77 197
77 134
77 145
77 149
77 90
77 156
77 93
77 81
77 175
77 176
77 177
77 114
77 115
77 185
77 122
77 188
77 127
78 194
78 196
78 198
78 199
78 130
78 142
78 143
78 83
78 87
78 89
78 155
78 95
78 98
78 102
78 125
79 110
79 176
79 145
79 82
79 104
79 158
80 128
80 136
80 90
80 100
80 101
80 188
80 108
80 117
80 112
80 181
80 182
80 185
81 192
81 129
81 197
81 149
81 150
81 90
81 175
81 164
81 103
81 124
81 93
81 177
81 114
81 115
81 185
81 188
82 131
82 110
82 141
82 145
82 158
83 98
83 155
83 198
83 102
83 199
83 139
83 191
83 143
83 89
83 123
83 95
84 160
84 165
84 135
84 168
84 106
84 107
84 109
84 118
84 119
84 152
84 86
84 126
85 192
85 129
85 131
85 197
85 141
85 150
85 97
85 164
85 172
85 175
85 177
85 115
85 124
86 133
86 135
86 137
86 138
86 146
86 147
86 152
86 157
86 160
86 168
86 106
86 107
86 180
86 190
86 118
86 119
86 186
86 126
87 98
87 102
87 198
87 199
87 142
87 95
88 195
88 132
88 144
88 159
88 161
88 99
88 167
88 170
88 171
88 178
88 94
88 120
88 121
89 98
89 155
89 198
89 102
89 199
89 105
89 139
89 191
89 143
89 123
89 95
90 192
90 149
90 154
90 156
90 100
90 103
90 93
90 114
90 115
90 185
90 188
91 193
91 166
91 105
91 139
91 189
91 116
91 186
91 123
91 157
91 191
92 96
92 162
92 169
92 170
92 151
92 174
92 111
92 144
92 178
92 183
92 94
93 192
93 129
93 197
93 134
93 145
93 149
93 156
93 175
93 176
93 177
93 114
93 115
93 185
93 122
93 188
93 127
94 96
94 161
94 167
94 170
94 140
94 174
94 111
94 144
94 178
94 121
95 98
95 139
95 198
95 102
95 199
95 142
95 143
95 123
96 161
96 167
96 170
96 140
96 174
96 111
96 144
96 178
97 197
97 172
97 175
97 150
97 124
98 194
98 196
98 198
98 199
98 139
98 143
98 155
98 102
98 105
98 173
98 123
98 191
99 161
99 163
99 167
99 113
99 184
99 121
99 159
100 128
100 156
100 114
100 148
100 117
100 182
100 185
100 188
100 101
101 128
101 195
101 132
101 136
101 169
101 181
101 182
101 120
101 117
102 155
102 198
102 199
102 139
102 142
102 143
102 123
102 191
103 192
103 194
103 196
103 130
103 149
103 150
103 155
103 154
103 164
103 173
103 114
103 179
103 125
104 163
104 134
104 113
104 176
104 145
104 153
104 122
104 159
104 127
105 123
105 193
105 194
105 143
105 173
105 154
105 155
105 191
105 166
105 179
105 116
105 189
106 160
106 107
106 146
106 147
106 119
106 152
106 126
107 133
107 135
107 137
107 138
107 146
107 147
107 152
107 160
107 168
107 109
107 180
107 190
107 118
107 119
107 186
107 126
108 133
108 137
108 112
108 179
108 180
108 181
108 154
108 187
108 117
109 133
109 135
109 168
109 112
109 181
109 118
109 119
109 152
109 187
109 165
110 131
110 141
110 176
110 145
110 158
111 162
111 169
111 170
111 151
111 144
111 178
111 183
112 133
112 135
112 168
112 180
112 181
112 182
112 152
112 187
112 118
112 117
113 163
113 134
113 184
113 153
113 159
114 192
114 129
114 149
114 156
114 177
114 115
114 185
114 122
114 188
114 127
115 192
115 129
115 197
115 134
115 145
115 149
115 156
115 176
115 175
115 177
115 122
115 188
115 127
116 193
116 166
116 139
116 189
116 186
116 123
116 157
116 190
116 191
117 128
117 181
117 182
117 185
117 187
118 133
118 135
118 137
118 152
118 160
118 165
118 168
118 180
118 119
118 187
119 133
119 135
119 146
119 152
119 160
119 165
119 168
119 180
119 126
120 128
120 195
120 132
120 136
120 171
120 178
120 148
120 182
120 184
120 156
120 159
121 161
121 195
121 132
121 167
121 174
121 178
121 171
121 159
122 134
122 145
122 148
122 153
122 156
122 176
122 177
122 184
122 188
122 127
123 198
123 199
123 139
123 143
123 155
123 191
124 192
124 129
124 130
124 196
124 197
124 149
124 150
124 164
124 172
124 175
124 177
124 125
125 194
125 164
125 130
125 175
125 149
125 150
125 196
125 155
126 160
126 146
126 147
127 134
127 145
127 148
127 153
127 156
127 176
127 177
127 184
127 185
127 188
128 187
128 132
128 136
128 169
128 181
128 182
128 183
129 192
129 131
129 197
129 141
129 145
129 149
129 150
129 164
129 172
129 175
129 177
130 192
130 164
130 175
130 149
130 150
130 196
131 197
131 141
131 145
131 158
131 176
131 177
132 195
132 136
132 144
132 148
132 159
132 161
132 167
132 169
132 171
132 178
132 184
133 165
133 135
133 168
133 180
133 181
133 152
133 187
134 145
134 148
134 153
134 156
134 176
134 184
134 185
134 188
135 165
135 168
135 180
135 181
135 152
135 187
136 162
136 169
136 151
136 144
136 181
136 182
136 183
137 160
137 166
137 138
137 157
137 179
137 180
137 152
137 186
137 189
137 190
138 160
138 166
138 157
138 146
138 147
138 180
138 152
138 186
138 189
138 190
139 198
139 199
139 143
139 155
139 191
140 170
140 174
141 197
141 145
141 158
141 172
141 175
141 176
141 177
142 198
142 199
143 198
143 199
143 155
143 191
144 195
144 151
144 161
144 162
144 169
144 170
144 171
144 174
144 178
144 183
145 197
145 176
145 177
146 160
146 147
146 180
146 152
146 186
146 157
146 190
147 160
147 180
147 186
147 157
147 190
148 195
148 171
148 153
148 184
148 156
148 185
148 159
149 192
149 194
149 196
149 197
149 150
149 164
149 175
149 177
150 192
150 196
150 197
150 164
150 172
150 175
150 177
151 162
151 183
151 169
151 170
152 160
152 168
152 180
152 187
152 190
153 163
153 176
153 184
153 156
153 159
154 194
154 179
154 173
154 189
155 194
155 196
155 199
155 173
155 189
155 191
156 184
156 188
156 185
157 160
157 193
157 166
157 180
157 186
157 190
159 163
159 171
159 195
159 184
160 168
160 180
160 190
160 186
161 195
161 167
161 171
161 174
161 178
162 183
162 169
162 170
164 192
164 196
164 197
164 172
164 175
164 177
165 168
165 187
166 193
166 173
166 186
166 189
166 190
166 191
167 195
167 171
167 178
167 174
168 180
168 187
169 170
169 171
169 178
169 181
169 182
169 183
170 174
170 178
170 183
171 195
171 178
171 184
172 197
172 175
173 194
173 179
173 189
173 191
174 178
175 192
175 197
175 177
176 177
177 192
177 197
178 195
178 183
179 194
179 189
180 186
180 190
181 182
181 187
182 185
184 195
184 185
185 188
186 193
186 190
188 192
189 194
189 190
189 191
190 193
191 193
191 194
192 197
194 196
198 199
