0 193
0 107
0 71
0 140
0 16
0 23
0 36
0 90
0 158
0 95
0 32
0 34
0 164
0 37
0 124
0 170
0 199
0 44
0 173
0 48
0 51
0 60
0 62
1 69
1 6
1 136
1 78
1 146
1 19
1 21
1 150
1 87
1 155
1 93
1 33
1 98
1 38
1 166
1 42
1 47
1 50
1 115
1 116
1 181
1 118
1 186
1 59
1 188
1 190
2 65
2 11
2 138
2 139
2 13
2 79
2 18
2 149
2 22
2 151
2 24
2 156
2 40
2 171
2 109
2 174
2 111
2 176
2 54
2 184
2 121
2 122
3 129
3 130
3 195
3 100
3 133
3 39
3 72
3 41
3 74
3 43
3 142
3 35
3 84
3 182
3 185
3 91
3 5
4 65
4 18
4 40
4 49
4 120
4 138
4 139
4 174
5 130
5 195
5 132
5 133
5 71
5 140
5 14
5 80
5 81
5 83
5 84
5 196
5 91
5 29
5 30
5 34
5 100
5 39
5 41
5 173
5 94
5 182
5 60
6 98
6 28
6 197
6 166
6 113
6 136
6 38
6 12
6 141
6 78
6 45
6 168
6 181
6 150
6 87
6 186
6 155
6 188
6 118
6 159
7 96
7 66
7 67
7 68
7 198
7 135
7 137
7 75
7 12
7 45
7 143
7 23
7 90
7 28
7 26
7 95
7 160
7 32
7 168
7 105
7 106
7 44
7 191
7 46
7 114
7 117
7 73
7 56
7 187
7 63
8 131
8 12
8 38
8 167
8 168
8 137
8 76
8 77
8 63
8 45
8 114
8 67
8 117
8 73
8 123
8 28
8 159
8 191
9 128
9 97
9 103
9 104
9 169
9 55
9 110
9 147
9 86
9 183
9 57
9 61
9 127
10 148
10 165
10 198
10 89
10 152
10 180
10 58
10 92
10 70
10 126
11 65
11 196
11 72
11 13
11 144
11 24
11 82
11 149
11 22
11 151
11 88
11 156
11 157
11 185
11 100
11 171
11 18
11 174
11 111
11 176
11 30
11 54
11 121
11 122
11 53
12 67
12 68
12 137
12 77
12 78
12 150
12 26
12 28
12 159
12 98
12 166
12 38
12 167
12 168
12 45
12 114
12 117
12 73
12 56
12 186
12 123
12 188
13 65
13 196
13 72
13 144
13 88
13 82
13 149
13 22
13 151
13 24
13 156
13 157
13 185
13 171
13 18
13 174
13 111
13 176
13 30
13 54
13 121
13 122
13 53
14 129
14 130
14 195
14 132
14 133
14 74
14 34
14 80
14 81
14 83
14 91
14 29
14 94
14 16
14 162
14 164
14 39
14 104
14 41
14 173
14 182
14 60
15 161
15 163
15 17
15 101
15 145
15 42
15 146
15 112
15 177
15 178
15 115
15 116
15 181
15 99
15 119
15 153
15 33
15 27
15 125
15 190
15 21
16 192
16 107
16 132
16 71
16 80
16 81
16 83
16 25
16 90
16 158
16 34
16 164
16 37
16 170
16 199
16 173
16 48
16 51
16 94
16 60
16 62
17 33
17 145
17 146
17 99
17 21
17 153
17 27
17 161
17 163
17 101
17 42
17 112
17 177
17 178
17 115
17 116
17 181
17 118
17 119
17 125
17 190
18 65
18 138
18 139
18 144
18 184
18 82
18 149
18 22
18 151
18 24
18 156
18 40
18 171
18 109
18 174
18 111
18 176
18 49
18 53
18 120
18 121
18 122
19 33
19 50
19 116
19 134
19 166
19 136
19 47
19 59
19 190
19 69
20 64
20 112
20 27
20 22
20 102
20 79
20 171
20 108
20 93
20 176
20 145
20 178
20 179
20 85
20 54
20 24
20 125
20 189
21 33
21 136
21 141
21 78
21 27
21 145
21 146
21 85
21 150
21 87
21 153
21 155
21 93
21 161
21 98
21 163
21 101
21 177
21 42
21 108
21 112
21 113
21 178
21 115
21 116
21 181
21 118
21 119
21 59
21 189
22 64
22 65
22 79
22 144
22 149
22 151
22 24
22 156
22 157
22 30
22 171
22 109
22 174
22 111
22 176
22 179
22 53
22 54
22 184
22 121
22 122
23 193
23 66
23 67
23 68
23 197
23 199
23 75
23 141
23 90
23 28
23 26
23 158
23 95
23 160
23 32
23 37
23 168
23 105
23 170
23 107
23 44
23 45
23 46
23 113
23 114
23 117
23 56
23 187
23 124
23 106
24 64
24 65
24 79
24 149
24 151
24 156
24 157
24 102
24 171
24 109
24 111
24 176
24 179
24 54
24 184
24 121
24 122
25 192
25 128
25 66
25 75
25 164
25 97
25 170
25 103
25 173
25 110
25 48
25 81
25 83
25 34
25 183
25 55
25 154
25 187
25 90
26 96
26 66
26 67
26 68
26 198
26 135
26 137
26 75
26 45
26 143
26 28
26 95
26 160
26 32
26 168
26 105
26 106
26 44
26 191
26 46
26 114
26 117
26 73
26 56
26 187
26 63
27 64
27 179
27 33
27 79
27 145
27 146
27 85
27 153
27 93
27 161
27 163
27 101
27 42
27 189
27 112
27 177
27 178
27 115
27 116
27 181
27 118
27 119
27 125
28 131
28 68
28 137
28 77
28 78
28 67
28 159
28 32
28 98
28 167
28 168
28 45
28 114
28 117
28 73
28 56
28 186
28 123
28 188
28 191
29 130
29 100
29 133
29 71
29 72
29 30
29 62
29 140
29 142
29 51
29 39
29 196
29 185
29 132
29 91
29 60
29 157
29 94
30 196
30 71
30 72
30 140
30 142
30 144
30 82
30 149
30 185
30 157
30 100
30 39
30 171
30 176
30 51
30 53
30 54
30 121
31 96
31 131
31 70
31 198
31 167
31 137
31 135
31 172
31 52
31 143
31 76
31 67
31 180
31 117
31 105
31 89
31 63
31 92
31 126
31 191
32 193
32 66
32 67
32 68
32 197
32 199
32 96
32 75
32 90
32 158
32 95
32 160
32 168
32 105
32 170
32 107
32 44
32 46
32 114
32 117
32 56
32 187
32 106
32 191
33 69
33 134
33 136
33 146
33 99
33 150
33 87
33 155
33 161
33 163
33 101
33 42
33 47
33 112
33 177
33 50
33 115
33 116
33 181
33 118
33 119
33 59
33 190
34 130
34 132
34 133
34 71
34 80
34 81
34 83
34 94
34 162
34 164
34 104
34 170
34 173
34 110
34 48
34 182
34 183
34 60
34 62
35 84
35 72
35 195
35 100
35 43
35 39
35 88
35 185
35 91
35 142
36 64
36 193
36 197
36 102
36 199
36 140
36 107
36 108
36 141
36 93
36 113
36 44
36 179
36 62
36 71
36 37
36 124
36 189
36 158
36 51
37 193
37 71
37 197
37 102
37 199
37 140
37 170
37 107
37 108
37 141
37 44
37 113
37 51
37 62
37 90
37 124
37 158
38 98
38 166
38 136
38 77
38 78
38 45
38 150
38 87
38 186
38 123
38 188
38 159
39 130
39 195
39 196
39 133
39 71
39 72
39 140
39 142
39 80
39 84
39 132
39 91
39 157
39 94
39 100
39 41
39 43
39 182
39 185
39 60
40 65
40 138
40 139
40 174
40 111
40 49
40 151
40 120
40 122
40 184
40 156
41 129
41 130
41 132
41 133
41 74
41 80
41 81
41 195
41 84
41 86
41 91
41 94
41 162
41 173
41 175
41 83
41 182
41 60
42 136
42 145
42 146
42 99
42 85
42 150
42 87
42 153
42 155
42 93
42 161
42 163
42 101
42 112
42 177
42 178
42 115
42 116
42 181
42 118
42 119
42 59
42 189
42 190
43 195
43 100
43 72
43 142
43 82
43 84
43 53
43 185
43 88
43 196
43 91
44 193
44 68
44 197
44 199
44 141
44 90
44 158
44 95
44 168
44 170
44 107
44 108
44 93
44 113
44 56
44 124
45 131
45 68
45 137
45 77
45 78
45 67
45 159
45 98
45 167
45 168
45 114
45 117
45 73
45 56
45 186
45 123
45 188
45 191
46 192
46 96
46 66
46 67
46 68
46 198
46 135
46 137
46 75
46 143
46 152
46 89
46 154
46 92
46 90
46 95
46 160
46 105
46 106
46 114
46 180
46 117
46 56
46 187
46 191
47 115
47 50
47 99
47 116
47 69
47 134
47 59
47 190
48 192
48 97
48 66
48 164
48 103
48 170
48 55
48 173
48 110
48 80
48 81
48 83
48 183
48 90
48 187
49 65
49 138
49 139
49 174
49 144
49 120
49 82
49 151
49 88
49 156
50 99
50 69
50 134
50 136
50 115
50 116
50 181
50 150
50 87
50 59
50 190
50 166
51 107
51 196
51 102
51 199
51 71
51 140
51 158
51 62
51 60
51 157
51 94
52 96
52 131
52 198
52 167
52 137
52 135
52 172
52 143
52 76
52 67
52 180
52 73
52 89
52 63
52 92
52 191
53 65
53 196
53 72
53 142
53 144
53 149
53 151
53 88
53 156
53 157
53 100
53 82
53 174
53 176
53 185
53 121
54 64
54 65
54 196
54 140
54 79
54 149
54 151
54 156
54 157
54 102
54 171
54 111
54 176
54 179
54 121
54 122
54 189
55 192
55 128
55 66
55 97
55 103
55 110
55 148
55 183
55 154
55 187
55 58
56 193
56 67
56 68
56 197
56 137
56 75
56 141
56 90
56 158
56 95
56 160
56 168
56 105
56 106
56 96
56 113
56 114
56 117
56 73
56 191
57 128
57 97
57 103
57 104
57 169
57 110
57 147
57 86
57 183
57 61
57 127
58 128
58 148
58 165
58 103
58 152
58 154
59 69
59 134
59 136
59 146
59 150
59 87
59 161
59 99
59 101
59 166
59 115
59 116
59 181
59 118
59 119
59 190
60 130
60 132
60 133
60 71
60 140
60 81
60 83
60 196
60 91
60 94
60 80
60 164
60 107
60 173
60 182
60 62
61 97
61 194
61 104
61 169
61 83
61 162
61 110
61 80
61 81
61 147
61 86
61 183
61 127
62 107
62 196
62 102
62 71
62 140
62 170
62 199
62 108
62 158
62 94
63 131
63 198
63 135
63 137
63 76
63 143
63 67
63 89
63 92
63 96
63 167
63 105
63 172
63 114
63 180
63 117
63 73
63 123
63 191
64 112
64 102
64 79
64 171
64 108
64 93
64 176
64 145
64 178
64 179
64 85
64 125
64 189
65 72
65 138
65 139
65 144
65 82
65 149
65 151
65 88
65 156
65 185
65 171
65 174
65 111
65 176
65 184
65 121
65 122
66 192
66 160
66 96
66 106
66 75
66 154
66 105
66 90
66 187
66 170
66 158
66 95
67 96
67 131
67 68
67 198
67 135
67 137
67 75
67 76
67 143
67 89
67 92
67 95
67 160
67 167
67 168
67 105
67 106
67 114
67 117
67 73
67 123
67 191
68 193
68 96
68 75
68 137
68 90
68 95
68 160
68 168
68 105
68 106
68 135
68 114
68 117
68 73
68 191
69 161
69 99
69 134
69 136
69 146
69 115
69 116
69 181
69 119
69 190
70 180
70 89
70 152
70 92
70 172
70 126
71 196
71 199
71 107
71 140
71 173
71 132
71 157
71 94
72 195
72 196
72 142
72 144
72 82
72 149
72 185
72 88
72 100
72 174
72 157
72 121
73 131
73 135
73 137
73 77
73 143
73 159
73 167
73 168
73 76
73 114
73 117
73 123
73 191
74 129
74 162
74 195
74 133
74 130
74 175
74 80
74 84
74 182
74 91
75 192
75 198
75 96
75 154
75 92
75 90
75 158
75 95
75 160
75 105
75 106
75 114
75 117
75 187
75 170
75 191
76 131
76 167
76 137
76 135
76 172
76 143
76 117
76 89
76 123
76 191
77 131
77 166
77 167
77 186
77 123
77 188
77 159
78 197
78 136
78 141
78 150
78 87
78 155
78 93
78 159
78 98
78 166
78 168
78 113
78 181
78 118
78 186
78 188
79 171
79 125
79 109
79 111
79 112
79 145
79 178
79 179
79 85
79 184
79 153
79 122
79 189
80 130
80 132
80 133
80 81
80 83
80 86
80 91
80 94
80 162
80 164
80 104
80 173
80 147
80 182
81 130
81 132
81 133
81 183
81 83
81 86
81 94
81 162
81 164
81 104
81 169
81 173
81 110
81 147
81 182
82 100
82 142
82 174
82 144
82 121
82 149
82 151
82 88
82 185
82 156
83 130
83 132
83 133
83 183
83 147
83 86
83 94
83 162
83 164
83 104
83 169
83 173
83 110
83 182
84 129
84 130
84 100
84 133
84 142
84 175
84 195
84 182
84 91
85 163
85 102
85 108
85 146
85 93
85 125
85 112
85 145
85 178
85 179
85 118
85 153
85 155
85 189
86 194
86 104
86 183
86 162
86 110
86 147
86 169
86 127
87 136
87 141
87 150
87 155
87 93
87 159
87 98
87 166
87 113
87 116
87 181
87 118
87 186
87 188
88 100
88 142
88 174
88 144
88 149
88 185
89 96
89 131
89 198
89 135
89 137
89 172
89 143
89 180
89 117
89 105
89 92
89 126
89 191
90 192
90 193
90 199
90 160
90 158
90 95
90 164
90 170
90 107
90 187
90 106
91 129
91 130
91 195
91 132
91 133
91 142
91 196
91 94
91 100
91 182
91 185
92 198
92 135
92 137
92 143
92 152
92 154
92 96
92 165
92 105
92 106
92 172
92 180
92 191
92 126
93 193
93 197
93 141
93 145
93 98
93 155
93 102
93 108
93 112
93 113
93 179
93 181
93 118
93 124
93 189
94 130
94 132
94 133
94 140
94 196
94 164
94 173
94 182
95 192
95 96
95 154
95 158
95 160
95 168
95 105
95 170
95 107
95 114
95 117
95 187
95 106
95 191
96 198
96 135
96 137
96 143
96 152
96 154
96 160
96 105
96 106
96 172
96 114
96 180
96 117
96 187
96 191
97 192
97 128
97 164
97 103
97 104
97 110
97 147
97 183
97 154
98 193
98 197
98 136
98 141
98 150
98 155
98 159
98 166
98 168
98 188
98 113
98 181
98 118
98 186
98 124
99 161
99 163
99 101
99 134
99 177
99 146
99 115
99 116
99 181
99 119
99 190
100 196
100 142
100 157
100 144
100 195
100 149
100 185
101 134
101 146
101 153
101 161
101 163
101 112
101 177
101 178
101 115
101 116
101 181
101 119
101 125
101 190
102 199
102 140
102 171
102 108
102 112
102 145
102 179
102 124
102 189
103 192
103 128
103 183
103 110
103 154
104 194
104 164
104 169
104 162
104 173
104 147
104 110
104 183
104 127
105 198
105 135
105 137
105 143
105 154
105 160
105 106
105 191
105 114
105 180
105 117
105 187
106 192
106 198
106 135
106 137
106 154
106 160
106 114
106 117
106 187
106 191
107 193
107 197
107 199
107 140
107 158
107 164
107 170
107 108
107 124
108 193
108 197
108 199
108 141
108 155
108 112
108 113
108 179
108 118
108 124
108 189
109 138
109 111
109 176
109 184
109 151
109 122
109 156
110 192
110 128
110 164
110 173
110 147
110 183
110 169
111 138
111 139
111 149
111 151
111 156
111 171
111 174
111 176
111 184
111 121
111 122
112 179
112 146
112 153
112 155
112 161
112 163
112 145
112 189
112 177
112 178
112 115
112 116
112 181
112 118
112 119
112 125
113 193
113 197
113 199
113 141
113 150
113 155
113 168
113 118
113 124
113 189
114 131
114 198
114 135
114 137
114 143
114 160
114 167
114 168
114 117
114 123
114 191
115 134
115 146
115 153
115 161
115 163
115 177
115 116
115 181
115 118
115 119
115 190
116 134
116 136
116 146
116 150
116 153
116 161
116 163
116 177
116 155
116 181
116 118
116 119
116 190
117 131
117 198
117 135
117 137
117 143
117 160
117 167
117 168
117 123
117 191
118 136
118 141
118 146
118 150
118 161
118 163
118 177
118 178
118 155
118 181
118 119
118 189
119 134
119 146
119 153
119 161
119 163
119 145
119 177
119 178
119 181
119 125
119 190
120 138
120 139
120 174
121 196
121 144
121 149
121 151
121 156
121 157
121 171
121 174
121 176
121 184
121 185
121 122
122 138
122 139
122 149
122 151
122 156
122 171
122 174
122 176
122 184
123 131
123 167
123 137
123 168
123 188
123 159
124 193
124 199
124 141
124 155
124 189
124 158
124 197
125 161
125 163
125 145
125 146
125 177
125 178
125 153
126 180
126 165
126 198
126 152
126 148
126 172
127 194
127 147
127 183
127 169
127 162
128 192
128 165
128 183
128 148
128 154
129 162
129 133
129 130
129 175
129 195
129 182
130 132
130 133
130 162
130 195
130 173
130 182
131 167
131 137
131 135
131 172
131 143
131 191
132 162
132 164
132 133
132 173
132 182
133 162
133 195
133 173
133 182
134 161
134 146
134 190
135 198
135 137
135 143
135 167
135 172
135 180
135 191
136 150
136 155
136 159
136 166
136 181
136 186
136 188
137 198
137 143
137 167
137 168
137 172
137 191
138 139
138 174
138 151
138 184
138 156
139 174
139 151
139 184
139 156
140 196
140 199
140 157
141 193
141 199
141 168
141 155
141 189
141 197
142 196
142 144
142 195
142 185
143 198
143 167
143 172
143 180
143 191
144 196
144 149
144 151
144 156
144 157
144 185
144 174
144 176
145 146
145 153
145 161
145 163
145 177
145 178
145 179
145 189
146 161
146 153
146 163
146 177
146 178
146 181
146 190
147 194
147 183
147 162
147 169
148 165
148 152
148 154
149 196
149 151
149 156
149 157
149 171
149 174
149 176
149 185
150 155
150 159
150 166
150 181
150 186
150 188
151 156
151 171
151 174
151 176
151 184
152 165
152 198
152 180
152 154
153 161
153 163
153 177
153 178
154 192
154 160
154 165
154 198
154 187
155 197
155 193
155 166
155 181
155 186
155 188
156 171
156 174
156 176
156 184
157 171
157 196
157 176
157 185
158 192
158 193
158 197
158 199
158 160
158 164
158 170
158 187
159 166
159 168
159 186
159 188
160 192
160 198
160 170
160 187
160 191
161 163
161 177
161 178
161 181
161 190
162 194
162 173
162 182
162 169
162 175
163 177
163 178
163 181
164 192
164 170
164 173
164 183
165 180
166 181
166 186
166 188
167 191
168 193
168 197
168 188
168 191
169 194
169 183
170 192
170 199
170 173
170 187
171 176
171 179
171 184
171 189
172 180
172 198
172 191
173 182
173 183
174 185
174 176
175 195
175 182
176 179
176 184
177 178
177 181
177 190
178 189
178 179
179 189
180 198
180 191
181 186
181 190
182 195
185 195
185 196
186 188
187 192
189 197
191 198
193 197
193 199
197 199
