0 130
0 35
0 197
0 38
0 7
0 169
0 11
0 44
0 82
0 110
0 144
0 145
0 146
0 52
0 142
0 34
0 154
0 28
1 19
1 193
1 163
1 5
1 75
1 78
1 15
1 99
1 115
1 139
1 53
1 22
1 56
1 153
1 123
1 60
1 30
2 65
2 66
2 131
2 196
2 179
2 198
2 73
2 74
2 16
2 20
2 85
2 155
2 157
2 6
2 102
2 112
2 50
2 51
2 180
2 117
2 54
2 55
2 184
2 10
2 124
2 125
3 160
3 16
3 43
3 70
3 135
3 103
3 46
3 111
3 176
3 83
3 25
3 24
3 39
3 58
3 187
4 192
4 132
4 141
4 81
4 18
4 23
4 92
4 29
4 94
4 98
4 36
4 168
4 105
4 170
4 107
4 173
4 49
4 158
4 120
4 185
4 189
4 190
5 193
5 66
5 198
5 199
5 137
5 138
5 75
5 78
5 79
5 19
5 153
5 71
5 15
5 30
5 96
5 99
5 134
5 171
5 45
5 47
5 114
5 115
5 117
5 9
5 56
5 123
5 60
5 125
5 53
6 65
6 131
6 196
6 73
6 74
6 16
6 20
6 21
6 68
6 157
6 95
6 160
6 101
6 102
6 103
6 43
6 108
6 109
6 46
6 50
6 179
6 55
6 184
6 58
6 187
6 124
6 39
7 130
7 133
7 11
7 140
7 34
7 14
7 144
7 145
7 82
7 152
7 90
7 162
7 38
7 44
7 110
7 175
7 116
7 182
7 52
7 59
7 126
8 66
8 198
8 199
8 72
8 137
8 10
8 45
8 77
8 78
8 79
8 17
8 147
8 26
8 156
8 30
8 159
8 161
8 104
8 41
8 171
8 178
8 47
8 48
8 114
8 117
8 54
8 9
8 122
8 123
8 125
8 191
9 19
9 193
9 66
9 198
9 199
9 137
9 10
9 45
9 78
9 79
9 17
9 147
9 85
9 15
9 156
9 30
9 96
9 161
9 99
9 41
9 171
9 178
9 47
9 114
9 115
9 117
9 54
9 56
9 122
9 123
9 125
9 53
10 66
10 131
10 198
10 199
10 137
10 45
10 77
10 79
10 17
10 147
10 85
10 156
10 50
10 41
10 171
10 178
10 47
10 112
10 114
10 180
10 117
10 54
10 55
10 122
10 123
10 125
11 130
11 133
11 135
11 140
11 34
11 142
11 144
11 145
11 82
11 14
11 151
11 152
11 154
11 91
11 28
11 90
11 69
11 162
11 35
11 38
11 44
11 146
11 110
11 175
11 52
11 59
12 128
12 99
12 40
12 139
12 78
12 48
12 177
12 149
12 22
12 104
12 26
12 93
12 30
12 191
13 64
13 27
13 165
13 166
13 188
13 106
13 29
13 141
13 143
13 84
13 183
13 88
13 186
13 31
13 92
13 42
13 37
14 162
14 133
14 38
14 140
14 44
14 130
14 175
14 116
14 182
14 152
14 59
14 126
15 19
15 193
15 163
15 134
15 167
15 75
15 78
15 79
15 99
15 115
15 53
15 56
15 153
15 123
15 60
15 30
16 65
16 131
16 196
16 70
16 73
16 74
16 20
16 151
16 24
16 68
16 157
16 95
16 160
16 101
16 102
16 103
16 43
16 109
16 46
16 50
16 179
16 184
16 58
16 187
16 124
16 39
17 171
17 197
17 97
17 72
17 137
17 77
17 79
17 147
17 156
17 159
17 161
17 178
17 169
17 199
17 45
17 47
17 114
17 117
17 54
17 41
17 122
17 125
18 192
18 67
18 132
18 138
18 23
18 81
18 87
18 89
18 94
18 33
18 98
18 36
18 49
18 168
18 105
18 170
18 107
18 173
18 113
18 158
18 120
18 185
18 189
18 190
18 63
19 193
19 194
19 67
19 134
19 129
19 138
19 75
19 66
19 79
19 153
19 89
19 96
19 163
19 167
19 71
19 115
19 53
19 56
19 123
19 60
19 63
20 65
20 68
20 179
20 74
20 84
20 21
20 88
20 157
20 37
20 160
20 101
20 102
20 109
20 112
20 51
20 180
20 55
20 184
20 57
20 124
20 166
21 195
21 68
21 101
21 102
21 108
21 109
21 174
21 80
21 84
21 181
21 150
21 119
21 88
21 57
21 58
21 31
21 62
21 127
22 128
22 193
22 163
22 40
22 139
22 78
22 48
22 177
22 115
22 99
22 56
22 93
22 30
23 192
23 64
23 67
23 132
23 141
23 81
23 87
23 89
23 92
23 29
23 94
23 33
23 98
23 36
23 49
23 168
23 105
23 170
23 107
23 173
23 113
23 158
23 118
23 120
23 185
23 186
23 189
23 190
24 130
24 196
24 69
24 70
24 135
24 73
24 142
24 82
24 83
24 148
24 46
24 151
24 39
24 90
24 91
24 28
24 154
24 95
24 160
24 34
24 103
24 43
24 110
24 111
24 157
24 179
24 52
24 187
25 176
25 43
25 195
25 121
25 58
25 187
25 108
26 136
26 76
26 78
26 86
26 100
26 156
26 93
26 30
26 159
26 161
26 99
26 164
26 104
26 41
26 171
26 45
26 47
26 48
26 72
26 40
26 122
26 61
26 191
27 64
27 165
27 166
27 188
27 106
27 143
27 84
27 118
27 183
27 88
27 57
27 186
27 31
27 92
27 42
27 37
28 131
28 196
28 197
28 73
28 77
28 142
28 144
28 145
28 82
28 110
28 151
28 154
28 95
28 34
28 35
28 38
28 169
28 146
28 46
28 50
28 52
29 192
29 64
29 132
29 141
29 81
29 92
29 94
29 98
29 168
29 105
29 106
29 107
29 173
29 189
29 158
29 183
29 120
29 186
29 188
29 42
30 193
30 199
30 72
30 139
30 78
30 79
30 156
30 93
30 159
30 161
30 99
30 104
30 41
30 171
30 45
30 47
30 48
30 40
30 115
30 53
30 56
30 122
30 123
30 191
31 106
31 119
31 174
31 80
31 84
31 181
31 183
31 88
31 188
31 42
31 127
32 80
32 195
32 181
32 150
32 121
32 62
32 127
33 64
33 129
33 194
33 67
33 49
33 134
33 71
33 138
33 143
33 87
33 89
33 155
33 92
33 94
33 96
33 36
33 165
33 167
33 105
33 172
33 173
33 113
33 158
33 118
33 120
33 185
33 189
33 63
34 130
34 197
34 70
34 135
34 111
34 142
34 144
34 145
34 82
34 83
34 151
34 152
34 154
34 91
34 90
34 69
34 95
34 133
34 162
34 35
34 38
34 39
34 169
34 44
34 146
34 110
34 175
34 52
34 59
35 97
35 197
35 38
35 169
35 82
35 110
35 144
35 145
35 146
35 52
36 67
36 49
36 134
36 167
36 105
36 138
36 173
36 113
36 89
36 185
36 170
36 190
36 63
37 64
37 129
37 68
37 42
37 143
37 84
37 87
37 88
37 155
37 92
37 165
37 166
37 188
37 106
37 172
37 51
37 118
37 183
37 57
37 186
37 124
37 102
38 97
38 162
38 44
38 140
38 146
38 110
38 144
38 145
38 82
38 52
39 196
39 135
39 73
39 142
39 83
39 151
39 154
39 157
39 95
39 160
39 131
39 70
39 103
39 43
39 46
39 111
39 179
39 184
39 187
40 128
40 136
40 76
40 139
40 78
40 149
40 93
40 159
40 161
40 99
40 100
40 104
40 41
40 48
40 177
40 72
40 122
40 191
41 199
41 72
41 137
41 45
41 78
41 79
41 147
41 156
41 93
41 159
41 161
41 99
41 104
41 171
41 178
41 47
41 48
41 114
41 115
41 56
41 122
41 123
41 125
41 191
42 64
42 132
42 165
42 166
42 168
42 92
42 106
42 141
42 143
42 88
42 84
42 118
42 183
42 120
42 186
42 188
43 160
43 195
43 101
43 70
43 103
43 108
43 109
43 46
43 176
43 184
43 58
43 187
44 130
44 133
44 140
44 144
44 145
44 82
44 152
44 90
44 91
44 69
44 162
44 110
44 175
44 116
44 182
44 52
44 59
44 126
45 193
45 199
45 72
45 137
45 78
45 79
45 147
45 156
45 159
45 161
45 99
45 104
45 171
45 178
45 53
45 47
45 48
45 114
45 115
45 117
45 56
45 122
45 123
45 125
45 191
46 196
46 197
46 70
46 135
46 73
46 142
46 83
46 151
46 154
46 157
46 95
46 160
46 131
46 103
46 169
46 111
46 50
46 179
46 184
46 187
47 199
47 72
47 137
47 78
47 79
47 147
47 156
47 159
47 161
47 99
47 104
47 171
47 178
47 48
47 114
47 115
47 117
47 56
47 122
47 123
47 125
47 191
48 139
48 78
48 72
48 156
48 93
48 159
48 161
48 99
48 104
48 171
48 177
48 115
48 56
48 122
48 191
49 192
49 67
49 132
49 138
49 81
49 87
49 89
49 94
49 98
49 167
49 168
49 105
49 170
49 107
49 173
49 113
49 158
49 120
49 185
49 189
49 190
49 63
50 65
50 66
50 131
50 196
50 197
50 198
50 73
50 74
50 77
50 146
50 147
50 85
50 151
50 51
50 157
50 95
50 102
50 169
50 112
50 179
50 180
50 117
50 54
50 55
50 184
50 124
50 125
51 129
51 194
51 54
51 198
51 71
51 74
51 66
51 79
51 85
51 87
51 143
51 96
51 155
51 165
51 166
51 172
51 112
51 180
51 117
51 118
51 55
51 57
51 124
51 125
51 65
52 130
52 197
52 135
52 142
52 144
52 145
52 82
52 151
52 152
52 154
52 95
52 133
52 162
52 169
52 146
52 110
52 175
52 59
53 193
53 66
53 171
53 198
53 138
53 75
53 78
53 79
53 99
53 153
53 71
53 96
53 163
53 134
53 199
53 115
53 56
53 123
53 60
53 125
54 66
54 131
54 196
54 197
54 198
54 199
54 137
54 74
54 55
54 77
54 79
54 147
54 85
54 156
54 157
54 169
54 171
54 178
54 112
54 114
54 179
54 180
54 117
54 73
54 125
55 129
55 194
55 131
55 196
55 198
55 71
55 74
55 66
55 85
55 155
55 157
55 96
55 102
55 172
55 112
55 179
55 180
55 117
55 184
55 57
55 124
55 125
55 65
56 193
56 171
56 139
56 78
56 153
56 79
56 163
56 199
56 99
56 115
56 123
56 60
57 64
57 65
57 68
57 143
57 84
57 88
57 165
57 166
57 124
57 106
57 172
57 109
57 118
57 183
57 186
57 188
57 102
58 160
58 195
58 68
58 101
58 103
58 108
58 109
58 174
58 150
58 119
58 184
58 187
59 162
59 133
59 140
59 130
59 110
59 175
59 145
59 82
59 116
59 182
59 152
59 90
59 91
59 126
59 69
60 193
60 163
60 134
60 138
60 75
60 115
60 153
60 123
60 167
60 63
61 104
61 164
61 86
61 97
61 136
61 100
61 191
61 76
61 72
61 159
62 80
62 195
62 181
62 150
62 119
62 121
62 108
62 174
62 127
63 67
63 134
63 167
63 138
63 75
63 89
63 153
63 185
63 190
64 192
64 129
64 132
64 141
64 143
64 87
64 92
64 94
64 165
64 166
64 168
64 105
64 106
64 172
64 173
64 113
64 158
64 118
64 183
64 120
64 186
64 188
64 189
65 131
65 196
65 73
65 74
65 85
65 68
65 157
65 160
65 101
65 102
65 109
65 112
65 179
65 180
65 184
65 124
66 129
66 194
66 198
66 199
66 137
66 74
66 79
66 147
66 85
66 71
66 155
66 96
66 171
66 112
66 114
66 180
66 117
66 123
66 125
67 129
67 194
67 134
67 71
67 138
67 87
67 89
67 155
67 94
67 96
67 167
67 105
67 172
67 173
67 113
67 118
67 120
67 185
68 160
68 166
68 102
68 108
68 109
68 174
68 184
68 84
68 119
68 88
68 124
68 101
69 130
69 133
69 70
69 135
69 175
69 142
69 111
69 176
69 82
69 83
69 148
69 152
69 154
69 91
69 90
70 130
70 135
70 142
70 83
70 148
70 151
70 90
70 154
70 95
70 160
70 103
70 111
70 176
70 157
70 179
70 187
71 129
71 194
71 198
71 138
71 79
71 85
71 87
71 89
71 155
71 96
71 134
71 172
71 112
71 113
71 118
71 125
72 199
72 136
72 137
72 76
72 78
72 147
72 86
72 100
72 156
72 159
72 161
72 164
72 97
72 104
72 171
72 178
72 114
72 122
72 191
73 131
73 196
73 197
73 74
73 77
73 142
73 146
73 147
73 85
73 151
73 154
73 157
73 95
73 169
73 110
73 112
73 179
73 180
73 184
73 124
74 131
74 196
74 198
74 77
74 85
74 155
74 157
74 95
74 160
74 102
74 112
74 179
74 180
74 117
74 184
74 124
75 193
75 163
75 134
75 138
75 167
75 115
75 153
76 164
76 104
76 149
76 86
76 100
76 136
76 159
76 191
77 131
77 196
77 197
77 137
77 142
77 146
77 147
77 85
77 156
77 157
77 95
77 169
77 114
77 112
77 178
77 179
77 180
77 117
77 125
78 193
78 137
78 139
78 79
78 156
78 93
78 199
78 159
78 161
78 99
78 104
78 171
78 114
78 115
78 122
78 123
78 191
79 193
79 198
79 199
79 137
79 147
79 85
79 155
79 156
79 96
79 171
79 178
79 114
79 115
79 180
79 117
79 122
79 123
79 125
80 195
80 108
80 174
80 181
80 150
80 119
80 121
80 127
81 192
81 98
81 132
81 168
81 105
81 170
81 107
81 94
81 141
81 173
81 190
81 120
81 92
81 189
81 158
82 130
82 197
82 135
82 111
82 142
82 144
82 145
82 146
82 83
82 151
82 152
82 154
82 91
82 90
82 95
82 133
82 162
82 169
82 110
82 175
83 130
83 133
83 135
83 111
83 142
83 148
83 151
83 154
83 91
83 90
83 95
83 103
83 110
83 175
83 176
83 187
84 183
84 143
84 88
84 165
84 166
84 106
84 109
84 174
84 102
84 118
84 119
84 186
84 188
85 194
85 131
85 196
85 198
85 199
85 137
85 147
85 155
85 96
85 114
85 112
85 180
85 117
85 124
85 125
86 161
86 164
86 97
86 136
86 104
86 100
86 122
86 159
86 191
87 129
87 194
87 132
87 138
87 143
87 89
87 155
87 92
87 94
87 96
87 165
87 166
87 105
87 172
87 173
87 113
87 158
87 118
87 120
87 185
87 186
87 189
88 165
88 166
88 106
88 119
88 109
88 174
88 143
88 183
88 186
88 188
88 127
89 129
89 194
89 134
89 138
89 94
89 96
89 167
89 105
89 173
89 113
89 120
89 185
89 190
90 162
90 133
90 135
90 130
90 111
90 148
90 152
90 175
90 154
90 91
91 162
91 133
91 135
91 130
91 111
91 152
91 148
91 154
91 175
92 192
92 132
92 141
92 143
92 158
92 98
92 165
92 166
92 168
92 105
92 106
92 107
92 173
92 113
92 94
92 118
92 183
92 120
92 185
92 186
92 188
92 189
93 128
93 161
93 99
93 104
93 139
93 177
93 149
93 159
93 191
94 192
94 132
94 141
94 143
94 158
94 98
94 165
94 168
94 105
94 170
94 107
94 173
94 113
94 118
94 120
94 185
94 186
94 189
94 190
95 131
95 196
95 197
95 135
95 142
95 146
95 151
95 154
95 157
95 160
95 103
95 169
95 110
95 179
95 184
96 129
96 194
96 198
96 138
96 155
96 134
96 172
96 113
96 123
96 125
97 164
98 192
98 132
98 168
98 105
98 170
98 107
98 141
98 173
98 190
98 120
98 185
98 189
98 158
99 193
99 139
99 199
99 159
99 161
99 104
99 171
99 115
99 122
99 123
99 191
100 161
100 164
100 136
100 149
100 104
100 159
100 191
101 160
101 195
101 102
101 103
101 108
101 109
101 174
101 150
101 119
101 184
101 187
101 124
102 196
102 157
102 160
102 109
102 112
102 179
102 180
102 184
102 124
103 196
103 135
103 151
103 154
103 157
103 160
103 111
103 176
103 179
103 184
103 187
104 156
104 159
104 161
104 164
104 136
104 122
104 191
105 192
105 129
105 132
105 141
105 143
105 158
105 165
105 168
105 107
105 172
105 173
105 113
105 118
105 120
105 185
105 186
105 189
106 132
106 165
106 166
106 143
106 118
106 183
106 186
106 188
107 192
107 132
107 168
107 170
107 141
107 173
107 190
107 120
107 185
107 189
107 158
108 160
108 195
108 109
108 174
108 150
108 119
108 121
108 187
108 127
109 195
109 150
109 160
109 174
109 119
109 184
109 124
109 127
110 130
110 197
110 135
110 142
110 144
110 145
110 146
110 151
110 152
110 154
110 133
110 169
110 175
111 130
111 133
111 135
111 142
111 148
111 151
111 154
111 175
111 176
111 187
112 131
112 196
112 179
112 198
112 155
112 157
112 172
112 180
112 117
112 184
112 124
112 125
113 129
113 194
113 132
113 134
113 138
113 143
113 155
113 158
113 165
113 172
113 173
113 118
113 120
113 185
113 186
113 189
114 198
114 199
114 137
114 147
114 156
114 161
114 171
114 178
114 180
114 117
114 122
114 123
114 125
115 193
115 139
115 153
115 163
115 171
115 123
116 162
116 133
116 140
116 130
116 175
116 182
116 152
116 126
117 131
117 198
117 199
117 137
117 147
117 155
117 156
117 171
117 178
117 180
117 122
117 123
117 125
118 129
118 194
118 132
118 143
118 155
118 165
118 166
118 172
118 120
118 186
118 188
118 189
119 195
119 174
119 181
119 150
119 121
119 127
120 192
120 132
120 141
120 143
120 158
120 165
120 168
120 170
120 173
120 189
120 185
120 186
120 190
121 195
121 181
121 150
121 174
121 127
122 199
122 137
122 147
122 156
122 159
122 161
122 171
122 178
122 123
122 125
122 191
123 193
123 198
123 137
123 153
123 156
123 199
123 171
123 125
124 131
124 196
124 179
124 155
124 157
124 160
124 180
124 184
125 198
125 199
125 137
125 147
125 155
125 156
125 178
125 171
125 180
126 162
126 182
126 152
126 140
127 181
127 195
127 174
127 150
128 177
128 149
128 139
129 194
129 134
129 138
129 143
129 155
129 165
129 166
129 172
129 185
130 133
130 135
130 142
130 144
130 145
130 148
130 151
130 152
130 154
130 162
130 175
131 196
131 197
131 142
131 146
131 147
131 151
131 157
131 169
131 179
131 180
131 184
132 192
132 141
132 143
132 158
132 168
132 170
132 173
132 189
132 185
132 186
132 188
133 135
133 140
133 142
133 145
133 148
133 152
133 154
133 162
133 175
134 194
134 193
134 138
134 167
134 185
134 153
135 142
135 148
135 151
135 152
135 154
135 175
135 176
135 187
136 161
136 164
136 159
136 191
137 198
137 199
137 147
137 156
137 161
137 171
137 178
137 180
138 194
138 153
138 167
138 185
139 177
140 162
140 175
140 182
140 152
141 192
141 168
141 189
141 173
141 186
141 188
141 158
142 196
142 197
142 144
142 145
142 146
142 151
142 154
142 157
142 169
142 179
143 194
143 155
143 165
143 166
143 172
143 183
143 186
143 188
144 197
144 169
144 145
144 146
144 151
144 154
145 151
145 152
145 154
145 197
145 162
145 169
145 146
146 196
146 197
146 147
146 151
146 154
146 169
147 197
147 198
147 199
147 156
147 161
147 178
147 169
147 171
147 180
148 175
148 176
148 152
148 154
149 177
150 195
150 174
150 181
151 196
151 197
151 154
151 157
151 160
151 169
151 179
152 154
152 162
152 175
152 182
153 193
153 163
153 167
154 197
154 169
154 175
154 179
155 194
155 198
155 165
155 166
155 172
155 180
156 199
156 159
156 161
156 171
156 178
156 191
157 196
157 197
157 160
157 169
157 179
157 180
157 184
158 192
158 168
158 170
158 173
158 185
158 186
158 189
158 190
159 199
159 161
159 164
159 171
159 178
159 191
160 196
160 179
160 184
160 187
161 199
161 171
161 178
161 191
162 175
162 182
163 193
165 194
165 166
165 172
165 183
165 186
165 188
166 172
166 183
166 186
166 188
167 185
168 192
168 170
168 173
168 185
168 186
168 188
168 189
169 196
169 197
169 179
170 192
170 173
170 190
170 189
171 193
171 198
171 199
171 178
171 191
172 194
172 186
173 192
173 185
173 186
173 189
173 190
174 195
174 181
176 187
178 199
179 196
179 197
179 180
179 184
180 196
180 198
180 184
181 195
183 186
183 188
184 196
185 192
185 194
185 189
185 190
186 188
186 189
189 192
189 190
190 192
194 198
196 197
198 199
