0 192
0 130
0 3
0 69
0 138
0 2
0 15
0 20
0 23
0 90
0 28
0 159
0 32
0 98
0 36
0 167
0 105
0 106
0 175
0 112
0 184
0 185
0 124
1 4
1 199
1 8
1 12
1 11
1 76
1 158
1 144
1 147
1 121
1 151
1 154
1 111
1 29
1 94
1 34
1 99
1 166
1 172
1 173
1 47
1 91
1 117
1 55
1 57
1 58
2 192
2 130
2 3
2 68
2 69
2 136
2 138
2 78
2 15
2 20
2 21
2 23
2 90
2 28
2 95
2 98
2 105
2 106
2 112
2 115
2 184
2 185
2 123
3 129
3 68
3 69
3 198
3 138
3 78
3 15
3 16
3 145
3 20
3 88
3 90
3 5
3 123
3 6
3 103
3 105
3 106
3 107
3 112
3 114
3 182
3 184
3 185
3 59
3 10
3 191
4 34
4 68
4 6
4 166
4 136
4 10
4 29
4 111
4 112
4 8
4 147
4 21
4 151
4 57
4 154
4 58
4 94
4 95
5 129
5 68
5 197
5 198
5 138
5 78
5 15
5 16
5 145
5 20
5 88
5 196
5 182
5 123
5 6
5 103
5 105
5 107
5 114
5 54
5 120
5 185
5 59
5 10
5 191
6 68
6 70
6 136
6 10
6 139
6 8
6 78
6 15
6 145
6 19
6 20
6 21
6 88
6 196
6 155
6 94
6 95
6 123
6 168
6 111
6 112
6 27
6 114
6 182
6 120
6 185
6 58
6 59
7 64
7 189
7 23
7 31
7 175
7 61
7 159
8 195
8 132
8 136
8 10
8 139
8 19
8 21
8 25
8 27
8 94
8 155
8 166
8 168
8 169
8 172
8 45
8 111
8 121
8 58
9 72
9 137
9 119
9 77
9 13
9 80
9 150
9 26
9 93
9 30
9 162
9 163
9 164
9 40
9 108
9 109
9 157
9 179
9 116
9 73
9 122
9 63
10 68
10 136
10 78
10 145
10 19
10 20
10 21
10 88
10 196
10 155
10 94
10 95
10 27
10 166
10 168
10 111
10 112
10 114
10 123
10 182
10 185
10 58
10 59
11 132
11 199
11 12
11 76
11 144
11 147
11 89
11 154
11 91
11 29
11 158
11 34
11 99
11 166
11 41
11 71
11 172
11 173
11 110
11 117
11 55
11 121
11 62
12 34
12 99
12 199
12 151
12 76
12 47
12 147
12 117
12 55
12 57
12 154
12 91
12 29
12 158
13 150
13 72
13 137
13 183
13 77
13 143
13 80
13 35
13 73
13 87
13 26
13 93
13 30
13 162
13 163
13 164
13 40
13 108
13 109
13 157
13 48
13 179
13 116
13 119
13 56
13 122
14 128
14 33
14 131
14 165
14 198
14 103
14 42
14 39
14 16
14 81
14 146
14 51
14 84
14 24
14 187
14 92
14 134
15 129
15 68
15 69
15 198
15 138
15 78
15 16
15 145
15 20
15 88
15 90
15 123
15 103
15 105
15 107
15 112
15 114
15 182
15 185
15 59
15 191
16 128
16 129
16 197
16 198
16 138
16 78
16 145
16 146
16 88
16 90
16 127
16 187
16 103
16 105
16 107
16 114
16 185
16 59
16 191
17 66
17 196
17 197
17 70
17 73
17 139
17 141
17 82
17 83
17 85
17 22
17 26
17 155
17 133
17 160
17 49
17 168
17 176
17 177
17 178
17 181
17 54
17 120
17 188
18 160
18 193
18 133
18 135
18 44
18 142
18 174
18 176
18 177
18 83
18 181
18 86
18 153
18 143
19 66
19 195
19 196
19 70
19 139
19 141
19 82
19 188
19 85
19 22
19 25
19 155
19 94
19 27
19 166
19 168
19 169
19 45
19 111
19 49
19 114
19 182
19 120
19 60
20 68
20 69
20 136
20 138
20 78
20 145
20 21
20 88
20 90
20 95
20 98
20 123
20 105
20 106
20 107
20 112
20 114
20 182
20 184
20 185
20 59
21 34
21 68
21 136
21 106
21 111
21 112
21 151
21 57
21 58
21 123
21 94
21 95
22 66
22 195
22 139
22 45
22 75
22 188
22 148
22 85
22 87
22 152
22 25
22 155
22 96
22 35
22 100
22 37
22 168
22 169
22 109
22 48
22 49
22 82
22 27
22 183
22 56
22 60
22 125
22 190
23 192
23 64
23 98
23 102
23 31
23 106
23 61
23 130
23 175
23 115
23 52
23 149
23 184
23 79
23 28
23 189
23 159
24 160
24 129
24 67
24 97
24 197
24 51
24 135
24 103
24 146
24 176
24 177
24 178
24 83
24 180
24 181
24 54
24 33
24 187
24 92
24 191
25 66
25 195
25 132
25 139
25 140
25 75
25 148
25 27
25 94
25 155
25 82
25 166
25 168
25 169
25 172
25 45
25 111
25 49
25 60
26 66
26 133
26 72
26 137
26 183
26 77
26 143
26 82
26 85
26 87
26 93
26 30
26 164
26 40
26 108
26 109
26 157
26 179
26 116
26 73
26 122
26 188
27 66
27 195
27 132
27 70
27 139
27 196
27 155
27 94
27 166
27 168
27 169
27 45
27 111
27 49
27 182
27 120
27 58
27 60
28 192
28 79
28 130
28 102
28 106
28 61
28 98
28 175
28 112
28 115
28 52
28 149
28 184
28 95
28 189
28 159
29 34
29 99
29 199
29 47
29 57
29 55
29 76
29 111
29 147
29 117
29 151
29 121
29 154
29 91
29 158
30 72
30 137
30 119
30 77
30 143
30 80
30 150
30 87
30 93
30 162
30 163
30 164
30 40
30 108
30 109
30 157
30 179
30 116
30 73
30 122
30 63
31 64
31 175
31 61
31 189
32 130
32 36
32 69
32 167
32 184
32 138
32 175
32 124
32 90
32 159
33 160
33 129
33 67
33 97
33 197
33 51
33 135
33 103
33 146
33 178
33 83
33 180
33 181
33 54
33 187
33 92
33 191
34 199
34 136
34 76
34 147
34 121
34 151
34 154
34 111
34 158
34 99
34 47
34 91
34 117
34 55
34 57
34 58
34 94
35 194
35 195
35 119
35 66
35 43
35 82
35 148
35 87
35 152
35 100
35 75
35 96
35 164
35 37
35 104
35 171
35 109
35 48
35 50
35 118
35 183
35 56
35 60
35 125
35 190
36 130
36 69
36 167
36 184
36 175
36 124
36 159
37 194
37 195
37 75
37 66
37 43
37 148
37 87
37 152
37 96
37 161
37 100
37 104
37 171
37 109
37 48
37 50
37 118
37 183
37 56
37 60
37 125
37 190
38 81
38 131
38 84
38 165
38 134
38 39
38 42
38 92
39 128
39 131
39 165
39 134
39 42
39 81
39 146
39 84
39 187
39 92
40 162
40 163
40 72
40 137
40 108
40 77
40 142
40 157
40 179
40 116
40 73
40 122
40 143
40 93
40 63
41 65
41 194
41 132
41 71
41 75
41 140
41 144
41 156
41 158
41 96
41 161
41 101
41 104
41 170
41 171
41 172
41 173
41 110
41 62
41 121
41 126
41 53
42 128
42 131
42 165
42 134
42 81
42 146
42 84
42 187
42 92
43 65
43 194
43 195
43 75
43 140
43 148
43 152
43 156
43 96
43 161
43 100
43 101
43 104
43 171
43 48
43 50
43 126
43 118
43 183
43 56
43 125
43 190
43 53
44 193
44 180
44 181
44 86
44 177
44 153
44 142
44 135
44 174
44 143
45 66
45 195
45 132
45 139
45 140
45 75
45 148
45 155
45 94
45 96
45 100
45 166
45 168
45 169
45 172
45 82
45 111
45 49
45 60
45 125
46 144
46 74
46 71
46 89
46 170
46 173
46 110
47 99
47 199
47 151
47 76
47 147
47 117
47 55
47 57
47 154
47 91
47 158
48 194
48 195
48 119
48 66
48 82
48 148
48 87
48 152
48 100
48 75
48 96
48 164
48 104
48 171
48 109
48 50
48 118
48 183
48 56
48 60
48 125
48 190
49 66
49 195
49 133
49 70
49 139
49 141
49 82
49 85
49 87
49 155
49 188
49 168
49 169
49 109
49 183
49 120
49 60
50 96
50 194
50 195
50 100
50 104
50 171
50 56
50 75
50 148
50 118
50 183
50 152
50 87
50 125
50 190
51 160
51 129
51 67
51 97
51 197
51 135
51 103
51 146
51 176
51 178
51 83
51 180
51 181
51 54
51 187
51 92
51 191
52 192
52 98
52 102
52 106
52 130
52 79
52 189
52 115
52 149
52 61
52 95
53 65
53 194
53 195
53 132
53 75
53 140
53 144
53 148
53 156
53 96
53 161
53 101
53 104
53 170
53 171
53 172
53 126
53 118
53 121
53 125
53 62
54 129
54 196
54 133
54 70
54 135
54 141
54 145
54 83
54 85
54 88
54 197
54 160
54 103
54 114
54 176
54 177
54 178
54 181
54 120
54 59
54 188
54 191
55 99
55 199
55 76
55 173
55 110
55 144
55 147
55 117
55 89
55 151
55 121
55 154
55 91
55 158
56 66
56 195
56 183
56 82
56 148
56 87
56 152
56 100
56 75
56 96
56 164
56 104
56 171
56 109
56 179
56 118
56 119
56 60
56 125
56 190
57 99
57 147
57 102
57 136
57 76
57 79
57 115
57 151
57 154
57 58
57 95
58 68
58 166
58 136
58 111
58 112
58 151
58 123
58 94
58 95
59 129
59 196
59 197
59 70
59 78
59 145
59 83
59 88
59 155
59 160
59 103
59 105
59 107
59 178
59 114
59 182
59 120
59 185
59 123
59 191
60 66
60 195
60 132
60 139
60 75
60 148
60 85
60 87
60 152
60 100
60 155
60 96
60 82
60 168
60 169
60 171
60 109
60 104
60 183
60 188
60 125
60 190
61 192
61 64
61 130
61 102
61 98
61 79
61 115
61 149
61 175
61 189
61 159
62 161
62 132
62 101
62 65
62 71
62 172
62 170
62 140
62 173
62 110
62 144
62 158
62 89
62 121
62 156
62 126
63 162
63 163
63 72
63 73
63 108
63 77
63 143
63 116
63 137
63 122
63 157
64 149
64 189
64 175
65 96
65 161
65 194
65 75
65 132
65 101
65 104
65 172
65 170
65 171
65 140
65 144
65 118
65 156
65 126
66 195
66 133
66 70
66 75
66 141
66 82
66 139
66 85
66 87
66 155
66 93
66 100
66 168
66 169
66 109
66 179
66 183
66 148
66 188
66 125
67 97
67 180
67 165
67 135
67 92
68 136
68 78
68 145
68 88
68 95
68 106
68 111
68 112
68 114
68 182
68 185
68 123
69 130
69 167
69 105
69 138
69 107
69 98
69 184
69 185
69 90
69 159
69 124
69 106
69 127
70 129
70 196
70 197
70 139
70 141
70 145
70 82
70 83
70 85
70 88
70 155
70 133
70 160
70 168
70 114
70 176
70 177
70 178
70 181
70 182
70 120
70 188
71 144
71 74
71 158
71 89
71 170
71 173
71 110
72 150
72 119
72 77
72 143
72 73
72 87
72 93
72 162
72 163
72 164
72 108
72 109
72 157
72 179
72 116
72 137
72 122
72 183
73 133
73 77
73 142
73 143
73 82
73 85
73 87
73 93
73 164
73 108
73 109
73 157
73 179
73 116
73 137
73 122
73 188
74 144
74 89
74 170
74 173
74 110
75 194
75 195
75 132
75 140
75 82
75 148
75 152
75 156
75 96
75 161
75 100
75 101
75 104
75 169
75 171
75 172
75 190
75 118
75 183
75 125
75 126
76 99
76 199
76 173
76 110
76 144
76 147
76 117
76 151
76 121
76 154
76 91
76 158
77 119
77 143
77 80
77 150
77 93
77 162
77 163
77 164
77 108
77 109
77 157
77 179
77 116
77 137
77 122
78 129
78 196
78 197
78 138
78 145
78 88
78 90
78 103
78 105
78 107
78 112
78 114
78 182
78 185
78 123
78 191
79 192
79 98
79 102
79 106
79 115
79 149
79 189
79 95
80 162
80 163
80 164
80 150
80 119
80 116
80 122
81 128
81 131
81 165
81 134
81 113
81 146
81 84
81 187
81 92
82 195
82 133
82 139
82 141
82 148
82 85
82 87
82 155
82 93
82 100
82 168
82 169
82 109
82 179
82 183
82 188
82 125
83 129
83 196
83 133
83 135
83 141
83 145
83 85
83 197
83 160
83 103
83 176
83 177
83 178
83 181
83 120
83 88
83 188
83 191
84 128
84 131
84 165
84 134
84 146
84 187
84 92
85 196
85 133
85 139
85 141
85 87
85 155
85 93
85 177
85 168
85 188
85 109
85 176
85 120
86 193
86 180
86 142
86 177
86 153
86 135
86 174
87 195
87 148
87 152
87 100
87 93
87 164
87 109
87 179
87 116
87 183
87 125
87 190
88 129
88 196
88 197
88 145
88 155
88 160
88 103
88 105
88 107
88 114
88 182
88 120
88 185
88 123
88 191
89 158
89 199
89 170
89 173
89 110
89 144
89 91
90 130
90 198
90 167
90 105
90 138
90 107
90 159
90 184
90 185
90 123
90 124
90 127
91 99
91 199
91 173
91 110
91 144
91 147
91 117
91 121
91 154
91 158
92 128
92 131
92 165
92 134
92 146
92 187
93 183
93 143
93 157
93 162
93 164
93 108
93 109
93 179
93 116
93 137
93 122
93 188
94 132
94 166
94 136
94 169
94 172
94 111
94 168
94 121
94 155
95 192
95 98
95 102
95 136
95 106
95 112
95 115
95 151
95 123
96 194
96 195
96 132
96 140
96 148
96 152
96 156
96 161
96 100
96 101
96 104
96 169
96 171
96 190
96 118
96 183
96 125
96 126
97 193
97 180
97 135
98 192
98 130
98 102
98 106
98 175
98 112
98 115
98 184
98 189
98 159
99 199
99 147
99 117
99 151
99 154
99 158
100 194
100 195
100 140
100 148
100 152
100 161
100 104
100 169
100 171
100 109
100 118
100 183
100 125
100 190
101 194
101 195
101 132
101 140
101 126
101 144
101 148
101 156
101 161
101 104
101 170
101 171
101 172
101 118
101 125
102 192
102 106
102 115
102 149
102 189
103 129
103 196
103 197
103 198
103 145
103 146
103 160
103 105
103 107
103 114
103 178
103 185
103 187
103 191
104 194
104 195
104 132
104 183
104 140
104 148
104 152
104 156
104 161
104 169
104 171
104 172
104 190
104 118
104 125
104 126
105 129
105 198
105 138
105 145
105 127
105 123
105 167
105 107
105 114
105 185
105 124
105 191
106 192
106 130
106 136
106 159
106 112
106 115
106 184
106 185
106 123
107 129
107 196
107 197
107 198
107 138
107 145
107 146
107 127
107 114
107 182
107 185
107 123
107 191
108 162
108 163
108 164
108 137
108 109
108 142
108 143
108 179
108 116
108 122
108 157
109 143
109 152
109 157
109 164
109 179
109 116
109 183
109 122
109 190
110 199
110 170
110 173
110 144
110 158
110 121
111 132
111 136
111 151
111 154
111 155
111 166
111 168
111 147
111 121
112 192
112 130
112 136
112 115
112 184
112 185
112 123
113 128
113 146
113 131
113 198
113 167
113 186
113 187
113 124
113 127
114 129
114 196
114 197
114 145
114 155
114 182
114 123
114 168
114 120
114 185
114 191
115 192
115 130
115 189
115 149
116 119
116 150
116 137
116 162
116 163
116 164
116 157
116 179
116 122
117 199
117 147
117 151
117 154
117 158
118 194
118 140
118 148
118 152
118 156
118 161
118 171
118 126
118 125
118 190
119 162
119 164
119 190
119 150
119 152
119 122
120 129
120 196
120 133
120 139
120 141
120 145
120 155
120 160
120 197
120 168
120 176
120 177
120 178
120 181
120 182
120 188
120 191
121 132
121 199
121 140
121 144
121 147
121 154
121 158
121 166
121 172
121 173
122 150
122 137
122 162
122 163
122 164
122 157
122 179
123 136
123 138
123 145
123 196
123 182
123 185
124 198
124 167
124 138
124 184
124 186
124 159
124 127
125 194
125 195
125 132
125 140
125 148
125 152
125 156
125 161
125 169
125 171
125 190
125 183
125 126
126 161
126 194
126 171
126 132
126 170
126 140
126 144
126 172
126 156
127 128
127 198
127 167
127 138
127 146
127 187
127 186
128 131
128 198
128 146
128 186
128 187
129 196
129 197
129 198
129 145
129 146
129 160
129 176
129 178
129 181
129 182
129 185
129 191
130 192
130 167
130 175
130 184
130 189
130 159
131 187
131 165
131 134
131 146
132 195
132 140
132 148
132 156
132 158
132 161
132 166
132 169
132 171
132 172
133 196
133 197
133 139
133 141
133 143
133 155
133 160
133 177
133 176
133 178
133 181
133 188
134 165
134 187
135 160
135 193
135 174
135 176
135 177
135 178
135 180
135 181
136 166
136 182
136 151
137 162
137 163
137 143
137 179
137 157
138 198
138 167
138 184
138 185
138 186
139 195
139 196
139 141
139 188
139 155
139 168
139 169
139 182
140 194
140 195
140 144
140 148
140 156
140 161
140 169
140 170
140 171
140 172
141 196
141 197
141 145
141 155
141 160
141 168
141 176
141 177
141 178
141 181
141 188
142 193
142 174
142 143
142 177
142 153
142 157
143 163
143 174
143 157
143 177
143 179
143 188
144 158
144 170
144 199
144 172
144 173
145 197
145 196
145 155
145 182
145 160
145 168
145 185
145 191
146 198
146 187
146 191
147 199
147 151
147 154
147 158
148 194
148 195
148 152
148 156
148 161
148 169
148 171
148 183
148 190
149 192
149 189
150 162
150 163
150 164
151 199
151 154
151 158
152 194
152 195
152 164
152 171
152 183
152 190
153 193
153 180
153 174
154 166
154 199
154 173
154 158
155 196
155 197
155 188
155 166
155 168
155 169
155 182
156 161
156 194
156 170
156 172
156 171
157 162
157 163
157 164
157 179
158 199
158 172
158 173
159 167
159 189
159 184
159 175
160 196
160 197
160 176
160 177
160 178
160 181
160 188
160 191
161 194
161 195
161 171
161 170
161 172
162 163
162 164
162 179
164 183
164 179
164 190
165 187
166 195
166 169
166 172
166 168
167 198
167 184
167 186
168 195
168 196
168 188
168 169
168 182
169 195
169 171
169 172
169 183
170 173
171 194
171 195
171 183
171 190
172 195
172 173
173 199
174 193
174 176
174 177
174 180
174 181
175 192
175 189
175 184
176 196
176 197
176 177
176 178
176 181
176 188
177 193
177 197
177 178
177 181
177 188
178 196
178 197
178 181
178 191
179 183
180 193
181 196
181 197
181 188
182 197
182 196
182 185
182 191
183 195
183 190
184 192
184 185
185 198
185 191
186 198
187 198
188 196
189 192
190 194
190 195
191 196
191 197
191 198
196 197
