0 130
0 99
0 22
0 198
0 104
0 10
0 78
0 5
0 142
0 61
0 113
0 117
0 150
0 26
0 92
0 125
0 126
0 191
1 129
1 70
1 137
1 74
1 141
1 79
1 84
1 88
1 153
1 90
1 30
1 159
1 34
1 6
1 164
1 101
1 38
1 168
1 105
1 44
1 109
1 175
1 49
1 50
1 115
1 119
1 40
2 147
2 197
2 135
2 8
2 169
2 23
2 14
2 51
2 180
2 149
2 55
2 121
2 28
2 36
3 192
3 161
3 68
3 33
3 48
3 65
3 72
3 74
3 139
3 76
3 173
3 175
3 80
3 115
3 85
3 185
3 152
3 89
3 188
3 29
4 194
4 131
4 162
4 72
4 9
4 39
4 172
4 98
4 77
4 177
4 82
4 21
4 182
4 154
5 130
5 99
5 150
5 136
5 10
5 113
5 26
5 22
5 104
5 122
5 59
5 125
6 129
6 25
6 133
6 12
6 140
6 79
6 144
6 145
6 83
6 148
6 87
6 88
6 153
6 90
6 155
6 30
6 95
6 32
6 27
6 164
6 101
6 38
6 40
6 105
6 159
6 111
6 49
6 178
6 52
6 120
6 58
6 187
6 124
7 64
7 193
7 66
7 11
7 166
7 167
7 8
7 14
7 46
7 45
7 174
7 13
7 112
7 19
7 20
7 190
7 55
7 121
7 28
7 157
7 158
8 64
8 193
8 195
8 197
8 135
8 14
8 149
8 23
8 28
8 36
8 166
8 169
8 45
8 46
8 112
8 51
8 55
8 121
8 190
8 63
9 146
9 131
9 82
9 54
9 39
9 41
9 106
9 172
9 154
9 77
10 32
10 130
10 22
10 136
10 142
10 144
10 145
10 148
10 78
10 150
10 87
10 25
10 26
10 155
10 93
10 31
10 160
10 99
10 104
10 111
10 113
10 178
10 56
10 122
10 60
10 125
10 127
11 64
11 193
11 66
11 166
11 167
11 14
11 46
11 45
11 174
11 13
11 112
11 19
11 20
11 190
11 55
11 121
11 157
11 158
11 63
12 129
12 133
12 140
12 79
12 144
12 145
12 83
12 148
12 87
12 153
12 25
12 155
12 69
12 95
12 32
12 27
12 164
12 101
12 40
12 105
12 159
12 111
12 49
12 178
12 179
12 52
12 30
12 120
12 57
12 187
12 124
13 64
13 193
13 66
13 65
13 138
13 139
13 45
13 19
13 20
13 46
13 157
13 158
13 161
13 167
13 173
13 174
13 112
13 55
13 185
13 190
13 63
14 64
14 193
14 36
14 166
14 169
14 46
14 174
14 112
14 51
14 20
14 149
14 55
14 121
14 28
14 190
15 129
15 70
15 96
15 79
15 81
15 83
15 84
15 151
15 100
15 27
15 94
15 159
15 160
15 163
15 164
15 102
15 168
15 105
15 44
15 30
15 120
15 58
15 187
15 124
15 189
16 128
16 96
16 146
16 116
16 181
16 54
16 17
16 186
16 106
17 128
17 96
17 18
17 91
17 116
17 184
17 100
17 186
17 171
18 128
18 97
18 171
18 100
18 199
18 96
18 103
18 176
18 35
18 116
18 184
18 186
18 91
19 193
19 66
19 166
19 167
19 45
19 46
19 174
19 112
19 20
19 190
19 157
19 158
20 193
20 66
20 166
20 167
20 45
20 46
20 174
20 112
20 190
20 121
20 28
20 157
20 158
21 33
21 194
21 131
21 162
21 72
21 98
21 77
21 48
21 177
21 82
21 182
22 133
22 136
22 140
22 142
22 144
22 145
22 148
22 78
22 150
22 87
22 25
22 26
22 155
22 93
22 31
22 32
22 27
22 104
22 111
22 113
22 178
22 56
22 120
22 57
22 60
22 125
22 127
23 51
23 34
23 195
23 36
23 197
23 135
23 169
23 47
23 179
23 180
23 149
23 55
23 52
23 69
23 95
24 97
24 67
24 165
24 71
24 42
24 103
24 143
24 176
24 35
24 53
24 118
24 183
24 184
24 122
24 59
24 86
24 62
25 132
25 133
25 140
25 142
25 144
25 145
25 148
25 78
25 87
25 153
25 26
25 155
25 69
25 32
25 27
25 40
25 105
25 111
25 113
25 178
25 179
25 52
25 120
25 57
25 95
26 130
26 198
26 136
26 142
26 144
26 145
26 148
26 78
26 150
26 32
26 99
26 104
26 125
26 113
26 178
26 57
26 61
26 126
26 191
27 129
27 133
27 32
27 140
27 79
27 144
27 145
27 83
27 148
27 87
27 153
27 155
27 93
27 30
27 159
27 160
27 164
27 101
27 81
27 60
27 105
27 111
27 49
27 178
27 56
27 40
27 120
27 58
27 187
27 124
27 189
28 64
28 193
28 36
28 166
28 169
28 46
28 174
28 112
28 51
28 149
28 55
28 121
28 190
29 192
29 139
29 68
29 72
29 74
29 75
29 76
29 141
29 80
29 85
29 152
29 89
29 33
29 98
29 173
29 175
29 48
29 177
29 50
29 115
29 119
29 185
29 188
30 129
30 70
30 79
30 81
30 83
30 84
30 151
30 88
30 153
30 90
30 94
30 159
30 163
30 164
30 101
30 38
30 168
30 105
30 44
30 109
30 49
30 40
30 120
30 58
30 187
30 124
30 189
31 160
31 67
31 199
31 136
31 93
31 111
31 176
31 113
31 35
31 59
31 87
31 56
31 122
31 155
31 60
31 189
31 127
32 133
32 140
32 142
32 144
32 145
32 148
32 78
32 150
32 87
32 155
32 105
32 111
32 113
32 178
32 56
32 120
32 57
32 60
33 48
33 194
33 131
33 68
33 162
33 72
33 75
33 98
33 80
33 177
33 85
33 182
33 152
33 188
34 195
34 197
34 135
34 137
34 55
34 141
34 88
34 153
34 90
34 69
34 101
34 38
34 40
34 169
34 47
34 49
34 51
34 52
34 119
34 180
34 95
34 63
35 160
35 97
35 171
35 100
35 199
35 96
35 103
35 93
35 176
35 81
35 67
35 116
35 56
35 184
35 60
35 189
35 127
36 64
36 193
36 197
36 166
36 135
36 169
36 46
36 51
36 149
36 55
36 121
36 190
37 196
37 198
37 150
37 92
37 117
37 61
37 126
37 191
38 129
38 70
38 137
38 74
38 141
38 84
38 88
38 153
38 90
38 159
38 164
38 101
38 49
38 40
38 44
38 109
38 175
38 168
38 50
38 115
38 119
39 194
39 163
39 98
39 102
39 41
39 106
39 107
39 108
39 109
39 77
39 177
39 146
39 131
39 181
39 182
39 154
39 54
39 70
40 129
40 195
40 133
40 140
40 79
40 145
40 148
40 88
40 153
40 90
40 69
40 95
40 197
40 164
40 101
40 105
40 47
40 49
40 179
40 52
40 120
40 180
40 159
41 194
41 163
41 98
41 102
41 44
41 106
41 107
41 108
41 109
41 77
41 177
41 146
41 131
41 181
41 182
41 154
41 54
41 70
42 97
42 67
42 165
42 103
42 171
42 143
42 176
42 118
42 183
42 184
42 71
42 91
42 86
42 62
43 132
43 73
43 170
43 110
43 114
43 179
43 52
43 57
43 196
43 123
43 156
43 61
43 126
44 129
44 194
44 70
44 75
44 84
44 88
44 90
44 94
44 159
44 98
44 163
44 101
44 102
44 168
44 107
44 108
44 109
44 49
44 50
44 181
44 58
44 187
44 124
45 192
45 193
45 66
45 134
45 65
45 64
45 138
45 139
45 76
45 46
45 157
45 158
45 161
45 167
45 174
45 112
45 51
45 55
45 185
45 190
45 63
46 64
46 193
46 66
46 149
46 157
46 158
46 166
46 167
46 174
46 112
46 55
46 121
46 190
47 133
47 51
47 195
47 197
47 135
47 169
47 52
47 179
47 180
47 153
47 156
47 69
47 95
48 194
48 131
48 68
48 162
48 72
48 74
48 107
48 108
48 98
48 50
48 80
48 177
48 75
48 85
48 182
48 152
48 188
49 129
49 70
49 137
49 141
49 79
49 83
49 84
49 88
49 153
49 90
49 95
49 164
49 101
49 168
49 105
49 159
49 50
49 119
49 120
49 187
49 124
50 129
50 68
50 70
50 137
50 74
50 75
50 76
50 141
50 80
50 152
50 84
50 88
50 90
50 98
50 108
50 109
50 175
50 115
50 119
50 188
51 192
51 64
51 195
51 197
51 134
51 135
51 137
51 138
51 149
51 169
51 112
51 180
51 55
51 121
51 190
51 63
52 132
52 197
52 135
52 140
52 144
52 145
52 148
52 153
52 156
52 69
52 95
52 133
52 178
52 179
52 180
52 57
52 123
53 97
53 67
53 165
53 71
53 143
53 176
53 118
53 183
53 122
53 59
53 86
53 62
54 146
54 181
54 154
54 106
54 77
55 192
55 65
55 195
55 197
55 134
55 64
55 137
55 138
55 139
55 76
55 149
55 185
55 157
55 158
55 167
55 169
55 112
55 121
55 190
55 63
56 160
56 81
56 199
56 136
56 93
56 111
56 113
56 87
56 120
56 122
56 155
56 60
56 189
56 127
57 132
57 196
57 133
57 140
57 142
57 144
57 145
57 148
57 78
57 150
57 156
57 69
57 178
57 113
57 114
57 179
57 123
57 61
58 129
58 70
58 79
58 81
58 83
58 84
58 151
58 100
58 155
58 94
58 159
58 160
58 163
58 164
58 102
58 168
58 105
58 111
58 120
58 187
58 124
58 189
59 130
59 67
59 136
59 143
59 176
59 86
59 183
59 122
59 127
60 160
60 81
60 199
60 136
60 93
60 111
60 113
60 87
60 120
60 122
60 155
60 189
60 127
61 110
61 196
61 198
61 78
61 114
61 142
61 144
61 178
61 117
61 150
61 132
61 92
61 125
61 126
61 191
62 97
62 67
62 165
62 71
62 103
62 143
62 176
62 118
62 183
62 184
62 91
62 86
63 192
63 64
63 195
63 134
63 65
63 137
63 138
63 139
63 76
63 141
63 157
63 158
63 161
63 167
63 169
63 112
63 119
63 185
63 190
64 192
64 193
64 66
64 195
64 134
64 137
64 138
64 139
64 76
64 149
64 185
64 157
64 158
64 65
64 167
64 169
64 112
64 121
64 190
65 192
65 66
65 134
65 138
65 139
65 76
65 80
65 85
65 152
65 89
65 157
65 158
65 161
65 167
65 173
65 175
65 112
65 115
65 185
65 190
66 193
66 166
66 167
66 161
66 174
66 112
66 190
66 157
66 158
67 97
67 165
67 103
67 136
67 71
67 143
67 176
67 118
67 183
67 184
67 122
67 86
67 127
68 194
68 72
68 74
68 75
68 162
68 80
68 131
68 85
68 152
68 98
68 107
68 108
68 109
68 175
68 177
68 115
68 182
68 188
69 195
69 132
69 197
69 135
69 169
69 95
69 140
69 179
69 180
69 153
69 123
69 156
69 133
70 129
70 194
70 75
70 94
70 84
70 88
70 90
70 98
70 163
70 102
70 168
70 107
70 108
70 109
70 181
70 124
71 97
71 165
71 103
71 171
71 143
71 176
71 118
71 183
71 184
71 91
71 86
72 194
72 131
72 162
72 75
72 98
72 80
72 177
72 82
72 85
72 182
72 188
73 114
73 147
73 196
73 170
73 123
73 156
73 110
74 192
74 139
74 134
74 137
74 138
74 75
74 76
74 141
74 80
74 152
74 85
74 88
74 89
74 90
74 175
74 115
74 119
74 185
74 188
75 194
75 131
75 108
75 162
75 80
75 152
75 98
75 107
75 109
75 175
75 177
75 115
75 182
75 188
76 192
76 195
76 134
76 137
76 138
76 139
76 141
76 80
76 152
76 88
76 89
76 90
76 161
76 173
76 175
76 115
76 119
76 185
76 188
77 194
77 131
77 172
77 146
77 82
77 182
77 154
78 132
78 133
78 198
78 140
78 142
78 144
78 145
78 148
78 150
78 99
78 104
78 113
78 178
78 125
78 126
79 129
79 151
79 140
79 81
79 83
79 84
79 87
79 153
79 155
79 94
79 159
79 160
79 164
79 101
79 168
79 105
79 111
79 120
79 187
79 124
79 189
80 162
80 173
80 175
80 115
80 85
80 185
80 152
80 89
80 188
81 96
81 199
81 151
81 83
81 87
81 100
81 93
81 94
81 159
81 160
81 155
81 164
81 168
81 105
81 111
81 120
81 187
81 124
81 189
82 194
82 131
82 162
82 172
82 98
82 177
82 182
83 129
83 151
83 84
83 87
83 100
83 155
83 94
83 159
83 160
83 163
83 164
83 101
83 168
83 105
83 111
83 120
83 187
83 124
83 189
84 129
84 94
84 88
84 90
84 159
84 163
84 164
84 101
84 102
84 168
84 107
84 108
84 109
84 187
84 124
85 161
85 139
85 173
85 175
85 115
85 185
85 152
85 89
85 188
86 97
86 165
86 103
86 143
86 176
86 118
86 183
86 184
87 133
87 140
87 144
87 145
87 148
87 153
87 155
87 93
87 159
87 160
87 164
87 105
87 111
87 113
87 178
87 120
87 187
87 124
87 189
87 127
88 129
88 195
88 137
88 141
88 153
88 90
88 101
88 175
88 115
88 119
89 192
89 161
89 134
89 138
89 139
89 173
89 175
89 115
89 152
89 185
89 158
90 129
90 195
90 137
90 141
90 153
90 95
90 101
90 175
90 115
90 119
91 97
91 165
91 103
91 171
91 143
91 176
91 116
91 118
91 184
92 99
92 196
92 198
92 104
92 142
92 117
92 150
92 125
92 126
92 191
93 160
93 100
93 199
93 136
93 111
93 176
93 120
93 155
93 189
93 127
94 129
94 96
94 151
94 100
94 186
94 159
94 160
94 163
94 164
94 102
94 168
94 181
94 120
94 187
94 124
94 189
95 133
95 195
95 197
95 135
95 105
95 140
95 179
95 180
95 153
95 101
96 128
96 100
96 199
96 171
96 116
96 151
96 184
96 186
96 189
97 165
97 103
97 171
97 143
97 176
97 184
97 118
97 183
97 199
98 194
98 131
98 162
98 107
98 108
98 109
98 177
98 182
98 188
99 130
99 198
99 104
99 142
99 113
99 150
99 125
99 126
99 191
100 160
100 128
100 199
100 171
100 116
100 151
100 184
100 186
100 124
100 189
101 129
101 141
101 153
101 159
101 164
101 168
101 105
101 119
101 120
101 187
101 124
102 163
102 168
102 106
102 107
102 108
102 109
102 146
102 181
102 151
102 186
102 154
103 165
103 199
103 171
103 143
103 176
103 184
103 118
103 183
104 130
104 198
104 142
104 113
104 150
104 125
104 126
104 191
105 129
105 133
105 140
105 144
105 145
105 148
105 153
105 155
105 159
105 164
105 111
105 178
105 120
105 187
105 124
105 189
106 128
106 146
106 181
106 186
106 154
107 194
107 163
107 168
107 108
107 109
107 177
107 131
107 181
107 182
107 154
107 188
108 194
108 131
108 154
108 163
108 168
108 109
108 177
108 181
108 182
108 188
109 129
109 194
109 131
109 163
109 168
109 177
109 181
109 188
110 114
110 132
110 196
110 170
110 123
110 156
111 133
111 140
111 144
111 145
111 148
111 155
111 159
111 160
111 164
111 113
111 178
111 120
111 187
111 124
111 189
111 127
112 192
112 193
112 134
112 138
112 139
112 185
112 157
112 158
112 161
112 166
112 167
112 174
112 121
112 190
113 130
113 133
113 136
113 140
113 142
113 144
113 145
113 148
113 150
113 155
113 178
113 125
113 127
114 132
114 170
114 179
114 196
114 123
114 156
114 126
115 192
115 134
115 137
115 138
115 141
115 139
115 152
115 173
115 175
115 119
115 185
115 188
116 128
116 199
116 171
116 184
116 186
117 196
117 198
117 150
117 125
117 126
117 142
117 191
118 165
118 143
118 176
118 184
118 183
119 192
119 129
119 195
119 134
119 137
119 138
119 139
119 141
119 152
119 175
120 129
120 133
120 140
120 144
120 145
120 148
120 153
120 159
120 160
120 155
120 164
120 178
120 187
120 124
120 189
121 193
121 166
121 169
121 174
121 190
121 149
122 130
122 136
122 127
122 183
123 132
123 135
123 196
123 179
123 180
123 147
123 156
123 170
124 129
124 151
124 159
124 160
124 163
124 164
124 168
124 155
124 187
124 189
125 130
125 150
125 198
125 142
125 191
125 126
126 196
126 198
126 142
126 150
126 191
127 160
127 130
127 199
127 136
127 176
127 155
127 189
128 181
128 151
128 186
128 171
129 141
129 153
129 159
129 163
129 164
129 168
129 187
130 136
131 194
131 162
131 154
131 172
131 177
131 182
132 196
132 133
132 140
132 142
132 144
132 145
132 148
132 156
132 170
132 178
132 179
132 180
133 140
133 142
133 144
133 145
133 148
133 153
133 155
133 178
133 179
134 192
134 195
134 137
134 138
134 139
134 141
134 173
134 152
134 157
134 158
134 161
134 175
134 185
134 190
135 195
135 147
135 197
135 169
135 179
135 180
135 149
135 156
136 160
137 192
137 195
137 138
137 139
137 141
137 152
137 175
137 185
138 192
138 195
138 139
138 173
138 141
138 152
138 157
138 158
138 161
138 167
138 175
138 185
138 190
139 192
139 141
139 173
139 152
139 158
139 161
139 175
139 157
139 185
139 190
140 142
140 144
140 145
140 148
140 153
140 159
140 155
140 164
140 178
140 179
141 192
141 195
141 152
141 175
142 196
142 198
142 144
142 145
142 148
142 150
142 178
142 191
143 165
143 176
143 184
143 183
144 145
144 148
144 150
144 155
144 178
144 179
145 148
145 153
145 155
145 178
145 179
146 181
146 154
147 149
147 169
147 170
147 156
148 153
148 155
148 178
148 179
149 193
149 197
149 169
150 198
150 178
150 191
151 199
151 186
151 159
151 160
151 163
151 164
151 168
151 181
151 187
151 189
152 192
152 173
152 175
152 185
152 188
153 195
153 159
153 164
153 179
153 187
154 194
154 172
154 181
155 160
155 164
155 159
155 178
155 187
155 189
156 196
156 170
156 179
156 180
157 192
157 193
157 173
157 158
157 161
157 167
157 174
157 185
157 190
158 192
158 173
158 161
158 167
158 185
158 190
159 164
159 168
159 187
159 189
160 199
160 164
160 187
160 189
161 192
161 167
161 173
161 185
161 190
162 194
162 177
162 182
162 188
163 168
163 181
164 168
164 187
164 189
165 176
165 184
165 183
166 193
166 174
166 167
166 190
167 193
167 174
167 190
168 181
168 187
169 195
169 197
169 180
170 196
171 199
171 176
171 184
173 192
173 175
173 185
174 193
174 190
175 192
175 185
175 188
176 199
176 183
176 184
177 194
177 182
177 188
178 179
179 197
179 180
180 195
180 197
181 186
182 194
182 188
184 199
185 192
187 189
188 194
189 199
190 192
190 193
191 196
191 198
192 195
195 197
196 198
