57 522 795 801 3250 13361 1822 4408 450 914 10827 11235 2072 8031 5586 18290 78621 51773 7536 20214 40781 100968 3441 11226 7773 31846 133771 4774 23452 63778 87112 4676 30451 54922 2010 572 1898 5981 7638 1572 20831 40815 66059 14999 21601 2067 9945 32069 105620 81 100 2025 1561 8806 1913 17225 860 88084 43524 6748 31084 36401 162 1356 2435 1818 26768 74950 2859 1972 5655 42675 24455
1 1 0 0 9 0 0 0 0 0 0 0 0 0 0 53 0 0 12 0 0 0 0 0 0 0 0 24 0 0 0 0 0 0 0 0 0 0 0 0 0 0 0 0 0 0 0 0 0 0 0 0 0 0 0 0 0 0 0 0 0 0 0 0 0 0 0 0 0 0 0 0 0
8 40 13 15 322 135 63 5 5 53 85 25 25 13 13 3181 1046 293 889 857 183 75 50 0 584 65 145 579 197 631 143 105 123 7 27 36 26 40 8 46 83 14 11 67 2 142 190 41 94 0 0 20 7 13 6 0 32 75 17 57 24 9 1 1 3 14 25 12 4 0 17 6 6
47 627 559 522 4939 11805 3384 2692 493 1941 9839 6648 3106 3783 3092 32751 86064 47710 12984 46782 53002 71335 9728 6219 20066 37345 108096 10548 33225 68488 49813 16084 38978 29012 2374 1499 2972 7982 6373 5437 42786 27567 30292 22063 9331 5791 18992 37230 56876 96 122 3357 2216 7580 6362 5256 3158 60632 26590 16177 29171 14647 331 1541 1485 6901 30832 27516 3299 955 11466 16123 12424
2 10 1 0 159 8 27 0 1 9 0 0 0 0 0 2240 143 0 1146 763 21 0 33 0 249 0 0 926 7 0 0 41 0 0 0 30 7 6 0 8 0 0 0 0 0 64 0 0 0 0 0 2 0 0 0 0 2 0 0 0 0 0 0 0 0 0 0 0 0 0 0 0 0
0 0 0 0 0 0 0 0 0 0 0 0 0 0 0 0 0 0 0 0 0 0 0 0 0 0 0 0 0 0 0 0 0 0 0 0 0 0 0 0 0 0 0 0 0 0 0 0 0 0 0 0 0 0 0 0 0 0 0 0 0 0 0 0 0 0 0 0 0 0 0 0 0
25 461 170 130 5700 5471 2795 354 222 3065 2873 1195 1138 458 293 53795 60394 32277 26857 51846 30479 13916 9169 256 48917 11914 22310 23997 32391 31386 17675 22982 12367 2203 2302 2298 2257 4205 1574 15850 15973 3980 2170 13929 1645 16423 9574 9959 9624 73 7 3519 843 1818 1955 188 13341 5946 2201 11549 5833 1414 499 330 182 5587 3139 1533 851 60 1737 604 376
38 609 303 400 6082 7503 3308 849 437 2554 8552 2996 2802 2369 2222 38570 65612 36705 23729 54380 34634 25756 8875 983 32744 37206 54013 16028 25792 71370 27159 18215 33915 6885 2228 1774 4172 7034 2998 8948 36629 20299 10118 24874 2994 9767 22949 18412 40627 119 106 4235 2217 4959 4973 1895 6297 48836 10248 20685 21859 6772 374 1432 1331 9082 22741 14590 3262 613 9968 10968 7749
2 55 0 1 1049 0 271 0 0 464 15 0 20 0 0 12527 0 0 6241 7505 0 0 466 0 10433 44 0 5912 0 218 0 1905 32 0 0 482 0 0 0 1830 159 0 0 23 0 4487 339 0 0 0 0 0 6 0 40 0 2159 0 0 141 0 0 0 0 0 150 0 0 0 0 0 0 0
13 250 55 23 3016 1816 2208 97 30 2151 614 139 255 36 14 30027 20452 7685 13812 41109 15322 4220 9438 76 35315 3185 3299 11690 15030 6296 1600 23185 3580 257 563 1654 243 859 143 15476 4671 314 146 3560 58 9817 2054 1585 1061 3 2 453 232 111 1029 6 11404 330 73 2807 409 47 15 15 11 1966 282 39 29 4 152 4 5
19 162 122 49 2364 1934 509 343 39 577 664 461 120 123 42 32979 27207 6100 12833 12326 5838 7609 576 477 12349 1796 5834 13882 6882 10010 3244 2233 1563 1363 358 894 361 395 302 1642 1186 618 806 1941 331 5599 1171 1127 1747 1 0 265 218 244 89 48 1774 679 331 854 489 264 16 28 17 206 173 193 44 2 45 48 13
12 72 31 35 635 386 123 26 13 113 280 89 50 54 51 8675 3193 1098 1751 1983 700 476 73 6 1274 438 626 2107 626 2683 605 260 299 61 39 57 98 89 27 133 221 124 82 326 18 467 283 153 506 0 2 50 37 64 22 6 88 489 91 145 142 40 3 5 11 45 107 90 12 0 23 63 38
32 545 201 295 6317 4918 3180 494 315 2840 6387 1604 2480 1340 1522 48031 51323 18665 28828 57218 23065 14288 9599 566 43491 25069 30240 19405 22664 60894 10249 19883 27036 3164 1254 2347 3359 5066 1784 10931 33369 10025 4766 21032 802 14094 24018 12814 23138 102 58 3717 1614 2528 4920 968 8387 33098 5205 19403 13364 2418 544 821 782 10068 17265 6997 2540 200 8352 5780 5094
6 84 7 8 1380 185 407 0 7 312 125 11 48 6 3 17302 2999 846 8931 10984 815 0 929 0 7701 375 144 8856 728 1894 148 2068 362 0 44 581 59 173 0 1111 489 27 0 271 3 3093 718 66 97 2 0 42 28 12 96 0 661 47 3 267 59 4 1 5 1 125 19 4 5 0 11 1 0
10 92 33 12 1599 572 372 44 23 394 150 61 30 10 5 22092 9396 1305 10237 10357 2274 1007 591 26 9254 480 779 10349 2401 2554 563 1773 398 80 192 479 364 270 63 1407 362 27 41 472 27 3589 358 171 88 3 2 255 41 83 19 3 1140 66 23 276 18 2 22 14 2 49 21 4 2 0 4 4 0
18 193 55 98 3446 1049 534 47 25 853 1372 234 405 271 264 42367 17015 3725 21352 14059 2590 1246 610 8 17791 3508 2791 23753 4656 24182 1921 2598 2631 146 214 936 422 292 64 1916 3001 1337 275 4776 106 9785 6110 1056 3709 2 0 235 338 120 280 106 3156 3938 295 2982 1590 277 1 36 24 925 1572 805 120 30 662 594 418
10 152 36 9 2169 927 1128 60 31 915 251 50 64 8 2 25182 12289 3543 11111 26508 6440 1987 4173 49 18022 1357 1291 10289 5393 3235 455 9405 1383 94 334 1451 244 757 125 5174 1318 84 36 1199 12 6541 683 329 170 11 7 362 132 70 116 0 3743 73 9 849 93 5 24 9 3 192 32 5 11 0 9 0 0
13 300 22 56 4732 612 1869 13 99 2401 1360 53 715 97 123 47502 8263 1998 26399 40973 3066 375 5505 2 45231 4812 1067 22854 3485 16445 368 15955 6228 20 377 1744 1566 1389 105 11872 8857 901 48 6491 3 15885 8563 495 1457 45 16 1671 609 168 1399 34 11431 2758 44 8175 1354 36 251 126 91 4244 1707 178 425 3 1111 190 157
17 402 57 79 4687 1938 3553 64 132 3235 2252 224 989 215 177 42052 20746 7807 20349 63653 14782 2465 14990 25 49236 9835 5138 15921 14006 22592 2247 35435 13868 198 664 2554 1126 3190 343 22076 16896 2266 303 12332 83 13235 7556 2658 4570 67 9 1988 766 543 3989 97 14832 4614 282 9442 3393 205 282 152 189 6714 2999 546 574 35 1495 387 219
18 149 61 92 2322 986 376 26 8 571 1037 338 247 222 230 31040 13747 3456 12881 9640 2336 545 388 4 11687 1793 3689 15206 3600 17569 2584 1904 2091 71 56 604 89 59 19 1569 1558 716 196 3705 308 5182 3023 1178 2727 0 0 39 152 52 174 36 1809 2875 596 1479 656 422 1 4 22 441 1121 672 27 26 313 367 362
24 341 113 163 4908 3227 1678 119 69 2340 2816 757 831 615 533 46080 43740 12029 27456 33794 15118 4369 4583 21 42684 8486 11277 22244 22890 36513 11343 12948 10653 539 644 2075 874 1102 327 10411 9461 2988 1027 12587 913 16695 9202 5197 12217 2 2 1111 727 596 1128 310 11127 9843 1369 8626 4432 1183 85 69 137 4218 3747 2640 314 37 1403 1582 1005
9 87 17 19 1453 286 196 8 5 294 258 34 71 27 15 20960 4408 916 8833 5455 600 179 150 1 5919 676 430 10127 913 4477 203 644 410 8 79 218 102 42 13 504 454 116 23 568 7 2523 858 138 361 0 0 50 75 2 31 5 653 218 18 461 143 20 6 0 9 174 92 20 11 2 34 18 4
16 216 88 32 3949 2170 898 207 102 1175 588 280 139 51 22 44734 35362 9480 25009 23899 8619 6903 1516 240 25293 1972 4629 25234 10739 9793 3275 5604 1588 671 1296 1572 1657 1506 702 4411 1283 359 373 2294 218 11703 2233 1130 911 25 14 1700 303 446 212 16 4323 413 175 1402 374 55 227 76 21 518 143 45 65 1 31 19 7
8 95 18 10 1048 370 367 16 22 211 165 24 43 12 4 15143 3955 1721 4856 7661 1231 433 633 5 3596 714 344 5093 821 1940 203 1112 472 20 99 376 106 325 49 426 449 63 17 279 1 1135 330 103 190 5 2 98 45 35 41 3 213 81 7 183 75 7 5 14 6 43 23 7 8 0 9 3 0
39 621 359 382 5853 9222 3691 1186 492 2911 7874 3621 2759 2483 1849 39760 78259 44309 20602 54700 46696 38694 11305 1686 35227 27662 64101 15060 37000 65507 36691 24033 33902 10082 2675 1976 3906 8875 3767 12804 36669 19229 13491 26990 4243 9978 19221 23581 42860 97 96 4925 1723 6051 6961 2297 7593 38070 11121 18673 22736 9087 528 1884 1160 10987 19336 14701 3170 796 9402 9123 5624
22 352 161 70 4574 4452 2311 514 191 2169 1598 734 480 210 82 48216 52204 21472 22005 45308 26534 18787 8165 794 35252 6593 14692 22892 25328 18496 8379 20432 8045 2490 1212 2046 2205 3655 1622 12754 8067 1763 1525 7477 591 12369 4569 4667 4416 60 29 2515 652 1098 1055 85 9630 2049 696 5563 1924 522 253 293 104 2080 999 420 323 13 357 137 42
16 143 41 79 2090 702 375 19 14 534 903 173 256 171 197 29441 8504 2784 10656 8933 1675 421 475 3 10751 1552 1857 12910 2562 15072 1371 2010 1749 36 52 503 92 146 44 1537 1625 557 123 3164 94 4573 2930 720 2151 3 0 81 101 58 212 40 1727 2400 241 1343 650 186 6 3 32 424 974 460 56 12 375 320 305
28 511 190 188 6387 4990 3210 479 321 3087 4643 1315 1761 873 609 52789 56244 21374 29602 58927 25465 15127 9533 509 45726 18548 26702 24968 23763 46658 11245 24322 22595 2850 2209 2519 3873 5133 1777 13853 25357 9917 3505 19929 1183 17323 16700 9528 13913 98 47 4504 1528 2705 3962 734 12068 14221 2566 16423 11066 1999 663 695 533 8702 8495 3737 1800 106 4134 2111 1175
33 559 234 294 6334 6357 3242 526 368 3120 6371 2043 2212 1590 1297 45874 63470 30448 28052 55186 31376 18292 9284 375 45120 22941 37135 20119 30556 62582 20546 22747 27890 3614 2303 2055 3434 6523 2151 14930 28591 11798 5795 24258 2295 12730 18969 14887 30211 65 43 4838 1823 3721 4617 1257 10738 28557 5288 18740 14248 4512 428 1042 1093 10296 14645 8404 2230 390 6430 5371 3619
18 218 74 79 3407 1799 683 116 53 1089 1133 326 334 184 190 41609 25841 8860 19452 17170 5366 3882 892 85 22788 3205 4410 19886 9335 18718 4314 3614 2288 417 516 967 410 793 235 3203 2608 803 495 4538 109 9664 3894 1485 3115 10 1 551 316 305 268 71 4301 2663 571 2537 1122 215 48 61 43 728 1079 487 140 10 439 304 296
16 142 59 61 2432 845 310 66 42 371 633 247 284 134 113 37926 13017 2490 12394 8750 1560 1172 239 24 7323 1240 2293 18152 1801 11251 1388 954 863 215 185 290 749 256 126 462 1487 514 286 1054 144 3825 4237 1025 1241 0 7 338 152 149 242 46 580 1097 323 1228 725 185 27 61 19 545 597 294 151 5 422 170 128
57 548 796 800 3050 14267 1985 4305 434 916 11139 11394 2207 8077 5484 16485 74986 60645 6152 19550 46730 106849 3853 10416 6983 34573 139892 4213 24312 59563 97216 5175 31232 54037 1584 434 1611 6104 7792 1686 22654 42693 65997 14051 22838 1726 9368 34216 110160 71 73 1802 1403 8667 2149 16735 861 87137 43970 6517 33820 38633 181 1136 2275 2126 27948 74680 2645 2473 6325 41719 23512
31 655 140 325 5937 4588 4816 113 242 2771 8138 1230 3220 1261 1891 39123 35237 31004 19799 76562 26616 4559 17537 20 34920 43371 25182 12823 16119 60282 15365 28852 39521 563 2059 2292 1908 5377 578 11015 54520 11520 1648 21488 1268 8427 22165 11170 25779 108 5 2526 2836 2512 9115 310 5219 45476 4160 22129 16235 2630 261 595 804 10173 25347 7206 1919 161 12065 6207 7292
12 179 42 24 2850 1222 865 55 31 1093 421 105 132 45 15 31561 17581 6525 17956 20358 5897 2231 2059 30 21660 1291 1822 15894 7364 6203 1586 7018 1319 120 447 1002 425 535 119 4832 1482 183 121 1613 39 8817 1701 624 850 7 1 542 202 94 134 14 4847 252 50 1474 334 59 36 17 13 479 107 39 47 3 48 17 3
11 100 27 28 1142 570 351 18 16 235 270 76 64 37 34 16194 7233 2361 4869 8238 2217 570 634 3 4227 550 707 5494 1570 2715 1054 1291 433 38 91 355 128 292 52 507 482 91 54 398 23 1518 338 195 482 5 0 84 40 52 38 2 326 342 69 194 147 36 5 12 3 47 85 53 13 0 37 29 23
8 116 9 19 1786 249 546 0 9 441 401 17 72 20 19 22035 3905 1302 10648 14792 1140 0 1033 0 9484 1880 321 10672 1001 5544 199 2699 1344 0 78 877 56 176 0 1477 978 129 0 1171 5 4141 996 95 465 0 0 76 89 27 92 0 1085 458 7 539 93 9 3 3 10 147 153 26 11 0 22 15 8
13 94 35 43 978 496 133 20 11 256 340 119 135 87 60 15364 4993 1482 3802 2563 688 380 54 0 3958 561 780 4797 1428 3794 828 297 294 46 40 86 79 87 18 384 425 140 95 551 60 1101 1047 493 826 0 0 72 46 55 51 13 443 464 97 453 357 104 3 8 10 281 247 169 22 5 112 85 41
8 137 19 9 2378 594 668 14 25 697 203 32 56 8 2 29287 8990 3699 14928 18549 2746 572 1225 3 14141 917 669 16606 2794 3260 467 3925 583 19 489 974 483 366 57 2442 829 45 20 729 12 6199 710 195 169 14 2 433 62 64 62 0 2195 52 6 475 80 6 43 7 4 181 17 4 5 0 9 0 0
18 116 88 65 1620 1223 298 125 18 367 529 425 92 183 83 24105 17697 2898 7320 8011 3478 2732 446 28 6995 1118 3546 9117 4106 6719 3355 1403 844 549 92 501 130 154 77 784 542 523 607 1211 383 3105 924 706 1751 0 1 113 121 139 24 58 757 607 425 477 392 448 12 10 21 154 167 360 28 25 47 124 53
3 25 0 3 347 0 66 0 0 43 34 0 8 0 1 5796 0 0 1986 1630 0 0 73 0 1066 67 0 2048 0 541 0 136 59 0 0 49 0 0 0 85 65 0 0 59 0 320 50 0 0 0 0 0 16 0 4 0 37 15 0 21 0 0 0 0 0 3 2 0 0 0 2 0 0
27 519 140 211 6428 3942 3093 275 179 3095 4898 962 2148 751 937 51687 42980 19927 31481 59478 18163 9355 9068 241 49634 20549 18802 21451 20614 49415 8232 21792 21416 1543 1463 2649 1871 3078 832 13206 28953 6653 2121 18257 437 16534 22071 9537 12936 29 4 2476 1529 1398 4375 429 10482 20377 2735 18389 9502 1099 226 328 333 10141 12543 3609 1244 40 6434 2520 2776
12 254 36 30 4371 1048 1630 45 137 1841 742 84 365 57 34 43051 15444 4100 27081 39590 5666 1521 4638 25 36761 2819 1811 23444 6236 10211 675 13426 3024 85 573 1789 1883 2419 339 8252 4929 479 111 3095 10 16228 5182 807 980 112 40 2153 506 255 834 24 8110 783 58 3985 750 33 452 160 62 1939 488 84 274 2 299 44 19
23 574 98 155 5670 3209 5074 131 331 3781 4331 561 2213 543 536 45918 27921 16153 20244 81410 22777 4688 21843 66 49295 20950 13216 16316 16678 35192 4882 43510 24856 539 1324 2718 2653 7270 799 21784 40209 5940 1043 16999 258 12233 14126 6240 10467 197 66 4647 1125 1747 8061 235 12502 13385 1118 18524 8741 856 742 841 434 12425 8631 1958 2091 108 5946 1526 1148
11 208 32 23 3772 929 1104 31 100 1211 503 78 224 39 17 45172 14319 4289 22317 30794 4119 1017 2348 9 26237 2140 1290 23623 4509 7825 871 7128 1716 64 877 1688 1514 1461 238 4540 2690 272 79 1603 23 11671 3250 688 733 51 12 1543 380 249 476 5 4301 389 38 1991 461 44 284 109 27 948 209 44 132 1 95 19 4
11 264 22 33 4278 662 1653 16 55 2245 808 55 530 40 54 39609 9551 2560 26468 37174 3252 536 5162 4 46100 2973 1263 18094 4643 9593 232 14799 3607 24 286 1763 803 767 90 11535 6628 374 58 3393 0 15639 7040 816 578 16 5 861 329 83 1122 6 10933 1100 72 5859 686 6 192 31 40 3655 817 48 205 4 670 60 48
4 104 2 4 1808 59 656 0 14 901 105 1 60 2 1 19418 901 133 11391 16785 269 0 1457 0 19444 471 35 9196 470 1614 2 5620 352 0 11 935 181 226 0 5058 815 14 0 526 0 6557 720 9 32 14 0 200 56 2 139 0 4690 29 0 773 27 0 29 6 1 338 13 1 13 0 13 0 0
45 612 419 571 4566 9275 3239 1350 379 1612 10997 4923 2949 4121 3796 26412 64628 43387 11506 43173 40816 37693 9132 1839 15214 45658 81484 8500 22646 74636 41597 13168 42498 12772 1753 1148 2028 6383 3539 3595 41711 30914 19107 21910 6697 4364 16654 24562 67838 97 69 2467 2415 5649 5457 4693 1977 77777 18806 13473 29072 13882 288 1071 1728 4928 33995 32038 3032 1154 10681 21720 16287
30 553 195 240 6809 5630 3146 474 353 3234 5379 1458 2161 1122 1006 48669 58481 30861 33279 60942 26850 17395 8104 496 50996 20889 28504 21820 27896 55533 15051 22082 21821 2952 2050 2378 4053 6096 1871 15005 27181 8481 4080 20297 908 14660 21739 12228 21912 99 82 4905 1778 2549 4544 830 11282 22091 3887 19302 11585 2455 459 1099 677 10234 11782 5099 2343 292 6376 3724 2682
11 218 15 40 3584 478 1031 0 45 1275 736 40 438 55 70 42671 7007 3115 20952 26087 1605 0 1699 0 25014 2746 461 21291 2603 11088 547 6903 1937 0 190 1177 494 848 0 3902 4464 219 0 2334 12 12520 6030 457 1007 7 0 575 232 108 721 0 4541 1213 34 3278 718 39 65 54 15 1915 718 92 174 2 549 85 66
61 546 1076 754 3830 17024 1830 8274 414 1405 10100 15708 2404 7246 4762 24045 109228 56993 10045 23672 50422 173843 3248 32773 13614 26105 190311 6427 40766 67416 108284 7065 27670 116051 2564 1076 2122 4451 9417 3163 21779 37582 101950 20416 32914 3631 12602 51471 86913 39 47 2737 2244 8559 2700 14748 1829 70890 67944 11355 32603 38000 286 1195 1480 4227 28805 63574 2439 1621 7628 32221 20059
9 96 25 11 1867 503 367 24 13 341 159 46 40 11 3 24921 9341 1819 13272 9933 1886 678 789 11 8637 406 615 13108 1677 3013 435 1605 339 31 177 627 240 175 43 897 402 56 35 427 23 4129 608 171 173 2 0 159 62 30 65 3 730 49 12 249 49 6 10 4 3 98 15 4 7 0 9 1 0
20 340 113 77 5078 2981 2134 239 148 2360 1907 535 638 247 119 50926 39746 10723 26947 44569 15835 7716 7651 193 42606 7034 11123 24405 17864 23460 4804 18136 9774 1093 1635 2298 2129 2425 677 11334 9790 2532 992 9790 374 16660 6932 3881 4618 35 4 2635 835 927 1326 113 10864 3080 600 7579 2834 519 316 235 165 3170 1635 591 413 52 691 220 98
10 93 25 20 1638 404 258 21 17 241 301 52 49 33 14 21636 6480 1369 11463 7658 916 456 332 4 5851 877 696 11324 962 4921 334 824 760 38 132 310 322 174 33 414 432 195 47 630 10 2223 876 130 447 5 2 124 112 62 15 8 369 275 21 333 121 29 3 8 10 57 61 33 9 1 18 16 3
61 534 1021 809 3264 15909 1664 7327 486 1008 10579 14894 2290 8470 5299 17265 91121 57194 6812 18375 44782 154268 2445 26315 7711 30942 174772 4684 29412 61998 100860 4419 25405 99979 2082 497 2240 5674 9782 1684 20161 42674 99725 15659 29791 1980 10361 42358 103736 63 118 2202 1583 10003 1846 20023 1028 77902 60279 7987 35584 43289 158 1553 2137 2452 27320 77865 3292 2336 7237 39907 22346
25 303 133 167 4647 3214 1364 209 71 2040 2596 868 660 696 527 46770 46184 10378 25783 27449 13779 6732 3853 89 37374 6010 12150 23025 21617 36923 10616 10786 9576 1053 667 1847 1011 936 481 8556 6987 3046 1655 12722 913 15878 7958 4594 12519 0 2 1098 561 567 729 481 9876 8989 1458 6929 3840 1366 96 74 127 3201 3154 2922 304 63 970 1693 957
15 231 59 46 3244 1513 1382 60 62 1454 951 251 323 85 59 39644 20771 5930 16964 27474 7632 1960 4879 9 24064 3488 4216 18423 8708 12529 2548 13069 4822 218 550 1043 623 1331 183 7703 4635 830 233 5488 218 8872 2633 1591 1727 12 2 803 322 316 452 15 6659 1233 263 3057 846 145 58 65 31 1092 535 159 140 3 294 61 41
45 630 391 599 4283 9698 3207 1058 397 1554 11382 4611 2923 4417 4104 24951 59631 55557 11547 37838 41729 35273 8850 892 14856 47694 74605 6483 22202 69426 51741 11643 42399 9764 2249 945 1970 7345 3278 3846 40185 30657 15859 20957 7555 3164 15073 22934 78523 82 60 2737 2357 6275 4643 5481 1683 82858 16064 13360 31159 14223 204 1133 2073 4356 33844 35558 2999 1064 10207 24697 17838
4 64 4 2 1099 101 330 1 6 473 55 2 12 1 0 14050 1677 197 6279 8660 476 35 589 0 10309 287 55 5734 767 848 4 2571 192 0 17 592 49 99 6 2438 195 8 1 310 0 3466 154 12 27 6 0 99 30 0 8 0 2306 0 0 173 6 0 9 0 3 26 0 0 3 0 0 0 0
7 217 6 15 2881 194 2124 1 46 2116 466 7 275 13 14 27679 2454 587 14308 38961 1303 35 10716 0 35008 1445 161 12201 1279 4876 42 24450 3507 0 176 1573 552 713 13 15133 4965 192 3 2821 0 10457 2145 64 194 34 3 810 137 44 1094 1 11360 333 2 3126 263 2 152 32 6 2178 303 12 94 0 175 9 6
18 274 94 59 4261 2592 1378 179 86 1662 1206 403 344 161 73 40884 35822 12928 26368 34351 12247 6720 3415 137 33902 4711 7615 21784 15163 17149 4953 9693 4380 700 597 1815 1137 1663 508 7092 4220 995 672 4621 316 13897 4942 2305 3186 39 4 1347 426 436 419 65 7358 1646 365 3915 1263 305 209 74 95 1395 662 332 177 11 282 115 42
4 38 3 3 396 70 144 0 2 67 36 3 2 0 1 6705 655 303 1319 2556 323 0 270 0 942 101 32 1535 148 421 50 459 63 0 9 55 10 29 0 136 15 0 0 31 0 201 19 2 0 0 0 17 7 4 1 0 47 16 1 5 0 0 0 0 0 0 2 0 0 0 0 0 0
28 530 182 196 6267 5178 3807 448 289 3431 4618 1320 1968 748 760 47581 54547 18833 28709 68323 32551 15145 14005 510 50657 17425 26958 19665 30312 46869 10636 32818 22887 2834 2085 2474 2712 5815 1721 18815 29366 4901 3045 19008 904 13695 16678 13619 15333 83 38 4005 1679 2233 6002 447 12378 17716 3679 17480 7862 1662 397 797 635 10519 10589 3265 1217 94 5289 2042 1993
11 88 35 20 861 538 218 43 21 187 198 86 51 14 22 11768 5484 1791 2858 4600 1264 902 271 18 2790 483 810 3293 1218 1895 671 703 294 115 101 180 123 229 97 325 339 45 42 333 25 1115 238 199 180 6 1 79 35 50 21 0 263 230 80 158 64 4 7 12 5 34 59 26 10 0 35 5 15
0 0 0 0 0 0 0 0 0 0 0 0 0 0 0 0 0 0 0 0 0 0 0 0 0 0 0 0 0 0 0 0 0 0 0 0 0 0 0 0 0 0 0 0 0 0 0 0 0 0 0 0 0 0 0 0 0 0 0 0 0 0 0 0 0 0 0 0 0 0 0 0 0
11 79 42 13 896 532 265 70 22 137 138 76 38 16 3 12754 5963 1230 4726 5480 1653 1180 480 55 2357 266 727 4389 879 1612 388 758 316 132 118 207 198 301 96 253 288 53 74 184 28 691 254 215 172 4 2 109 17 62 42 2 106 30 15 102 69 16 11 9 11 37 12 7 5 0 9 1 0
28 559 136 242 6551 4058 3558 213 288 3117 5895 973 2282 951 1139 46092 41961 23498 29954 66817 19780 7552 11013 144 47788 26559 19683 19280 18963 57548 9832 24942 26458 1148 1733 2495 2839 5424 995 14172 33362 8353 1961 21972 508 14068 21021 8671 18729 78 61 3194 1874 2311 5443 492 10279 26686 2807 19240 10685 1616 306 770 708 10089 15184 4422 1751 247 6840 3637 3493
48 615 487 641 3956 10700 2826 1710 449 1359 11655 6102 2826 5068 4416 22765 64182 55122 9185 33428 40597 48932 6602 2349 11680 48697 92976 5822 22807 69001 58774 9087 40639 17379 2044 866 1883 7032 4831 2721 36566 36872 25945 19529 9709 2738 13131 26244 80720 94 48 2507 2359 7760 3900 6851 1374 87367 23200 11408 33182 18743 245 1257 2028 3566 34479 42020 3377 1198 9360 27622 19564
40 679 302 478 4778 8625 4360 722 391 2161 10510 3161 3282 2988 3009 27928 55088 52247 11724 54012 47132 26879 14860 626 19567 50606 60242 7604 25224 66698 36240 21554 45734 5678 2185 1416 1768 8121 2879 6316 52807 22291 9851 23775 4016 4840 15850 21400 60328 129 45 3076 2495 4931 7994 3003 3060 67202 10783 16884 27453 8307 352 989 1751 7308 31969 20872 3184 700 12179 15269 12285
64 526 1190 826 3310 17396 1517 9686 537 959 10092 17919 2288 8884 5175 18054 102220 59216 7006 16970 45293 190431 2043 40302 8117 26560 197875 6480 28901 61484 115973 3996 22439 140526 1634 533 2517 5836 12495 1558 18399 42624 127661 15376 38482 2642 11738 49016 99149 78 201 2033 1385 10909 1724 20925 1133 70487 73109 8245 34789 51412 161 1872 2070 2770 26310 80606 3473 2483 7641 38760 21110
6 45 9 6 305 119 57 2 4 100 38 14 30 2 2 3199 761 367 451 738 119 27 17 0 800 65 79 654 250 282 86 118 17 1 11 28 14 22 7 105 93 4 4 44 5 270 164 68 7 0 0 18 1 3 17 0 98 8 4 84 11 0 3 0 2 49 12 0 4 0 7 1 0
30 487 186 249 6057 5023 2645 295 152 2891 4934 1608 1931 1107 1050 51485 56284 23032 29897 47767 24122 9289 7462 177 47015 16142 25982 22257 27907 52949 17990 18683 20932 1795 1142 2549 1779 1982 967 13014 22407 7704 2988 18492 2361 16164 19508 13433 19557 15 21 2164 1315 1193 3616 679 10819 21372 4293 16768 10554 2763 251 284 363 9003 10994 6001 1102 118 5533 3432 2798
56 529 805 735 3801 13143 1759 4827 361 1289 10650 10940 2290 7109 4844 23186 88175 46576 9174 23010 38790 104681 2573 14499 11845 33375 138843 6936 30396 72055 77040 5874 27904 58722 1933 919 1924 4203 6207 2589 21604 44360 66772 20518 17311 3613 12223 33119 87808 66 68 2336 2041 7246 2056 13619 1787 79249 43320 10247 33731 33882 192 938 1574 3507 28553 61864 2387 1972 7515 34884 20445
1 11 0 0 422 0 5 0 0 50 0 0 0 0 0 4384 0 0 4983 196 0 0 0 0 1606 0 0 3681 0 0 0 7 0 0 0 31 0 0 0 31 0 0 0 0 0 1178 0 0 0 0 0 0 0 0 0 0 127 0 0 0 0 0 0 0 0 0 0 0 0 0 0 0 0
17 296 69 67 4568 1741 1980 101 79 2275 1771 276 533 180 123 43705 25900 5795 26875 38968 9249 2973 7432 57 39498 5769 5920 22098 11360 21577 2196 20199 10905 325 708 1847 1434 1025 301 13355 7933 2447 462 10705 112 14251 5972 1921 3113 14 8 1275 660 365 1270 74 11352 3364 315 6788 1935 245 144 82 78 2992 1727 407 253 15 608 236 132
17 135 98 38 1616 1563 466 258 31 375 395 302 70 92 28 23850 18950 4987 7592 10445 5610 5980 886 354 7619 1058 3139 8198 4728 4116 2640 2021 804 803 291 599 226 420 263 1289 552 337 551 648 152 3017 535 582 984 4 5 213 101 123 31 39 739 279 170 271 269 147 8 17 12 62 77 108 18 7 23 41 8
14 294 43 48 4697 1373 1740 55 62 2044 1305 134 510 83 92 43858 18587 7541 28847 41571 7207 2230 4711 32 41597 7109 3324 22051 8478 17359 976 13191 5284 138 666 2013 639 1169 189 8845 6968 674 158 5581 21 16233 6992 1526 2080 15 3 975 757 219 981 43 9493 2392 190 6032 1011 30 117 49 79 2636 1368 168 150 2 622 111 108
15 130 57 48 1607 960 291 71 37 391 416 213 185 102 69 26055 11882 3396 6648 6681 2115 1695 318 31 6935 717 1643 9337 2893 5583 1786 920 509 227 121 271 274 437 156 747 771 165 252 818 109 2287 1599 896 1164 3 0 246 34 147 118 22 748 544 222 731 460 147 18 42 16 375 272 202 78 6 193 92 55
16 494 59 61 4751 2481 5548 79 112 4001 1981 255 1362 79 147 37590 21713 14217 16719 90158 23258 3821 29539 42 53465 12548 7548 12317 17117 14494 2317 57123 12844 293 878 3000 671 3118 390 28083 29610 993 263 7682 96 12947 8017 5107 1642 55 2 2074 771 314 7140 10 16042 4060 525 12310 1960 50 296 157 53 10120 3029 144 491 2 2611 169 226
28 594 165 213 5895 5382 4779 301 201 3669 5544 1275 2355 837 863 44223 46955 26137 21599 76465 38751 12156 18846 191 46762 27136 29158 15205 29810 45654 12900 39028 30022 1821 2033 2777 1650 4882 1004 19371 40288 6801 2767 21703 1096 12675 16108 13408 18701 60 10 2785 2001 1683 7485 352 11563 21825 3541 20187 11454 2017 291 398 389 11998 12559 3658 1324 161 6921 2554 2317
17 307 74 62 5231 2246 1445 109 135 1490 1326 315 535 153 103 57880 32033 14621 31135 37506 9328 4212 2777 59 31070 5506 5867 32379 8838 20201 4054 7706 3881 384 1175 1921 1885 2286 575 4348 5819 1037 464 3958 209 16008 8248 2513 2973 47 13 1792 1109 574 856 58 4746 2149 368 4836 1568 222 211 181 108 1997 1160 330 367 10 623 180 96
17 156 91 45 2220 1615 527 184 24 490 597 360 118 93 43 26848 22146 6309 13120 13730 5286 4771 784 140 10187 1547 4483 13233 5097 8621 2975 2422 1605 748 156 888 243 309 160 1435 1044 397 502 1478 297 4568 1448 1014 1401 1 0 148 113 143 93 18 1114 664 291 685 358 166 13 7 24 203 200 147 19 5 51 50 16
13 163 12 66 2743 286 542 4 13 680 1032 21 306 78 183 33675 4585 1355 16452 14774 792 122 654 0 14094 3313 250 18791 1209 17728 312 2596 2280 2 109 720 109 184 13 1810 2612 380 12 3722 8 6772 3839 83 1227 0 0 111 224 24 318 24 2226 3048 8 1930 585 0 4 11 15 590 1190 126 69 1 453 220 314
17 464 36 100 5620 1310 3899 13 205 3434 2968 125 1368 251 291 47413 12903 8809 26430 69836 8343 557 16133 0 51222 15398 2913 20730 6871 27191 1576 35668 17189 17 867 2505 2142 4367 121 19688 24827 2627 92 12551 38 15580 11752 1108 5578 117 30 3441 1062 631 3712 56 14579 8160 126 14739 3804 212 544 335 329 8127 4681 578 1234 52 2708 733 476
35 566 238 357 5762 5829 3433 552 287 2731 7399 2117 2721 1964 1912 44200 53418 22696 22545 56094 29765 16332 10764 506 37415 27320 37247 15473 26493 65992 17296 21029 32090 3769 1149 2371 2402 4805 1742 11278 37326 15032 6424 23351 1887 10731 21800 15212 32300 100 44 2961 1681 2728 6268 1678 7041 40430 6262 19473 18918 4764 363 733 861 9925 20164 11496 2542 412 9894 8611 6551
13 129 56 22 1573 1025 461 98 37 370 299 146 75 30 12 24541 12481 3913 5995 10601 3462 2432 785 69 6364 1069 1839 7936 2820 3409 1235 1766 830 272 125 678 366 467 207 868 647 135 154 708 84 2668 659 472 447 8 1 251 54 128 55 6 588 142 64 327 169 27 45 19 8 122 68 26 23 0 17 11 2
5 74 6 4 1082 181 368 1 1 276 71 6 21 3 0 14723 2508 1092 6335 9034 872 40 801 0 6010 237 101 6428 707 918 101 1832 245 0 64 539 10 21 1 889 214 16 2 141 1 2336 280 39 57 0 0 7 31 1 60 0 584 0 0 125 22 2 0 0 0 62 0 0 1 0 0 0 0
6 58 7 8 1314 89 142 2 2 222 119 9 39 4 5 17906 1922 130 10016 4440 176 29 123 0 5974 285 130 9988 284 2301 13 505 237 1 12 405 35 18 2 563 241 37 4 343 0 2850 935 42 31 0 0 9 41 0 19 0 495 84 5 292 23 0 0 1 0 91 25 2 4 0 19 2 1
13 120 49 29 1591 865 348 69 19 285 411 135 63 62 20 21610 10404 3510 9701 7925 2380 1798 461 37 5930 1194 1774 9709 1987 6085 1105 1031 944 170 140 328 173 253 68 502 569 323 185 816 52 2061 645 296 886 2 1 116 112 94 13 17 396 347 63 347 227 89 7 10 14 70 86 65 10 5 18 28 4
9 42 12 24 358 104 87 3 2 37 180 22 24 31 28 4304 814 168 1090 1444 187 39 84 0 503 257 155 844 85 1509 84 120 324 2 11 51 19 10 1 32 151 97 12 134 1 105 195 16 228 0 0 9 13 4 12 2 16 248 11 56 61 16 0 1 3 6 58 35 4 1 8 31 15
45 631 434 556 4884 10421 3109 1320 324 1853 10569 5405 3063 3892 3573 30575 71548 57505 15597 40736 42773 41079 8454 1479 20016 42313 87248 8652 28192 72033 56136 13062 39057 12995 2183 1466 1895 5649 3183 5112 38661 29126 19922 22623 9317 5067 19643 29544 65305 84 22 2273 2732 5211 5244 3612 2603 70352 21307 16136 30455 14764 147 768 1326 6007 32320 30459 2610 849 11134 19432 14859
18 318 91 62 4087 2770 2396 158 58 2115 1528 412 496 158 88 39227 32201 14655 21402 45910 19056 6215 9848 96 35631 5552 9254 18597 17240 18021 5173 22529 8803 673 514 2209 640 1393 269 12603 8650 1388 598 7468 314 12801 4919 3197 3339 5 0 742 497 356 1410 42 9850 2290 462 5375 1663 336 37 57 59 2528 1181 324 130 13 526 137 65
38 615 344 359 6321 9275 3477 1188 442 2960 7408 3294 2594 2232 1722 39312 83548 48446 26453 55452 45251 41516 9828 1886 40434 27202 59723 16897 38952 65951 34853 21665 30338 9808 2788 2024 3799 8107 3807 12280 33601 14893 12038 24548 3461 11764 21565 23389 41881 67 99 4971 1816 5182 5609 2382 8546 35317 10165 19471 19984 7196 409 1353 1212 10380 18537 12867 2708 708 8235 7989 5315
21 232 87 123 3455 1978 1074 114 42 1355 1754 448 412 415 353 42152 27054 6966 17732 20525 9059 3570 3640 44 23857 3437 5761 20410 11685 26320 5402 9022 6542 433 424 1167 424 655 190 6506 4252 1711 772 8537 293 10220 4633 1993 7023 2 3 418 329 319 484 238 6307 5548 649 3688 2169 566 20 33 63 1366 1705 1403 151 29 542 965 593
18 209 103 50 3572 2152 770 238 75 919 849 397 201 140 41 45481 34451 8272 20918 20835 7430 6604 1189 233 19603 2787 6039 22351 8776 13179 3801 3702 2120 924 779 1457 1141 1003 517 2682 2057 952 725 2829 286 9651 2923 1544 2203 17 5 872 375 393 223 65 2939 779 238 1786 865 286 107 66 40 573 271 227 103 12 88 53 11
31 554 268 197 6030 7552 3655 966 340 3477 4670 1914 1859 1046 569 49091 73421 35166 25233 62883 42642 34211 11563 1685 50446 17624 38342 19248 41279 43586 19815 27566 22665 6403 2646 2669 2730 6553 3090 18212 27466 10028 6392 20344 1795 15241 14567 15848 18139 124 48 4621 1384 3095 5038 1110 12996 12848 3560 16618 13504 2912 537 663 491 10187 7808 4318 1714 211 4220 2131 948
30 540 255 180 6480 7576 3328 805 389 3308 4036 1940 1635 845 470 51508 78895 39436 31649 59245 41283 30869 10686 953 51957 15476 37604 23506 40176 40889 22067 26003 17562 5877 2842 2534 3551 7788 3155 15268 22189 5898 5577 15700 2408 17843 15656 16210 17416 156 45 5641 1393 3463 3689 592 12992 10222 3658 15611 9043 2871 842 919 535 8560 6086 3124 1766 153 3330 1430 762
4 78 3 3 1435 118 505 1 5 659 76 0 15 3 0 16154 1555 550 9637 11949 867 54 1803 0 13449 245 0 8368 1023 1219 0 5414 355 0 132 557 70 101 5 3928 192 15 0 433 0 4638 271 0 94 0 0 147 78 0 0 1 3630 0 0 282 24 0 4 0 2 42 0 0 3 0 0 0 0
42 596 463 398 5819 11297 3657 1581 327 2980 6933 5725 2776 2327 1847 41608 103356 37251 23431 56479 64495 48051 11787 1905 41113 22545 86283 14351 53583 57728 60266 25403 28941 16913 1830 2602 2701 5289 4308 13750 36870 13828 18322 21018 13791 10678 20373 40332 37573 43 67 3758 1864 3700 7128 1891 7765 33092 20474 20201 18410 10755 463 957 627 11347 18130 14709 2330 285 9517 7345 5540
28 312 206 172 4657 4468 1366 598 89 2095 2556 1401 611 760 517 47965 61596 14498 25528 26938 18537 18031 3802 761 37743 5155 19611 22754 29139 36911 14460 10924 9391 3690 1174 1785 889 1372 914 9034 6172 3037 3951 13402 1266 15487 7099 6017 13061 4 5 1212 550 823 701 575 10138 8434 2707 6596 3829 1701 108 80 144 3000 2951 3156 258 73 831 1659 936
25 455 153 147 6069 4110 2972 343 241 3002 3522 947 1403 596 414 52622 51039 15770 29292 59272 21971 10943 9218 343 48243 13114 18813 24612 22691 38881 7984 24502 17687 1806 1481 2555 2797 4302 1304 15370 19978 5847 2207 16795 688 16549 14176 8138 10725 118 28 3223 1070 1518 3577 355 12554 9765 1838 13465 6736 1270 551 393 439 7386 5556 2002 1412 158 2874 1332 651
26 592 115 210 6146 3563 4592 189 268 3297 5527 738 2587 717 956 47708 31513 17660 24700 78011 21828 6813 17159 136 47210 28995 16667 16894 16533 45077 5662 32514 28066 892 1619 2672 2376 5633 962 15705 44135 6829 1639 16914 227 12488 19995 8199 13537 138 37 3552 2034 1561 7431 380 9770 23614 2077 21460 10475 882 421 599 595 11562 14166 3009 2005 83 8213 2799 2826
3 41 3 0 629 70 197 1 6 128 0 0 0 0 0 8570 974 293 4306 5194 292 29 405 0 3046 0 0 4092 204 0 0 905 0 0 42 213 75 92 6 398 0 0 0 0 0 955 0 0 0 5 0 50 0 0 0 0 231 0 0 0 0 0 1 0 0 0 0 0 0 0 0 0 0
7 66 8 13 971 113 205 3 7 150 209 10 30 11 11 15126 1594 370 4675 5109 268 46 294 0 3063 672 154 5671 245 3145 44 545 515 3 13 295 62 56 10 257 353 77 3 462 0 1416 331 18 116 2 0 16 58 14 17 3 240 237 5 143 45 0 4 2 2 13 42 13 5 0 11 3 5
8 160 17 11 2888 475 800 14 39 1256 301 24 133 12 6 31724 7720 1966 18283 21291 1868 469 1518 4 27312 1339 477 16424 2831 4364 185 5905 1167 17 350 1238 599 595 66 5551 1582 207 16 1873 4 10222 1717 259 149 3 0 664 184 65 191 4 6255 157 8 1768 201 0 103 30 5 725 88 14 38 0 48 2 1
14 81 58 33 793 670 224 100 20 136 263 162 40 72 30 11587 6865 1311 3901 4132 1844 1669 273 76 2448 548 1210 3671 1214 2364 988 591 505 267 95 96 95 205 114 237 342 219 224 282 60 677 208 200 671 0 2 97 31 72 8 38 131 253 96 125 145 84 5 12 9 20 48 104 15 1 15 37 14
3 33 3 0 406 62 107 1 2 65 0 0 0 0 0 5166 746 306 2693 2438 188 29 122 0 995 0 0 2688 122 0 0 276 0 0 14 44 15 24 2 111 0 0 0 0 0 315 0 0 0 1 0 8 0 0 0 0 53 0 0 0 0 0 0 0 0 0 0 0 0 0 0 0 0
46 614 445 590 4541 9950 2873 1596 458 1621 10880 5172 2942 4448 3964 27944 67223 51413 12924 38032 37000 46104 7032 2499 16662 43342 79465 7297 24949 72485 49433 10707 38169 15168 2277 1211 2419 7274 4454 3792 37754 32631 21958 21225 6886 3957 16901 24790 69672 100 54 3066 2378 7255 4444 6338 1967 77849 18751 13621 31846 14436 373 1360 1868 4669 32893 35475 3693 831 10391 23573 17270
11 85 42 13 1413 650 171 71 8 204 144 74 20 17 3 18344 10661 2258 10151 4294 1329 1647 127 53 4077 327 794 9070 1572 2281 571 432 186 145 173 209 86 61 46 271 116 68 59 282 23 2178 226 119 229 1 0 55 28 22 8 7 317 33 15 107 39 20 0 1 0 12 5 7 2 0 4 1 0
7 37 6 15 284 63 67 0 0 45 111 11 24 8 16 3082 504 142 733 972 98 0 58 0 528 157 88 491 83 792 50 112 180 0 2 28 0 0 0 49 112 15 0 93 0 107 155 21 71 0 0 0 11 0 6 0 18 136 10 72 14 4 0 0 0 11 40 6 0 0 15 6 9
3 25 1 2 178 12 61 0 1 40 28 0 4 1 0 1869 81 31 529 845 25 0 55 0 367 82 0 333 9 172 0 116 58 0 1 30 10 8 0 58 31 8 0 38 0 67 18 0 10 0 0 4 8 0 0 0 30 0 0 25 2 0 0 0 0 2 0 0 1 0 0 0 0
16 243 77 43 3867 1940 1537 145 57 1587 1001 269 295 105 41 41610 28540 5861 22182 36241 11499 4681 4522 123 31867 4589 5338 20240 11964 13402 2553 12397 4704 455 831 1834 599 1069 277 7585 4385 1065 434 4768 173 12951 3717 1729 1983 9 5 789 721 291 690 49 7002 1038 188 3538 1068 154 43 50 28 1330 536 155 87 9 191 65 15
0 0 0 0 0 0 0 0 0 0 0 0 0 0 0 0 0 0 0 0 0 0 0 0 0 0 0 0 0 0 0 0 0 0 0 0 0 0 0 0 0 0 0 0 0 0 0 0 0 0 0 0 0 0 0 0 0 0 0 0 0 0 0 0 0 0 0 0 0 0 0 0 0
2 21 1 0 191 21 84 0 0 46 0 0 0 0 0 2899 181 75 608 1440 84 0 176 0 514 0 0 597 46 0 0 265 0 0 5 33 0 0 0 96 0 0 0 0 0 109 0 0 0 0 0 0 0 0 0 0 33 0 0 0 0 0 0 0 0 0 0 0 0 0 0 0 0
51 576 611 664 4184 11778 2554 2868 463 1330 10792 7864 2652 5607 4486 25034 78236 47789 10232 33452 44329 73894 6134 6037 12658 38183 110150 7508 26636 72208 63175 8836 36821 32077 2188 959 2451 6827 6026 2769 32119 34886 39642 18150 12798 3311 15695 30550 79130 71 109 2982 2177 8076 3731 9720 1426 80321 31033 10752 32476 21116 395 1470 1987 3595 32294 47511 3331 1268 8832 29004 19694
12 58 30 36 567 259 61 21 11 67 261 86 48 65 48 7541 2453 521 1704 1156 254 232 27 2 735 431 556 1903 267 2649 342 63 180 50 27 47 60 62 31 39 163 182 62 257 29 309 365 95 427 0 0 22 37 41 6 19 46 424 68 135 166 58 1 8 8 27 96 114 14 2 29 57 34
12 422 16 50 4384 618 4983 5 31 3681 1606 57 1178 31 127 33815 6219 1084 16823 84716 6414 196 27233 0 53114 9682 1754 11566 4852 12379 57 53082 10609 7 141 3007 266 674 31 26456 24954 456 31 5987 0 13551 8084 1312 491 17 0 511 609 24 6064 0 15405 3603 131 10915 719 3 113 22 18 9000 2459 38 193 0 2294 83 202
9 90 23 13 1213 447 302 24 6 250 189 37 36 15 8 18819 5823 1973 5431 7184 1454 665 406 9 4373 513 516 6676 1368 2560 391 1005 436 42 121 324 64 79 16 476 415 95 15 393 9 1757 343 106 172 0 0 47 39 17 16 9 450 150 16 140 68 0 0 2 3 26 27 24 2 0 15 0 2
32 582 268 228 6345 7703 3754 886 358 3432 5369 2092 2127 1198 784 47171 74202 38526 27294 63991 43134 31859 11951 1390 49130 22173 42766 19100 39452 48374 21473 28818 24991 6101 2329 2424 3376 6150 2955 15660 31097 10321 6848 20531 2016 16012 18048 18013 22965 104 42 4897 1714 3143 5397 1084 11647 17643 4788 18288 13616 3521 782 839 726 10830 10600 5300 2112 255 5506 2990 1667
23 381 157 96 6158 4395 1549 441 164 2061 1975 850 842 274 206 60702 61169 26934 36421 39857 15703 15514 2419 601 40571 7666 15753 34581 20849 29016 9963 9154 5582 2269 1616 1899 1985 2228 1478 6141 8361 2004 1750 6974 706 18995 12726 7141 4726 33 12 1926 1246 821 1069 128 7524 4129 1469 8219 2803 542 267 197 184 3420 2369 647 531 28 1370 428 287
3 33 2 1 286 38 121 0 2 72 12 1 6 0 0 3883 289 173 837 2067 110 0 225 0 915 11 12 881 81 134 8 394 37 0 3 44 13 23 0 106 54 0 0 18 0 168 42 5 0 0 0 15 0 0 9 0 74 0 0 18 0 0 0 1 0 6 0 0 0 0 0 0 0
14 67 56 35 657 523 163 93 7 81 270 159 32 75 37 10790 5131 889 2361 2874 1259 1244 202 66 1299 457 1156 2456 640 2516 703 336 527 260 73 106 51 44 41 125 261 239 209 269 40 331 238 165 659 1 0 19 32 24 13 30 44 322 123 87 131 88 0 3 10 19 64 106 3 7 5 55 17
57 534 807 789 3373 13797 1826 4602 454 986 10867 11334 2166 7911 5413 18305 81492 54964 7788 20093 41399 106917 3359 12692 7962 32109 138822 5294 24129 64136 88787 5050 29701 56917 2239 498 2189 5761 7891 1730 21215 41476 67046 16297 21147 2043 10495 33132 105648 64 118 2258 1621 8742 2026 16860 933 85231 44348 7914 32169 36666 154 1356 2276 2155 27169 73146 2995 2165 6438 40642 23381
4 28 3 3 447 44 53 0 5 59 18 3 6 0 1 7756 872 101 2270 1441 70 0 39 0 1461 22 14 2650 120 197 32 111 19 0 11 76 46 39 0 88 25 0 0 7 0 557 57 3 0 2 0 33 1 4 1 0 94 6 1 9 0 0 1 3 0 3 3 0 0 0 1 0 0
11 76 25 30 830 369 156 5 5 135 287 89 47 32 39 12205 4184 1255 3159 3376 809 89 103 0 2167 565 856 3438 690 2981 734 369 407 5 27 156 62 34 10 218 276 102 30 383 56 608 340 168 357 0 0 21 39 19 17 0 110 439 97 178 87 44 1 2 4 38 87 39 8 0 21 30 29
17 182 61 75 2767 1300 604 45 38 760 948 305 294 170 160 36675 19157 5348 15011 15417 4040 1409 804 0 15222 2139 3526 18088 5498 15031 3312 3287 2053 181 272 779 403 630 108 2088 2295 662 251 3438 235 6814 3109 1351 2633 4 0 312 221 210 319 17 2330 1982 453 1762 771 291 13 68 22 562 874 525 94 16 386 191 220
24 354 149 127 4530 3872 2247 334 138 2475 2348 911 823 454 325 46388 45354 13520 22917 38634 24271 11378 8231 306 38554 6917 14265 21036 26909 29857 10367 21431 10756 1786 796 1840 1080 2625 951 14287 9899 2746 2025 11623 716 13931 7590 5955 8081 81 6 2225 518 1158 1984 193 11891 6102 1652 6786 4378 1117 413 183 66 4278 2973 1455 477 49 1221 795 532
19 384 64 107 5425 1644 2582 74 124 2956 2612 283 1204 300 312 50413 21842 4678 26102 52831 8598 2169 8599 33 50704 6940 5964 21760 10115 31162 1716 22571 13659 224 829 2442 1481 2012 274 16095 15847 3347 484 13935 67 16228 12297 2365 4118 36 11 2018 846 574 3144 120 12991 6702 441 11722 4244 309 259 201 152 7450 4551 903 673 37 2587 692 566
15 110 60 45 1084 900 258 66 28 323 372 251 106 80 58 16964 9044 2554 3671 5283 2128 1326 307 17 4682 529 2002 5187 2792 3759 2136 994 500 223 86 155 169 311 97 757 553 195 272 637 209 1232 592 695 747 1 2 177 34 166 59 6 637 492 263 434 277 134 12 26 7 229 128 129 36 0 60 72 40
13 287 40 38 4808 1281 1805 35 142 2107 941 139 469 57 55 45632 17097 6400 29794 42459 6671 1322 5450 3 42816 3622 2848 23815 7443 12280 1488 14571 4113 111 1044 2134 2232 2440 239 9765 6510 435 113 3754 55 16810 6386 1393 1164 46 23 2706 489 420 917 3 9834 1288 158 5311 775 80 350 267 52 2685 797 88 248 2 477 52 50
20 443 97 93 5878 3078 3150 167 230 3349 2585 487 1147 271 215 52131 35366 15103 28636 59110 17942 6347 11309 98 53984 11104 11211 23194 18094 24829 5192 28380 14574 746 2180 2464 2924 3915 841 18293 18239 3616 769 12306 333 17648 10639 4687 4981 30 61 4577 1075 1072 2560 186 14454 5556 767 13274 4006 426 528 564 102 7162 3356 764 814 21 2135 408 327
34 605 209 352 5575 5448 4276 434 227 2628 8251 1817 2906 1752 1981 40304 45935 22984 16958 67657 31589 13724 15161 367 31001 35600 35968 14225 20596 66528 14607 26743 40835 2781 1701 2302 1607 4626 1223 9956 47276 16287 5000 24882 1434 9309 19054 14531 29902 58 11 2166 2458 2430 8333 1424 5951 46777 5695 19706 17866 3737 198 491 851 9489 25018 10470 1745 349 10532 7615 7504
32 574 225 271 6621 6376 3526 521 452 3158 5912 1904 2301 1379 1156 46519 62583 32349 29248 61532 34028 18806 11321 437 45928 22115 35325 21125 30187 59436 20122 25137 25414 3549 2176 2319 4473 8249 2415 14676 30927 9758 5191 20919 2042 13636 20753 14596 26061 142 92 5777 1718 4189 5202 1072 10540 24955 4980 19215 13827 3783 696 1410 1013 10204 13253 7062 2847 266 6750 4415 3163
57 496 846 750 3873 12834 1605 5430 278 1279 10206 11415 2090 7410 5005 24706 92341 39688 10107 21735 37195 110731 2473 18175 12315 29028 138716 7099 31899 75236 71422 5780 26848 65607 1911 1032 1741 2910 5218 2806 18971 40631 72837 20782 18131 3648 13015 33127 90010 24 29 1849 2101 5393 1954 16469 1675 78910 45248 9926 30755 32826 178 618 1369 3406 27318 65602 1987 2066 6386 36388 21661
22 357 105 126 5074 2844 1959 147 77 2307 2589 637 955 385 371 51026 37288 12287 27787 37693 13861 4856 6255 72 39163 8933 11210 25549 17701 32589 6734 16202 11367 708 764 1753 902 1325 308 10433 11676 2578 1013 11299 475 16128 10506 5091 7218 4 5 1074 906 595 1451 76 10355 7844 1297 9447 3879 749 37 125 66 4426 3951 1372 306 38 1814 840 675
24 403 169 107 5048 4486 2959 498 181 2833 2695 922 863 380 224 47316 52133 17680 23122 53307 28270 16560 10928 676 43096 8613 20052 20229 27999 29840 8335 28164 16063 2686 1430 2314 1565 4423 1322 17601 13503 3957 2062 15373 782 14180 7498 6691 7322 43 44 2584 933 1253 2856 320 13297 5716 1361 8695 4249 740 261 273 245 4993 3289 1175 484 14 1172 536 274
7 52 15 6 384 197 134 12 6 104 67 17 18 5 1 4421 1353 545 1169 2174 442 209 170 3 973 142 169 931 402 592 96 290 153 13 24 76 25 48 16 158 139 28 10 85 2 188 82 46 42 1 0 35 7 13 10 0 93 8 2 48 27 3 5 0 0 22 6 2 1 0 3 0 0
10 210 17 28 3502 593 1232 5 59 1286 735 36 222 49 30 38957 7505 4077 21607 30782 2983 215 2998 0 26740 3738 775 20335 2912 10441 536 8455 3047 5 525 1662 964 1090 39 5711 3156 377 18 3304 8 10928 3130 259 1178 29 0 1144 390 164 377 7 5428 799 13 2410 529 36 157 53 66 745 375 63 97 5 122 43 12
7 187 5 16 3049 197 1307 0 14 1391 413 7 242 11 17 33014 2631 1556 16514 34072 1059 0 3468 0 27947 2073 168 14822 1198 6266 80 10993 1573 0 110 1846 130 416 0 7470 3362 85 0 1825 0 10363 3009 99 239 3 0 153 165 22 713 0 6090 378 4 2416 198 3 17 6 9 1360 247 10 27 0 202 9 9
24 597 104 172 6130 3749 4929 101 360 3531 4652 701 2305 583 639 48441 31823 26517 22986 79931 25071 4197 20620 25 46663 25015 15343 19522 17046 36115 9535 38549 25669 451 1755 2741 3510 8048 661 16961 41553 5916 970 14775 627 15521 17220 7551 12308 111 34 5151 1475 2107 6402 149 11297 16590 1561 19981 8832 1099 924 1095 352 11206 9019 2490 2508 52 6399 1720 1482
8 253 10 18 3403 367 2502 4 47 2399 658 13 326 22 17 29358 4662 2438 18057 49144 2274 140 11688 0 38603 3325 353 13565 2297 6198 149 29182 5033 4 322 1833 686 823 41 17181 6940 437 6 4377 1 11521 2799 141 297 14 6 903 193 66 1208 6 12735 496 3 4058 544 4 107 24 10 2472 401 24 99 0 216 15 7
46 611 476 559 4808 9799 2925 2066 492 1593 10562 5289 3075 4168 3657 29360 70094 43364 12794 42573 37119 52531 6873 4607 16196 44720 84184 9292 22867 76331 39360 11239 37312 18933 2390 1239 2773 7319 5476 3575 40137 32708 25510 20839 5802 4401 18607 25962 59654 66 108 3055 2623 7373 4803 7034 1806 71949 19684 14094 33287 12048 365 1485 1705 5050 33753 32185 3800 714 11071 20645 16023
10 189 18 27 2987 481 1447 7 26 1476 724 46 222 31 36 31291 7007 1278 18302 30386 3420 283 5854 1 26495 2312 1058 16076 3452 9762 187 14423 4271 7 137 1399 377 538 30 9968 3666 306 28 4582 9 8788 2629 349 721 23 0 395 286 58 541 3 7933 1028 45 2861 313 23 45 13 27 952 460 35 67 0 169 32 27
2 9 1 0 53 9 12 0 0 24 0 0 0 0 0 507 53 0 89 127 12 0 4 0 231 0 0 89 24 0 0 28 0 0 0 3 0 0 0 16 0 0 0 0 0 30 0 0 0 0 0 0 0 0 0 0 36 0 0 0 0 0 0 0 0 0 0 0 0 0 0 0 0
30 572 188 247 6817 5032 3350 393 499 3155 5394 1452 2582 1181 1034 52259 50632 23653 31992 62527 23486 12108 8961 310 50243 21599 25598 21024 21452 50050 12658 22096 21842 2389 2208 2395 6060 7524 2057 13792 32496 9795 3644 17204 1404 14264 24912 12357 19299 135 168 6540 1599 3667 5766 949 9290 21173 3439 20913 13972 2630 821 1833 710 11872 12570 5945 3368 157 8276 3809 2729
22 414 134 97 5964 3986 2548 279 183 3070 2200 800 1071 243 218 50709 51404 16577 33905 53699 22273 10117 7016 251 54904 8876 15798 23279 26946 24995 8348 22130 9009 1426 1488 2403 2385 3295 1115 16402 13671 1715 1365 9179 916 17181 12206 8050 4921 68 43 2959 1107 910 2562 80 14182 4698 1474 11514 2831 458 342 306 212 6594 3145 616 682 14 1908 404 311
48 664 643 485 5100 14382 3552 3810 573 2349 9410 7275 3135 3598 2613 34010 100816 62641 13008 47066 64753 109378 10186 11733 24283 34787 124618 11038 44265 63726 59615 18164 37576 41026 3834 1524 3048 9399 8741 7483 42420 26647 36847 23764 9569 6492 16492 43232 55767 124 123 4927 2256 8468 6274 5619 4568 51395 26786 18971 30787 13799 482 1783 1569 8756 26999 25397 3645 663 11373 13581 9560
19 418 86 85 5814 2950 3001 133 247 3126 2216 413 932 237 186 49887 33384 15807 30820 60670 19281 5720 10397 72 50785 9748 9057 24829 18598 25382 4996 27529 11070 527 1937 2588 2658 5099 976 17618 14204 1804 697 10102 249 16564 9508 3819 5472 56 31 4717 1120 1296 2126 89 14319 4760 575 10723 3303 375 700 423 193 5364 2515 689 795 3 1398 344 256
39 572 268 473 5121 6205 3205 583 201 2111 9617 2634 2756 2899 3023 36795 50273 27432 16777 48112 28824 16753 9975 465 25438 37897 45753 11788 21631 76565 22308 16553 39858 4163 1207 1959 1413 3508 1168 7162 39026 23353 8231 25513 2595 7345 19490 15044 47598 52 17 1512 2315 2642 5235 2571 4148 65258 8492 17398 23046 7388 119 386 909 6963 28875 19404 1895 865 10277 15688 12389
36 693 254 376 5658 8160 4773 435 337 2851 8817 2735 3302 1861 2109 34929 57690 55277 17955 67097 46673 17896 17398 150 31129 42806 54698 10261 30343 62353 36366 28791 40517 3133 2370 2031 1916 7865 1718 10667 53434 14824 6603 24027 4268 7656 19899 23156 39214 69 48 3270 2782 4023 9214 886 5372 47839 10208 20783 21233 5865 279 1080 951 10402 26691 11357 2462 371 11728 8112 7952
6 79 10 5 792 231 285 5 6 291 108 10 22 5 0 12465 2193 1299 2805 5666 762 150 360 0 3883 455 197 3666 730 1220 98 1250 305 5 43 178 38 70 10 841 254 48 4 416 1 1010 76 36 82 0 0 42 13 11 17 1 638 0 0 165 46 4 2 0 0 49 0 0 3 0 0 0 0
14 77 45 46 825 492 80 44 10 165 311 147 89 114 59 12784 5092 1159 2711 1616 463 706 29 16 2146 382 893 3266 1083 3459 776 129 224 101 54 77 108 84 28 87 251 176 179 464 68 778 726 364 894 1 2 37 36 55 8 39 277 419 96 289 314 135 0 3 12 136 181 227 13 11 60 95 34
2 11 1 0 85 9 32 0 1 13 0 0 0 0 0 1039 71 0 280 439 25 0 38 0 136 0 0 144 11 0 0 63 0 0 0 21 6 7 0 16 0 0 0 0 0 38 0 0 0 0 0 2 0 0 0 0 3 0 0 0 0 0 0 0 0 0 0 0 0 0 0 0 0
19 285 111 60 4671 2701 1614 291 131 1904 1315 419 426 176 83 51663 39746 9093 27107 32885 13782 9048 6068 401 34564 4596 8152 25024 16548 18839 3408 15281 6119 1038 1292 1779 1485 2351 842 9788 5762 1269 844 6191 217 14337 5589 2836 3263 34 24 2001 730 652 485 132 8671 2026 399 5300 1582 246 207 164 120 1909 938 383 213 10 432 139 67
26 580 147 178 6291 4926 4376 280 383 3587 4550 979 2129 730 611 48385 45145 29358 26497 75046 31556 11459 16444 196 50968 21543 21574 19710 25121 41110 10945 34027 22472 1489 2116 2633 3408 8220 1605 19434 34410 5947 2253 17090 714 13465 16360 10260 15704 162 52 5501 1582 2538 6209 425 12623 14474 2108 18587 9870 1515 684 991 599 11004 8737 2823 2312 150 5538 1993 1284
51 612 626 649 4121 13517 2824 2845 357 1748 10991 8226 2689 5687 4067 21348 83962 61777 10074 31758 57123 83977 6864 5656 15153 38741 124520 6591 35827 66669 80167 11683 37996 32010 2255 1010 1707 5773 5203 4858 32326 36490 41594 23166 13820 3927 13365 34380 89965 49 42 2685 2087 6597 3942 8322 2589 74515 31236 13906 33797 26488 209 903 1359 5699 29476 45676 2402 2154 9467 26736 16208
9 68 19 17 576 256 195 9 13 104 170 43 46 20 12 8785 2260 694 1890 3296 619 171 303 0 1462 426 365 2043 414 1511 265 423 402 15 26 116 40 143 11 155 360 86 24 201 14 342 264 113 207 1 2 37 18 37 17 0 63 128 22 104 63 19 2 10 3 36 42 20 14 0 22 9 3
3 18 2 1 323 18 42 0 0 34 12 1 3 0 0 4208 323 0 2388 1436 42 0 47 0 784 32 12 2427 34 261 0 85 16 0 0 35 0 0 0 43 24 0 0 18 0 314 25 3 0 0 0 0 0 0 1 0 25 0 0 12 0 0 0 0 0 2 0 0 0 0 0 0 0
10 54 21 24 507 189 89 16 3 89 231 52 30 16 36 6608 1724 386 1614 1630 316 199 50 4 1093 447 493 1577 307 2229 104 198 303 32 9 56 34 19 10 127 157 46 32 330 0 286 165 69 213 0 0 8 32 9 3 0 74 412 73 122 33 2 1 0 4 16 88 13 1 0 16 25 29
38 610 239 464 5027 5799 3856 482 275 1927 10095 2302 3063 2554 3098 33620 44275 27639 13990 56913 28818 14102 13056 397 20820 45381 42178 10673 17560 75590 18889 18740 44360 3286 1266 1914 1531 5584 1341 5555 48966 21789 6709 23569 1960 5881 18674 14177 43526 91 42 1759 2674 3189 7381 2001 3055 69672 8066 16085 22853 5768 153 862 1076 6010 33300 17006 2444 533 11396 14499 13590
23 581 93 160 5843 3360 5042 114 230 3771 4596 535 2183 541 581 43018 29131 21256 21851 85145 23426 4625 20586 40 51206 24433 12538 15046 18032 37252 6580 41573 26616 482 1737 3053 1717 5436 724 21394 40172 6010 802 17597 414 13207 14829 6223 10858 87 17 3254 1623 1523 7550 354 12689 15291 989 19097 9337 644 415 428 297 12076 9532 2221 1379 43 5855 1527 1339
7 68 7 14 1137 116 199 2 1 163 236 9 27 11 13 18231 1840 442 6025 4930 301 43 257 0 3587 788 123 7356 214 3839 82 501 577 1 41 372 20 11 1 262 275 104 4 549 0 1709 336 18 119 0 0 10 86 3 15 2 257 287 5 167 47 0 0 0 1 19 52 11 0 0 6 6 6
7 107 7 14 2375 171 387 1 12 515 261 9 93 14 11 28798 3234 736 17276 12256 604 26 573 0 12968 950 137 17048 633 5527 99 1861 526 0 91 985 169 177 7 1192 775 92 3 882 1 6528 1911 44 197 2 0 108 120 17 118 1 1585 199 2 799 152 4 13 5 8 321 102 12 18 0 42 9 3
47 633 519 562 4486 11182 3435 2130 437 1679 10688 6370 3187 4225 3490 26481 73170 48014 10618 44944 51901 58374 9111 3627 15361 44521 104208 8235 27677 71400 50444 13865 40403 22529 1863 1145 1845 8182 4812 4082 44736 31556 27441 20933 11142 4225 16144 33431 65274 131 70 2566 2562 6833 6263 6713 2185 68987 24139 14392 32753 15108 290 1341 1759 5543 33644 33139 3369 889 11836 19135 14503
3 19 2 1 227 22 42 0 0 26 14 1 1 0 0 2901 287 47 894 871 43 0 38 0 373 36 14 926 28 131 3 95 31 0 1 41 0 0 0 30 10 0 0 20 0 101 11 1 0 0 0 0 4 0 0 0 13 0 0 4 0 0 0 0 0 0 0 0 0 0 0 0 0
47 626 539 542 5022 11790 2960 2554 435 1955 10062 6324 3037 3945 3392 31988 84703 55330 15105 43051 46419 70665 7174 6010 20392 39052 101767 9460 33901 70222 55272 14036 35513 26678 2785 1661 2959 5979 5676 5157 37631 29824 28779 22916 8680 5827 19674 34309 61261 55 126 3264 2730 5925 5254 6201 2946 65526 25485 16527 29753 12823 352 1525 1124 6309 30568 30521 3422 657 11222 18441 14090
8 79 13 15 830 259 264 6 9 216 186 21 45 18 11 12087 3007 1121 3026 5588 966 178 490 1 3484 606 247 3866 782 1877 218 1108 444 4 30 346 65 113 16 557 269 66 15 404 2 1225 237 53 269 2 0 53 26 20 26 3 340 123 9 157 88 9 3 2 5 55 52 14 9 0 19 10 3
47 584 549 532 5164 10847 2766 2581 378 1961 9649 6481 2806 4000 3153 35790 88310 42044 15107 41223 42516 65339 6825 5938 22020 33313 103195 13097 31609 74926 46898 13580 35969 26976 2199 1577 3055 5072 4440 5560 34309 30600 30839 24737 8236 7132 19947 30879 56205 37 69 3180 2158 5748 4648 5021 3630 60511 25312 16410 27855 15866 247 1178 1184 6888 28306 28922 3075 1259 10634 17743 12253
6 49 8 7 899 131 133 3 6 132 76 9 13 5 3 14529 2517 346 5480 3595 316 68 141 0 3403 138 90 6541 364 1233 77 428 166 2 51 225 102 53 8 282 112 13 5 145 0 1419 132 18 70 0 0 61 23 10 9 0 190 38 3 68 12 1 2 1 2 9 8 2 2 0 3 2 0
31 572 222 243 6051 6187 4054 605 269 3417 5723 1702 2356 1219 969 45139 57389 24870 24894 68340 39904 20654 13751 723 46266 22900 35323 17345 33131 51674 14482 32224 27959 3908 1612 2534 2720 4842 1617 17523 35103 10126 5183 20998 1344 12269 18356 15649 23123 51 31 3903 1690 2082 6855 1049 10772 22265 4270 19808 14091 2834 436 661 651 11899 12632 5620 2036 324 7073 3799 2411
27 420 229 122 6243 5737 2107 864 302 2469 2715 1324 932 485 252 60055 74923 26563 33492 44174 24619 27599 5781 1643 41872 9604 26216 34252 28049 34270 12041 16339 11413 5095 2139 2023 4596 4312 2576 10338 11596 4074 3630 12198 1083 17578 11249 8755 8682 79 92 4400 1177 1929 1342 344 10519 5749 2052 10403 4656 1202 531 668 342 4041 3031 1434 1091 73 1336 707 287
30 617 150 285 5563 4198 4898 250 263 2926 7263 1152 2953 1146 1512 42663 34975 18446 16774 76398 26145 8003 19296 150 34928 35252 25063 13855 17052 57684 8520 32760 38649 1382 1236 2792 1525 5383 1008 12839 52323 11528 2681 23128 678 9570 18079 10671 19905 109 34 2386 2140 2025 9662 705 6972 37536 3443 20322 14147 1901 247 748 629 10736 21419 6135 2104 121 10497 4795 5414
25 485 152 148 6598 4636 2766 340 313 3280 3538 956 1420 564 440 53986 52752 25743 34882 56003 22489 12639 7480 320 53125 14368 19854 26208 26488 39786 10524 22179 14995 1866 2191 2339 3534 5935 1579 14774 18787 4262 2171 15278 673 18341 15483 8427 11748 49 36 4873 1435 2187 2040 297 13902 10490 1873 15655 6501 1258 742 727 430 7471 5360 2131 1441 33 2921 1218 810
15 107 69 36 1240 963 253 117 10 170 373 240 71 66 32 19327 11284 3014 6233 5320 2223 2443 252 64 3333 938 2258 6756 1540 4025 1624 515 689 437 168 167 85 82 51 217 480 327 258 483 158 1069 572 496 773 0 0 48 60 56 34 16 159 347 181 233 204 110 1 3 5 37 100 95 12 5 32 28 13
8 46 15 13 871 140 136 9 1 126 144 22 18 19 6 14211 2635 93 5423 3867 441 111 165 1 3344 235 219 6152 405 2621 49 428 317 10 15 266 8 5 1 291 147 100 17 306 1 1244 297 32 183 0 0 4 46 3 21 4 164 85 5 105 49 13 0 0 2 31 18 11 0 1 3 7 0
20 203 71 119 3007 1482 930 70 20 1172 1693 346 321 376 348 37958 19172 5185 15115 17068 7280 2100 3387 18 19976 3444 4776 18065 8878 26118 3595 8417 6363 214 216 957 168 306 82 6340 3281 1636 507 8501 222 7888 3611 1185 6211 0 0 168 299 143 220 183 5807 5595 476 3087 1622 460 4 6 55 813 1575 1204 68 36 418 932 593
30 520 196 239 7160 5395 2556 493 380 3039 5097 1415 1914 1179 973 51376 61894 28532 37462 53702 22433 17295 5675 561 49890 19130 26157 26902 26450 59444 14518 16805 18581 2923 2242 2362 5018 5639 2065 12305 21457 8125 4100 19317 945 17296 22282 10744 22027 68 84 5446 1673 2787 2939 1121 11430 21111 3297 18426 10845 2445 690 1130 850 8556 10364 5598 2426 252 5219 3638 2525
13 364 27 51 4632 1040 3087 10 104 3176 1402 85 859 97 94 41138 11610 5881 22599 59377 6789 413 11990 1 52397 5767 1775 16026 7359 14488 1043 30699 7479 13 619 2473 1011 2432 121 21221 12714 906 59 7527 25 14057 7824 1227 1885 90 3 1756 571 319 3725 11 15208 1976 79 7680 1853 91 299 104 86 6596 1827 187 401 7 1212 147 95
9 67 13 23 681 168 106 5 7 155 224 24 65 28 27 10005 1773 472 2082 2152 249 88 50 0 1855 493 211 2595 377 2235 113 236 196 6 22 78 48 58 7 120 305 80 13 409 4 659 468 81 277 0 0 20 34 14 20 5 271 258 11 276 96 6 0 7 4 79 143 45 10 0 36 19 17
2 23 0 1 314 0 86 0 0 65 17 0 3 0 0 5281 0 0 1698 2182 0 0 162 0 1376 42 0 1988 0 261 0 285 52 0 0 132 0 0 0 168 32 0 0 42 0 425 17 0 0 0 0 0 0 0 1 0 85 0 0 19 0 0 0 0 0 2 0 0 0 0 0 0 0
8 159 14 14 2605 465 981 6 34 1352 354 23 113 20 7 26387 6140 2153 15747 23555 2783 248 2749 0 26607 1361 487 12940 3708 5550 324 9236 1530 6 237 1132 442 635 35 7616 1501 166 15 2135 5 8716 1352 147 460 7 1 671 155 66 202 3 7375 169 4 1502 269 11 57 23 10 667 76 19 44 2 25 4 1
34 530 254 307 6127 6348 2774 622 234 2901 6068 2332 2303 1598 1432 49278 65671 28389 28320 49373 28137 18952 6813 566 44775 19553 38205 19790 31271 60449 22620 18242 24492 4735 1570 2610 2704 3168 1767 12348 26205 12276 6158 22499 3077 14373 21590 17289 26545 43 34 3005 1585 2121 4727 1390 9388 27923 6684 18168 15009 4245 268 685 471 10127 15478 9656 1657 208 7307 5288 4369
3 23 3 0 673 44 54 1 1 72 0 0 0 0 0 8144 1212 76 6378 2262 104 21 39 0 2266 0 0 5451 128 0 0 207 0 0 30 149 29 4 1 91 0 0 0 0 0 1495 0 0 0 0 0 16 0 0 0 0 153 0 0 0 0 0 0 0 0 0 0 0 0 0 0 0 0
9 99 29 7 1607 591 355 39 13 464 119 43 28 0 2 20669 9323 2222 9058 9903 1976 1098 471 18 10067 510 692 8707 2729 1880 401 1771 308 81 82 767 136 194 39 1604 266 0 0 420 15 4441 369 167 0 0 3 106 58 35 48 0 1518 34 12 257 0 0 2 4 0 98 19 0 0 0 2 0 0
34 611 267 294 6449 7542 3815 707 367 3136 6661 2484 2613 1455 1338 45804 68779 39826 26720 63002 40169 24815 12347 682 44348 27162 49140 17415 32432 59174 25503 25966 29257 5556 2448 2303 3306 6992 2488 13544 36747 11840 7178 22698 2976 12293 21701 19954 27325 112 68 4480 2161 3588 6253 899 9056 29190 7775 21152 15771 4322 408 1074 845 10955 16789 7663 2471 296 8362 5038 3991
2 27 1 0 613 27 91 0 0 210 0 0 0 0 0 6782 603 45 4646 2967 91 0 99 0 5527 0 0 3369 210 0 0 528 0 0 5 269 0 0 0 717 0 0 0 0 0 2587 0 0 0 0 0 0 0 0 0 0 956 0 0 0 0 0 0 0 0 0 0 0 0 0 0 0 0
39 605 360 381 5818 8163 3466 1380 511 2656 7957 3372 2924 2436 1951 43648 69624 32376 18890 55062 37934 37838 9486 2580 32603 29622 59336 15750 29970 65497 24925 20561 34447 11091 2482 2049 4366 7841 4352 9865 40000 21694 13898 23765 3034 9544 20752 22115 35737 122 203 5345 2153 5223 5621 3280 6397 41605 10189 21112 23275 6819 575 1842 1017 9793 21103 15073 4022 401 10603 9285 6601
10 254 19 26 3710 677 1992 12 46 2008 821 41 348 34 33 36731 8618 4094 20429 42959 4157 515 7392 2 36675 4104 1184 17611 4256 9742 411 18134 4600 19 513 1874 481 958 56 11886 6165 463 30 4344 0 12762 3615 409 665 12 4 874 383 125 1012 8 9490 877 36 4172 660 20 64 41 7 2149 620 41 86 0 294 31 23
1 2 0 0 18 0 0 0 0 1 0 0 0 0 0 323 0 0 42 0 0 0 0 0 12 0 0 34 0 0 0 0 0 0 0 0 0 0 0 0 0 0 0 0 0 3 0 0 0 0 0 0 0 0 0 0 0 0 0 0 0 0 0 0 0 0 0 0 0 0 0 0 0
0 0 0 0 0 0 0 0 0 0 0 0 0 0 0 0 0 0 0 0 0 0 0 0 0 0 0 0 0 0 0 0 0 0 0 0 0 0 0 0 0 0 0 0 0 0 0 0 0 0 0 0 0 0 0 0 0 0 0 0 0 0 0 0 0 0 0 0 0 0 0 0 0
47 605 492 589 4357 10387 2967 2032 428 1630 10891 5828 2848 4388 3967 28320 68336 46010 11028 38438 42192 54755 7745 3914 16210 43477 92726 7399 26671 72317 47121 11602 40229 20324 2326 1311 2046 6684 4950 4120 37801 31411 26586 21902 7676 3789 14767 27129 69561 96 99 2942 2556 6609 4692 6518 2081 78847 23235 13437 30609 13654 328 1382 1552 4686 33485 34895 3088 880 9793 23157 17526
18 431 65 88 5133 1948 3956 83 126 3434 2703 289 1212 213 231 42742 21995 5988 23262 71020 15118 2693 17420 45 49551 11639 7838 17351 13268 25149 1603 40307 18181 256 723 2806 1325 2579 346 21811 22788 3111 443 14347 108 14523 9737 3261 3588 55 15 1887 871 540 4238 110 14959 6351 486 12918 3396 232 213 225 107 7766 4374 583 528 4 2360 388 405
38 627 393 310 6269 10286 3668 1567 643 3238 6537 3728 2545 1991 1150 45707 90856 46310 24630 55967 51280 51207 10501 2801 42322 24946 66480 19676 44726 55086 36730 24732 27852 13297 3387 1844 5247 11168 6450 13644 34024 15273 14807 22009 5284 12791 18401 26447 34347 165 190 7661 1859 7197 5531 2240 10187 23606 9086 20562 20604 7788 1110 1949 1217 11314 13256 10302 3816 439 7244 5111 2660
10 231 11 34 3192 385 2002 0 12 1729 1078 25 296 38 57 31651 5047 2114 16798 40449 2745 0 9029 0 29759 5230 650 14726 2535 12808 237 20157 7372 0 101 1854 116 363 0 11301 5832 471 0 6263 4 10058 2891 283 974 3 0 157 417 35 850 0 8586 1902 22 3666 381 20 14 5 32 1456 887 53 19 2 258 56 53
15 361 29 76 4762 867 2825 16 95 2951 2063 86 967 157 196 46039 10769 3194 22310 53382 5000 540 11220 3 47068 6810 1851 19713 5237 22803 719 27539 12233 24 592 2099 1053 1620 95 18197 15193 1827 83 11441 17 13813 8328 789 2529 23 14 1639 593 225 2729 49 13864 4907 73 10325 2380 88 172 140 94 6164 3089 355 499 10 1725 364 299
20 319 120 70 5206 3190 1372 289 186 1573 1513 529 493 235 87 57573 44093 17229 29954 34545 12069 9936 2299 307 32417 6282 9989 32017 13078 21898 5654 7118 4599 1211 1519 1855 3156 2684 1086 4809 5322 1866 1133 5088 355 15464 7076 3287 4502 55 41 2730 946 917 642 130 5197 1863 453 4799 2086 528 288 312 167 1808 974 470 431 30 451 178 50
0 0 0 0 0 0 0 0 0 0 0 0 0 0 0 0 0 0 0 0 0 0 0 0 0 0 0 0 0 0 0 0 0 0 0 0 0 0 0 0 0 0 0 0 0 0 0 0 0 0 0 0 0 0 0 0 0 0 0 0 0 0 0 0 0 0 0 0 0 0 0 0 0
34 617 277 284 6008 7774 3913 834 410 3285 6297 2491 2735 1380 1279 46772 68300 39701 23764 60927 41734 27496 12757 1197 44614 26703 45867 15916 36897 51535 25122 27781 28055 6516 1855 2589 3573 6887 3240 15471 38649 11166 7183 20977 2640 11544 19534 23117 25449 113 134 4584 1563 3722 6789 851 9166 27817 7882 20795 15780 3991 575 1324 588 12001 15772 7635 2520 156 8829 4584 3741
8 41 6 22 345 61 96 0 2 38 172 7 25 22 27 4193 523 92 1053 1584 143 0 117 0 505 262 57 793 60 1367 31 140 317 0 5 49 19 11 0 35 171 55 0 129 0 106 195 8 184 0 0 9 11 3 15 0 16 252 1 56 44 7 0 1 3 6 62 18 4 1 9 28 15
25 508 95 205 6126 2659 3439 89 205 3111 4879 588 2122 742 881 51126 28379 10578 27443 62991 14844 3031 11746 27 49473 19715 11380 20786 13537 47701 5307 24499 23606 331 1081 2698 2057 3855 440 15049 30673 7170 895 18107 399 14952 19830 4793 12220 77 7 2771 1421 1208 4702 293 10651 20527 1150 19395 9207 1074 346 525 338 10081 11066 3290 1658 100 6633 2711 2380
17 344 53 83 5380 1443 2102 50 111 2439 2183 204 828 237 189 48945 20044 6452 31229 45450 6205 1564 7061 18 45813 8551 4277 24223 8021 26853 1842 17342 11138 120 745 2281 1753 1528 213 11181 11753 2967 269 10424 93 18244 10740 1407 3636 32 20 1696 900 472 1472 119 11075 4827 198 9211 3208 257 274 122 141 4562 2641 598 535 18 1324 455 235
