0 1
0 2
0 3
0 4
0 191
1 2
1 3
1 4
1 191
2 3
2 4
2 191
3 4
3 191
4 191
5 192
5 99
5 84
5 197
5 119
5 107
5 167
5 190
5 159
6 162
6 193
6 67
6 147
6 7
6 8
6 9
6 74
6 183
6 12
6 13
6 79
6 17
6 19
6 121
6 203
6 87
6 24
6 164
6 201
6 143
6 33
6 98
6 35
6 113
6 102
6 39
6 124
6 45
6 177
6 72
6 50
6 51
6 52
6 53
6 73
6 116
6 122
6 60
6 189
6 169
7 193
7 67
7 147
7 113
7 8
7 9
7 74
7 87
7 12
7 13
7 79
7 141
7 19
7 22
7 23
7 24
7 143
7 162
7 164
7 37
7 39
7 169
7 203
7 45
7 189
7 72
7 50
7 51
7 52
7 53
7 182
7 55
7 60
7 183
7 134
8 193
8 67
8 147
8 72
8 9
8 74
8 183
8 12
8 13
8 79
8 17
8 19
8 121
8 203
8 87
8 24
8 164
8 201
8 143
8 32
8 33
8 98
8 35
8 162
8 102
8 39
8 124
8 45
8 177
8 113
8 50
8 51
8 52
8 53
8 73
8 116
8 122
8 60
8 189
8 169
9 193
9 130
9 203
9 155
9 74
9 87
9 12
9 13
9 79
9 17
9 19
9 20
9 149
9 22
9 23
9 24
9 164
9 143
9 101
9 98
9 35
9 162
9 37
9 102
9 39
9 40
9 169
9 42
9 135
9 45
9 72
9 50
9 52
9 54
9 183
9 116
9 189
9 134
10 129
10 139
10 77
10 78
10 15
10 152
10 146
10 120
10 89
10 186
10 188
10 63
11 176
11 81
11 166
11 86
11 65
11 25
11 29
11 14
11 125
12 130
12 13
12 143
12 17
12 147
12 20
12 149
12 22
12 23
12 24
12 155
12 162
12 35
12 164
12 37
12 39
12 40
12 169
12 135
12 45
12 50
12 51
12 52
12 53
12 54
12 183
12 189
12 134
12 193
12 67
12 72
12 74
12 203
12 79
12 87
12 98
12 101
12 102
12 19
12 116
13 193
13 203
13 147
13 74
13 87
13 79
13 19
13 22
13 23
13 24
13 143
13 162
13 113
13 37
13 39
13 169
13 45
13 72
13 50
13 51
13 52
13 53
13 182
13 183
13 60
13 189
14 176
14 81
14 166
14 86
14 65
14 25
14 29
14 125
15 120
15 146
16 192
16 195
16 68
16 70
16 73
16 76
16 80
16 145
16 83
16 84
16 178
16 150
16 27
16 158
16 32
16 36
16 198
16 167
16 106
16 43
16 109
16 140
16 115
16 94
16 57
16 123
17 130
17 67
17 133
17 135
17 74
17 183
17 143
17 18
17 19
17 20
17 149
17 203
17 87
17 88
17 155
17 98
17 35
17 164
17 101
17 102
17 39
17 40
17 169
17 42
17 45
17 177
17 189
17 72
17 50
17 52
17 73
17 116
17 58
17 61
17 62
18 132
18 197
18 73
18 76
18 80
18 84
18 21
18 150
18 88
18 155
18 31
18 35
18 101
18 103
18 168
18 167
18 178
18 174
18 177
18 140
18 180
18 59
18 61
19 193
19 67
19 70
19 74
19 203
19 79
19 147
19 149
19 22
19 87
19 24
19 143
19 101
19 162
19 35
19 164
19 102
19 39
19 169
19 106
19 45
19 140
19 51
19 52
19 53
19 183
19 124
19 189
19 134
20 98
20 35
20 37
20 102
20 135
20 40
20 42
20 45
20 110
20 50
20 116
20 54
20 72
20 202
20 155
20 130
20 189
20 101
21 100
21 197
21 103
21 56
21 180
21 59
21 174
21 31
22 131
22 134
22 74
22 87
22 141
22 147
22 23
22 24
22 79
22 162
22 164
22 37
22 45
22 189
22 183
22 53
22 182
22 55
22 143
23 45
23 131
23 162
23 37
23 134
23 79
23 141
23 147
23 53
23 24
23 182
24 131
24 74
24 141
24 147
24 87
24 79
24 162
24 164
24 37
24 169
24 203
24 45
24 189
24 53
24 182
24 183
24 143
24 134
25 176
25 65
25 86
25 29
25 125
26 168
26 155
26 180
26 149
26 88
26 31
26 101
26 175
26 47
27 144
27 91
27 70
27 161
27 106
27 44
27 109
27 145
27 185
27 57
27 123
27 157
27 94
28 64
28 132
28 104
28 41
28 75
28 173
28 46
28 49
28 82
28 179
28 117
28 58
28 187
28 122
29 128
29 65
29 200
29 138
29 81
29 85
29 86
29 91
29 92
29 157
29 176
29 163
29 166
29 170
29 171
29 112
29 184
29 125
29 127
30 128
30 66
30 69
30 200
30 204
30 48
30 145
30 181
30 184
30 57
30 90
30 157
30 165
31 35
31 101
31 167
31 168
31 175
31 47
31 180
31 150
31 88
31 155
31 61
31 126
32 67
32 132
32 198
32 73
32 203
32 76
32 143
32 195
32 177
32 151
32 68
32 33
32 36
32 39
32 80
32 169
32 106
32 43
32 178
32 46
32 49
32 140
32 179
32 122
32 124
33 67
33 68
33 49
33 201
33 74
33 203
33 60
33 143
33 204
33 151
33 169
33 154
33 39
33 41
33 136
33 51
33 52
33 183
33 122
33 124
34 192
34 168
34 83
34 167
34 88
34 107
34 199
34 47
35 67
35 70
35 135
35 74
35 183
35 143
35 149
35 150
35 87
35 88
35 155
35 101
35 98
35 164
35 102
35 39
35 169
35 106
35 203
35 45
35 177
35 175
35 72
35 140
35 52
35 189
35 73
35 58
35 61
36 195
36 68
36 70
36 73
36 76
36 78
36 80
36 84
36 178
36 150
36 158
36 198
36 38
36 167
36 106
36 43
36 109
36 177
36 140
36 115
36 94
36 57
36 190
37 193
37 130
37 72
37 79
37 147
37 156
37 162
37 40
37 42
37 135
37 45
37 110
37 113
37 50
37 116
37 53
37 54
37 189
38 195
38 68
38 197
38 198
38 71
38 76
38 78
38 80
38 84
38 142
38 89
38 132
38 159
38 103
38 43
38 178
38 119
38 56
38 59
38 188
38 190
39 193
39 67
39 147
39 74
39 183
39 79
39 203
39 87
39 164
39 201
39 143
39 98
39 162
39 102
39 113
39 124
39 106
39 45
39 177
39 72
39 50
39 51
39 52
39 73
39 116
39 122
39 60
39 189
39 169
40 193
40 130
40 133
40 135
40 72
40 202
40 156
40 52
40 98
40 102
40 42
40 45
40 110
40 113
40 50
40 116
40 54
40 121
40 58
40 189
40 62
41 136
41 68
41 104
41 75
41 172
41 111
41 49
41 82
41 179
41 117
41 124
41 151
41 122
41 187
41 60
41 154
42 130
42 133
42 135
42 72
42 202
42 156
42 98
42 102
42 110
42 61
42 50
42 116
42 54
42 121
42 58
42 189
42 62
43 195
43 68
43 69
43 198
43 73
43 76
43 78
43 80
43 142
43 151
43 94
43 109
43 48
43 177
43 178
43 57
43 122
43 140
43 190
44 166
44 109
44 145
44 91
44 184
44 57
44 123
44 92
44 157
44 94
44 127
45 193
45 67
45 155
45 74
45 87
45 79
45 141
45 149
45 143
45 182
45 101
45 162
45 164
45 102
45 169
45 135
45 203
45 72
45 50
45 147
45 52
45 53
45 54
45 183
45 116
45 189
45 134
46 64
46 195
46 68
46 179
46 71
46 73
46 177
46 173
46 142
46 49
46 82
46 178
46 117
46 132
46 58
46 187
46 122
47 96
47 196
47 101
47 70
47 167
47 168
47 106
47 107
47 140
47 175
47 83
47 84
47 149
47 150
47 88
47 199
48 128
48 181
48 69
48 200
48 204
48 138
48 108
48 109
48 112
48 145
48 186
48 85
48 151
48 152
48 57
48 90
48 184
48 170
48 165
49 64
49 67
49 68
49 73
49 75
49 142
49 82
49 195
49 151
49 132
49 122
49 104
49 173
49 177
49 179
49 52
49 117
49 58
49 187
49 124
50 193
50 130
50 67
50 133
50 74
50 203
50 121
50 156
50 98
50 113
50 102
50 169
50 135
50 110
50 72
50 52
50 54
50 183
50 202
50 116
50 58
50 189
51 193
51 67
51 201
51 74
51 183
51 79
51 147
51 203
51 143
51 162
51 60
51 113
51 52
51 53
51 169
51 72
51 116
51 124
51 189
52 130
52 143
52 147
52 162
52 164
52 169
52 135
52 177
52 54
52 183
52 58
52 60
52 189
52 193
52 67
52 72
52 201
52 74
52 75
52 203
52 87
52 98
52 102
52 104
52 110
52 113
52 116
52 121
52 122
52 124
53 193
53 203
53 74
53 87
53 141
53 147
53 79
53 162
53 169
53 182
53 55
53 183
54 193
54 130
54 135
54 72
54 202
54 156
54 98
54 102
54 110
54 113
54 116
54 121
54 189
55 161
55 162
55 131
55 182
55 134
55 141
55 79
55 144
55 147
55 185
56 178
56 132
56 103
56 197
56 71
56 59
56 174
56 191
57 128
57 198
57 138
57 76
57 158
57 80
57 145
57 85
57 92
57 157
57 94
57 112
57 91
57 166
57 170
57 109
57 115
57 184
57 123
57 127
58 193
58 130
58 67
58 132
58 133
58 135
58 72
58 73
58 202
58 75
58 177
58 110
58 121
58 104
58 98
58 102
58 173
58 113
58 116
58 117
58 189
58 62
59 103
59 197
59 119
59 191
59 174
59 159
60 193
60 67
60 201
60 74
60 75
60 147
60 203
60 93
60 116
60 104
60 113
60 169
60 121
60 122
60 124
60 183
61 130
61 100
61 133
61 102
61 135
61 174
61 180
61 62
61 155
61 202
61 126
62 98
62 100
62 133
62 102
62 135
62 130
62 174
62 173
62 180
62 202
63 128
63 129
63 69
63 138
63 108
63 78
63 186
63 152
63 89
63 90
63 170
64 195
64 68
64 179
64 71
64 73
64 177
64 173
64 142
64 82
64 178
64 117
64 132
64 122
64 187
65 176
65 81
65 166
65 86
65 127
65 125
66 184
66 200
66 165
66 181
67 193
67 203
67 68
67 73
67 74
67 183
67 162
67 143
67 147
67 87
67 164
67 201
67 122
67 98
67 113
67 102
67 104
67 124
67 177
67 121
67 72
67 116
67 189
67 169
68 132
68 198
68 71
68 73
68 142
68 195
68 78
68 151
68 177
68 178
68 179
68 122
69 128
69 129
69 138
69 108
69 78
69 111
69 181
69 186
69 152
69 89
69 90
69 170
70 192
70 83
70 196
70 199
70 140
70 76
70 175
70 143
70 80
70 84
70 149
70 150
70 87
70 88
70 164
70 94
70 95
70 96
70 101
70 167
70 168
70 106
70 107
70 109
70 115
70 158
70 123
71 195
71 139
71 78
71 190
71 178
71 179
71 142
71 132
72 193
72 130
72 133
72 74
72 203
72 121
72 156
72 98
72 162
72 102
72 169
72 135
72 110
72 113
72 183
72 202
72 116
72 189
73 140
73 203
73 76
73 143
73 80
73 195
73 84
73 177
73 150
73 132
73 198
73 102
73 169
73 178
73 179
73 122
74 193
74 147
74 162
74 183
74 79
74 149
74 87
74 164
74 143
74 98
74 113
74 101
74 102
74 124
74 106
74 203
74 169
74 116
74 189
74 134
75 193
75 98
75 113
75 104
75 122
75 173
75 179
75 117
75 121
75 116
75 93
76 192
76 199
76 140
76 80
76 83
76 84
76 150
76 88
76 158
76 159
76 198
76 167
76 168
76 106
76 107
76 178
76 115
76 94
76 119
76 190
76 195
77 190
77 89
77 171
77 188
77 78
78 198
78 195
78 142
78 178
78 89
78 152
78 186
78 188
78 190
79 193
79 131
79 147
79 87
79 141
79 143
79 162
79 164
79 169
79 203
79 189
79 182
79 183
79 134
80 192
80 199
80 83
80 84
80 150
80 88
80 158
80 159
80 198
80 167
80 168
80 106
80 107
80 178
80 140
80 115
80 94
80 119
80 190
80 195
81 194
81 166
81 125
81 176
81 86
81 91
81 92
81 157
81 127
82 179
82 117
82 142
82 187
82 111
83 192
83 194
83 196
83 199
83 140
83 84
83 150
83 88
83 92
83 158
83 96
83 167
83 168
83 106
83 107
83 115
83 94
83 148
84 192
84 195
84 199
84 150
84 88
84 159
84 197
84 99
84 198
84 167
84 168
84 107
84 178
84 140
84 115
84 119
84 190
85 128
85 112
85 163
85 198
85 166
85 138
85 171
85 125
85 184
85 115
85 170
85 152
85 89
85 186
85 92
85 158
85 127
86 166
86 125
86 176
86 91
86 92
86 157
86 127
87 203
87 149
87 143
87 101
87 162
87 164
87 102
87 169
87 106
87 147
87 183
87 189
87 134
88 199
88 140
88 175
88 149
88 150
88 155
88 164
88 101
88 167
88 168
88 106
88 107
89 198
89 129
89 170
89 138
89 152
89 186
89 188
89 190
90 128
90 129
90 136
90 204
90 108
90 111
90 181
90 151
90 152
90 186
91 166
91 145
91 200
91 109
91 157
91 112
91 158
91 184
91 123
91 92
91 94
91 127
92 123
92 192
92 194
92 115
92 166
92 138
92 171
92 158
92 157
92 112
92 170
92 94
92 127
93 104
93 113
93 121
94 123
94 145
94 106
94 109
94 161
94 115
94 140
94 196
94 158
95 96
95 144
95 196
95 161
95 118
95 137
95 105
95 106
95 134
96 196
96 118
96 137
96 105
96 106
96 199
97 163
98 193
98 130
98 177
98 133
98 113
98 203
98 121
98 202
98 102
98 169
98 135
98 173
98 110
98 104
98 183
98 116
98 189
99 192
99 197
99 119
99 107
99 167
99 159
100 180
100 174
100 126
101 175
101 143
101 149
101 150
101 155
101 164
101 102
101 168
101 106
101 140
101 189
102 193
102 130
102 177
102 133
102 113
102 183
102 143
102 203
102 155
102 164
102 169
102 135
102 110
102 189
102 121
102 202
102 116
103 132
103 197
103 159
103 178
103 174
103 119
103 191
104 193
104 113
104 122
104 173
104 177
104 179
104 117
104 121
104 116
105 148
105 196
105 118
105 137
106 196
106 161
106 140
106 203
106 143
106 145
106 149
106 150
106 164
106 169
106 199
106 109
106 115
106 158
106 123
107 192
107 167
107 168
107 140
107 199
107 115
107 150
107 119
107 159
108 128
108 129
108 136
108 204
108 111
108 181
108 151
108 152
108 186
109 123
109 161
109 140
109 145
109 115
109 158
109 157
110 116
110 113
110 135
110 130
110 193
110 121
110 202
110 156
110 189
110 133
111 204
111 151
111 136
111 187
111 142
112 128
112 163
112 166
112 184
112 138
112 171
112 125
112 157
112 115
112 170
112 152
112 158
112 127
113 193
113 130
113 201
113 147
113 203
113 121
113 156
113 116
113 169
113 135
113 183
113 189
114 200
115 192
115 194
115 199
115 140
115 138
115 158
115 198
115 167
115 123
115 127
116 193
116 130
116 133
116 203
116 121
116 156
116 169
116 135
116 183
116 202
116 189
117 173
117 179
117 187
117 122
118 144
118 196
118 137
118 153
119 192
119 198
119 197
119 178
119 150
119 167
119 190
119 159
120 188
120 146
121 193
121 130
121 133
121 135
121 156
121 183
121 189
122 124
122 195
122 177
122 203
122 151
122 179
122 169
122 183
123 161
123 145
123 158
123 184
123 157
123 127
124 193
124 201
124 203
124 143
124 151
124 169
124 154
124 136
124 183
125 163
125 166
125 138
125 171
125 170
125 176
125 127
126 180
126 174
127 194
127 166
127 138
127 171
127 157
127 170
127 184
127 158
128 165
128 200
128 138
128 184
128 186
128 170
128 152
128 181
129 181
129 186
129 170
129 152
130 193
130 133
130 135
130 202
130 156
130 189
131 134
131 153
131 182
131 141
132 179
132 133
132 177
132 173
132 174
132 178
132 142
132 195
133 135
133 177
133 173
133 202
134 141
134 149
134 153
134 143
134 162
134 164
134 175
134 182
135 193
135 202
135 155
135 189
135 183
136 172
136 204
136 165
136 151
136 154
137 148
137 196
138 163
138 166
138 170
138 171
138 184
138 152
138 186
139 142
140 192
140 199
140 143
140 149
140 150
140 164
140 198
140 195
140 167
140 168
140 177
140 178
140 158
141 162
141 182
141 153
142 178
142 179
142 187
142 190
142 195
143 193
143 147
143 183
143 149
143 162
143 164
143 169
143 203
143 189
144 161
145 165
145 161
145 158
145 185
145 184
145 157
147 193
147 201
147 162
147 164
147 169
147 203
147 189
147 182
147 183
148 160
148 192
148 194
148 196
148 158
149 175
149 150
149 155
149 164
149 168
150 192
150 198
150 195
150 199
150 159
150 167
150 168
150 178
151 165
151 204
151 154
152 181
152 186
152 170
154 172
154 204
154 165
154 201
155 164
155 175
155 189
155 180
157 166
157 200
157 158
157 184
158 192
158 194
158 196
158 199
158 198
158 166
159 192
159 198
159 178
159 167
159 190
159 197
160 194
161 185
162 193
162 164
162 169
162 203
162 189
162 182
162 183
163 170
163 171
164 203
164 169
164 175
164 183
164 189
165 184
165 204
166 194
166 184
167 192
167 199
167 168
168 192
168 175
168 199
169 193
169 183
169 203
169 201
169 177
169 189
170 171
170 184
170 186
171 194
173 177
173 179
174 197
174 180
175 199
176 200
177 203
177 195
177 178
177 179
178 195
178 198
178 190
179 195
179 187
181 200
183 193
183 203
183 201
183 189
184 200
188 190
188 191
189 193
189 203
190 198
190 195
192 194
192 199
193 203
193 201
195 198
196 199
201 203
