0 1
0 2
0 3
0 4
0 5
0 70
0 8
0 96
0 11
0 143
0 79
0 144
0 17
0 18
0 19
0 174
0 86
0 152
0 25
0 75
0 28
0 93
0 30
0 81
0 32
0 97
0 91
0 37
0 38
0 39
0 184
0 170
0 110
0 175
0 178
0 51
0 204
0 134
0 56
0 188
0 83
0 133
1 96
1 2
1 3
1 4
1 5
1 199
1 8
1 75
1 204
1 143
1 144
1 17
1 18
1 83
1 86
1 154
1 27
1 92
1 93
1 30
1 133
1 32
1 35
1 38
1 81
1 184
1 170
1 178
1 175
1 49
1 91
1 51
1 52
1 56
1 63
2 3
2 4
2 5
2 184
2 11
2 143
2 144
2 17
2 18
2 19
2 152
2 25
2 154
2 27
2 28
2 30
2 133
2 32
2 35
2 37
2 38
2 41
2 170
2 199
2 45
2 174
2 175
2 49
2 51
2 56
2 196
2 71
2 200
2 75
2 204
2 79
2 81
2 83
2 86
2 91
2 93
2 96
2 97
2 104
2 108
2 112
3 4
3 5
3 8
3 11
3 143
3 144
3 17
3 18
3 19
3 56
3 152
3 25
3 28
3 30
3 133
3 32
3 35
3 37
3 38
3 39
3 170
3 174
3 175
3 178
3 51
3 184
3 188
3 70
3 71
3 200
3 75
3 204
3 79
3 81
3 83
3 86
3 91
3 93
3 96
3 97
3 146
3 110
3 112
4 5
4 8
4 11
4 143
4 144
4 17
4 18
4 19
4 152
4 25
4 184
4 28
4 30
4 133
4 32
4 35
4 37
4 38
4 39
4 170
4 45
4 174
4 175
4 51
4 56
4 185
4 196
4 71
4 200
4 75
4 204
4 79
4 81
4 83
4 86
4 91
4 93
4 96
4 97
4 104
4 108
4 146
4 110
4 112
5 133
5 8
5 11
5 143
5 144
5 17
5 18
5 19
5 56
5 152
5 25
5 28
5 30
5 32
5 35
5 37
5 38
5 39
5 170
5 174
5 175
5 178
5 51
5 184
5 188
5 70
5 71
5 200
5 75
5 204
5 79
5 81
5 83
5 86
5 91
5 93
5 96
5 97
5 146
5 110
5 112
6 173
6 82
6 53
6 118
6 167
6 140
6 12
6 125
6 111
7 128
7 33
7 166
7 70
7 39
7 8
7 204
7 173
7 110
7 112
7 81
7 53
7 86
7 183
7 186
7 168
7 95
8 66
8 70
8 128
8 204
8 143
8 144
8 17
8 83
8 86
8 23
8 25
8 81
8 30
8 95
8 96
8 33
8 39
8 168
8 170
8 110
8 112
8 51
8 53
8 183
8 184
8 186
9 113
9 98
9 145
9 136
9 161
9 141
9 194
10 32
10 35
10 199
10 75
10 13
10 175
10 49
10 18
10 115
10 22
10 56
10 154
10 27
10 92
10 63
11 65
11 71
11 200
11 108
11 74
11 66
11 79
11 81
11 146
11 19
11 174
11 86
11 87
11 88
11 25
11 152
11 91
11 28
11 93
11 30
11 133
11 196
11 97
11 34
11 162
11 37
11 38
11 40
11 170
11 44
11 45
11 129
11 104
11 50
11 83
11 185
11 59
12 173
12 131
12 53
12 140
12 31
12 125
12 61
12 111
13 32
13 35
13 199
13 75
13 175
13 49
13 115
13 22
13 56
13 154
13 63
14 176
14 84
14 150
14 180
14 155
14 61
14 78
14 31
15 16
15 132
15 190
15 135
16 171
16 100
16 135
16 139
16 82
16 195
16 149
16 203
16 127
16 164
16 159
16 189
16 21
17 70
17 96
17 75
17 204
17 143
17 144
17 81
17 18
17 83
17 86
17 152
17 25
17 27
17 92
17 93
17 30
17 95
17 32
17 97
17 35
17 38
17 39
17 168
17 184
17 170
17 178
17 110
17 175
17 112
17 91
17 51
17 56
17 133
18 81
18 199
18 184
18 96
18 75
18 204
18 175
18 143
18 92
18 83
18 22
18 154
18 27
18 86
18 94
18 133
18 32
18 97
18 35
18 38
18 39
18 168
18 41
18 144
18 178
18 115
18 49
18 91
18 51
18 56
18 63
19 65
19 134
19 71
19 200
19 129
19 74
19 79
19 88
19 146
19 196
19 86
19 87
19 24
19 25
19 152
19 91
19 28
19 93
19 30
19 133
19 162
19 37
19 38
19 40
19 170
19 44
19 45
19 174
19 50
19 120
19 185
19 59
19 188
19 126
20 36
20 118
20 167
20 123
20 60
20 157
21 195
21 100
21 135
21 72
21 139
21 145
21 149
21 203
21 164
21 127
21 156
21 159
22 32
22 35
22 199
22 75
22 175
22 49
22 115
22 56
22 154
22 27
22 92
22 63
23 144
23 39
23 137
23 171
23 204
23 110
23 47
23 112
23 81
23 189
23 41
23 153
23 168
23 183
23 94
23 95
24 65
24 68
24 134
24 129
24 201
24 74
24 79
24 146
24 87
24 88
24 196
24 185
24 37
24 40
24 188
24 193
24 44
24 45
24 174
24 177
24 120
24 121
24 59
24 124
24 138
24 126
25 65
25 70
25 129
25 143
25 79
25 146
25 86
25 152
25 91
25 28
25 93
25 30
25 133
25 96
25 37
25 170
25 174
25 83
25 186
25 59
25 188
25 134
26 88
26 34
26 193
26 148
26 162
26 40
26 121
26 136
26 44
26 50
27 81
27 199
27 96
27 75
27 204
27 144
27 83
27 86
27 153
27 154
27 184
27 92
27 94
27 32
27 97
27 35
27 38
27 39
27 168
27 41
27 175
27 49
27 51
27 56
27 63
28 65
28 71
28 200
28 108
28 74
28 66
28 79
28 81
28 146
28 174
28 86
28 87
28 88
28 152
28 91
28 93
28 30
28 133
28 193
28 97
28 34
28 162
28 37
28 38
28 40
28 170
28 44
28 45
28 129
28 104
28 50
28 185
28 59
28 196
29 195
29 36
29 117
29 167
29 203
29 127
30 70
30 65
30 143
30 79
30 146
30 174
30 86
30 152
30 91
30 93
30 133
30 96
30 37
30 38
30 81
30 129
30 170
30 45
30 110
30 200
30 51
30 83
30 186
30 59
30 188
30 134
31 33
31 70
31 78
31 111
31 176
31 180
31 53
31 155
31 61
31 95
32 199
32 184
32 75
32 204
32 143
32 115
32 83
32 154
32 86
32 133
32 96
32 97
32 35
32 38
32 92
32 144
32 178
32 175
32 49
32 91
32 51
32 52
32 56
32 63
33 70
33 39
33 137
33 204
33 173
33 110
33 143
33 168
33 53
33 61
33 95
34 97
34 98
34 136
34 162
34 37
34 146
34 161
34 40
34 194
34 108
34 66
34 45
34 141
34 104
34 50
34 88
34 200
35 71
35 184
35 96
35 75
35 92
35 83
35 175
35 154
35 86
35 94
35 133
35 97
35 91
35 38
35 81
35 104
35 41
35 144
35 199
35 115
35 49
35 51
35 56
35 63
36 140
36 167
37 65
37 71
37 200
37 108
37 74
37 66
37 79
37 88
37 146
37 174
37 86
37 87
37 152
37 91
37 93
37 133
37 193
37 196
37 162
37 38
37 40
37 170
37 44
37 45
37 129
37 104
37 50
37 120
37 185
37 59
37 126
38 184
38 144
38 152
38 133
38 39
38 41
38 170
38 199
38 45
38 174
38 175
38 49
38 51
38 183
38 56
38 66
38 71
38 200
38 81
38 83
38 86
38 91
38 92
38 93
38 94
38 96
38 97
38 104
38 108
38 112
39 128
39 81
39 204
39 143
39 144
39 83
39 86
39 153
39 94
39 95
39 96
39 97
39 104
39 41
39 110
39 112
39 168
39 51
39 183
39 184
40 65
40 66
40 152
40 68
40 129
40 200
40 44
40 74
40 162
40 79
40 146
40 87
40 88
40 196
40 93
40 185
40 193
40 170
40 108
40 45
40 174
40 177
40 50
40 120
40 121
40 59
40 124
40 138
40 126
41 192
41 49
41 144
41 81
41 83
41 86
41 153
41 92
41 94
41 97
41 104
41 47
41 112
41 168
41 51
41 183
42 198
42 101
42 54
42 55
42 202
42 90
42 122
42 85
43 64
43 80
43 67
43 101
43 202
43 160
43 76
43 191
43 78
43 48
43 114
43 147
43 84
43 46
43 150
43 176
43 180
43 90
43 155
43 122
43 85
44 65
44 66
44 152
44 68
44 129
44 200
44 74
44 79
44 146
44 87
44 88
44 196
44 93
44 185
44 193
44 162
44 170
44 45
44 174
44 177
44 50
44 120
44 121
44 59
44 124
44 138
44 126
45 65
45 71
45 200
45 108
45 74
45 66
45 79
45 146
45 87
45 88
45 196
45 152
45 91
45 93
45 193
45 162
45 170
45 174
45 104
45 50
45 185
45 120
45 121
45 59
45 126
46 80
46 106
46 107
46 76
46 78
46 48
46 114
46 147
46 85
46 150
46 155
46 191
47 112
47 144
47 102
47 153
47 168
47 192
47 94
48 64
48 160
48 67
48 101
48 202
48 76
48 191
48 78
48 80
48 114
48 147
48 84
48 150
48 176
48 180
48 90
48 155
48 122
48 85
49 51
49 199
49 96
49 75
49 184
49 83
49 154
49 92
49 94
49 97
49 175
49 115
49 56
49 63
50 196
50 71
50 200
50 74
50 162
50 79
50 88
50 146
50 87
50 152
50 93
50 170
50 108
50 174
50 104
50 185
50 59
51 143
51 144
51 56
51 152
51 154
51 133
51 168
51 170
51 199
51 175
51 178
51 184
51 63
51 71
51 75
51 204
51 81
51 83
51 86
51 91
51 92
51 93
51 94
51 96
51 97
51 104
51 110
51 112
52 178
52 133
52 56
52 96
52 75
52 143
52 175
52 184
52 63
53 64
53 70
53 173
53 78
53 176
53 180
53 110
53 61
53 95
54 85
54 198
54 55
54 202
54 90
55 198
55 122
55 85
55 202
55 90
55 101
56 199
56 96
56 75
56 204
56 143
56 115
56 83
56 154
56 86
56 133
56 97
56 92
56 144
56 178
56 175
56 91
56 184
56 63
57 165
57 166
57 119
57 73
57 186
57 173
57 62
57 101
58 160
58 114
58 118
58 60
58 123
58 76
58 157
58 173
59 65
59 68
59 134
59 129
59 200
59 74
59 79
59 146
59 196
59 87
59 88
59 152
59 93
59 193
59 162
59 188
59 170
59 174
59 177
59 185
59 120
59 121
59 124
59 138
59 126
60 99
60 169
60 73
60 123
60 157
61 70
61 78
61 111
61 176
61 180
61 155
61 95
62 116
62 130
62 163
62 68
62 69
62 119
62 201
62 165
63 133
63 199
63 96
63 75
63 83
63 154
63 92
63 175
63 115
63 184
64 165
64 67
64 101
64 70
64 188
64 138
64 173
64 78
64 84
64 186
64 176
64 202
64 90
64 166
64 122
64 134
64 85
65 129
65 68
65 134
65 193
65 200
65 74
65 79
65 146
65 196
65 87
65 88
65 152
65 93
65 162
65 188
65 170
65 174
65 177
65 185
65 120
65 121
65 124
65 138
65 126
66 128
66 193
66 68
66 161
66 98
66 144
66 81
66 146
66 86
66 88
66 97
66 170
66 200
66 108
66 110
66 112
66 104
66 183
66 124
67 176
67 101
67 70
67 202
67 78
67 147
67 84
67 85
67 150
67 186
67 180
67 90
67 191
67 122
67 166
68 69
68 134
68 129
68 201
68 138
68 130
68 146
68 88
68 163
68 165
68 166
68 193
68 126
68 186
68 124
69 163
69 165
69 201
69 172
70 134
70 204
70 143
70 84
70 95
70 166
70 110
70 176
70 180
70 186
70 188
71 200
71 79
71 81
71 146
71 86
71 152
71 196
71 91
71 93
71 133
71 97
71 162
71 104
71 170
71 108
71 174
71 175
71 83
71 185
72 145
72 164
72 149
72 135
72 159
72 156
73 156
73 116
73 119
73 123
73 159
74 196
74 129
74 200
74 79
74 152
74 146
74 151
74 91
74 93
74 185
74 162
74 174
74 177
74 120
74 121
74 87
74 126
75 199
75 184
75 96
75 143
75 115
75 83
75 154
75 91
75 92
75 133
75 175
75 178
76 160
76 80
76 150
76 107
76 191
76 114
76 147
76 78
76 118
76 155
76 85
77 169
77 99
78 176
78 191
78 147
78 173
78 114
78 107
78 84
78 150
78 180
78 155
79 134
79 200
79 129
79 88
79 146
79 196
79 87
79 152
79 91
79 93
79 133
79 162
79 170
79 174
79 120
79 185
79 188
79 126
80 114
80 147
80 85
80 150
80 90
80 106
80 191
81 128
81 143
81 144
81 152
81 153
81 161
81 168
81 170
81 183
81 184
81 200
81 204
81 83
81 86
81 91
81 93
81 94
81 96
81 97
81 104
81 108
81 146
81 110
81 112
82 171
82 100
82 149
82 167
82 139
82 173
82 195
83 143
83 144
83 152
83 154
83 133
83 168
83 170
83 199
83 174
83 175
83 178
83 204
83 184
83 86
83 91
83 92
83 93
83 94
83 96
83 97
83 104
83 110
83 112
84 176
84 180
84 90
84 188
84 122
84 85
85 101
85 198
85 147
85 202
85 90
85 122
85 191
86 128
86 143
86 144
86 153
86 152
86 133
86 168
86 170
86 174
86 175
86 183
86 200
86 204
86 184
86 91
86 93
86 94
86 96
86 97
86 104
86 108
86 146
86 110
86 112
87 196
87 200
87 152
87 151
87 185
87 162
87 174
87 177
87 120
87 121
87 126
88 129
88 200
88 138
88 130
88 152
88 146
88 185
88 196
88 93
88 193
88 161
88 163
88 162
88 170
88 108
88 174
88 177
88 121
88 124
88 126
89 177
89 179
89 148
89 151
89 121
89 103
90 101
90 122
90 202
90 191
91 184
91 96
91 143
91 196
91 152
91 93
91 133
91 97
91 170
91 199
91 108
91 174
91 175
91 200
91 185
91 146
92 199
92 184
92 96
92 204
92 144
92 153
92 154
92 94
92 168
92 175
93 143
93 146
93 152
93 133
93 162
93 170
93 174
93 185
93 188
93 196
93 200
93 96
93 97
93 104
93 108
94 192
94 144
94 153
94 97
94 104
94 112
94 168
94 183
94 184
95 131
95 137
95 204
95 110
95 143
95 168
96 199
96 204
96 143
96 144
96 152
96 154
96 133
96 97
96 168
96 184
96 170
96 178
96 110
96 175
97 184
97 144
97 152
97 104
97 170
97 108
97 175
97 112
97 183
97 200
98 113
98 163
98 130
98 161
98 136
98 194
98 141
99 169
99 157
100 149
100 171
100 164
100 195
100 139
100 203
100 189
100 127
101 160
101 165
101 166
101 173
101 186
101 138
101 202
101 122
101 198
102 192
103 177
103 179
103 148
103 121
103 201
103 172
103 158
104 200
104 161
104 144
104 146
104 152
104 162
104 170
104 108
104 112
104 183
105 113
105 142
106 147
106 155
106 150
106 107
106 191
107 114
107 147
107 150
107 155
107 191
108 200
108 146
108 196
108 152
108 162
108 170
108 174
108 185
109 171
109 189
110 128
110 204
110 143
110 144
110 168
110 170
110 112
110 183
110 184
110 186
111 140
111 131
111 137
111 125
112 128
112 204
112 161
112 144
112 153
112 170
112 168
112 183
113 161
113 163
113 194
113 136
113 130
113 142
113 141
114 160
114 150
114 147
114 118
114 155
114 157
114 191
115 199
115 175
115 154
116 187
116 119
118 160
118 157
118 173
119 187
119 156
120 196
120 134
120 129
120 151
120 174
120 177
120 146
120 185
120 121
120 126
121 196
121 185
121 177
121 151
121 146
121 193
121 148
121 126
122 129
122 134
122 188
122 198
122 186
122 202
122 166
122 138
122 165
123 156
123 149
123 167
123 157
123 159
124 128
124 163
124 165
124 134
124 129
124 161
124 138
124 130
124 146
124 193
124 201
124 186
124 166
125 137
125 131
126 134
126 129
126 146
126 196
126 185
126 193
126 174
126 177
126 188
126 138
127 195
127 164
127 203
128 161
128 168
128 183
129 134
129 193
129 146
129 152
129 186
129 188
129 174
129 185
129 138
130 161
130 163
130 193
130 201
130 194
130 142
131 137
132 190
133 184
133 143
133 152
133 154
133 170
133 199
133 174
133 175
134 138
134 146
134 186
134 166
134 188
134 174
135 145
135 164
135 149
135 159
135 156
136 194
136 141
137 171
137 189
137 168
138 188
138 193
138 166
138 146
138 201
138 186
138 165
139 195
139 164
139 159
139 156
139 149
140 167
141 194
142 163
142 158
143 204
143 168
143 184
143 170
143 175
143 178
144 204
144 184
144 153
144 170
144 168
144 183
145 164
145 159
145 156
145 149
146 193
146 152
146 196
146 161
146 162
146 170
146 174
146 185
146 200
147 191
147 150
147 155
148 177
148 179
148 151
148 158
149 195
149 164
149 156
149 159
150 180
150 176
150 155
150 191
151 177
152 200
152 174
152 162
152 170
152 185
152 196
153 192
153 168
153 183
153 204
154 199
154 175
154 184
155 176
155 180
155 191
156 164
156 159
157 160
157 169
157 173
159 195
159 164
160 198
160 191
160 173
161 193
161 163
161 194
161 183
162 196
162 200
162 170
162 174
162 185
163 193
163 201
163 165
164 195
164 203
165 198
165 166
165 201
165 186
166 198
166 201
166 173
166 186
167 195
168 204
168 171
168 183
168 184
170 174
170 184
170 185
170 196
170 200
171 189
172 201
172 197
174 200
174 196
174 185
174 188
175 184
175 199
175 178
176 180
177 193
178 184
178 204
182 187
184 199
184 204
185 200
185 196
185 193
186 188
193 200
193 201
195 203
196 200
198 202
