0 193
0 2
0 3
0 4
0 150
0 161
0 177
0 10
0 204
0 182
0 14
0 16
0 147
0 84
0 85
0 86
0 153
0 176
0 25
0 179
0 92
0 29
0 159
0 112
0 197
0 164
0 38
0 39
0 40
0 42
0 167
0 142
0 48
0 49
0 51
0 117
0 54
0 55
0 120
0 122
0 168
0 60
1 128
1 149
1 130
1 3
1 4
1 69
1 167
1 140
1 10
1 76
1 109
1 111
1 49
1 20
1 53
1 118
1 55
1 153
1 36
1 189
1 117
2 193
2 3
2 4
2 150
2 161
2 177
2 10
2 204
2 182
2 14
2 16
2 147
2 84
2 86
2 153
2 176
2 25
2 179
2 92
2 29
2 159
2 112
2 197
2 164
2 38
2 39
2 40
2 42
2 167
2 48
2 49
2 51
2 186
2 53
2 54
2 55
2 120
2 122
2 168
2 60
2 117
3 203
3 4
3 197
3 161
3 73
3 10
3 119
3 14
3 16
3 193
3 149
3 86
3 186
3 176
3 68
3 154
3 29
3 159
3 112
3 164
3 38
3 39
3 40
3 42
3 167
3 177
3 189
3 48
3 49
3 179
3 117
3 55
3 121
3 122
3 168
3 170
3 53
4 197
4 128
4 161
4 10
4 55
4 76
4 16
4 149
4 86
4 176
4 153
4 92
4 29
4 159
4 48
4 164
4 39
4 168
4 42
4 167
4 112
4 49
4 115
4 53
4 119
4 122
4 138
4 126
4 117
5 80
5 129
5 83
5 68
5 71
5 90
5 44
5 106
6 64
6 96
6 114
6 43
6 139
6 78
6 59
6 173
6 94
6 165
7 32
7 64
7 162
7 99
7 101
7 145
7 41
7 43
7 142
7 47
7 17
7 18
7 131
7 87
7 137
8 67
8 150
8 70
8 97
8 9
8 11
8 15
8 146
8 19
8 84
8 21
8 22
8 151
8 24
8 25
8 91
8 93
8 95
8 160
8 33
8 155
8 166
8 102
8 188
8 171
8 174
8 157
8 50
8 51
8 120
8 185
8 60
8 125
8 62
9 67
9 132
9 150
9 70
9 97
9 15
9 146
9 19
9 148
9 22
9 151
9 24
9 91
9 93
9 95
9 33
9 35
9 166
9 102
9 188
9 171
9 174
9 157
9 50
9 185
9 60
9 125
9 62
10 197
10 161
10 177
10 119
10 14
10 16
10 164
10 149
10 86
10 186
10 176
10 25
10 29
10 159
10 48
10 36
10 38
10 39
10 40
10 42
10 167
10 203
10 111
10 112
10 49
10 179
10 53
10 182
10 55
10 120
10 121
10 122
10 168
10 189
10 117
11 67
11 22
11 143
11 148
11 21
11 150
11 185
11 25
11 26
11 91
11 156
11 157
11 95
11 197
11 38
11 168
11 188
11 174
11 111
11 113
11 50
11 182
11 120
11 57
11 60
11 125
12 58
12 63
12 191
12 30
12 31
13 67
13 35
13 148
13 135
13 136
13 27
13 95
14 64
14 68
14 197
14 193
14 137
14 75
14 142
14 16
14 17
14 18
14 85
14 203
14 176
14 25
14 28
14 159
14 161
14 162
14 164
14 101
14 38
14 145
14 40
14 170
14 43
14 172
14 45
14 47
14 112
14 177
14 179
14 201
14 120
14 121
14 122
14 187
15 67
15 132
15 150
15 70
15 97
15 146
15 19
15 84
15 21
15 22
15 151
15 24
15 91
15 93
15 185
15 95
15 33
15 155
15 166
15 102
15 188
15 171
15 174
15 157
15 50
15 148
15 60
15 125
15 62
16 193
16 68
16 197
16 161
16 145
16 137
16 75
16 17
16 18
16 177
16 85
16 203
16 25
16 176
16 186
16 159
16 48
16 162
16 164
16 38
16 39
16 40
16 170
16 43
16 142
16 47
16 112
16 168
16 179
16 119
16 120
16 121
16 122
17 64
17 193
17 203
17 137
17 75
17 142
17 145
17 18
17 28
17 159
17 162
17 101
17 38
17 177
17 40
17 170
17 43
17 172
17 45
17 47
17 104
17 179
17 121
17 187
17 85
18 193
18 203
18 68
18 179
18 137
18 75
18 142
18 28
18 162
18 101
18 145
18 40
18 170
18 43
18 44
18 45
18 47
18 104
18 172
18 121
18 187
18 85
19 67
19 150
19 70
19 97
19 146
19 84
19 21
19 22
19 151
19 24
19 91
19 93
19 185
19 95
19 33
19 35
19 166
19 102
19 188
19 171
19 174
19 157
19 50
19 148
19 60
19 125
19 62
20 130
20 195
20 69
20 74
20 107
20 194
20 149
20 118
20 154
20 202
20 158
20 53
21 67
21 22
21 143
21 150
21 185
21 25
21 157
21 95
21 197
21 91
21 38
21 40
21 188
21 174
21 113
21 50
21 181
21 182
21 120
21 57
21 122
21 168
21 60
21 125
22 67
22 97
22 76
22 126
22 84
22 150
22 153
22 152
22 25
22 91
22 157
22 185
22 95
22 33
22 148
22 35
22 100
22 166
22 102
22 168
22 171
22 174
22 136
22 50
22 51
22 180
22 117
22 120
22 57
22 60
22 62
23 66
23 100
23 37
23 134
23 183
23 180
23 196
23 126
24 132
24 70
24 81
24 146
24 150
24 151
24 155
24 93
24 160
24 33
24 91
24 103
24 171
24 174
24 50
24 181
24 185
24 188
24 125
25 171
25 150
25 84
25 121
25 176
25 91
25 185
25 159
25 160
25 161
25 197
25 155
25 164
25 38
25 167
25 40
25 188
25 43
25 142
25 174
25 112
25 168
25 50
25 51
25 117
25 182
25 120
25 57
25 122
25 60
25 125
25 85
26 36
26 197
26 168
26 156
26 79
26 140
26 109
26 143
26 113
26 182
26 164
26 111
26 124
26 30
26 31
27 35
27 67
27 148
27 135
27 136
27 58
27 156
27 174
27 95
28 65
28 203
28 68
28 145
28 104
28 172
28 170
28 75
28 44
28 45
28 110
28 187
29 179
29 161
29 177
29 55
29 149
29 86
29 176
29 154
29 92
29 186
29 159
29 48
29 39
29 42
29 167
29 112
29 49
29 115
29 116
29 53
29 119
29 122
29 138
29 117
30 113
30 191
30 156
30 31
30 58
30 63
31 113
31 191
31 156
31 143
31 58
31 63
32 41
32 87
32 101
33 67
33 146
33 84
33 150
33 151
33 91
33 157
33 185
33 95
33 97
33 35
33 166
33 102
33 171
33 174
33 136
33 50
33 148
33 60
33 62
34 56
34 88
34 192
34 141
35 67
35 146
35 97
35 91
35 135
35 174
35 136
35 50
35 148
35 151
35 157
35 95
36 164
36 69
36 73
36 140
36 109
36 111
36 88
36 182
36 56
36 143
36 124
36 197
37 196
37 198
37 134
38 197
38 201
38 142
38 143
38 145
38 75
38 150
38 176
38 159
38 161
38 164
38 40
38 170
38 43
38 203
38 112
38 168
38 179
38 182
38 120
38 121
38 122
38 85
39 193
39 179
39 161
39 138
39 55
39 149
39 86
39 154
39 92
39 159
39 112
39 177
39 105
39 42
39 176
39 189
39 48
39 49
39 115
39 52
39 53
39 119
39 116
39 186
40 197
40 201
40 75
40 142
40 143
40 145
40 150
40 176
40 159
40 161
40 164
40 168
40 170
40 43
40 203
40 112
40 179
40 182
40 120
40 121
40 122
40 85
41 162
41 101
41 87
41 127
41 137
41 169
41 47
42 179
42 161
42 177
42 55
42 149
42 86
42 154
42 92
42 159
42 48
42 176
42 189
42 112
42 49
42 115
42 116
42 53
42 119
42 186
42 138
43 64
43 193
43 131
43 137
43 75
43 142
43 145
43 155
43 159
43 162
43 101
43 170
43 45
43 47
43 120
43 121
43 85
44 203
44 68
44 199
44 201
44 170
44 75
44 172
44 45
44 110
44 144
44 90
44 187
45 65
45 139
45 68
45 199
45 75
45 144
45 145
45 203
45 90
45 104
45 170
45 172
45 110
45 201
45 121
45 187
46 160
46 66
46 51
46 147
46 54
46 105
46 89
46 123
46 204
46 98
47 64
47 160
47 162
47 142
47 101
47 193
47 145
47 147
47 75
47 131
47 85
47 87
47 137
47 155
48 193
48 177
48 55
48 204
48 147
48 86
48 186
48 92
48 159
48 161
48 162
48 105
48 176
48 112
48 49
48 179
48 52
48 54
48 119
48 116
48 122
48 123
48 138
49 179
49 161
49 138
49 55
49 149
49 86
49 176
49 154
49 92
49 159
49 167
49 189
49 112
49 177
49 115
49 116
49 53
49 119
49 186
50 67
50 150
50 70
50 97
50 146
50 84
50 151
50 91
50 93
50 185
50 95
50 166
50 102
50 188
50 171
50 174
50 157
50 155
50 148
50 60
50 125
50 62
51 150
51 62
51 204
51 66
51 147
51 84
51 176
51 89
51 91
51 160
51 161
51 98
51 155
51 166
51 102
51 168
51 171
51 112
51 117
51 54
51 120
51 122
51 60
51 126
52 193
52 86
52 105
52 138
52 204
52 177
52 147
52 116
52 54
52 169
52 123
52 92
52 61
53 128
53 69
53 55
53 76
53 130
53 149
53 86
53 153
53 154
53 159
53 161
53 167
53 176
53 115
53 117
53 118
53 119
53 189
54 193
54 161
54 138
54 204
54 98
54 147
54 84
54 86
54 89
54 92
54 160
54 162
54 105
54 176
54 112
54 122
54 123
55 179
55 161
55 177
55 138
55 149
55 86
55 186
55 176
55 154
55 92
55 159
55 167
55 189
55 112
55 115
55 116
55 119
55 122
55 117
56 192
56 69
56 88
56 140
56 124
56 109
57 67
57 197
57 136
57 76
57 148
57 152
57 153
57 91
57 157
57 95
57 97
57 100
57 167
57 168
57 174
57 117
57 182
57 120
57 60
57 126
58 113
58 135
58 156
58 191
58 63
59 64
59 99
59 132
59 70
59 103
59 142
59 77
59 78
59 173
59 81
59 114
59 131
59 85
59 175
59 94
59 165
60 67
60 150
60 97
60 66
60 84
60 153
60 152
60 91
60 157
60 185
60 95
60 100
60 166
60 102
60 167
60 168
60 171
60 174
60 112
60 117
60 126
60 120
60 122
60 62
61 105
61 123
61 169
61 127
62 66
62 67
62 150
62 97
62 146
62 84
62 151
62 91
62 157
62 95
62 166
62 102
62 171
62 174
62 180
62 185
63 191
63 156
64 131
64 145
64 137
64 75
64 77
64 142
64 139
64 78
64 155
64 94
64 81
64 165
64 99
64 101
64 103
64 173
64 121
64 85
65 200
65 104
65 187
65 172
66 98
66 147
66 166
66 102
66 171
66 204
66 84
66 89
66 183
67 135
67 146
67 148
67 151
67 91
67 157
67 185
67 95
67 97
67 188
67 171
67 174
67 136
68 71
68 200
68 73
68 75
68 144
68 203
68 179
68 159
68 164
68 170
68 110
68 172
68 201
68 121
68 186
68 187
68 189
69 192
69 130
69 194
69 140
69 109
69 111
69 141
69 88
69 118
69 124
70 131
70 132
70 142
70 81
70 146
70 150
70 151
70 155
70 93
70 160
70 99
70 103
70 171
70 185
70 188
70 125
71 129
71 72
71 73
71 106
71 203
71 189
71 80
71 200
71 83
71 149
71 119
71 179
71 186
72 129
72 178
72 195
72 73
72 108
73 129
73 195
73 203
73 178
73 179
73 149
73 124
73 189
74 194
74 195
74 118
74 202
74 107
74 158
75 193
75 179
75 137
75 203
75 142
75 145
75 159
75 162
75 164
75 101
75 170
75 172
75 201
75 121
75 187
75 85
76 128
76 182
76 100
76 167
76 168
76 152
76 153
76 126
76 117
77 133
77 165
77 78
77 175
77 81
77 85
77 188
77 125
77 94
77 181
78 181
78 132
78 133
78 103
78 142
78 175
78 81
78 85
78 188
78 125
78 94
78 165
79 113
79 82
79 133
79 156
79 143
80 129
80 83
80 184
80 106
80 190
81 99
81 132
81 165
81 103
81 142
81 175
81 131
81 155
81 85
81 188
81 93
81 94
82 163
83 129
83 184
83 106
83 190
84 147
84 150
84 97
84 204
84 152
84 89
84 91
84 157
84 160
84 98
84 100
84 166
84 102
84 171
84 174
84 112
84 126
84 183
84 122
85 197
85 193
85 145
85 137
85 150
85 155
85 159
85 160
85 162
85 164
85 170
85 142
85 112
85 120
85 121
85 122
85 125
86 161
86 177
86 149
86 186
86 176
86 154
86 92
86 159
86 105
86 167
86 112
86 115
86 119
86 116
86 122
86 138
86 117
87 162
87 101
87 137
87 127
87 169
88 192
88 140
88 124
88 109
89 160
89 147
89 105
89 123
89 204
89 98
90 144
90 163
90 199
90 110
91 150
91 97
91 146
91 151
91 93
91 185
91 95
91 148
91 166
91 102
91 188
91 171
91 174
91 157
91 125
92 161
92 177
92 138
92 204
92 186
92 154
92 105
92 176
92 112
92 115
92 119
92 116
92 122
92 123
93 160
93 155
93 132
93 103
93 171
93 146
93 150
93 151
93 185
93 188
93 125
94 96
94 175
94 99
94 165
94 139
94 173
94 114
94 131
95 150
95 97
95 146
95 148
95 151
95 157
95 185
95 188
95 135
95 174
95 136
95 125
96 114
96 165
96 139
96 173
97 146
97 148
97 151
97 152
97 157
97 185
97 166
97 102
97 171
97 174
97 136
97 180
98 160
98 123
98 147
98 166
98 102
98 171
98 204
98 155
99 131
99 132
99 165
99 103
99 173
99 175
100 128
100 180
100 166
100 167
100 126
100 117
100 152
100 157
100 153
101 162
101 145
101 193
101 131
101 142
101 137
102 166
102 171
102 174
102 157
103 160
103 132
103 175
103 125
103 131
103 155
103 142
103 185
103 188
104 179
104 200
104 172
104 187
105 193
105 161
105 162
105 169
105 138
105 204
105 177
105 147
105 116
105 123
105 127
106 129
106 190
107 130
107 195
107 118
107 202
107 194
107 158
108 178
108 195
108 124
109 192
109 164
109 168
109 140
109 143
109 182
109 111
109 124
109 197
110 203
110 199
110 170
110 139
110 172
110 144
110 201
110 187
111 168
111 140
111 143
111 113
111 182
111 164
111 124
111 197
112 193
112 150
112 177
112 204
112 182
112 147
112 153
112 176
112 179
112 159
112 161
112 197
112 164
112 167
112 142
112 186
112 117
112 120
112 122
112 168
113 133
113 143
113 182
113 156
114 139
114 165
114 173
115 128
115 198
115 167
115 138
115 116
115 154
116 186
116 119
116 177
116 138
116 154
117 128
117 153
117 152
117 197
117 161
117 167
117 168
117 176
117 182
117 120
117 122
117 126
118 149
118 130
118 202
118 194
118 158
119 200
119 149
119 154
119 159
119 161
119 176
119 177
119 179
119 186
119 189
120 150
120 143
120 176
120 155
120 185
120 159
120 161
120 197
120 164
120 167
120 188
120 142
120 174
120 168
120 182
120 121
120 122
120 125
121 197
121 201
121 142
121 144
121 145
121 203
121 159
121 164
121 170
121 179
121 182
122 193
122 150
122 161
122 177
122 204
122 182
122 147
122 197
122 179
122 155
122 159
122 160
122 162
122 164
122 167
122 176
122 142
122 168
123 193
123 204
123 162
123 147
123 169
123 127
124 192
124 140
124 178
125 132
125 146
125 150
125 151
125 174
125 181
125 185
125 188
126 128
126 180
126 166
126 167
126 168
126 152
126 157
126 153
127 169
128 130
128 167
128 168
128 140
128 153
128 152
130 194
130 202
130 141
131 132
131 137
131 173
131 142
131 155
132 175
132 146
132 155
132 181
132 151
132 185
132 188
133 156
133 143
134 196
134 198
135 148
135 136
136 174
136 148
136 157
137 160
137 162
137 142
137 193
137 145
137 147
137 155
138 161
138 198
138 176
138 204
139 199
139 173
140 192
140 141
141 202
142 145
142 150
142 155
142 160
142 162
142 193
142 188
143 197
143 168
143 182
143 164
143 156
144 201
144 203
144 170
144 199
145 193
145 203
145 162
145 170
145 172
145 187
146 148
146 151
146 157
146 171
146 174
146 181
146 185
146 188
147 193
147 162
147 204
147 155
147 160
147 161
148 151
148 157
148 185
148 174
149 154
149 159
149 161
149 164
149 177
149 176
149 179
149 186
149 189
150 197
150 151
150 160
150 155
150 166
150 188
150 171
150 174
150 157
150 168
150 182
150 185
151 157
151 171
151 174
151 181
151 185
151 188
152 180
152 166
152 167
152 174
152 153
152 157
153 197
153 167
153 168
153 176
154 177
154 189
154 186
155 204
155 162
155 160
155 171
155 185
155 188
156 181
157 185
157 166
157 171
157 174
157 180
158 194
158 195
158 202
159 197
159 161
159 168
159 167
159 193
159 186
159 176
159 164
159 203
159 177
159 189
159 179
159 182
159 170
160 193
160 204
160 162
160 171
161 193
161 179
161 177
161 204
161 186
161 176
161 162
161 164
161 167
161 197
161 168
162 193
162 204
163 199
164 197
164 201
164 203
164 170
164 176
164 168
164 179
164 182
164 189
165 175
165 173
166 204
166 171
166 174
166 183
167 197
167 168
167 176
167 182
168 197
168 176
168 174
168 182
170 199
170 203
170 172
170 179
170 201
170 187
171 174
171 185
172 200
172 203
172 179
172 187
174 185
174 188
176 193
176 179
176 177
176 204
176 197
176 186
177 193
177 200
177 186
177 179
177 189
179 193
179 200
179 203
179 189
179 186
181 188
181 185
182 197
183 196
185 188
186 193
186 200
186 203
186 189
187 203
189 203
193 204
194 195
194 202
199 203
199 201
201 203
