0 64
0 1
0 2
0 3
0 4
0 5
0 200
0 10
0 12
0 66
0 78
0 79
0 186
0 17
0 23
0 24
0 68
0 152
0 155
0 29
0 30
0 69
0 38
0 39
0 40
0 105
0 170
0 44
0 45
0 47
0 48
0 49
0 180
0 94
0 183
0 153
0 121
0 58
0 95
0 109
0 127
1 2
1 3
1 4
1 5
1 200
1 10
1 12
1 66
1 78
1 79
1 186
1 17
1 23
1 24
1 68
1 152
1 155
1 29
1 30
1 69
1 39
1 40
1 170
1 44
1 109
1 47
1 48
1 49
1 180
1 183
1 153
1 121
1 58
1 95
1 127
2 66
2 3
2 4
2 5
2 64
2 10
2 12
2 78
2 79
2 152
2 17
2 186
2 23
2 24
2 68
2 90
2 155
2 29
2 30
2 69
2 38
2 39
2 40
2 105
2 170
2 44
2 45
2 47
2 48
2 49
2 109
2 180
2 53
2 183
2 153
2 121
2 58
2 95
2 200
2 94
2 127
3 186
3 4
3 5
3 64
3 10
3 12
3 66
3 78
3 79
3 17
3 23
3 24
3 68
3 152
3 155
3 29
3 30
3 69
3 34
3 38
3 39
3 40
3 105
3 170
3 44
3 45
3 47
3 48
3 49
3 180
3 94
3 183
3 153
3 121
3 58
3 95
3 200
3 109
3 127
4 68
4 5
4 64
4 10
4 183
4 12
4 66
4 79
4 186
4 17
4 23
4 24
4 89
4 152
4 155
4 28
4 29
4 30
4 69
4 34
4 39
4 40
4 105
4 170
4 44
4 109
4 47
4 48
4 49
4 180
4 153
4 72
4 58
4 200
4 126
4 127
5 200
5 10
5 12
5 66
5 79
5 17
5 23
5 24
5 68
5 152
5 29
5 94
5 39
5 40
5 105
5 170
5 44
5 109
5 49
5 30
5 183
5 153
5 186
5 127
6 160
6 33
6 197
6 123
6 20
6 37
6 31
6 92
6 21
7 64
7 34
7 165
7 103
7 104
7 105
7 172
7 79
7 136
7 18
7 137
7 88
7 90
7 125
7 126
8 67
8 196
8 133
8 9
8 203
8 13
8 15
8 144
8 83
8 148
8 132
8 97
8 162
8 131
8 16
8 43
8 112
8 50
8 19
8 54
8 60
8 62
9 43
9 132
9 133
9 198
9 87
9 13
9 15
9 16
9 83
9 148
9 25
9 100
9 188
9 97
9 35
9 36
9 166
9 169
9 144
9 107
9 108
9 50
9 19
9 131
9 55
9 60
9 62
10 200
10 12
10 66
10 17
10 23
10 24
10 68
10 152
10 155
10 29
10 30
10 69
10 39
10 40
10 170
10 44
10 109
10 47
10 186
10 117
10 183
10 153
10 58
10 127
11 112
11 162
11 148
11 169
11 54
11 71
11 56
11 41
11 62
12 17
12 150
12 23
12 24
12 153
12 154
12 155
12 28
12 29
12 30
12 34
12 38
12 39
12 40
12 44
12 45
12 47
12 48
12 200
12 180
12 53
12 183
12 58
12 64
12 66
12 68
12 69
12 72
12 79
12 80
12 88
12 89
12 152
12 186
12 95
12 105
12 109
12 117
12 126
12 127
13 67
13 196
13 133
13 203
13 15
13 144
13 83
13 148
13 132
13 97
13 162
13 131
13 16
13 43
13 112
13 50
13 19
13 54
13 60
13 62
14 32
14 194
14 163
14 179
14 70
14 103
14 137
14 172
14 18
14 115
14 52
14 184
14 165
15 67
15 132
15 133
15 134
15 139
15 144
15 83
15 148
15 196
15 203
15 25
15 97
15 162
15 131
15 16
15 43
15 178
15 174
15 50
15 19
15 54
15 60
15 62
16 67
16 132
16 133
16 144
16 83
16 148
16 196
16 97
16 162
16 131
16 41
16 43
16 174
16 112
16 50
16 19
16 54
16 169
16 60
16 62
17 64
17 66
17 78
17 79
17 186
17 152
17 23
17 24
17 68
17 90
17 155
17 29
17 30
17 69
17 38
17 39
17 40
17 105
17 170
17 44
17 45
17 47
17 48
17 49
17 180
17 94
17 183
17 153
17 121
17 58
17 95
17 200
17 109
17 127
18 32
18 194
18 163
18 165
18 70
18 104
18 137
18 103
18 172
18 184
18 115
18 52
18 88
18 179
18 125
19 67
19 132
19 133
19 144
19 131
19 148
19 196
19 97
19 162
19 168
19 41
19 43
19 112
19 50
19 83
19 54
19 60
19 62
20 160
20 33
20 123
20 37
20 135
20 31
20 76
20 21
21 160
21 123
21 37
21 135
21 91
21 76
22 32
22 128
22 115
22 52
22 101
22 70
22 116
22 175
22 63
23 150
23 24
23 153
23 155
23 28
23 29
23 30
23 34
23 38
23 39
23 40
23 170
23 44
23 45
23 47
23 48
23 49
23 180
23 53
23 183
23 58
23 64
23 66
23 68
23 69
23 72
23 79
23 89
23 152
23 186
23 95
23 105
23 109
23 200
23 126
23 127
24 64
24 66
24 79
24 80
24 150
24 152
24 68
24 186
24 29
24 30
24 69
24 39
24 40
24 170
24 44
24 109
24 110
24 47
24 72
24 180
24 117
24 89
24 183
24 153
24 58
24 200
24 127
25 97
25 35
25 36
25 178
25 107
25 108
25 146
25 174
25 144
25 43
25 50
25 83
25 87
25 132
25 122
26 160
26 191
26 187
26 202
26 76
26 173
26 143
26 113
26 147
26 149
26 182
26 154
26 91
26 53
27 64
27 181
27 34
27 69
27 102
27 72
27 137
27 109
27 47
27 80
27 180
27 53
27 150
27 152
27 89
27 154
27 182
27 29
27 126
27 130
28 64
28 34
28 40
28 138
28 44
28 109
28 110
28 79
28 152
28 186
28 47
28 29
28 126
29 150
29 153
29 154
29 30
29 34
29 39
29 40
29 44
29 45
29 47
29 48
29 200
29 180
29 53
29 183
29 186
29 138
29 64
29 66
29 68
29 69
29 72
29 79
29 80
29 88
29 89
29 152
29 95
29 104
29 105
29 109
29 125
29 126
29 127
30 72
30 66
30 78
30 109
30 186
30 149
30 68
30 152
30 155
30 69
30 38
30 39
30 40
30 170
30 171
30 44
30 45
30 47
30 48
30 200
30 180
30 53
30 183
30 153
30 121
30 58
30 95
30 127
31 33
31 164
31 37
31 76
31 114
31 82
31 147
31 123
31 92
31 197
32 98
32 115
32 163
32 70
32 199
32 172
32 179
32 52
32 59
33 197
33 164
33 37
33 201
33 76
33 114
33 82
33 147
33 123
33 92
34 64
34 130
34 69
34 136
34 137
34 138
34 79
34 152
34 88
34 40
34 105
34 44
34 109
34 47
34 49
34 180
34 104
34 186
34 125
34 126
34 127
35 97
35 43
35 36
35 169
35 166
35 107
35 108
35 146
35 174
35 144
35 50
35 188
35 148
35 100
35 87
35 60
35 122
35 62
36 97
36 100
36 169
36 166
36 107
36 108
36 146
36 144
36 43
36 50
36 148
36 87
36 188
36 62
37 160
37 164
37 197
37 135
37 76
37 82
37 147
37 123
37 92
38 129
38 68
38 69
38 149
38 66
38 78
38 173
38 82
38 147
38 142
38 153
38 90
38 155
38 154
38 94
38 95
38 171
38 45
38 46
38 48
38 113
38 180
38 53
38 183
38 120
38 121
38 187
38 127
39 72
39 66
39 80
39 68
39 152
39 69
39 40
39 170
39 44
39 109
39 110
39 47
39 200
39 180
39 117
39 89
39 183
39 153
39 58
39 127
40 64
40 66
40 79
40 68
40 152
40 69
40 105
40 170
40 44
40 109
40 47
40 49
40 180
40 183
40 153
40 186
40 200
40 127
41 112
41 162
41 196
41 133
41 71
41 169
41 43
41 148
41 54
41 56
41 60
41 62
42 193
42 167
42 75
42 204
42 189
42 93
43 131
43 132
43 133
43 83
43 148
43 196
43 87
43 100
43 188
43 97
43 162
43 144
43 107
43 108
43 174
43 112
43 50
43 54
43 169
43 60
43 62
44 64
44 66
44 79
44 80
44 150
44 68
44 152
44 69
44 186
44 109
44 110
44 47
44 72
44 180
44 117
44 89
44 183
44 153
44 58
44 200
44 138
44 126
44 127
45 64
45 68
45 69
45 129
45 142
45 149
45 154
45 88
45 153
45 90
45 155
45 93
45 94
45 95
45 104
45 105
45 171
45 46
45 48
45 180
45 53
45 183
45 121
45 187
45 127
46 149
46 129
46 187
46 197
46 201
46 76
46 142
46 173
46 48
46 113
46 82
46 147
46 53
46 120
46 121
46 155
46 95
47 69
47 64
47 66
47 79
47 80
47 186
47 150
47 68
47 152
47 109
47 110
47 154
47 72
47 180
47 53
47 89
47 183
47 153
47 58
47 127
47 200
47 126
47 117
48 69
48 149
48 129
48 66
48 78
48 173
48 147
48 142
48 154
48 68
48 90
48 155
48 94
48 95
48 170
48 171
48 180
48 53
48 183
48 120
48 121
48 187
48 153
48 127
49 105
49 109
49 79
49 152
49 104
49 90
49 186
49 94
50 132
50 146
50 83
50 148
50 87
50 100
50 97
50 166
50 188
50 144
50 107
50 108
50 174
50 131
50 122
50 60
50 62
51 74
51 86
52 98
52 179
52 70
52 103
52 139
52 115
52 184
52 57
52 59
52 199
53 64
53 68
53 69
53 72
53 202
53 143
53 80
53 173
53 149
53 150
53 152
53 89
53 95
53 155
53 154
53 113
53 180
53 182
53 183
53 153
53 58
53 187
53 127
54 132
54 133
54 71
54 83
54 148
54 196
54 162
54 168
54 174
54 112
54 169
54 56
54 60
54 62
55 131
55 100
55 198
55 166
55 73
55 151
55 140
55 111
55 144
55 85
55 87
55 188
55 189
56 162
56 196
56 71
56 168
57 145
57 98
57 59
57 199
58 69
58 68
58 72
58 66
58 80
58 149
58 89
58 170
58 173
58 200
58 180
58 183
58 153
58 127
58 117
59 145
59 98
59 179
59 70
59 199
60 131
60 132
60 133
60 144
60 83
60 148
60 196
60 97
60 162
60 100
60 112
60 169
60 188
60 62
61 96
61 65
61 99
61 166
61 73
61 75
61 140
61 111
61 176
61 189
61 204
61 151
61 93
62 131
62 132
62 133
62 83
62 148
62 196
62 100
62 188
62 97
62 162
62 144
62 174
62 112
62 169
63 116
63 70
64 69
64 72
64 137
64 138
64 130
64 154
64 79
64 80
64 125
64 150
64 68
64 152
64 182
64 105
64 104
64 180
64 89
64 153
64 88
64 186
64 109
64 126
64 127
65 176
65 99
65 151
65 73
65 75
65 140
65 189
66 200
66 78
66 186
66 149
66 68
66 152
66 155
66 69
66 170
66 109
66 180
66 183
66 153
66 121
66 95
66 127
67 168
67 83
67 132
67 162
67 196
68 109
68 80
68 154
68 149
68 150
68 89
68 152
68 155
68 69
68 186
68 170
68 127
68 72
68 180
68 183
68 153
68 95
68 200
68 117
69 149
69 150
69 153
69 154
69 155
69 173
69 200
69 180
69 182
69 183
69 72
69 80
69 89
69 152
69 95
69 109
69 126
69 127
70 179
70 199
70 137
70 115
70 116
71 168
71 162
71 196
71 169
71 174
72 173
72 80
72 152
72 149
72 150
72 89
72 154
72 109
72 180
72 182
72 153
72 117
72 127
73 99
73 166
73 204
73 140
73 93
73 111
73 176
73 189
73 75
73 151
74 86
75 193
75 171
75 204
75 93
75 176
75 121
75 189
75 94
75 159
76 129
76 197
76 135
76 142
76 143
76 82
76 147
76 149
76 92
76 160
76 123
76 173
76 113
76 120
76 187
77 128
77 161
77 195
77 101
77 124
77 192
77 141
77 81
77 178
77 84
77 86
77 122
77 156
77 157
78 177
78 170
78 171
78 159
78 153
78 176
78 121
78 155
78 183
78 95
79 138
79 186
79 152
79 104
79 105
79 109
79 180
79 88
79 136
79 200
79 125
79 126
80 181
80 150
80 152
80 89
80 154
80 109
80 110
80 180
80 117
80 126
80 127
81 160
81 156
81 195
81 86
81 135
81 92
81 123
81 124
82 160
82 197
82 187
82 164
82 129
82 135
82 113
82 147
82 142
82 120
82 123
82 92
83 132
83 133
83 134
83 139
83 144
83 131
83 148
83 196
83 203
83 97
83 162
83 178
83 174
84 128
84 145
84 192
84 195
84 101
84 157
84 161
84 124
84 141
85 131
85 100
85 134
85 198
85 167
85 106
85 204
85 144
85 87
85 151
85 189
86 195
86 135
86 156
86 122
86 124
87 100
87 131
87 140
87 144
87 146
87 107
87 151
87 93
87 97
87 166
87 106
87 108
87 111
87 188
88 130
88 136
88 137
88 152
88 154
88 90
88 94
88 95
88 103
88 104
88 105
88 172
88 180
88 186
88 125
88 126
89 152
89 150
89 154
89 109
89 110
89 180
89 153
89 117
89 126
89 127
90 129
90 204
90 193
90 155
90 93
90 94
90 95
90 103
90 104
90 105
90 106
90 171
90 121
90 186
90 187
90 125
91 160
91 135
91 191
91 143
92 160
92 197
92 164
92 129
92 135
92 147
92 120
92 123
92 156
93 129
93 171
93 167
93 106
93 140
93 176
93 189
93 193
93 204
93 121
93 151
93 94
93 95
94 193
94 204
94 155
94 95
94 104
94 105
94 106
94 171
94 121
94 186
95 149
95 129
95 142
95 154
95 153
95 155
95 105
95 171
95 180
95 183
95 120
95 121
95 187
95 127
96 176
97 132
97 146
97 148
97 188
97 144
97 162
97 100
97 166
97 169
97 107
97 108
97 174
97 131
97 122
98 145
98 139
98 179
98 203
98 199
98 190
99 166
99 151
99 140
99 111
100 188
100 133
100 166
100 131
100 151
100 144
100 107
100 148
100 198
101 128
101 192
101 195
101 161
101 175
101 141
101 145
101 116
101 157
102 130
102 181
102 182
103 179
103 134
103 104
103 137
103 172
103 184
103 115
103 125
104 152
104 165
104 136
104 105
104 125
104 172
104 186
104 126
104 137
105 136
105 152
105 172
105 125
105 180
105 186
105 109
105 126
105 127
106 129
106 107
106 166
106 167
106 204
106 171
106 140
106 189
106 193
106 151
106 121
107 188
107 166
107 146
107 108
107 114
107 111
107 144
107 131
107 140
107 151
108 166
108 146
108 114
108 144
108 148
108 188
108 169
109 150
109 152
109 110
109 138
109 180
109 117
109 153
109 186
109 200
109 125
109 126
109 127
110 200
110 138
110 117
110 150
111 151
111 166
111 140
112 188
112 162
112 196
112 133
112 148
112 169
113 160
113 187
113 202
113 173
113 142
113 143
113 147
113 120
113 123
113 154
113 149
114 146
114 164
115 130
115 137
115 172
115 175
115 179
115 116
116 128
116 175
117 200
117 150
118 185
118 194
118 165
118 158
119 136
119 185
120 149
120 129
120 155
120 164
120 197
120 201
120 187
120 173
120 142
120 147
120 123
121 193
121 204
121 142
121 153
121 155
121 176
121 171
121 183
121 159
121 170
122 178
122 146
122 124
122 174
122 141
123 160
123 197
123 156
123 135
123 147
124 157
124 192
124 195
124 161
124 156
124 141
125 152
125 130
125 138
125 172
125 136
125 180
125 154
125 137
125 126
126 130
126 136
126 137
126 138
126 152
126 150
126 154
126 180
126 186
126 127
127 149
127 150
127 153
127 154
127 155
127 170
127 173
127 200
127 180
127 183
127 152
127 186
128 192
128 161
128 195
128 175
128 157
129 164
129 147
129 142
129 187
130 137
130 180
130 181
130 182
130 154
131 132
131 133
131 134
131 151
131 144
131 148
131 198
131 188
132 196
132 133
132 134
132 139
132 144
132 141
132 148
132 203
132 162
132 178
132 174
133 144
133 148
133 196
133 162
133 169
133 188
134 194
134 179
134 139
134 178
134 203
134 184
134 167
134 158
135 160
135 156
135 147
135 191
136 137
136 138
136 172
137 172
137 182
137 154
138 152
139 179
139 184
139 203
139 178
139 190
140 166
140 193
140 204
140 176
140 189
140 151
141 192
141 161
141 195
141 145
141 178
141 157
142 187
142 164
142 197
142 201
142 173
142 147
142 149
142 155
143 160
143 202
143 173
143 182
143 187
143 154
143 191
144 198
144 148
144 188
144 166
144 169
144 151
145 161
145 199
146 164
147 197
147 149
147 160
147 164
147 173
147 187
148 196
148 188
148 162
148 174
148 169
149 173
149 153
149 154
149 155
149 180
149 183
149 187
150 181
150 152
150 153
150 154
150 182
150 180
151 193
151 198
151 166
151 167
151 189
151 204
152 153
152 154
152 180
152 183
152 186
152 200
153 186
153 155
153 170
153 180
153 183
153 200
154 202
154 173
154 180
154 182
154 187
155 187
155 170
155 171
155 183
155 159
156 160
156 195
157 161
157 192
157 195
158 194
158 167
158 184
158 185
158 165
159 176
159 177
159 171
159 183
159 170
160 191
161 178
161 195
161 192
162 196
162 168
162 174
162 169
163 165
163 185
163 172
164 197
164 201
165 184
165 185
165 172
165 194
166 188
166 189
167 189
167 194
167 193
167 204
168 196
168 174
169 188
169 174
169 196
170 200
170 171
170 183
171 176
171 193
171 204
171 183
173 202
174 196
176 193
176 204
178 179
178 184
179 203
179 184
179 199
180 200
180 182
180 183
180 186
181 182
182 202
183 200
183 186
184 194
184 203
185 194
186 200
188 198
189 193
189 204
190 203
191 202
192 195
193 204
197 201
