0 32
0 156
0 4
0 14
1 129
1 130
1 3
1 69
1 6
1 199
1 72
1 74
1 13
1 19
1 87
1 100
1 90
1 95
1 133
1 197
1 36
1 104
1 44
1 111
1 49
1 51
1 52
1 138
1 184
1 60
1 61
1 190
2 4
2 197
2 38
2 104
2 11
2 13
2 14
2 112
2 117
2 57
2 90
2 156
3 130
3 4
3 133
3 6
3 129
3 44
3 138
3 13
3 19
3 87
3 100
3 90
3 95
3 197
3 36
3 104
3 172
3 49
3 52
3 184
3 61
4 132
4 38
4 156
4 13
4 14
5 136
5 99
5 147
5 101
6 130
6 133
6 7
6 9
6 138
6 12
6 13
6 19
6 21
6 155
6 197
6 161
6 180
6 36
6 40
6 135
6 44
6 48
6 49
6 50
6 51
6 52
6 56
6 57
6 60
6 61
6 190
6 68
6 69
6 199
6 72
6 129
6 141
6 184
6 85
6 86
6 87
6 90
6 91
6 95
6 96
6 100
6 104
6 188
6 111
6 112
6 115
6 117
6 120
6 126
7 129
7 130
7 133
7 135
7 9
7 138
7 12
7 19
7 21
7 155
7 197
7 161
7 36
7 40
7 44
7 48
7 49
7 50
7 51
7 52
7 55
7 56
7 180
7 188
7 61
7 190
7 195
7 68
7 69
7 198
7 199
7 72
7 85
7 86
7 87
7 90
7 91
7 95
7 96
7 60
7 106
7 111
7 115
7 120
8 97
8 98
8 67
8 177
8 37
8 70
8 93
8 105
8 167
8 109
8 77
8 78
8 15
8 16
8 81
8 110
8 24
8 26
8 79
8 29
8 30
9 129
9 130
9 133
9 10
9 12
9 17
9 19
9 21
9 27
9 197
9 161
9 155
9 36
9 40
9 42
9 135
9 44
9 48
9 49
9 50
9 51
9 180
9 56
9 188
9 138
9 190
9 192
9 195
9 68
9 69
9 198
9 199
9 72
9 85
9 86
9 87
9 90
9 91
9 95
9 96
9 106
9 61
9 115
9 120
10 192
10 71
10 42
10 135
10 174
10 48
10 17
10 180
10 181
10 137
10 120
10 155
10 188
10 199
11 132
11 166
11 38
11 104
11 12
11 44
11 13
11 14
11 141
11 112
11 188
11 117
11 182
11 57
11 90
11 156
11 174
11 126
11 197
12 128
12 129
12 130
12 68
12 69
12 72
12 143
12 13
12 141
12 120
12 19
12 84
12 86
12 87
12 90
12 91
12 158
12 133
12 96
12 197
12 155
12 36
12 40
12 199
12 44
12 174
12 48
12 49
12 50
12 115
12 180
12 117
12 56
12 57
12 188
12 61
12 181
13 69
13 129
13 138
13 130
13 14
13 141
13 19
13 87
13 90
13 156
13 197
13 36
13 166
13 38
13 104
13 199
13 44
13 112
13 49
13 117
13 184
13 57
13 188
13 61
13 126
14 32
14 38
14 132
14 57
14 156
15 97
15 98
15 67
15 37
15 70
15 177
15 77
15 78
15 79
15 81
15 110
15 24
15 121
15 26
15 29
15 30
15 165
16 97
16 45
16 67
16 37
16 70
16 167
16 105
16 109
16 77
16 78
16 29
16 18
16 110
16 24
16 98
16 124
16 93
16 94
17 192
17 71
17 135
17 174
17 48
17 180
17 182
17 137
17 120
17 188
17 42
17 199
18 193
18 67
18 70
18 200
18 202
18 77
18 45
18 80
18 121
18 29
18 94
18 98
18 39
18 167
18 109
18 110
18 54
18 119
18 185
18 122
18 187
18 124
18 62
19 130
19 133
19 138
19 27
19 197
19 161
19 155
19 36
19 166
19 129
19 42
19 135
19 44
19 46
19 48
19 49
19 50
19 51
19 180
19 182
19 137
19 56
19 57
19 188
19 61
19 190
19 195
19 68
19 69
19 71
19 72
19 141
19 184
19 85
19 86
19 87
19 90
19 199
19 95
19 96
19 100
19 104
19 112
19 40
19 115
19 117
19 120
19 126
20 148
20 170
20 124
20 102
20 94
21 129
21 130
21 115
21 68
21 22
21 72
21 144
21 195
21 85
21 86
21 23
21 25
21 155
21 91
21 150
21 95
21 96
21 161
21 35
21 36
21 198
21 106
21 199
21 111
21 50
21 51
21 52
21 190
21 56
21 180
21 60
21 153
22 171
22 33
22 35
22 118
22 23
22 41
22 106
22 75
22 198
22 47
23 33
23 35
23 198
23 41
23 106
23 171
23 176
23 75
23 53
23 127
24 67
24 70
24 77
24 45
24 78
24 79
24 81
24 26
24 93
24 30
24 97
24 98
24 37
24 167
24 105
24 109
24 110
24 29
24 177
25 195
25 134
25 74
25 139
25 191
25 111
25 114
25 52
25 150
25 153
25 154
25 95
25 60
25 106
25 127
26 97
26 98
26 67
26 142
26 37
26 93
26 105
26 187
26 77
26 78
26 79
26 81
26 110
26 189
26 29
26 30
27 129
27 195
27 69
27 71
27 138
27 144
27 184
27 82
27 85
27 89
27 199
27 31
27 161
27 36
27 42
27 135
27 173
27 46
27 48
27 113
27 51
27 190
27 137
27 120
27 61
27 126
28 195
28 196
28 103
28 31
28 123
28 47
29 193
29 67
29 98
29 70
29 97
29 109
29 77
29 78
29 80
29 81
29 185
29 79
29 93
29 30
29 34
29 163
29 37
29 39
29 167
29 45
29 110
29 200
29 116
29 54
29 121
29 187
29 124
29 62
29 63
30 97
30 98
30 67
30 37
30 70
30 93
30 105
30 187
30 109
30 77
30 78
30 79
30 81
30 110
30 189
31 161
31 195
31 100
31 69
31 71
31 42
31 103
31 135
31 46
31 173
31 144
31 113
31 82
31 51
31 85
31 184
31 89
31 138
31 190
32 156
32 132
32 201
33 145
33 171
33 118
33 41
33 179
33 75
34 163
34 43
34 204
34 77
34 80
34 88
34 116
34 185
34 152
34 121
34 187
34 157
34 63
35 96
35 91
35 198
35 136
35 41
35 106
35 115
35 180
35 86
35 155
36 130
36 133
36 138
36 197
36 161
36 155
36 40
36 135
36 44
36 48
36 49
36 50
36 51
36 52
36 137
36 56
36 57
36 60
36 61
36 190
36 195
36 68
36 69
36 71
36 72
36 129
36 141
36 184
36 85
36 86
36 87
36 90
36 199
36 95
36 96
36 100
36 104
36 188
36 112
36 180
36 115
36 117
36 120
36 126
37 67
37 70
37 77
37 45
37 78
37 79
37 81
37 93
37 97
37 98
37 167
37 105
37 109
37 110
37 189
38 197
38 166
38 104
38 44
38 141
38 112
38 49
38 117
38 182
38 132
38 57
38 90
38 184
38 156
38 126
39 193
39 98
39 200
39 202
39 204
39 77
39 80
39 54
39 119
39 185
39 122
39 187
39 124
39 62
39 63
40 192
40 129
40 130
40 115
40 68
40 69
40 72
40 141
40 120
40 84
40 86
40 87
40 90
40 91
40 158
40 133
40 96
40 197
40 155
40 199
40 44
40 174
40 48
40 49
40 50
40 51
40 180
40 117
40 55
40 56
40 57
40 188
40 61
40 190
40 181
41 176
41 162
41 118
41 171
41 75
42 192
42 69
42 198
42 71
42 144
42 82
42 83
42 85
42 89
42 199
42 161
42 135
42 173
42 46
42 48
42 113
42 51
42 180
42 137
42 120
42 61
43 152
43 163
43 116
43 88
43 108
43 140
43 157
44 128
44 130
44 133
44 138
44 143
44 155
44 159
44 197
44 49
44 50
44 51
44 52
44 184
44 57
44 188
44 61
44 190
44 68
44 69
44 199
44 72
44 129
44 141
44 56
44 84
44 86
44 87
44 90
44 91
44 104
44 111
44 115
44 117
45 97
45 98
45 67
45 70
45 167
45 200
45 105
45 109
45 77
45 78
45 189
45 110
45 119
45 124
45 93
46 112
46 69
46 166
46 71
46 137
46 135
46 173
46 48
46 113
46 82
46 182
46 199
46 120
46 89
46 61
46 126
47 144
47 195
47 196
47 198
47 103
47 123
48 129
48 141
48 144
48 174
48 197
48 161
48 155
48 166
48 135
48 50
48 51
48 180
48 182
48 137
48 56
48 188
48 61
48 190
48 192
48 68
48 69
48 71
48 85
48 86
48 87
48 89
48 90
48 199
48 96
48 112
48 115
48 120
48 126
49 130
49 133
49 138
49 197
49 161
49 50
49 51
49 52
49 184
49 57
49 188
49 61
49 190
49 68
49 69
49 199
49 72
49 129
49 74
49 56
49 85
49 86
49 87
49 90
49 95
49 100
49 104
49 60
49 111
49 112
49 115
49 117
49 126
50 129
50 130
50 133
50 138
50 155
50 197
50 161
50 51
50 52
50 55
50 56
50 180
50 188
50 61
50 190
50 195
50 68
50 69
50 199
50 72
50 85
50 86
50 87
50 90
50 91
50 95
50 96
50 60
50 106
50 111
50 115
50 117
50 120
51 130
51 133
51 138
51 144
51 161
51 197
51 155
51 135
51 52
51 56
51 180
51 60
51 61
51 190
51 195
51 68
51 69
51 198
51 71
51 72
51 129
51 184
51 85
51 86
51 87
51 90
51 199
51 95
51 96
51 100
51 188
51 106
51 111
51 115
51 120
51 126
52 130
52 68
52 133
52 72
52 172
52 74
52 115
52 195
52 86
52 87
52 100
52 150
52 95
52 96
52 129
52 111
52 190
52 55
52 56
52 159
52 60
52 153
52 85
53 176
53 114
53 134
53 55
53 88
53 154
53 107
53 127
54 193
54 98
54 200
54 202
54 204
54 77
54 80
54 119
54 185
54 122
54 187
54 124
54 62
54 63
55 96
55 155
55 68
55 133
55 107
55 108
55 111
55 72
55 115
55 84
55 86
55 56
55 154
55 91
55 158
55 159
56 129
56 130
56 115
56 68
56 69
56 72
56 86
56 87
56 90
56 91
56 95
56 96
56 133
56 197
56 155
56 188
56 161
56 106
56 199
56 195
56 111
56 120
56 180
56 60
56 61
56 190
56 85
57 128
57 129
57 68
57 197
57 141
57 87
57 132
57 90
57 143
57 156
57 174
57 112
57 117
57 104
57 188
57 61
57 126
58 136
58 181
59 64
59 73
59 160
59 200
60 130
60 195
60 133
60 72
60 74
60 139
60 184
60 86
60 87
60 100
60 150
60 96
60 161
60 129
60 111
60 115
60 190
60 95
60 138
60 153
60 85
61 130
61 133
61 138
61 197
61 161
61 155
61 129
61 135
61 180
61 137
61 188
61 190
61 195
61 68
61 69
61 71
61 72
61 141
61 184
61 85
61 86
61 87
61 90
61 199
61 95
61 96
61 100
61 104
61 112
61 115
61 117
61 120
61 126
62 193
62 98
62 200
62 202
62 204
62 77
62 80
62 116
62 119
62 185
62 122
62 187
62 124
62 63
63 193
63 163
63 186
63 168
63 202
63 204
63 77
63 80
63 200
63 116
63 185
63 121
63 122
63 187
64 160
64 73
65 151
66 149
67 70
67 109
67 77
67 78
67 81
67 93
67 94
67 97
67 98
67 167
67 110
67 177
67 121
67 124
68 129
68 130
68 115
68 69
68 72
68 141
68 120
68 84
68 86
68 87
68 90
68 91
68 158
68 133
68 96
68 197
68 155
68 199
68 174
68 111
68 117
68 180
68 188
68 190
68 85
69 130
69 138
69 161
69 155
69 166
69 129
69 135
69 180
69 182
69 137
69 188
69 190
69 195
69 197
69 71
69 72
69 141
69 184
69 85
69 86
69 87
69 89
69 90
69 199
69 95
69 96
69 100
69 104
69 112
69 115
69 117
69 120
69 126
70 77
70 78
70 81
70 93
70 94
70 97
70 98
70 167
70 109
70 110
70 200
70 121
70 124
71 135
71 137
71 144
71 82
71 85
71 89
71 166
71 161
71 199
71 173
71 112
71 113
71 182
71 120
71 126
72 130
72 133
72 155
72 159
72 161
72 197
72 180
72 188
72 190
72 195
72 199
72 129
72 74
72 84
72 85
72 86
72 87
72 90
72 91
72 95
72 96
72 106
72 111
72 115
72 120
73 160
73 200
74 130
74 100
74 133
74 139
74 172
74 111
74 150
74 87
74 153
74 159
74 183
74 95
75 179
75 118
75 145
75 171
75 127
76 169
77 193
77 97
77 109
77 98
77 78
77 80
77 81
77 185
77 79
77 163
77 167
77 110
77 93
77 200
77 116
77 121
77 187
77 124
78 79
78 81
78 93
78 97
78 98
78 167
78 105
78 109
78 110
78 189
79 97
79 81
79 142
79 121
80 193
80 98
80 185
80 200
80 202
80 204
80 116
80 119
80 121
80 122
80 187
80 124
81 97
81 98
81 93
81 110
81 121
82 144
82 113
82 161
82 89
82 135
82 173
83 144
83 192
83 198
84 128
84 91
84 159
84 158
84 143
85 129
85 130
85 138
85 144
85 150
85 161
85 197
85 155
85 135
85 184
85 180
85 188
85 190
85 195
85 198
85 86
85 87
85 90
85 199
85 95
85 96
85 100
85 106
85 111
85 115
85 120
86 129
86 130
86 115
86 120
86 150
86 87
86 155
86 91
86 95
86 96
86 133
86 198
86 188
86 161
86 106
86 199
86 195
86 111
86 180
86 190
87 130
87 133
87 138
87 155
87 197
87 161
87 184
87 190
87 199
87 129
87 90
87 95
87 96
87 100
87 104
87 188
87 111
87 115
87 117
87 120
87 126
88 116
88 152
88 163
88 107
88 108
88 157
89 144
89 161
89 166
89 137
89 135
89 173
89 113
89 182
89 120
89 126
90 133
90 138
90 155
90 197
90 166
90 174
90 182
90 184
90 188
90 190
90 130
90 199
90 129
90 141
90 104
90 112
90 117
90 120
90 126
91 129
91 130
91 133
91 143
91 155
91 158
91 96
91 107
91 115
91 180
91 181
91 188
93 97
93 98
93 167
93 105
93 109
93 110
93 189
94 102
94 169
94 148
94 124
94 109
94 165
95 130
95 115
95 184
95 150
95 100
95 96
95 133
95 195
95 129
95 161
95 199
95 111
95 190
95 138
95 153
96 129
96 130
96 115
96 120
96 155
96 150
96 133
96 161
96 198
96 195
96 188
96 106
96 199
96 111
96 180
96 190
97 98
97 167
97 105
97 109
97 110
97 177
98 193
98 109
98 185
98 167
98 110
98 200
98 119
98 121
98 187
98 124
98 189
99 147
100 130
100 129
100 133
100 161
100 197
100 195
100 199
100 111
100 184
100 138
100 190
101 147
102 148
102 165
102 169
102 124
103 144
103 195
103 196
103 198
103 123
103 173
104 129
104 137
104 138
104 141
104 197
104 166
104 199
104 112
104 117
104 182
104 184
104 126
105 167
105 109
105 189
105 110
106 195
106 134
106 153
106 154
106 155
106 150
106 198
106 171
106 111
106 115
106 190
106 180
106 127
107 154
107 108
107 158
107 159
108 152
108 163
108 154
108 157
108 158
109 110
109 167
109 124
110 167
110 121
110 187
110 124
110 189
111 130
111 115
111 133
111 195
111 154
111 150
111 129
111 190
111 159
111 153
112 137
112 138
112 141
112 184
112 197
112 166
112 199
112 117
112 182
112 120
112 126
113 135
113 173
114 150
114 154
114 191
114 134
114 127
115 129
115 130
115 195
115 120
115 155
115 150
115 133
115 198
115 188
115 161
115 199
115 180
115 190
116 163
116 185
116 152
116 121
116 187
116 157
117 128
117 129
117 199
117 141
117 132
117 143
117 197
117 174
117 188
117 126
118 145
118 162
118 171
118 179
119 193
119 200
119 202
119 122
119 187
119 189
120 129
120 141
120 144
120 174
120 197
120 161
120 155
120 166
120 135
120 180
120 182
120 137
120 188
120 190
120 192
120 199
120 126
121 163
121 187
121 152
121 185
122 193
122 200
122 202
122 204
122 185
122 187
122 124
123 195
123 196
123 153
124 200
124 202
124 148
124 167
124 185
126 129
126 137
126 138
126 141
126 184
126 199
126 197
126 166
126 135
126 182
126 188
127 134
127 171
127 176
127 179
127 154
127 191
128 132
128 201
128 156
128 143
129 130
129 133
129 138
129 197
129 161
129 155
129 135
129 190
129 195
129 199
129 141
129 184
129 188
129 180
130 133
130 138
130 155
130 159
130 161
130 197
130 184
130 188
130 190
130 195
130 199
132 201
132 141
132 143
132 156
133 172
133 197
133 199
133 159
133 190
134 150
134 153
134 191
134 154
135 192
135 144
135 199
135 161
135 198
135 166
135 173
135 180
135 190
135 182
135 137
135 188
136 147
136 181
137 192
137 141
137 199
137 166
137 182
137 188
138 161
138 197
138 195
138 199
138 190
138 184
139 150
139 151
139 153
141 199
141 197
141 166
141 174
141 182
141 188
142 203
143 201
143 158
143 159
144 161
144 195
144 198
144 173
145 162
145 171
145 179
148 170
150 195
150 190
150 153
150 191
152 163
152 157
153 195
153 196
153 190
155 192
155 161
155 198
155 199
155 180
155 188
155 190
156 201
157 163
157 186
159 172
159 175
159 183
161 199
161 197
161 195
161 184
161 190
162 176
163 185
165 177
166 182
166 197
167 189
168 186
168 204
168 194
171 179
171 191
172 183
172 175
174 192
174 180
174 188
174 181
175 183
179 191
180 192
180 199
180 181
180 198
180 188
180 190
181 192
181 188
182 197
184 197
184 199
184 190
185 193
185 200
185 202
185 204
185 186
185 187
186 187
186 204
187 193
187 202
187 204
188 197
188 190
188 192
188 199
189 193
190 197
190 195
190 199
193 200
193 202
193 204
195 198
195 199
197 199
200 202
202 204
