1 113
1 18
1 186
1 4
1 21
1 6
1 7
1 24
1 22
1 39
1 42
2 25
2 52
2 14
3 132
3 162
3 12
3 134
3 30
4 18
4 49
4 37
4 22
4 39
4 42
4 71
4 186
4 65
6 71
6 113
6 21
6 22
6 7
6 24
6 42
6 39
6 186
6 65
7 186
7 113
7 21
7 22
7 39
7 24
7 71
7 42
7 65
8 80
9 156
9 196
9 56
9 89
9 11
9 108
9 175
9 127
11 156
11 196
11 89
11 56
11 175
11 108
11 127
12 162
12 132
13 98
13 41
13 139
13 146
13 17
13 82
13 19
13 149
13 86
13 73
13 88
13 191
14 25
15 136
15 183
15 61
15 119
16 32
16 201
16 75
16 187
16 46
17 82
17 19
17 98
17 86
17 73
17 88
17 41
17 139
17 191
18 49
18 37
18 22
18 39
18 42
18 71
18 186
18 65
19 65
19 98
19 146
19 41
19 139
19 82
19 149
19 86
19 73
19 88
19 191
20 184
21 71
21 113
21 22
21 24
21 42
21 39
21 186
21 65
22 113
22 24
22 42
22 39
22 186
23 160
23 77
24 186
24 71
24 113
24 39
24 42
24 65
25 52
26 50
26 51
26 148
26 106
27 129
27 125
27 38
27 135
27 28
27 76
27 29
27 94
27 47
28 129
28 125
28 38
28 135
28 74
28 76
28 29
28 47
29 129
29 94
29 38
29 76
29 58
29 125
29 62
29 47
30 132
30 92
30 134
30 177
31 161
31 45
31 158
32 201
32 187
32 46
33 120
33 194
33 35
33 87
33 40
33 111
34 67
35 40
35 194
35 120
35 87
36 64
36 168
36 114
37 49
38 129
38 125
38 74
38 135
38 76
38 58
38 94
38 47
39 42
39 71
39 113
39 186
39 65
40 120
40 194
41 98
41 149
41 146
41 65
41 88
41 139
41 191
42 71
42 113
42 186
42 65
43 97
44 112
44 111
44 204
44 142
44 79
45 161
45 158
46 75
46 187
46 201
47 129
47 74
47 76
47 58
47 94
47 125
48 107
48 110
50 81
50 51
50 148
51 106
51 148
53 128
54 203
55 105
56 156
56 196
56 89
56 108
56 175
56 127
58 129
58 125
58 84
58 94
58 124
58 76
58 62
59 167
60 202
60 165
61 136
61 119
61 183
62 84
62 124
62 94
62 125
64 168
64 114
65 71
65 146
65 186
65 149
68 179
69 115
69 172
70 166
71 146
71 113
71 186
73 82
73 98
73 86
73 88
73 191
74 129
74 76
74 125
75 201
76 129
76 125
76 135
76 94
77 160
77 138
78 117
78 189
79 112
79 204
79 142
79 111
81 148
82 98
82 86
82 88
82 191
84 124
84 94
86 98
86 88
86 191
87 194
87 111
88 98
88 139
88 191
89 156
89 196
89 108
89 175
89 127
92 134
94 129
94 125
94 124
98 149
98 139
98 191
99 163
99 140
101 162
102 137
102 195
107 110
108 196
108 156
108 175
108 127
111 112
111 204
111 142
112 204
112 142
114 168
115 172
116 200
116 150
117 173
117 189
119 136
120 194
125 129
127 156
127 196
127 175
132 134
134 177
136 183
137 195
138 160
138 184
139 149
139 191
142 204
143 176
146 149
150 200
152 170
152 180
156 196
156 175
158 161
161 190
162 198
165 202
168 197
169 198
170 180
173 189
175 196
187 201
