0 69
0 70
0 105
0 186
0 171
0 76
0 14
0 190
1 3
1 4
1 5
1 6
1 7
1 9
1 10
1 11
1 13
1 142
1 19
1 20
1 21
1 152
1 25
1 179
1 27
1 156
1 155
1 168
1 41
1 44
1 48
1 49
1 51
1 55
1 184
1 187
1 188
1 138
1 62
1 191
1 66
1 68
1 197
1 198
1 72
1 73
1 74
1 77
1 81
1 82
1 163
1 85
1 87
1 88
1 93
1 196
1 97
1 102
1 103
1 106
1 108
1 109
1 110
1 111
1 147
2 41
2 143
2 4
2 108
2 73
3 4
3 5
3 198
3 7
3 72
3 73
3 10
3 77
3 142
3 82
3 19
3 20
3 152
3 196
3 179
3 155
3 93
3 163
3 9
3 103
3 168
3 41
3 106
3 108
3 111
3 48
3 49
3 147
3 55
3 62
4 68
4 5
4 198
4 73
4 10
4 75
4 13
4 142
4 77
4 19
4 20
4 152
4 196
4 179
4 143
4 156
4 93
4 197
4 96
4 67
4 155
4 9
4 39
4 168
4 41
4 106
4 44
4 48
4 108
4 147
4 55
4 163
4 188
4 138
4 62
5 179
5 198
5 7
5 72
5 73
5 10
5 11
5 77
5 142
5 82
5 19
5 20
5 185
5 152
5 196
5 155
5 93
5 197
5 97
5 163
5 103
5 168
5 41
5 106
5 108
5 109
5 46
5 111
5 48
5 49
5 147
5 9
5 55
5 136
5 188
5 74
5 62
6 149
6 131
6 142
6 69
6 7
6 72
6 10
6 11
6 76
6 14
6 15
6 81
6 82
6 21
6 87
6 27
6 199
6 95
6 32
6 33
6 110
6 163
6 102
6 97
6 104
6 105
6 171
6 103
6 109
6 46
6 47
6 176
6 49
6 51
6 116
6 183
6 111
6 168
6 74
6 62
6 85
7 149
7 142
7 97
7 72
7 9
7 10
7 11
7 76
7 77
7 14
7 15
7 82
7 19
7 21
7 152
7 27
7 93
7 69
7 32
7 33
7 163
7 131
7 102
7 103
7 168
7 105
7 106
7 109
7 46
7 47
7 49
7 179
7 116
7 119
7 111
7 95
7 62
7 85
8 32
8 49
8 116
8 149
8 72
8 185
8 136
8 11
8 46
8 15
9 198
9 72
9 73
9 10
9 11
9 77
9 142
9 82
9 19
9 20
9 152
9 196
9 155
9 93
9 97
9 163
9 103
9 168
9 41
9 106
9 108
9 111
9 48
9 49
9 179
9 55
9 62
10 138
10 11
10 13
10 142
10 19
10 20
10 21
10 152
10 196
10 179
10 27
10 156
10 155
10 168
10 41
10 44
10 48
10 49
10 51
10 55
10 184
10 187
10 188
10 62
10 191
10 66
10 68
10 197
10 198
10 72
10 73
10 74
10 77
10 81
10 82
10 163
10 85
10 87
10 88
10 93
10 97
10 102
10 103
10 106
10 108
10 109
10 110
10 111
10 147
11 131
11 142
11 15
11 19
11 149
11 152
11 179
11 27
11 32
11 33
11 163
11 168
11 46
11 47
11 49
11 51
11 183
11 185
11 62
11 197
11 199
11 72
11 74
11 76
11 77
11 81
11 82
11 14
11 87
11 95
11 97
11 102
11 103
11 104
11 105
11 109
11 110
11 111
11 116
11 136
11 85
11 21
12 128
12 98
12 121
12 71
12 57
12 43
12 28
12 78
13 130
13 133
13 142
13 195
13 20
13 23
13 25
13 156
13 34
13 163
13 164
13 166
13 39
13 168
13 41
13 44
13 48
13 51
13 54
13 184
13 187
13 138
13 62
13 63
13 66
13 67
13 68
13 198
13 73
13 77
13 82
13 84
13 88
13 96
13 97
13 103
13 106
13 108
13 110
13 148
13 126
14 149
14 131
14 69
14 76
14 15
14 16
14 81
14 82
14 21
14 87
14 27
14 199
14 95
14 33
14 110
14 70
14 102
14 103
14 104
14 105
14 171
14 167
14 109
14 46
14 47
14 176
14 51
14 118
14 183
14 111
14 186
14 85
15 149
15 131
15 74
15 81
15 21
15 87
15 27
15 95
15 32
15 33
15 110
15 102
15 104
15 105
15 199
15 109
15 46
15 47
15 176
15 49
15 116
15 183
15 72
15 185
15 136
15 85
16 66
16 131
16 133
16 199
16 17
16 84
16 21
16 22
16 87
16 25
16 26
16 27
16 97
16 100
16 102
16 45
16 110
16 51
16 53
16 118
16 183
16 148
16 186
16 63
16 126
16 85
17 148
17 100
17 22
17 45
17 51
17 84
17 53
17 118
17 25
17 26
17 126
17 31
18 178
18 117
18 38
18 58
18 92
18 29
18 150
18 79
19 198
19 72
19 73
19 77
19 142
19 82
19 147
19 20
19 185
19 152
19 196
19 155
19 93
19 197
19 97
19 163
19 103
19 168
19 41
19 106
19 108
19 109
19 46
19 111
19 48
19 49
19 179
19 55
19 136
19 188
19 74
19 62
20 66
20 198
20 73
20 75
20 142
20 77
20 152
20 196
20 88
20 68
20 179
20 143
20 156
20 93
20 197
20 96
20 97
20 67
20 155
20 163
20 39
20 168
20 41
20 106
20 44
20 48
20 108
20 147
20 138
20 55
20 187
20 188
20 74
20 62
21 66
21 131
21 142
21 197
21 72
21 76
21 81
21 82
21 85
21 87
21 191
21 27
21 199
21 95
21 33
21 110
21 163
21 184
21 102
21 97
21 104
21 105
21 103
21 109
21 46
21 47
21 49
21 51
21 118
21 183
21 111
21 168
21 74
21 62
21 149
22 35
22 36
22 141
22 45
22 146
22 56
22 100
22 26
22 186
22 158
22 31
23 130
23 67
23 68
23 133
23 144
23 195
23 148
23 88
23 25
23 156
23 34
23 164
23 165
23 166
23 39
23 40
23 181
23 54
23 187
23 126
23 63
24 112
24 178
24 132
24 117
24 58
24 79
25 66
25 67
25 68
25 54
25 130
25 129
25 195
25 84
25 88
25 26
25 156
25 133
25 96
25 97
25 34
25 163
25 164
25 165
25 166
25 39
25 168
25 110
25 51
25 118
25 184
25 148
25 187
25 126
25 63
26 66
26 133
26 199
26 130
26 148
26 85
26 87
26 97
26 100
26 45
26 110
26 51
26 53
26 118
26 84
26 187
26 126
26 63
27 131
27 142
27 149
27 51
27 33
27 163
27 168
27 46
27 47
27 49
27 179
27 183
27 184
27 62
27 191
27 66
27 197
27 199
27 72
27 74
27 76
27 81
27 82
27 87
27 95
27 97
27 102
27 103
27 104
27 105
27 109
27 110
27 111
27 116
27 118
27 85
28 128
28 98
28 121
28 71
28 57
28 43
29 117
29 38
29 58
29 92
29 178
29 150
29 79
30 162
31 35
31 36
31 70
31 167
31 45
31 141
31 146
31 56
31 120
31 186
31 158
32 72
32 109
32 46
32 111
32 49
32 179
32 116
32 149
32 185
32 136
32 47
33 149
33 131
33 74
33 81
33 46
33 87
33 95
33 97
33 102
33 103
33 104
33 199
33 109
33 110
33 47
33 176
33 51
33 118
33 183
33 85
34 130
34 67
34 68
34 133
34 138
34 195
34 148
34 88
34 156
34 96
34 164
34 165
34 166
34 39
34 181
34 54
34 84
34 187
34 126
34 63
35 36
35 70
35 167
35 141
35 45
35 56
35 114
35 120
35 186
35 158
35 146
36 70
36 167
36 202
36 146
36 141
36 56
36 114
36 120
36 186
36 158
37 40
37 54
38 92
38 150
39 130
39 67
39 68
39 73
39 138
39 75
39 66
39 195
39 88
39 154
39 143
39 156
39 96
39 164
39 166
39 44
39 181
39 54
39 187
39 124
40 130
40 164
40 54
41 198
41 75
41 142
41 77
41 196
41 152
41 68
41 179
41 143
41 93
41 197
41 96
41 155
41 163
41 106
41 44
41 48
41 108
41 147
41 73
41 55
41 188
41 138
41 62
42 113
43 92
43 128
43 98
43 121
43 57
43 71
43 78
43 127
44 66
44 67
44 197
44 198
44 73
44 75
44 143
44 147
44 196
44 88
44 68
44 155
44 96
44 188
44 163
44 164
44 106
44 48
44 50
44 55
44 184
44 187
44 124
44 138
44 191
45 131
45 118
45 102
45 199
45 183
45 110
45 51
45 148
45 85
45 87
45 126
46 74
46 82
46 152
46 111
46 95
46 103
46 109
46 142
46 47
46 49
46 179
46 116
46 72
46 185
46 136
46 62
46 149
47 149
47 131
47 69
47 72
47 74
47 76
47 81
47 82
47 87
47 199
47 95
47 110
47 102
47 97
47 104
47 105
47 171
47 103
47 109
47 111
47 176
47 49
47 51
47 116
47 183
47 168
47 85
48 66
48 198
48 72
48 73
48 75
48 138
48 142
48 77
48 196
48 152
48 68
48 179
48 155
48 93
48 197
48 97
48 163
48 103
48 168
48 106
48 49
48 147
48 108
48 55
48 188
48 74
48 62
49 198
49 196
49 77
49 142
49 152
49 179
49 93
49 197
49 155
49 163
49 103
49 168
49 106
49 109
49 72
49 147
49 116
49 55
49 111
49 185
49 136
49 188
49 74
49 62
50 124
50 188
50 73
50 138
50 75
50 143
51 66
51 131
51 133
51 97
51 109
51 82
51 84
51 87
51 88
51 199
51 163
51 102
51 81
51 168
51 103
51 110
51 187
51 118
51 183
51 148
51 63
51 126
51 85
52 117
53 165
53 100
53 101
53 145
53 137
53 148
53 84
53 63
53 133
54 130
54 67
54 68
54 133
54 144
54 195
54 88
54 156
54 164
54 165
54 166
54 181
54 187
54 126
54 63
55 198
55 73
55 75
55 77
55 142
55 138
55 196
55 152
55 68
55 179
55 155
55 93
55 197
55 97
55 163
55 168
55 106
55 147
55 108
55 188
55 74
55 62
56 70
56 167
56 146
56 141
56 114
56 120
56 186
56 158
57 92
57 128
57 98
57 121
57 71
57 78
57 127
58 112
58 117
58 178
58 79
59 61
60 180
60 145
60 91
60 108
62 136
62 142
62 152
62 196
62 155
62 168
62 179
62 184
62 188
62 191
62 66
62 68
62 197
62 198
62 72
62 73
62 74
62 77
62 81
62 82
62 163
62 85
62 87
62 93
62 97
62 103
62 106
62 108
62 109
62 110
62 111
62 147
63 130
63 195
63 68
63 133
63 137
63 66
63 148
63 88
63 156
63 97
63 165
63 166
63 168
63 84
63 187
63 126
64 194
64 204
65 200
65 122
66 130
66 133
66 129
66 142
66 195
66 156
66 163
66 164
66 168
66 183
66 184
66 187
66 138
66 67
66 68
66 197
66 198
66 73
66 74
66 77
66 81
66 85
66 87
66 88
66 96
66 97
66 103
66 106
66 110
66 118
66 148
66 191
66 124
66 126
67 130
67 195
67 68
67 73
67 138
67 75
67 203
67 88
67 154
67 143
67 156
67 96
67 164
67 166
67 181
67 187
67 124
68 130
68 133
68 129
68 142
68 143
68 195
68 155
68 156
68 163
68 164
68 166
68 168
68 184
68 187
68 138
68 191
68 196
68 198
68 73
68 75
68 77
68 88
68 96
68 97
68 106
68 124
68 126
69 171
69 105
69 103
69 76
69 111
69 82
69 149
69 119
69 95
70 134
70 167
70 105
70 171
70 76
70 141
70 176
70 120
70 186
70 190
70 95
71 121
72 149
72 76
72 77
72 142
72 82
72 152
72 93
72 163
72 103
72 168
72 106
72 109
72 179
72 116
72 111
72 185
72 136
72 74
72 85
73 198
73 75
73 142
73 77
73 152
73 88
73 179
73 143
73 156
73 93
73 197
73 96
73 97
73 155
73 163
73 196
73 168
73 106
73 108
73 147
73 138
73 188
73 74
74 131
74 136
74 142
74 152
74 155
74 168
74 179
74 184
74 185
74 188
74 191
74 196
74 197
74 198
74 199
74 183
74 77
74 81
74 163
74 85
74 87
74 97
74 102
74 103
74 104
74 106
74 109
74 110
74 147
74 116
75 197
75 198
75 138
75 143
75 124
75 147
75 196
75 155
75 96
75 106
75 184
75 188
75 191
76 149
76 131
76 82
76 111
76 95
76 102
76 103
76 168
76 105
76 171
76 109
76 176
76 119
76 85
77 198
77 142
77 82
77 196
77 152
77 179
77 155
77 156
77 93
77 197
77 97
77 163
77 103
77 168
77 106
77 108
77 109
77 111
77 147
77 188
78 128
78 98
78 121
78 92
78 127
79 112
79 117
79 178
79 175
80 96
80 138
80 156
80 143
81 149
81 131
81 142
81 197
81 129
81 87
81 95
81 97
81 163
81 102
81 103
81 104
81 199
81 109
81 110
81 168
81 118
81 183
81 184
81 191
81 85
82 149
82 142
82 152
82 179
82 93
82 97
82 110
82 163
82 131
82 102
82 103
82 168
82 105
82 106
82 108
82 109
82 119
82 111
82 85
83 144
83 181
83 182
83 140
83 90
83 172
84 165
84 100
84 133
84 145
84 137
84 148
84 118
84 187
84 126
85 131
85 142
85 148
85 163
85 168
85 183
85 184
85 191
85 197
85 199
85 87
85 95
85 97
85 102
85 103
85 104
85 105
85 109
85 110
85 111
85 118
85 126
85 149
87 131
87 142
87 197
87 129
87 109
87 148
87 95
87 97
87 163
87 102
87 103
87 104
87 199
87 110
87 168
87 126
87 118
87 183
87 184
87 191
88 133
88 130
88 129
88 195
88 156
88 96
88 97
88 163
88 164
88 166
88 168
88 106
88 110
88 184
88 148
88 187
88 138
88 126
89 94
89 127
90 144
90 115
90 181
90 182
90 172
90 140
91 145
91 180
92 150
92 98
92 121
92 127
93 142
93 152
93 196
93 155
93 163
93 103
93 168
93 106
93 108
93 111
93 179
94 127
95 149
95 131
95 199
95 102
95 103
95 104
95 105
95 171
95 167
95 109
95 176
95 183
95 111
96 138
96 143
96 195
96 154
96 156
96 166
96 106
96 187
97 130
97 131
97 196
97 142
97 179
97 152
97 156
97 133
97 155
97 129
97 184
97 187
97 197
97 198
97 199
97 183
97 163
97 102
97 103
97 106
97 109
97 110
97 111
97 168
97 147
97 118
97 148
97 191
97 126
98 128
98 121
98 127
99 192
99 177
99 173
100 137
100 202
100 101
101 137
101 202
101 173
102 149
102 131
102 199
102 163
102 104
102 105
102 103
102 110
102 176
102 168
102 109
102 118
102 183
102 111
102 191
103 142
103 149
103 152
103 179
103 163
103 168
103 131
103 105
103 106
103 108
103 109
103 110
103 111
104 131
104 199
104 149
104 167
104 109
104 110
104 176
104 183
105 131
105 149
105 111
105 171
105 109
105 176
105 190
105 186
106 142
106 152
106 196
106 155
106 156
106 163
106 168
106 179
106 184
106 187
106 188
106 138
106 191
106 197
106 198
106 108
106 147
107 135
108 198
108 142
108 152
108 196
108 155
108 156
108 163
108 168
108 179
109 131
109 136
109 142
109 149
109 163
109 168
109 176
109 179
109 183
109 185
109 197
109 199
109 110
109 111
109 116
110 130
110 131
110 129
110 148
110 163
110 168
110 183
110 184
110 187
110 191
110 197
110 199
110 142
110 118
110 126
111 149
111 142
111 152
111 163
111 131
111 168
111 179
111 116
111 119
112 178
112 132
112 117
112 170
113 135
114 161
114 146
114 202
114 141
114 158
115 181
115 166
115 140
115 203
115 172
115 154
116 149
116 185
116 136
117 178
117 175
118 129
118 131
118 133
118 130
118 191
118 163
118 168
118 199
118 183
118 184
118 148
118 187
118 126
120 176
120 146
120 167
120 169
120 186
120 141
121 128
122 200
124 129
124 130
124 197
124 198
124 138
124 184
124 164
124 188
124 191
126 129
126 195
126 130
126 199
126 156
126 133
126 164
126 191
126 184
126 148
126 187
129 164
129 130
129 148
129 184
129 191
130 133
130 195
130 148
130 156
130 164
130 166
130 191
130 184
130 187
131 149
131 167
131 199
131 176
131 168
131 183
132 170
133 195
133 137
133 148
133 156
133 165
133 166
133 168
133 187
134 169
134 190
136 142
136 152
136 185
136 179
136 197
137 145
137 180
137 165
138 198
138 143
138 195
138 196
138 154
138 155
138 156
138 163
138 164
138 187
140 144
140 181
140 182
140 203
140 172
141 167
141 146
141 190
141 186
141 158
142 152
142 196
142 155
142 168
142 179
142 184
142 188
142 191
142 197
142 198
142 163
142 147
143 154
144 181
144 165
144 172
144 166
145 180
146 167
146 186
146 158
147 198
147 152
147 196
147 155
147 197
147 163
147 179
147 184
147 188
147 191
148 195
148 199
148 164
148 187
149 171
149 176
149 183
149 185
151 157
152 198
152 185
152 196
152 179
152 155
152 197
152 163
152 168
152 188
154 203
155 198
155 196
155 179
155 197
155 163
155 168
155 188
156 195
156 163
156 164
156 166
156 168
156 187
159 189
162 177
163 179
163 168
163 184
163 187
163 188
163 191
163 197
163 198
163 196
164 195
164 166
164 181
164 184
164 187
164 191
165 195
165 166
166 195
166 172
166 181
166 187
167 199
167 169
167 176
167 186
168 179
168 187
168 197
168 198
168 196
171 176
172 181
172 182
173 192
177 192
179 198
179 185
179 196
179 197
179 188
181 195
183 197
183 199
183 184
183 191
184 197
184 198
184 188
184 191
184 187
185 197
186 190
187 195
188 198
188 196
188 197
188 191
190 202
191 197
191 198
191 199
194 204
196 198
196 197
197 198
