0 28
0 118
2 23
2 5
2 15
4 177
4 116
4 117
4 6
4 121
4 57
4 58
4 13
4 149
5 41
5 23
5 15
6 57
6 58
6 13
6 117
7 35
7 8
7 138
7 12
7 14
7 189
7 115
7 17
7 50
7 67
7 20
7 90
7 29
7 190
7 63
8 128
8 67
8 81
8 138
8 12
8 14
8 189
8 115
8 17
8 114
8 35
8 20
8 119
8 90
8 29
9 16
9 147
9 21
9 150
9 72
9 201
9 10
9 31
10 16
10 147
10 21
10 38
10 201
10 72
10 102
10 150
10 31
11 64
11 193
12 67
12 35
12 131
12 138
12 50
12 115
12 20
12 90
12 29
12 190
12 63
13 121
13 108
13 175
13 177
13 178
13 116
13 117
13 182
13 25
13 57
13 91
13 30
13 149
14 128
14 35
14 138
14 189
14 17
14 114
14 20
14 119
14 90
14 29
15 23
16 112
16 21
16 38
16 72
16 150
16 31
17 50
17 115
17 29
17 189
18 184
18 19
18 136
18 74
18 158
18 79
19 184
19 74
19 158
19 79
20 67
20 138
20 81
20 114
20 35
20 119
20 90
20 92
20 29
21 112
21 38
21 72
21 31
22 40
22 88
22 43
22 69
22 135
23 41
25 33
25 66
25 182
25 116
25 175
25 108
25 98
25 177
25 178
25 52
25 149
25 54
25 121
25 91
25 188
25 94
26 161
26 34
26 106
26 46
26 39
27 80
27 145
27 82
27 164
27 151
27 194
27 170
27 47
27 204
27 61
27 143
28 118
29 35
29 138
29 115
29 50
29 67
29 90
29 189
29 190
29 63
30 98
30 139
30 108
30 178
30 84
30 149
30 182
30 121
30 120
30 116
30 60
30 52
31 112
31 38
31 72
31 102
33 66
33 182
33 166
33 202
33 98
33 175
33 177
33 116
33 149
33 54
33 52
33 122
33 91
33 188
33 94
34 161
34 106
34 46
34 39
35 67
35 138
35 189
35 114
35 115
35 119
35 90
35 92
35 190
35 63
36 137
36 146
36 109
37 185
37 42
37 148
37 173
38 112
38 72
39 161
39 106
39 46
40 88
40 43
40 69
40 135
42 185
42 148
42 173
43 88
43 135
46 161
46 106
47 80
47 145
47 82
47 164
47 151
47 194
47 170
47 204
47 61
47 143
49 88
49 69
49 135
50 115
50 67
50 189
50 190
50 63
51 65
51 77
51 87
52 66
52 171
52 182
52 166
52 139
52 108
52 98
52 175
52 178
52 54
52 122
52 91
52 60
53 101
53 55
54 66
54 166
54 202
54 175
54 182
54 122
54 91
54 188
54 94
55 101
56 168
56 62
57 177
57 117
57 108
57 149
60 98
60 171
60 84
60 139
61 80
61 145
61 194
61 164
61 170
61 204
61 143
62 168
63 115
63 138
63 67
63 190
64 193
65 77
65 87
66 98
66 139
66 182
66 166
66 202
66 171
66 178
66 122
66 188
67 131
67 73
67 138
67 115
67 90
67 190
69 135
69 88
72 112
72 102
73 136
73 131
73 79
74 81
74 184
74 172
74 158
76 195
77 87
78 203
78 100
79 136
79 131
80 145
80 82
80 164
80 151
80 194
80 170
80 204
80 143
81 114
81 119
81 90
81 158
82 145
82 194
82 164
82 151
82 170
82 204
82 143
84 98
84 171
84 116
84 197
84 120
84 121
84 139
84 178
88 135
90 138
90 114
90 115
90 119
91 98
91 166
91 116
91 108
91 175
91 177
91 149
91 122
91 94
91 182
92 114
92 119
92 138
92 155
93 140
94 188
94 149
94 177
94 182
94 175
95 132
95 100
97 153
98 171
98 166
98 139
98 108
98 178
98 149
98 182
98 121
98 120
98 122
100 203
102 201
105 152
106 161
107 163
107 181
108 121
108 139
108 175
108 177
108 178
108 117
108 182
108 120
108 149
109 137
109 146
110 192
114 128
114 119
114 138
115 138
115 189
115 190
116 197
116 175
116 177
116 178
116 149
116 182
116 121
119 128
119 138
120 121
120 178
121 197
121 139
121 177
121 178
121 149
121 182
122 139
122 166
122 202
122 171
122 182
123 130
123 198
127 134
131 136
138 189
138 190
139 166
139 171
139 178
139 182
141 180
143 145
143 164
143 151
143 194
143 170
143 204
145 164
145 151
145 194
145 204
145 170
147 201
148 185
148 173
149 175
149 177
149 178
149 182
150 201
151 164
151 170
151 204
151 194
158 184
158 172
163 181
164 194
164 204
164 170
166 171
166 202
166 182
167 174
170 194
170 204
171 178
173 185
175 182
175 177
177 182
178 182
178 197
188 202
194 204
