0 64
0 1
0 2
0 3
0 4
0 5
0 6
0 135
0 73
0 10
0 12
0 77
0 142
0 15
0 173
0 19
0 21
0 24
0 25
0 26
0 143
0 158
0 133
0 196
0 100
0 198
0 102
0 39
0 168
0 106
0 108
0 45
0 192
0 112
0 178
0 147
0 131
0 56
0 123
0 109
0 126
0 63
1 64
1 2
1 3
1 4
1 5
1 6
1 135
1 73
1 10
1 12
1 77
1 142
1 15
1 16
1 173
1 19
1 20
1 196
1 24
1 25
1 26
1 143
1 93
1 68
1 133
1 100
1 198
1 39
1 168
1 108
1 45
1 112
1 178
1 131
1 137
1 56
1 121
1 192
1 109
1 126
1 63
2 3
2 4
2 5
2 6
2 135
2 64
2 10
2 75
2 12
2 142
2 15
2 173
2 19
2 21
2 24
2 25
2 26
2 143
2 158
2 68
2 133
2 196
2 155
2 100
2 198
2 102
2 168
2 106
2 108
2 45
2 112
2 178
2 147
2 131
2 56
2 123
2 192
2 126
2 63
3 131
3 4
3 5
3 6
3 135
3 64
3 73
3 10
3 12
3 142
3 15
3 173
3 19
3 21
3 24
3 25
3 26
3 143
3 158
3 133
3 196
3 155
3 100
3 198
3 102
3 39
3 168
3 106
3 108
3 45
3 192
3 112
3 178
3 147
3 56
3 123
3 109
3 126
3 63
4 68
4 5
4 6
4 64
4 73
4 10
4 12
4 77
4 142
4 15
4 16
4 173
4 19
4 20
4 24
4 196
4 26
4 143
4 198
4 69
4 96
4 133
4 100
4 37
4 39
4 168
4 108
4 45
4 112
4 178
4 131
4 56
4 192
4 109
4 126
4 63
5 133
5 6
5 135
5 64
5 10
5 75
5 143
5 15
5 173
5 19
5 21
5 24
5 68
5 26
5 79
5 198
5 158
5 31
5 196
5 155
5 100
5 37
5 102
5 168
5 106
5 108
5 45
5 112
5 178
5 147
5 131
5 119
5 56
5 123
5 192
5 126
5 63
6 198
6 135
6 64
6 10
6 75
6 79
6 159
6 19
6 21
6 24
6 68
6 26
6 143
6 29
6 158
6 31
6 133
6 147
6 155
6 131
6 166
6 102
6 103
6 168
6 105
6 106
6 44
6 173
6 112
6 178
6 51
6 118
6 56
6 123
6 196
6 126
6 63
7 65
7 130
7 171
7 164
7 166
7 129
7 72
7 28
7 193
7 43
7 76
7 162
7 167
7 202
7 59
7 124
7 61
8 128
8 181
8 83
8 68
8 37
8 182
8 119
8 41
8 154
8 69
9 195
9 134
9 135
9 143
9 80
9 81
9 19
9 84
9 21
9 87
9 90
9 91
9 158
9 160
9 102
9 168
9 106
9 199
9 178
9 51
9 94
9 57
9 122
9 188
9 126
10 135
10 64
10 73
10 12
10 142
10 15
10 173
10 19
10 21
10 24
10 25
10 26
10 143
10 158
10 68
10 133
10 196
10 123
10 100
10 198
10 102
10 168
10 106
10 108
10 45
10 192
10 112
10 178
10 147
10 155
10 131
10 56
10 31
10 109
10 126
10 63
11 192
11 187
11 178
11 197
11 166
11 135
11 104
11 172
11 203
11 12
11 13
11 110
11 168
11 82
11 179
11 25
11 26
11 127
11 188
11 159
12 71
12 73
12 109
12 77
12 142
12 15
12 16
12 173
12 20
12 24
12 25
12 26
12 93
12 100
12 39
12 104
12 42
12 108
12 45
12 112
12 168
12 178
12 137
12 121
12 192
13 82
13 84
13 25
13 188
13 190
14 34
14 67
14 36
14 22
14 116
14 186
14 78
14 175
15 64
15 73
15 77
15 142
15 143
15 16
15 173
15 19
15 24
15 196
15 93
15 133
15 100
15 39
15 168
15 108
15 45
15 112
15 178
15 131
15 137
15 121
15 192
15 126
16 192
16 39
16 73
16 42
16 71
16 77
16 142
16 108
16 18
16 20
16 173
16 121
16 137
16 100
16 109
16 93
17 32
17 195
17 199
17 40
17 201
17 74
17 157
17 80
17 81
17 114
17 51
17 52
17 183
17 180
17 90
17 91
17 60
17 138
17 95
18 96
18 128
18 71
18 73
18 39
18 108
18 77
18 111
18 20
18 137
18 93
19 135
19 64
19 75
19 192
19 173
19 131
19 21
19 87
19 24
19 68
19 143
19 29
19 158
19 31
19 133
19 147
19 155
19 100
19 198
19 102
19 168
19 105
19 106
19 45
19 112
19 178
19 51
19 56
19 57
19 123
19 196
19 126
19 63
20 192
20 71
20 73
20 77
20 142
20 173
20 151
20 24
20 26
20 93
20 96
20 162
20 100
20 39
20 104
20 42
20 108
20 109
20 111
20 204
20 137
21 64
21 147
21 135
21 75
21 143
21 87
21 196
21 155
21 29
21 158
21 133
21 160
21 102
21 168
21 105
21 106
21 45
21 112
21 178
21 51
21 57
21 123
21 126
22 34
22 67
22 36
22 116
22 186
22 156
22 78
22 175
23 177
23 27
23 155
23 118
23 183
23 40
23 75
23 29
24 135
24 64
24 73
24 77
24 142
24 164
24 173
24 25
24 26
24 143
24 69
24 68
24 96
24 162
24 123
24 100
24 198
24 102
24 39
24 168
24 108
24 109
24 112
24 178
24 147
24 131
24 56
24 31
24 192
24 126
24 63
25 135
25 142
25 77
25 173
25 26
25 143
25 100
25 39
25 104
25 108
25 45
25 112
25 168
25 178
25 192
25 109
26 135
26 73
26 77
26 142
26 143
26 173
26 131
26 162
26 187
26 100
26 198
26 166
26 39
26 104
26 127
26 108
26 109
26 112
26 168
26 178
26 172
26 56
26 123
26 192
26 63
27 32
27 81
27 195
27 40
27 177
27 170
27 183
27 199
28 65
28 162
28 164
28 72
28 129
28 43
28 76
28 130
28 167
28 83
28 181
28 59
28 61
29 195
29 147
29 135
29 201
29 74
29 75
29 143
29 79
29 80
29 90
29 91
29 158
29 31
29 155
29 102
29 105
29 106
29 107
29 177
29 51
29 118
29 183
29 56
29 123
29 126
30 65
30 35
30 132
30 193
30 72
30 202
30 171
30 140
30 43
30 116
30 88
30 124
30 127
31 198
31 131
31 68
31 135
31 136
31 201
31 79
31 80
31 150
31 179
31 143
31 159
31 155
31 166
31 102
31 103
31 105
31 107
31 44
31 147
31 56
31 123
31 126
31 63
32 195
32 180
32 183
32 40
32 74
32 138
32 199
32 157
34 193
34 66
34 67
34 132
34 140
34 78
34 152
34 156
34 98
34 36
34 171
34 172
34 110
34 175
34 50
34 116
34 53
34 54
34 55
34 117
34 189
34 85
34 127
35 194
35 115
35 101
35 88
35 202
35 165
36 67
36 66
36 54
36 156
36 78
36 98
36 110
36 175
36 116
36 85
36 152
36 117
36 189
36 53
37 128
37 131
37 68
37 103
37 41
37 83
37 181
37 150
37 119
37 182
37 69
38 95
39 71
39 73
39 77
39 142
39 173
39 93
39 96
39 100
39 42
39 108
39 109
39 112
39 137
39 121
39 192
40 177
40 74
40 195
40 180
40 183
40 90
40 91
40 157
40 199
41 128
41 181
41 83
41 68
41 182
41 119
41 154
41 69
42 96
42 192
42 104
42 73
42 71
42 77
42 142
42 47
42 108
42 109
42 137
42 151
42 93
43 65
43 130
43 171
43 164
43 129
43 72
43 193
43 76
43 46
43 144
43 167
43 202
43 59
43 124
43 61
44 198
44 155
44 68
44 102
44 103
44 136
44 105
44 107
44 159
44 63
44 79
44 147
44 149
44 150
44 169
44 56
44 164
44 123
45 135
45 64
45 142
45 87
45 143
45 158
45 133
45 196
45 100
45 168
45 106
45 108
45 173
45 112
45 49
45 178
45 192
45 126
46 144
46 176
46 130
46 202
46 92
47 152
47 148
47 85
47 151
47 104
48 138
49 160
49 174
49 190
50 193
50 66
50 67
50 132
50 197
50 140
50 98
50 82
50 85
50 152
50 156
50 104
50 171
50 172
50 117
50 110
50 175
50 116
50 53
50 54
50 55
50 187
50 124
50 189
50 127
51 195
51 179
51 135
51 143
51 80
51 81
51 147
51 87
51 90
51 155
51 158
51 91
51 102
51 168
51 105
51 106
51 199
51 177
51 178
51 201
51 57
51 123
51 126
52 139
52 195
52 145
52 200
52 201
52 74
52 107
52 80
52 114
52 179
52 180
52 90
52 91
52 60
52 157
52 199
52 95
53 98
53 67
53 197
53 156
53 140
53 110
53 175
53 82
53 172
53 116
53 66
53 54
53 55
53 152
53 127
53 117
53 189
53 85
54 98
54 67
54 156
54 66
54 140
54 110
54 175
54 82
54 172
54 116
54 55
54 152
54 127
54 117
54 189
54 85
55 193
55 66
55 67
55 132
55 197
55 140
55 98
55 85
55 152
55 156
55 104
55 171
55 172
55 117
55 110
55 175
55 116
55 187
55 124
55 189
55 127
56 135
56 64
56 79
56 179
56 159
56 150
56 68
56 143
56 198
56 158
56 155
56 131
56 166
56 102
56 103
56 168
56 105
56 106
56 107
56 112
56 136
56 178
56 147
56 123
56 126
56 63
57 195
57 135
57 143
57 80
57 84
57 87
57 90
57 91
57 158
57 160
57 102
57 168
57 106
57 199
57 178
57 179
57 188
57 126
58 185
58 132
59 65
59 130
59 164
59 72
59 129
59 76
59 162
59 167
59 83
59 204
59 181
59 61
60 199
60 81
61 65
61 130
61 164
61 72
61 129
61 202
61 76
61 144
61 181
61 176
61 167
62 188
62 84
62 190
62 94
63 135
63 64
63 108
63 192
63 79
63 196
63 68
63 143
63 158
63 133
63 155
63 131
63 198
63 102
63 168
63 105
63 106
63 173
63 112
63 178
63 147
63 123
63 126
64 135
64 75
64 173
64 196
64 143
64 158
64 133
64 155
64 100
64 102
64 168
64 106
64 112
64 178
64 147
64 131
64 123
64 126
65 129
65 130
65 171
65 164
65 72
65 193
65 76
65 162
65 167
65 172
65 187
65 202
65 124
65 127
66 98
66 67
66 156
66 110
66 175
66 82
66 116
66 152
66 117
66 189
66 85
67 193
67 132
67 140
67 98
67 78
67 152
67 156
67 171
67 172
67 110
67 175
67 116
67 117
67 189
67 85
67 127
68 128
68 131
68 79
68 83
68 147
68 150
68 143
68 198
68 69
68 123
68 103
68 173
68 155
68 118
68 119
68 126
69 128
69 96
69 162
69 131
69 204
69 111
69 83
69 181
69 119
70 89
70 183
71 96
71 73
71 108
71 77
71 109
71 142
71 137
71 121
71 111
71 93
72 130
72 171
72 164
72 129
72 193
72 76
72 144
72 88
72 167
72 202
72 124
73 137
73 77
73 142
73 173
73 131
73 93
73 96
73 100
73 108
73 109
73 111
73 128
73 121
73 192
74 136
74 199
74 105
74 138
74 107
74 157
74 80
74 114
74 195
74 201
74 183
74 180
74 90
74 91
74 95
75 155
75 147
75 105
75 106
75 158
75 79
75 177
75 118
75 196
75 143
75 126
75 133
76 130
76 198
76 202
76 153
76 159
76 162
76 164
76 166
76 167
76 129
76 193
76 171
76 172
76 187
76 124
76 127
77 142
77 173
77 93
77 96
77 100
77 104
77 108
77 109
77 112
77 137
77 121
77 192
78 116
78 186
78 175
79 131
79 136
79 201
79 147
79 149
79 150
79 155
79 198
79 102
79 103
79 105
79 107
79 118
79 169
79 123
80 195
80 179
80 135
80 136
80 145
80 147
80 199
80 90
80 155
80 158
80 91
80 102
80 105
80 95
80 107
80 159
80 157
80 180
80 114
80 201
80 123
81 134
81 177
81 90
81 122
81 199
81 195
82 203
82 188
82 98
82 110
82 152
82 191
82 156
82 189
82 117
83 129
83 130
83 181
83 182
83 146
83 149
83 150
83 119
83 164
83 154
83 125
84 160
84 188
84 134
84 87
84 94
84 190
85 98
85 104
85 140
85 110
85 116
85 152
85 148
85 175
85 156
85 189
85 117
86 97
86 149
86 169
86 161
87 160
87 126
87 102
87 135
87 168
87 106
87 190
87 158
87 143
87 112
87 178
87 188
87 94
88 194
88 115
88 101
88 202
88 165
90 195
90 179
90 199
90 136
90 147
90 201
90 91
90 157
90 158
90 95
90 180
90 102
90 105
90 107
90 177
90 114
90 183
90 123
91 195
91 179
91 199
91 136
91 147
91 201
91 157
91 158
91 95
91 180
91 102
91 105
91 107
91 177
91 114
91 183
91 123
92 176
93 192
93 100
93 142
93 108
93 173
93 137
93 121
93 109
94 160
94 190
94 134
94 122
94 188
95 195
95 145
95 201
95 107
95 157
95 114
95 180
95 138
96 128
96 162
96 108
96 109
96 173
96 137
96 204
96 111
97 161
97 163
97 169
98 197
98 156
98 140
98 110
98 175
98 172
98 116
98 152
98 127
98 117
98 189
99 146
99 182
99 125
99 154
99 181
100 135
100 142
100 173
100 143
100 168
100 108
100 112
100 178
100 137
100 121
100 192
100 109
100 126
101 115
101 186
101 194
102 135
102 136
102 143
102 147
102 155
102 158
102 159
102 166
102 168
102 178
102 179
102 195
102 198
102 201
102 131
102 105
102 106
102 107
102 112
102 123
102 126
103 169
103 147
103 149
103 118
103 119
103 155
103 182
103 150
104 192
104 140
104 151
104 152
104 171
104 172
104 109
104 110
104 116
104 187
104 127
105 195
105 147
105 179
105 135
105 136
105 201
105 143
105 159
105 158
105 155
105 106
105 107
105 118
105 123
105 126
106 147
106 135
106 143
106 196
106 155
106 158
106 133
106 131
106 168
106 112
106 178
106 123
106 126
107 195
107 136
107 201
107 145
107 147
107 153
107 159
107 163
107 157
107 114
107 179
107 123
108 142
108 173
108 131
108 168
108 112
108 192
108 137
108 121
108 109
109 198
109 142
109 151
109 162
109 173
109 112
109 137
109 187
109 192
110 193
110 140
110 152
110 156
110 171
110 172
110 175
110 116
110 187
110 117
110 189
110 127
111 128
111 137
111 204
112 135
112 192
112 142
112 173
112 143
112 158
112 133
112 196
112 198
112 168
112 178
112 147
112 131
112 123
112 126
113 120
113 176
113 146
113 125
114 139
114 179
114 195
114 145
114 136
114 201
114 141
114 163
114 180
114 200
114 157
115 194
115 165
116 193
116 140
116 148
116 151
116 152
116 156
116 171
116 172
116 175
116 187
116 117
116 127
117 193
117 132
117 140
117 152
117 156
117 172
117 175
117 189
117 127
118 155
118 147
118 150
118 119
119 131
119 150
119 182
120 144
120 130
120 146
120 176
120 125
121 173
121 142
121 137
122 160
122 134
123 135
123 136
123 201
123 143
123 179
123 198
123 158
123 147
123 155
123 131
123 166
123 168
123 178
123 159
123 126
124 193
124 132
124 166
124 129
124 140
124 187
124 172
124 171
124 202
124 164
124 159
124 167
124 127
125 146
125 181
125 182
125 154
126 135
126 192
126 173
126 143
126 158
126 133
126 147
126 155
126 198
126 168
126 178
126 131
126 196
127 193
127 140
127 151
127 152
127 156
127 166
127 171
127 172
127 175
127 187
128 204
128 162
129 130
129 164
129 162
129 167
129 181
130 164
130 144
130 167
130 181
130 176
131 135
131 143
131 196
131 198
131 133
131 168
131 173
131 178
131 147
131 155
132 193
132 197
132 202
132 175
133 173
133 196
133 143
133 158
133 155
133 168
133 178
133 147
134 160
135 147
135 192
135 143
135 179
135 155
135 198
135 158
135 166
135 168
135 159
135 178
136 166
136 179
136 163
136 201
136 169
136 153
136 159
137 142
137 173
138 180
138 183
138 157
139 197
139 200
139 203
139 141
139 145
139 179
139 153
139 185
139 159
139 191
140 193
140 148
140 151
140 152
140 156
140 171
140 172
140 175
140 187
141 145
141 179
141 197
141 203
141 185
141 184
141 153
141 200
141 159
142 173
142 168
142 178
142 192
143 192
143 155
143 158
143 168
143 173
143 178
143 198
143 196
143 147
144 176
144 165
145 197
145 200
145 201
145 179
145 203
145 153
145 159
146 181
146 182
146 161
146 154
147 201
147 179
147 196
147 158
147 155
147 198
147 168
147 178
148 151
148 152
149 150
149 169
149 182
150 181
150 169
150 164
150 182
151 171
151 172
151 187
152 175
152 156
152 172
152 189
153 163
153 197
153 166
153 167
153 179
153 185
153 159
154 181
154 182
155 201
155 196
155 158
155 198
156 172
156 175
156 189
157 195
157 199
157 201
157 183
157 180
158 196
158 160
158 168
158 178
159 198
159 193
159 197
159 203
159 166
159 167
159 179
161 169
162 187
162 164
162 198
162 204
162 181
164 198
164 167
164 204
164 181
165 194
166 193
166 203
166 197
166 198
166 167
166 171
166 172
166 179
166 187
167 171
167 193
167 187
167 202
168 173
168 196
168 198
168 178
168 192
170 177
171 202
171 193
171 172
171 187
172 197
172 193
172 175
172 187
173 196
173 198
173 178
173 192
175 189
177 195
177 199
177 183
178 196
178 198
178 192
179 197
179 201
179 203
179 200
179 195
180 195
180 199
180 201
180 183
181 182
183 201
183 195
184 185
185 197
187 193
188 190
191 200
191 197
191 203
192 198
193 197
193 202
194 202
195 201
195 199
197 200
197 203
199 201
200 203
