0 1
0 2
0 3
0 5
0 6
0 172
0 34
0 117
1 2
1 3
1 4
1 117
1 6
1 93
1 14
2 34
2 3
2 5
2 6
2 112
2 172
2 117
3 4
3 117
3 6
3 172
5 129
5 131
5 68
5 6
5 112
5 8
5 76
5 138
5 139
5 12
5 13
5 14
5 147
5 148
5 21
5 152
5 25
5 93
5 30
5 33
5 34
5 99
5 36
5 102
5 39
5 40
5 41
5 176
5 172
5 47
5 48
5 94
5 56
5 59
5 60
5 117
6 8
6 12
6 13
6 14
6 147
6 21
6 98
6 93
6 30
6 33
6 34
6 36
6 39
6 40
6 41
6 172
6 47
6 94
6 56
6 59
6 60
6 117
7 193
7 9
7 78
7 147
7 14
7 22
7 87
7 164
7 26
7 93
7 30
7 33
7 98
7 36
7 40
7 41
7 43
7 173
7 114
7 19
7 116
7 53
7 118
7 58
8 129
8 131
8 196
8 138
8 139
8 12
8 13
8 14
8 143
8 147
8 148
8 21
8 25
8 152
8 153
8 26
8 30
8 33
8 34
8 36
8 39
8 40
8 41
8 47
8 176
8 201
8 184
8 186
8 59
8 60
8 61
8 65
8 48
8 73
8 76
8 56
8 93
8 94
8 98
8 99
8 106
8 189
8 114
8 117
8 121
9 129
9 13
9 78
9 173
9 19
9 14
9 22
9 87
9 25
9 26
9 30
9 33
9 98
9 164
9 37
9 43
9 45
9 114
9 147
9 116
9 53
9 118
9 153
9 58
9 60
10 173
10 164
10 37
10 118
10 87
10 43
10 157
10 78
10 149
11 160
11 191
11 35
11 75
11 204
11 109
11 110
11 16
11 49
11 50
11 171
11 57
11 155
11 31
12 129
12 131
12 196
12 138
12 139
12 13
12 14
12 143
12 147
12 148
12 21
12 25
12 152
12 153
12 154
12 30
12 33
12 34
12 36
12 39
12 40
12 41
12 172
12 47
12 176
12 56
12 59
12 60
12 189
12 193
12 68
12 73
12 76
12 48
12 93
12 94
12 98
12 99
12 102
12 112
12 117
12 121
13 129
13 131
13 138
13 139
13 14
13 143
13 19
13 148
13 21
13 153
13 152
13 25
13 26
13 30
13 33
13 34
13 36
13 39
13 40
13 41
13 176
13 45
13 47
13 48
13 52
13 53
13 56
13 186
13 59
13 60
13 61
13 65
13 76
13 184
13 93
13 94
13 98
13 99
13 106
13 189
13 113
13 114
13 147
13 116
13 121
14 164
14 78
14 19
14 21
14 22
14 87
14 25
14 26
14 93
14 30
14 33
14 98
14 36
14 39
14 40
14 41
14 193
14 129
14 47
14 176
14 114
14 147
14 116
14 53
14 118
14 153
14 58
14 59
14 60
14 117
15 97
15 67
15 100
15 134
15 105
15 77
15 174
15 145
15 18
15 51
15 20
15 23
15 88
15 201
15 27
15 146
15 125
15 95
16 160
16 191
16 35
16 75
16 204
16 109
16 110
16 49
16 50
16 171
16 57
16 155
16 31
17 161
17 156
17 150
17 38
17 103
17 89
17 74
17 187
17 108
17 90
18 67
18 69
18 134
18 201
18 23
18 77
18 80
18 145
18 146
18 20
18 85
18 151
18 88
18 27
18 97
18 100
18 105
18 174
18 61
18 180
18 125
19 129
19 78
19 173
19 147
19 22
19 87
19 25
19 26
19 30
19 33
19 98
19 164
19 43
19 45
19 114
19 116
19 53
19 118
19 153
19 58
19 60
20 67
20 69
20 134
20 199
20 201
20 202
20 23
20 77
20 144
20 85
20 151
20 88
20 27
20 80
20 100
20 166
20 105
20 146
20 63
20 125
20 127
21 129
21 131
21 196
21 193
21 138
21 139
21 143
21 147
21 148
21 22
21 25
21 152
21 153
21 30
21 33
21 34
21 36
21 39
21 40
21 41
21 47
21 176
21 53
21 184
21 59
21 60
21 189
21 65
21 48
21 76
21 56
21 93
21 94
21 98
21 99
21 102
21 112
21 117
21 121
22 129
22 164
22 78
22 87
22 25
22 26
22 93
22 30
22 33
22 98
22 36
22 37
22 40
22 41
22 193
22 43
22 173
22 176
22 114
22 147
22 116
22 53
22 118
22 153
22 58
22 60
23 67
23 69
23 134
23 199
23 137
23 202
23 77
23 144
23 85
23 151
23 88
23 27
23 29
23 80
23 163
23 100
23 105
23 146
23 180
23 201
23 63
23 125
23 127
24 64
24 194
24 67
24 196
24 150
24 134
24 161
24 73
24 141
24 143
24 201
24 145
24 82
24 86
24 154
24 97
24 100
24 101
24 81
24 169
24 189
24 115
24 180
24 137
24 184
24 123
24 124
24 61
24 191
25 129
25 131
25 138
25 139
25 143
25 148
25 152
25 153
25 26
25 184
25 154
25 30
25 33
25 34
25 36
25 39
25 40
25 41
25 176
25 47
25 48
25 53
25 201
25 56
25 186
25 59
25 60
25 61
25 65
25 196
25 73
25 76
25 81
25 87
25 93
25 97
25 98
25 106
25 189
25 114
25 147
25 116
25 121
26 129
26 164
26 139
26 78
26 173
26 87
26 93
26 30
26 33
26 98
26 36
26 40
26 41
26 193
26 43
26 45
26 114
26 147
26 116
26 53
26 118
26 153
26 58
26 60
27 134
27 105
27 151
27 77
27 80
27 85
27 88
27 125
27 127
29 194
29 163
29 68
29 69
29 134
29 199
29 73
29 202
29 119
29 144
29 177
29 203
29 122
29 63
29 124
29 127
30 129
30 138
30 139
30 143
30 148
30 153
30 152
30 33
30 34
30 36
30 37
30 39
30 40
30 41
30 43
30 173
30 47
30 48
30 53
30 56
30 58
30 59
30 60
30 189
30 193
30 196
30 76
30 78
30 184
30 87
30 176
30 164
30 93
30 98
30 114
30 147
30 116
30 117
30 118
30 121
31 35
31 75
31 43
31 204
31 109
31 110
31 173
31 49
31 50
31 57
31 155
32 44
32 142
32 71
33 129
33 164
33 139
33 87
33 93
33 176
33 98
33 36
33 39
33 40
33 41
33 193
33 43
33 78
33 173
33 47
33 48
33 114
33 147
33 116
33 53
33 118
33 153
33 58
33 59
33 60
33 117
34 129
34 131
34 68
34 76
34 138
34 139
34 147
34 148
34 153
34 152
34 93
34 112
34 99
34 36
34 102
34 39
34 40
34 41
34 176
34 172
34 47
34 48
34 94
34 56
34 59
34 60
34 117
35 160
35 75
35 204
35 109
35 110
35 49
35 50
35 171
35 57
35 155
36 129
36 98
36 196
36 76
36 139
36 143
36 154
36 147
36 87
36 152
36 93
36 164
36 37
36 39
36 40
36 193
36 176
36 78
36 47
36 48
36 53
36 118
36 56
36 58
36 59
36 60
36 189
36 153
36 117
37 64
37 193
37 98
37 118
37 43
37 173
37 78
37 79
37 157
37 53
37 87
37 164
37 58
37 90
37 149
38 140
38 187
38 103
38 104
38 89
38 74
38 156
38 108
38 46
39 65
39 131
39 112
39 76
39 138
39 139
39 147
39 148
39 153
39 152
39 98
39 93
39 99
39 102
39 40
39 41
39 176
39 172
39 129
39 47
39 48
39 94
39 56
39 121
39 59
39 60
39 117
40 65
40 98
40 138
40 139
40 147
40 148
40 153
40 93
40 129
40 41
40 193
40 176
40 47
40 48
40 114
40 116
40 53
40 118
40 56
40 58
40 59
40 60
40 117
41 65
41 98
41 129
41 139
41 147
41 148
41 153
41 93
41 47
41 114
41 52
41 53
41 116
41 58
41 59
41 60
41 117
42 177
42 162
42 132
42 102
43 193
43 78
43 87
43 98
43 164
43 173
43 114
43 116
43 53
43 118
43 57
43 58
44 142
44 71
45 97
45 129
45 136
45 106
45 113
45 114
45 153
45 168
45 61
46 104
46 140
46 108
46 103
47 65
47 131
47 112
47 76
47 138
47 139
47 147
47 148
47 153
47 152
47 93
47 99
47 102
47 176
47 172
47 129
47 48
47 94
47 56
47 121
47 59
47 60
47 117
48 129
48 131
48 68
48 73
48 138
48 139
48 143
48 81
48 147
48 148
48 154
48 87
48 152
48 98
48 184
48 93
48 188
48 196
48 176
48 76
48 94
48 56
48 121
48 59
48 60
48 189
48 153
48 117
49 64
49 160
49 191
49 75
49 204
49 109
49 110
49 50
49 171
49 57
49 155
50 160
50 75
50 204
50 109
50 110
50 171
50 57
50 155
51 160
51 145
51 67
51 100
51 54
51 55
51 92
51 174
52 113
52 114
52 147
52 148
52 65
52 168
52 60
53 129
53 164
53 78
53 87
53 93
53 98
53 193
53 173
53 114
53 147
53 116
53 118
53 153
53 58
53 60
54 92
54 55
55 92
56 129
56 131
56 196
56 138
56 139
56 143
56 148
56 152
56 153
56 154
56 172
56 176
56 184
56 186
56 59
56 60
56 189
56 65
56 68
56 73
56 76
56 162
56 93
56 94
56 99
56 102
56 106
56 112
56 117
56 121
57 75
57 204
57 109
57 110
57 173
57 171
57 155
58 193
58 78
58 87
58 164
58 93
58 98
58 173
58 114
58 147
58 116
58 118
59 65
59 131
59 112
59 76
59 138
59 139
59 147
59 148
59 153
59 152
59 93
59 99
59 102
59 176
59 172
59 129
59 94
59 121
59 60
59 117
60 129
60 131
60 138
60 139
60 143
60 148
60 153
60 152
60 176
60 186
60 189
60 65
60 76
60 184
60 93
60 94
60 98
60 99
60 106
60 114
60 147
60 116
60 117
60 121
61 129
61 67
61 196
61 73
61 138
61 139
61 76
61 143
61 81
61 82
61 131
61 148
61 86
61 153
61 152
61 97
61 100
61 146
61 145
61 106
61 171
61 176
61 201
61 184
61 121
61 186
61 189
61 191
62 163
62 166
62 63
62 170
62 80
62 195
62 126
62 151
62 202
62 122
62 159
62 125
62 158
62 127
63 144
63 163
63 69
63 134
63 199
63 170
63 151
63 158
63 125
63 80
63 88
63 202
63 122
63 159
63 166
63 126
63 127
64 161
64 196
64 81
64 74
64 109
64 82
64 86
64 89
64 90
64 123
64 189
64 150
64 191
65 129
65 131
65 168
65 138
65 139
65 184
65 147
65 148
65 153
65 99
65 106
65 113
65 114
65 121
65 186
66 72
66 83
66 133
66 165
67 134
67 137
67 77
67 145
67 82
67 86
67 97
67 100
67 146
67 81
67 106
67 171
67 174
67 180
67 201
67 88
67 124
68 112
68 102
68 73
68 176
68 76
68 152
68 119
68 154
68 188
68 94
69 131
69 134
69 201
69 138
69 76
69 144
69 146
69 88
69 80
69 162
69 99
69 106
69 202
69 121
69 186
69 125
69 127
71 142
72 137
72 83
72 178
72 197
73 129
73 131
73 76
73 138
73 139
73 141
73 143
73 144
73 81
73 82
73 188
73 196
73 86
73 153
73 152
73 184
73 94
73 176
73 101
73 169
73 201
73 154
73 189
73 119
73 121
73 123
73 124
74 150
74 103
74 89
74 90
74 187
74 156
74 161
75 160
75 191
75 204
75 109
75 110
75 171
75 155
76 129
76 131
76 138
76 139
76 143
76 144
76 81
76 82
76 196
76 148
76 153
76 152
76 154
76 184
76 97
76 99
76 106
76 176
76 189
76 94
76 201
76 121
76 186
77 134
77 105
77 80
77 145
77 85
77 180
77 88
77 137
77 125
78 193
78 87
78 164
78 157
78 98
78 173
78 116
78 118
79 90
79 149
80 166
80 163
80 134
80 105
80 170
80 127
80 158
80 144
80 85
80 88
80 202
80 151
80 125
81 196
81 150
81 141
81 143
81 145
81 82
81 188
81 86
81 152
81 154
81 90
81 161
81 100
81 101
81 169
81 171
81 189
81 201
81 184
81 176
81 123
81 124
81 191
82 194
82 196
82 150
82 141
82 143
82 201
82 145
82 188
82 86
82 152
82 154
82 90
82 161
82 100
82 101
82 169
82 189
82 115
82 180
82 137
82 184
82 123
82 124
82 191
83 180
83 133
83 137
83 197
85 192
85 166
85 134
85 105
85 151
85 88
85 125
85 127
86 196
86 141
86 143
86 145
86 188
86 150
86 152
86 154
86 90
86 161
86 100
86 101
86 169
86 189
86 115
86 180
86 201
86 184
86 123
86 124
86 191
87 193
87 164
87 176
87 93
87 98
87 173
87 157
87 116
87 118
87 149
88 144
88 151
88 134
88 105
88 202
88 127
88 166
88 146
88 125
89 161
89 103
89 110
89 150
89 90
89 187
89 156
89 191
90 161
90 187
90 196
90 169
90 191
90 149
90 123
90 150
90 101
91 96
91 188
91 178
91 115
91 101
91 119
91 169
91 154
91 123
91 135
91 190
92 160
93 98
93 129
93 139
93 164
93 147
93 152
93 193
93 176
93 116
93 118
93 153
93 117
94 129
94 131
94 162
94 138
94 139
94 148
94 152
94 99
94 102
94 176
94 172
94 112
94 117
94 121
95 97
95 146
95 198
95 185
95 105
95 174
95 111
96 188
96 115
96 178
96 101
96 119
96 169
96 123
96 135
96 141
96 190
97 129
97 201
97 138
97 139
97 145
97 146
97 131
97 153
97 143
97 100
97 106
97 171
97 174
97 189
97 184
97 121
97 186
98 129
98 164
98 139
98 176
98 193
98 173
98 114
98 147
98 116
98 118
98 153
99 131
99 162
99 138
99 139
99 148
99 152
99 102
99 172
99 112
99 121
99 186
100 134
100 201
100 145
100 143
100 146
100 106
100 171
100 174
100 184
100 121
100 186
101 194
101 196
101 135
101 141
101 154
101 161
101 169
101 124
101 178
101 115
101 119
101 123
101 188
101 190
102 172
102 162
102 112
102 131
102 132
103 110
103 150
103 104
103 187
103 156
104 156
104 187
104 140
104 107
104 108
105 128
105 134
105 174
105 111
105 185
105 146
105 125
106 129
106 201
106 138
106 139
106 143
106 184
106 146
106 131
106 148
106 153
106 152
106 189
106 113
106 121
106 186
108 156
108 187
108 140
109 160
109 204
109 191
109 110
109 171
109 155
110 160
110 204
110 187
110 155
111 128
111 185
111 174
112 172
112 162
112 152
112 132
112 117
113 138
113 186
113 136
113 148
113 168
114 173
114 153
114 129
114 147
114 116
115 161
115 194
115 178
115 135
115 137
115 141
115 188
115 180
115 119
115 169
115 154
115 123
115 124
115 165
116 129
116 164
116 193
116 173
116 147
116 118
116 153
117 147
117 193
117 176
117 172
118 193
118 147
118 164
118 173
118 157
119 188
119 194
119 135
119 203
119 141
119 154
119 169
119 122
119 123
119 124
119 190
121 131
121 196
121 129
121 138
121 139
121 143
121 144
121 184
121 146
121 148
121 153
121 152
121 176
121 189
121 201
121 186
122 194
122 163
122 165
122 199
122 200
122 202
122 127
122 144
122 177
122 203
122 159
123 194
123 196
123 150
123 135
123 141
123 188
123 154
123 161
123 169
123 178
123 180
123 124
123 189
123 191
124 194
124 196
124 133
124 134
124 199
124 141
124 154
124 165
124 161
124 169
124 180
124 137
124 188
124 189
125 134
125 199
125 137
125 202
125 151
125 144
125 163
125 166
125 180
125 127
126 163
126 166
126 151
126 170
126 195
126 202
126 158
126 127
127 134
127 199
127 202
127 144
127 151
127 158
127 159
127 163
127 166
127 170
128 185
129 131
129 138
129 139
129 143
129 148
129 153
129 152
129 176
129 201
129 186
129 196
129 184
129 189
129 147
131 138
131 139
131 143
131 144
131 184
131 146
131 148
131 153
131 152
131 162
131 176
131 189
131 201
131 186
132 172
133 180
133 165
133 134
133 199
133 194
133 137
133 141
134 194
134 199
134 137
134 202
134 151
134 144
134 145
134 146
134 180
134 201
135 169
135 154
135 188
135 190
136 168
137 199
137 194
137 197
137 141
137 145
137 180
137 165
138 139
138 143
138 184
138 146
138 147
138 148
138 153
138 152
138 176
138 189
138 201
138 186
139 143
139 147
139 148
139 152
139 153
139 176
139 201
139 184
139 186
139 189
139 196
141 194
141 196
141 150
141 199
141 154
141 165
141 161
141 169
141 178
141 180
141 188
143 196
143 148
143 152
143 184
143 154
143 176
143 189
143 201
143 186
143 153
143 191
144 162
144 202
144 186
144 146
144 163
145 171
145 174
145 180
145 201
146 201
146 174
146 184
146 186
147 148
147 153
147 193
147 176
148 184
148 153
148 152
148 176
148 189
148 201
148 186
149 157
150 161
150 187
150 178
150 156
150 191
151 163
151 166
151 170
151 158
151 195
151 202
152 196
152 153
152 154
152 184
152 176
152 189
152 201
152 186
153 176
153 201
153 186
153 196
153 184
153 189
154 188
154 196
154 176
154 169
154 189
155 160
155 204
155 171
155 191
156 187
157 164
158 195
158 166
158 170
158 202
159 163
159 203
159 199
159 200
159 202
160 204
161 187
161 178
161 169
161 196
161 191
163 203
163 199
163 202
163 177
164 193
164 173
165 180
165 178
165 194
165 199
166 192
166 195
166 170
166 202
169 194
169 196
169 178
169 188
169 190
170 195
170 202
171 201
171 204
171 191
173 193
174 185
176 184
176 196
176 189
177 200
177 203
180 199
180 194
184 196
184 189
184 201
184 186
186 201
186 189
188 196
188 189
188 190
189 196
189 201
189 191
190 203
191 196
191 204
194 199
196 201
199 202
200 203
