0 1
0 2
0 4
1 2
1 3
1 4
2 3
2 4
3 113
3 109
3 111
5 129
5 66
5 201
5 196
5 182
5 70
5 161
5 8
5 137
5 75
5 12
5 77
5 141
5 146
5 22
5 24
5 89
5 90
5 26
5 31
5 32
5 33
5 99
5 101
5 38
5 188
5 109
5 29
5 48
5 113
5 178
5 179
5 54
5 183
5 185
5 166
5 157
5 165
6 194
6 131
6 68
6 69
6 198
6 71
6 9
6 138
6 11
6 12
6 22
6 93
6 38
6 39
6 42
6 172
6 45
6 110
6 170
6 122
6 187
6 106
6 190
6 191
7 130
7 135
7 108
7 74
7 142
7 16
7 17
7 159
7 20
7 150
7 89
7 184
7 125
7 31
7 35
7 100
7 103
7 104
7 41
7 170
7 44
7 50
7 61
7 49
7 114
7 116
7 120
7 58
7 59
7 10
7 202
8 128
8 129
8 66
8 196
8 70
8 137
8 75
8 76
8 77
8 13
8 141
8 146
8 24
8 90
8 29
8 182
8 161
8 101
8 109
8 111
8 157
8 113
8 178
8 179
8 54
8 56
8 185
9 194
9 131
9 68
9 69
9 138
9 11
9 12
9 22
9 93
9 198
9 38
9 39
9 42
9 172
9 45
9 110
9 170
9 122
9 187
9 106
9 190
9 191
10 68
10 150
10 198
10 172
10 74
10 203
10 12
10 142
10 202
10 22
10 89
10 155
10 91
10 159
10 31
10 59
10 103
10 104
10 41
10 42
10 44
10 49
10 50
10 116
10 170
10 184
10 58
10 123
10 106
10 190
10 127
11 191
11 194
11 71
11 153
11 122
11 27
11 93
11 110
11 138
12 123
12 172
12 198
12 203
12 68
12 70
12 161
12 183
12 101
12 141
12 83
12 170
12 22
12 89
12 201
12 155
12 28
12 94
12 31
12 32
12 33
12 166
12 99
12 38
12 39
12 42
12 159
12 45
12 48
12 19
12 182
12 137
12 184
12 59
12 60
12 106
12 190
12 165
13 128
13 129
13 66
13 67
13 54
13 137
13 75
13 76
13 77
13 179
13 146
13 84
13 85
13 24
13 90
13 157
13 34
13 163
13 175
13 178
13 51
13 204
13 118
13 56
13 185
13 187
14 176
14 171
14 134
14 135
14 139
14 173
14 142
14 61
14 80
14 145
14 195
14 116
14 120
14 186
14 15
14 156
14 125
14 159
15 176
15 195
15 37
15 145
15 173
15 142
15 47
15 80
15 17
15 116
15 120
15 60
15 125
15 159
16 171
16 155
16 134
16 136
16 108
16 78
16 163
16 20
16 25
16 36
16 154
16 91
16 95
16 34
16 35
16 100
16 103
16 41
16 135
16 44
16 116
16 184
16 58
16 125
17 97
17 130
17 104
17 74
17 142
17 49
17 180
17 152
17 168
17 30
17 159
18 164
18 79
19 64
19 22
19 201
19 203
19 82
19 83
19 86
19 89
19 28
19 94
19 32
19 99
19 39
19 106
19 174
19 47
19 48
19 180
19 183
19 123
19 60
19 190
20 155
20 136
20 108
20 150
20 100
20 154
20 91
20 95
20 35
20 36
20 103
20 40
20 41
20 135
20 44
20 49
20 114
20 116
20 184
20 58
20 200
20 62
21 57
21 181
22 123
22 172
22 198
22 201
22 68
22 70
22 161
22 183
22 101
22 141
22 83
22 170
22 196
22 203
22 89
22 90
22 155
22 28
22 94
22 31
22 32
22 33
22 99
22 38
22 39
22 42
22 159
22 45
22 48
22 182
22 137
22 184
22 59
22 166
22 106
22 190
22 165
23 181
23 150
23 73
23 104
23 57
23 30
23 127
24 128
24 129
24 66
24 67
24 137
24 75
24 76
24 77
24 141
24 179
24 146
24 84
24 85
24 90
24 155
24 118
24 165
24 34
24 163
24 101
24 38
24 157
24 178
24 51
24 204
24 54
24 56
24 185
24 187
25 34
25 163
25 36
25 134
25 135
25 136
25 171
25 78
25 143
25 146
25 154
25 175
26 195
26 196
26 70
26 161
26 201
26 139
26 141
26 80
26 145
26 83
26 29
26 94
26 165
26 33
26 99
26 37
26 166
26 173
26 47
26 182
26 183
26 185
26 186
26 188
27 138
27 71
27 122
27 93
27 110
28 64
28 196
28 70
28 161
28 201
28 203
28 82
28 83
28 89
28 94
28 32
28 33
28 99
28 37
28 166
28 174
28 47
28 48
28 182
28 183
28 123
28 60
28 190
29 129
29 66
29 196
29 70
29 137
29 75
29 77
29 141
29 146
29 90
29 182
29 157
29 101
29 161
29 165
29 109
29 113
29 178
29 179
29 54
29 185
29 188
30 114
30 97
30 150
30 49
30 104
30 73
30 74
30 130
30 127
31 171
31 134
31 184
31 137
31 203
31 141
31 142
31 80
31 145
31 163
31 195
31 89
31 155
31 159
31 32
31 33
31 34
31 99
31 101
31 38
31 103
31 106
31 135
31 173
31 48
31 59
31 116
31 183
31 120
31 58
31 123
31 166
31 170
31 190
31 165
32 123
32 172
32 198
32 203
32 196
32 70
32 161
32 137
32 183
32 141
32 83
32 89
32 201
32 94
32 33
32 166
32 99
32 101
32 38
32 39
32 42
32 159
32 45
32 48
32 182
32 170
32 59
32 60
32 106
32 190
32 165
33 129
33 195
33 196
33 70
33 137
33 203
33 141
33 173
33 80
33 145
33 83
33 89
33 155
33 90
33 94
33 161
33 99
33 101
33 38
33 106
33 166
33 201
33 48
33 179
33 182
33 183
33 120
33 185
33 186
33 123
33 60
33 190
33 165
34 129
34 66
34 134
34 135
34 136
34 204
34 78
34 146
34 163
34 154
34 155
34 95
34 91
34 36
34 165
34 166
34 103
34 171
34 44
34 175
34 178
34 51
34 187
34 184
34 185
34 58
35 130
35 171
35 134
35 136
35 108
35 74
35 150
35 100
35 154
35 91
35 95
35 36
35 103
35 41
35 135
35 44
35 46
35 61
35 49
35 114
35 116
35 184
35 58
35 125
35 62
36 134
36 135
36 136
36 108
36 78
36 143
36 154
36 100
36 103
36 41
36 171
36 44
36 46
36 61
36 116
36 117
36 125
37 123
37 99
37 166
37 60
37 107
37 173
37 142
37 80
37 145
37 83
37 201
37 183
37 120
37 89
37 47
37 186
37 94
37 195
38 198
38 66
38 68
38 161
38 194
38 203
38 141
38 163
38 170
38 89
38 90
38 155
38 99
38 101
38 165
38 39
38 42
38 172
38 45
38 48
38 187
38 182
38 137
38 184
38 122
38 59
38 106
38 190
38 166
39 64
39 194
39 131
39 68
39 69
39 138
39 203
39 82
39 93
39 99
39 198
39 42
39 172
39 45
39 48
39 170
39 122
39 106
39 190
40 43
40 55
40 200
40 41
40 91
40 108
40 158
40 95
41 130
41 136
41 44
41 74
41 150
41 100
41 154
41 91
41 95
41 103
41 135
41 108
41 61
41 125
41 49
41 114
41 116
41 184
41 58
41 200
41 62
42 194
42 68
42 203
42 81
42 202
42 162
42 198
42 170
42 172
42 45
42 50
42 106
42 184
42 122
42 59
42 138
42 190
42 191
43 162
43 204
43 81
43 50
43 53
43 55
43 153
43 91
43 200
43 158
43 95
44 130
44 171
44 155
44 134
44 136
44 74
44 184
44 150
44 100
44 154
44 91
44 125
44 159
44 103
44 135
44 108
44 46
44 61
44 49
44 114
44 116
44 120
44 58
44 62
45 194
45 131
45 68
45 69
45 138
45 203
45 93
45 198
45 172
45 50
45 170
45 202
45 122
45 59
45 106
45 190
45 191
46 100
46 133
46 61
46 164
46 52
46 117
46 79
46 124
46 125
46 62
47 195
47 201
47 142
47 80
47 145
47 89
47 94
47 159
47 99
47 166
47 107
47 173
47 83
47 183
47 120
47 123
47 60
48 64
48 201
48 196
48 70
48 161
48 137
48 203
48 141
48 82
48 83
48 89
48 90
48 94
48 99
48 101
48 106
48 182
48 183
48 123
48 166
48 190
48 165
49 130
49 108
49 74
49 150
49 202
49 159
49 100
49 103
49 104
49 61
49 125
49 114
49 116
49 184
49 58
49 59
49 62
49 127
50 194
50 68
50 198
50 200
50 81
50 202
50 191
50 153
50 91
50 95
50 162
50 155
50 103
50 172
50 170
50 184
50 58
50 59
50 106
50 190
50 127
51 128
51 129
51 66
51 67
51 54
51 137
51 75
51 76
51 77
51 146
51 84
51 85
51 90
51 155
51 157
51 163
51 178
51 179
51 204
51 118
51 56
51 185
51 187
52 133
52 125
52 164
52 117
52 124
52 61
52 62
52 79
53 96
53 81
53 187
53 118
53 55
53 204
53 158
53 95
54 128
54 129
54 66
54 67
54 137
54 75
54 76
54 77
54 141
54 179
54 146
54 90
54 165
54 161
54 101
54 109
54 111
54 157
54 113
54 178
54 182
54 56
54 185
55 200
55 158
56 128
56 129
56 66
56 67
56 118
56 137
56 76
56 77
56 179
56 146
56 84
56 85
56 90
56 157
56 96
56 163
56 101
56 178
56 204
56 187
57 181
57 151
57 200
57 127
58 155
58 198
58 200
58 108
58 204
58 162
58 81
58 163
58 150
58 202
58 91
58 95
58 100
58 103
58 106
58 135
58 116
58 184
58 59
58 170
59 68
59 155
59 198
59 172
59 203
59 81
59 202
59 89
59 91
59 162
59 99
59 103
59 106
59 159
59 116
59 170
59 184
59 123
59 190
60 195
60 199
60 201
60 203
60 142
60 80
60 145
60 86
60 89
60 94
60 159
60 99
60 166
60 107
60 173
60 174
60 83
60 180
60 183
60 120
60 123
61 116
61 130
61 133
61 74
61 135
61 176
61 114
61 100
61 124
61 125
61 62
62 65
62 130
62 100
62 133
62 74
62 79
62 164
62 114
62 108
62 124
62 150
63 192
63 102
64 144
64 82
64 131
64 69
64 161
64 201
65 160
65 177
65 193
65 121
65 92
65 189
65 79
66 128
66 129
66 67
66 137
66 75
66 76
66 77
66 141
66 179
66 146
66 84
66 85
66 90
66 155
66 118
66 165
66 163
66 101
66 109
66 157
66 113
66 178
66 204
66 185
66 187
67 128
67 129
67 137
67 76
67 77
67 146
67 84
67 85
67 90
67 157
67 96
67 163
67 178
67 179
67 204
67 118
67 187
68 194
68 203
68 81
68 202
68 153
68 162
68 198
68 106
68 172
68 170
68 184
68 138
68 190
68 191
69 144
69 82
69 131
69 122
69 93
70 201
70 196
70 161
70 137
70 75
70 141
70 83
70 90
70 94
70 165
70 99
70 101
70 166
70 109
70 113
70 179
70 182
70 183
70 185
70 188
71 96
71 194
71 153
71 138
71 110
73 112
73 98
74 97
74 130
74 100
74 104
74 142
74 125
74 114
74 116
74 150
74 159
75 128
75 129
75 179
75 196
75 137
75 77
75 141
75 146
75 90
75 182
75 157
75 165
75 161
75 101
75 109
75 111
75 113
75 178
75 185
76 96
76 128
76 178
76 118
76 129
76 204
76 77
76 146
76 84
76 85
76 90
76 187
76 157
77 128
77 129
77 137
77 141
77 179
77 146
77 84
77 85
77 90
77 101
77 109
77 157
77 113
77 178
77 185
78 197
78 136
78 154
78 175
78 95
79 164
79 124
79 133
80 195
80 134
80 135
80 139
80 145
80 142
80 89
80 94
80 159
80 165
80 171
80 173
80 176
80 116
80 183
80 120
80 186
80 123
80 125
80 166
81 194
81 198
81 200
81 138
81 204
81 153
81 91
81 158
81 95
81 162
81 170
81 184
81 187
81 202
81 191
82 131
82 144
82 161
82 122
83 195
83 196
83 161
83 201
83 203
83 89
83 94
83 99
83 166
83 174
83 182
83 183
83 123
84 96
84 128
84 178
84 163
84 129
84 204
84 146
84 85
84 118
84 90
84 187
84 157
84 197
85 96
85 128
85 178
85 163
85 129
85 204
85 146
85 118
85 90
85 187
86 132
86 199
86 152
86 180
86 107
86 174
87 112
87 98
87 167
88 115
89 123
89 195
89 198
89 184
89 137
89 203
89 141
89 142
89 173
89 145
89 155
89 94
89 99
89 106
89 135
89 159
89 166
89 116
89 183
89 120
89 170
89 190
89 165
90 128
90 129
90 161
90 137
90 141
90 146
90 179
90 182
90 165
90 101
90 109
90 111
90 113
90 178
90 185
90 187
90 157
90 190
91 135
91 136
91 108
91 204
91 163
91 155
91 158
91 95
91 100
91 103
91 170
91 200
91 187
91 184
92 160
92 189
92 177
92 167
93 194
93 131
93 138
93 110
93 122
94 195
94 196
94 161
94 201
94 203
94 99
94 166
94 173
94 174
94 182
94 183
94 123
95 135
95 136
95 187
95 204
95 163
95 155
95 158
95 100
95 103
95 108
95 200
95 184
96 118
96 204
96 187
97 112
97 98
97 104
97 168
97 130
98 112
98 167
99 201
99 196
99 161
99 137
99 203
99 141
99 123
99 101
99 106
99 159
99 166
99 182
99 183
99 170
99 190
99 165
100 130
100 136
100 108
100 150
100 154
100 103
100 135
100 114
100 116
100 184
100 125
101 128
101 129
101 201
101 196
101 161
101 137
101 141
101 146
101 182
101 165
101 109
101 157
101 113
101 178
101 179
101 183
101 185
101 190
101 166
102 192
103 171
103 155
103 136
103 108
103 204
103 163
103 150
103 154
103 106
103 135
103 116
103 170
103 184
103 125
104 130
104 168
104 114
104 150
104 152
104 202
104 127
106 172
106 198
106 194
106 203
106 202
106 155
106 163
106 159
106 123
106 137
106 184
106 166
106 170
106 190
106 165
107 132
107 199
107 180
107 174
108 155
108 136
108 150
108 154
108 135
108 114
108 116
108 184
108 200
109 129
109 196
109 137
109 141
109 157
109 182
109 161
109 111
109 113
109 178
109 179
109 185
110 122
110 138
111 113
111 179
112 167
113 129
113 196
113 137
113 141
113 157
113 182
113 161
113 179
113 185
114 130
114 150
114 125
114 116
116 130
116 171
116 134
116 184
116 145
116 159
116 142
116 150
116 155
116 125
116 135
116 176
116 120
117 164
117 133
117 154
117 124
117 143
118 128
118 163
118 204
118 197
118 146
118 187
119 126
120 171
120 134
120 139
120 145
120 195
120 142
120 159
120 165
120 166
120 135
120 173
120 176
120 183
120 186
120 123
120 125
121 160
121 193
121 189
121 169
122 194
122 131
122 172
122 138
122 190
123 195
123 201
123 203
123 142
123 145
123 166
123 159
123 174
123 180
123 183
123 170
123 190
124 133
124 164
125 130
125 171
125 133
125 134
125 139
125 145
125 142
125 154
125 159
125 135
125 176
127 162
127 198
127 181
127 150
127 202
128 129
128 137
128 179
128 146
128 157
128 163
128 178
128 204
128 187
129 137
129 141
129 179
129 146
129 175
129 155
129 165
129 163
129 166
129 157
129 178
129 185
129 187
130 150
130 159
131 144
132 168
132 180
132 199
132 152
132 174
133 164
134 135
134 136
134 139
134 143
134 145
134 154
134 155
134 171
134 173
134 176
134 186
135 155
135 136
135 139
135 143
135 145
135 163
135 154
135 171
135 176
135 184
136 204
136 143
136 163
136 154
136 155
136 171
136 175
137 146
137 155
137 161
137 163
137 165
137 157
137 178
137 179
137 182
137 183
137 185
137 187
137 190
137 196
137 141
137 166
138 162
138 194
138 172
138 153
138 190
138 191
139 176
139 195
139 166
139 171
139 140
139 173
139 145
139 186
139 188
140 186
140 156
140 143
141 201
141 196
141 161
141 157
141 146
141 155
141 182
141 188
141 178
141 179
141 183
141 185
141 166
141 190
141 165
142 176
142 145
142 173
142 159
142 195
143 154
143 171
145 195
145 159
145 166
145 171
145 173
145 176
145 183
145 186
145 165
146 179
146 163
146 165
146 155
146 157
146 178
146 185
146 187
146 175
147 148
147 181
147 151
148 151
150 202
151 181
151 153
152 199
152 180
152 168
152 174
153 194
153 162
153 191
154 171
154 175
154 155
155 204
155 163
155 165
155 171
155 187
155 184
155 170
155 190
155 166
156 176
156 195
157 179
157 165
157 178
157 185
158 204
158 187
158 200
159 195
159 203
159 166
159 173
159 176
159 170
160 177
160 169
160 193
160 189
161 182
161 201
161 196
161 165
161 179
161 183
161 185
161 190
161 166
162 194
162 198
162 200
162 172
162 191
162 181
162 184
162 170
162 202
163 204
163 184
163 165
163 178
163 187
165 201
165 196
165 182
165 203
165 178
165 179
165 183
165 185
165 190
165 166
166 173
166 182
166 183
166 185
166 186
166 188
166 190
166 195
166 196
166 201
166 203
167 177
167 189
168 180
168 199
169 192
169 189
169 193
170 172
170 194
170 203
170 198
170 202
170 184
170 190
171 173
171 176
171 186
172 194
172 203
172 202
172 198
172 184
172 190
172 191
173 195
173 188
173 176
173 183
173 186
174 199
174 180
175 197
175 178
176 195
176 186
177 189
178 179
178 185
179 196
179 182
179 185
180 199
181 200
182 201
182 196
182 183
182 185
182 190
183 195
183 196
183 203
183 188
183 201
183 186
184 198
184 204
184 187
184 202
184 190
185 196
185 188
186 195
186 188
187 194
187 204
187 190
188 196
189 193
190 198
190 194
190 203
191 198
191 194
191 202
192 193
194 198
196 201
198 203
198 202
201 203
202 203
