0 128
0 1
0 195
0 68
0 133
0 65
0 72
0 9
0 138
0 192
0 142
0 143
0 18
0 85
0 22
0 154
0 91
0 93
0 30
0 31
0 32
0 34
0 99
0 158
0 38
0 124
0 106
0 110
0 112
0 179
0 180
0 117
0 54
0 183
0 57
0 187
0 60
0 126
0 149
1 65
1 195
1 68
1 5
1 9
1 138
1 143
1 79
1 85
1 154
1 91
1 93
1 31
1 32
1 133
1 34
1 35
1 38
1 167
1 60
1 110
1 157
1 112
1 117
1 54
1 57
1 187
1 124
1 192
1 126
1 191
2 181
2 4
2 37
2 14
2 69
3 192
3 66
3 68
3 150
3 6
3 7
3 8
3 183
3 194
3 142
3 18
3 21
3 22
3 23
3 91
3 33
3 27
3 146
3 103
3 41
3 50
3 46
3 114
3 187
3 55
3 56
3 59
3 190
4 192
4 65
4 99
4 36
4 37
4 181
4 138
4 14
4 178
4 117
4 150
4 154
4 191
4 157
4 69
5 195
5 133
5 202
5 79
5 144
5 85
5 87
5 26
5 143
5 93
5 31
5 32
5 35
5 164
5 165
5 38
5 40
5 60
5 106
5 110
5 48
5 104
5 54
5 119
5 57
5 124
5 126
5 191
6 66
6 7
6 8
6 183
6 77
6 142
6 16
6 146
6 21
6 27
6 33
6 18
6 194
6 103
6 41
6 39
6 50
6 46
6 114
6 55
6 56
6 59
6 190
7 192
7 66
7 68
7 150
7 8
7 183
7 194
7 142
7 18
7 21
7 22
7 23
7 91
7 33
7 27
7 146
7 103
7 41
7 50
7 46
7 114
7 187
7 55
7 56
7 59
7 190
8 33
8 194
8 142
8 103
8 41
8 39
8 50
8 46
8 16
8 59
8 18
8 21
8 55
8 56
8 27
8 183
8 190
8 146
9 179
9 68
9 133
9 65
9 72
9 128
9 192
9 142
9 143
9 18
9 85
9 22
9 154
9 91
9 93
9 30
9 31
9 32
9 34
9 38
9 110
9 112
9 51
9 180
9 158
9 54
9 183
9 57
9 187
9 60
9 138
9 126
9 149
10 161
10 45
10 67
10 196
10 204
10 198
10 105
10 74
10 171
10 140
10 109
10 15
10 113
10 131
10 116
10 86
10 151
10 24
10 58
10 47
10 125
11 176
11 98
11 19
11 20
11 120
11 132
11 29
11 175
12 100
12 198
12 136
12 171
12 140
12 45
12 15
12 62
12 86
12 151
12 24
12 121
12 47
12 156
12 94
13 128
13 113
13 105
13 42
13 171
13 77
13 174
13 80
13 81
13 114
13 115
13 180
13 22
13 184
13 90
13 155
13 61
14 192
14 99
14 36
14 37
14 138
14 181
14 150
14 157
14 69
14 117
15 161
15 67
15 100
15 198
15 140
15 74
15 171
15 45
15 47
15 109
15 116
15 196
15 86
15 151
15 24
15 121
15 58
15 125
15 62
16 33
16 59
16 114
16 39
16 105
16 103
16 50
16 46
16 77
16 80
16 18
16 51
16 155
16 55
16 56
16 27
16 61
16 199
16 146
17 131
17 116
17 105
17 25
17 58
17 61
17 78
17 109
18 128
18 194
18 68
18 179
18 183
18 77
18 142
18 82
18 149
18 22
18 27
18 30
18 33
18 91
18 146
18 39
18 41
18 103
18 114
18 46
18 72
18 50
18 51
18 155
18 187
18 55
18 56
18 180
18 59
18 190
19 96
19 98
19 107
19 132
19 197
19 175
19 147
19 120
19 185
19 122
19 29
20 96
20 176
20 98
20 132
20 197
20 120
20 185
20 175
21 33
21 66
21 41
21 194
21 142
21 59
21 150
21 55
21 27
21 190
22 128
22 66
22 68
22 179
22 72
22 183
22 142
22 77
22 80
22 81
22 149
22 115
22 23
22 27
22 30
22 31
22 32
22 155
22 168
22 105
22 42
22 46
22 113
22 114
22 51
22 180
22 158
22 55
22 184
22 106
22 126
23 192
23 66
23 150
23 73
23 138
23 183
23 190
23 142
23 79
23 83
23 154
23 31
23 32
23 99
23 36
23 37
23 168
23 41
23 106
23 53
23 55
23 57
23 186
23 125
23 126
23 117
24 45
24 100
24 198
24 140
24 171
24 109
24 196
24 116
24 62
24 86
24 151
24 121
24 90
24 47
24 94
25 146
25 131
25 105
25 58
25 27
26 165
26 191
26 35
26 177
26 104
26 124
26 170
26 75
26 44
26 173
26 48
26 40
26 195
26 139
26 87
26 119
26 92
26 202
26 101
27 66
27 55
27 204
27 77
27 142
27 33
27 194
27 146
27 103
27 41
27 39
27 114
27 46
27 50
27 105
27 56
27 59
27 183
27 190
28 160
28 145
28 139
29 96
29 98
29 107
29 132
29 172
29 175
29 49
29 147
29 43
29 120
29 185
29 122
29 63
30 128
30 130
30 68
30 179
30 51
30 72
30 144
30 82
30 149
30 91
30 182
30 93
30 158
30 31
30 32
30 34
30 166
30 38
30 112
30 115
30 52
30 54
30 201
30 180
30 126
31 128
31 142
31 143
31 149
31 154
31 157
31 133
31 32
31 34
31 35
31 36
31 38
31 180
31 158
31 54
31 183
31 57
31 186
31 187
31 60
31 138
31 191
31 192
31 65
31 195
31 68
31 72
31 79
31 85
31 91
31 93
31 99
31 106
31 110
31 112
31 150
31 117
31 124
31 126
32 128
32 143
32 144
32 149
32 154
32 158
32 133
32 35
32 36
32 166
32 168
32 179
32 180
32 54
32 183
32 52
32 186
32 60
32 138
32 191
32 192
32 195
32 68
32 72
32 202
32 79
32 85
32 57
32 93
32 99
32 38
32 106
32 108
32 110
32 115
32 117
32 124
32 126
33 194
33 103
33 41
33 39
33 50
33 46
33 59
33 55
33 56
33 190
33 146
34 68
34 133
34 65
34 72
34 192
34 142
34 143
34 85
34 91
34 93
34 38
34 60
34 110
34 112
34 179
34 54
34 57
34 187
34 124
34 126
34 149
35 195
35 202
35 79
35 144
35 85
35 87
35 143
35 93
35 133
35 164
35 165
35 38
35 40
35 60
35 106
35 173
35 110
35 48
35 104
35 54
35 119
35 57
35 124
35 126
35 191
36 192
36 65
36 66
36 195
36 69
36 181
36 73
36 138
36 79
36 83
36 85
36 150
36 68
36 154
36 143
36 157
36 133
36 99
36 37
36 165
36 104
36 106
36 191
36 53
36 54
36 183
36 57
36 186
36 187
36 60
36 202
36 126
36 117
37 69
37 73
37 138
37 79
37 83
37 150
37 154
37 157
37 99
37 165
37 104
37 106
37 178
37 181
37 186
37 191
37 117
37 53
38 195
38 68
38 65
38 72
38 143
38 144
38 85
38 91
38 93
38 133
38 166
38 124
38 110
38 112
38 52
38 158
38 54
38 57
38 60
38 126
38 191
39 59
39 114
39 103
39 199
39 50
39 46
39 77
39 51
39 155
39 55
39 56
39 61
39 146
40 70
40 71
40 202
40 139
40 48
40 49
40 107
40 119
40 185
40 63
41 192
41 66
41 68
41 142
41 194
41 46
41 59
41 187
41 150
41 55
41 183
41 190
42 128
42 67
42 196
42 74
42 183
42 77
42 80
42 81
42 151
42 90
42 161
42 61
42 168
42 105
42 171
42 109
42 174
42 47
42 113
42 114
42 116
42 55
42 184
42 180
42 58
42 125
43 96
43 130
43 166
43 134
43 107
43 162
43 144
43 147
43 52
43 120
43 197
43 159
44 64
44 200
44 163
44 101
44 102
44 104
44 170
44 75
44 141
44 48
44 177
44 87
44 92
44 165
45 161
45 100
45 198
45 140
45 151
45 109
45 84
45 196
45 86
45 121
45 116
45 47
45 74
45 62
46 128
46 183
46 77
46 142
46 80
46 81
46 82
46 149
46 105
46 155
46 114
46 103
46 50
46 51
46 180
46 55
46 56
46 59
46 61
46 146
47 67
47 196
47 204
47 198
47 74
47 140
47 131
47 86
47 151
47 161
47 100
47 171
47 125
47 113
47 116
47 58
47 109
47 62
48 160
48 165
48 200
48 102
48 177
48 104
48 170
48 75
48 141
48 173
48 178
48 87
48 191
48 92
48 202
48 101
49 107
49 70
49 71
49 139
49 147
49 119
49 89
49 122
49 123
49 185
49 63
50 103
50 77
50 59
50 55
50 56
50 199
50 146
51 128
51 72
51 77
51 142
51 80
51 81
51 82
51 149
51 155
51 146
51 114
51 179
51 180
51 183
51 56
51 61
52 96
52 130
52 134
52 72
52 201
52 166
52 110
52 144
52 115
52 158
52 182
52 124
52 93
52 159
53 66
53 99
53 168
53 73
53 138
53 83
53 204
53 125
53 67
53 150
53 186
53 106
53 190
54 195
54 68
54 65
54 72
54 138
54 143
54 158
54 79
54 144
54 99
54 85
54 154
54 91
54 93
54 133
54 124
54 106
54 110
54 157
54 112
54 117
54 57
54 187
54 60
54 192
54 126
54 191
55 66
55 74
55 183
55 204
55 77
55 142
55 67
55 146
55 103
55 114
55 113
55 105
55 58
55 59
55 125
55 190
56 82
56 103
56 77
56 59
56 155
56 142
56 199
56 146
57 195
57 68
57 65
57 128
57 143
57 142
57 79
57 99
57 85
57 150
57 154
57 91
57 93
57 158
57 133
57 124
57 106
57 191
57 110
57 157
57 112
57 192
57 117
57 183
57 202
57 186
57 187
57 60
57 138
57 126
57 149
58 67
58 196
58 74
58 204
58 78
58 131
58 151
58 161
58 61
58 105
58 171
58 109
58 113
58 114
58 116
58 125
59 194
59 103
59 190
59 146
60 195
60 68
60 65
60 138
60 143
60 79
60 99
60 85
60 150
60 154
60 91
60 93
60 133
60 106
60 110
60 157
60 112
60 117
60 187
60 124
60 192
60 126
60 191
61 80
61 81
61 105
61 78
61 77
61 114
61 184
61 155
61 146
62 100
62 198
62 140
62 84
62 86
62 151
62 121
63 107
63 70
63 71
63 139
63 147
63 119
63 89
63 122
63 123
63 185
64 177
64 163
64 101
64 200
64 75
64 92
65 195
65 69
65 138
65 143
65 79
65 85
65 68
65 154
65 91
65 157
65 133
65 99
65 167
65 191
65 110
65 112
65 178
65 117
65 169
65 187
65 124
65 192
65 126
65 181
66 73
66 74
66 183
66 204
66 142
66 67
66 150
66 161
66 168
66 106
66 114
66 186
66 125
66 190
67 161
67 196
67 204
67 198
67 105
67 74
67 151
67 125
67 109
67 113
67 116
68 133
68 149
68 72
68 138
68 192
68 142
68 143
68 195
68 85
68 150
68 154
68 91
68 99
68 106
68 110
68 112
68 179
68 180
68 117
68 183
68 187
68 126
69 192
69 99
69 181
69 169
69 138
69 79
69 178
69 85
69 150
69 154
69 191
69 157
69 117
70 139
70 148
70 118
70 71
70 119
70 203
71 203
71 148
71 119
71 139
72 128
72 130
72 179
72 144
72 82
72 149
72 91
72 182
72 93
72 166
72 112
72 115
72 158
72 201
72 180
72 126
73 165
73 99
73 181
73 104
73 106
73 79
73 168
73 83
73 186
73 150
73 154
73 138
73 117
74 196
74 198
74 204
74 109
74 151
74 161
74 168
74 105
74 171
74 113
74 114
74 116
74 125
75 200
75 163
75 101
75 102
75 104
75 170
75 141
75 177
75 87
75 92
75 202
75 165
76 152
76 135
77 184
77 80
77 81
77 82
77 155
77 146
77 105
77 103
77 114
77 180
78 131
78 116
78 105
78 94
78 109
79 192
79 195
79 138
79 143
79 99
79 85
79 150
79 87
79 154
79 157
79 133
79 165
79 104
79 124
79 106
79 83
79 117
79 186
79 191
79 202
79 126
79 181
80 128
80 114
80 146
80 113
80 105
80 81
80 82
80 180
80 149
80 184
80 179
80 155
81 128
81 115
81 105
81 113
81 114
81 180
81 174
81 184
81 155
82 128
82 129
82 115
82 179
82 201
82 180
82 149
82 182
82 155
83 165
83 99
83 181
83 104
83 106
83 150
83 186
83 117
83 138
83 95
84 189
84 100
84 118
84 188
84 111
85 195
85 138
85 143
85 99
85 150
85 154
85 91
85 93
85 133
85 124
85 106
85 110
85 157
85 112
85 187
85 117
85 192
85 126
85 191
86 100
86 198
86 140
86 171
86 109
86 116
86 151
86 121
87 165
87 200
87 104
87 170
87 141
87 177
87 178
87 163
87 181
87 202
87 191
87 92
87 157
87 101
89 147
89 164
89 118
89 119
89 123
89 108
90 113
90 116
90 174
90 151
90 184
90 171
90 94
90 109
91 133
91 149
91 138
91 192
91 142
91 143
91 154
91 99
91 112
91 179
91 180
91 117
91 183
91 187
91 126
92 160
92 163
92 101
92 167
92 200
92 169
92 170
92 141
92 173
92 177
92 178
92 127
93 130
93 195
93 143
93 144
93 179
93 182
93 133
93 166
93 110
93 112
93 115
93 158
93 159
93 124
93 126
94 136
94 193
94 116
94 151
94 121
94 171
94 109
96 176
96 98
96 166
96 134
96 107
96 130
96 144
96 185
96 120
96 197
96 159
97 127
98 176
98 197
98 120
98 132
98 175
99 195
99 181
99 138
99 143
99 150
99 154
99 157
99 133
99 165
99 104
99 106
99 191
99 142
99 192
99 183
99 186
99 187
99 190
99 126
99 117
100 198
100 140
100 151
100 121
101 160
101 200
101 163
101 165
101 102
101 104
101 170
101 141
101 177
102 160
102 148
102 177
102 200
102 170
102 139
102 141
103 199
103 146
104 195
104 138
104 141
104 164
104 154
104 157
104 165
104 106
104 177
104 178
104 117
104 202
104 186
104 191
104 170
104 181
105 196
105 161
105 204
105 146
105 131
105 109
105 125
105 113
105 114
105 116
105 184
106 192
106 195
106 158
106 138
106 142
106 164
106 154
106 143
106 157
106 150
106 133
106 165
106 108
106 168
106 183
106 186
106 191
106 202
106 126
106 117
107 147
107 172
107 119
107 185
107 122
107 159
108 161
108 164
108 168
108 123
108 186
108 202
109 196
109 198
109 204
109 140
109 131
109 151
109 161
109 171
109 113
109 116
109 125
110 195
110 143
110 144
110 158
110 133
110 166
110 112
110 124
110 126
110 191
111 203
111 189
111 118
112 195
112 133
112 192
112 143
112 179
112 187
112 124
112 126
112 149
113 128
113 196
113 183
113 151
113 161
113 168
113 171
113 174
113 114
113 116
113 184
113 125
114 128
114 196
114 183
114 142
114 149
114 155
114 161
114 146
114 125
114 180
114 184
115 128
115 130
115 134
115 201
115 144
115 149
115 158
115 159
115 166
115 179
115 182
115 184
115 180
116 196
116 198
116 204
116 140
116 131
116 151
116 161
116 171
116 125
117 195
117 138
117 143
117 150
117 154
117 157
117 133
117 165
117 142
117 181
117 183
117 202
117 186
117 187
117 192
117 126
117 191
118 203
118 123
119 164
119 202
119 159
119 147
119 185
119 123
120 197
120 176
120 132
120 175
121 198
121 136
121 171
121 140
121 151
121 156
122 147
122 185
122 172
123 147
123 164
124 195
124 202
124 144
124 143
124 158
124 133
124 166
124 126
124 191
125 196
125 151
125 204
125 161
125 168
125 171
126 128
126 142
126 143
126 144
126 149
126 154
126 157
126 133
126 179
126 180
126 158
126 183
126 186
126 187
126 138
126 191
126 192
126 195
127 167
128 179
128 142
128 149
128 155
128 144
128 166
128 168
128 180
128 158
128 182
128 183
128 184
129 201
129 130
129 182
130 166
130 134
130 201
130 144
130 182
130 179
130 159
131 196
132 176
132 197
132 175
133 195
133 138
133 143
133 154
133 157
133 187
133 192
133 191
134 144
134 166
134 162
134 159
135 152
136 193
138 195
138 181
138 202
138 183
138 143
138 150
138 154
138 157
138 165
138 191
138 142
138 192
138 186
138 187
138 190
139 160
139 173
139 148
139 185
140 198
140 171
140 196
140 151
141 163
141 170
141 200
141 177
141 165
142 150
142 183
142 192
142 194
142 190
142 179
142 154
142 180
142 187
142 149
143 195
143 192
143 154
143 157
143 187
143 191
144 182
144 158
144 159
144 166
145 160
146 199
146 155
147 172
147 185
147 159
148 170
149 179
149 201
149 155
149 180
149 158
149 182
149 183
149 187
150 192
150 181
150 194
150 154
150 157
150 191
150 186
150 187
150 190
151 196
151 198
151 161
151 171
154 195
154 183
154 157
154 165
154 191
154 202
154 186
154 187
154 192
154 181
155 180
155 179
155 184
157 192
157 195
157 165
157 167
157 169
157 178
157 186
157 191
157 202
157 181
158 179
158 180
158 166
158 168
158 183
159 166
160 200
160 173
161 196
161 204
161 168
161 171
161 174
162 172
163 177
163 178
163 200
164 168
164 186
164 202
164 165
165 195
165 177
165 178
165 202
165 186
165 191
165 170
165 181
166 201
166 182
166 179
167 178
167 195
167 173
167 169
167 191
168 183
168 196
168 186
169 178
169 191
170 202
170 177
171 196
171 174
171 184
174 184
175 176
176 197
177 200
177 202
178 181
178 191
179 201
179 180
179 182
179 183
180 201
180 182
180 183
180 184
181 192
181 195
181 186
181 191
182 201
183 192
183 190
183 186
183 187
186 192
186 195
186 191
186 202
187 194
187 190
187 192
188 189
190 192
190 194
191 192
191 195
191 202
192 195
195 202
196 198
196 204
