0 1
0 2
0 3
0 4
0 6
0 7
0 10
0 162
0 79
0 23
0 36
0 27
0 74
1 162
1 2
1 3
1 4
1 69
1 6
1 7
1 8
1 10
1 75
1 77
1 14
1 79
1 17
1 18
1 131
1 203
1 23
1 152
1 27
1 197
1 32
1 34
1 36
1 70
1 168
1 41
1 43
1 146
1 113
1 115
1 53
1 184
1 185
1 136
1 124
1 74
1 127
2 3
2 4
2 197
2 162
2 10
2 75
2 77
2 14
2 79
2 17
2 203
2 23
2 164
2 27
2 93
2 34
2 36
2 102
2 168
2 41
2 43
2 185
2 74
2 126
2 127
3 4
3 6
3 7
3 10
3 162
3 14
3 79
3 23
3 36
3 27
3 74
3 185
4 197
4 162
4 10
4 75
4 77
4 14
4 79
4 17
4 203
4 23
4 164
4 27
4 93
4 34
4 36
4 102
4 168
4 41
4 43
4 185
4 74
4 126
4 127
5 160
5 66
5 131
5 118
5 193
5 137
5 13
5 16
5 152
5 19
5 86
5 88
5 26
5 94
5 144
5 33
5 37
5 166
5 169
5 42
5 46
5 178
5 115
5 116
5 30
5 54
5 55
5 56
5 57
5 122
5 59
6 66
6 37
6 7
6 8
6 42
6 14
6 16
6 152
6 115
6 23
6 88
6 57
6 124
6 94
6 69
7 66
7 37
7 8
7 42
7 14
7 16
7 152
7 115
7 23
7 88
7 57
7 124
7 69
8 66
8 131
8 136
8 74
8 203
8 14
8 16
8 17
8 18
8 20
8 88
8 152
8 184
8 37
8 169
8 42
8 146
8 46
8 113
8 115
8 53
8 118
8 56
8 57
8 122
8 70
9 113
9 35
9 21
9 184
9 15
9 189
9 31
10 197
10 74
10 75
10 34
10 14
10 77
10 17
10 203
10 23
10 164
10 79
10 162
10 27
10 36
10 102
10 168
10 41
10 43
10 185
10 126
10 127
11 48
11 64
11 171
11 117
11 63
11 128
11 107
11 95
12 163
12 134
12 195
13 115
13 72
13 137
13 75
13 144
13 19
13 86
13 23
13 27
13 94
13 69
13 160
13 33
13 34
13 131
13 168
13 197
13 45
13 46
13 50
13 51
13 30
13 55
13 57
13 59
13 124
13 127
14 131
14 75
14 66
14 184
14 79
14 17
14 18
14 19
14 20
14 203
14 23
14 152
14 27
14 162
14 32
14 34
14 36
14 70
14 168
14 41
14 146
14 46
14 113
14 50
14 115
14 116
14 53
14 169
14 56
14 57
14 136
14 123
14 74
15 192
15 177
15 35
15 21
15 40
15 170
15 189
15 31
16 66
16 131
16 37
16 42
16 152
16 88
16 115
16 118
16 56
16 122
16 59
16 166
16 94
17 131
17 140
17 144
17 18
17 19
17 23
17 152
17 27
17 197
17 32
17 162
17 155
17 36
17 168
17 41
17 43
17 45
17 46
17 176
17 136
17 50
17 179
17 53
17 182
17 185
17 193
17 203
17 196
17 69
17 70
17 72
17 74
17 75
17 77
17 79
17 34
17 86
17 146
17 116
17 169
17 123
17 126
17 127
18 66
18 131
18 196
18 118
18 70
18 193
18 74
18 203
18 79
18 144
18 146
18 99
18 20
18 152
18 179
18 184
18 32
18 35
18 37
18 166
18 41
18 46
18 176
18 113
18 178
18 19
18 116
18 53
18 54
18 169
18 56
18 136
18 123
18 189
18 62
19 131
19 193
19 136
19 137
19 140
19 144
19 20
19 152
19 179
19 27
19 30
19 160
19 33
19 34
19 168
19 169
19 172
19 45
19 46
19 176
19 50
19 51
19 53
19 54
19 55
19 56
19 57
19 62
19 32
19 66
19 203
19 197
19 70
19 72
19 75
19 86
19 146
19 116
19 118
19 41
19 122
19 127
20 193
20 66
20 131
20 68
20 118
20 70
20 203
20 120
20 99
20 196
20 179
20 184
20 182
20 32
20 35
20 166
20 38
20 177
20 40
20 169
20 146
20 46
20 111
20 136
20 178
20 116
20 53
20 54
20 56
20 123
20 189
20 62
20 181
21 113
21 35
21 136
21 189
21 184
21 31
22 201
22 194
22 28
22 202
22 174
23 69
23 75
23 79
23 131
23 86
23 185
23 152
23 27
23 197
23 34
23 36
23 168
23 41
23 43
23 45
23 203
23 50
23 115
23 162
23 57
23 124
23 74
23 126
23 127
24 188
24 187
24 100
24 195
24 199
24 200
24 105
24 138
24 107
24 172
24 175
24 142
24 61
24 112
24 81
24 82
24 83
24 156
24 92
24 106
24 159
25 48
25 64
25 101
25 89
25 128
25 91
25 109
25 29
25 95
26 160
26 33
26 98
26 188
26 55
26 137
26 172
26 30
27 69
27 70
27 162
27 136
27 75
27 77
27 146
27 86
27 152
27 79
27 197
27 32
27 34
27 155
27 36
27 168
27 41
27 43
27 45
27 203
27 50
27 131
27 53
27 185
27 74
27 126
27 127
28 194
28 133
28 103
28 154
28 202
28 174
28 143
29 128
29 130
29 101
29 167
29 194
29 201
29 202
29 108
29 109
29 174
29 147
29 52
29 89
29 91
30 51
30 66
30 131
30 193
30 137
30 75
30 144
30 86
30 118
30 94
30 69
30 160
30 33
30 37
30 42
30 46
30 50
30 115
30 116
30 54
30 55
30 56
30 57
30 122
30 59
31 192
31 177
31 35
31 170
31 189
32 131
32 196
32 182
32 70
32 193
32 72
32 74
32 75
32 140
32 79
32 144
32 203
32 197
32 34
32 155
32 36
32 146
32 168
32 41
32 43
32 45
32 46
32 176
32 136
32 50
32 179
32 116
32 53
32 54
32 169
32 120
32 121
32 123
32 62
32 127
33 193
33 131
33 72
33 137
33 138
33 142
33 144
33 146
33 86
33 160
33 34
33 172
33 45
33 46
33 176
33 50
33 51
33 116
33 53
33 54
33 55
33 56
34 131
34 69
34 72
34 75
34 140
34 79
34 144
34 146
34 86
34 179
34 185
34 197
34 155
34 36
34 168
34 41
34 43
34 45
34 46
34 203
34 176
34 50
34 51
34 116
34 53
34 55
34 57
34 87
34 74
34 126
34 127
35 192
35 99
35 196
35 166
35 38
35 177
35 136
35 170
35 40
35 169
35 184
35 189
35 62
36 69
36 162
36 75
36 77
36 79
36 203
36 197
36 102
36 168
36 41
36 43
36 185
36 74
36 126
36 127
37 66
37 131
37 88
37 152
37 94
37 166
37 169
37 42
37 178
37 115
37 118
37 56
37 57
37 122
37 59
38 192
38 65
38 99
38 68
38 182
38 40
38 169
38 170
38 189
38 173
38 111
38 177
38 54
38 120
38 196
38 157
38 62
39 164
39 197
39 102
39 87
39 168
39 185
39 141
39 126
39 127
40 192
40 68
40 170
40 177
40 182
40 120
40 196
40 123
40 189
40 62
41 131
41 136
41 140
41 144
41 149
41 152
41 162
41 155
41 168
41 169
41 43
41 45
41 46
41 176
41 50
41 179
41 53
41 182
41 185
41 203
41 197
41 70
41 72
41 74
41 75
41 77
41 79
41 86
41 93
41 146
41 116
41 123
41 126
41 127
42 66
42 131
42 88
42 115
42 94
42 152
42 56
42 57
42 122
42 59
42 124
43 197
43 203
43 77
43 149
43 164
43 155
43 93
43 162
43 102
43 168
43 79
43 185
43 74
43 126
43 127
44 96
44 163
44 85
44 134
44 58
44 90
44 78
45 160
45 83
45 131
45 179
45 193
45 72
45 137
45 74
45 75
45 140
45 144
45 146
45 149
45 86
45 197
45 155
45 168
45 172
45 46
45 203
45 176
45 50
45 51
45 116
45 53
45 55
45 126
45 127
46 131
46 140
46 144
46 152
46 166
46 168
46 176
46 136
46 178
46 179
46 53
46 54
46 55
46 56
46 62
46 193
46 66
46 196
46 70
46 203
46 86
46 99
46 146
46 50
46 116
46 118
46 169
46 120
46 122
46 123
47 129
47 114
47 84
47 119
47 194
47 90
47 154
48 64
48 128
48 101
48 109
48 49
48 52
48 117
48 89
48 183
48 158
48 95
49 97
49 148
49 52
49 198
49 145
49 89
49 60
49 158
49 95
50 160
50 131
50 69
50 193
50 72
50 137
50 74
50 75
50 140
50 144
50 146
50 86
50 197
50 155
50 168
50 203
50 176
50 51
50 116
50 53
50 55
50 57
50 126
50 127
51 193
51 72
51 137
51 138
51 140
51 142
51 144
51 83
51 86
51 159
51 160
51 106
51 172
51 176
51 116
51 55
51 188
52 128
52 97
52 130
52 101
52 198
52 108
52 109
52 89
52 91
52 158
52 95
53 131
53 196
53 182
53 70
53 193
53 74
53 75
53 140
53 79
53 144
53 203
53 152
53 120
53 155
53 169
53 146
53 168
53 176
53 72
53 179
53 116
53 54
53 55
53 56
53 136
53 123
53 62
54 160
54 66
54 131
54 196
54 193
54 137
54 140
54 142
54 173
54 144
54 56
54 99
54 166
54 169
54 106
54 172
54 146
54 111
54 176
54 178
54 179
54 116
54 118
54 55
54 120
54 122
54 62
54 181
55 193
55 66
55 115
55 137
55 75
55 144
55 146
55 86
55 152
55 118
55 94
55 69
55 160
55 131
55 169
55 116
55 56
55 57
55 122
55 59
56 193
56 66
56 131
56 152
56 88
56 118
56 94
56 144
56 99
56 166
56 169
56 146
56 136
56 178
56 115
56 116
56 57
56 122
56 59
56 62
57 66
57 131
57 75
57 144
57 152
57 86
57 88
57 69
57 115
57 94
57 122
57 59
57 124
58 145
58 148
58 85
58 201
58 89
58 202
58 78
59 144
59 66
59 131
59 152
59 88
59 115
59 94
59 86
59 122
59 124
59 118
60 198
60 161
60 97
61 188
61 195
61 100
61 135
61 200
61 92
61 138
61 199
61 175
61 81
61 82
61 83
61 153
61 156
61 159
62 193
62 131
62 68
62 118
62 70
62 136
62 173
62 146
62 99
62 196
62 179
62 166
62 169
62 111
62 177
62 178
62 116
62 120
62 189
62 181
63 64
63 128
63 130
63 132
63 199
63 105
63 106
63 107
63 76
63 109
63 142
63 111
63 112
63 171
63 117
63 186
63 187
63 157
64 112
64 107
64 117
64 171
64 128
64 109
64 95
65 192
65 177
65 99
65 181
65 170
65 173
65 111
66 193
66 131
66 152
66 88
66 184
66 118
66 94
66 144
66 166
66 169
66 136
66 178
66 115
66 122
67 151
67 204
67 77
67 150
67 143
68 192
68 161
68 130
68 196
68 198
68 108
68 111
68 177
68 179
68 182
68 120
68 121
68 123
68 157
69 197
69 74
69 75
69 144
69 86
69 152
69 168
69 115
69 185
69 124
69 126
69 127
70 131
70 196
70 184
70 74
70 203
70 79
70 152
70 162
70 146
70 176
70 113
70 179
70 116
70 182
70 169
70 120
70 121
70 136
70 123
70 189
71 180
71 191
72 160
72 179
72 137
72 138
72 140
72 142
72 144
72 146
72 83
72 149
72 86
72 155
72 159
72 100
72 168
72 106
72 197
72 172
72 175
72 176
72 116
74 162
74 75
74 77
74 79
74 131
74 203
74 152
74 197
74 155
74 146
74 168
74 136
74 185
74 123
74 126
74 127
75 131
75 87
75 79
75 144
75 146
75 86
75 152
75 197
75 168
75 203
75 115
75 185
75 124
75 126
75 127
76 107
76 132
76 199
76 105
76 106
76 171
76 172
76 142
76 111
76 112
76 181
76 186
76 187
76 157
77 203
77 79
77 155
77 93
77 162
77 164
77 102
77 168
77 185
77 126
77 127
78 96
78 85
79 197
79 162
79 136
79 203
79 152
79 168
79 146
79 113
79 185
79 123
79 126
79 127
80 158
80 191
81 188
81 100
81 135
81 200
81 156
81 138
81 199
81 172
81 142
81 82
81 83
81 153
81 175
81 92
81 106
81 159
82 195
82 100
82 167
82 200
82 106
82 107
82 142
82 175
82 112
82 83
82 147
82 92
82 199
82 159
83 188
83 100
83 167
83 172
83 138
83 199
83 140
83 142
83 176
83 147
83 175
83 92
83 106
83 159
84 129
84 114
84 154
84 119
84 194
84 90
84 125
86 115
86 137
86 144
86 94
86 160
86 131
86 168
86 197
86 124
86 127
87 164
87 197
87 102
87 168
87 185
87 141
87 126
87 127
88 131
88 152
88 115
88 118
88 122
88 166
88 94
89 101
89 145
89 201
89 202
89 148
89 91
90 129
90 194
90 163
90 134
90 119
90 125
91 128
91 130
91 101
91 167
91 194
91 201
91 202
91 108
91 109
91 174
91 147
92 188
92 195
92 100
92 199
92 200
92 105
92 106
92 107
92 172
92 142
92 175
92 112
92 156
92 159
93 133
93 102
93 168
93 204
93 110
93 149
93 164
93 154
93 155
93 126
93 127
94 144
94 131
94 152
94 115
94 122
94 124
94 118
95 128
95 130
95 101
95 109
95 117
95 158
96 163
96 134
97 198
97 158
98 104
98 190
99 196
99 118
99 178
99 169
99 193
99 173
99 111
99 177
99 181
99 116
99 189
99 166
100 175
100 138
100 159
100 125
101 128
101 130
101 167
101 201
101 202
101 108
101 109
101 147
102 164
102 110
102 141
102 185
102 149
102 126
103 161
103 204
103 182
103 150
103 121
103 123
103 108
103 151
103 174
103 143
104 190
105 107
105 132
105 199
105 106
105 171
105 142
105 112
105 186
105 187
105 157
106 193
106 132
106 179
106 199
106 140
106 142
106 157
106 176
106 167
106 107
106 172
106 111
106 112
106 116
106 186
106 187
106 188
107 171
107 132
107 199
107 200
107 142
107 112
107 117
107 186
107 187
108 130
108 198
108 204
108 140
108 143
108 147
108 196
108 161
108 167
108 109
108 174
108 179
108 182
108 120
108 121
108 123
109 128
109 130
109 167
109 157
109 147
110 154
110 139
110 164
111 130
111 193
111 142
111 196
111 132
111 157
111 171
111 173
111 116
111 181
111 120
111 186
111 187
112 171
112 132
112 199
112 200
112 142
112 117
112 186
112 187
112 157
113 136
113 184
114 149
114 129
114 194
114 133
114 119
114 154
114 174
115 131
115 152
115 122
115 124
116 131
116 193
116 136
116 137
116 140
116 144
116 155
116 160
116 168
116 169
116 172
116 176
116 178
116 179
116 196
116 182
116 203
116 142
116 146
116 118
116 120
116 123
117 171
117 128
118 193
118 131
118 144
118 166
118 169
118 173
118 178
118 122
118 189
118 181
119 129
119 133
119 154
119 194
119 125
120 130
120 182
120 204
120 140
120 142
120 146
120 147
120 196
120 155
120 157
120 161
120 167
120 169
120 176
120 179
120 121
120 123
121 161
121 123
121 182
121 204
121 174
121 143
121 179
121 150
121 151
121 196
121 155
122 193
122 131
122 144
122 152
122 166
122 169
122 178
123 184
123 136
123 204
123 203
123 140
123 150
123 151
123 196
123 143
123 161
123 155
123 146
123 176
123 179
123 182
123 169
124 152
125 129
125 175
125 159
126 149
126 164
126 197
126 155
126 168
126 185
126 127
127 203
127 162
127 197
127 155
127 168
127 185
128 130
128 171
128 157
128 158
129 154
129 194
130 167
130 142
130 157
130 147
130 186
131 152
131 166
131 168
131 176
131 136
131 193
131 203
131 184
131 144
131 178
131 146
131 169
132 199
132 171
132 142
132 181
132 186
132 187
133 147
133 149
133 167
133 194
133 154
133 155
133 174
134 163
135 188
135 165
135 200
135 153
135 156
136 196
136 184
136 203
136 152
136 146
136 169
136 189
137 160
137 193
137 188
137 138
137 172
137 144
138 160
138 172
138 188
138 175
138 156
138 159
139 164
140 193
140 196
140 179
140 172
140 142
140 146
140 147
140 149
140 155
140 182
140 167
140 168
140 176
141 185
141 164
142 193
142 179
142 199
142 147
142 157
142 167
142 172
142 176
142 186
142 187
142 188
143 161
143 150
143 204
143 174
143 182
143 151
144 160
144 193
144 152
144 169
144 146
144 178
144 168
144 172
144 176
145 201
145 148
146 196
146 182
146 193
146 203
146 152
146 155
146 169
146 168
146 176
146 179
147 161
147 167
147 176
147 174
147 179
148 201
149 164
149 174
149 176
149 168
149 154
149 155
150 161
150 204
150 151
151 161
151 204
152 169
152 184
152 203
153 195
153 165
153 200
153 156
154 194
154 174
155 204
155 203
155 197
155 161
155 168
155 176
155 179
155 182
156 200
156 199
156 172
156 188
156 159
157 171
157 186
157 187
158 198
159 188
159 172
159 200
159 175
160 188
160 193
160 172
161 179
161 204
161 167
161 174
161 196
161 182
162 203
162 185
164 185
166 193
166 169
166 173
166 178
166 181
166 189
167 176
167 174
167 179
168 179
168 197
168 203
168 176
168 185
169 193
169 196
169 203
169 179
169 184
169 176
169 178
169 189
170 192
170 177
170 189
171 186
171 187
172 193
172 199
172 176
172 186
172 187
172 188
173 178
173 181
174 194
174 201
174 202
174 204
176 193
176 179
176 203
176 196
176 182
177 192
177 196
177 189
178 193
178 189
178 181
179 193
179 182
179 204
179 203
179 196
180 191
181 193
181 186
181 187
182 204
182 203
182 196
184 196
184 203
184 189
185 197
186 199
186 187
187 199
187 188
188 200
188 199
189 192
189 196
193 196
194 201
194 202
195 200
196 204
196 203
197 203
199 200
201 202
