0 96
0 1
0 2
0 3
0 4
0 179
0 6
0 41
0 128
0 108
0 14
0 125
0 51
0 20
0 174
0 118
0 151
0 24
0 100
0 143
0 93
1 35
1 3
1 100
1 51
1 7
1 72
1 176
1 108
1 45
1 174
1 125
1 112
1 18
1 19
1 20
1 118
1 151
1 143
1 93
1 62
2 128
2 3
2 4
2 179
2 6
2 8
2 14
2 15
2 20
2 78
2 151
2 24
2 68
2 143
2 93
2 96
2 100
2 41
2 108
2 45
2 174
2 112
2 51
2 118
2 122
2 125
3 179
3 7
3 8
3 137
3 128
3 14
3 143
3 19
3 20
3 78
3 151
3 93
3 96
3 100
3 41
3 108
3 45
3 174
3 112
3 72
3 51
3 118
3 125
3 62
4 128
4 68
4 6
4 129
4 8
4 74
4 130
4 14
4 15
4 81
4 78
4 151
4 24
4 90
4 143
4 93
4 96
4 100
4 165
4 41
4 108
4 45
4 174
4 111
4 112
4 179
4 118
4 122
4 125
4 149
5 160
5 65
5 37
5 38
5 103
5 104
5 42
5 167
5 13
5 79
5 168
5 21
5 189
5 170
5 56
5 27
5 117
5 10
5 30
5 85
6 129
6 8
6 128
6 78
6 15
6 81
6 146
6 14
6 24
6 90
6 143
6 93
6 96
6 100
6 41
6 108
6 179
6 118
6 122
7 128
7 66
7 133
7 70
7 72
7 73
7 12
7 14
7 80
7 17
7 99
7 20
7 78
7 23
7 153
7 51
7 176
7 35
7 100
7 101
7 108
7 45
7 174
7 111
7 112
7 19
7 54
7 119
7 134
7 62
8 198
8 68
8 9
8 74
8 130
8 15
8 81
8 149
8 151
8 90
8 143
8 93
8 159
8 96
8 100
8 165
8 41
8 108
8 45
8 111
8 112
8 118
8 137
8 125
9 32
9 130
9 136
9 36
9 165
9 198
9 137
9 74
9 77
9 111
9 112
9 81
9 178
9 149
9 55
9 68
9 90
9 159
10 160
10 65
10 191
10 37
10 38
10 103
10 104
10 170
10 13
10 79
10 21
10 27
10 189
10 30
11 48
11 97
11 114
11 69
11 154
11 156
11 158
12 19
12 66
12 133
12 70
12 72
12 73
12 14
12 80
12 17
12 99
12 20
12 78
12 23
12 153
12 176
12 35
12 100
12 101
12 45
12 174
12 111
12 112
12 134
12 51
12 126
12 54
12 119
12 84
12 121
12 62
13 65
13 130
13 198
13 71
13 136
13 141
13 79
13 81
13 21
13 90
13 27
13 37
13 32
13 161
13 165
13 38
13 103
13 129
13 170
13 168
13 178
14 128
14 133
14 15
14 17
14 146
14 19
14 20
14 149
14 51
14 165
14 41
14 44
14 45
14 174
14 179
14 54
14 201
14 62
14 64
14 66
14 73
14 74
14 78
14 81
14 84
14 90
14 143
14 93
14 96
14 99
14 100
14 108
14 111
14 112
14 140
14 118
14 125
15 128
15 129
15 133
15 140
15 130
15 143
15 17
15 146
15 19
15 20
15 149
15 24
15 27
15 51
15 165
15 41
15 44
15 45
15 174
15 179
15 201
15 62
15 64
15 66
15 68
15 198
15 73
15 74
15 78
15 81
15 84
15 90
15 93
15 96
15 99
15 100
15 108
15 111
15 112
15 118
16 192
16 193
16 194
16 67
16 199
16 75
16 83
16 150
16 152
16 26
16 28
16 95
16 34
16 60
16 43
16 109
16 47
16 113
16 181
16 183
16 124
16 61
17 64
17 128
17 66
17 201
17 133
17 73
17 146
17 19
17 20
17 78
17 86
17 23
17 153
17 179
17 99
17 100
17 101
17 44
17 45
17 174
17 111
17 108
17 140
17 51
17 54
17 119
17 84
17 62
18 98
18 35
18 70
18 72
18 112
18 176
18 80
18 48
18 131
18 137
18 57
18 94
19 128
19 66
19 118
19 70
19 72
19 73
19 80
19 99
19 20
19 78
19 23
19 143
19 93
19 133
19 176
19 35
19 100
19 101
19 108
19 45
19 174
19 111
19 112
19 51
19 54
19 134
19 84
19 125
19 62
20 118
20 73
20 128
20 66
20 146
20 84
20 78
20 23
20 179
20 143
20 93
20 133
20 96
20 112
20 35
20 100
20 101
20 41
20 108
20 45
20 174
20 111
20 99
20 51
20 54
20 125
20 62
21 160
21 65
21 38
21 103
21 104
21 42
21 167
21 79
21 168
21 85
21 170
21 56
21 27
21 117
21 30
21 37
22 33
22 163
22 148
22 171
22 166
22 106
22 91
22 181
22 182
22 31
23 66
23 131
23 133
23 70
23 72
23 73
23 78
23 80
23 84
23 174
23 57
23 153
23 95
23 112
23 35
23 101
23 176
23 45
23 46
23 111
23 99
23 51
23 126
23 121
23 134
23 62
23 63
24 96
24 129
24 41
24 128
24 146
24 179
24 100
24 122
24 93
25 184
25 39
25 120
25 202
25 58
25 172
25 157
25 173
26 192
26 144
26 34
26 67
26 193
26 124
26 75
26 109
26 47
26 43
26 183
26 53
26 87
26 152
26 169
26 28
26 29
26 199
26 181
27 64
27 65
27 130
27 149
27 129
27 145
27 76
27 81
27 84
27 90
27 198
27 165
27 161
27 37
27 38
27 103
27 168
27 42
27 107
27 117
27 170
27 74
27 85
28 192
28 193
28 67
28 199
28 139
28 144
28 89
28 92
28 29
28 31
28 34
28 102
28 166
28 169
28 171
28 109
28 47
28 53
28 59
28 189
28 190
28 181
29 192
29 193
29 34
29 67
29 166
29 199
29 109
29 144
29 53
29 87
29 89
29 92
29 169
29 181
30 160
30 65
30 164
30 37
30 103
30 200
30 183
30 191
30 79
30 189
30 83
30 170
30 155
30 124
30 61
31 139
31 148
31 89
31 88
31 153
31 91
31 33
31 34
31 163
31 166
31 102
31 92
31 106
31 171
31 46
31 49
31 181
31 182
31 119
31 121
31 59
31 190
32 198
32 161
32 130
32 68
32 165
32 38
32 81
32 178
32 149
32 196
32 122
32 90
33 171
33 181
33 163
33 148
33 166
33 106
33 91
33 182
34 192
34 193
34 67
34 199
34 139
34 144
34 92
34 89
34 163
34 102
34 166
34 169
34 106
34 171
34 109
34 47
34 181
34 59
34 190
34 53
35 66
35 131
35 133
35 70
35 72
35 73
35 78
35 80
35 137
35 158
35 176
35 101
35 108
35 45
35 174
35 111
35 112
35 51
35 134
35 57
35 127
35 62
35 63
36 165
36 130
36 164
36 37
36 198
36 136
36 172
36 77
36 178
36 149
36 55
36 120
36 58
36 155
36 159
37 160
37 65
37 191
37 155
37 38
37 103
37 136
37 79
37 178
37 164
37 170
37 165
38 65
38 130
38 198
38 71
38 136
38 79
38 141
38 81
38 149
38 90
38 165
38 161
38 103
38 129
38 170
38 168
38 178
39 184
39 114
39 172
39 120
39 58
39 156
39 157
39 202
39 173
40 102
40 139
40 142
40 177
40 115
40 52
40 110
40 56
40 89
40 186
40 92
40 190
41 128
41 179
41 74
41 146
41 78
41 151
41 68
41 143
41 93
41 96
41 100
41 108
41 45
41 174
41 111
41 112
41 51
41 118
41 122
41 125
42 64
42 140
42 76
42 145
42 146
42 147
42 84
42 85
42 86
42 99
42 103
42 168
42 107
42 44
42 115
42 117
42 54
42 201
42 56
42 189
43 192
43 193
43 194
43 67
43 199
43 75
43 109
43 61
43 113
43 183
43 152
43 154
43 47
43 124
44 64
44 128
44 129
44 76
44 140
44 78
44 145
44 146
44 147
44 84
44 86
44 99
44 100
44 107
44 174
44 179
44 54
44 201
44 85
45 128
45 133
45 134
45 137
45 130
45 149
45 151
45 179
45 165
45 174
45 51
45 62
45 66
45 68
45 72
45 73
45 74
45 78
45 84
45 143
45 93
45 96
45 99
45 100
45 108
45 111
45 112
45 118
45 125
46 194
46 171
46 101
46 95
46 119
46 47
46 49
46 197
46 153
46 121
46 59
46 126
46 63
47 192
47 144
47 67
47 166
47 193
47 194
47 109
47 50
47 171
47 150
47 181
47 59
47 60
47 199
47 95
48 97
48 123
48 55
48 57
48 98
48 158
49 59
49 166
49 102
49 106
49 139
49 163
49 148
49 190
49 86
49 119
49 88
49 121
49 91
49 182
49 153
50 194
50 171
50 150
50 135
50 59
50 60
51 118
51 72
51 73
51 128
51 151
51 66
51 78
51 143
51 93
51 133
51 112
51 100
51 101
51 108
51 174
51 111
51 99
51 179
51 54
51 125
51 62
52 88
52 115
52 142
52 86
52 177
52 139
52 140
52 110
52 190
53 192
53 193
53 67
53 199
53 169
53 183
53 109
53 144
53 82
53 87
54 64
54 128
54 66
54 201
54 133
54 140
54 146
54 78
54 86
54 88
54 153
54 179
54 99
54 100
54 101
54 145
54 174
54 119
54 84
54 85
55 112
55 130
55 68
55 198
55 137
55 77
55 111
55 149
55 158
55 159
56 103
56 177
56 107
56 110
56 189
56 145
56 82
56 115
56 117
56 167
56 190
56 85
57 80
57 134
57 70
57 72
57 176
57 204
57 131
57 158
57 63
57 126
57 127
58 173
58 120
58 202
58 184
58 172
58 77
58 157
59 194
59 67
59 153
59 91
59 163
59 166
59 106
59 171
59 109
59 181
59 119
59 121
59 95
59 126
59 63
60 144
60 194
60 67
60 193
60 171
60 203
60 109
60 175
60 181
60 150
60 152
60 75
60 188
61 160
61 83
61 155
61 183
61 200
61 124
61 192
61 191
62 66
62 133
62 70
62 72
62 73
62 74
62 80
62 78
62 93
62 112
62 100
62 101
62 176
62 108
62 174
62 111
62 99
62 118
62 137
62 84
62 125
62 134
63 194
63 69
63 134
63 200
63 73
63 204
63 80
63 83
63 154
63 158
63 95
63 197
63 101
63 113
63 121
63 126
63 127
64 128
64 129
64 66
64 133
64 145
64 140
64 74
64 76
64 78
64 146
64 147
64 84
64 86
64 179
64 99
64 100
64 103
64 168
64 107
64 115
64 117
64 201
64 85
65 160
65 191
65 155
65 164
65 103
65 136
65 79
65 178
65 170
66 130
66 133
66 128
66 200
66 73
66 74
66 146
66 78
66 164
66 179
66 93
66 95
66 112
66 100
66 101
66 165
66 145
66 108
66 174
66 111
66 99
66 140
66 83
66 117
66 134
66 84
66 149
67 192
67 193
67 194
67 199
67 144
67 150
67 102
67 166
67 169
67 171
67 109
67 183
67 181
68 96
68 198
68 74
68 130
68 81
68 149
68 151
68 137
68 90
68 143
68 93
68 159
68 165
68 108
68 111
68 112
68 118
68 125
69 97
69 114
69 155
69 113
69 154
69 158
70 176
70 131
70 134
70 72
70 73
70 158
70 80
70 126
70 127
71 161
71 104
71 170
71 141
72 73
72 80
72 131
72 176
72 134
72 108
72 112
72 118
72 137
72 125
72 127
73 149
73 133
73 74
73 80
73 78
73 95
73 112
73 164
73 101
73 174
73 111
73 99
73 200
73 83
73 134
73 84
74 129
74 164
74 198
74 130
74 81
74 84
74 78
74 90
74 93
74 96
74 99
74 100
74 165
74 103
74 108
74 174
74 111
74 112
74 118
74 149
75 203
75 150
75 183
75 152
75 188
75 175
76 129
76 103
76 168
76 107
76 140
76 145
76 146
76 147
76 85
76 201
77 136
77 130
77 198
77 120
77 172
77 178
77 159
78 128
78 118
78 146
78 149
78 179
78 143
78 93
78 133
78 96
78 112
78 100
78 101
78 165
78 174
78 111
78 99
78 108
78 140
78 201
78 84
79 160
79 103
79 104
79 170
80 131
80 101
80 158
80 176
80 134
80 126
80 127
81 198
81 96
81 130
81 129
81 196
81 149
81 90
81 161
81 165
81 170
81 111
81 122
82 132
82 87
82 169
82 186
82 110
83 133
83 192
83 99
83 164
83 101
83 200
83 191
83 189
83 145
83 115
83 84
83 117
83 155
83 124
83 95
84 149
84 115
84 133
84 145
84 146
84 86
84 164
84 95
84 165
84 99
84 100
84 101
84 103
84 107
84 174
84 111
84 200
84 140
84 117
84 189
84 85
85 129
85 140
85 145
85 146
85 147
85 86
85 99
85 103
85 168
85 107
85 115
85 117
85 201
85 189
86 133
86 201
86 139
86 140
86 142
86 145
86 146
86 147
86 88
86 153
86 99
86 107
86 115
86 117
86 119
86 190
87 192
87 132
87 183
87 169
87 199
88 163
88 102
88 106
88 139
88 140
88 142
88 115
88 119
88 153
88 91
88 166
88 190
89 163
89 166
89 102
89 199
89 106
89 139
89 110
89 144
89 148
89 181
89 182
89 169
89 186
89 92
89 190
90 198
90 96
90 130
90 129
90 196
90 149
90 161
90 165
90 170
90 111
90 122
91 163
91 166
91 102
91 106
91 139
91 182
91 148
91 171
91 181
92 192
92 163
92 166
92 102
92 199
92 169
92 106
92 139
92 110
92 144
92 148
92 181
92 182
92 186
92 190
93 179
93 137
93 151
93 143
93 128
93 96
93 100
93 108
93 174
93 111
93 112
93 118
93 125
94 123
94 98
95 133
95 99
95 164
95 101
95 134
95 200
95 113
95 153
95 121
95 189
96 128
96 137
96 130
96 151
96 143
96 198
96 100
96 165
96 108
96 174
96 111
96 112
96 179
96 118
96 122
96 125
96 149
97 114
97 154
97 156
97 158
98 123
99 115
99 133
99 128
99 145
99 146
99 164
99 201
99 149
99 100
99 101
99 103
99 174
99 111
99 200
99 140
99 117
99 134
99 189
100 118
100 108
100 146
100 151
100 179
100 143
100 128
100 133
100 174
100 111
100 112
100 201
100 125
100 149
101 133
101 134
101 200
101 174
101 153
101 121
101 111
101 126
101 119
102 192
102 199
102 139
102 148
102 163
102 166
102 169
102 106
102 109
102 110
102 115
102 181
102 182
102 186
102 189
102 190
103 129
103 200
103 145
103 165
103 160
103 164
103 104
103 107
103 189
103 168
103 115
103 117
103 170
104 168
104 167
105 185
106 166
106 139
106 181
106 190
106 163
106 148
106 171
106 119
106 182
106 153
107 129
107 147
107 168
107 146
107 145
107 140
107 115
107 201
107 117
108 179
108 137
108 151
108 143
108 128
108 174
108 111
108 112
108 118
108 125
109 192
109 193
109 199
109 144
109 150
109 166
109 169
109 171
109 183
109 181
110 166
110 169
110 139
110 142
110 177
110 115
110 186
110 190
111 128
111 130
111 133
111 134
111 149
111 164
111 165
111 174
111 179
111 137
111 198
111 112
111 118
112 133
112 134
112 130
112 149
112 151
112 159
112 165
112 174
112 137
112 198
112 143
112 118
112 125
113 194
113 180
113 197
113 154
113 204
113 158
114 184
114 156
115 200
115 139
115 140
115 142
115 145
115 177
115 117
115 189
115 190
117 164
117 200
117 140
117 145
117 189
117 190
118 179
118 137
118 130
118 151
118 143
118 128
118 174
118 125
118 149
119 133
119 139
119 163
119 153
119 121
120 173
120 136
120 184
120 172
120 202
120 157
121 194
121 171
121 197
121 153
121 126
122 196
122 129
124 160
124 192
124 193
124 200
124 189
124 183
124 155
124 191
125 137
125 143
125 151
125 174
126 176
126 197
126 131
126 153
126 134
126 127
127 176
127 197
127 134
127 204
127 131
127 158
128 146
128 179
128 143
128 133
128 174
128 201
129 201
129 146
129 147
129 161
129 165
129 168
130 164
130 198
130 149
130 159
130 165
130 136
130 178
131 176
131 134
131 158
133 134
133 153
133 145
133 174
133 140
134 158
134 176
135 180
135 194
135 197
136 198
136 138
136 172
136 178
136 149
136 164
136 155
136 170
136 165
137 151
137 143
137 159
138 178
138 172
138 173
139 142
139 148
139 153
139 163
139 166
139 181
139 182
139 190
140 201
140 145
140 146
140 147
140 174
140 189
141 161
141 196
141 170
142 190
142 177
143 179
143 151
143 174
144 192
144 193
144 166
144 199
144 150
144 169
144 181
145 200
145 146
145 147
145 201
145 189
145 190
146 147
146 174
146 179
146 201
147 168
147 201
148 182
148 163
148 166
148 181
148 171
149 198
149 164
149 159
149 165
149 178
150 194
150 193
150 171
150 175
150 188
150 181
150 203
150 152
152 193
152 183
152 188
152 203
152 175
153 163
154 155
154 180
154 204
154 158
155 160
155 172
155 200
155 164
155 191
156 184
157 184
157 195
157 172
157 173
157 202
158 204
159 165
159 198
160 164
160 200
160 183
160 191
160 189
160 170
161 196
161 168
161 170
162 173
163 166
163 181
163 190
163 171
163 182
164 198
164 165
164 200
164 189
164 191
165 198
165 170
165 178
166 192
166 193
166 199
166 171
166 181
166 182
166 169
166 190
167 177
169 192
169 193
169 199
169 186
169 190
169 181
170 178
171 194
171 199
171 181
171 182
172 195
172 173
172 184
172 178
172 202
173 184
173 195
173 202
174 179
174 201
175 203
175 188
177 186
178 198
179 201
180 194
180 197
180 204
181 192
181 193
181 199
181 182
181 190
183 192
183 193
183 199
183 191
184 195
184 202
186 190
188 203
189 192
189 199
189 200
189 190
189 191
190 192
190 199
191 200
192 193
192 199
192 200
193 199
194 197
194 204
197 204
