0 128
0 1
0 2
0 3
0 4
0 5
0 6
0 7
0 75
0 192
0 78
0 21
0 22
0 89
0 25
0 156
0 29
0 197
0 34
0 101
0 142
0 40
0 41
0 172
0 93
0 47
0 48
0 52
0 55
0 116
0 186
0 60
0 63
1 128
1 2
1 3
1 4
1 5
1 6
1 7
1 137
1 75
1 192
1 78
1 146
1 21
1 22
1 23
1 88
1 25
1 156
1 28
1 29
1 197
1 34
1 163
1 101
1 38
1 142
1 40
1 41
1 172
1 45
1 93
1 47
1 48
1 52
1 89
1 55
1 120
1 116
1 186
1 60
1 63
2 3
2 4
2 5
2 6
2 7
2 137
2 75
2 12
2 78
2 146
2 21
2 22
2 23
2 88
2 25
2 201
2 156
2 28
2 29
2 197
2 160
2 34
2 101
2 38
2 142
2 40
2 41
2 172
2 45
2 93
2 47
2 48
2 52
2 89
2 55
2 116
2 186
2 60
2 192
2 63
3 4
3 5
3 6
3 7
3 128
3 75
3 192
3 78
3 21
3 22
3 23
3 25
3 156
3 29
3 197
3 34
3 101
3 142
3 40
3 41
3 172
3 45
3 93
3 47
3 48
3 52
3 89
3 55
3 116
3 60
3 63
4 5
4 6
4 7
4 137
4 128
4 75
4 192
4 78
4 146
4 21
4 22
4 23
4 88
4 25
4 201
4 156
4 28
4 29
4 197
4 160
4 34
4 163
4 101
4 38
4 142
4 40
4 41
4 172
4 45
4 93
4 47
4 48
4 52
4 89
4 55
4 116
4 186
4 60
4 63
5 197
5 6
5 7
5 128
5 75
5 192
5 78
5 21
5 23
5 25
5 156
5 34
5 163
5 101
5 40
5 41
5 172
5 142
5 48
5 50
5 52
5 89
5 55
5 120
5 116
5 60
5 63
6 7
6 128
6 75
6 192
6 78
6 146
6 21
6 22
6 23
6 88
6 25
6 156
6 28
6 29
6 197
6 34
6 163
6 101
6 38
6 142
6 40
6 41
6 172
6 45
6 93
6 47
6 48
6 52
6 89
6 55
6 120
6 116
6 186
6 60
6 63
7 200
7 75
7 192
7 13
7 78
7 16
7 21
7 25
7 160
7 100
7 40
7 41
7 43
7 172
7 48
7 104
7 50
7 116
7 55
7 120
7 58
7 60
7 61
7 63
8 82
8 105
8 103
8 153
8 171
8 173
9 195
9 132
9 179
9 198
9 10
9 141
9 158
9 81
9 19
9 151
9 152
9 26
9 27
9 167
9 94
9 187
9 17
9 42
9 43
9 44
9 46
9 177
9 114
9 115
9 180
9 106
9 122
9 123
9 125
10 195
10 179
10 198
10 141
10 81
10 19
10 151
10 152
10 26
10 27
10 167
10 158
10 31
10 160
10 187
10 17
10 42
10 43
10 44
10 46
10 61
10 177
10 115
10 180
10 94
10 201
10 123
10 125
11 33
11 67
11 37
11 71
11 44
11 199
11 140
11 123
11 183
11 152
11 57
11 155
11 159
12 22
12 88
12 137
12 186
12 28
12 93
12 47
13 195
13 134
13 200
13 75
13 189
13 143
13 16
13 25
13 27
13 100
13 198
13 40
13 41
13 43
13 174
13 175
13 104
13 50
13 54
13 120
13 185
13 59
13 61
13 63
14 24
14 124
14 132
14 20
14 119
15 80
15 97
15 112
15 186
15 139
15 76
15 93
16 128
16 175
16 75
16 100
16 134
16 104
16 43
16 143
16 189
16 50
16 120
16 185
16 59
16 200
16 61
16 63
17 67
17 68
17 179
17 81
17 19
17 148
17 151
17 152
17 92
17 94
17 159
17 99
17 167
17 31
17 42
17 44
17 177
17 49
17 114
17 115
17 180
17 123
17 125
18 181
18 203
18 204
18 85
18 165
19 64
19 66
19 132
19 81
19 147
19 148
19 151
19 152
19 26
19 92
19 159
19 30
19 95
19 35
19 36
19 42
19 167
19 44
19 46
19 49
19 114
19 56
19 122
19 123
19 125
19 127
20 24
20 124
20 119
21 128
21 75
21 192
21 78
21 146
21 142
21 22
21 23
21 88
21 25
21 156
21 93
21 197
21 160
21 34
21 100
21 101
21 40
21 41
21 172
21 45
21 47
21 48
21 52
21 89
21 55
21 120
21 116
21 186
21 60
21 61
21 63
22 197
22 129
22 137
22 141
22 78
22 79
22 146
22 23
22 88
22 25
22 201
22 156
22 28
22 93
22 160
22 112
22 38
22 40
22 41
22 45
22 142
22 47
22 48
22 178
22 89
22 55
22 186
22 60
22 192
23 192
23 129
23 156
23 201
23 75
23 141
23 78
23 146
23 89
23 88
23 25
23 27
23 28
23 197
23 160
23 163
23 194
23 38
23 40
23 41
23 172
23 45
23 142
23 47
23 48
23 115
23 52
23 55
23 120
23 116
23 60
23 61
23 63
24 134
24 54
24 119
24 132
24 124
24 166
25 142
25 146
25 27
25 156
25 32
25 163
25 38
25 40
25 28
25 43
25 172
25 45
25 47
25 48
25 51
25 52
25 55
25 60
25 61
25 63
25 192
25 160
25 194
25 195
25 197
25 201
25 75
25 78
25 141
25 88
25 89
25 96
25 100
25 104
25 116
25 41
25 120
26 42
26 147
26 103
26 129
26 106
26 167
26 141
26 46
26 125
26 81
26 115
26 151
26 56
26 153
26 201
26 158
26 31
27 195
27 179
27 198
27 200
27 151
27 141
27 81
27 158
27 160
27 100
27 177
27 40
27 43
27 174
27 61
27 104
27 115
27 180
27 94
27 54
27 201
27 120
27 187
27 125
28 192
28 197
28 129
28 137
28 78
28 146
28 84
28 142
28 88
28 201
28 156
28 93
28 38
28 41
28 45
28 47
28 89
28 55
28 186
29 197
29 96
29 128
29 142
29 78
29 89
29 156
29 32
29 34
29 163
29 101
29 41
29 172
29 176
29 51
29 52
29 116
29 60
30 64
30 66
30 35
30 36
30 167
30 108
30 49
30 148
30 121
30 92
30 95
31 160
31 129
31 99
31 68
31 179
31 81
31 73
31 167
31 141
31 79
31 146
31 115
31 138
31 201
31 184
31 92
31 125
31 158
32 96
32 128
32 194
32 163
32 40
32 41
32 172
32 78
32 176
32 51
32 116
32 89
32 52
32 156
33 123
33 67
33 155
33 37
33 199
33 152
33 57
33 187
33 140
33 94
34 128
34 75
34 192
34 78
34 89
34 156
34 197
34 163
34 101
34 40
34 41
34 172
34 142
34 48
34 52
34 55
34 116
34 60
34 63
35 64
35 66
35 36
35 167
35 42
35 108
35 46
35 49
35 148
35 121
35 127
35 92
35 95
36 66
36 108
36 110
36 49
36 148
36 190
36 86
36 90
36 159
36 95
37 67
37 165
37 71
37 140
37 155
37 183
37 57
37 123
37 199
37 159
38 192
38 197
38 129
38 137
38 142
38 146
38 84
38 78
38 88
38 89
38 201
38 156
38 160
38 103
38 40
38 41
38 45
38 47
38 176
38 55
38 186
39 80
39 133
39 196
39 85
39 182
39 72
39 204
39 181
40 128
40 142
40 146
40 156
40 163
40 41
40 43
40 172
40 45
40 47
40 48
40 50
40 51
40 52
40 55
40 60
40 61
40 63
40 192
40 160
40 194
40 197
40 201
40 75
40 78
40 141
40 88
40 89
40 96
40 100
40 101
40 104
40 116
40 120
41 128
41 142
41 146
41 176
41 163
41 156
41 172
41 45
41 47
41 48
41 51
41 52
41 55
41 60
41 61
41 63
41 192
41 160
41 194
41 197
41 201
41 75
41 78
41 141
41 88
41 89
41 96
41 100
41 101
41 104
41 116
41 120
42 132
42 81
42 147
42 148
42 151
42 152
42 91
42 158
42 159
42 106
42 167
42 44
42 46
42 49
42 114
42 180
42 56
42 122
42 123
42 125
42 127
43 195
43 134
43 200
43 75
43 189
43 143
43 94
43 187
43 100
43 198
43 107
43 174
43 175
43 104
43 50
43 180
43 158
43 54
43 120
43 185
43 59
43 61
43 63
44 67
44 68
44 179
44 81
44 148
44 151
44 152
44 90
44 155
44 92
44 94
44 95
44 99
44 167
44 159
44 177
44 49
44 114
44 115
44 180
44 57
44 123
44 125
45 192
45 197
45 129
45 137
45 75
45 141
45 78
45 79
45 146
45 88
45 89
45 201
45 156
45 93
45 160
45 172
45 142
45 47
45 48
45 115
45 55
45 116
45 186
46 64
46 132
46 147
46 148
46 151
46 152
46 91
46 158
46 167
46 49
46 114
46 106
46 56
46 122
46 125
46 127
47 197
47 137
47 78
47 79
47 146
47 88
47 201
47 156
47 93
47 160
47 101
47 172
47 142
47 48
47 116
47 89
47 55
47 186
47 60
47 192
48 200
48 75
48 192
48 78
48 88
48 156
48 93
48 197
48 160
48 172
48 142
48 116
48 55
48 120
48 58
48 60
48 61
48 63
49 66
49 148
49 86
49 151
49 152
49 159
49 95
49 167
49 114
49 122
49 123
49 125
49 190
49 127
50 128
50 175
50 100
50 134
50 75
50 143
50 104
50 189
50 120
50 185
50 59
50 200
50 61
50 63
51 96
51 194
51 163
51 116
51 128
51 172
51 78
51 176
51 52
51 89
51 156
52 96
52 128
52 75
52 192
52 78
52 156
52 197
52 163
52 101
52 172
52 142
52 176
52 116
52 89
52 55
52 60
52 63
53 65
53 69
53 161
53 73
53 74
53 109
53 173
53 113
53 82
53 193
53 149
53 150
53 154
53 118
53 62
54 194
54 134
54 143
54 195
54 158
54 100
54 198
54 166
54 104
54 106
54 107
54 174
54 119
54 185
54 59
54 124
54 61
54 126
55 137
55 75
55 192
55 141
55 78
55 79
55 146
55 88
55 156
55 93
55 197
55 160
55 101
55 172
55 142
55 89
55 201
55 116
55 186
55 60
55 63
56 64
56 98
56 132
56 167
56 106
56 170
56 147
56 151
56 122
56 91
56 158
57 67
57 71
57 140
57 155
57 86
57 183
57 152
57 123
57 199
57 159
58 177
58 70
58 120
58 200
58 61
58 94
59 100
59 198
59 134
59 104
59 107
59 175
59 200
59 185
59 143
59 189
60 128
60 75
60 192
60 78
60 156
60 197
60 101
60 142
60 172
60 93
60 89
60 120
60 116
60 186
60 63
61 192
61 195
61 198
61 200
61 75
61 94
61 160
61 100
61 174
61 175
61 104
61 180
61 120
61 185
61 189
61 63
62 65
62 131
62 69
62 145
62 73
62 138
62 109
62 161
62 113
62 178
62 193
62 149
62 150
62 184
62 154
62 74
63 200
63 128
63 75
63 192
63 78
63 156
63 185
63 197
63 100
63 172
63 175
63 104
63 189
63 120
63 116
64 66
64 147
64 135
64 108
64 98
64 148
64 162
64 91
65 144
65 130
65 131
65 69
65 161
65 73
65 74
65 112
65 145
65 178
65 193
65 150
65 184
65 138
66 167
66 108
66 148
66 121
66 92
66 95
67 155
67 177
67 187
67 140
67 85
67 199
67 152
67 123
67 125
67 94
67 181
68 112
68 99
68 196
68 133
68 81
68 72
68 177
68 138
68 79
68 80
68 115
68 181
68 182
68 184
68 179
68 92
68 125
69 131
69 145
69 73
69 138
69 109
69 161
69 113
69 178
69 193
69 150
69 184
69 154
69 74
69 149
70 177
70 179
70 85
70 72
70 181
71 90
71 183
72 112
72 130
72 99
72 133
72 138
72 79
72 80
72 177
72 178
72 131
72 181
72 182
72 184
72 196
72 179
72 92
73 149
73 130
73 131
73 161
73 138
73 109
73 112
73 145
73 178
73 193
73 150
73 184
73 154
73 74
74 130
74 131
74 161
74 144
74 112
74 145
74 178
74 193
74 150
74 184
74 138
75 200
75 128
75 192
75 78
75 189
75 156
75 197
75 160
75 163
75 100
75 172
75 142
75 175
75 104
75 89
75 120
75 116
76 80
76 97
76 112
76 144
76 139
76 186
77 170
77 91
77 164
77 87
78 137
78 128
78 142
78 146
78 156
78 163
78 172
78 186
78 192
78 197
78 88
78 89
78 93
78 96
78 101
78 116
79 192
79 129
79 201
79 138
79 141
79 81
79 146
79 150
79 88
79 179
79 93
79 160
79 99
79 112
79 177
79 178
79 115
79 184
80 97
80 130
80 99
80 144
80 139
80 112
80 178
80 131
80 182
80 184
80 196
81 179
81 141
81 151
81 152
81 92
81 158
81 160
81 99
81 167
81 177
81 115
81 180
81 94
81 201
81 125
82 113
82 84
82 118
82 103
82 161
82 173
82 149
83 194
83 117
83 166
83 87
83 169
83 157
83 126
83 191
84 176
84 103
85 165
85 204
85 155
85 182
85 203
85 181
86 114
86 90
86 159
86 190
86 95
87 191
87 117
87 169
87 170
87 91
87 157
88 192
88 197
88 129
88 137
88 139
88 141
88 146
88 201
88 156
88 93
88 160
88 112
88 142
88 178
88 89
88 186
89 96
89 128
89 192
89 146
89 201
89 156
89 137
89 197
89 163
89 101
89 172
89 142
89 176
89 116
90 133
90 183
90 92
90 95
91 98
91 106
91 147
91 170
91 157
91 127
92 133
92 177
92 138
92 167
92 179
92 99
92 148
92 115
92 125
93 197
93 137
93 139
93 146
93 160
93 142
93 112
93 186
93 192
94 198
94 199
94 200
94 151
94 152
94 155
94 187
94 177
94 179
94 180
94 120
94 123
94 125
95 114
95 148
95 190
95 159
95 127
96 128
96 194
96 163
96 172
96 176
96 116
96 156
97 139
98 162
98 147
98 135
98 153
98 170
99 112
99 133
99 177
99 138
99 115
99 181
99 182
99 184
99 196
99 179
99 125
100 195
100 134
100 200
100 189
100 143
100 198
100 174
100 175
100 104
100 120
100 185
101 137
101 128
101 192
101 156
101 197
101 163
101 172
101 142
101 116
102 168
102 113
102 154
102 109
103 129
103 149
103 201
103 153
103 146
103 173
104 195
104 134
104 200
104 143
104 198
104 174
104 175
104 189
104 120
104 185
105 171
106 195
106 132
106 166
106 167
106 147
106 174
106 151
106 122
106 124
106 158
107 134
107 198
107 200
107 143
107 180
107 119
107 185
107 187
107 124
108 121
108 148
109 161
109 145
109 138
109 173
109 113
109 193
109 149
109 118
109 154
111 157
112 130
112 131
112 139
112 144
112 145
112 150
112 196
112 160
112 178
112 179
112 184
112 138
113 149
113 161
113 154
113 118
113 173
114 187
114 132
114 167
114 127
114 159
114 151
114 152
114 122
114 123
114 125
115 129
115 141
115 146
115 151
115 158
115 160
115 167
115 125
115 177
115 179
115 180
115 201
115 138
116 128
116 192
116 156
116 197
116 163
116 172
116 142
117 194
117 174
117 166
117 169
117 157
117 126
117 191
118 149
118 173
118 161
118 154
119 198
119 132
119 166
119 134
119 174
119 143
119 124
120 192
120 200
120 175
120 189
120 185
121 136
122 132
122 167
122 159
122 125
122 151
122 152
122 123
122 127
123 199
123 151
123 152
123 155
123 159
123 167
123 180
123 187
123 125
124 198
124 174
124 132
125 187
125 179
125 141
125 177
125 151
125 152
125 159
125 167
125 180
125 158
126 194
126 169
126 191
126 174
126 166
127 136
128 156
128 197
128 163
128 172
128 175
128 189
129 160
129 201
129 138
129 142
129 141
129 146
129 153
130 131
130 196
130 193
130 144
130 138
130 145
130 178
130 150
130 184
131 196
131 193
131 144
131 145
131 178
131 150
131 138
131 184
132 195
132 147
132 167
132 151
132 174
132 180
132 158
133 181
133 182
133 183
134 175
134 198
134 166
134 194
134 174
134 143
134 195
134 185
134 189
135 147
135 162
137 146
137 142
137 186
137 197
138 145
138 150
138 196
138 193
138 178
138 184
139 178
139 186
140 155
140 199
140 165
141 192
141 201
141 179
141 142
141 146
141 158
141 160
141 177
141 180
142 192
142 146
142 201
142 156
142 197
142 160
142 176
142 172
142 186
143 198
143 194
143 166
143 174
143 175
143 195
143 185
143 189
144 196
144 145
144 178
144 150
144 184
145 196
145 193
145 178
145 150
145 184
145 154
146 192
146 197
146 156
146 201
146 160
146 186
147 167
147 157
147 170
147 153
147 158
148 167
149 161
149 162
149 173
149 154
150 193
150 161
150 178
150 184
151 179
151 158
151 177
151 152
151 159
151 187
151 167
151 180
152 177
152 155
152 159
152 187
152 167
152 179
152 180
153 162
153 201
153 157
153 173
154 161
154 193
155 181
155 199
155 187
155 177
155 165
156 192
156 194
156 201
156 197
156 176
156 163
156 172
157 191
157 169
158 195
158 160
158 167
158 174
158 180
158 201
159 167
159 190
160 192
160 179
160 201
160 177
161 193
161 173
162 173
163 194
163 197
163 172
163 176
164 170
165 181
165 203
165 204
166 194
166 195
166 169
166 174
166 191
167 180
169 191
172 192
172 197
174 194
174 195
174 198
174 180
174 191
175 189
175 185
175 200
176 194
176 197
177 179
177 180
177 181
178 196
178 193
178 184
179 180
179 181
180 198
180 200
180 195
180 187
181 203
181 204
181 182
181 183
182 196
182 204
183 204
184 193
184 196
185 198
185 189
185 200
186 197
186 192
187 198
187 199
187 200
189 200
191 194
191 195
192 201
192 197
193 196
193 202
194 195
195 198
195 200
195 201
198 200
203 204
