1 2
1 3
2 3
5 48
5 196
5 38
5 55
5 7
5 47
6 65
6 203
6 196
6 69
6 7
6 9
6 138
6 11
6 15
6 145
6 18
6 87
6 24
6 90
6 111
6 95
6 96
6 34
6 155
6 38
6 39
6 40
6 168
6 47
6 48
6 113
6 53
6 55
6 31
7 65
7 203
7 196
7 9
7 11
7 15
7 18
7 24
7 90
7 111
7 69
7 95
7 96
7 34
7 155
7 38
7 39
7 40
7 42
7 47
7 48
7 168
7 53
7 55
7 160
7 31
8 192
8 65
8 132
8 69
8 39
8 145
8 138
8 103
8 14
8 113
8 18
8 53
8 150
8 87
8 25
8 90
8 55
9 65
9 67
9 98
9 11
9 13
9 15
9 193
9 203
9 24
9 111
9 69
9 96
9 34
9 155
9 164
9 38
9 168
9 42
9 47
9 48
9 113
9 55
9 122
9 31
10 192
10 176
10 131
10 132
10 71
10 156
10 107
10 45
10 79
10 144
10 49
10 167
10 182
10 119
10 39
10 58
10 175
10 124
10 154
11 160
11 67
11 196
11 15
11 203
11 98
11 143
11 146
11 163
11 148
11 24
11 26
11 47
11 31
11 96
11 193
11 34
11 155
11 100
11 38
11 168
11 42
11 111
11 48
11 200
11 178
11 51
11 55
11 122
12 192
12 131
12 134
12 93
12 43
12 189
12 110
12 79
12 145
12 183
12 117
12 118
12 119
12 58
12 175
12 61
12 190
12 191
13 129
13 66
13 67
13 193
13 194
13 202
13 203
13 143
13 98
13 77
13 80
13 24
13 146
13 147
13 20
13 21
13 115
13 88
13 26
13 15
13 173
13 30
13 159
13 34
13 155
13 100
13 104
13 169
13 42
13 108
13 45
13 111
13 177
13 178
13 51
13 158
13 137
13 148
13 122
13 200
13 63
14 192
14 65
14 132
14 69
14 138
14 145
14 18
14 150
14 87
14 25
14 90
14 31
14 96
14 39
14 103
14 111
14 48
14 113
14 53
14 55
14 58
15 65
15 67
15 132
15 69
15 200
15 80
15 98
15 146
15 20
15 21
15 203
15 24
15 26
15 111
15 154
15 31
15 96
15 34
15 155
15 164
15 167
15 168
15 193
15 45
15 47
15 48
15 113
15 51
15 122
15 63
16 64
16 65
16 134
16 72
16 128
16 183
16 192
16 138
16 17
16 18
16 151
16 90
16 27
16 93
16 94
16 95
16 165
16 37
16 39
16 40
16 145
16 43
16 29
16 189
16 50
16 52
16 53
16 54
16 119
16 58
16 187
16 61
16 117
17 128
17 165
17 187
17 37
17 70
17 40
17 43
17 52
17 62
17 54
17 151
17 120
17 116
17 27
17 117
17 29
17 94
17 95
18 128
18 65
18 132
18 69
18 168
18 138
18 192
18 145
18 196
18 87
18 25
18 90
18 111
18 95
18 96
18 103
18 40
18 39
18 47
18 48
18 113
18 53
18 55
18 58
18 31
18 117
19 181
19 194
19 68
19 133
19 71
19 202
19 75
19 77
19 80
19 156
19 20
19 21
19 88
19 92
19 30
19 104
19 60
19 107
19 45
19 177
19 114
19 115
19 158
19 182
19 124
19 125
19 126
19 85
20 193
20 66
20 67
20 68
20 194
20 177
20 202
20 203
20 143
20 77
20 80
20 115
20 146
20 148
20 21
20 88
20 26
20 92
20 154
20 30
20 31
20 160
20 34
20 100
20 167
20 104
20 169
20 107
20 45
20 111
20 168
20 178
20 51
20 204
20 158
20 200
20 122
20 159
20 124
21 129
21 45
21 137
21 194
21 143
21 146
21 147
21 26
21 154
21 30
21 159
21 34
21 167
21 169
21 173
21 177
21 51
21 158
21 60
21 181
21 193
21 66
21 67
21 200
21 202
21 204
21 77
21 80
21 85
21 88
21 92
21 104
21 107
21 108
21 111
21 115
21 148
21 122
21 124
21 125
22 160
22 161
22 162
22 131
22 68
22 101
22 28
22 175
22 109
22 78
22 79
22 176
22 114
22 182
22 119
22 58
22 156
22 124
22 126
22 191
23 32
23 160
23 130
23 35
23 68
23 104
23 41
23 74
23 139
23 80
23 114
23 84
23 185
23 148
23 201
24 193
24 67
24 196
24 98
24 200
24 76
24 146
24 148
24 203
24 164
24 26
24 143
24 31
24 34
24 155
24 100
24 102
24 38
24 168
24 42
24 47
24 178
24 51
24 122
24 166
25 96
25 65
25 132
25 69
25 39
25 138
25 55
25 192
25 111
25 113
25 53
25 150
25 87
25 90
25 103
26 129
26 66
26 67
26 193
26 194
26 201
26 202
26 76
26 34
26 77
26 80
26 146
26 203
26 88
26 157
26 30
26 159
26 160
26 98
26 155
26 100
26 139
26 178
26 104
26 42
26 108
26 173
26 177
26 143
26 51
26 158
26 148
26 122
26 200
27 196
27 54
27 151
27 40
27 128
27 29
27 95
28 160
28 161
28 162
28 131
28 68
28 101
28 156
28 191
28 109
28 78
28 79
28 176
28 114
28 119
28 58
28 175
28 124
28 126
28 182
29 128
29 165
29 187
29 37
29 70
29 40
29 43
29 52
29 117
29 54
29 151
29 62
29 95
30 51
30 66
30 68
30 133
30 193
30 194
30 202
30 75
30 204
30 77
30 80
30 173
30 88
30 92
30 154
30 158
30 159
30 34
30 167
30 104
30 124
30 147
30 107
30 45
30 177
30 114
30 115
30 181
30 169
30 200
30 122
30 60
30 125
30 126
30 85
31 65
31 67
31 132
31 69
31 145
31 154
31 87
31 196
31 90
31 111
31 122
31 96
31 34
31 155
31 39
31 168
31 193
31 203
31 45
31 47
31 48
31 113
31 53
31 55
31 160
31 58
32 130
32 35
32 68
32 41
32 74
32 75
32 44
32 142
32 114
32 180
32 185
32 126
33 56
33 93
33 118
33 190
34 194
34 143
34 146
34 155
34 154
34 160
34 167
34 168
34 193
34 45
34 177
34 178
34 51
34 158
34 65
34 66
34 67
34 200
34 202
34 203
34 77
34 80
34 88
34 98
34 100
34 104
34 111
34 115
34 148
34 122
34 124
34 42
35 130
35 68
35 198
35 41
35 74
35 75
35 44
35 142
35 114
35 180
35 185
35 126
36 81
36 162
36 131
36 179
36 135
36 197
36 183
36 191
36 110
36 79
37 64
37 128
37 134
37 72
37 190
37 151
37 93
37 94
37 165
37 70
37 43
37 189
37 50
37 52
37 117
37 54
37 183
37 120
37 116
37 187
37 188
37 61
37 62
38 96
38 98
38 67
38 164
38 42
38 76
38 47
38 48
38 203
38 196
38 155
38 166
39 128
39 65
39 131
39 132
39 69
39 168
39 119
39 192
39 79
39 145
39 150
39 87
39 90
39 175
39 96
39 176
39 103
39 40
39 45
39 111
39 48
39 113
39 53
39 54
39 55
39 58
39 95
39 124
39 138
39 117
40 128
40 65
40 196
40 145
40 138
40 151
40 192
40 87
40 90
40 94
40 95
40 43
40 52
40 53
40 54
40 119
40 58
40 187
40 61
40 117
41 84
41 74
41 44
42 193
42 67
42 200
42 76
42 98
42 146
42 139
42 203
42 164
42 143
42 157
42 163
42 100
42 102
42 178
42 51
42 155
42 148
42 166
43 64
43 128
43 70
43 72
43 62
43 190
43 151
43 93
43 94
43 95
43 165
43 189
43 52
43 117
43 54
43 120
43 116
43 187
43 61
43 134
44 161
44 180
44 153
44 74
44 171
44 78
45 193
45 194
45 115
45 132
45 200
45 204
45 77
45 80
45 88
45 154
45 167
45 168
45 169
45 107
45 111
45 176
45 49
45 51
45 158
45 57
45 122
45 124
45 202
46 56
46 106
46 91
46 186
47 65
47 203
47 196
47 138
47 87
47 90
47 155
47 69
47 96
47 166
47 168
47 111
47 48
47 113
47 53
47 55
48 65
48 203
48 132
48 138
48 87
48 196
48 90
48 69
48 96
48 168
48 111
48 113
48 53
48 55
49 115
49 204
49 154
49 167
49 57
49 107
49 140
49 169
50 64
50 128
50 134
50 72
50 183
50 189
50 52
50 117
50 54
50 151
50 153
50 187
50 188
50 61
50 127
51 129
51 66
51 67
51 193
51 194
51 137
51 202
51 98
51 77
51 80
51 146
51 147
51 173
51 88
51 203
51 159
51 155
51 100
51 104
51 108
51 111
51 177
51 178
51 115
51 158
51 148
51 122
51 200
51 143
51 63
52 64
52 128
52 134
52 72
52 151
52 95
52 189
52 116
52 117
52 54
52 183
52 187
52 188
52 61
52 127
53 128
53 65
53 132
53 69
53 168
53 138
53 192
53 145
53 196
53 87
53 90
53 111
53 95
53 96
53 103
53 113
53 117
53 54
53 55
53 58
54 64
54 65
54 134
54 72
54 128
54 183
54 192
54 151
54 94
54 95
54 145
54 175
54 189
54 119
54 58
54 187
54 61
54 117
55 65
55 196
55 138
55 87
55 90
55 69
55 95
55 96
55 168
55 113
56 174
57 115
57 204
57 167
57 169
57 154
57 107
57 140
58 128
58 65
58 131
58 132
58 183
58 79
58 145
58 95
58 160
58 156
58 191
58 175
58 176
58 168
58 192
58 117
58 119
58 124
58 61
60 181
60 194
60 133
60 71
60 202
60 75
60 140
60 77
60 158
60 177
60 115
60 199
60 88
60 92
60 125
60 85
61 64
61 128
61 131
61 134
61 72
61 183
61 79
61 145
61 151
61 95
61 175
61 117
61 119
61 187
61 188
61 189
61 191
62 187
62 116
62 70
62 151
62 120
62 94
62 165
63 193
63 83
63 67
63 164
63 200
63 169
63 204
63 137
63 122
64 128
64 187
64 134
64 72
64 189
64 117
64 151
64 153
64 183
64 188
64 127
65 128
65 192
65 132
65 69
65 138
65 119
65 175
65 145
65 196
65 150
65 87
65 90
65 111
65 96
65 103
65 168
65 113
65 95
65 117
66 129
66 194
66 67
66 193
66 200
66 137
66 202
66 98
66 77
66 80
66 146
66 147
66 88
66 143
66 159
66 100
66 104
66 108
66 173
66 177
66 178
66 115
66 158
66 201
66 148
66 122
66 181
67 193
67 203
67 200
67 76
67 98
67 146
67 164
67 155
67 100
67 168
67 111
67 178
67 148
67 122
67 159
67 143
68 160
68 130
68 194
68 201
68 202
68 75
68 77
68 80
68 85
68 88
68 92
68 101
68 104
68 156
68 177
68 114
68 158
68 125
68 126
68 181
69 132
69 138
69 150
69 87
69 90
69 111
69 96
69 103
69 168
69 113
70 116
70 165
70 120
70 94
70 117
71 133
71 124
71 85
71 182
71 176
71 107
71 92
71 101
72 128
72 131
72 134
72 135
72 183
72 79
72 151
72 153
72 191
72 189
72 117
72 119
72 187
72 188
72 127
73 105
73 121
74 160
74 84
74 180
75 97
75 126
75 101
75 130
75 194
75 104
75 202
75 77
75 142
75 114
75 85
75 92
75 125
75 181
76 98
76 100
76 102
76 203
76 178
76 143
76 146
76 148
76 164
76 155
76 157
76 166
77 133
77 181
77 193
77 194
77 201
77 202
77 204
77 173
77 80
77 88
77 92
77 159
77 104
77 124
77 147
77 107
77 177
77 114
77 115
77 158
77 169
77 200
77 122
77 125
77 126
77 85
78 161
78 162
78 101
78 153
78 109
79 192
79 176
79 131
79 134
79 145
79 183
79 175
79 144
79 81
79 156
79 119
79 191
80 181
80 115
80 193
80 194
80 201
80 202
80 203
80 143
80 173
80 146
80 88
80 92
80 159
80 160
80 100
80 178
80 104
80 156
80 200
80 108
80 177
80 114
80 158
80 148
80 122
80 124
80 125
80 126
80 85
81 162
81 131
81 179
81 119
81 191
81 197
81 135
81 183
81 110
82 144
82 176
82 99
83 137
83 140
83 204
83 169
84 160
84 163
84 139
84 185
85 194
85 133
85 202
85 199
85 88
85 92
85 158
85 104
85 107
85 177
85 114
85 115
85 125
85 126
85 181
87 192
87 132
87 168
87 138
87 145
87 150
87 90
87 111
87 95
87 96
87 103
87 113
88 181
88 129
88 194
88 201
88 202
88 204
88 173
88 146
88 200
88 92
88 154
88 159
88 193
88 104
88 124
88 147
88 107
88 177
88 114
88 115
88 158
88 169
88 122
88 125
88 126
89 112
90 128
90 132
90 168
90 138
90 192
90 145
90 196
90 95
90 96
90 103
90 113
90 117
91 184
91 152
91 106
91 172
91 186
92 181
92 130
92 133
92 194
92 202
92 156
92 104
92 107
92 177
92 114
92 115
92 158
92 182
92 124
92 125
92 126
93 128
93 190
93 116
93 117
93 118
93 120
93 94
94 128
94 165
94 190
94 118
94 116
94 117
94 120
94 187
94 95
95 128
95 196
95 145
95 138
95 151
95 192
95 187
95 117
96 132
96 138
96 196
96 155
96 103
96 168
96 111
96 113
97 123
98 129
98 193
98 143
98 146
98 148
98 203
98 164
98 155
98 157
98 159
98 100
98 102
98 200
98 178
98 122
100 129
100 193
100 200
100 201
100 146
100 163
100 139
100 203
100 143
100 157
100 159
100 155
100 102
100 148
100 108
100 178
100 122
101 161
101 162
101 182
101 109
101 114
101 156
101 126
102 139
102 178
102 143
102 146
102 148
102 155
102 157
103 132
103 138
103 192
103 111
103 113
103 150
104 130
104 193
104 194
104 201
104 202
104 146
104 143
104 159
104 160
104 178
104 108
104 173
104 177
104 114
104 115
104 158
104 181
104 148
104 200
104 125
104 126
105 109
106 135
106 188
106 189
106 110
106 190
107 194
107 204
107 140
107 154
107 158
107 167
107 169
107 111
107 176
107 115
107 124
107 202
108 129
108 195
108 181
108 177
108 201
108 147
108 143
108 173
108 146
108 148
108 200
108 157
108 159
109 161
109 162
109 153
109 197
110 179
110 135
110 191
111 132
111 200
111 203
111 154
111 167
111 168
111 193
111 113
111 122
111 124
113 132
113 138
113 150
113 168
114 130
114 194
114 202
114 142
114 156
114 158
114 125
114 126
115 181
115 133
115 193
115 194
115 137
115 202
115 140
115 200
115 154
115 159
115 167
115 177
115 204
115 158
115 169
115 122
115 124
115 125
116 165
116 172
116 189
116 190
116 120
116 152
116 187
116 117
117 192
117 128
117 183
117 138
117 151
117 165
117 145
117 189
117 119
117 120
117 187
117 134
119 128
119 131
119 134
119 145
119 156
119 175
119 176
119 192
119 183
119 191
120 165
120 190
120 187
121 171
122 129
122 194
122 143
122 146
122 155
122 154
122 164
122 167
122 168
122 169
122 177
122 178
122 158
122 137
122 159
122 193
122 200
122 202
122 203
122 204
122 148
124 193
124 194
124 154
124 175
124 167
124 156
124 176
124 158
124 182
124 202
125 130
125 133
125 199
125 194
125 158
125 173
125 177
125 181
125 202
125 126
126 130
126 194
126 202
126 158
126 156
126 182
127 153
127 188
127 141
128 134
128 138
128 183
128 192
128 151
128 165
128 145
128 189
128 187
129 195
129 200
129 137
129 143
129 146
129 147
129 148
129 157
129 159
129 173
129 177
129 181
129 201
130 198
130 201
130 142
130 180
130 185
131 192
131 176
131 134
131 145
131 183
131 144
131 175
131 191
132 192
132 175
132 145
132 150
132 167
132 154
132 176
132 168
132 138
133 194
133 199
133 140
133 170
133 202
133 158
134 135
134 183
134 151
134 187
134 188
134 189
134 190
134 191
135 179
135 197
135 183
135 188
135 189
137 147
137 200
137 169
137 140
137 177
137 204
137 159
138 192
138 145
138 150
139 163
139 203
139 143
139 178
139 148
139 157
140 167
140 170
140 204
140 169
141 153
141 188
142 180
142 198
143 193
143 200
143 201
143 146
143 203
143 155
143 157
143 159
143 163
143 148
143 177
143 178
144 176
144 191
145 191
145 175
145 176
145 168
145 192
146 193
146 200
146 201
146 147
146 203
146 164
146 157
146 159
146 155
146 177
146 178
146 148
147 195
147 181
147 177
147 194
147 202
147 158
147 173
147 201
147 200
147 159
148 193
148 200
148 201
148 163
148 203
148 157
148 159
148 160
148 155
148 177
148 178
150 192
151 189
151 183
151 187
151 188
152 184
152 172
153 162
153 161
153 183
154 193
154 194
154 204
154 158
154 167
154 168
154 169
154 176
155 193
155 200
155 203
155 164
155 168
155 178
155 166
156 160
156 176
156 175
156 182
157 195
157 178
157 201
158 193
158 194
158 202
158 204
158 173
158 159
158 167
158 177
158 181
158 169
158 200
159 193
159 194
159 202
159 195
159 173
159 177
159 201
159 200
159 181
160 163
160 203
160 168
160 178
161 162
162 197
162 179
162 183
162 191
163 203
163 178
164 166
167 193
167 194
167 204
167 169
168 196
168 193
168 203
169 193
169 194
169 202
169 177
169 204
172 184
173 195
173 200
173 201
173 194
173 177
173 181
173 202
175 192
175 183
175 176
175 191
176 192
176 182
176 191
177 181
177 194
177 202
177 193
177 200
177 201
178 193
178 200
178 201
178 203
179 197
180 198
181 195
181 199
181 194
181 201
181 202
183 189
183 187
183 188
183 191
184 186
185 201
187 190
187 189
187 188
188 189
189 190
189 191
191 192
193 194
193 200
193 202
193 203
193 204
194 200
194 202
194 204
195 201
196 203
200 202
200 203
201 202
202 204
