0 1
0 2
0 3
0 4
0 5
0 73
0 151
0 12
0 79
0 16
0 204
0 146
0 147
0 22
0 23
0 152
0 154
0 93
0 94
0 69
0 163
0 36
0 39
0 168
0 103
0 108
0 50
0 116
0 56
0 122
0 123
0 124
0 126
1 2
1 3
1 4
1 69
1 73
1 151
1 12
1 79
1 16
1 204
1 146
1 147
1 22
1 23
1 152
1 154
1 93
1 94
1 163
1 36
1 39
1 168
1 103
1 108
1 50
1 116
1 56
1 122
1 123
1 124
1 126
2 3
2 4
2 5
2 73
2 151
2 12
2 79
2 16
2 204
2 146
2 147
2 148
2 22
2 23
2 152
2 164
2 154
2 93
2 94
2 69
2 163
2 36
2 39
2 168
2 103
2 108
2 116
2 56
2 122
2 123
2 124
2 126
3 204
3 4
3 5
3 73
3 151
3 12
3 79
3 16
3 146
3 147
3 22
3 23
3 152
3 164
3 154
3 93
3 94
3 69
3 163
3 36
3 39
3 168
3 103
3 108
3 50
3 116
3 56
3 122
3 123
3 124
3 126
4 5
4 73
4 151
4 12
4 79
4 16
4 204
4 146
4 147
4 148
4 22
4 23
4 152
4 164
4 154
4 93
4 94
4 69
4 163
4 36
4 39
4 168
4 103
4 108
4 50
4 116
4 56
4 122
4 123
4 124
4 126
5 192
5 69
5 39
5 136
5 73
5 168
5 82
5 148
5 23
5 154
5 94
6 149
6 129
6 139
6 181
6 199
6 8
6 9
6 11
6 141
6 78
6 15
6 18
6 20
6 14
6 93
6 98
6 99
6 37
6 105
6 106
6 191
6 46
6 180
6 50
6 116
6 117
6 121
6 122
6 123
6 125
6 62
6 127
7 67
7 117
7 40
7 122
7 123
7 108
7 94
7 181
8 199
8 9
8 138
8 11
8 34
8 141
8 173
8 18
8 202
8 157
8 37
8 32
8 98
8 165
8 167
8 106
8 45
8 46
8 176
8 180
8 118
8 120
8 159
8 188
8 125
8 127
9 129
9 67
9 196
9 199
9 138
9 11
9 141
9 78
9 15
9 18
9 139
9 110
9 98
9 37
9 105
9 106
9 191
9 178
9 46
9 47
9 112
9 72
9 50
9 180
9 117
9 54
9 121
9 122
9 123
9 200
9 125
9 181
10 96
10 163
10 100
10 39
10 79
10 103
10 175
10 143
10 81
10 164
10 90
10 91
11 129
11 67
11 196
11 199
11 141
11 78
11 15
11 18
11 98
11 99
11 37
11 40
11 105
11 106
11 191
11 178
11 110
11 47
11 112
11 72
11 50
11 180
11 117
11 54
11 121
11 122
11 123
11 200
11 125
11 181
12 69
12 73
12 151
12 204
12 79
12 16
12 81
12 146
12 147
12 22
12 23
12 152
12 154
12 93
12 163
12 36
12 39
12 168
12 103
12 108
12 50
12 116
12 56
12 122
12 123
12 124
12 126
13 133
13 161
13 101
13 102
13 188
13 127
13 159
13 77
13 157
13 48
13 17
13 118
13 120
13 57
13 186
13 27
13 165
13 29
13 190
13 31
14 129
14 130
14 182
14 193
14 76
14 141
14 78
14 145
14 18
14 20
14 87
14 25
14 29
14 199
14 99
14 165
14 166
14 106
14 43
14 109
14 179
14 52
14 187
14 118
14 120
14 63
14 127
15 129
15 67
15 196
15 199
15 72
15 78
15 18
15 156
15 191
15 37
15 40
15 105
15 106
15 178
15 110
15 47
15 112
15 200
15 50
15 180
15 117
15 54
15 121
15 122
15 123
15 181
16 204
16 198
16 73
16 128
16 79
16 81
16 146
16 147
16 85
16 22
16 151
16 152
16 153
16 154
16 93
16 36
16 39
16 105
16 42
16 113
16 50
16 51
16 116
16 53
16 56
16 121
16 140
16 124
16 126
16 149
17 144
17 197
17 171
17 101
17 102
17 161
17 41
17 75
17 142
17 111
17 80
17 150
17 57
17 27
17 95
18 129
18 139
18 199
18 138
18 76
18 98
18 141
18 173
18 20
18 78
18 202
18 165
18 32
18 34
18 37
18 106
18 45
18 46
18 176
18 72
18 180
18 118
18 120
18 125
18 127
19 49
19 194
19 102
19 169
19 171
19 28
19 190
20 129
20 130
20 182
20 193
20 76
20 141
20 145
20 78
20 87
20 25
20 29
20 199
20 31
20 99
20 165
20 166
20 106
20 43
20 109
20 179
20 52
20 187
20 118
20 120
20 63
20 62
20 127
21 193
21 130
21 69
21 166
21 145
21 136
21 137
21 177
21 82
21 201
21 104
21 94
21 63
22 204
22 198
22 73
22 128
22 151
22 79
22 81
22 146
22 147
22 85
22 23
22 152
22 153
22 154
22 93
22 36
22 140
22 105
22 42
22 191
22 113
22 50
22 51
22 116
22 56
22 121
22 122
22 123
22 124
22 126
22 149
23 136
23 73
23 79
23 204
23 147
23 148
23 151
23 164
23 154
23 93
23 94
23 69
23 163
23 36
23 39
23 168
23 103
23 108
23 116
23 56
23 122
23 123
23 124
23 192
24 192
24 82
24 148
24 69
24 136
24 137
24 94
25 129
25 130
25 99
25 165
25 166
25 193
25 43
25 109
25 145
25 179
25 52
25 182
25 63
26 49
26 194
26 84
26 135
26 88
26 68
26 58
26 74
27 133
27 80
27 197
27 161
27 101
27 71
27 41
27 144
27 75
27 142
27 111
27 48
27 55
27 57
27 95
28 49
28 194
28 102
28 171
28 190
29 165
29 194
29 187
29 70
29 102
29 44
29 76
29 49
29 118
29 87
29 120
29 186
29 127
29 157
29 190
29 31
30 64
30 96
30 66
30 131
30 68
30 70
30 38
30 135
30 170
30 174
30 114
30 84
30 88
30 89
30 158
30 100
31 165
31 194
31 101
31 102
31 44
31 76
31 157
31 49
31 118
31 87
31 120
31 186
31 187
31 70
31 190
31 127
32 165
32 71
32 138
32 167
32 141
32 176
32 55
32 120
32 188
32 125
32 159
33 64
33 65
33 114
33 100
33 38
33 135
33 92
33 162
33 158
33 175
34 98
34 132
34 37
34 167
34 138
34 107
34 45
34 46
34 141
34 176
34 173
34 180
34 86
34 202
34 159
34 125
34 127
35 203
35 198
35 42
35 139
35 140
35 113
35 183
35 51
35 149
35 121
35 184
35 153
35 61
35 85
35 53
36 69
36 136
36 73
36 151
36 79
36 204
36 146
36 147
36 152
36 154
36 93
36 94
36 164
36 39
36 168
36 103
36 108
36 50
36 116
36 56
36 122
36 123
36 124
36 126
37 199
37 72
37 138
37 139
37 98
37 78
37 141
37 203
37 202
37 105
37 106
37 45
37 46
37 176
37 178
37 180
37 181
37 54
37 184
37 121
37 200
37 125
37 191
38 64
38 162
38 68
38 135
38 170
38 114
38 84
38 89
38 88
38 100
38 158
39 73
39 151
39 79
39 81
39 147
39 154
39 164
39 90
39 91
39 93
39 163
39 103
39 168
39 204
39 116
39 124
40 67
40 200
40 105
40 108
40 191
40 50
40 117
40 54
40 122
40 123
40 181
41 144
41 197
41 107
41 132
41 101
41 161
41 75
41 173
41 142
41 111
41 80
41 86
41 57
41 150
41 95
42 128
42 198
42 139
42 140
42 81
42 146
42 147
42 85
42 152
42 153
42 184
42 93
42 105
42 113
42 50
42 51
42 116
42 53
42 56
42 121
42 191
42 61
42 126
42 149
43 129
43 99
43 165
43 109
43 179
43 182
43 120
43 188
43 52
44 194
44 131
44 68
44 70
44 139
44 76
44 87
44 88
44 89
44 96
44 102
44 170
44 173
44 174
44 62
44 118
44 186
44 187
44 190
44 127
45 98
45 132
45 167
45 138
45 107
45 46
45 141
45 176
45 173
45 180
45 86
45 202
45 159
45 125
45 127
46 176
46 98
46 203
46 167
46 72
46 138
46 199
46 141
46 180
46 173
46 202
46 125
46 191
47 67
47 196
47 199
47 72
47 106
47 78
47 110
47 112
47 178
47 180
47 117
47 54
47 138
47 181
48 133
48 161
48 188
48 101
48 71
48 55
48 95
48 159
48 77
49 194
49 134
49 102
49 186
49 190
50 204
50 200
50 184
50 146
50 147
50 139
50 85
50 151
50 152
50 153
50 93
50 180
50 198
50 105
50 191
50 113
50 140
50 51
50 116
50 181
50 73
50 56
50 121
50 122
50 123
50 124
50 126
50 149
51 128
51 198
51 139
51 140
51 81
51 146
51 147
51 149
51 152
51 153
51 184
51 93
51 105
51 113
51 53
51 56
51 121
51 191
51 61
51 126
51 85
52 129
52 130
52 99
52 179
52 166
52 193
52 106
52 109
52 110
52 112
52 145
52 67
52 78
52 182
52 181
52 199
52 63
53 128
53 198
53 81
53 140
53 113
53 146
53 85
53 183
53 152
53 153
53 61
53 126
53 149
54 67
54 196
54 199
54 72
54 138
54 78
54 156
54 105
54 106
54 110
54 112
54 200
54 178
54 180
54 181
54 117
54 191
55 167
55 133
55 71
55 188
55 159
55 77
55 95
56 204
56 198
56 73
56 128
56 151
56 79
56 81
56 146
56 147
56 85
56 152
56 153
56 154
56 93
56 140
56 105
56 191
56 113
56 116
56 121
56 122
56 123
56 124
56 126
56 149
57 144
57 197
57 107
57 132
57 101
57 102
57 161
57 75
57 142
57 111
57 80
57 171
57 86
57 150
57 95
58 68
58 65
58 60
58 162
59 97
59 115
59 155
59 134
59 195
60 65
60 155
61 198
61 139
61 140
61 113
61 149
61 203
61 121
61 184
61 153
61 183
61 85
62 96
62 131
62 164
62 70
62 103
62 76
62 170
62 139
62 79
62 140
62 116
62 149
62 87
62 204
62 187
62 93
63 129
63 130
63 69
63 193
63 201
63 145
63 87
63 94
63 99
63 164
63 166
63 103
63 104
63 106
63 108
63 109
63 182
63 187
64 114
64 84
64 158
64 135
64 88
64 89
64 162
64 100
65 96
65 162
65 68
65 70
65 170
65 175
65 114
65 92
65 158
66 160
66 131
66 84
66 174
66 119
66 88
66 89
66 189
67 129
67 196
67 72
67 78
67 106
67 199
67 109
67 110
67 112
67 178
67 181
67 182
67 122
67 123
67 117
68 96
68 194
68 131
68 70
68 135
68 170
68 114
68 84
68 88
68 89
69 193
69 136
69 73
69 151
69 204
69 82
69 147
69 148
69 164
69 154
69 94
69 166
69 103
69 104
69 108
69 168
69 116
69 201
69 122
69 123
69 124
69 192
70 96
70 194
70 131
70 135
70 170
70 76
70 118
70 87
70 88
70 89
70 187
70 92
71 133
71 161
71 159
71 77
71 95
72 196
72 199
72 138
72 78
72 156
72 98
72 106
72 110
72 112
72 178
72 180
72 181
72 191
72 125
72 117
73 204
73 151
73 79
73 146
73 147
73 152
73 164
73 154
73 93
73 94
73 163
73 168
73 103
73 108
73 116
73 122
73 123
73 124
73 126
74 169
74 189
75 144
75 197
75 101
75 161
75 142
75 111
75 80
75 150
75 95
76 129
76 130
76 87
76 157
76 99
76 165
76 102
76 106
76 190
76 118
76 120
76 186
76 187
76 127
77 133
77 101
77 120
77 186
77 159
77 188
77 157
77 165
78 129
78 196
78 182
78 199
78 138
78 141
78 191
78 99
78 105
78 106
78 109
78 110
78 112
78 178
78 117
78 180
78 123
78 125
78 181
79 204
79 151
79 81
79 146
79 147
79 164
79 90
79 91
79 93
79 96
79 163
79 168
79 103
79 154
79 140
79 128
79 116
79 126
79 124
80 161
80 197
80 171
80 142
80 111
80 144
80 150
81 128
81 149
81 147
81 198
81 140
81 93
81 152
81 146
81 153
81 126
81 85
82 192
82 136
82 137
82 177
82 148
82 201
82 168
82 94
83 185
83 119
84 160
84 131
84 135
84 194
84 174
84 88
84 89
84 189
85 128
85 198
85 139
85 140
85 146
85 147
85 149
85 152
85 153
85 184
85 105
85 113
85 121
85 126
85 191
86 132
86 185
86 150
86 119
86 107
86 174
86 173
87 96
87 193
87 130
87 99
87 164
87 155
87 103
87 104
87 170
87 187
87 118
87 166
88 96
88 131
88 135
88 170
88 194
88 174
88 114
88 89
89 96
89 131
89 135
89 170
89 194
89 174
90 163
90 100
90 91
90 143
90 175
91 163
91 175
91 92
92 114
92 170
92 162
92 158
92 175
93 204
93 139
93 146
93 147
93 149
93 152
93 164
93 96
93 187
93 105
93 103
93 151
93 116
93 126
93 121
93 122
93 140
93 124
94 136
94 151
94 192
94 201
94 204
94 148
94 154
94 166
94 168
94 193
94 108
94 116
94 137
94 122
94 123
94 124
95 161
95 133
95 101
95 159
96 131
96 103
96 140
96 135
96 164
96 170
96 187
97 115
97 179
97 195
98 167
98 106
98 173
98 141
98 176
98 180
98 138
98 202
98 125
98 199
98 127
99 129
99 130
99 193
99 145
99 199
99 187
99 166
99 106
99 109
99 179
99 181
99 182
99 127
100 158
100 143
101 144
101 171
101 197
101 102
101 161
101 111
101 186
101 157
101 120
102 165
102 194
102 171
102 157
102 118
102 120
102 186
102 127
102 190
103 193
103 204
103 147
103 164
103 154
103 166
103 104
103 108
103 151
103 116
103 122
103 187
103 124
104 193
104 130
104 187
104 164
104 166
104 177
104 145
104 201
104 155
105 198
105 181
105 139
105 199
105 200
105 184
105 146
105 147
105 152
105 156
105 180
105 106
105 191
105 113
105 116
105 117
105 121
105 122
105 123
105 126
105 149
106 129
106 196
106 182
106 193
106 141
106 181
106 199
106 191
106 110
106 112
106 180
106 117
106 120
106 121
106 139
106 127
106 125
107 132
107 150
107 119
107 185
107 173
108 181
108 136
108 151
108 204
108 147
108 164
108 154
108 166
108 193
108 168
108 116
108 117
108 122
108 123
108 124
108 192
109 129
109 130
109 179
109 166
109 193
109 112
109 145
109 110
109 182
110 129
110 196
110 182
110 199
110 112
110 178
110 117
110 125
110 181
111 161
111 171
111 144
111 142
111 150
111 197
112 129
112 196
112 199
112 138
112 141
112 178
112 181
112 182
112 125
112 117
113 128
113 203
113 198
113 139
113 140
113 184
113 146
113 149
113 152
113 153
113 183
113 121
113 191
113 126
114 162
114 158
114 135
115 179
115 195
116 193
116 139
116 146
116 147
116 149
116 152
116 164
116 154
116 140
116 151
116 168
116 204
116 126
116 121
116 122
116 123
116 124
116 191
117 129
117 196
117 199
117 200
117 178
117 181
117 122
117 123
117 191
118 165
118 187
118 157
118 120
118 186
118 127
118 190
119 160
119 132
119 150
119 173
119 174
120 141
120 157
120 165
120 176
120 179
120 186
120 159
120 188
120 125
120 127
121 198
121 139
121 199
121 200
121 140
121 184
121 146
121 147
121 152
121 153
121 180
121 122
121 191
121 126
121 149
122 204
122 146
122 152
122 154
122 191
122 193
122 151
122 147
122 123
122 124
122 126
122 181
123 200
123 152
123 204
123 151
123 147
123 191
123 124
123 181
124 151
124 204
124 146
124 147
124 152
124 164
124 154
124 163
124 168
124 126
125 199
125 138
125 141
125 159
125 165
125 167
125 176
125 180
125 188
125 202
125 127
126 204
126 198
126 128
126 146
126 147
126 151
126 152
126 153
126 154
126 140
126 149
127 199
127 141
127 173
127 157
127 165
127 176
127 186
127 187
127 188
128 149
128 198
128 140
128 146
128 153
128 152
129 181
129 130
129 193
129 141
129 145
129 199
129 166
129 182
130 164
130 166
130 177
130 201
130 187
130 145
130 193
130 182
130 155
131 135
131 140
131 170
131 174
132 161
132 150
132 185
132 173
133 161
133 188
133 159
134 155
134 190
135 194
135 170
135 174
136 192
136 137
136 148
136 201
137 192
137 177
137 201
138 196
138 202
138 141
138 167
138 176
138 178
138 180
139 198
139 199
139 140
139 153
139 180
139 191
139 149
140 198
140 146
140 147
140 152
140 153
140 149
141 199
141 202
141 157
141 159
141 165
141 167
141 176
141 180
141 188
142 197
142 171
142 144
142 161
143 158
144 161
144 171
144 197
145 166
145 193
145 201
145 177
145 182
146 204
146 198
146 147
146 151
146 152
146 153
146 154
146 149
147 151
147 152
147 154
147 191
147 204
147 168
147 149
148 192
148 168
148 154
149 153
149 152
149 198
149 191
150 161
150 173
150 185
151 204
151 152
151 164
151 154
151 163
151 168
152 204
152 198
152 153
152 154
152 191
153 198
154 204
154 163
154 168
156 184
156 178
156 191
156 200
157 165
157 159
157 186
157 188
157 190
158 175
158 162
159 165
159 167
159 176
159 188
160 169
160 189
160 174
161 197
163 168
163 204
164 193
164 204
164 166
164 187
165 179
165 186
165 188
166 193
166 201
166 182
166 187
167 176
167 202
168 204
168 192
169 171
169 189
170 194
170 187
171 189
171 197
172 183
174 194
174 189
176 180
176 202
177 201
178 181
178 196
178 191
178 200
178 180
179 195
179 182
180 199
180 202
180 181
180 184
180 200
180 191
181 196
181 182
181 199
181 200
181 191
182 193
182 199
184 198
184 200
184 203
184 191
186 188
186 190
187 193
189 194
190 194
191 198
191 199
191 200
193 201
196 199
