0 1
0 2
0 3
0 4
0 129
0 8
0 10
0 11
0 130
0 144
0 20
0 21
0 23
0 153
0 154
0 158
0 160
0 33
0 163
0 41
0 47
0 200
0 178
0 180
0 55
0 56
0 58
0 62
0 64
0 195
0 198
0 161
0 72
0 75
0 78
0 85
0 96
0 98
0 104
0 106
0 107
0 111
0 112
0 114
0 115
0 116
0 117
0 126
1 129
1 2
1 3
1 4
1 8
1 10
1 11
1 130
1 144
1 20
1 21
1 23
1 153
1 154
1 158
1 160
1 33
1 163
1 41
1 47
1 200
1 178
1 180
1 55
1 56
1 58
1 62
1 64
1 198
1 161
1 72
1 75
1 78
1 85
1 98
1 104
1 106
1 111
1 112
1 114
1 115
1 116
1 117
1 126
2 130
2 3
2 4
2 129
2 8
2 10
2 11
2 144
2 20
2 21
2 23
2 153
2 154
2 28
2 158
2 160
2 33
2 163
2 41
2 47
2 200
2 178
2 180
2 55
2 56
2 58
2 62
2 64
2 198
2 161
2 72
2 75
2 78
2 85
2 96
2 98
2 104
2 106
2 111
2 112
2 114
2 115
2 116
2 117
2 126
3 4
3 129
3 8
3 10
3 11
3 130
3 144
3 20
3 21
3 23
3 153
3 154
3 28
3 158
3 160
3 33
3 163
3 41
3 47
3 200
3 178
3 180
3 55
3 56
3 58
3 62
3 64
3 198
3 161
3 72
3 75
3 78
3 85
3 96
3 98
3 104
3 106
3 107
3 111
3 112
3 114
3 115
3 116
3 117
3 126
4 129
4 8
4 10
4 11
4 130
4 144
4 20
4 21
4 23
4 153
4 154
4 28
4 158
4 160
4 33
4 163
4 41
4 47
4 200
4 178
4 180
4 55
4 56
4 58
4 62
4 64
4 198
4 161
4 72
4 75
4 78
4 85
4 96
4 98
4 104
4 106
4 111
4 112
4 114
4 115
4 116
4 117
4 126
5 66
5 101
5 134
5 170
5 108
5 13
5 110
5 145
5 148
5 118
5 185
5 188
5 42
6 64
6 96
6 130
6 135
6 137
6 74
6 75
6 14
6 18
6 19
6 20
6 85
6 22
6 156
6 157
6 199
6 32
6 99
6 165
6 107
6 46
6 111
6 114
6 51
6 180
6 55
6 56
6 119
6 60
7 128
7 138
7 175
8 129
8 10
8 11
8 130
8 144
8 20
8 21
8 23
8 153
8 154
8 158
8 160
8 33
8 163
8 41
8 47
8 200
8 178
8 180
8 55
8 56
8 58
8 62
8 64
8 195
8 198
8 161
8 72
8 75
8 78
8 85
8 98
8 104
8 106
8 111
8 112
8 114
8 115
8 116
8 117
8 126
9 16
9 17
9 68
9 150
9 86
9 113
9 25
9 196
9 93
9 173
10 129
10 11
10 130
10 144
10 20
10 21
10 23
10 153
10 154
10 158
10 160
10 33
10 163
10 41
10 47
10 200
10 178
10 180
10 55
10 56
10 58
10 62
10 64
10 198
10 161
10 72
10 75
10 78
10 85
10 96
10 98
10 104
10 106
10 107
10 111
10 112
10 114
10 115
10 116
10 117
10 126
11 129
11 130
11 144
11 20
11 21
11 23
11 153
11 154
11 28
11 158
11 160
11 33
11 163
11 41
11 47
11 200
11 178
11 51
11 180
11 55
11 56
11 58
11 62
11 64
11 198
11 72
11 75
11 78
11 85
11 96
11 98
11 104
11 106
11 111
11 112
11 115
11 117
11 123
11 126
12 188
12 113
12 67
12 53
12 177
12 25
12 95
12 92
12 143
12 190
12 31
13 66
13 134
13 42
13 108
13 110
13 145
13 118
13 185
13 188
13 170
13 101
14 96
14 130
14 135
14 137
14 74
14 56
14 18
14 19
14 85
14 22
14 156
14 157
14 199
14 32
14 99
14 165
14 103
14 107
14 46
14 111
14 114
14 116
14 55
14 120
14 180
14 60
15 97
15 34
15 165
15 38
15 119
15 74
15 135
15 127
16 113
16 68
16 70
16 86
16 196
16 44
16 93
16 150
16 173
17 113
17 93
17 173
17 31
18 96
18 99
18 165
18 103
18 156
18 74
18 107
18 144
18 114
18 119
18 120
18 155
18 60
18 199
19 32
19 65
19 196
19 135
19 168
19 137
19 74
19 141
19 176
19 177
19 22
19 124
19 189
20 129
20 130
20 144
20 21
20 23
20 153
20 154
20 28
20 158
20 32
20 33
20 163
20 41
20 47
20 200
20 178
20 51
20 180
20 55
20 56
20 58
20 62
20 64
20 160
20 198
20 72
20 75
20 78
20 85
20 91
20 96
20 98
20 104
20 106
20 111
20 112
20 114
20 115
20 117
20 123
20 126
21 130
21 129
21 126
21 64
21 75
21 163
21 78
21 23
21 72
21 154
21 111
21 28
21 158
21 160
21 33
21 98
21 136
21 161
21 198
21 195
21 104
21 41
21 47
21 49
21 115
21 116
21 117
21 153
21 56
21 58
21 200
21 62
21 85
22 32
22 65
22 199
22 168
22 137
22 141
22 111
22 176
22 177
22 55
22 124
22 189
23 129
23 130
23 153
23 154
23 28
23 158
23 160
23 33
23 163
23 64
23 47
23 200
23 178
23 54
23 56
23 58
23 62
23 192
23 198
23 161
23 72
23 75
23 78
23 80
23 169
23 98
23 104
23 106
23 112
23 115
23 117
23 41
23 123
23 126
24 162
24 83
24 149
24 39
24 26
24 183
24 30
24 79
25 67
25 68
25 177
25 173
25 143
25 113
25 53
25 93
25 190
25 95
26 49
26 162
26 83
26 39
26 136
26 183
26 79
27 139
27 37
27 81
27 136
27 172
27 39
27 76
27 79
27 49
27 83
27 181
27 201
27 90
27 61
28 64
28 129
28 198
28 72
28 192
28 130
28 78
28 115
28 184
28 75
28 89
28 154
28 91
28 186
28 158
28 160
28 33
28 98
28 163
28 153
28 102
28 104
28 41
28 111
28 169
28 175
28 51
28 117
28 54
28 55
28 56
28 148
28 58
28 123
28 62
28 85
29 80
29 82
29 147
29 181
29 71
29 202
29 73
29 201
29 76
29 146
29 169
30 162
30 132
30 149
30 151
30 36
30 183
30 125
30 191
31 197
31 113
31 92
31 190
32 64
32 130
32 135
32 137
32 74
32 75
32 85
32 156
32 157
32 199
32 96
32 163
32 165
32 60
32 107
32 46
32 111
32 114
32 51
32 180
32 55
32 56
32 124
33 129
33 130
33 144
33 153
33 154
33 158
33 160
33 163
33 41
33 47
33 178
33 51
33 180
33 55
33 56
33 58
33 62
33 64
33 198
33 72
33 75
33 78
33 85
33 94
33 98
33 104
33 106
33 111
33 112
33 115
33 117
33 123
33 126
34 97
34 165
34 38
34 119
34 127
35 200
35 161
35 195
35 39
36 176
36 65
36 162
36 132
36 149
36 189
36 151
36 191
36 109
36 125
37 193
37 201
37 71
37 184
37 73
37 139
37 172
37 174
37 76
37 81
37 181
37 182
37 186
37 88
37 57
37 90
37 61
38 97
38 127
39 162
39 195
39 136
39 79
39 49
39 83
39 116
39 200
40 128
40 193
40 182
40 88
40 57
40 138
40 140
40 186
40 174
40 175
41 129
41 192
41 130
41 146
41 153
41 154
41 158
41 160
41 163
41 169
41 200
41 178
41 51
41 181
41 54
41 56
41 58
41 62
41 64
41 198
41 71
41 72
41 75
41 78
41 85
41 91
41 98
41 104
41 161
41 106
41 111
41 115
41 117
41 123
41 126
42 66
42 101
42 102
42 170
42 108
42 110
42 145
42 148
42 118
42 185
42 188
42 134
43 105
43 194
43 131
43 52
43 167
44 65
44 179
44 196
44 69
44 150
44 168
44 187
44 77
45 101
45 166
45 106
45 108
45 178
45 112
45 50
45 180
45 87
45 152
45 121
45 94
45 133
46 96
46 130
46 75
46 165
46 135
46 124
46 74
46 119
46 177
46 51
46 180
46 55
46 56
46 137
46 60
46 157
47 198
47 129
47 126
47 78
47 144
47 195
47 153
47 154
47 158
47 98
47 161
47 48
47 72
47 114
47 115
47 116
47 117
47 58
47 200
47 62
47 85
48 200
48 122
48 155
48 195
49 162
49 163
49 195
49 104
49 79
49 111
49 136
49 83
49 116
49 200
49 85
49 117
50 204
50 101
50 87
50 152
50 121
50 108
50 94
51 64
51 160
51 66
51 75
51 130
51 175
51 154
51 91
51 157
51 158
51 98
51 163
51 102
51 104
51 111
51 180
51 55
51 56
51 148
51 186
51 123
51 124
51 62
52 81
52 194
52 131
52 139
52 167
52 105
52 90
52 172
52 61
53 188
53 113
53 67
53 190
53 177
53 143
53 92
53 95
54 192
54 71
54 72
54 73
54 78
54 146
54 147
54 84
54 91
54 158
54 160
54 98
54 169
54 106
54 94
54 148
54 58
54 123
54 62
55 129
55 96
55 130
55 124
55 75
55 85
55 160
55 154
55 156
55 157
55 158
55 98
55 163
55 198
55 102
55 104
55 64
55 135
55 111
55 114
55 180
55 117
55 56
55 60
55 62
56 129
56 130
56 144
56 153
56 154
56 157
56 158
56 163
56 178
56 180
56 62
56 64
56 160
56 198
56 72
56 75
56 156
56 85
56 91
56 96
56 98
56 102
56 104
56 106
56 111
56 112
56 114
56 115
56 117
56 123
56 126
57 88
57 182
57 193
57 89
57 186
57 184
57 140
57 174
57 175
58 198
58 129
58 192
58 126
58 78
58 80
58 146
58 153
58 154
58 158
58 160
58 98
58 161
58 104
58 106
58 112
58 72
58 178
58 115
58 117
58 169
58 123
58 62
59 201
59 194
59 164
59 63
60 96
60 130
60 135
60 137
60 74
60 119
60 85
60 156
60 157
60 199
60 99
60 165
60 103
60 107
60 111
60 114
60 180
60 120
61 194
61 76
61 139
61 172
61 174
61 81
61 181
61 201
61 88
61 90
62 129
62 192
62 130
62 144
62 153
62 154
62 158
62 160
62 163
62 200
62 178
62 180
62 64
62 198
62 72
62 75
62 78
62 85
62 91
62 94
62 98
62 104
62 106
62 111
62 112
62 115
62 117
62 169
62 123
62 126
63 201
63 164
64 129
64 130
64 153
64 154
64 158
64 163
64 178
64 180
64 160
64 198
64 72
64 75
64 85
64 91
64 96
64 98
64 102
64 104
64 111
64 115
64 117
64 148
64 123
64 124
64 126
65 69
65 168
65 141
65 77
65 176
65 189
65 196
65 151
65 132
65 179
65 187
65 109
65 150
65 159
66 102
66 188
66 108
66 110
66 145
66 148
66 152
66 91
66 124
66 170
66 134
66 101
67 190
67 188
67 170
67 143
67 92
67 110
67 95
68 177
68 70
68 86
68 143
68 93
68 95
69 132
69 168
69 77
69 109
69 179
69 150
69 151
69 196
69 187
69 189
69 159
70 93
70 86
71 192
71 73
71 202
71 76
71 146
71 78
71 80
71 82
71 147
71 84
71 174
71 169
71 123
71 181
72 130
72 129
72 192
72 126
72 144
72 75
72 153
72 154
72 94
72 160
72 98
72 158
72 198
72 104
72 106
72 78
72 112
72 178
72 115
72 180
72 117
72 169
72 123
73 192
73 169
73 76
73 146
73 174
73 82
73 147
73 84
73 181
73 186
73 123
73 182
74 96
74 135
74 137
74 141
74 156
74 157
74 199
74 97
74 99
74 165
74 103
74 107
74 114
74 119
75 129
75 130
75 153
75 154
75 157
75 158
75 163
75 180
75 160
75 198
75 85
75 91
75 96
75 98
75 102
75 104
75 111
75 115
75 117
75 148
75 123
75 124
76 139
76 146
76 174
76 82
76 181
76 169
76 201
77 179
77 150
77 168
77 187
77 109
78 198
78 129
78 192
78 126
78 161
78 80
78 146
78 153
78 154
78 158
78 160
78 98
78 104
78 106
78 112
78 178
78 115
78 117
78 169
78 123
79 136
79 162
79 83
79 172
79 183
80 161
80 82
80 181
80 146
80 202
80 169
81 194
81 139
81 88
81 90
81 172
82 146
82 147
82 181
82 202
82 201
82 169
83 162
83 136
84 192
84 146
84 147
84 202
85 129
85 130
85 153
85 154
85 158
85 163
85 156
85 180
85 160
85 195
85 198
85 199
85 200
85 96
85 98
85 104
85 107
85 111
85 114
85 115
85 116
85 117
85 136
86 93
87 133
87 166
87 152
87 108
87 101
88 193
88 194
88 140
88 174
88 182
88 184
88 90
89 128
89 193
89 163
89 100
89 138
89 140
89 175
89 182
89 184
89 186
90 194
90 139
90 201
90 172
91 192
91 134
91 158
91 160
91 98
91 163
91 102
91 106
91 175
91 94
91 148
91 186
91 123
92 188
92 170
92 190
93 196
93 113
93 173
93 95
94 192
94 101
94 178
94 106
94 112
94 121
95 113
95 173
95 177
95 143
96 135
96 137
96 130
96 144
96 156
96 157
96 199
96 99
96 165
96 103
96 107
96 111
96 114
96 180
96 119
97 165
97 119
97 137
97 135
98 129
98 192
98 130
98 144
98 153
98 154
98 158
98 160
98 163
98 200
98 178
98 180
98 198
98 161
98 104
98 106
98 111
98 112
98 115
98 117
98 169
98 123
98 126
99 165
99 103
99 156
99 137
99 107
99 114
99 176
99 120
99 155
99 199
100 128
100 193
100 131
100 197
100 203
100 105
100 184
100 167
100 140
100 175
101 102
101 108
101 110
101 145
101 134
101 152
101 121
101 166
102 160
102 134
102 124
102 175
102 148
102 186
102 123
103 165
103 199
103 107
103 114
103 120
103 155
103 156
104 129
104 130
104 153
104 154
104 158
104 160
104 163
104 136
104 198
104 161
104 111
104 115
104 116
104 117
104 169
104 123
104 200
104 126
105 193
105 194
105 131
105 203
105 167
105 140
106 198
106 129
106 192
106 144
106 153
106 154
106 158
106 112
106 178
106 180
106 126
107 130
107 199
107 195
107 155
107 156
107 165
107 111
107 114
107 116
107 120
107 180
108 166
108 110
108 145
108 152
108 121
109 191
109 142
109 189
109 179
109 150
109 151
109 132
109 187
109 125
109 159
110 134
110 145
110 118
110 152
110 185
110 188
110 170
111 129
111 130
111 154
111 156
111 158
111 160
111 163
111 180
111 198
111 199
111 200
111 114
111 115
111 116
111 117
111 136
112 133
112 198
112 129
112 144
112 153
112 154
112 158
112 178
112 180
112 126
113 173
113 143
113 190
114 155
114 129
114 130
114 144
114 154
114 156
114 157
114 199
114 165
114 116
114 180
115 130
115 129
115 126
115 195
115 153
115 154
115 158
115 160
115 163
115 161
115 198
115 116
115 117
115 169
115 200
116 198
116 199
116 130
116 195
116 156
116 162
116 117
116 120
116 136
116 200
117 129
117 130
117 153
117 154
117 158
117 160
117 163
117 136
117 180
117 195
117 198
117 161
117 123
117 200
117 126
118 145
118 134
118 185
119 133
119 135
119 165
119 180
119 157
119 127
120 155
120 156
120 199
121 145
121 152
121 204
122 195
123 192
123 198
123 184
123 146
123 147
123 153
123 154
123 186
123 158
123 160
123 163
123 175
123 169
123 148
123 181
124 143
124 177
124 148
124 175
125 171
125 149
125 142
125 179
125 151
125 191
126 198
126 129
126 130
126 144
126 153
126 154
126 158
126 160
126 161
126 178
126 180
126 200
127 165
128 193
128 197
128 138
128 203
128 140
128 175
128 184
128 186
129 130
129 144
129 153
129 154
129 158
129 160
129 163
129 200
129 178
129 180
129 198
130 144
130 153
130 154
130 156
130 157
130 158
130 163
130 200
130 178
130 180
130 160
130 198
131 194
131 203
131 167
132 191
132 179
132 189
132 151
132 187
132 159
133 144
133 178
133 180
133 166
133 157
134 145
134 148
134 185
135 165
135 137
135 177
135 156
135 180
135 157
136 162
136 163
136 195
136 200
137 165
137 168
137 141
137 176
137 177
137 199
138 184
138 193
138 148
138 186
138 175
139 194
139 201
139 172
139 181
140 193
140 194
140 174
140 175
140 184
140 182
140 186
141 176
141 177
141 168
141 189
142 191
142 179
142 171
143 177
143 173
144 198
144 153
144 154
144 157
144 178
144 180
145 185
145 152
145 188
145 170
146 192
146 202
146 147
146 181
146 169
147 192
147 174
147 169
148 160
148 192
148 175
148 186
148 163
149 183
149 191
150 196
150 168
150 173
150 179
150 187
150 159
151 162
151 176
151 187
151 189
151 191
152 166
153 154
153 158
153 160
153 163
153 161
153 198
153 178
153 169
153 200
154 158
154 160
154 163
154 200
154 178
154 180
154 198
154 161
155 156
155 199
156 157
156 199
156 165
156 180
157 180
157 165
158 192
158 160
158 163
158 200
158 178
158 180
158 198
158 161
158 169
159 179
159 196
159 187
159 189
160 192
160 163
160 169
160 175
160 198
160 184
160 186
161 198
161 200
161 169
162 189
163 175
163 184
163 186
163 198
163 200
163 169
164 201
164 194
167 203
168 196
168 176
168 187
168 189
169 192
169 198
169 202
169 181
170 188
170 185
171 191
172 194
173 196
173 197
173 177
174 193
174 184
174 181
174 182
174 186
175 182
175 184
175 186
175 193
176 199
176 189
177 196
178 198
178 180
179 191
179 187
180 198
181 201
182 193
182 184
182 186
184 193
184 186
185 188
186 193
187 196
187 189
193 203
195 200
196 197
197 203
198 200
