41 586 481 339 7098 10903 3351 2401 517 3024 7325 4583 2089 2390 1286 67429 121265 39697 33038 63860 55390 67467 9372 5904 49480 29579 85249 25285 51259 77547 36537 23404 31952 21665 4421 3507 4706 8493 6105 13302 30249 20466 21187 31127 5776 14360 17842 25714 41658 131 199 5747 3455 6254 3847 3105 9196 30179 11240 18513 20410 9264 435 1477 1359 6722 14048 13098 2894 609 4678 6579 2843
51 818 674 601 5138 18840 4779 3257 942 2347 12960 8810 3608 5635 3123 24782 101784 121184 12863 52353 96201 116956 14290 6648 19495 64157 161837 7541 49909 71207 109192 20334 55057 37310 5496 1376 4663 19074 12678 6442 55728 42526 45834 26582 17942 4554 16271 52398 112406 280 220 7075 3089 16955 6165 9290 2887 71739 27680 17796 49514 29542 809 2997 3857 7185 29042 42700 6014 2396 10271 21354 9204
17 249 75 61 4034 1725 1942 123 62 1497 1453 288 341 180 89 51041 26382 3975 23427 47317 12767 3565 8096 74 31446 5678 5592 21029 10048 21059 2301 16949 9108 433 428 3036 743 1223 268 8470 6492 2048 448 6911 149 11292 4282 1574 3195 14 8 596 763 316 727 112 5202 2607 252 4075 1356 262 30 54 81 1131 932 394 133 22 311 168 66
11 200 29 26 4184 783 1089 26 87 1228 583 67 230 49 23 51125 13566 2905 30356 32739 4012 879 2826 4 31575 2241 1300 25078 3957 10106 546 7754 2110 56 638 1854 1664 1346 173 5267 2788 334 62 2073 15 11597 4281 444 923 25 11 1404 464 199 292 18 4134 485 33 2670 541 42 224 76 55 864 268 57 171 3 133 33 7
48 714 630 498 6682 15661 4206 3313 879 2780 10115 7411 3012 4219 2353 43072 131394 71575 27194 67224 81519 100695 13040 8463 36141 42673 126657 16130 56295 82240 76040 24390 42142 35744 5254 2363 6896 16012 12461 10032 45613 30007 37534 27441 12392 9456 20694 44430 76788 369 352 8530 3217 13582 5829 6211 5654 51348 22735 19768 36127 19957 1084 2802 2840 8229 21873 29252 4891 1633 7846 14369 6290
14 331 44 47 5069 1521 2934 41 121 2501 1272 170 634 65 88 56042 20034 8002 29761 66370 11522 1660 13810 8 50094 4487 3981 22061 9780 16661 1745 29982 8462 128 961 3475 1331 3114 326 15850 11462 537 159 6419 81 14225 7559 2029 1492 152 3 1836 503 356 1639 4 9900 2510 245 6658 903 52 392 159 116 3518 1103 133 327 0 920 87 104
4 42 3 3 784 70 251 0 2 235 42 2 5 2 0 10559 1248 93 5925 7304 453 0 677 0 5791 50 29 5085 435 796 29 1824 180 0 3 564 47 38 0 1315 78 5 0 172 0 1924 59 5 35 0 0 25 4 3 2 0 703 0 0 57 5 1 0 0 1 8 0 0 0 0 0 0 0
12 202 31 35 3643 676 1140 29 32 1196 794 87 344 49 55 49632 11591 1079 23475 30752 3488 720 2755 9 28698 2857 1856 21129 3574 12539 179 7695 2931 65 279 2070 422 461 65 5447 4458 430 91 2873 5 9473 4777 787 733 24 0 384 544 70 577 4 3672 1136 108 3515 599 30 57 15 42 1348 733 67 113 3 360 66 47
25 498 164 136 6637 5154 3772 430 276 3318 3740 958 1253 566 346 68370 59634 25348 34594 78077 34117 16720 14305 510 59616 19006 22706 26065 31211 41808 10545 33227 21335 2272 2501 4151 3017 6000 1677 18678 23248 5586 2399 17101 685 16458 12154 8389 12693 116 43 4702 1883 1912 2798 477 11619 10084 1516 14034 6569 1216 493 602 418 5799 4982 2014 1008 59 2087 963 539
4 30 4 2 583 46 34 1 11 84 10 2 6 1 0 10708 720 95 4030 752 57 13 13 0 2027 3 5 3629 112 186 19 85 3 0 16 29 242 27 3 71 9 2 1 5 0 879 101 4 4 1 2 86 9 5 2 0 167 0 0 21 0 0 10 2 1 4 0 0 3 0 0 0 0
61 698 1100 730 5351 21472 3092 7912 1020 1771 11980 16926 3194 7312 3840 27577 146918 88420 19402 41143 83644 198359 6801 26617 19726 41385 238271 10211 49585 83260 140740 11197 38923 117091 5218 1573 6593 16063 19885 4354 37884 47481 104860 23201 46838 5270 19794 67732 105665 322 398 6934 2726 21335 4181 13386 2280 67455 64410 15286 48145 48496 679 4031 3497 4948 28269 60232 6207 2723 9285 25365 11837
37 588 301 365 7440 7671 3977 866 453 2670 8321 2934 2135 2069 1901 57810 83947 34246 35856 80380 46136 27328 13942 1093 43353 32373 58624 25866 31671 93542 27153 26522 42031 6830 3087 3852 4827 9541 3109 11597 35610 16681 9413 28750 3564 14168 22835 15603 40281 345 72 5574 2933 5746 4582 1999 6681 47371 9577 17413 17448 5754 739 1157 1840 5617 18676 12775 2630 384 5527 8171 6485
19 446 81 90 6399 2789 3581 116 187 2977 2773 379 1046 271 203 64501 35134 15830 35614 82601 18567 4723 12845 55 57627 16633 9709 26131 16208 32055 3859 30939 15187 461 2098 4653 2139 4316 608 17214 20028 2908 590 12879 183 16385 10763 3944 6136 107 17 2829 1680 1079 3073 124 10083 6238 540 11804 4221 437 265 243 273 4668 3579 736 682 33 1477 448 269
12 178 30 36 3241 762 1079 19 49 961 752 85 173 73 43 44192 13196 3195 22192 28168 3162 615 3984 1 23405 1718 1302 18731 3718 12485 1094 7702 4485 39 474 1844 728 775 106 4330 2705 693 67 3283 33 8280 2275 346 1170 17 5 648 312 200 354 22 2973 1034 53 1744 626 74 53 27 44 536 340 114 71 5 83 64 23
21 497 94 116 7329 3276 3856 141 233 3159 3436 519 1381 325 345 65386 40297 19836 43265 93112 21189 5813 13679 86 63537 20369 13006 27453 17383 40370 5478 31172 17755 635 2008 4658 2783 5546 701 16174 25264 3469 820 13734 257 18605 16621 5671 7897 128 23 3767 2175 1437 3555 104 10045 9963 1114 14972 4578 519 465 464 360 6197 5391 1024 932 48 2757 720 658
12 225 27 39 3991 650 1414 20 51 1312 1039 72 342 66 62 54285 10669 2526 25088 36149 2818 511 4829 4 29698 4280 1563 23042 2917 15149 395 10447 5238 38 404 2372 898 791 87 5787 5417 896 72 4676 5 10103 5012 511 1001 21 2 563 534 172 624 16 4714 1691 70 3824 756 47 40 55 22 1186 840 104 113 2 344 82 55
6 190 4 11 3250 176 1874 0 18 1379 314 6 212 4 10 36655 2499 1425 20466 49945 1356 0 8440 0 29956 1492 148 16508 899 4624 77 17543 1715 0 225 3145 307 472 0 8541 3913 35 0 1145 0 9993 2644 103 88 8 0 370 180 20 949 0 4756 255 4 2045 88 0 29 17 1 1189 165 6 17 0 147 0 5
31 574 245 220 7801 7354 3935 744 472 3122 5568 1910 1677 1053 788 68843 82525 38820 43183 80996 46717 27487 13116 1060 54489 27017 42198 34179 36862 62760 22069 29572 26469 5200 4447 3822 5937 10111 3102 15315 28311 9456 5608 20031 1645 17190 18359 13054 23633 183 101 7706 3330 4635 3038 584 9683 20245 4783 16893 11376 3060 792 1249 1083 5292 9031 4815 2067 210 3263 2767 1733
1 0 0 0 0 0 0 0 0 0 0 0 0 0 0 0 0 0 0 0 0 0 0 0 0 0 0 0 0 0 0 0 0 0 0 0 0 0 0 0 0 0 0 0 0 0 0 0 0 0 0 0 0 0 0 0 0 0 0 0 0 0 0 0 0 0 0 0 0 0 0 0 0
37 645 289 377 7385 8026 4091 737 556 2561 8904 2798 2589 2308 1927 57325 77764 45612 35905 77117 41714 24480 13186 762 41847 43095 54978 24339 27326 89174 30883 22177 41201 5586 3376 3549 5110 11181 3294 9843 42412 20732 9015 26872 3045 12027 25197 17119 46189 211 162 5654 3451 6417 5173 1823 5257 49003 8343 19000 21774 7373 672 1893 1689 6000 19717 13975 3788 671 7512 9304 6148
19 352 76 95 5765 1974 2428 100 154 2175 2298 345 878 302 222 66494 28880 7066 33986 59480 11673 2897 8740 59 44901 7829 7172 28601 10364 33144 2621 20710 11872 334 1202 3865 1996 2649 346 11122 13660 2874 585 10152 133 14373 10838 2606 5146 63 8 2250 1251 713 1862 111 7054 5321 478 8922 3587 447 291 275 236 3440 2793 822 749 62 1389 564 281
10 183 21 24 3101 534 1198 15 32 1357 595 41 227 41 23 38769 8822 1034 20542 31788 3110 457 3275 3 31233 2447 812 15240 3913 8684 329 9895 2955 22 126 1783 414 433 55 7252 3078 524 27 3035 13 8903 2965 348 573 13 9 343 250 43 590 22 5725 517 17 2550 466 17 33 22 21 1153 371 52 66 1 159 26 10
27 602 181 170 7205 6159 5205 431 408 3744 4969 1217 1854 798 479 63093 65441 31814 33471 100548 45599 17578 21889 439 60221 28113 29035 23044 34116 48534 13716 45380 27638 2391 3483 4708 3709 10744 2435 19520 37869 8096 3185 21757 1140 16546 15094 12040 18653 283 75 5616 2716 3356 6457 621 11517 13628 2137 17735 11393 2047 722 752 830 8338 8340 2991 1850 169 3375 1676 754
5 127 7 3 1986 349 1233 3 25 1041 73 5 18 2 0 23919 4087 2798 12117 29285 3366 199 6113 0 21337 285 112 9339 2677 1098 165 12977 450 2 375 1496 292 850 35 7624 214 7 2 440 0 6364 245 24 51 20 1 589 63 22 6 0 4422 0 0 220 16 1 76 4 2 43 0 0 5 0 0 0 0
0 0 0 0 0 0 0 0 0 0 0 0 0 0 0 0 0 0 0 0 0 0 0 0 0 0 0 0 0 0 0 0 0 0 0 0 0 0 0 0 0 0 0 0 0 0 0 0 0 0 0 0 0 0 0 0 0 0 0 0 0 0 0 0 0 0 0 0 0 0 0 0 0
47 632 664 417 7075 14893 3648 4344 537 2888 8641 6783 2232 3282 1806 55305 152048 52679 32200 66776 76842 124974 10246 15902 44141 35623 125321 25643 63870 84790 56491 23330 38038 42963 4535 3328 5114 9538 8762 11359 34548 25340 36431 28096 7730 13545 18674 36641 60053 133 140 6643 3444 7506 4288 5171 7405 42221 20315 18435 23569 13796 653 1493 1732 7249 16905 20207 2759 982 5438 10265 4603
45 631 569 421 7712 12932 3216 2945 721 2701 8470 6257 2460 3118 1870 65545 138398 54608 37284 58298 57253 84142 8582 7149 43220 33293 105624 28216 49702 87608 55586 17788 34043 30905 5209 3215 7647 11709 8987 10445 32229 25706 28889 26330 10149 14278 25930 32777 52612 172 350 8141 3537 9422 2963 4395 6912 42242 18720 20535 25434 13274 744 2794 1785 6324 15826 19902 4171 786 6869 9693 5133
16 286 62 58 4426 1746 1947 91 94 1878 1374 217 491 161 91 57568 24184 6072 26624 46591 9625 3230 6568 41 41535 5444 3471 20553 11180 18397 2632 14826 7745 316 899 2483 1126 1656 399 9423 7909 2011 244 5543 128 11711 5984 1770 2630 46 4 1418 648 362 1089 143 7238 2226 170 5077 1919 144 197 96 88 2279 1102 391 263 2 487 171 70
6 167 1 14 2848 37 1507 0 1 1171 440 0 178 4 16 34473 601 209 17663 40353 262 0 6045 0 27768 2332 0 14256 172 6565 0 12864 2724 0 23 2419 5 27 0 7156 3516 64 0 2027 0 8395 2311 0 88 0 0 10 235 0 503 0 4007 497 0 1916 60 0 0 0 0 865 245 0 4 0 133 6 9
23 546 122 131 6922 4304 4395 208 439 3501 3884 706 1473 526 331 70110 45942 28098 35110 86985 26599 8242 17582 141 60215 20972 16421 26041 22890 40025 9180 37612 22289 932 3044 4071 4185 10821 1670 18726 28483 5544 1448 17071 525 16390 13188 6631 11675 382 80 6381 2000 3055 3867 284 11744 9769 1049 15102 7787 1184 1088 893 715 6701 5285 1745 1753 82 2277 1017 448
51 660 801 474 7158 17277 3133 5613 805 2919 9051 9178 2531 4054 1980 60640 163989 68243 32154 50345 74525 152564 7900 21144 43378 32467 152852 24231 67842 84574 78689 17275 32519 63252 6239 2677 8709 11863 14175 10640 31181 29634 51712 30163 15101 13366 21062 46039 68175 171 471 9906 3582 11625 3110 6632 7383 41430 27374 20247 30987 21071 1110 3106 1962 7786 16904 25948 4058 1462 6289 11549 4655
13 245 31 47 4693 767 1177 19 137 1387 985 92 457 100 75 62689 12471 3330 30794 34451 2729 544 2229 4 34600 3321 1456 26450 2896 16443 835 7677 3183 35 789 2344 2033 1598 135 5159 5032 829 66 3384 41 11931 7069 511 1379 51 13 1876 716 405 740 38 4132 1413 69 4312 1147 79 302 228 86 1786 896 189 386 7 491 128 59
41 639 475 345 7431 12084 3978 2328 599 3093 7892 4597 2193 2347 1388 59931 125311 53060 34744 74440 65536 74264 11995 5787 48946 34838 91853 26140 54146 78467 43510 26430 36951 21098 4217 3654 5955 12025 6973 12472 35196 19701 20346 27550 5747 15624 20162 27771 46372 226 133 7336 3206 7776 4480 2774 8879 34353 12508 19046 20239 8997 900 1743 1690 6921 15030 13292 3037 600 4890 6770 3351
2 2 0 1 7 0 1 0 0 0 2 0 0 0 0 104 0 0 10 7 0 0 0 0 0 0 0 11 0 7 0 0 1 0 0 0 0 0 0 0 0 0 0 0 0 0 0 0 0 0 0 0 0 0 0 0 0 0 0 0 0 0 0 0 0 0 0 0 0 0 0 0 0
16 392 44 76 6320 1423 3026 42 83 2710 2227 178 1032 134 206 64031 20432 6887 38788 77044 8689 1518 10519 15 58781 12610 4506 27396 8152 28737 1303 25480 11907 126 730 4334 1426 1612 171 15116 18076 1741 205 9309 41 16691 12813 2212 2499 13 3 1354 1575 276 2540 29 9195 5858 327 11189 2233 54 103 140 96 5220 3137 399 330 4 2022 264 356
22 504 61 170 7036 2064 4284 54 191 3007 4798 352 1670 354 780 64374 24062 12470 37469 95237 14824 2146 17636 16 55643 23070 8433 25509 10365 56777 3841 35379 28544 229 1045 4811 1987 5195 344 16829 31707 3591 394 20469 62 15977 18771 3028 8735 133 12 2915 2110 1028 4714 110 8818 22699 1089 16176 4366 238 425 483 458 6186 9951 1451 988 54 4532 1204 2468
21 440 88 122 6368 2766 3071 123 166 2885 3504 436 1099 431 340 68679 35167 14689 35695 69475 15840 4574 9779 52 56962 18990 10377 27152 16715 42175 4555 23920 18226 502 1477 4058 2086 3581 422 14830 19039 4945 729 16075 240 15901 12178 3669 9653 76 13 2964 1939 937 2291 273 10367 10216 610 11694 5147 595 270 312 335 4856 4735 1406 797 59 1808 986 533
23 475 102 151 6873 3162 3125 120 354 2528 3792 589 1394 604 458 76810 37524 19338 40254 70456 15436 4546 9235 34 48237 17743 11126 34488 13572 45269 7613 21490 17280 475 2126 3947 5207 6775 866 11412 22743 5691 1046 13983 420 15605 16277 4114 11279 202 58 4946 1872 2388 3056 268 7629 11639 877 12503 7331 1119 673 885 642 4633 5782 2189 1594 145 2658 1517 765
3 22 2 1 508 33 38 0 2 78 5 1 1 0 0 8307 721 61 4173 1248 55 0 20 0 2284 3 3 3730 133 105 13 105 5 0 9 86 68 12 0 134 4 0 0 1 0 1050 6 1 0 0 0 21 1 2 0 0 206 0 0 1 0 0 0 0 0 0 0 0 0 0 0 0 0
43 696 416 487 6426 11666 4293 1399 602 2625 11146 4656 2608 3547 2739 42975 91137 67498 24621 66269 63567 50259 13675 1972 35393 53304 90573 16214 40525 92358 57076 21728 51752 12886 4308 2761 4515 12285 5419 9714 42868 29968 18411 31862 6480 9581 18282 24635 74588 239 177 6663 3772 9287 4678 3889 5337 69002 15472 17980 29080 13277 734 1720 2585 5876 25174 24756 3420 1131 6493 15606 9530
32 681 240 256 8052 8022 4787 657 635 3556 7117 1915 2351 1399 989 61192 77529 53751 38348 93703 45767 26592 15898 748 57310 41261 42906 25161 36238 67816 24667 33619 35831 4441 4896 3658 6344 13739 4208 14975 41840 14462 5767 24333 1966 16215 21736 15682 32247 303 168 9055 3839 6195 5307 1412 9619 27930 4262 21582 17014 3751 1060 1810 1448 8454 13734 6967 3075 218 5380 4130 2298
44 671 477 469 6741 12373 4088 2044 572 2684 10296 5167 2520 3568 2465 47685 107800 62064 27676 65403 67502 67792 13230 4300 36786 45738 99269 19628 45766 91337 53449 22541 47758 19047 4430 2969 5000 11397 6336 10472 40113 27380 23559 30924 6728 11053 19931 28240 72507 232 128 6499 3443 8446 4275 4951 6092 60120 16311 18619 27810 13113 680 1496 2541 6122 22159 24564 3325 1105 6495 14051 8022
5 118 1 9 1881 47 1140 0 2 886 259 0 81 3 7 24676 547 0 11830 27045 600 0 5102 0 18535 827 0 10217 481 3971 0 11275 1724 0 0 1655 6 77 0 6199 1721 19 0 1457 0 5110 902 0 99 0 0 17 125 0 219 0 3268 224 0 923 42 0 1 0 0 332 75 0 6 0 38 3 2
22 468 66 165 6995 2018 3550 57 141 2896 4464 395 1532 359 729 67108 25503 9450 39993 83005 12629 2112 12622 15 57408 20770 9562 26157 10986 55605 3461 29181 25043 201 1008 4644 1844 2795 357 15931 27415 3530 504 18871 121 15909 18639 3273 7681 73 12 2256 2094 749 3261 117 8747 21121 1205 16361 3962 345 281 253 301 5890 8711 1306 871 41 4233 1250 2210
37 643 337 329 7158 9276 4275 1149 459 3045 7984 3116 2485 2116 1389 61301 91513 45782 32053 78329 52534 39161 14089 1771 48193 39000 63774 23313 40664 78552 31560 27084 38503 9261 3214 4002 4359 9430 3577 12935 42553 19649 11239 26865 3507 13663 20551 21783 41222 157 89 5428 3189 5530 5283 2221 7444 36110 8110 19569 21972 7385 605 1276 1267 7942 16445 11816 2872 580 6585 6660 3495
16 529 45 75 6498 2093 5740 26 280 3889 2784 176 1249 200 158 54374 19258 19839 31233 119323 16752 1324 28015 5 65355 20439 4956 20350 11593 26356 3082 56408 18489 51 1960 5063 2559 8952 251 24427 29785 2620 167 13030 82 16982 10724 2120 5347 401 27 5034 1689 1239 5660 49 13282 5055 172 12958 4206 262 905 516 365 6955 3574 484 952 26 1722 345 177
30 460 191 244 6678 4443 2753 406 274 2532 5499 1412 1425 1306 936 70154 59619 14417 37431 60859 22635 11469 7723 351 46244 20747 26757 30534 21892 70589 10857 20802 25311 2243 2111 3658 3260 4481 1357 12177 22096 11523 4047 24732 1125 14454 14915 7402 22794 88 54 3085 2616 2537 2569 1025 8631 23696 2799 14565 10146 3312 259 620 859 4318 9791 6023 1517 367 2969 4001 2112
0 0 0 0 0 0 0 0 0 0 0 0 0 0 0 0 0 0 0 0 0 0 0 0 0 0 0 0 0 0 0 0 0 0 0 0 0 0 0 0 0 0 0 0 0 0 0 0 0 0 0 0 0 0 0 0 0 0 0 0 0 0 0 0 0 0 0 0 0 0 0 0 0
30 517 222 213 7639 6012 2879 618 347 2762 5129 1615 1579 1132 695 77732 77301 29589 44609 63681 27914 20969 8104 793 55886 24073 32675 34676 28023 62585 15997 17996 22640 3731 3355 3514 4610 5835 2234 10527 21996 10919 5014 18982 1457 18686 20249 10350 21832 115 80 5224 2772 3055 2438 1038 8259 17630 3099 14449 11674 3046 642 829 819 6068 7820 4898 1710 247 3373 2780 1302
2 32 0 1 699 0 103 0 0 146 14 0 9 0 0 11125 0 0 4752 3311 0 0 92 0 3929 34 0 4273 0 260 0 421 28 0 0 303 0 0 0 429 55 0 0 23 0 1552 178 0 0 0 0 0 6 0 10 0 313 0 0 71 0 0 0 0 0 26 0 0 0 0 0 0 0
2 2 0 1 7 0 1 0 0 0 2 0 0 0 0 104 0 0 10 7 0 0 0 0 0 0 0 11 0 7 0 0 1 0 0 0 0 0 0 0 0 0 0 0 0 0 0 0 0 0 0 0 0 0 0 0 0 0 0 0 0 0 0 0 0 0 0 0 0 0 0 0 0
9 191 19 17 3301 572 1418 11 30 1504 494 39 201 22 12 40905 9344 2330 20896 34186 3164 379 5725 0 31980 1824 849 16350 3874 7133 311 15425 3090 21 311 2200 611 491 55 8915 3793 324 19 2967 8 10341 2315 397 412 6 3 506 246 65 397 5 6383 316 21 2459 394 22 48 8 8 1065 221 15 57 0 91 12 3
29 586 169 237 6821 5410 4762 349 315 2963 6546 1193 1911 1130 982 59636 55925 28070 31278 93356 38267 13582 19314 306 47922 36062 27119 25452 26053 67394 13631 35737 37456 1941 2240 4227 2586 7721 1569 14368 38888 11273 3139 22436 780 14708 15866 9882 26786 163 56 3826 2994 2719 5339 829 8478 29145 2751 16471 12118 2157 462 658 936 6627 12646 5171 1797 300 4233 3949 2428
0 0 0 0 0 0 0 0 0 0 0 0 0 0 0 0 0 0 0 0 0 0 0 0 0 0 0 0 0 0 0 0 0 0 0 0 0 0 0 0 0 0 0 0 0 0 0 0 0 0 0 0 0 0 0 0 0 0 0 0 0 0 0 0 0 0 0 0 0 0 0 0 0
33 524 236 292 7304 6087 2894 546 438 2572 6457 1975 1674 1728 1207 70802 72771 28697 41850 62104 28599 17581 7250 413 46504 24901 35786 34116 26832 79093 21076 18706 26962 3553 3699 3278 5141 7230 2689 10501 24225 14435 6022 23550 2161 15629 18440 9629 31402 174 112 5736 3182 4796 2622 1600 7829 29275 4231 15204 14763 4950 664 1036 1389 4827 11611 8863 2296 478 3421 5740 2909
8 107 17 11 1785 335 760 14 16 695 224 23 79 14 5 23609 5578 398 11976 19409 2174 350 2430 4 16058 308 435 9958 2106 3939 86 6242 1260 15 17 1102 129 278 26 3887 944 109 21 1285 0 5204 934 160 191 7 2 117 38 16 325 3 2537 104 8 625 124 7 4 9 8 362 68 5 22 1 23 6 0
29 495 202 204 6543 5279 3321 541 313 2908 4959 1415 1498 1001 697 72902 62869 20218 33257 66936 30883 17130 10846 638 50861 21292 29391 27465 28539 57212 12293 26411 24817 3221 2629 3864 3318 5912 1828 15234 24432 9177 4257 22636 1037 14772 13774 9410 19146 94 82 4355 2549 2653 3378 815 9668 17926 2918 14228 10021 2359 356 709 733 5477 8505 4214 1573 217 2885 2655 1420
9 198 19 17 3476 588 1178 15 41 1461 322 39 296 10 20 43431 9004 2894 23852 32006 2853 500 3185 4 36047 781 663 17142 3749 5285 252 9695 1127 28 372 1857 432 676 91 7273 3230 33 18 1012 0 10082 4463 675 172 8 9 513 109 75 761 0 5990 331 40 2254 170 1 37 35 2 2043 221 20 22 0 309 0 15
33 596 271 257 7288 7659 4301 844 511 3290 6603 2219 1894 1431 962 61680 82859 32830 36836 83490 49886 28964 14629 1156 51844 32557 47647 27302 39384 68628 22043 33374 33031 6013 3579 3405 4842 11791 3762 16084 33498 13964 7395 25475 2255 15207 16555 14555 30591 387 90 7420 3212 5373 4326 1275 10285 25908 5237 17933 15170 4051 991 1157 1623 6543 11461 6921 2499 384 3791 4115 2118
34 637 247 314 7809 7336 4151 677 467 3146 7917 2131 2417 1611 1565 62303 75206 40614 38890 84599 40647 24706 11683 838 51976 41045 43141 23199 31911 81896 25707 26702 36764 4800 3542 4202 5005 9463 3229 14037 40135 16910 6170 28082 2251 13853 24132 14616 32305 197 136 6004 3787 4720 4790 1865 7399 41523 6329 21659 18070 3299 617 1314 1163 7464 17958 9532 2796 134 6598 5989 5169
1 3 0 0 7 0 2 0 0 1 0 0 0 0 0 104 0 0 10 14 0 0 0 0 0 0 0 11 0 0 0 1 0 0 0 0 0 0 0 0 0 0 0 0 0 0 0 0 0 0 0 0 0 0 0 0 0 0 0 0 0 0 0 0 0 0 0 0 0 0 0 0 0
20 404 71 119 6504 2145 3012 85 121 2199 3355 344 967 335 376 66114 30532 10444 40944 74430 14339 3029 10792 42 47608 17869 8479 32471 10630 44427 3237 20318 18243 291 1104 3751 1677 2711 300 10183 17641 3881 561 12200 103 17842 13506 2555 7574 73 0 1929 2093 653 2074 134 6632 10985 653 9928 3662 375 323 137 342 3224 4803 1023 609 36 1677 896 731
7 181 5 16 3476 172 1176 0 31 1356 436 5 208 15 15 41839 2614 1148 24841 34149 943 0 2924 0 33717 2131 114 18316 820 6895 71 9376 1751 0 171 2115 564 553 0 6985 2871 148 0 1903 0 10249 3174 29 304 13 0 556 294 30 456 0 5499 357 0 2385 212 5 82 16 16 1154 239 10 77 0 130 15 5
55 728 828 657 5464 18936 3706 4584 852 2082 12246 11948 3213 6236 3467 30886 126036 92932 18651 46861 84709 134807 9818 10861 23006 49003 190724 10082 50401 81505 119281 15630 46764 59969 5191 1543 4985 15158 13076 6069 43127 44492 65472 26192 28846 5993 18806 55493 104885 264 271 6315 3163 16626 4919 9514 3047 70407 43442 16910 46059 38182 606 3045 3156 5699 27317 48340 5395 2811 9195 22985 10633
32 459 286 210 7055 6500 2447 1109 322 2355 4665 2048 1210 1157 646 78105 89108 24162 41615 55858 29715 31768 6588 2131 47816 18102 38482 35474 29562 63231 17048 15474 20690 7518 2969 3139 4119 4700 3032 9260 17384 11404 6924 17599 1995 17132 15435 10330 19219 78 67 4438 2248 3141 1606 1677 7926 16182 3959 12386 9802 2825 615 665 678 3895 6389 5001 1278 212 2186 2549 1169
0 0 0 0 0 0 0 0 0 0 0 0 0 0 0 0 0 0 0 0 0 0 0 0 0 0 0 0 0 0 0 0 0 0 0 0 0 0 0 0 0 0 0 0 0 0 0 0 0 0 0 0 0 0 0 0 0 0 0 0 0 0 0 0 0 0 0 0 0 0 0 0 0
21 427 81 129 6361 2482 3435 104 147 2302 3604 421 1080 385 420 68391 32031 12064 35654 78448 18226 3905 13850 42 45637 18561 10339 31572 12475 44973 3914 25198 21160 413 1142 4009 1922 3380 382 11481 20954 4118 745 12691 144 16477 13406 3126 8993 72 7 2156 2032 820 2418 133 7136 12229 822 11056 4352 486 248 238 330 3583 5309 1248 764 36 1989 1087 829
23 384 106 147 6536 2563 2142 145 271 2077 3079 599 1132 593 434 74054 39277 9114 42238 55935 11323 4278 5272 59 45562 9589 10054 34813 11771 46639 5078 15134 12102 576 1765 3515 3545 4070 782 9618 15081 4569 1207 11783 369 14808 15101 3480 9288 141 81 3297 1607 1550 2133 305 5912 9513 868 10543 5695 1133 415 692 430 3735 4524 2068 1302 124 2259 1420 726
0 0 0 0 0 0 0 0 0 0 0 0 0 0 0 0 0 0 0 0 0 0 0 0 0 0 0 0 0 0 0 0 0 0 0 0 0 0 0 0 0 0 0 0 0 0 0 0 0 0 0 0 0 0 0 0 0 0 0 0 0 0 0 0 0 0 0 0 0 0 0 0 0
3 86 0 3 1455 0 844 0 0 627 98 0 37 0 1 18296 0 0 9007 20635 0 0 4464 0 13814 428 0 8044 0 1328 0 8325 768 0 0 1102 0 0 0 4238 776 0 0 480 0 4212 543 0 0 0 0 0 25 0 72 0 2225 36 0 446 0 0 0 0 0 164 13 0 0 0 8 0 0
52 793 695 631 5147 18631 4504 3132 861 2192 13020 9751 3535 5852 3365 24596 104590 113185 14363 51963 93595 108760 13479 5385 19807 61205 171447 7390 47960 73575 116786 18652 54186 37575 5252 1275 4641 16774 11598 5971 53179 42997 48130 25642 23546 4138 17224 54192 112548 312 202 6400 3181 16559 5673 8648 2584 74029 33524 17336 48324 32973 691 2507 3778 6536 30257 45687 5495 2518 10160 22641 10098
31 648 218 247 7603 7201 4469 501 463 3526 6861 1737 2226 1345 912 62922 70876 48210 37654 87092 40854 19926 14684 462 56906 39109 39763 24166 34048 66161 22227 32166 33904 3118 3902 3892 4664 10389 2616 16241 39463 13778 4962 26811 1742 15225 19684 13811 30320 184 114 6136 3490 4501 4546 982 10026 26139 3807 21437 17085 3931 617 1141 1080 8057 12653 6225 2606 414 4884 3892 1930
9 187 8 28 3529 215 1304 1 12 1084 653 14 302 25 44 43403 3638 540 25319 36071 1312 34 4186 0 26924 2297 310 19871 1203 10602 39 9424 2857 0 67 2074 80 262 5 4717 4079 215 5 2311 0 10207 5085 146 396 4 0 107 364 17 957 1 3551 881 9 2693 334 6 3 10 17 1176 644 35 25 0 310 30 40
0 0 0 0 0 0 0 0 0 0 0 0 0 0 0 0 0 0 0 0 0 0 0 0 0 0 0 0 0 0 0 0 0 0 0 0 0 0 0 0 0 0 0 0 0 0 0 0 0 0 0 0 0 0 0 0 0 0 0 0 0 0 0 0 0 0 0 0 0 0 0 0 0
44 638 437 509 6432 10503 3495 1442 402 2169 11283 5100 2422 3828 2874 45982 94135 53069 26905 58210 50668 43196 9493 1987 30877 52553 95700 20848 30997 104185 49968 16023 47742 13554 3415 2631 3279 7243 3434 7029 37156 36544 20078 32648 7952 10243 18303 22574 71899 93 51 3360 4181 6673 3645 3988 4337 71546 17376 16540 28510 15248 255 1062 1917 4606 25545 27404 2583 1541 6289 16719 9904
25 522 66 234 7209 2185 3971 53 156 2886 6419 351 1806 657 1239 62544 24175 12737 39057 89782 14756 2175 13650 12 53218 32100 7925 25278 10583 74932 4669 29809 35371 178 1129 4532 1815 3569 287 14864 32988 6717 461 25806 108 14997 20720 2472 15303 91 5 2516 3144 926 4219 301 7703 36276 784 17777 6895 495 278 314 576 6013 14725 2670 1156 71 4940 3238 4332
22 459 115 116 6442 3643 3579 226 252 2897 3398 601 1047 420 293 68038 45585 18126 35473 76742 24847 8608 13765 182 53918 18863 15044 28501 20760 39741 5974 29764 18379 1023 1910 4125 2844 6039 1122 16038 20396 4441 1323 15609 263 15928 10600 4840 9839 193 37 3613 2036 1667 2556 197 10090 8972 958 11563 5222 768 462 347 519 4184 4162 1265 927 67 1505 866 403
46 858 616 419 6303 18654 5946 3319 1223 3385 10412 6928 3549 3291 1642 39876 114483 119581 19622 76715 111190 123565 19804 8574 35922 56527 146077 12995 64034 63451 84475 33288 48750 35188 6212 2610 7461 28349 15306 12912 62719 29548 33483 27888 12709 8334 17874 52125 69379 541 642 12677 3197 16718 7740 4562 6651 41630 18993 23536 37660 16512 1562 5025 2790 10533 20179 19723 7022 1024 9041 8889 3528
5 117 3 7 1751 106 1362 0 0 829 216 3 73 3 4 22119 1556 0 10690 31471 1332 0 8286 0 17333 804 106 8479 804 3061 0 13518 1968 0 0 1454 0 0 0 5514 1580 13 0 1021 0 5300 704 53 86 0 0 0 79 0 284 0 2939 134 1 821 20 0 0 0 0 335 71 3 0 0 25 0 1
31 537 165 300 7168 4351 3810 331 202 2785 7617 1240 1869 1312 1612 61408 50273 19357 35946 81773 27468 10495 12797 316 47778 32623 28220 24883 20061 89163 10312 27958 41232 1800 1760 4345 2179 4599 869 13700 32761 13275 3430 30879 452 14096 20171 7096 26582 94 19 2893 3300 1973 4026 974 7284 44366 3762 17891 11860 2170 258 388 919 5655 17569 6826 1264 245 4920 5706 5784
35 575 222 373 7364 5773 3551 460 287 2586 9031 1986 2086 1974 2125 56244 64680 28520 37501 76177 30336 14681 9738 388 43817 41005 40001 24055 22330 100338 19380 22469 42908 3074 2303 3872 3313 5614 1356 10693 33398 19685 5410 32370 1776 13511 22277 10239 38795 97 50 3652 3973 3447 4142 1610 5987 56758 6248 17974 16954 4479 320 698 1323 5479 21647 11778 1799 412 5234 9383 7802
8 208 6 22 3913 208 1372 0 16 1597 538 15 339 6 35 45020 3378 878 26845 40310 1059 0 3573 0 39676 2439 308 18425 1429 8258 71 10964 1929 0 197 2560 277 293 0 8304 4443 20 0 2007 0 11770 5315 271 159 2 0 248 331 48 938 0 6419 747 20 3267 49 0 19 16 7 2095 558 15 9 0 374 0 35
6 90 2 13 2066 23 473 0 2 476 283 1 70 6 13 28033 573 0 16098 15640 73 0 1115 0 13293 701 19 13313 68 5550 0 2880 1292 0 0 1332 77 6 0 2003 874 88 0 1171 0 4562 1495 2 35 0 0 17 142 0 60 0 1373 344 0 762 34 0 0 1 0 181 90 3 6 0 47 6 6
21 431 98 112 6513 3061 2912 157 232 2600 2975 486 1060 419 268 74144 39573 16548 37639 66020 17711 5880 9850 91 52652 14903 10920 30961 16233 37049 5349 21860 14121 628 2490 3829 2741 4689 815 13141 17459 4012 973 12199 241 15992 12241 3745 8648 68 25 3852 1944 1405 2062 233 8468 6751 638 10954 5608 726 359 390 420 4022 3789 1216 913 86 1594 821 332
23 541 128 125 7718 4337 4273 249 371 3295 3859 743 1482 455 324 68197 52886 26108 43004 98370 27524 9724 16039 189 62215 23470 19222 31224 21316 43144 7740 33477 21072 1181 2905 4517 4756 8188 1569 16281 29420 5264 1676 15094 494 18762 15830 7166 10190 216 50 5428 2676 2406 3685 186 10331 9858 1286 16004 6861 971 775 760 594 6549 5464 1370 1552 74 2589 944 484
26 594 139 186 7522 4898 4755 184 401 3401 5376 999 1887 786 631 64537 52226 31416 37575 98140 33218 7612 18846 73 57382 32189 23548 26462 23930 54510 13279 37129 28872 887 3105 4671 4435 9539 1290 16733 36402 7826 1857 21881 1057 16529 18143 8648 18509 197 95 5370 2968 3343 5225 309 10239 18287 2025 18642 10494 1934 548 966 824 7053 9628 3318 1950 142 3884 2111 1237
1 0 0 0 0 0 0 0 0 0 0 0 0 0 0 0 0 0 0 0 0 0 0 0 0 0 0 0 0 0 0 0 0 0 0 0 0 0 0 0 0 0 0 0 0 0 0 0 0 0 0 0 0 0 0 0 0 0 0 0 0 0 0 0 0 0 0 0 0 0 0 0 0
55 694 840 645 6126 18745 3204 5313 936 2271 11359 11151 2750 6279 3492 35645 138181 86049 24158 44389 80827 155984 7160 16194 26863 42415 168969 14544 57138 89895 113899 14049 37890 66211 5828 1899 7843 13898 16295 7090 32839 41665 65826 26190 22510 7305 21097 46468 103055 270 587 9030 3413 16141 3511 13252 4049 68116 37150 17336 40028 31456 1034 3560 3142 5436 23994 51376 5149 1984 7134 23663 11433
0 0 0 0 0 0 0 0 0 0 0 0 0 0 0 0 0 0 0 0 0 0 0 0 0 0 0 0 0 0 0 0 0 0 0 0 0 0 0 0 0 0 0 0 0 0 0 0 0 0 0 0 0 0 0 0 0 0 0 0 0 0 0 0 0 0 0 0 0 0 0 0 0
27 438 165 186 6836 4059 2317 336 380 2327 3889 1092 1340 933 564 81938 54031 16941 39883 52857 18205 10121 5808 267 46558 14348 18156 35151 18690 51545 10458 15997 15530 1700 2763 3472 5711 5154 1780 10928 17505 7593 2842 14866 958 14609 16887 6008 14920 104 101 5013 1834 2756 1820 754 7456 12400 1700 12757 8909 2232 483 1025 624 4105 5625 3728 1987 239 2653 2206 924
3 82 0 3 1161 0 1006 0 0 582 98 0 33 0 1 14667 0 0 6583 23247 0 0 6197 0 11964 80 0 5484 0 1554 0 10056 959 0 0 1164 0 0 0 3929 669 0 0 612 0 3642 235 0 0 0 0 0 15 0 192 0 1900 25 0 268 0 0 0 0 0 142 24 0 0 0 3 0 0
18 321 68 85 5305 1716 2122 74 135 1830 1977 326 747 214 202 66279 26328 5121 33870 52537 9576 2204 6363 23 38739 6778 6156 30337 8181 27909 2378 16193 9318 255 1339 3260 1690 2363 404 9418 11261 1978 452 7865 202 12520 9336 2408 3543 88 5 1929 1044 621 1690 56 5280 4762 504 7201 2348 277 232 189 224 2735 2518 602 518 18 1151 380 291
31 510 221 244 7503 5878 2845 577 447 2507 5574 1672 1477 1334 912 76749 74188 29210 43616 61922 27319 19120 7926 599 46028 21878 31659 38693 24401 70317 18044 18716 23735 3681 4199 3349 5700 7948 3124 10122 21462 11359 4976 20788 1652 16645 17394 8687 24896 190 145 6092 2915 4296 2253 1422 7758 22655 3321 14077 11661 3201 753 918 1322 4173 9231 6529 1950 267 2812 3791 2026
13 294 38 40 4616 1307 2741 39 60 2024 1323 109 389 83 55 49063 18517 6101 27874 67548 10765 1752 12295 16 41272 7619 3093 21687 8193 16586 1059 26318 9139 80 838 3727 864 1532 154 12353 9100 1097 140 6640 20 12805 4553 992 2121 21 4 1029 856 193 1157 26 7609 1997 95 5038 1056 80 57 51 51 1637 900 125 148 9 328 83 41
2 21 0 1 542 0 37 0 0 75 17 0 2 0 0 8665 0 0 4649 1224 0 0 8 0 2071 49 0 4143 0 367 0 154 28 0 0 93 0 0 0 63 9 0 0 48 0 1156 64 0 0 0 0 0 11 0 0 0 174 0 0 25 0 0 0 0 0 1 0 0 0 0 0 0 0
48 667 577 551 5984 14132 3943 2685 523 2490 11295 6961 2438 4565 3085 40153 109629 66490 21924 59615 76434 85734 11751 5798 31956 46113 126613 14879 49606 93555 73668 20150 51134 28259 3987 2700 3639 10549 6696 9412 38342 34426 34724 32574 10651 8646 16568 31682 87893 211 103 5501 3524 8796 4220 6391 5058 71436 24036 17127 31210 19516 528 1354 2420 5583 24247 33535 3129 1706 5799 19301 10663
2 23 0 1 549 0 43 0 0 84 19 0 2 0 0 9492 0 0 4319 1340 0 0 16 0 2217 65 0 3857 0 423 0 156 29 0 0 134 0 0 0 91 14 0 0 58 0 1186 32 0 0 0 0 0 19 0 0 0 185 0 0 24 0 0 0 0 0 1 0 0 0 0 0 0 0
36 624 286 344 7689 7729 4070 858 451 2900 8407 2539 2401 2072 1671 57741 83039 37217 37661 80714 42809 28357 13375 1130 46451 39523 53647 25318 32031 89291 23239 26685 39952 6286 3648 3388 5157 8959 2945 11924 40782 18664 9104 29026 2247 13863 22571 16349 42648 184 129 5804 4034 4885 4790 2118 7048 43627 6941 20161 19826 5552 555 1337 1638 6684 18487 12092 2805 530 6675 7755 5150
24 469 89 187 6534 2724 3281 90 203 2549 4923 503 1367 682 749 69925 32006 14729 36753 70241 16357 3532 11160 18 47137 23435 10948 30084 13757 61149 5630 24049 24500 327 1737 3788 1902 4393 557 12217 24385 6319 821 19829 281 14980 14222 3256 14570 107 18 2816 2798 1439 2807 343 7900 20842 890 12993 7021 925 339 276 744 4277 9259 2623 1120 127 2674 2434 1837
16 310 53 67 5390 1485 2010 58 159 1920 1569 200 639 168 134 64922 23080 5761 35257 51214 7972 1896 6148 20 42136 5286 3866 29165 7522 23505 1806 16050 7276 161 1328 3154 2005 2969 362 9873 9095 1361 300 6363 55 13549 8399 1540 3097 92 21 2455 975 609 1327 52 5970 3094 247 6396 2010 185 353 238 174 2679 1563 347 542 27 837 278 148
2 17 0 1 387 0 43 0 0 51 11 0 3 0 0 6579 0 0 3347 1299 0 0 47 0 1310 0 0 2325 0 195 0 148 30 0 0 105 0 0 0 79 13 0 0 25 0 523 86 0 0 0 0 0 0 0 0 0 91 0 0 20 0 0 0 0 0 3 0 0 0 0 0 0 0
19 369 73 98 5683 2004 2861 114 107 1974 2676 306 874 287 262 65572 27794 8238 34397 67210 13133 3731 11132 85 40643 12640 7303 29061 8906 35134 2126 21311 15377 371 878 3394 1724 2163 365 9164 16133 3342 574 10640 52 14603 10803 2560 5564 58 9 1450 1350 413 2288 168 6391 7484 499 8406 3224 257 168 136 185 2897 3483 787 557 48 1447 617 418
5 68 6 4 1510 150 219 2 11 235 62 5 19 2 1 22670 2844 797 12787 7398 444 73 295 0 7185 170 63 10198 477 1218 56 788 147 1 142 426 262 129 9 502 132 8 2 113 0 2348 397 23 48 0 0 131 50 12 12 0 404 13 1 145 5 0 9 3 1 28 7 1 5 0 3 0 0
5 115 5 5 1892 201 943 0 11 827 139 6 49 3 1 24399 3121 1205 12193 24497 1449 0 3393 0 18953 679 160 9969 1350 2053 117 8049 833 0 115 1361 110 285 0 4729 783 18 0 784 1 5680 566 30 50 7 0 202 62 18 204 0 3104 30 1 486 81 2 8 2 0 235 6 1 11 0 2 0 0
7 120 7 14 1962 125 978 2 9 649 367 7 105 15 11 26527 2161 396 12971 24597 412 45 4738 0 14534 645 101 10934 413 5931 24 7972 2731 1 52 1374 81 170 5 3484 1927 275 3 1965 0 4803 1171 35 133 5 0 63 65 12 309 3 1938 280 1 879 161 3 5 2 5 282 154 11 19 0 45 10 3
0 0 0 0 0 0 0 0 0 0 0 0 0 0 0 0 0 0 0 0 0 0 0 0 0 0 0 0 0 0 0 0 0 0 0 0 0 0 0 0 0 0 0 0 0 0 0 0 0 0 0 0 0 0 0 0 0 0 0 0 0 0 0 0 0 0 0 0 0 0 0 0 0
33 581 297 231 7018 8204 3943 1078 562 3428 5564 2301 1850 1371 706 70709 86423 37020 32949 74656 47882 36413 13201 1744 56412 22996 45930 23854 43617 57152 23412 32372 28071 7776 4732 3823 5222 11329 4742 17659 29748 12442 8255 24968 2463 15345 15671 16164 26887 196 225 7634 2625 5034 4377 1557 11020 17485 4235 16867 15011 4103 846 1658 1059 7459 8825 6205 2596 353 3500 3088 1141
0 0 0 0 0 0 0 0 0 0 0 0 0 0 0 0 0 0 0 0 0 0 0 0 0 0 0 0 0 0 0 0 0 0 0 0 0 0 0 0 0 0 0 0 0 0 0 0 0 0 0 0 0 0 0 0 0 0 0 0 0 0 0 0 0 0 0 0 0 0 0 0 0
23 453 139 114 6098 4231 3571 340 181 2720 3291 728 1041 443 260 66454 51923 20882 32460 78039 28461 12483 13789 415 52201 17682 17536 27044 23116 38185 7617 27491 19337 1524 1878 4027 1840 4202 1196 13823 20534 5505 1705 14750 491 15779 10239 6189 9397 118 27 2381 1685 1194 2896 387 9513 7834 1044 10383 5754 809 245 208 279 4360 3997 1388 635 54 1481 692 346
12 182 25 41 3042 660 1399 11 25 1019 894 64 199 89 56 40581 10062 2694 19380 34694 4413 421 6182 2 22978 1909 1050 17123 3498 14423 898 10946 5859 13 291 2059 376 536 28 5392 3443 849 42 4134 21 7798 2446 265 1474 10 1 369 241 110 559 23 3343 1381 29 1900 742 74 19 16 30 635 522 147 47 13 117 98 33
26 404 150 175 6642 3531 2404 345 206 2025 4107 882 1025 801 572 74095 50679 13886 40947 57216 17820 10047 7306 351 41795 15862 17709 36242 15201 58005 7223 16350 20051 1726 1805 3337 3065 3604 969 8392 15399 8438 2252 15344 550 16652 15293 4219 13944 69 29 2968 1884 1562 1544 827 6673 14822 1427 10304 6613 1288 388 380 501 3016 5609 3273 1065 113 1883 2058 1085
1 6 0 0 87 0 12 0 0 3 0 0 0 0 0 1375 0 0 1037 334 0 0 9 0 59 0 0 808 0 0 0 10 0 0 0 7 0 0 0 1 0 0 0 0 0 14 0 0 0 0 0 0 0 0 0 0 0 0 0 0 0 0 0 0 0 0 0 0 0 0 0 0 0
5 167 3 7 2619 133 1864 0 6 1300 259 3 132 3 4 27801 1961 679 15644 47420 1253 0 9370 0 28037 1827 102 11754 906 3120 17 18533 1487 0 80 2866 38 216 0 8584 3118 47 0 1257 0 8934 1578 61 66 3 0 69 220 8 688 0 4826 119 1 1494 67 0 3 2 0 734 101 3 6 0 51 0 1
4 66 2 4 1246 30 424 0 0 428 122 1 23 2 1 17476 669 17 8378 11167 73 0 1331 0 10292 303 22 7434 113 1926 1 3441 775 0 11 667 0 0 0 2328 376 53 0 716 0 3366 335 3 9 0 0 0 60 0 24 0 1450 30 0 331 21 0 0 0 0 62 13 1 0 0 3 0 0
32 542 293 203 7367 7884 3574 1103 437 2992 4828 2209 1608 1063 585 75894 94601 35043 39558 72168 45222 37286 12319 1958 54353 20943 44227 31963 39675 56249 21121 26516 23547 7782 3322 3931 5015 9401 4079 13830 26004 9558 7611 18694 2414 17661 17777 15642 20677 203 95 6103 2284 3978 3107 980 9566 14815 4326 14628 11382 3145 728 974 878 6098 7037 4351 1942 238 3107 2166 989
0 0 0 0 0 0 0 0 0 0 0 0 0 0 0 0 0 0 0 0 0 0 0 0 0 0 0 0 0 0 0 0 0 0 0 0 0 0 0 0 0 0 0 0 0 0 0 0 0 0 0 0 0 0 0 0 0 0 0 0 0 0 0 0 0 0 0 0 0 0 0 0 0
32 544 269 227 7455 7348 3256 844 384 3063 5516 2167 1616 1204 745 76756 87956 36349 39753 67646 37842 28422 8818 1205 54973 23708 44971 32277 37260 63444 23119 22173 25095 6028 3862 4277 4989 7533 2476 13983 24438 11909 6489 22948 2582 16856 17271 13816 23936 115 143 6154 2714 3810 2899 1111 9969 19329 4860 15879 12057 3742 558 1106 767 5798 8348 5417 1826 281 3167 2826 1419
61 712 1077 753 4787 22631 3292 7801 944 1834 12209 16090 2996 7960 4139 26865 130255 102708 14910 35544 97171 216080 8598 27578 18412 40910 232068 8357 54080 74121 154545 12398 40876 110787 5413 1327 5911 15927 19242 5161 35088 44869 101748 23348 41770 4151 16273 66747 126773 304 519 7298 2934 18600 3925 18824 2344 73500 58698 14484 44560 47734 687 3651 3704 4728 27092 69508 5291 2603 8044 29282 13323
9 150 20 16 2611 509 1191 14 8 975 435 41 120 16 13 34042 8264 1227 18245 29463 3886 464 4752 2 20842 1609 1022 15621 2970 6609 263 10769 2568 24 181 1890 196 149 15 6048 2329 196 26 2347 9 6721 1523 280 313 0 0 154 307 20 298 2 3306 354 25 1447 164 9 1 6 2 440 211 17 7 0 55 6 6
12 285 15 51 4657 495 2183 0 26 1852 1484 42 552 66 112 55401 7237 3001 27626 55184 2707 0 8001 0 40002 7399 917 23498 2658 20826 446 17640 8177 0 338 3479 352 591 0 9921 9810 850 0 6694 10 12830 6712 383 1306 9 0 456 970 89 1355 0 6198 3224 45 5964 980 41 38 11 45 2262 1655 121 104 2 761 131 145
21 485 128 82 6679 4584 4219 332 266 3234 2654 596 965 244 158 67640 54076 29172 36849 87841 34824 14233 18033 420 58449 16213 16155 28218 26427 28352 7118 38553 16511 1524 3102 4425 3331 7416 1546 18704 19993 3186 1140 12693 323 17352 9639 6583 6604 124 35 4994 1594 1518 2694 108 11531 5105 863 10826 3859 423 629 473 235 4241 2619 673 704 19 1131 330 162
0 0 0 0 0 0 0 0 0 0 0 0 0 0 0 0 0 0 0 0 0 0 0 0 0 0 0 0 0 0 0 0 0 0 0 0 0 0 0 0 0 0 0 0 0 0 0 0 0 0 0 0 0 0 0 0 0 0 0 0 0 0 0 0 0 0 0 0 0 0 0 0 0
38 678 351 352 7344 10287 4493 1118 600 3166 8659 3461 2470 2360 1497 55035 96772 56287 32828 81151 57771 40978 14326 1473 45580 42535 71759 23638 44388 79007 41134 29554 41748 9135 4680 3463 5543 12528 4661 13225 43436 21597 12423 27867 4982 13289 20073 22485 49796 240 126 7375 3663 7631 5139 2545 8464 39600 8973 20656 22630 8855 746 1883 1704 7682 17053 13462 3460 679 5983 7596 3692
54 740 817 614 6048 19309 3631 4968 940 2288 11515 10913 3258 5754 3169 38949 134062 98842 22505 48030 84302 149698 9088 13961 27073 45370 176289 12772 54445 83184 113271 15302 40692 63227 6695 1940 6554 16297 15288 7105 41730 39474 58466 25421 25171 6305 21151 56650 97492 294 353 8244 3559 16740 4417 12604 3538 63709 36191 19136 43733 28846 759 3387 3271 6250 25809 46228 5748 1528 9447 20458 9571
34 714 269 292 8133 9073 4739 671 815 3467 7503 2441 2678 1713 1159 60301 79982 65564 41005 88203 49835 27551 14509 574 56692 41141 50187 24924 36954 69354 34888 28643 33826 4818 5441 3668 8227 17385 4685 14272 43565 15347 7220 22798 3579 14620 25532 19173 37959 429 271 11263 3311 8657 5459 1649 8710 29901 5788 22768 20939 5426 1307 2869 1772 9007 14157 9063 4415 430 6576 5119 2710
4 7 5 1 104 21 10 2 0 11 0 2 0 0 0 1785 312 0 758 210 30 14 4 0 224 0 0 694 33 0 7 12 0 1 0 16 0 0 0 14 0 0 0 0 0 79 0 0 0 0 0 0 0 0 0 0 5 0 0 0 0 0 0 0 0 0 0 0 0 0 0 0 0
24 514 107 169 7387 3533 3574 162 323 2784 4467 625 1588 618 619 68546 41019 22375 45180 82246 21186 6595 10992 96 55143 24366 13715 33623 17255 53905 7271 24139 19780 727 2062 4004 4131 7111 1019 13048 26731 5146 1250 15780 239 16752 19018 5277 14063 181 51 4777 2536 2120 3516 314 7843 16220 1343 14706 7504 960 607 671 820 5150 8250 2266 1652 130 3310 1907 1394
42 642 399 462 7135 10250 3780 1272 517 2693 10330 4468 2354 3208 2532 47610 98773 50433 31744 68661 52706 41020 10729 1560 38094 44277 84157 20742 39260 100080 48226 22563 46889 11774 3996 2857 4933 9696 4536 10094 37261 28474 16703 32915 6451 11970 21439 21181 62022 199 138 5948 4088 8177 4015 3117 6150 62378 15201 18822 25718 12127 720 1395 2073 6014 23638 21637 2690 1157 5616 13451 8752
41 597 451 369 7027 10475 3682 2023 498 2469 7751 4471 2329 2578 1588 64589 111555 40413 32890 69474 56241 57985 12013 4481 42937 31641 80636 28127 38682 82221 37316 20938 36543 18585 3082 3719 4883 9046 5064 9895 35560 20557 18269 23552 5770 13675 21913 27478 45835 231 113 5204 2770 5857 4714 3511 5726 37838 12719 16804 20511 9819 675 1740 1355 6584 14975 15315 3327 694 6491 8059 4048
15 282 51 54 4872 1277 1868 66 83 1696 1379 173 563 119 97 61024 20755 4087 31285 48554 6531 1890 5409 35 37348 5013 3804 27054 6421 19850 931 14332 6448 186 871 3197 1321 1334 217 8319 8781 1341 232 5894 42 12046 7416 1497 1717 43 12 1135 838 324 1486 48 5170 2246 199 5576 1686 109 112 81 72 2247 1539 257 268 2 660 156 99
7 287 4 17 4036 190 3501 0 47 2583 570 4 434 12 19 36773 1967 1921 21371 82846 1256 0 19019 0 50388 3615 89 14270 1023 6243 70 40120 3601 0 232 3839 460 1290 0 18905 9483 117 0 2249 0 13205 4261 59 243 66 0 928 333 40 2622 0 10471 521 1 4506 320 2 209 26 15 3187 426 9 128 0 361 13 10
0 0 0 0 0 0 0 0 0 0 0 0 0 0 0 0 0 0 0 0 0 0 0 0 0 0 0 0 0 0 0 0 0 0 0 0 0 0 0 0 0 0 0 0 0 0 0 0 0 0 0 0 0 0 0 0 0 0 0 0 0 0 0 0 0 0 0 0 0 0 0 0 0
37 657 331 335 7338 9801 4183 950 616 3076 7913 3301 2353 2133 1386 64307 93151 56361 34417 73991 55012 35345 13229 913 47841 37611 64848 26359 40172 74112 42464 26958 36211 7989 5580 3460 5767 12033 4250 12835 37300 18880 10685 27653 5232 13992 19829 21210 42806 222 114 7988 3440 7951 4794 1985 8588 34143 8574 19685 20892 8028 711 1971 1761 6908 15445 12180 3314 570 5403 6593 3296
33 623 254 274 7945 7920 3840 690 607 3255 6628 2152 2087 1500 1114 66849 82326 47591 42712 77823 42219 25971 10620 764 57213 31717 41977 28856 37009 70819 29353 26019 28995 4976 5056 3793 6778 11579 3823 14687 31851 12774 6222 22482 2575 15941 21111 15538 31631 285 167 9549 3265 6498 3833 1470 9473 28081 5303 19126 16044 3997 1027 1902 1374 6970 12430 7961 2817 296 4383 4634 2722
24 503 158 118 7083 4954 3895 423 322 3317 3405 909 1283 389 303 65457 61748 22472 39775 88475 33049 16209 14695 516 60967 19639 22538 27167 28953 38052 8207 35349 17760 2303 2451 4434 3780 7397 2054 18229 23299 3862 2036 15233 595 17834 13662 8691 9022 170 42 5390 1993 1950 3870 177 11212 9026 1753 13947 5156 807 684 710 409 5700 4825 1158 1125 38 2198 760 483
10 116 28 17 2056 489 765 34 32 543 345 53 73 16 17 30208 8751 1374 13690 18765 2340 719 3816 19 11863 531 947 12574 1896 5789 276 6606 2737 59 341 1173 411 386 91 3078 1246 175 43 1855 0 4402 714 209 201 9 7 259 67 74 79 1 1626 424 46 639 100 5 15 20 11 104 109 19 19 0 36 9 9
0 0 0 0 0 0 0 0 0 0 0 0 0 0 0 0 0 0 0 0 0 0 0 0 0 0 0 0 0 0 0 0 0 0 0 0 0 0 0 0 0 0 0 0 0 0 0 0 0 0 0 0 0 0 0 0 0 0 0 0 0 0 0 0 0 0 0 0 0 0 0 0 0
53 578 825 553 6485 15552 2858 5287 694 2546 8956 10544 2080 5126 2469 50053 156353 46249 31709 48041 71532 130484 7389 16187 37756 24435 150813 23951 64011 92339 82204 18168 33944 64500 4094 2463 7130 10732 11720 9997 25248 29625 62408 30367 20975 12386 18280 37874 76645 239 246 8065 2643 12503 3341 8194 7664 45344 31937 16169 28627 29407 942 2221 2501 5948 16614 34859 3490 2169 4588 16051 6138
41 682 452 368 7328 12857 4602 1923 743 3420 8093 4614 2422 2631 1492 56918 114930 63076 32266 76555 83394 69398 16761 3587 49389 35678 86572 22461 59943 74163 58516 32448 37309 18004 6211 3354 6524 15152 7915 15830 38975 20855 19231 27724 7125 13049 19825 28919 51346 295 214 9774 3559 9777 4330 3487 9496 34616 11900 22015 24232 10587 938 2429 1866 7734 14513 15488 3919 706 5509 7656 3499
0 0 0 0 0 0 0 0 0 0 0 0 0 0 0 0 0 0 0 0 0 0 0 0 0 0 0 0 0 0 0 0 0 0 0 0 0 0 0 0 0 0 0 0 0 0 0 0 0 0 0 0 0 0 0 0 0 0 0 0 0 0 0 0 0 0 0 0 0 0 0 0 0
25 515 155 145 6931 5050 3923 308 313 3063 4026 1029 1329 583 380 70369 58741 28071 37913 81692 33423 12471 14358 214 54968 21455 23486 30574 26957 44970 12577 30918 21728 1689 3007 3971 3691 7166 1438 16211 25221 6232 2280 16420 981 16885 13263 8364 13309 124 37 4730 2058 2557 3183 262 10308 11094 1876 13865 7098 1601 547 665 503 5223 5245 1946 1260 119 2225 1095 587
0 0 0 0 0 0 0 0 0 0 0 0 0 0 0 0 0 0 0 0 0 0 0 0 0 0 0 0 0 0 0 0 0 0 0 0 0 0 0 0 0 0 0 0 0 0 0 0 0 0 0 0 0 0 0 0 0 0 0 0 0 0 0 0 0 0 0 0 0 0 0 0 0
38 616 321 382 7079 8599 4103 1091 469 2709 8883 3010 2186 2263 2072 57031 82197 42516 32928 75122 51181 37155 14242 1845 41269 38314 62118 23067 33797 91192 30298 25688 44423 8567 3164 3601 4378 10195 3913 12125 37194 18462 11314 30212 2453 12046 21168 16665 48006 208 109 5575 3528 5265 4201 2357 6284 53264 9966 18483 18113 5834 519 1360 1776 5564 19641 14210 2883 354 5717 9658 7257
30 536 189 246 7296 5549 3277 373 370 2908 5999 1445 1628 1283 959 70018 64350 30328 41356 68664 29119 14005 9282 222 52195 27415 29466 31446 26301 69410 18052 22823 27438 2146 3131 3528 4807 7190 1776 13544 25646 11803 4019 25021 1264 15673 17274 8398 25851 143 74 5307 2837 3723 2677 872 9119 25067 3081 16419 11870 3250 594 876 1061 5048 10600 5886 1826 447 3396 3973 2245
3 71 1 2 1429 31 469 0 5 456 51 0 25 1 0 18168 494 115 10430 14687 154 0 1118 0 12194 200 0 8271 161 875 0 3538 189 0 35 962 82 94 0 2265 373 9 0 202 0 3810 437 0 14 1 0 61 36 0 63 0 1364 0 0 248 17 0 9 0 1 111 0 0 4 0 0 0 0
13 245 29 49 4581 795 1289 20 80 1459 1047 78 469 103 85 57704 12975 3446 30912 36833 3272 668 3205 3 35486 3277 1332 25943 3768 17675 787 8969 3699 38 747 2633 1172 1135 111 6356 5614 747 80 3802 15 11854 6673 581 1577 26 8 1274 688 232 848 32 4444 1690 52 4488 1310 66 155 88 60 1933 1036 196 277 7 530 151 75
16 281 68 52 5023 1775 2015 120 105 1521 1290 245 470 102 93 61415 28480 6419 33720 51514 11054 3813 8004 96 36075 4960 5446 28623 8332 19427 1680 14444 7152 399 1029 2764 1933 2098 421 6483 7679 925 356 4455 58 13317 6921 2047 1987 41 14 1688 774 438 1080 22 4441 2350 343 4436 1057 110 243 111 103 1709 1188 194 244 5 563 138 99
43 645 468 435 6915 11933 3757 1773 636 2896 9081 5241 2402 3387 1940 53575 112792 54591 32094 64477 61722 57909 10980 2494 42900 37129 92901 22042 48844 85198 57270 23232 38587 17125 4438 3084 5851 12570 6282 11057 35031 25783 22685 31758 8896 12899 19826 27493 61998 305 211 6953 3326 9568 4637 4009 7809 43833 14149 18605 26878 15264 698 2019 2160 7038 18712 21461 3395 1245 5530 11169 4913
24 452 117 159 6713 3348 2865 193 260 2532 3956 692 1286 611 528 75249 42062 16557 38589 64781 17348 6653 8143 128 49887 18067 13737 32368 16918 51960 7660 20117 18029 849 1877 3957 3113 4856 953 11685 20030 6129 1479 15529 433 15465 14942 4764 11003 151 28 3862 2175 2022 2665 364 7793 13516 1235 12301 6834 1022 505 491 538 4308 6535 2395 1141 66 2462 1581 1074
13 367 22 56 5212 849 3394 13 83 2709 1883 51 753 101 121 54504 10446 5060 29537 78179 6156 611 14837 1 53413 12658 1370 21374 5456 21618 547 31433 11393 19 514 3852 985 2141 126 16063 16154 1295 47 9396 6 14468 7842 574 2336 60 7 1417 1155 176 2382 41 10288 3886 35 8071 1741 37 177 69 145 3907 2219 175 307 4 1022 200 150
6 180 4 11 2914 148 1470 0 35 1423 370 4 156 8 8 35679 2042 1106 18039 37529 754 0 4826 0 31019 2457 103 13833 788 4800 42 14207 1852 0 81 2027 447 777 0 8720 3173 93 0 1921 0 8636 1807 38 193 46 0 570 232 22 351 0 5901 261 1 2024 114 2 127 19 24 779 146 5 56 0 65 5 2
52 680 893 433 7204 19497 4117 7051 863 3092 8219 9987 2619 3523 1539 55338 185262 64170 30983 68237 108209 197958 12950 29837 44919 31115 166849 23747 82318 76549 83405 26526 35360 81778 5856 3405 7493 16592 17805 12770 39512 23386 56804 25521 18546 13016 21168 55424 58836 417 302 9911 2777 12022 4730 5791 7816 32544 26630 21094 27959 19123 1225 2830 1938 8199 14774 19879 4819 1052 6775 8119 3166
46 700 589 446 6941 14980 4086 3100 772 3029 9646 6502 2665 3612 1966 50405 131115 70978 27078 67220 75003 98969 11731 7959 41125 41370 119315 20130 60039 82650 68707 24556 42985 31605 5492 3282 6468 14196 10409 11346 41212 30300 32987 29174 9867 12256 19617 37055 67083 244 237 8869 3284 11623 4993 5267 7394 46694 18326 19989 30819 16454 1061 2440 2114 8056 18684 23048 4231 1102 6600 11558 5012
0 0 0 0 0 0 0 0 0 0 0 0 0 0 0 0 0 0 0 0 0 0 0 0 0 0 0 0 0 0 0 0 0 0 0 0 0 0 0 0 0 0 0 0 0 0 0 0 0 0 0 0 0 0 0 0 0 0 0 0 0 0 0 0 0 0 0 0 0 0 0 0 0
9 193 11 25 3443 339 1377 6 21 1241 725 12 219 35 31 41922 5372 1909 24113 35440 1781 230 4610 0 27553 2985 269 19816 1706 10616 169 11409 3968 7 352 2413 304 423 29 6913 3948 488 4 3536 3 9438 3136 69 623 9 0 345 471 34 439 18 4133 904 0 2685 453 1 19 10 12 809 444 36 52 0 151 39 18
16 297 70 50 4604 2011 2225 130 133 1757 1380 226 399 138 66 59228 28161 9747 26737 50694 12392 4574 9185 125 35602 6579 5500 24144 10486 18068 2251 19464 8552 346 948 2929 1858 2667 514 9649 7998 1496 425 6848 57 11619 4805 1618 2844 53 43 1605 716 492 830 73 6323 2135 188 4572 1404 183 133 184 73 1289 836 238 286 10 324 134 41
11 192 35 20 3359 987 1524 43 44 1444 521 78 162 30 14 40255 15256 2916 22475 37164 7317 1575 6675 20 30420 1995 1768 16904 7151 8006 664 16733 3081 86 499 2021 647 1081 143 9148 3155 272 85 2735 25 9173 2227 583 716 8 2 903 356 120 295 7 6167 399 38 1967 349 20 101 20 24 741 173 28 63 1 69 17 3
32 564 187 309 7284 5324 3714 392 244 2666 7670 1502 2001 1430 1636 65702 57122 29230 37459 76129 30808 13930 11892 365 48173 35694 32009 26864 21311 85703 16150 23625 39044 2385 2641 3900 2489 4902 1281 12211 32712 13640 4000 27764 1068 14018 21812 9426 30173 81 30 3297 3723 2389 3753 1138 6505 44233 4520 18352 13575 2542 245 496 951 5716 17153 7872 1617 170 5382 6274 5626
25 562 125 175 7273 4192 4247 194 309 3271 5116 776 1781 741 589 65694 46984 24558 37744 91512 25082 7847 14632 112 59001 31646 18372 26486 21339 54237 8861 32100 26945 871 2069 4400 3475 6543 1163 15196 33280 8075 1628 19972 522 17264 17759 6856 16612 149 61 4328 2666 2139 4890 450 9786 17247 1382 17065 9839 1489 593 644 675 7307 9356 2862 1659 153 3650 2005 1176
0 0 0 0 0 0 0 0 0 0 0 0 0 0 0 0 0 0 0 0 0 0 0 0 0 0 0 0 0 0 0 0 0 0 0 0 0 0 0 0 0 0 0 0 0 0 0 0 0 0 0 0 0 0 0 0 0 0 0 0 0 0 0 0 0 0 0 0 0 0 0 0 0
33 656 285 243 7181 8889 4804 902 605 3464 6731 2361 2081 1407 786 66977 84246 52810 31655 82664 55890 34006 17879 1203 51809 37428 55043 26636 40723 61159 27116 34312 35678 6545 4393 3544 5283 13821 4348 16335 39575 14615 8009 26140 2715 15510 15717 17392 31805 290 175 8123 3110 6203 4092 1149 10685 22944 4997 19258 16784 4810 1009 1602 1474 7293 10380 6251 3001 455 4117 3406 1380
40 566 442 338 7140 10101 3411 2086 402 2778 7089 4123 2040 2292 1379 66736 114391 34044 35347 67261 54488 60671 10264 4880 49774 28189 75178 27334 46543 79594 32374 21683 33072 18498 3220 3628 4679 6899 4547 12102 30992 17388 17212 24232 4941 14508 20213 24806 41463 139 87 5379 2775 4526 3650 3454 7545 33203 11047 17322 17875 7736 619 1120 1280 6814 13299 12754 2422 614 5192 6897 3357
1 11 0 0 202 0 20 0 0 35 0 0 0 0 0 3643 0 0 1140 474 0 0 9 0 794 0 0 1196 0 0 0 52 0 0 0 32 0 0 0 49 0 0 0 0 0 344 0 0 0 0 0 0 0 0 0 0 55 0 0 0 0 0 0 0 0 0 0 0 0 0 0 0 0
11 143 24 31 2701 523 885 13 34 697 607 62 116 53 37 37577 9496 1835 18911 23103 2176 338 3785 1 16252 1125 1035 16764 2096 10338 590 6801 3879 19 446 1583 623 508 59 3436 1921 386 54 2798 16 6284 1610 231 835 9 1 369 144 114 174 8 2047 926 39 1161 287 46 20 29 32 253 252 77 40 2 55 46 22
8 107 13 15 1948 242 719 5 22 677 293 20 85 23 8 26657 4300 149 12852 19633 1638 98 2350 0 16064 412 327 11395 1494 5269 150 5845 1590 4 36 1185 307 292 16 3619 1089 212 11 1522 4 5199 1134 92 238 5 2 188 43 30 207 6 2413 193 5 839 145 12 15 19 9 333 95 15 33 4 31 8 1
2 9 0 1 192 0 17 0 0 19 9 0 0 0 0 3359 0 0 1524 603 0 0 9 0 521 0 0 1444 0 192 0 31 17 0 0 44 0 0 0 30 0 0 0 19 0 162 0 0 0 0 0 0 0 0 0 0 14 0 0 0 0 0 0 0 0 0 0 0 0 0 0 0 0
13 308 43 35 5005 1769 2728 44 153 2046 945 145 338 51 46 58956 21921 13153 31284 63187 15076 2311 13210 10 42525 3868 3054 26515 10446 13387 3005 24134 5254 136 1865 3652 2112 4294 319 11839 6160 552 114 3982 85 13981 4454 1304 1144 75 22 3026 597 688 901 14 6932 1239 140 3670 695 40 307 219 53 1407 563 110 119 0 233 27 39
2 31 0 1 678 0 71 0 0 166 13 0 9 0 0 10738 0 0 5399 2260 0 0 39 0 4684 28 0 3736 0 255 0 302 25 0 0 159 0 0 0 353 46 0 0 23 0 1582 174 0 0 0 0 0 2 0 0 0 495 0 0 71 0 0 0 0 0 36 0 0 0 0 0 0 0
2 50 1 0 1047 40 323 0 5 302 0 0 0 0 0 14201 604 308 7940 10746 214 0 753 0 8127 0 0 6261 191 0 0 2204 0 0 67 724 107 105 0 1297 0 0 0 0 0 2626 0 0 0 2 0 95 0 0 0 0 946 0 0 0 0 0 8 0 0 0 0 0 0 0 0 0 0
7 87 18 3 1375 421 1037 21 7 808 59 13 14 1 0 15095 6518 366 8042 23967 4936 663 6507 11 15636 238 275 6040 3917 759 153 14088 626 18 41 1150 74 249 21 7327 391 0 4 394 2 4316 144 68 7 0 0 111 33 12 10 0 3938 0 0 278 1 0 6 1 0 68 0 0 0 0 0 0 0
38 617 354 349 6951 9685 4052 1196 478 3051 7806 3397 2191 2362 1481 59752 97210 45088 33766 71763 57291 42187 13822 1681 47310 32930 65516 23402 45550 79342 38330 28326 36303 9719 4384 3305 3600 10629 4201 14420 36571 18357 13027 29400 4519 13452 16815 20226 45820 192 101 5465 3595 5972 4373 2671 9102 35736 8392 18382 21464 8300 474 1203 1608 6571 15421 13551 2718 650 5042 7664 3641
6 179 1 14 2903 26 1676 0 4 1171 377 0 242 4 16 36066 447 132 19026 41821 77 0 7367 0 26815 1711 0 14869 83 5186 0 13602 2086 0 33 1944 50 59 0 6375 4142 59 0 1246 0 8730 3106 0 34 0 0 45 219 0 1008 0 3814 383 0 2021 70 0 6 0 0 1224 260 0 16 0 202 6 9
27 554 181 170 7397 5791 3678 445 471 2899 4411 1195 1630 800 485 77509 64707 36147 41797 78425 31468 17421 11790 447 56872 24152 24990 32601 25069 47277 15297 23112 21108 2510 3542 3350 5945 9129 2705 11658 26505 8033 3168 14823 1135 17330 18228 9700 16403 210 148 6603 2128 3220 3499 704 8769 12920 1999 14049 9916 1823 1064 1234 699 6351 6221 3141 2239 138 3067 1720 765
3 83 0 3 1339 0 738 0 0 581 66 0 50 0 1 18344 0 0 8484 17893 0 0 3636 0 13423 70 0 6639 0 1056 0 6360 429 0 0 844 0 0 0 3476 697 0 0 248 0 3701 600 0 0 0 0 0 3 0 175 0 2103 19 0 416 0 0 0 0 0 249 14 0 0 0 12 0 0
28 543 134 244 6984 4097 3826 146 374 2664 6124 947 1846 1152 1031 66372 44516 23691 38578 77902 24707 5467 13613 23 45784 29042 18907 29708 18608 70390 11808 26390 29559 631 2610 3471 3517 7889 1000 12865 32855 9987 1657 22434 910 14028 17509 5833 23873 224 79 4314 3178 3217 3922 639 8211 27359 1753 15720 12309 2406 452 910 1143 4974 11970 5388 2307 312 4120 4195 2561
24 470 92 184 6349 2639 3276 96 207 2658 4917 501 1420 734 693 68411 32828 12472 34990 69409 14767 3051 10539 37 48775 24780 10738 28318 12713 57512 4806 24650 25457 326 1621 3675 2165 3865 481 13791 24983 7638 877 22200 192 14087 13390 3435 14726 104 9 2393 2436 1486 3034 339 8635 19737 809 14070 7562 1132 280 301 707 4599 8749 2656 1251 241 2897 2490 1527
3 62 1 2 1094 24 459 0 0 476 68 0 16 1 0 14671 494 33 6800 12030 77 0 1577 0 11208 148 0 5791 155 1006 0 3938 505 0 11 752 0 0 0 2685 282 22 0 429 0 3460 170 0 8 0 0 0 44 0 27 0 1776 0 0 238 16 0 0 0 0 65 0 0 0 0 0 0 0
11 157 36 19 3051 780 705 47 64 860 424 74 119 35 9 44608 14210 2694 21722 18867 2578 1204 1706 26 20596 1301 1292 18757 3601 6975 548 5029 1875 88 681 1386 1054 793 183 3462 1546 395 82 2016 19 7431 1625 376 546 23 14 788 242 198 106 14 2986 215 25 1333 362 38 60 36 20 371 79 25 61 3 32 9 1
14 264 34 57 4632 767 1989 31 16 1457 1487 129 573 57 147 55605 13028 1002 31514 52745 5131 756 7341 11 34946 6246 3201 24749 3858 21832 184 13726 7997 90 113 2837 183 276 40 6771 9445 741 111 5303 0 12559 8786 1307 698 7 0 101 811 82 1497 6 4299 3825 285 5469 649 15 12 5 16 2093 2025 132 44 0 934 102 249
3 51 0 3 1138 0 225 0 0 244 72 0 15 0 1 15860 0 0 9143 7764 0 0 350 0 7121 288 0 7529 0 1513 0 1165 199 0 0 561 0 0 0 763 213 0 0 295 0 2612 246 0 0 0 0 0 59 0 19 0 648 27 0 153 0 0 0 0 0 20 9 0 0 0 2 0 0
60 748 1064 706 4954 23366 3466 8015 984 2055 12596 15178 3101 7311 3716 25069 133258 113938 14437 37778 98484 230486 8690 30394 18432 48091 241269 9760 58624 74866 147184 13429 43517 110416 5811 1236 6037 15588 19842 5360 38785 47346 99639 26111 33363 5198 15337 65232 120918 219 415 8015 2929 19798 3841 14808 3126 72378 54172 15919 47755 45041 805 3501 3696 5483 26994 58986 5489 2873 8466 26559 11384
35 603 382 213 8441 10413 3619 1809 672 3477 5441 2970 1652 1239 527 73832 124932 50322 44332 76453 54576 60625 10390 4426 61168 25081 63761 36446 50873 60431 30500 25132 25226 13706 6472 4264 9037 12328 6975 15536 25146 13543 11290 23320 3789 20312 17964 19304 24161 272 299 10400 2939 6964 2613 1482 10689 14320 5287 18407 13935 4561 1300 1872 1034 6309 6469 4909 2562 255 2604 1976 679
2 9 0 1 192 0 17 0 0 19 9 0 0 0 0 3359 0 0 1524 603 0 0 9 0 521 0 0 1444 0 192 0 31 17 0 0 44 0 0 0 30 0 0 0 19 0 162 0 0 0 0 0 0 0 0 0 0 14 0 0 0 0 0 0 0 0 0 0 0 0 0 0 0 0
2 44 0 1 825 0 212 0 0 275 22 0 11 0 0 11884 0 0 5698 5858 0 0 378 0 6880 73 0 4999 0 424 0 1258 51 0 0 421 0 0 0 1120 121 0 0 84 0 2255 117 0 0 0 0 0 23 0 20 0 849 0 0 121 0 0 0 0 0 35 0 0 0 0 0 0 0
8 147 11 17 2648 269 1062 2 20 895 338 21 191 18 15 33146 5063 226 18606 28525 1692 50 3338 0 21934 777 348 14793 1672 5701 107 7996 1506 1 13 1663 159 385 6 4333 2321 124 7 1373 3 7872 2798 239 239 8 1 124 91 33 757 1 3090 278 14 1526 190 11 5 17 8 780 199 13 36 2 143 12 6
11 241 19 36 4140 545 1988 6 49 1375 969 56 399 41 62 51696 8889 2074 26229 50212 3264 208 9163 0 31717 3776 1195 22688 2607 14527 374 15523 5872 5 507 2660 794 849 29 6733 7311 459 34 3647 14 11169 5019 523 682 16 3 725 512 167 1276 4 4283 1603 71 3595 593 24 60 52 35 1528 945 53 97 1 428 62 62
62 693 1147 744 4968 22852 3044 8628 850 1934 12331 17712 2695 7512 3968 27798 144715 94872 15513 36086 89780 229616 6786 30227 21427 41986 260137 11393 58108 77868 157749 11587 43434 130324 5545 1749 5553 12999 17487 5518 32323 48967 115391 26317 45814 6586 15398 62216 116457 224 278 7320 2833 18670 3350 12105 3332 73940 68565 14487 41720 52272 823 3158 3040 5048 25491 60083 4653 3015 6603 27366 12683
2 21 1 0 364 19 65 0 1 55 0 0 0 0 0 6352 318 64 3022 1798 50 0 76 0 1345 0 0 2325 51 0 0 203 0 0 6 110 15 15 0 103 0 0 0 0 0 484 0 0 0 0 0 4 0 0 0 0 93 0 0 0 0 0 0 0 0 0 0 0 0 0 0 0 0
14 285 40 51 4590 1226 2353 45 30 1944 1543 130 438 85 104 53891 18047 4190 28522 56149 9314 1755 9227 20 40356 8308 3663 23158 8184 21427 956 20471 9213 117 538 3531 495 687 90 11681 9041 948 153 7606 15 12387 5111 1188 1968 10 1 496 1125 142 1157 28 6610 3373 190 5162 961 36 31 12 39 1881 1531 188 62 2 480 121 131
45 690 567 423 7287 14281 3841 2987 711 3098 9589 6033 2534 3354 1816 52828 131273 69641 30939 65065 70646 94148 10037 7854 42516 42410 118378 22850 57276 85374 59903 24578 39956 29570 5748 2877 6365 12930 9251 10566 37088 30324 29655 31705 8789 13577 21068 32722 63660 185 212 8641 3989 10411 4007 5243 8078 43728 16681 21000 29586 14540 1116 2059 2177 7729 18917 20657 3980 992 5906 10561 4453
0 0 0 0 0 0 0 0 0 0 0 0 0 0 0 0 0 0 0 0 0 0 0 0 0 0 0 0 0 0 0 0 0 0 0 0 0 0 0 0 0 0 0 0 0 0 0 0 0 0 0 0 0 0 0 0 0 0 0 0 0 0 0 0 0 0 0 0 0 0 0 0 0
24 460 133 143 6260 3787 3599 322 233 2803 3699 673 1314 614 415 66710 45039 14609 33663 77267 26253 10950 14642 375 52746 16153 15462 26511 21721 46136 5216 29511 20447 1424 1320 3965 2279 5111 1219 15551 24196 5408 1611 14861 369 14632 13351 6149 12505 128 30 3234 1575 1376 3257 803 9346 11194 926 12521 6903 780 455 429 439 5611 5525 2249 1144 37 2538 1334 718
17 356 63 73 5405 2004 2841 83 133 2323 1992 239 717 218 140 61190 27753 8673 32130 67182 13043 3182 11777 44 47732 9333 5009 24610 12223 25643 2960 24601 11824 235 1099 3527 1519 2840 502 13125 13865 2543 356 8443 132 13852 8221 2069 4134 59 22 2179 980 551 1883 160 8580 3907 218 7267 2940 226 258 154 151 3270 2022 530 417 17 912 318 144
50 617 667 558 6244 14281 3055 3219 621 2566 10118 8610 2296 5139 2632 44487 130049 55001 28250 49943 64465 88643 7540 6380 36641 35342 136006 19643 55315 91657 80942 17443 38330 36522 4122 2246 5136 10024 7864 9490 29368 36317 45115 33427 17761 11399 18168 33819 82746 179 165 6392 3141 11829 3575 7614 7336 52526 25656 16724 32371 28702 697 1790 2631 6241 19882 35980 3409 2321 5176 17464 6785
13 419 24 54 5721 1074 4285 13 98 3165 1878 61 940 103 109 55182 12077 9898 29517 95522 7265 643 19620 3 58356 12462 1362 20849 6381 19894 1180 42074 12183 18 1131 4945 1121 2775 145 20041 20703 1536 36 9178 31 16384 9283 804 2194 47 14 1747 1199 250 4200 46 11145 3255 32 9466 2464 33 188 102 50 5416 2353 216 387 0 1281 179 121
0 0 0 0 0 0 0 0 0 0 0 0 0 0 0 0 0 0 0 0 0 0 0 0 0 0 0 0 0 0 0 0 0 0 0 0 0 0 0 0 0 0 0 0 0 0 0 0 0 0 0 0 0 0 0 0 0 0 0 0 0 0 0 0 0 0 0 0 0 0 0 0 0
49 662 664 512 6545 15710 3841 3501 828 2894 9530 8155 2440 4395 2373 47158 137662 62593 28758 60195 83555 107007 11395 8363 38930 32645 130756 18679 64094 83608 86603 24604 40128 39282 5562 2509 6643 15516 12034 12104 34837 28776 42625 30584 15709 11143 17805 38068 75030 330 296 8966 3069 13869 4836 6405 7623 48425 24607 17766 31291 22271 1205 2717 2714 7546 18567 30117 3977 1491 5361 14795 6211
1 9 0 0 116 0 19 0 0 17 0 0 0 0 0 2056 0 0 765 373 0 0 15 0 345 0 0 543 0 0 0 36 0 0 0 32 0 0 0 16 0 0 0 0 0 73 0 0 0 0 0 0 0 0 0 0 17 0 0 0 0 0 0 0 0 0 0 0 0 0 0 0 0
2 32 0 1 683 0 135 0 0 141 22 0 5 0 0 10303 0 0 4952 4370 0 0 234 0 3939 77 0 4450 0 423 0 718 83 0 0 338 0 0 0 370 52 0 0 63 0 1569 93 0 0 0 0 0 8 0 0 0 338 0 0 58 0 0 0 0 0 10 0 0 0 0 0 0 0
16 368 56 64 5731 1659 3259 62 85 2687 1731 264 980 70 164 59350 24926 3823 33580 77641 12626 2037 14499 14 55668 7519 6123 22882 10893 22489 1278 31370 9900 283 550 4119 1044 1789 211 16631 17906 786 182 7940 112 15733 11587 3660 1190 45 0 1237 794 396 3287 2 9564 4459 568 9363 1145 76 169 145 33 5267 2412 198 260 0 1946 87 298
