0 2
0 3
0 4
0 69
0 73
0 10
0 11
0 194
0 142
0 79
0 87
0 152
0 155
0 143
0 156
0 33
0 99
0 166
0 104
0 108
0 47
0 112
0 114
0 116
0 117
0 137
0 59
0 60
1 96
1 65
1 4
1 182
1 166
1 73
1 10
1 142
1 112
1 84
1 21
1 118
1 152
1 26
1 181
1 85
1 117
2 65
2 130
2 131
2 4
2 197
2 72
2 73
2 10
2 17
2 20
2 14
2 22
2 24
2 152
2 158
2 176
2 38
2 102
2 112
2 180
2 182
2 84
2 127
2 166
2 189
2 85
3 65
3 130
3 131
3 4
3 22
3 158
3 72
3 73
3 14
3 81
3 18
3 20
3 85
3 86
3 151
3 24
3 152
3 28
3 154
3 94
3 197
3 97
3 34
3 36
3 102
3 38
3 17
3 145
3 142
3 176
3 109
3 110
3 112
3 177
3 180
3 117
3 182
3 84
3 62
3 127
4 5
4 6
4 8
4 9
4 12
4 15
4 16
4 17
4 18
4 19
4 20
4 21
4 22
4 23
4 24
4 25
4 27
4 28
4 29
4 30
4 31
4 33
4 34
4 35
4 37
4 38
4 40
4 46
4 47
4 49
4 50
4 52
4 54
4 56
4 57
4 59
4 61
4 62
4 63
4 64
4 66
4 67
4 68
4 69
4 71
4 72
4 76
4 78
4 79
4 80
4 81
4 83
4 86
4 87
4 89
4 90
4 92
4 94
4 96
4 97
4 99
4 100
4 101
4 102
4 104
4 105
4 108
4 109
4 110
4 114
4 115
4 118
4 121
4 123
4 124
4 130
4 131
4 133
4 137
4 138
4 143
4 144
4 145
4 146
4 149
4 151
4 154
4 155
4 156
4 157
4 158
4 160
4 161
4 162
4 163
4 165
4 169
4 170
4 172
4 175
4 176
4 177
4 180
4 181
4 184
4 187
4 188
4 190
4 192
4 194
4 196
4 197
4 198
4 199
5 85
5 14
6 84
6 65
6 117
6 182
6 73
6 10
6 189
6 127
7 97
7 130
7 36
7 22
7 102
7 81
7 106
7 139
7 110
7 176
7 17
7 18
7 20
7 86
7 151
7 180
7 154
7 158
7 197
8 65
8 166
8 10
8 142
8 112
8 14
8 84
8 182
8 117
8 189
8 127
9 84
9 65
9 85
9 182
9 73
9 10
9 189
9 14
9 127
10 12
10 13
10 17
10 18
10 21
10 22
10 24
10 25
10 26
10 28
10 29
10 30
10 32
10 33
10 34
10 35
10 36
10 37
10 38
10 41
10 42
10 43
10 46
10 47
10 48
10 49
10 50
10 51
10 53
10 55
10 56
10 59
10 60
10 62
10 64
10 69
10 70
10 71
10 72
10 74
10 76
10 77
10 78
10 79
10 81
10 82
10 83
10 86
10 87
10 89
10 91
10 94
10 96
10 97
10 98
10 99
10 104
10 105
10 108
10 109
10 110
10 113
10 114
10 115
10 118
10 119
10 120
10 124
10 125
10 128
10 131
10 133
10 134
10 135
10 136
10 137
10 143
10 145
10 146
10 148
10 149
10 151
10 153
10 154
10 155
10 156
10 157
10 159
10 161
10 165
10 167
10 168
10 169
10 170
10 171
10 173
10 176
10 177
10 179
10 180
10 181
10 183
10 184
10 188
10 191
10 192
10 193
10 194
10 195
10 197
10 199
11 130
11 197
11 81
11 18
11 20
11 22
11 151
11 28
11 158
11 97
11 34
11 36
11 38
11 102
11 17
11 109
11 110
11 176
11 177
11 180
11 62
12 65
12 85
12 84
12 14
13 48
13 65
13 82
13 84
13 182
13 119
13 41
13 189
13 42
13 127
14 15
14 17
14 18
14 19
14 20
14 21
14 22
14 25
14 27
14 29
14 30
14 34
14 35
14 36
14 37
14 46
14 47
14 49
14 50
14 52
14 53
14 56
14 57
14 59
14 60
14 61
14 64
14 66
14 68
14 70
14 76
14 77
14 78
14 81
14 86
14 87
14 90
14 91
14 92
14 94
14 97
14 98
14 99
14 100
14 101
14 102
14 105
14 107
14 108
14 109
14 110
14 111
14 114
14 115
14 118
14 121
14 123
14 130
14 133
14 134
14 136
14 137
14 141
14 143
14 144
14 145
14 149
14 151
14 154
14 155
14 156
14 157
14 158
14 162
14 163
14 164
14 165
14 168
14 169
14 170
14 176
14 179
14 180
14 181
14 183
14 184
14 187
14 190
14 193
14 196
14 197
15 85
17 65
17 69
17 73
17 194
17 79
17 84
17 85
17 87
17 152
17 143
17 156
17 33
17 99
17 139
17 166
17 142
17 104
17 106
17 108
17 129
17 47
17 112
17 189
17 116
17 117
17 182
17 137
17 185
17 59
17 60
17 170
17 126
17 127
18 129
18 73
18 139
18 84
18 142
18 166
18 106
18 174
18 112
18 116
18 117
18 182
18 189
18 85
19 85
20 129
20 137
20 194
20 79
20 85
20 87
20 155
20 156
20 158
20 33
20 99
20 102
20 104
20 106
20 108
20 174
20 47
20 116
20 185
20 60
20 170
21 133
21 65
21 73
21 142
21 83
21 84
21 78
21 152
21 25
21 37
21 166
21 46
21 112
21 50
21 182
21 188
21 189
21 85
22 65
22 69
22 129
22 194
22 79
22 84
22 85
22 87
22 152
22 155
22 143
22 174
22 33
22 99
22 166
22 104
22 106
22 108
22 142
22 47
22 112
22 189
22 114
22 116
22 182
22 137
22 185
22 59
22 60
22 170
22 126
22 127
23 85
24 65
24 73
24 143
24 84
24 87
24 155
24 156
24 33
24 99
24 170
24 108
24 47
24 114
24 182
24 137
24 59
24 189
24 127
25 65
25 182
25 181
25 71
25 73
25 146
25 84
25 142
25 152
25 26
25 96
25 161
25 166
25 112
25 117
25 118
25 127
25 124
25 189
25 85
26 192
26 133
26 65
26 73
26 76
26 78
26 146
26 83
26 84
26 85
26 152
26 199
26 165
26 188
26 161
26 37
26 166
26 142
26 105
26 71
26 46
26 112
26 49
26 50
26 115
26 117
26 182
26 56
26 124
26 189
26 127
27 163
27 85
28 166
28 73
28 142
28 112
28 116
28 152
29 65
29 166
29 142
29 112
29 84
29 85
29 182
29 152
29 117
30 85
30 73
32 65
32 166
32 73
32 142
32 112
32 84
32 117
32 182
32 152
32 189
33 65
33 130
33 131
33 197
33 72
33 151
33 158
33 36
33 38
33 102
33 176
33 177
33 180
33 182
33 84
33 189
33 62
33 127
34 137
34 108
34 47
34 85
34 60
34 170
35 68
35 65
35 166
35 142
35 73
35 112
35 144
35 84
35 85
35 152
35 100
35 61
35 117
36 65
36 194
36 69
36 137
36 79
36 84
36 85
36 87
36 152
36 155
36 143
36 156
36 99
36 139
36 166
36 104
36 106
36 142
36 47
36 112
36 114
36 116
36 117
36 182
36 185
36 59
36 60
36 127
37 96
37 65
37 182
37 166
37 142
37 73
37 112
37 84
37 118
37 152
37 127
37 181
37 85
38 65
38 69
38 73
38 194
38 142
38 79
38 84
38 87
38 152
38 155
38 143
38 156
38 99
38 166
38 104
38 170
38 47
38 112
38 177
38 114
38 116
38 117
38 182
38 137
38 59
38 60
38 189
38 62
38 127
40 85
41 128
41 65
41 195
41 73
41 142
41 82
41 147
41 84
41 150
41 152
41 159
41 42
41 171
41 189
41 112
41 113
41 178
41 51
41 117
41 182
41 55
41 148
41 122
41 125
41 127
42 128
42 171
42 147
42 195
42 73
42 119
42 173
42 48
42 113
42 178
42 51
42 148
42 150
42 55
42 125
42 159
43 112
43 65
43 117
43 182
43 73
43 189
45 84
45 112
45 85
45 166
45 142
45 117
46 65
46 182
46 181
46 73
46 84
46 118
46 189
46 85
46 117
47 65
47 130
47 131
47 197
47 72
47 73
47 85
47 151
47 152
47 158
47 97
47 102
47 176
47 142
47 112
47 177
47 180
47 117
47 182
47 166
47 189
47 62
47 127
48 128
48 65
48 195
48 73
48 142
48 82
48 147
48 84
48 152
48 159
48 166
48 171
48 173
48 189
48 112
48 178
48 51
48 117
48 182
48 55
48 148
48 122
48 125
48 127
49 96
49 166
49 73
49 142
49 112
49 85
49 117
50 96
50 65
50 182
50 166
50 142
50 73
50 181
50 78
50 112
50 84
50 118
50 152
50 127
50 117
50 189
50 85
51 112
51 166
51 73
51 142
51 82
51 84
51 117
51 152
52 121
52 85
52 111
53 65
53 166
53 73
53 142
53 112
53 84
53 85
53 182
53 152
53 117
53 127
54 85
54 175
55 65
55 166
55 73
55 119
55 112
55 189
55 82
55 84
55 142
55 152
55 127
56 96
56 65
56 73
56 84
56 85
56 182
57 65
57 166
57 73
57 142
57 112
57 84
57 85
57 182
57 152
57 189
57 127
59 131
59 197
59 72
59 73
59 142
59 151
59 152
59 155
59 158
59 97
59 102
59 176
59 114
59 180
59 117
59 166
60 97
60 102
60 158
60 177
60 197
60 109
60 176
60 85
60 151
60 62
60 130
61 85
62 65
62 194
62 69
62 73
62 79
62 84
62 99
62 104
62 114
62 116
62 117
62 182
62 189
62 127
63 85
64 84
64 85
64 73
64 189
64 127
65 69
65 71
65 74
65 76
65 77
65 78
65 81
65 83
65 86
65 89
65 91
65 92
65 94
65 96
65 97
65 98
65 99
65 104
65 107
65 108
65 110
65 113
65 114
65 118
65 119
65 120
65 122
65 123
65 124
65 125
65 128
65 131
65 135
65 137
65 141
65 146
65 147
65 149
65 150
65 151
65 153
65 155
65 156
65 161
65 162
65 164
65 167
65 168
65 170
65 171
65 176
65 177
65 178
65 179
65 180
65 181
65 183
65 184
65 188
65 191
65 193
65 194
65 195
65 197
66 85
68 85
69 130
69 131
69 72
69 73
69 142
69 84
69 151
69 152
69 158
69 97
69 102
69 112
69 177
69 117
69 182
69 166
69 189
69 127
70 85
70 166
70 142
70 152
70 73
70 117
71 96
71 166
71 73
71 142
71 112
71 85
71 182
71 152
71 189
71 127
72 104
72 143
72 194
72 79
72 114
72 99
72 155
72 87
72 156
73 76
73 78
73 81
73 83
73 87
73 89
73 92
73 94
73 96
73 97
73 98
73 99
73 104
73 105
73 107
73 108
73 110
73 114
73 115
73 118
73 119
73 123
73 128
73 131
73 134
73 135
73 136
73 137
73 141
73 143
73 148
73 149
73 151
73 153
73 155
73 157
73 159
73 161
73 162
73 164
73 165
73 168
73 169
73 170
73 173
73 180
73 181
73 184
73 188
73 192
73 193
73 194
73 195
73 199
74 166
74 142
74 112
74 182
74 152
76 96
76 84
76 117
76 182
76 189
76 127
77 84
77 85
78 96
78 182
78 166
78 142
78 181
78 112
78 84
78 118
78 152
78 127
78 117
78 189
78 85
79 130
79 151
79 152
79 158
79 97
79 102
79 180
79 182
79 84
79 166
79 189
79 127
81 139
81 84
81 142
81 152
81 106
81 174
81 112
81 116
81 117
81 182
81 185
81 127
81 189
81 126
81 85
82 128
82 171
82 147
82 195
82 119
82 173
82 113
82 178
82 84
82 150
82 148
82 122
82 125
82 159
83 96
83 182
83 181
83 142
83 112
83 84
83 118
83 152
83 127
83 189
83 117
84 86
84 87
84 89
84 91
84 92
84 94
84 96
84 97
84 98
84 99
84 105
84 107
84 108
84 110
84 118
84 119
84 120
84 122
84 123
84 124
84 125
84 128
84 131
84 133
84 135
84 137
84 141
84 145
84 146
84 147
84 149
84 150
84 151
84 153
84 154
84 156
84 157
84 159
84 164
84 168
84 169
84 170
84 173
84 176
84 177
84 178
84 179
84 180
84 181
84 183
84 188
84 193
84 194
84 195
84 197
85 86
85 90
85 91
85 92
85 94
85 96
85 97
85 98
85 99
85 100
85 101
85 102
85 109
85 111
85 115
85 118
85 120
85 121
85 123
85 130
85 133
85 134
85 136
85 144
85 145
85 146
85 149
85 151
85 153
85 154
85 156
85 157
85 158
85 161
85 162
85 163
85 165
85 169
85 172
85 175
85 181
85 183
85 184
85 190
85 192
85 196
85 199
86 139
86 189
86 182
86 185
86 106
86 126
87 130
87 131
87 197
87 151
87 158
87 97
87 102
87 109
87 176
87 180
89 96
89 166
89 142
89 112
89 117
89 182
89 152
89 189
89 127
91 166
91 142
91 112
91 183
91 152
91 117
91 189
91 127
92 166
92 142
92 112
92 182
92 152
92 117
92 189
92 127
94 166
94 142
94 139
94 189
94 112
94 182
94 185
94 152
94 116
94 127
94 106
94 126
94 117
96 192
96 146
96 152
96 199
96 165
96 188
96 166
96 105
96 142
96 112
96 115
96 117
96 124
97 194
97 155
97 143
97 156
97 99
97 104
97 106
97 129
97 112
97 189
97 114
97 116
97 117
97 182
97 137
97 185
97 170
97 126
98 166
98 142
98 112
98 182
98 152
98 117
98 189
98 127
99 130
99 131
99 197
99 151
99 158
99 102
99 176
99 142
99 112
99 177
99 180
99 117
99 166
102 194
102 137
102 130
102 155
102 143
102 156
102 104
102 170
102 108
102 174
102 114
102 116
102 185
104 130
104 197
104 142
104 151
104 152
104 176
104 112
104 177
104 180
104 117
104 182
104 166
104 189
104 127
105 166
105 142
105 112
105 117
105 152
106 129
106 130
106 174
106 154
106 158
106 197
106 145
106 110
106 176
106 180
106 185
106 126
107 112
107 117
107 166
107 142
108 130
108 131
108 197
108 151
108 158
108 109
108 176
108 180
108 117
108 182
108 189
108 127
109 137
109 116
109 170
110 139
110 142
110 152
110 166
110 129
110 174
110 112
110 116
110 117
110 182
110 185
111 196
112 114
112 115
112 118
112 119
112 120
112 123
112 124
112 131
112 133
112 134
112 135
112 136
112 137
112 141
112 146
112 149
112 151
112 153
112 155
112 156
112 161
112 164
112 165
112 167
112 168
112 169
112 173
112 179
112 181
112 183
112 184
112 188
112 191
112 192
112 193
112 194
112 199
113 182
113 119
113 189
113 127
114 130
114 131
114 143
114 152
114 142
114 151
114 158
114 177
114 117
114 182
114 166
115 166
115 142
115 117
116 130
116 197
116 151
116 158
116 176
116 177
116 180
117 118
117 119
117 120
117 128
117 131
117 133
117 134
117 135
117 136
117 137
117 141
117 143
117 146
117 148
117 149
117 153
117 155
117 159
117 164
117 165
117 167
117 168
117 170
117 173
117 176
117 177
117 180
117 181
117 183
117 184
117 191
117 192
117 195
117 197
117 199
118 133
118 152
118 142
118 182
118 188
118 189
118 127
119 195
119 142
119 147
119 150
119 152
119 159
119 166
119 171
119 189
119 178
119 182
119 148
119 122
119 125
119 127
120 166
120 142
120 182
120 152
120 189
120 127
121 196
123 182
123 189
123 127
124 166
124 142
124 182
124 127
124 189
125 182
125 127
126 130
126 145
126 139
126 158
126 151
127 128
127 131
127 133
127 135
127 141
127 145
127 146
127 147
127 149
127 151
127 153
127 154
127 155
127 156
127 157
127 161
127 162
127 167
127 168
127 169
127 171
127 176
127 177
127 179
127 180
127 181
127 184
127 188
127 191
127 193
127 194
127 195
127 197
128 182
128 166
128 142
128 189
128 152
129 130
129 197
129 145
129 139
129 176
129 151
129 180
129 154
129 158
130 137
130 194
130 139
130 155
130 143
130 156
130 174
130 185
130 170
131 142
131 143
131 152
131 155
131 156
131 166
131 170
131 182
131 137
131 189
133 181
133 182
133 166
133 142
133 152
133 189
134 166
134 142
134 152
135 167
135 182
135 191
135 189
136 166
136 152
137 197
137 142
137 151
137 152
137 158
137 176
137 180
137 166
139 197
139 145
139 174
139 151
139 154
139 176
139 180
139 185
141 166
141 152
141 189
142 146
142 148
142 149
142 155
142 156
142 159
142 161
142 162
142 164
142 165
142 167
142 168
142 169
142 173
142 176
142 179
142 180
142 181
142 183
142 184
142 188
142 191
142 192
142 193
142 194
142 195
143 197
143 151
143 152
143 155
143 158
143 176
143 180
145 174
145 189
145 182
146 166
146 182
146 152
146 189
147 182
147 189
148 166
148 152
149 166
149 152
149 189
151 194
151 156
151 185
151 170
151 174
151 182
151 189
152 153
152 155
152 159
152 162
152 164
152 165
152 167
152 168
152 173
152 176
152 179
152 180
152 181
152 183
152 184
152 191
152 192
152 193
152 194
152 195
152 197
152 199
153 182
153 189
154 174
154 189
154 182
154 185
155 158
155 182
155 166
155 189
156 197
156 158
156 177
156 180
156 182
156 166
156 189
157 182
157 189
158 194
158 185
158 174
158 170
159 166
161 166
161 182
161 189
162 166
162 189
164 166
165 166
166 179
166 173
166 167
166 180
166 184
166 181
166 194
166 195
166 183
166 191
167 182
167 189
168 182
168 189
169 182
169 189
170 197
170 176
170 180
170 182
171 182
171 189
174 197
174 176
174 180
176 194
176 189
176 182
177 194
177 182
177 189
179 182
179 189
180 189
180 182
181 182
181 188
181 189
182 184
182 188
182 193
182 194
182 195
182 197
183 189
184 189
188 189
189 191
189 193
189 194
189 195
189 197
194 197
