0 129
0 3
0 68
0 71
0 74
0 12
0 13
0 81
0 146
0 195
0 20
0 110
0 22
0 26
0 91
0 28
0 157
0 162
0 37
0 102
0 145
0 40
0 106
0 167
0 46
0 175
0 168
0 50
0 115
0 54
0 121
0 190
0 117
1 65
1 130
1 131
1 4
1 5
1 8
1 137
1 139
1 76
1 141
1 120
1 89
1 154
1 27
1 186
1 30
1 31
1 155
1 38
1 178
1 41
1 170
1 107
1 172
1 45
1 47
1 176
1 114
1 51
1 94
1 182
1 119
1 56
1 185
1 58
1 123
1 189
1 62
2 120
2 8
2 170
2 62
3 65
3 162
3 99
3 6
3 168
3 106
3 12
3 47
3 51
3 182
3 119
3 24
3 25
3 186
3 195
4 130
4 135
4 136
4 10
4 11
4 140
4 16
4 20
4 22
4 23
4 153
4 154
4 33
4 163
4 36
4 37
4 39
4 129
4 45
4 174
4 175
4 177
4 52
4 53
4 54
4 183
4 58
4 59
4 65
4 196
4 198
4 199
4 76
4 78
4 88
4 89
4 94
4 95
4 187
4 100
4 107
4 112
4 116
4 118
4 122
4 123
4 126
5 96
5 13
5 142
5 147
5 87
5 89
5 122
5 156
5 26
6 64
6 129
6 101
6 193
6 72
6 73
6 74
6 76
6 13
6 77
6 20
6 22
6 89
6 26
6 79
6 28
6 157
6 95
6 33
6 91
6 36
6 37
6 165
6 39
6 167
6 175
6 136
6 50
6 181
6 121
6 122
6 127
6 117
6 138
6 190
6 63
7 66
7 99
7 41
7 139
7 47
7 178
7 51
7 182
7 119
7 56
7 137
7 186
7 27
7 189
8 132
8 15
8 19
8 149
8 150
8 26
8 29
8 32
8 161
8 34
8 35
8 164
8 169
8 171
8 44
8 48
8 49
8 188
8 190
8 194
8 67
8 197
8 70
8 76
8 80
8 83
8 85
8 89
8 143
8 103
8 105
8 111
8 114
8 122
8 124
8 21
9 99
9 178
9 51
9 182
9 119
9 186
9 27
9 45
9 47
10 123
10 69
10 118
10 27
10 45
10 47
11 65
11 130
11 99
11 47
11 27
11 178
11 51
11 119
11 186
11 123
12 129
12 135
12 136
12 138
12 14
12 145
12 147
12 22
12 152
12 26
12 28
12 33
12 166
12 39
12 156
12 193
12 173
12 46
12 53
12 54
12 55
12 187
12 190
12 63
12 64
12 181
12 196
12 72
12 74
12 75
12 77
12 79
12 81
12 142
12 93
12 96
12 97
12 167
12 115
12 127
13 162
13 131
13 168
13 106
13 113
13 195
13 185
13 24
13 25
13 26
13 190
14 66
14 131
14 137
14 139
14 18
14 185
14 25
14 93
14 31
14 97
14 162
14 38
14 166
14 42
14 176
14 113
14 56
14 57
14 106
15 38
15 170
15 139
15 141
15 120
15 114
15 56
15 155
15 189
15 62
15 31
16 65
16 130
16 27
16 45
16 47
16 178
16 51
16 119
16 186
16 123
17 64
17 129
17 135
17 77
17 142
17 147
17 20
17 87
17 25
17 165
17 96
17 37
17 168
17 193
17 46
17 175
17 50
17 181
17 54
17 127
17 63
18 96
18 147
18 142
18 87
18 89
18 26
18 173
18 190
19 34
19 66
19 133
19 137
19 43
19 108
19 109
19 158
19 141
19 172
19 30
19 86
19 120
19 57
19 62
20 65
20 130
20 195
20 69
20 75
20 24
20 25
20 27
20 93
20 182
20 97
20 162
20 99
20 166
20 106
20 45
20 178
20 51
20 118
20 123
21 38
21 41
21 170
21 172
21 45
21 141
21 176
21 114
21 30
21 137
21 123
21 62
21 31
22 65
22 130
22 195
22 163
22 153
22 24
22 25
22 27
22 162
22 99
22 100
22 168
22 106
22 107
22 45
22 174
22 47
22 178
22 180
22 119
22 186
22 126
23 65
23 130
23 99
23 45
23 27
23 178
23 51
23 182
23 123
24 81
24 145
24 74
24 142
24 147
24 110
24 87
24 88
24 26
24 91
24 156
24 96
24 37
24 102
24 39
24 40
24 135
24 46
24 175
24 168
24 50
24 117
24 54
24 121
24 187
25 64
25 193
25 97
25 72
25 73
25 75
25 167
25 147
25 142
25 87
25 152
25 26
25 175
25 28
25 93
25 96
25 33
25 36
25 37
25 102
25 81
25 156
25 173
25 157
25 50
25 55
25 187
25 190
25 166
26 162
26 195
26 176
26 113
26 114
26 168
26 31
27 150
27 134
27 149
27 152
27 28
27 29
27 159
27 32
27 36
27 39
27 40
27 44
27 178
27 157
27 177
27 50
27 51
27 52
27 53
27 54
27 55
27 151
27 191
27 192
27 196
27 182
27 70
27 72
27 129
27 74
27 76
27 81
27 82
27 83
27 88
27 91
27 95
27 99
27 102
27 167
27 111
27 148
27 122
28 130
28 75
28 93
28 97
28 162
28 99
28 166
28 106
28 45
28 47
28 178
28 51
28 182
28 119
28 186
28 123
29 66
29 137
29 139
29 141
29 56
29 155
29 30
29 38
29 41
29 170
29 172
29 47
29 176
29 114
29 51
29 182
29 119
29 120
29 57
29 189
29 62
30 149
30 171
30 132
30 70
30 96
30 151
30 76
30 142
30 80
30 82
30 83
30 150
30 87
30 89
30 125
30 156
30 32
30 98
30 134
30 147
30 43
30 109
30 111
30 48
30 184
30 122
30 61
30 85
31 132
31 133
31 188
31 150
31 158
31 160
31 35
31 43
31 44
31 173
31 48
31 49
31 184
31 60
31 190
31 32
31 67
31 70
31 76
31 80
31 83
31 84
31 85
31 89
31 90
31 143
31 98
31 105
31 108
31 109
31 122
31 149
32 83
32 99
32 41
32 44
32 178
32 47
32 176
32 114
32 51
32 182
32 119
32 120
32 137
32 186
32 189
33 65
33 130
33 69
33 162
33 106
33 45
33 118
33 123
34 66
34 41
34 170
34 139
34 109
34 141
34 120
34 114
34 57
34 155
34 189
34 62
35 114
35 120
35 155
35 141
36 65
36 130
36 195
36 69
36 75
36 140
36 153
36 154
36 163
36 100
36 198
36 166
36 168
36 106
36 107
36 45
36 174
36 112
36 179
36 180
36 118
36 183
36 58
36 123
36 126
37 65
37 130
37 195
37 69
37 75
37 154
37 93
37 94
37 166
37 168
37 106
37 107
37 45
37 118
37 183
37 58
37 123
38 133
38 134
38 76
38 80
38 82
38 147
38 86
38 87
38 89
38 158
38 103
38 171
38 173
38 184
38 122
38 60
38 125
38 85
39 65
39 195
39 69
39 183
39 140
39 163
39 153
39 154
39 186
39 94
39 162
39 99
39 100
39 168
39 106
39 107
39 174
39 51
39 180
39 118
39 58
39 126
40 65
40 130
40 195
40 140
40 153
40 94
40 162
40 99
40 100
40 168
40 106
40 174
40 47
40 119
40 186
40 123
40 126
41 132
41 133
41 70
41 76
41 82
41 148
41 86
41 87
41 89
41 150
41 48
41 158
41 122
41 60
41 125
41 149
42 89
42 122
42 173
43 56
43 137
43 139
43 172
43 109
44 176
44 99
44 132
44 137
44 170
44 178
44 47
44 48
44 114
44 51
44 119
44 120
44 186
44 62
45 193
45 192
45 145
45 146
45 154
45 157
45 167
45 171
45 46
45 175
45 177
45 50
45 52
45 54
45 55
45 187
45 61
45 64
45 65
45 72
45 74
45 78
45 85
45 88
45 90
45 92
45 94
45 95
45 165
45 98
45 102
45 107
45 110
46 97
46 130
46 195
46 162
46 168
46 106
46 54
46 123
46 93
47 150
47 134
47 136
47 145
47 146
47 148
47 151
47 157
47 53
47 54
47 73
47 63
47 64
47 193
47 196
47 70
47 71
47 129
47 74
47 78
47 82
47 83
47 89
47 91
47 95
47 102
47 115
47 117
47 121
47 125
48 172
48 99
48 139
48 120
48 114
48 51
48 137
48 56
48 189
49 114
49 170
49 155
49 141
49 62
50 65
50 195
50 75
50 140
50 153
50 154
50 163
50 198
50 168
50 106
50 174
50 112
50 179
50 180
50 118
50 183
50 58
51 132
51 134
51 76
51 145
51 82
51 83
51 88
51 95
51 148
51 91
51 111
51 177
51 121
51 122
51 159
51 151
51 125
51 191
52 65
52 130
52 69
52 118
52 119
52 154
52 123
52 186
52 94
53 65
53 136
53 196
53 154
53 94
53 162
53 166
53 106
53 118
53 119
53 186
53 123
54 65
54 195
54 69
54 140
54 183
54 146
54 110
54 186
54 153
54 93
54 97
54 162
54 163
54 100
54 166
54 168
54 106
54 107
54 174
54 112
54 179
54 180
54 118
54 119
54 58
54 126
55 162
55 123
55 106
56 128
56 171
56 132
56 133
56 134
56 151
56 76
56 98
56 80
56 82
56 148
56 85
56 86
56 87
56 89
56 90
56 125
56 158
56 96
56 103
56 108
56 173
56 111
56 122
56 60
56 61
57 128
57 134
57 98
57 142
57 80
57 82
57 86
57 87
57 90
57 111
57 171
57 109
57 61
57 184
57 125
57 85
58 128
58 171
58 71
58 80
58 85
58 89
58 90
58 91
58 95
58 98
58 102
58 135
58 175
58 115
58 117
58 184
58 121
58 187
60 176
60 139
60 189
61 66
61 69
61 198
61 137
61 139
61 140
61 130
61 141
61 153
61 62
61 154
61 155
61 94
61 163
61 100
61 170
61 107
61 172
61 174
61 112
61 179
61 180
61 118
61 183
61 120
61 123
61 126
62 128
62 133
62 70
62 194
62 98
62 80
62 82
62 84
62 197
62 89
62 90
62 143
62 158
62 149
62 160
62 161
62 104
62 169
62 171
62 125
62 83
62 184
62 124
62 85
63 97
63 162
63 166
63 106
63 75
63 119
63 186
63 93
64 97
64 130
64 106
64 75
64 186
64 123
64 93
65 130
65 129
65 145
65 196
65 157
65 167
65 135
65 175
65 177
65 192
65 68
65 71
65 74
65 76
65 78
65 81
65 88
65 91
65 199
65 95
65 144
65 187
65 102
65 115
65 116
65 117
65 121
65 122
65 123
66 128
66 133
66 134
66 151
66 98
66 142
66 82
66 147
66 148
66 86
66 87
66 90
66 111
66 156
66 158
66 159
66 96
66 109
66 184
66 191
66 125
66 85
67 120
67 114
67 155
67 141
68 168
68 123
69 128
69 192
69 171
69 76
69 80
69 88
69 90
69 91
69 157
69 95
69 98
69 167
69 184
69 121
69 122
69 187
69 117
70 99
70 170
70 172
70 176
70 114
70 119
70 137
70 186
70 189
71 162
71 195
71 198
71 168
71 106
71 107
71 112
71 186
71 119
71 183
72 130
72 123
72 162
72 106
73 97
73 166
73 186
73 93
74 130
74 195
74 182
74 140
74 163
74 153
74 154
74 94
74 162
74 99
74 100
74 168
74 174
74 180
74 118
74 119
74 186
74 123
74 126
75 129
75 196
75 135
75 136
75 146
75 142
75 87
75 162
75 168
75 156
75 193
75 173
75 110
75 175
75 187
76 182
76 137
76 139
76 141
76 120
76 89
76 99
76 100
76 170
76 107
76 172
76 178
76 176
76 114
76 155
76 94
76 118
76 119
76 186
76 189
77 162
77 97
77 106
77 93
78 119
78 186
78 123
79 97
79 162
79 106
79 93
80 130
80 139
80 140
80 141
80 153
80 154
80 94
80 176
80 163
80 100
80 170
80 172
80 174
80 114
80 179
80 180
80 118
80 183
80 120
80 126
81 195
81 153
81 154
81 94
81 162
81 100
81 168
81 106
81 107
81 174
81 180
81 119
81 186
81 123
81 126
82 137
82 139
82 141
82 99
82 170
82 178
82 182
82 119
82 120
82 186
82 189
83 99
83 137
83 170
83 172
83 141
83 176
83 178
83 155
83 182
83 119
83 120
84 176
84 114
84 170
85 198
85 137
85 139
85 130
85 141
85 154
85 155
85 94
85 176
85 170
85 107
85 172
85 114
85 179
85 183
85 120
86 141
86 176
86 114
86 120
86 155
87 137
87 139
87 195
87 93
87 166
87 168
87 172
87 113
87 189
88 123
88 195
88 168
88 178
88 118
88 119
88 100
88 154
88 186
88 94
88 182
89 131
89 137
89 139
89 141
89 153
89 154
89 155
89 172
89 176
89 178
89 179
89 182
89 183
89 185
89 186
89 189
89 94
89 99
89 100
89 107
89 112
89 113
89 114
89 119
89 120
89 122
89 170
89 126
90 128
90 198
90 140
90 130
90 153
90 94
90 163
90 100
90 170
90 174
90 112
90 179
90 180
90 126
90 118
90 183
91 183
91 154
91 186
91 94
91 182
91 168
91 106
91 178
91 118
91 119
92 130
92 162
92 97
92 106
92 123
92 93
93 129
93 135
93 146
93 193
93 165
93 162
93 187
93 101
93 106
93 173
93 181
93 127
94 128
94 130
94 171
94 129
94 136
94 167
94 157
94 95
94 196
94 135
94 175
94 184
94 121
94 122
94 187
94 117
95 130
95 179
95 183
95 140
95 195
95 153
95 154
95 186
95 182
95 163
95 100
95 168
95 107
95 174
95 178
95 180
95 118
95 123
95 126
96 97
96 166
96 168
96 137
96 106
96 162
96 172
97 193
97 135
97 138
97 146
97 147
97 156
97 165
97 162
97 187
97 101
97 142
97 106
97 173
97 110
97 181
97 127
98 198
98 137
98 139
98 130
98 141
98 154
98 155
98 176
98 170
98 107
98 172
98 112
98 179
98 118
98 183
98 120
98 123
99 132
99 150
99 149
99 157
99 159
99 148
99 102
99 167
99 111
99 177
99 121
99 122
99 191
100 128
100 171
100 135
100 157
100 102
100 167
100 175
100 115
100 117
100 121
100 122
100 187
102 130
102 183
102 154
102 168
102 107
102 112
102 179
102 119
102 123
103 176
103 114
103 139
103 189
104 160
104 114
104 170
104 155
104 141
105 176
105 114
106 129
106 135
106 136
106 138
106 142
106 146
106 147
106 152
106 157
106 156
106 193
106 173
106 175
106 187
106 181
106 196
106 165
106 167
106 110
106 115
106 117
106 121
107 128
107 167
107 157
107 135
107 175
107 115
107 117
107 184
107 121
107 122
108 176
108 109
109 172
109 133
109 137
109 176
109 158
109 120
110 162
110 166
110 168
110 146
110 119
110 186
110 123
111 137
111 139
111 178
111 182
111 119
111 186
112 128
112 171
112 175
112 115
112 184
113 190
113 173
114 149
114 197
114 160
114 143
114 150
114 171
114 158
114 184
114 148
114 122
114 188
114 190
115 195
115 198
115 140
115 153
115 162
115 168
115 174
115 183
115 186
115 126
117 195
117 183
117 153
117 154
117 186
117 163
117 168
117 174
117 118
117 119
117 126
118 128
118 129
118 135
118 136
118 196
118 171
118 175
118 122
118 192
119 150
119 134
119 129
119 136
119 146
119 148
119 149
119 151
119 159
119 157
119 122
119 191
120 132
120 133
120 134
120 194
120 160
120 158
120 188
120 169
120 171
120 125
120 184
120 124
121 195
121 168
121 183
121 186
121 126
122 137
122 139
122 140
122 126
122 141
122 163
122 154
122 182
122 189
122 176
122 155
122 153
122 186
122 170
123 128
123 129
123 192
123 145
123 146
123 152
123 196
123 157
123 167
123 135
123 175
123 177
123 187
124 170
124 141
125 137
125 139
125 141
125 170
125 172
125 178
125 182
125 186
126 128
126 135
126 157
126 167
126 187
127 162
128 198
128 139
128 140
128 130
128 153
128 155
128 176
128 163
128 170
128 174
128 179
128 180
128 183
129 130
129 166
129 162
129 186
129 154
130 135
130 136
130 192
130 145
130 146
130 152
130 154
130 193
130 171
130 177
130 184
130 187
130 165
131 173
132 172
132 137
132 139
132 176
132 178
132 182
132 189
133 176
133 155
133 189
134 155
134 137
134 170
134 139
134 172
134 141
134 178
134 182
134 186
135 195
135 140
135 153
135 154
135 187
135 166
135 183
136 166
136 162
136 196
136 154
136 186
137 149
137 151
137 173
137 148
137 150
137 156
137 142
137 184
138 162
139 171
139 151
139 173
139 147
139 148
139 156
139 158
139 159
139 142
139 184
139 191
140 171
140 157
140 167
140 175
140 187
141 194
141 160
141 161
141 164
141 188
141 169
141 171
141 184
142 195
142 168
142 162
142 172
143 176
143 170
145 195
145 168
145 162
145 178
145 182
146 166
146 162
146 168
146 186
147 168
147 172
147 195
148 172
148 186
148 189
149 170
149 172
149 176
149 186
149 189
150 170
150 172
150 186
151 172
151 178
151 182
151 186
152 162
153 171
153 157
153 167
153 175
154 192
154 171
154 167
154 157
154 196
154 175
154 184
154 187
155 194
155 160
155 161
155 164
155 169
155 184
156 166
156 168
156 162
156 172
156 195
157 162
157 186
158 176
158 189
159 178
159 186
160 176
160 169
160 170
161 170
162 193
162 165
162 166
162 173
162 187
162 190
162 181
162 196
162 167
163 167
163 175
164 170
166 195
166 196
166 168
166 173
166 175
166 187
167 174
167 180
167 186
168 175
168 187
168 195
168 190
169 170
170 194
170 171
170 184
171 198
171 176
171 172
171 174
171 179
172 184
173 176
173 185
174 175
175 195
175 198
175 179
175 180
175 183
176 190
176 197
176 184
177 182
177 178
178 191
179 184
183 184
184 198
186 192
186 193
186 196
186 191
187 195
