0 1
0 2
0 133
0 193
0 143
0 145
0 20
0 21
0 24
0 154
0 28
0 35
0 164
0 165
0 39
0 169
0 43
0 174
0 51
0 52
0 182
0 184
0 180
0 60
0 65
0 194
0 67
0 81
0 88
0 89
0 91
0 92
0 17
0 104
0 106
0 107
0 111
0 119
0 125
0 149
1 4
1 197
1 135
1 9
1 74
1 183
1 141
1 14
1 157
1 80
1 146
1 142
1 152
1 196
1 155
1 29
1 159
1 32
1 144
1 102
1 41
1 171
1 109
1 47
1 112
1 49
1 118
1 137
1 176
1 61
1 126
2 171
2 141
2 14
2 143
2 152
2 146
2 85
2 150
2 88
2 100
2 159
2 32
2 36
2 39
2 169
2 43
2 172
2 142
2 47
2 176
2 49
2 52
2 53
2 118
2 183
2 184
2 123
2 61
2 126
2 127
3 152
3 176
3 146
3 4
4 5
4 6
4 8
4 11
4 13
4 16
4 17
4 18
4 20
4 21
4 22
4 23
4 25
4 26
4 28
4 32
4 33
4 35
4 43
4 44
4 45
4 46
4 47
4 48
4 51
4 52
4 54
4 57
4 58
4 60
4 63
4 69
4 71
4 73
4 75
4 77
4 79
4 80
4 81
4 82
4 87
4 88
4 89
4 90
4 91
4 92
4 93
4 94
4 96
4 97
4 99
4 105
4 108
4 110
4 111
4 116
4 121
4 123
4 128
4 129
4 132
4 133
4 136
4 138
4 139
4 140
4 142
4 143
4 145
4 148
4 151
4 153
4 154
4 159
4 161
4 163
4 164
4 165
4 167
4 169
4 173
4 174
4 177
4 180
4 182
4 184
4 186
4 187
4 188
4 190
4 191
4 194
4 199
5 66
5 198
5 102
5 135
5 41
5 74
5 109
5 78
5 29
6 195
6 14
6 15
6 80
6 141
6 146
6 84
6 78
6 150
6 151
6 152
6 29
6 159
6 32
6 41
6 171
6 142
6 47
6 176
6 179
6 118
6 119
6 124
6 126
6 127
7 176
8 160
8 66
8 198
8 141
8 142
8 146
8 14
8 152
8 155
8 29
8 159
8 32
8 176
8 102
8 41
8 171
8 78
8 109
8 47
8 112
8 118
8 183
8 61
9 131
9 133
9 129
9 138
9 139
9 143
9 17
9 18
9 20
9 21
9 22
9 23
9 24
9 153
9 154
9 184
9 167
9 31
9 36
9 39
9 169
9 193
9 43
9 44
9 174
9 175
9 177
9 50
9 181
9 56
9 186
9 60
9 63
9 65
9 68
9 76
9 81
9 85
9 148
9 98
9 99
9 145
9 107
9 121
9 123
10 32
10 80
10 66
10 142
10 198
10 151
10 29
10 78
10 47
11 152
11 176
11 146
12 66
12 198
12 141
12 78
12 143
12 14
12 91
12 92
12 29
12 35
12 36
12 39
12 41
12 43
12 172
12 49
12 50
12 52
12 53
12 118
12 55
12 184
12 126
12 85
13 32
13 199
13 40
13 170
13 142
13 47
13 176
13 152
13 146
13 151
13 120
13 25
13 59
13 159
14 193
14 138
14 139
14 17
14 18
14 23
14 24
14 28
14 33
14 35
14 167
14 51
14 180
14 181
14 56
14 192
14 63
14 64
14 65
14 67
14 68
14 70
14 73
14 83
14 84
14 91
14 98
14 100
14 113
14 115
14 117
14 121
14 125
15 179
15 100
15 183
15 180
15 92
15 61
15 141
16 32
16 80
16 146
16 151
16 152
16 176
16 159
16 142
16 47
17 160
17 66
17 74
17 80
17 146
17 78
17 150
17 151
17 155
17 29
17 159
17 32
17 144
17 102
17 41
17 171
17 47
17 112
17 49
17 157
17 183
17 61
17 126
17 127
18 66
18 197
18 198
18 135
18 74
18 183
18 141
18 78
18 144
18 146
18 150
18 152
18 196
18 155
18 29
18 160
18 176
18 102
18 41
18 171
18 109
18 157
18 112
18 49
18 118
18 137
18 61
18 127
19 32
19 142
20 160
20 197
20 141
20 142
20 80
20 151
20 196
20 155
20 159
20 32
20 109
20 47
20 49
20 118
20 137
20 126
21 160
21 66
21 198
21 102
21 41
21 109
21 78
21 49
21 146
21 137
21 196
21 29
21 126
22 160
22 66
22 197
22 198
22 137
22 78
22 80
22 146
22 142
22 151
22 152
22 155
22 29
22 159
22 32
22 176
22 109
22 112
23 66
23 135
23 74
23 144
23 146
23 150
23 152
23 196
23 102
23 41
23 171
23 109
23 176
23 49
23 137
24 196
24 197
24 183
24 141
24 150
24 155
24 29
24 159
24 160
24 102
24 41
24 171
24 109
24 47
24 112
24 49
24 118
24 137
24 61
24 126
24 127
25 32
25 176
25 146
25 152
25 159
25 47
26 32
26 66
26 198
26 102
26 135
26 41
26 176
26 78
26 80
26 49
26 146
26 151
26 152
26 126
27 32
27 80
27 151
27 159
27 142
27 47
28 197
28 135
28 137
28 74
28 141
28 157
28 80
28 146
28 78
28 150
28 152
28 196
28 155
28 29
28 32
28 144
28 102
28 41
28 171
28 109
28 142
28 47
28 112
28 49
28 118
28 183
28 176
28 61
28 127
29 193
29 139
29 153
29 154
29 30
29 31
29 133
29 33
29 167
29 174
29 177
29 180
29 56
29 186
29 60
29 138
29 63
29 192
29 65
29 68
29 161
29 73
29 83
29 92
29 94
29 98
29 99
29 100
29 145
29 106
29 107
29 110
29 140
29 115
29 117
29 121
30 66
30 198
30 135
30 74
30 141
30 78
30 144
30 142
30 150
30 151
30 159
30 32
30 80
30 102
30 41
30 47
30 49
30 118
30 183
30 61
30 127
31 160
31 112
31 66
31 196
31 197
31 198
31 137
31 151
31 109
31 78
31 176
31 146
31 142
31 152
32 131
32 133
32 129
32 139
32 146
32 174
32 153
32 152
32 154
32 33
32 162
32 164
32 37
32 38
32 167
32 168
32 145
32 170
32 44
32 46
32 175
32 176
32 177
32 178
32 158
32 57
32 186
32 190
32 63
32 65
32 194
32 67
32 69
32 130
32 161
32 79
32 193
32 185
32 89
32 90
32 92
32 94
32 95
32 165
32 99
32 103
32 104
32 105
32 114
32 116
32 148
33 66
33 197
33 198
33 135
33 137
33 74
33 144
33 146
33 142
33 150
33 151
33 152
33 196
33 155
33 159
33 80
33 171
33 78
33 109
33 47
33 112
33 49
33 157
33 183
33 176
33 127
35 171
35 176
35 146
35 117
35 150
35 152
35 126
35 127
36 196
36 197
36 137
36 109
36 112
36 117
36 119
36 155
37 176
37 69
37 136
37 47
37 80
37 72
37 146
37 147
37 151
37 152
37 90
37 190
38 80
38 142
38 105
38 151
38 109
38 78
39 160
39 196
39 197
39 109
39 112
39 53
39 119
39 88
39 137
39 155
39 126
39 117
40 152
40 176
40 146
41 193
41 139
41 149
41 154
41 133
41 164
41 167
41 177
41 180
41 181
41 60
41 63
41 65
41 67
41 68
41 73
41 76
41 86
41 99
41 100
41 145
41 104
41 106
41 107
41 113
41 117
41 119
41 125
43 160
43 197
43 137
43 176
43 109
43 112
43 146
43 117
43 119
43 152
43 196
43 155
43 126
44 160
44 197
44 137
44 151
44 109
44 142
44 146
44 196
44 155
46 80
46 146
46 151
46 152
46 176
46 159
46 142
46 47
47 133
47 129
47 139
47 140
47 146
47 149
47 153
47 154
47 159
47 167
47 168
47 145
47 170
47 176
47 174
47 48
47 177
47 180
47 182
47 56
47 185
47 186
47 138
47 63
47 192
47 194
47 161
47 79
47 83
47 199
47 89
47 92
47 94
47 95
47 165
47 98
47 99
47 103
47 104
47 105
47 148
47 110
47 111
47 114
47 115
47 116
47 119
47 121
47 125
48 176
48 146
48 151
48 152
48 159
48 142
49 131
49 193
49 138
49 145
49 149
49 164
49 165
49 174
49 177
49 180
49 181
49 56
49 63
49 192
49 65
49 67
49 76
49 81
49 83
49 86
49 89
49 92
49 98
49 99
49 100
49 107
49 113
49 115
49 116
49 117
49 119
49 121
49 125
50 160
50 196
50 197
50 137
50 109
50 112
50 85
50 119
50 155
50 126
50 117
51 150
51 171
51 141
51 176
51 146
51 118
51 183
51 152
51 61
51 126
51 127
52 160
52 109
52 143
52 146
52 119
52 126
53 160
53 196
53 109
53 112
53 117
53 119
53 137
53 155
53 126
54 96
54 176
54 152
55 160
55 196
55 197
55 137
55 109
55 112
55 117
55 119
55 152
55 155
56 66
56 196
56 197
56 198
56 74
56 144
56 150
56 155
56 157
56 159
56 160
56 171
56 112
56 137
56 127
57 80
57 146
57 151
57 152
57 176
57 142
58 152
58 176
60 160
60 133
60 151
60 112
60 80
60 146
60 196
60 137
60 176
60 154
60 197
61 131
61 195
61 149
61 165
61 167
61 179
61 180
61 62
61 64
61 194
61 67
61 70
61 73
61 89
61 91
61 92
61 100
61 111
61 113
61 116
61 117
61 119
61 124
61 125
62 141
62 126
62 118
62 183
62 150
62 127
63 160
63 66
63 135
63 74
63 144
63 146
63 142
63 150
63 151
63 152
63 176
63 159
63 80
63 102
63 171
63 78
63 109
63 157
63 121
63 138
63 127
64 141
64 100
64 118
64 183
64 171
64 92
64 127
65 160
65 196
65 197
65 135
65 74
65 142
65 144
65 78
65 150
65 155
65 102
65 171
65 109
65 157
65 112
65 126
65 127
66 131
66 193
66 139
66 164
66 198
66 167
66 178
66 180
66 158
66 68
66 181
66 161
66 73
66 76
66 78
66 92
66 94
66 100
66 105
66 107
66 110
66 113
66 140
67 150
67 102
67 74
67 171
67 141
67 80
67 183
67 142
67 118
67 151
67 126
67 127
68 196
68 197
68 198
68 135
68 183
68 141
68 78
68 144
68 146
68 150
68 155
68 160
68 176
68 102
68 171
68 109
68 157
68 112
68 118
68 137
68 127
69 176
69 146
69 152
69 75
69 142
69 79
70 141
70 100
70 150
70 118
70 183
70 171
70 92
70 127
71 176
71 146
71 152
71 187
71 108
72 75
72 79
73 198
73 74
73 141
73 78
73 144
73 146
73 152
73 157
73 102
73 171
73 109
73 176
73 118
73 183
74 138
74 76
74 83
74 149
74 86
74 193
74 131
74 106
74 113
74 116
74 181
74 121
74 125
75 136
75 79
75 146
75 147
75 152
75 90
75 190
75 159
76 160
76 144
76 150
76 102
76 135
76 171
76 109
76 78
76 141
76 157
76 118
76 155
76 198
77 152
77 176
77 146
78 131
78 193
78 139
78 153
78 158
78 161
78 164
78 198
78 167
78 174
78 177
78 178
78 180
78 186
78 138
78 181
78 86
78 94
78 99
78 100
78 145
78 105
78 107
78 110
78 113
78 140
78 116
78 117
78 121
79 136
79 142
79 80
79 147
79 151
79 90
79 190
80 130
80 133
80 129
80 145
80 139
80 140
80 146
80 149
80 151
80 153
80 154
80 164
80 168
80 174
80 175
80 176
80 177
80 180
80 158
80 182
80 186
80 138
80 194
80 161
80 185
80 89
80 92
80 94
80 95
80 165
80 148
80 99
80 100
80 103
80 105
80 106
80 110
80 111
80 114
80 116
80 119
80 121
80 125
81 160
81 137
81 151
81 109
81 176
81 146
81 152
81 196
81 155
81 126
82 152
82 176
82 146
83 198
83 135
83 171
83 150
83 159
83 126
83 127
84 141
84 183
84 100
84 118
84 150
84 180
84 171
84 127
85 196
85 197
85 137
85 112
85 117
85 119
85 155
86 198
86 144
86 150
86 102
86 135
86 171
86 109
86 141
86 112
86 118
86 137
86 157
86 197
88 160
88 197
88 137
88 119
88 109
88 112
88 146
88 196
88 152
88 176
88 155
89 176
89 141
89 109
89 142
89 146
89 151
89 152
89 183
89 126
89 159
90 176
90 146
90 152
91 171
91 176
91 117
91 150
91 183
91 152
91 126
91 127
92 195
92 197
92 137
92 183
92 141
92 151
92 196
92 155
92 159
92 198
92 109
92 112
92 179
92 117
92 118
92 119
92 124
92 126
93 152
93 176
93 146
94 198
94 109
94 142
94 151
94 159
95 146
95 176
95 151
95 152
95 168
95 159
95 142
96 176
96 146
97 176
97 146
98 196
98 137
98 171
98 150
98 159
98 127
99 160
99 197
99 146
99 142
99 151
99 152
99 196
99 155
99 159
99 176
99 109
99 112
99 137
100 183
100 141
100 146
100 150
100 151
100 152
100 159
100 198
100 171
100 176
100 179
100 118
100 119
100 124
100 127
102 149
102 138
102 139
102 193
102 164
102 167
102 106
102 107
102 113
102 116
102 181
102 121
102 125
103 146
103 151
103 152
103 176
103 159
104 142
104 159
104 126
105 160
105 198
105 178
105 176
105 109
105 142
105 146
105 151
105 152
105 158
105 159
106 198
106 135
106 157
106 144
106 151
106 126
107 160
107 196
107 197
107 109
107 112
107 137
107 155
107 126
107 198
108 128
108 176
108 146
108 134
108 152
108 187
109 131
109 129
109 172
109 138
109 139
109 140
109 143
109 145
109 153
109 154
109 167
109 133
109 165
109 169
109 193
109 174
109 175
109 177
109 182
109 186
109 192
109 194
109 181
109 161
109 148
109 110
109 113
109 115
109 116
109 121
110 197
110 137
110 112
110 146
110 151
110 152
110 196
110 155
110 159
111 176
111 183
111 141
111 146
111 118
111 151
111 152
111 126
112 133
112 193
112 139
112 140
112 154
112 167
112 169
112 175
112 186
112 192
112 184
112 145
112 113
112 115
112 116
112 123
113 196
113 197
113 198
113 135
113 137
113 141
113 144
113 150
113 155
113 157
113 171
113 118
113 183
113 127
114 151
114 159
114 142
115 160
115 137
115 171
115 159
115 150
115 155
115 127
116 197
116 137
116 142
116 146
116 151
116 152
116 196
116 157
116 159
116 144
116 176
116 118
116 183
117 171
117 183
117 141
117 150
117 127
117 169
117 172
117 123
117 126
118 179
118 131
118 149
118 180
118 167
118 182
118 119
118 124
118 125
119 171
119 183
119 141
119 143
119 152
119 146
119 169
119 150
119 151
119 159
119 172
119 176
119 180
119 123
119 126
119 127
121 135
121 142
121 150
121 159
121 160
121 144
121 171
121 157
121 137
121 127
123 160
123 197
123 137
123 176
123 146
123 152
123 196
123 155
123 126
124 180
124 141
125 144
125 135
125 171
125 157
125 141
125 151
125 159
125 127
126 133
126 193
126 143
126 154
126 165
126 169
126 182
126 180
126 194
127 193
127 138
127 149
127 180
128 152
128 146
128 176
129 176
129 137
129 142
129 146
129 152
129 196
129 155
129 159
130 142
130 151
131 160
131 198
131 135
131 183
131 141
131 157
131 142
131 151
131 159
132 152
132 176
132 146
133 197
133 160
133 146
133 142
133 137
133 196
133 155
133 159
135 138
135 149
135 164
135 193
136 176
136 146
136 152
137 196
137 172
137 138
137 140
137 145
137 153
137 154
137 184
137 167
137 169
137 193
137 174
137 175
137 177
137 186
137 181
137 192
137 148
138 144
138 146
138 142
138 150
138 151
138 196
138 159
138 160
138 157
139 197
139 198
139 141
139 142
139 146
139 151
139 152
139 196
139 155
139 159
139 176
139 171
140 197
140 198
140 176
140 146
140 151
140 152
140 155
140 159
141 179
141 194
141 149
141 165
141 195
141 167
141 182
141 181
142 145
142 146
142 174
142 152
142 154
142 162
142 164
142 167
142 168
142 193
142 176
142 175
142 178
142 199
142 158
142 186
142 194
142 161
142 185
142 148
143 160
143 176
143 146
143 152
144 193
144 149
144 157
144 181
145 160
145 197
145 146
145 151
145 152
145 196
145 155
145 159
145 176
146 148
146 151
146 153
146 154
146 159
146 164
146 165
146 166
146 167
146 168
146 169
146 170
146 172
146 174
146 175
146 177
146 180
146 182
146 184
146 185
146 186
146 187
146 189
146 194
148 197
148 151
148 196
148 152
148 176
148 155
148 159
149 150
149 183
149 151
149 159
150 192
150 181
150 180
151 152
151 153
151 164
151 168
151 176
151 177
151 180
151 158
151 182
151 186
151 194
151 161
151 185
151 174
151 165
152 153
152 154
152 159
152 164
152 165
152 166
152 167
152 168
152 169
152 170
152 172
152 173
152 175
152 180
152 182
152 184
152 185
152 186
152 187
152 188
152 189
152 190
152 191
152 194
153 160
153 196
153 176
153 155
153 159
154 160
154 197
154 196
154 155
154 159
154 176
155 172
155 184
155 167
155 169
155 193
155 174
155 175
155 177
155 181
155 192
157 181
158 198
159 165
159 167
159 168
159 170
159 176
159 177
159 180
159 185
159 186
159 192
159 175
159 161
159 199
159 174
160 193
160 172
160 184
160 167
160 169
160 174
160 175
160 177
160 192
160 181
164 176
165 176
165 183
166 176
167 197
167 198
167 183
167 196
167 176
167 171
168 185
168 176
169 196
169 176
170 176
171 192
171 193
171 180
172 196
172 176
173 176
174 196
174 176
175 196
175 197
176 177
176 184
176 185
176 186
176 187
176 188
176 189
176 190
176 191
176 194
176 199
177 196
178 198
179 183
179 180
180 195
180 198
180 183
181 198
181 183
183 194
183 195
184 197
184 196
186 197
186 196
192 197
193 196
193 197
193 198
