0 1
0 2
0 3
0 4
0 5
0 6
0 7
0 9
0 10
0 11
0 14
0 16
0 20
0 23
0 25
0 27
0 30
0 33
0 34
0 36
0 38
0 39
0 40
0 42
0 43
0 44
0 45
0 46
0 50
0 51
0 53
0 54
0 56
0 57
0 58
0 64
0 67
0 70
0 73
0 74
0 76
0 80
0 81
0 82
0 84
0 86
0 88
0 89
0 90
0 91
0 93
0 94
0 95
0 96
0 97
0 98
0 99
0 106
0 108
0 111
0 112
0 113
0 116
0 117
0 118
0 119
0 121
0 122
0 123
0 124
0 125
0 126
0 127
0 128
0 129
0 130
0 132
0 136
0 138
0 142
0 143
0 144
0 145
0 146
0 147
0 148
0 152
0 153
0 154
0 155
0 158
0 160
0 161
0 162
0 166
0 167
0 168
0 172
0 174
0 175
0 176
0 179
0 182
0 186
0 187
0 189
0 191
0 192
1 65
1 100
1 199
1 79
1 178
1 52
1 21
1 58
1 31
2 65
2 100
2 134
2 135
2 8
2 199
2 77
2 110
2 79
2 104
2 178
2 52
2 21
2 184
2 185
2 190
2 31
3 65
3 195
3 52
3 100
3 135
3 41
3 79
3 199
3 31
4 65
4 100
4 199
4 8
4 77
4 110
4 79
4 104
4 178
4 52
4 21
4 184
4 190
5 65
5 100
5 134
5 199
5 104
5 110
5 79
5 52
5 184
5 185
5 190
5 31
6 100
6 135
6 104
6 41
6 199
6 77
6 110
6 178
6 52
6 21
6 184
6 190
6 31
7 65
7 100
7 134
7 135
7 8
7 41
7 199
7 77
7 110
7 79
7 104
7 52
7 184
7 185
7 190
8 9
8 10
8 12
8 13
8 14
8 15
8 16
8 17
8 19
8 20
8 22
8 24
8 27
8 28
8 29
8 30
8 32
8 33
8 36
8 39
8 40
8 42
8 43
8 44
8 47
8 49
8 53
8 54
8 56
8 58
8 59
8 61
8 62
8 63
8 64
8 66
8 67
8 68
8 70
8 71
8 72
8 73
8 74
8 75
8 76
8 78
8 81
8 83
8 85
8 86
8 87
8 88
8 93
8 96
8 98
8 101
8 103
8 105
8 107
8 108
8 113
8 114
8 117
8 118
8 121
8 122
8 123
8 124
8 125
8 127
8 130
8 131
8 132
8 137
8 138
8 139
8 140
8 142
8 143
8 144
8 145
8 146
8 147
8 150
8 151
8 152
8 155
8 157
8 159
8 160
8 161
8 163
8 164
8 165
8 168
8 171
8 174
8 175
8 176
8 177
8 179
8 180
8 181
8 182
8 183
8 187
8 188
8 189
8 192
8 193
8 194
8 196
8 197
9 195
9 100
9 134
9 135
9 104
9 41
9 199
9 77
9 110
9 79
9 21
9 184
9 185
9 190
9 31
10 65
10 52
10 199
10 100
10 79
11 100
11 195
11 52
11 135
11 41
11 199
11 31
12 65
12 195
12 134
12 135
12 41
12 77
12 110
12 79
12 104
12 52
12 184
12 185
12 190
12 31
13 65
13 195
13 134
13 185
13 41
13 79
13 31
14 195
14 41
14 110
14 79
14 104
14 178
14 52
14 21
14 184
14 190
14 31
15 65
15 195
15 134
15 135
15 41
15 77
15 110
15 79
15 104
15 178
15 21
15 184
15 185
15 31
16 65
16 195
16 100
16 134
16 135
16 41
16 199
16 77
16 79
16 104
16 52
16 185
16 31
17 65
17 100
17 134
17 135
17 77
17 110
17 79
17 104
17 178
17 52
17 21
17 184
17 185
17 190
18 173
18 178
18 195
18 21
18 134
18 135
18 41
18 77
18 31
19 79
19 65
20 65
20 195
20 100
20 134
20 135
20 41
20 199
20 110
20 79
20 104
20 178
20 52
20 21
20 184
20 185
20 190
20 31
21 23
21 24
21 25
21 27
21 28
21 30
21 32
21 33
21 34
21 35
21 36
21 39
21 40
21 42
21 43
21 44
21 45
21 48
21 50
21 54
21 55
21 57
21 58
21 61
21 62
21 67
21 68
21 69
21 70
21 72
21 73
21 74
21 76
21 80
21 81
21 87
21 92
21 93
21 94
21 95
21 96
21 97
21 98
21 99
21 103
21 105
21 106
21 108
21 113
21 115
21 117
21 121
21 123
21 124
21 125
21 126
21 127
21 129
21 130
21 132
21 133
21 136
21 138
21 139
21 140
21 141
21 142
21 143
21 144
21 145
21 146
21 147
21 149
21 152
21 154
21 155
21 159
21 160
21 165
21 168
21 169
21 172
21 173
21 174
21 175
21 176
21 177
21 180
21 181
21 182
21 183
21 186
21 187
21 189
21 191
21 192
21 194
21 197
21 198
22 65
23 100
23 178
23 195
23 52
23 135
23 41
23 199
23 31
24 65
24 195
24 134
24 135
24 41
24 77
24 110
24 104
24 178
24 185
24 190
24 31
25 195
25 100
25 135
25 41
25 178
25 52
25 31
26 79
27 195
27 100
27 134
27 135
27 41
27 199
27 77
27 79
27 52
27 185
28 65
28 195
28 134
28 135
28 41
28 77
28 110
28 79
28 104
28 178
28 184
28 185
28 31
29 65
29 66
29 83
29 196
29 37
29 193
29 137
29 79
30 65
30 195
30 100
30 135
30 41
30 199
30 110
30 79
30 104
30 178
30 52
30 184
30 190
31 32
31 34
31 35
31 36
31 38
31 39
31 40
31 42
31 43
31 44
31 46
31 47
31 48
31 50
31 51
31 54
31 55
31 56
31 57
31 58
31 60
31 61
31 62
31 67
31 68
31 69
31 70
31 73
31 74
31 76
31 81
31 82
31 86
31 87
31 89
31 91
31 92
31 93
31 96
31 97
31 98
31 99
31 102
31 103
31 106
31 107
31 109
31 112
31 115
31 117
31 118
31 119
31 120
31 122
31 123
31 124
31 126
31 127
31 129
31 132
31 133
31 138
31 140
31 141
31 142
31 144
31 145
31 146
31 147
31 149
31 151
31 152
31 153
31 154
31 157
31 158
31 159
31 160
31 162
31 166
31 169
31 170
31 171
31 172
31 173
31 174
31 176
31 177
31 179
31 180
31 182
31 183
31 186
31 187
31 191
31 192
31 194
32 65
32 195
32 134
32 135
32 77
32 110
32 79
32 104
32 178
32 185
32 190
33 65
33 195
33 100
33 134
33 135
33 41
33 161
33 199
33 77
33 110
33 79
33 104
33 52
33 184
33 190
34 65
34 195
34 100
34 134
34 135
34 104
34 41
34 199
34 77
34 110
34 79
34 178
34 52
34 185
34 190
35 149
35 178
35 134
35 104
35 185
35 109
35 77
36 195
36 100
36 134
36 135
36 104
36 41
36 199
36 79
36 178
36 184
36 185
37 193
37 66
37 83
37 164
37 85
37 137
37 196
37 63
38 178
38 52
38 199
39 100
39 134
39 199
39 104
39 77
39 110
39 79
39 178
39 52
39 184
39 190
40 195
40 100
40 134
40 135
40 41
40 199
40 77
40 79
40 104
40 178
40 52
40 184
40 185
41 43
41 49
41 50
41 51
41 54
41 56
41 58
41 60
41 62
41 70
41 72
41 80
41 82
41 84
41 86
41 87
41 92
41 93
41 96
41 103
41 106
41 112
41 118
41 119
41 120
41 123
41 126
41 130
41 132
41 133
41 140
41 142
41 143
41 144
41 146
41 147
41 152
41 153
41 155
41 158
41 159
41 160
41 161
41 162
41 166
41 171
41 172
41 173
41 176
41 192
41 194
41 197
42 65
42 100
42 134
42 199
42 77
42 79
42 178
42 52
42 185
43 65
43 195
43 100
43 134
43 135
43 199
43 110
43 79
43 104
43 178
43 52
43 184
43 185
43 190
44 65
44 100
44 134
44 199
44 138
44 77
44 110
44 79
44 104
44 178
44 52
44 184
44 185
44 122
44 190
45 178
45 100
45 199
46 100
46 134
46 199
46 104
46 77
46 110
46 178
46 52
46 184
46 185
46 190
47 65
47 52
47 79
48 178
48 52
48 199
48 104
48 100
48 77
49 65
49 195
49 134
49 110
49 79
49 104
49 178
49 184
49 190
50 195
50 100
50 199
50 104
50 110
50 52
50 184
50 190
51 100
51 195
51 52
51 135
51 199
52 53
52 54
52 56
52 58
52 60
52 61
52 62
52 64
52 67
52 68
52 69
52 70
52 73
52 74
52 76
52 80
52 81
52 82
52 84
52 86
52 87
52 88
52 89
52 90
52 91
52 93
52 94
52 95
52 96
52 97
52 98
52 105
52 106
52 108
52 111
52 112
52 113
52 117
52 118
52 119
52 121
52 122
52 123
52 124
52 125
52 127
52 128
52 129
52 130
52 132
52 136
52 138
52 142
52 143
52 144
52 145
52 146
52 147
52 148
52 151
52 152
52 154
52 155
52 158
52 159
52 160
52 161
52 162
52 165
52 166
52 168
52 169
52 171
52 172
52 174
52 175
52 176
52 177
52 179
52 180
52 181
52 182
52 183
52 186
52 187
52 189
52 191
52 192
52 194
52 197
53 65
53 199
53 100
53 79
54 65
54 195
54 100
54 134
54 135
54 199
54 77
54 79
54 104
54 178
54 184
54 185
54 190
55 184
55 178
55 134
55 135
55 104
55 185
55 190
55 77
55 110
56 65
56 195
56 100
56 134
56 135
56 199
56 77
56 110
56 79
56 104
56 184
56 185
56 190
57 100
57 134
57 199
57 104
57 77
57 184
57 185
58 195
58 134
58 65
58 79
58 82
58 153
58 100
58 104
58 135
58 110
58 178
58 184
58 185
58 190
59 65
59 79
60 100
60 195
60 135
61 65
61 110
61 79
61 104
61 185
62 65
62 195
62 100
62 134
62 135
62 199
62 77
62 110
62 79
62 104
62 178
62 184
62 185
62 190
63 65
63 79
64 65
64 199
64 100
64 79
65 66
65 67
65 68
65 70
65 71
65 72
65 73
65 74
65 75
65 76
65 78
65 80
65 82
65 83
65 85
65 86
65 87
65 88
65 89
65 90
65 93
65 94
65 96
65 101
65 103
65 105
65 107
65 108
65 113
65 114
65 117
65 118
65 121
65 123
65 124
65 126
65 127
65 128
65 130
65 131
65 132
65 136
65 137
65 138
65 139
65 140
65 142
65 144
65 145
65 146
65 147
65 150
65 151
65 152
65 153
65 157
65 159
65 160
65 161
65 163
65 164
65 165
65 171
65 174
65 177
65 179
65 180
65 181
65 183
65 187
65 188
65 189
65 193
65 194
65 196
65 197
66 164
67 100
67 135
67 199
67 77
67 110
67 79
67 178
67 190
68 195
68 100
68 134
68 135
68 199
68 77
68 110
68 79
68 104
68 178
68 184
68 190
69 100
69 134
69 104
69 77
69 110
69 178
69 184
69 185
69 190
70 195
70 100
70 134
70 135
70 199
70 77
70 110
70 79
70 104
70 178
70 184
70 185
70 190
71 79
72 195
72 100
72 134
72 135
72 110
72 79
72 104
72 178
72 185
72 190
73 100
73 134
73 199
73 77
73 110
73 79
73 104
73 178
73 185
73 190
74 100
74 135
74 199
74 178
76 100
76 134
76 199
76 77
76 79
76 104
76 178
76 184
76 185
77 80
77 86
77 87
77 88
77 90
77 91
77 92
77 93
77 95
77 96
77 98
77 102
77 103
77 105
77 107
77 115
77 116
77 117
77 120
77 121
77 122
77 124
77 125
77 126
77 127
77 128
77 130
77 132
77 133
77 138
77 140
77 141
77 143
77 144
77 145
77 146
77 149
77 151
77 152
77 153
77 154
77 155
77 157
77 159
77 160
77 161
77 165
77 170
77 171
77 172
77 173
77 174
77 176
77 177
77 179
77 180
77 181
77 186
77 192
77 198
78 79
79 80
79 81
79 82
79 83
79 85
79 86
79 89
79 90
79 93
79 96
79 103
79 107
79 114
79 116
79 117
79 118
79 123
79 124
79 126
79 127
79 128
79 131
79 132
79 137
79 138
79 139
79 140
79 142
79 143
79 144
79 145
79 147
79 151
79 152
79 153
79 155
79 156
79 157
79 159
79 161
79 164
79 171
79 174
79 176
79 177
79 179
79 180
79 182
79 183
79 187
79 192
79 193
79 194
79 197
80 195
80 100
80 134
80 135
80 104
80 199
80 110
80 178
80 184
80 185
80 190
81 100
81 178
81 199
82 195
82 100
82 135
82 199
82 178
82 153
83 164
84 100
84 195
84 135
86 195
86 134
86 135
86 199
86 104
86 184
86 185
86 190
87 195
87 134
87 135
87 199
87 104
87 178
87 185
87 127
88 100
88 134
88 199
88 185
89 199
89 104
90 100
90 134
90 104
90 110
90 184
90 185
90 190
91 100
91 134
91 199
91 104
91 110
91 184
91 185
91 190
92 178
92 195
92 134
92 185
92 104
93 195
93 100
93 134
93 135
93 110
93 104
93 178
93 184
93 185
93 117
93 190
94 100
94 134
94 104
94 110
94 178
94 184
94 185
94 190
95 100
95 134
95 199
95 104
95 110
95 178
95 184
95 185
95 190
96 195
96 100
96 135
96 199
96 110
96 104
96 178
96 184
96 185
96 190
97 178
97 100
97 199
98 195
98 100
98 134
98 135
98 199
98 104
98 178
98 184
98 185
98 190
99 178
99 100
99 199
100 106
100 107
100 111
100 113
100 118
100 119
100 122
100 124
100 126
100 127
100 128
100 136
100 138
100 139
100 143
100 144
100 145
100 151
100 152
100 153
100 154
100 155
100 158
100 159
100 160
100 161
100 162
100 165
100 166
100 167
100 169
100 172
100 174
100 176
100 179
100 182
100 183
100 186
100 187
100 191
100 192
100 194
102 184
102 190
102 134
102 104
102 185
102 110
103 195
103 134
103 135
103 104
103 178
103 185
104 107
104 108
104 109
104 113
104 115
104 116
104 117
104 121
104 122
104 124
104 125
104 126
104 127
104 128
104 130
104 132
104 133
104 138
104 139
104 140
104 141
104 142
104 144
104 145
104 146
104 148
104 149
104 151
104 152
104 153
104 157
104 159
104 160
104 161
104 169
104 170
104 171
104 174
104 176
104 177
104 180
104 181
104 183
104 186
104 187
104 189
104 194
104 197
104 198
105 134
105 185
105 184
105 110
105 190
106 178
106 195
106 135
106 199
107 199
107 110
107 184
107 190
108 134
108 199
108 178
108 184
108 185
108 190
109 115
109 184
109 178
109 190
109 170
110 111
110 113
110 115
110 116
110 117
110 122
110 124
110 125
110 128
110 130
110 132
110 133
110 136
110 138
110 139
110 140
110 142
110 145
110 147
110 148
110 149
110 154
110 157
110 160
110 168
110 169
110 170
110 171
110 172
110 174
110 175
110 176
110 177
110 179
110 180
110 181
110 183
110 186
110 187
110 189
110 190
110 192
110 197
111 190
111 199
112 195
112 135
112 199
113 199
113 178
113 190
115 134
115 178
115 149
115 184
115 185
115 190
116 184
116 190
116 134
116 199
116 185
117 195
117 134
117 135
117 199
117 178
117 184
117 185
117 190
118 195
118 135
118 199
119 195
119 135
119 199
120 195
120 134
120 135
120 185
121 134
121 199
121 178
121 185
122 134
122 184
122 190
123 135
123 199
123 178
124 134
124 199
124 178
124 184
124 185
124 190
125 134
125 199
125 178
125 184
125 185
125 190
126 195
126 134
126 135
126 199
126 178
126 185
127 195
127 134
127 135
127 178
127 199
127 146
127 185
128 134
128 199
128 184
128 185
128 190
129 178
129 199
130 195
130 134
130 135
130 199
130 178
130 184
130 185
130 190
132 195
132 135
132 199
132 178
132 184
132 190
133 195
133 134
133 135
133 178
133 184
133 185
133 190
134 136
134 138
134 139
134 141
134 143
134 144
134 145
134 146
134 148
134 151
134 152
134 153
134 154
134 155
134 157
134 160
134 161
134 168
134 171
134 172
134 173
134 174
134 175
134 176
134 177
134 179
134 180
134 181
134 183
134 186
134 187
134 189
134 198
135 139
135 143
135 144
135 146
135 152
135 153
135 155
135 158
135 160
135 162
135 169
135 171
135 172
135 173
135 176
135 179
135 182
135 183
135 187
135 192
135 194
136 199
136 178
136 184
136 185
136 190
137 164
138 199
138 178
138 185
138 190
139 195
139 178
139 185
139 190
140 195
140 178
140 184
140 185
140 190
141 195
141 185
142 195
142 199
142 178
142 184
142 190
143 195
143 178
143 185
144 195
144 199
144 178
144 185
145 199
145 178
145 184
145 185
145 190
146 195
146 199
146 178
146 185
147 195
147 199
147 178
147 184
147 190
148 199
148 178
148 184
148 185
148 190
149 170
149 184
149 185
149 190
151 199
151 184
151 185
151 190
152 195
152 199
152 178
153 195
153 199
153 184
153 190
154 199
154 178
154 184
154 185
154 190
155 195
155 199
155 178
155 185
157 190
157 185
157 184
158 195
158 199
160 195
160 199
160 178
160 185
160 190
161 184
161 185
161 190
162 195
162 199
164 196
164 193
165 178
166 195
166 199
167 199
168 184
168 178
168 199
168 190
169 199
169 178
169 184
169 190
170 184
171 195
171 184
172 195
172 199
172 178
172 184
172 185
172 190
173 195
173 178
173 185
174 199
174 178
174 184
174 185
175 184
175 178
175 199
175 185
175 190
176 195
176 199
176 178
176 184
176 185
176 190
177 178
177 184
177 185
177 190
178 180
178 181
178 182
178 183
178 187
178 189
178 191
178 197
179 199
179 184
179 185
180 184
180 185
180 190
181 184
181 185
181 190
182 199
183 184
183 185
183 190
184 186
184 187
184 189
184 197
185 186
185 187
185 189
185 198
186 199
186 190
187 199
189 199
189 190
190 197
191 199
192 195
192 199
194 195
195 198
195 197
197 199
