0 1
0 130
0 4
0 5
0 13
0 173
0 17
0 19
0 149
0 22
0 23
0 24
0 26
0 150
0 35
0 39
0 40
0 41
0 44
0 45
0 51
0 52
0 182
0 55
0 180
0 186
0 59
0 188
0 189
0 62
0 192
0 195
0 71
0 73
0 74
0 76
0 78
0 79
0 84
0 86
0 87
0 92
0 95
0 96
0 98
0 100
0 102
0 108
0 185
0 190
0 118
0 123
0 126
1 10
1 14
1 15
1 145
1 174
1 24
1 28
1 30
1 159
1 33
1 164
1 166
1 156
1 42
1 43
1 172
1 61
1 49
1 178
1 179
1 158
1 57
1 59
1 181
1 195
1 198
1 74
1 183
1 162
1 82
1 90
1 143
1 97
1 98
1 102
1 104
1 105
1 106
1 111
1 116
1 118
1 125
2 190
2 45
2 62
2 13
3 45
3 39
3 44
3 173
3 17
3 52
3 190
3 150
3 180
3 62
3 95
4 5
4 6
4 72
4 10
4 11
4 140
4 14
4 184
4 149
4 87
4 25
4 155
4 122
4 94
4 133
4 37
4 106
4 48
4 51
4 52
4 53
4 23
4 148
4 58
5 65
5 66
5 171
5 70
5 7
5 184
5 11
5 135
5 194
5 144
5 120
5 149
5 153
5 68
5 27
5 28
5 30
5 161
5 163
5 101
5 104
5 169
5 43
5 109
5 47
5 49
5 114
5 119
5 175
5 187
5 125
5 127
6 149
7 133
7 39
7 44
7 13
7 45
7 17
7 52
7 190
7 150
7 180
7 95
7 173
7 62
8 65
8 101
8 70
8 135
8 169
8 15
8 18
8 187
8 159
9 96
9 65
9 101
9 70
9 169
9 78
9 175
9 144
9 18
9 119
9 56
9 187
10 192
10 197
10 70
10 65
10 177
10 75
10 142
10 145
10 18
10 147
10 84
10 87
10 196
10 90
10 155
10 154
10 158
10 31
10 35
10 36
10 101
10 166
10 97
10 129
10 167
10 191
10 47
10 157
10 168
10 51
10 119
10 122
10 187
10 60
10 183
10 126
10 63
11 17
11 52
11 44
11 47
13 132
13 33
13 145
13 141
13 15
13 184
13 18
13 67
13 20
13 90
13 158
13 95
13 32
13 97
13 99
13 166
13 17
13 161
13 49
13 179
13 117
13 183
13 56
13 125
14 192
14 197
14 70
14 65
14 183
14 15
14 144
14 145
14 18
14 147
14 84
14 149
14 87
14 196
14 155
14 135
14 31
14 161
14 35
14 36
14 163
14 165
14 41
14 43
14 191
14 47
14 51
14 169
14 56
14 186
14 159
14 60
14 166
15 22
15 137
15 192
15 173
15 147
15 150
15 23
15 154
15 155
15 157
15 133
15 39
15 168
15 41
15 42
15 44
15 45
15 177
15 51
15 180
15 185
15 58
15 60
15 62
15 63
15 64
15 196
15 71
15 75
15 79
15 84
15 142
15 86
15 87
15 91
15 92
15 186
15 106
15 123
17 194
17 139
17 141
17 67
17 20
17 85
17 150
17 151
17 170
17 45
17 190
17 184
17 62
17 127
18 128
18 22
18 45
18 146
18 150
18 23
18 154
18 133
18 160
18 39
18 168
18 44
18 173
18 177
18 52
18 182
18 137
18 180
18 62
18 71
18 76
18 77
18 78
18 79
18 86
18 185
18 91
18 92
18 96
18 105
18 106
18 108
18 113
18 190
19 197
19 70
19 129
19 142
19 144
19 145
19 87
19 90
19 155
19 186
19 158
19 33
19 165
19 102
19 97
19 167
19 175
19 178
19 51
19 118
19 183
19 56
19 122
19 191
19 166
20 131
20 85
20 150
20 39
20 170
20 95
20 190
20 45
20 62
21 80
21 29
22 65
22 194
22 68
22 70
22 129
22 184
22 175
22 144
22 145
22 27
22 158
22 159
22 97
22 101
22 166
22 169
22 135
22 47
22 49
22 114
22 183
22 56
22 187
23 66
23 171
23 69
23 97
23 184
23 194
23 145
23 149
23 153
23 88
23 68
23 90
23 27
23 28
23 30
23 33
23 165
23 166
23 178
23 104
23 43
23 109
23 47
23 49
23 114
23 179
23 183
23 120
23 125
23 191
24 194
24 68
24 186
24 192
24 28
24 84
24 142
24 88
24 153
24 90
24 27
24 92
24 154
24 197
24 35
24 36
24 165
24 167
24 168
24 41
24 177
24 155
24 184
24 185
24 122
24 60
24 126
24 63
26 65
26 194
26 196
26 70
26 97
26 144
26 147
26 84
26 87
26 152
26 155
26 33
26 169
26 135
26 178
26 51
26 119
26 184
26 122
26 60
27 142
27 143
27 155
27 156
27 197
27 133
27 34
27 164
27 167
27 171
27 174
27 48
27 55
27 57
27 58
27 31
27 190
27 66
27 195
27 196
27 69
27 198
27 74
27 75
27 82
27 84
27 87
27 36
27 98
27 59
27 104
27 109
27 120
27 122
28 136
28 172
28 138
28 142
28 147
28 157
28 133
28 162
28 38
28 167
28 41
28 44
28 45
28 46
28 48
28 52
28 181
28 54
28 185
28 186
28 59
28 60
28 61
28 62
28 192
28 195
28 196
28 73
28 75
28 34
28 81
28 92
28 58
28 116
28 124
28 126
29 112
29 193
29 110
30 196
30 133
30 73
30 75
30 142
30 147
30 84
30 186
30 155
30 122
30 167
30 31
30 44
30 114
30 51
30 52
30 55
30 87
30 59
31 66
31 161
31 34
31 163
31 102
31 105
31 106
31 43
31 49
31 114
31 179
31 118
31 125
32 190
32 95
32 45
32 62
33 192
33 86
33 172
33 138
33 34
33 100
33 102
33 39
33 41
33 44
33 45
33 46
33 111
33 113
33 185
33 186
33 123
33 190
34 129
34 142
34 147
34 196
34 154
34 157
34 158
34 35
34 36
34 165
34 166
34 167
34 168
34 41
34 43
34 174
34 178
34 183
34 185
34 186
34 191
34 192
34 68
34 197
34 161
34 75
34 163
34 57
34 88
34 90
34 92
34 97
34 104
34 109
34 114
34 120
34 63
34 126
35 65
35 194
35 195
35 68
35 135
35 73
35 144
35 88
35 169
35 154
35 184
35 92
35 161
35 163
35 105
35 106
35 43
35 175
35 177
35 55
35 56
35 59
35 74
36 42
36 195
36 197
36 159
36 161
36 163
36 38
36 105
36 106
36 114
36 179
36 125
37 149
37 47
38 161
38 163
38 197
38 129
38 41
38 43
38 49
38 185
38 153
38 90
38 159
39 65
39 194
39 68
39 70
39 145
39 184
39 67
39 88
39 132
39 90
39 158
39 95
39 131
39 166
39 97
39 169
39 170
39 199
39 49
39 178
39 179
39 183
39 56
39 159
39 125
40 165
40 135
40 169
40 90
40 191
41 129
41 135
41 138
41 145
41 153
41 158
41 163
41 164
41 165
41 156
41 42
41 43
41 172
41 46
41 49
41 179
41 55
41 184
41 187
41 191
41 198
41 65
41 195
41 68
41 70
41 161
41 73
41 74
41 183
41 162
41 82
41 88
41 169
41 90
41 143
41 97
41 98
41 101
41 102
41 106
41 111
41 118
41 119
41 124
41 125
42 192
42 197
42 68
42 165
42 43
42 179
42 186
42 185
42 88
42 90
42 191
42 125
42 159
43 136
43 172
43 192
43 143
43 147
43 154
43 155
43 133
43 164
43 167
43 44
43 45
43 46
43 177
43 52
43 54
43 185
43 186
43 59
43 60
43 62
43 64
43 196
43 198
43 73
43 74
43 75
43 162
43 79
43 81
43 82
43 84
43 142
43 87
43 92
43 105
43 106
43 122
43 124
44 65
44 66
44 68
44 69
44 145
44 144
44 120
44 139
44 171
44 151
44 153
44 175
44 159
44 163
44 101
44 166
44 97
44 104
44 161
44 109
44 174
44 47
44 183
44 179
44 119
44 56
44 57
44 187
44 125
44 127
45 129
45 68
45 97
45 194
45 141
45 67
45 85
45 153
45 90
45 158
45 95
45 165
45 161
45 170
45 178
45 117
45 184
45 88
45 159
45 191
46 68
46 129
46 161
46 49
46 179
46 186
46 185
46 153
46 90
46 125
46 158
46 191
47 194
47 139
47 72
47 94
47 133
47 151
47 115
47 52
47 53
47 121
47 58
47 60
47 127
48 194
48 184
48 49
48 114
48 179
48 153
48 56
48 68
48 125
48 88
48 159
49 136
49 138
49 142
49 147
49 52
49 150
49 133
49 162
49 172
49 180
49 181
49 54
49 185
49 186
49 61
49 190
49 196
49 197
49 71
49 79
49 81
49 84
49 86
49 167
49 111
49 116
49 62
50 101
50 65
50 97
50 129
50 175
50 178
50 119
50 56
50 90
50 158
50 165
51 66
51 73
51 194
51 152
51 149
51 87
51 88
51 68
51 143
51 156
51 98
51 155
51 164
51 102
51 105
51 106
51 113
51 118
51 55
51 184
51 122
51 59
52 66
52 69
52 194
52 144
52 184
52 139
52 149
52 151
52 88
52 68
52 161
52 163
52 171
52 114
52 179
52 153
52 125
52 127
53 149
54 161
54 68
54 88
54 153
54 125
55 194
55 69
55 192
55 84
55 185
55 98
55 104
55 171
55 174
55 114
55 184
55 57
55 186
55 60
55 63
56 71
56 190
56 79
56 137
56 91
56 86
56 133
56 113
56 108
56 126
56 182
56 58
56 62
56 63
57 192
57 164
57 198
57 73
57 74
57 143
57 186
57 60
58 65
58 194
58 70
58 135
58 144
58 184
58 149
58 153
58 88
58 68
58 159
58 101
58 169
58 175
58 114
58 119
58 187
59 66
59 171
59 68
59 69
59 192
59 194
59 163
59 84
59 186
59 88
59 153
59 157
59 197
59 161
59 114
59 155
59 184
59 122
60 66
60 152
60 68
60 69
60 156
60 73
60 195
60 171
60 88
60 153
60 161
60 98
60 163
60 164
60 102
60 104
60 105
60 106
60 109
60 174
60 113
60 114
60 118
60 120
60 74
61 192
61 68
61 166
61 97
61 129
61 183
61 153
61 90
61 186
62 132
62 141
62 144
62 131
62 153
62 158
62 159
62 163
62 165
62 166
62 170
62 178
62 183
62 187
62 191
62 65
62 194
62 67
62 184
62 85
62 88
62 90
62 95
62 97
62 99
62 101
62 117
62 119
63 65
63 195
63 68
63 135
63 73
63 98
63 144
63 88
63 153
63 157
63 159
63 101
63 169
63 175
63 119
64 97
64 194
64 70
64 129
64 161
64 71
64 163
64 86
64 169
64 184
64 135
64 158
65 128
65 77
65 79
65 152
65 146
65 137
65 91
65 92
65 154
65 133
65 100
65 168
65 106
65 173
65 177
65 157
65 113
65 180
65 126
65 105
65 185
66 133
66 147
66 142
66 155
66 114
66 196
66 84
66 122
67 180
67 190
67 150
67 173
68 136
68 172
68 138
68 173
68 154
68 155
68 157
68 150
68 133
68 162
68 168
68 177
68 181
68 180
68 185
68 73
68 81
68 84
68 87
68 92
68 111
68 116
68 122
68 124
68 126
69 192
69 133
69 198
69 74
69 143
69 82
69 84
69 156
69 98
69 114
69 186
70 71
70 76
70 79
70 92
70 78
70 152
70 91
70 86
70 157
70 150
70 133
70 96
70 100
70 102
70 106
70 108
70 113
70 180
70 182
70 137
70 185
70 189
70 126
71 194
71 135
71 144
71 145
71 184
71 158
71 159
71 97
71 166
71 169
71 175
71 179
71 183
71 123
71 125
73 194
73 171
73 192
73 92
73 184
73 84
73 185
73 88
73 153
73 157
73 161
73 177
73 104
73 109
73 174
73 168
73 120
73 186
73 126
74 194
74 171
74 120
74 163
74 161
74 104
74 109
74 174
74 114
74 184
74 185
74 186
75 153
75 161
75 102
75 113
76 194
76 165
76 97
76 129
76 135
76 178
76 145
76 183
76 184
76 90
76 158
76 166
77 128
77 165
77 146
77 191
78 135
78 184
78 194
78 169
79 187
79 101
79 135
79 161
79 144
79 179
79 119
79 169
79 184
79 125
79 159
80 193
81 163
81 179
81 88
81 153
81 186
81 125
82 171
82 198
82 143
82 87
82 155
82 156
82 186
82 161
82 163
82 168
82 114
82 185
82 122
84 152
84 198
84 194
84 195
84 149
84 88
84 156
84 159
84 98
84 113
84 105
84 171
84 114
84 179
84 125
85 95
86 194
86 97
86 144
86 184
86 90
86 159
86 165
86 166
86 169
86 135
86 175
86 178
86 179
86 183
86 123
86 125
86 191
87 194
87 152
87 198
87 143
87 149
87 88
87 156
87 161
87 163
87 164
87 102
87 105
87 106
87 113
87 118
87 184
87 195
88 181
88 195
88 138
88 180
88 162
88 173
88 124
88 154
88 155
88 92
88 122
88 185
88 168
88 172
88 177
88 111
88 157
88 126
88 116
90 128
90 195
90 150
90 192
90 173
90 152
90 146
90 160
90 100
90 102
90 172
90 111
90 113
90 180
90 186
90 138
91 144
91 135
91 169
91 159
91 175
92 194
92 135
92 198
92 144
92 163
92 153
92 143
92 156
92 159
92 161
92 101
92 119
92 184
92 169
94 149
95 194
95 132
95 139
95 190
95 131
95 151
95 199
95 117
95 184
95 127
96 144
96 135
96 169
96 175
97 183
97 152
97 150
97 166
97 102
97 106
97 111
97 113
97 190
97 105
97 185
97 186
97 192
98 194
98 192
98 120
98 157
98 104
98 171
98 109
98 174
98 114
98 184
98 185
98 186
99 190
99 150
99 173
100 191
100 129
100 169
100 135
100 166
100 194
100 178
100 119
100 184
100 187
100 183
100 158
101 154
101 150
101 133
101 102
101 168
101 113
101 118
101 137
102 194
102 147
102 135
102 192
102 142
102 144
102 196
102 169
102 165
102 129
102 167
102 175
102 178
102 119
102 184
102 185
102 122
102 191
102 166
104 192
104 198
104 143
104 156
104 114
104 186
104 133
105 192
105 196
105 197
105 144
105 145
105 147
105 155
105 163
105 166
105 161
105 175
105 183
105 186
105 159
106 192
106 197
106 183
106 161
106 145
106 147
106 149
106 196
106 155
106 135
106 166
106 169
106 186
106 159
108 144
108 135
108 184
108 194
108 175
109 192
109 164
109 198
109 156
109 143
109 114
109 186
109 133
111 192
111 129
111 161
111 145
111 153
111 158
111 163
111 166
111 178
111 179
111 183
111 185
111 186
111 125
111 191
113 129
113 196
113 184
113 142
113 144
113 145
113 147
113 155
113 158
113 165
113 167
113 169
113 135
113 175
113 119
113 191
114 195
114 196
114 142
114 147
114 197
114 164
114 133
114 167
114 171
114 120
114 190
115 149
116 192
117 190
118 194
118 196
118 135
118 192
118 169
118 155
118 186
118 165
118 187
118 175
118 119
118 184
118 185
118 122
118 191
119 133
119 150
119 152
119 154
119 177
119 173
119 157
119 180
119 137
119 185
119 126
120 192
120 164
120 198
120 156
120 143
120 186
122 198
122 143
122 149
122 156
122 159
122 161
122 163
122 164
123 194
123 129
123 161
123 145
123 178
123 183
123 184
123 158
123 159
124 163
124 129
124 161
124 185
124 153
124 158
125 192
125 136
125 172
125 138
125 142
125 133
125 197
125 185
125 186
125 190
126 194
126 135
126 144
126 184
126 169
126 175
127 133
127 149
128 165
128 146
129 162
129 152
129 185
129 190
130 144
130 194
130 184
130 175
131 150
131 180
131 173
132 173
132 180
132 190
132 150
132 199
133 139
133 184
133 175
133 135
133 144
133 149
133 151
133 159
133 161
133 163
133 194
133 171
133 179
133 153
135 160
135 152
135 157
135 137
135 185
136 192
136 179
136 153
137 169
137 187
137 159
138 163
138 165
138 179
138 185
138 153
140 148
140 149
141 190
142 161
142 163
142 179
142 153
142 195
143 192
143 171
143 185
143 161
143 163
143 164
143 174
144 182
144 152
144 173
144 157
144 180
144 188
144 189
145 192
145 183
145 150
145 166
145 186
145 190
146 165
146 191
147 152
147 153
147 159
147 161
147 163
147 179
148 149
149 194
149 184
149 155
149 151
150 194
150 159
150 165
150 166
150 175
150 187
150 170
150 191
152 196
152 155
152 158
152 165
152 169
152 191
153 195
153 196
153 157
153 162
153 167
153 172
154 195
154 163
154 156
154 159
154 161
154 177
155 195
155 194
155 159
155 161
155 163
155 164
155 184
156 192
156 164
156 171
156 177
156 185
156 186
156 168
157 194
157 195
157 159
157 169
157 175
157 184
158 190
158 162
158 185
158 186
158 192
159 168
159 173
159 177
159 180
159 192
159 197
159 186
160 165
160 184
160 169
160 194
160 191
161 167
161 177
161 181
161 185
161 190
161 196
161 197
161 198
161 162
161 164
161 168
162 192
162 163
162 165
162 185
162 186
162 191
163 164
163 168
163 172
163 177
163 185
163 196
163 198
164 192
164 198
164 185
164 174
165 173
165 180
165 185
166 192
166 173
166 186
167 195
168 198
168 195
168 187
169 185
170 180
170 173
171 192
171 198
171 186
172 192
172 178
172 179
172 186
172 185
173 194
173 183
173 199
173 175
173 187
173 184
174 192
174 198
174 186
175 182
175 180
175 188
177 195
178 192
178 186
179 192
179 196
179 197
179 185
179 186
179 190
180 187
180 199
180 191
181 192
181 186
182 184
182 194
183 192
183 190
183 185
183 186
184 188
184 195
184 190
185 187
185 191
185 198
185 194
185 195
186 195
186 198
186 191
188 194
190 194
190 199
192 195
192 198
194 195
195 197
