0 1
0 3
0 5
0 7
0 9
0 11
0 12
0 13
0 14
0 17
0 18
0 19
0 21
0 22
0 23
0 24
0 30
0 32
0 33
0 34
0 35
0 38
0 39
0 40
0 41
0 42
0 43
0 47
0 52
0 54
0 56
0 58
0 59
0 60
0 62
0 63
0 64
0 66
0 69
0 70
0 71
0 72
0 73
0 74
0 75
0 77
0 78
0 80
0 82
0 83
0 84
0 86
0 94
0 96
0 97
0 98
0 100
0 101
0 104
0 105
0 106
0 108
0 109
0 110
0 112
0 116
0 119
0 120
0 121
0 123
0 124
0 126
0 127
0 128
0 132
0 133
0 135
0 136
0 139
0 140
0 142
0 145
0 146
0 147
0 148
0 149
0 150
0 151
0 152
0 153
0 154
0 156
0 158
0 159
0 163
0 168
0 169
0 171
0 181
0 182
0 183
0 185
0 186
0 188
0 189
0 191
0 192
0 193
0 196
1 48
1 51
1 198
1 65
1 176
1 25
1 122
1 167
1 173
2 16
2 64
2 13
2 159
3 65
3 51
3 167
3 25
3 122
3 173
4 134
4 175
5 10
5 139
5 12
5 141
5 143
5 145
5 148
5 27
5 33
5 41
5 43
5 44
5 45
5 46
5 175
5 48
5 51
5 184
5 185
5 58
5 65
5 194
5 67
5 68
5 72
5 76
5 77
5 78
5 173
5 88
5 91
5 92
5 93
5 98
5 106
5 114
5 117
5 127
6 48
6 102
6 122
6 27
6 141
7 65
7 175
7 198
7 102
7 167
7 45
7 141
7 48
7 173
7 51
7 25
7 122
7 27
8 65
8 102
8 167
8 176
8 141
8 175
8 48
8 173
8 51
8 25
8 57
8 27
9 65
9 175
9 198
9 167
9 199
9 45
9 141
9 176
9 173
9 146
9 51
9 25
9 24
9 57
9 122
9 27
10 65
10 130
10 67
10 181
10 141
10 173
10 176
10 27
10 33
10 98
10 198
10 167
10 41
10 106
10 43
10 45
10 46
10 175
10 48
10 51
10 117
10 57
10 127
11 48
11 175
11 102
11 57
11 122
11 27
11 45
11 141
12 65
12 198
12 173
12 92
12 33
12 98
12 102
12 167
12 43
12 45
12 175
12 51
12 181
12 184
12 57
12 122
13 65
13 165
13 102
13 167
13 137
13 170
13 45
13 141
13 176
13 173
13 51
13 150
13 25
13 122
13 27
13 190
13 198
14 65
14 51
14 167
14 122
16 65
16 198
16 102
16 167
16 176
16 141
16 173
16 48
16 51
16 53
16 25
16 122
16 27
16 157
17 51
18 65
18 198
18 167
18 176
18 45
18 175
18 48
18 173
18 51
18 25
18 57
18 122
19 48
19 171
19 102
19 38
19 122
19 27
19 45
19 141
20 65
20 175
20 102
20 167
20 176
20 45
20 141
20 48
20 173
20 51
20 25
20 27
21 65
21 198
21 102
21 167
21 176
21 141
21 173
21 48
21 51
21 25
21 122
21 27
22 91
22 68
22 37
22 102
22 43
22 141
22 48
22 184
22 178
22 51
22 88
22 122
22 27
22 92
22 93
23 48
23 51
23 102
23 122
23 27
23 124
23 141
24 65
24 198
24 173
24 149
24 25
24 156
24 31
24 48
24 164
24 102
24 167
24 42
24 176
24 45
24 175
24 51
24 57
24 122
24 63
25 28
25 29
25 34
25 35
25 36
25 41
25 43
25 44
25 46
25 47
25 50
25 55
25 56
25 58
25 63
25 64
25 67
25 68
25 69
25 70
25 73
25 75
25 76
25 80
25 82
25 84
25 86
25 88
25 90
25 91
25 93
25 94
25 96
25 99
25 104
25 108
25 109
25 110
25 112
25 114
25 115
25 116
25 125
25 127
25 128
25 130
25 135
25 136
25 139
25 140
25 142
25 143
25 145
25 147
25 148
25 151
25 153
25 154
25 155
25 156
25 158
25 160
25 164
25 169
25 171
25 179
25 184
25 194
25 199
26 48
26 100
26 57
26 122
26 45
26 175
27 28
27 29
27 33
27 35
27 36
27 37
27 38
27 39
27 40
27 41
27 43
27 46
27 49
27 50
27 52
27 55
27 56
27 62
27 64
27 66
27 67
27 68
27 72
27 73
27 74
27 76
27 77
27 78
27 80
27 81
27 84
27 85
27 86
27 88
27 91
27 93
27 94
27 96
27 97
27 98
27 99
27 103
27 104
27 106
27 107
27 108
27 110
27 111
27 112
27 114
27 117
27 118
27 120
27 121
27 123
27 124
27 127
27 129
27 130
27 131
27 132
27 133
27 137
27 139
27 143
27 145
27 146
27 147
27 148
27 149
27 150
27 151
27 153
27 159
27 160
27 163
27 170
27 171
27 172
27 174
27 178
27 179
27 181
27 185
27 188
27 190
27 191
27 193
27 194
28 48
28 102
28 167
28 141
28 173
28 176
28 51
28 122
28 65
29 65
29 198
29 102
29 167
29 176
29 45
29 175
29 48
29 173
29 51
29 57
30 122
31 65
31 66
31 198
31 167
31 199
31 45
31 173
31 48
31 146
31 51
31 57
31 175
32 102
32 57
32 122
32 45
32 175
33 65
33 68
33 72
33 139
33 77
33 78
33 141
33 173
33 148
33 122
33 185
33 88
33 90
33 93
33 96
33 91
33 37
33 102
33 167
33 178
33 44
33 45
33 175
33 50
33 181
33 57
33 114
34 66
34 167
34 45
34 173
34 48
34 146
34 51
34 57
34 175
35 65
35 175
35 102
35 167
35 176
35 45
35 141
35 48
35 173
35 51
35 122
36 65
36 59
36 69
36 102
36 167
36 168
36 141
36 173
36 48
36 113
36 51
36 180
36 89
37 181
37 130
37 67
37 132
37 141
37 173
37 92
37 98
37 102
37 167
37 41
37 106
37 43
37 45
37 48
37 117
37 184
37 127
38 65
38 131
38 133
38 129
38 141
38 89
38 102
38 167
38 168
38 193
38 173
38 48
38 113
38 51
38 180
38 120
38 122
38 59
38 191
39 48
39 175
39 102
39 57
39 122
39 45
39 141
40 48
40 51
40 122
40 141
41 65
41 194
41 68
41 198
41 72
41 141
41 173
41 148
41 178
41 88
41 91
41 93
41 96
41 176
41 102
41 167
41 45
41 46
41 175
41 48
41 114
41 181
41 122
42 65
42 66
42 51
42 199
42 122
42 167
42 146
42 175
43 128
43 132
43 139
43 141
43 173
43 147
43 148
43 152
43 48
43 167
43 44
43 45
43 46
43 176
43 50
43 181
43 185
43 58
43 65
43 194
43 198
43 72
43 73
43 76
43 77
43 78
43 85
43 88
43 143
43 93
43 96
43 102
43 178
43 105
43 114
43 122
44 198
44 102
44 65
44 45
44 173
44 48
44 184
44 51
44 181
44 57
44 176
44 175
44 92
44 167
45 46
45 50
45 52
45 56
45 58
45 62
45 64
45 66
45 67
45 68
45 70
45 72
45 73
45 74
45 75
45 76
45 77
45 78
45 79
45 80
45 84
45 85
45 89
45 90
45 91
45 92
45 93
45 96
45 98
45 100
45 103
45 105
45 106
45 108
45 109
45 112
45 113
45 114
45 117
45 120
45 123
45 127
45 128
45 129
45 130
45 131
45 133
45 134
45 136
45 137
45 139
45 142
45 143
45 145
45 146
45 147
45 148
45 149
45 150
45 151
45 152
45 153
45 158
45 159
45 163
45 164
45 168
45 170
45 179
45 180
45 181
45 185
45 187
45 188
45 190
45 191
45 193
45 194
45 199
46 128
46 65
46 130
46 67
46 181
46 173
46 152
46 92
46 176
46 98
46 198
46 102
46 106
46 175
46 48
46 114
46 51
46 117
46 105
46 184
46 57
46 58
46 127
47 65
47 198
47 167
47 176
47 173
47 175
47 48
47 57
47 122
48 49
48 50
48 56
48 58
48 59
48 62
48 63
48 64
48 66
48 67
48 69
48 70
48 73
48 74
48 75
48 79
48 80
48 81
48 82
48 84
48 86
48 88
48 89
48 91
48 92
48 93
48 94
48 97
48 98
48 99
48 100
48 103
48 104
48 106
48 108
48 109
48 112
48 113
48 114
48 115
48 116
48 117
48 118
48 121
48 123
48 124
48 125
48 127
48 128
48 129
48 130
48 131
48 132
48 133
48 135
48 136
48 137
48 140
48 142
48 144
48 146
48 149
48 150
48 151
48 152
48 153
48 154
48 155
48 158
48 159
48 160
48 161
48 163
48 164
48 168
48 169
48 170
48 171
48 174
48 177
48 178
48 179
48 181
48 184
48 187
48 188
48 190
48 191
48 193
48 194
48 197
48 199
49 141
49 102
50 175
50 198
50 102
50 65
50 173
50 184
50 51
50 176
50 57
50 92
50 167
51 54
51 55
51 56
51 58
51 62
51 63
51 64
51 66
51 69
51 70
51 73
51 74
51 75
51 76
51 78
51 79
51 80
51 81
51 82
51 83
51 84
51 85
51 86
51 90
51 92
51 94
51 96
51 97
51 103
51 104
51 105
51 107
51 108
51 110
51 112
51 114
51 115
51 116
51 118
51 119
51 121
51 124
51 125
51 128
51 132
51 136
51 137
51 138
51 139
51 142
51 143
51 145
51 146
51 147
51 150
51 151
51 152
51 153
51 155
51 156
51 159
51 160
51 163
51 164
51 169
51 170
51 172
51 174
51 181
51 182
51 184
51 185
51 187
51 189
51 190
51 196
51 199
52 175
52 102
52 57
52 122
52 141
53 64
53 108
53 159
54 65
54 167
54 122
55 176
55 65
55 102
55 167
55 141
55 173
56 176
56 175
56 198
56 102
56 167
56 141
56 173
56 57
56 122
57 58
57 62
57 63
57 64
57 66
57 68
57 70
57 72
57 74
57 75
57 76
57 78
57 79
57 81
57 82
57 84
57 85
57 88
57 90
57 91
57 96
57 100
57 103
57 104
57 109
57 112
57 114
57 120
57 123
57 125
57 127
57 128
57 129
57 131
57 134
57 135
57 137
57 139
57 140
57 142
57 143
57 145
57 146
57 147
57 148
57 149
57 150
57 153
57 154
57 156
57 158
57 159
57 163
57 164
57 170
57 172
57 179
57 185
57 188
57 190
57 194
57 199
58 65
58 130
58 67
58 198
58 173
58 92
58 176
58 98
58 167
58 106
58 175
58 117
58 184
58 122
58 181
59 69
59 116
59 171
60 195
60 87
60 122
60 183
60 61
60 126
62 65
62 175
62 102
62 167
62 141
62 173
62 122
63 65
63 66
63 167
63 176
63 173
63 146
63 122
63 199
64 65
64 165
64 198
64 167
64 175
64 141
64 176
64 122
64 157
65 66
65 68
65 69
65 70
65 73
65 75
65 78
65 79
65 80
65 81
65 82
65 83
65 84
65 85
65 86
65 88
65 90
65 91
65 92
65 93
65 96
65 99
65 103
65 104
65 105
65 106
65 107
65 108
65 109
65 110
65 114
65 115
65 116
65 117
65 125
65 127
65 128
65 136
65 137
65 139
65 142
65 143
65 145
65 146
65 147
65 149
65 150
65 151
65 152
65 153
65 155
65 156
65 158
65 159
65 160
65 162
65 163
65 164
65 169
65 170
65 171
65 172
65 179
65 181
65 184
65 187
65 190
65 194
65 199
66 135
66 75
66 141
66 149
66 79
66 156
66 164
66 102
66 167
66 109
66 175
66 112
66 122
67 128
67 194
67 68
67 198
67 73
67 77
67 78
67 141
67 145
67 147
67 173
67 88
67 152
67 122
67 176
67 91
67 102
67 178
67 105
67 106
67 76
67 114
67 181
67 185
68 130
68 132
68 198
68 141
68 173
68 88
68 91
68 98
68 102
68 167
68 106
68 175
68 176
68 178
68 117
68 127
69 180
69 198
69 167
69 168
69 176
69 173
69 113
69 116
69 89
69 122
70 198
70 102
70 167
70 176
70 142
70 141
70 173
70 122
70 175
71 122
71 186
72 175
72 102
72 141
72 173
72 181
72 184
72 122
72 92
72 127
73 130
73 198
73 173
73 92
73 176
73 98
73 102
73 167
73 106
73 175
73 117
73 184
73 122
74 175
74 102
74 167
74 141
74 122
75 198
75 167
75 176
75 173
75 146
75 122
75 175
76 198
76 130
76 102
76 184
76 106
76 141
76 176
76 173
76 117
76 175
76 92
76 181
77 98
77 102
77 184
77 106
77 141
77 173
77 117
77 175
77 181
77 122
77 92
77 130
78 130
78 198
78 141
78 173
78 92
78 98
78 102
78 167
78 106
78 175
78 117
78 184
78 122
78 181
79 167
79 175
79 146
79 122
80 198
80 102
80 176
80 173
80 122
81 167
81 102
81 141
81 175
82 198
82 167
82 176
82 173
82 175
82 122
83 122
83 167
84 175
84 198
84 102
84 167
84 176
84 141
84 173
84 122
85 98
85 102
85 167
85 173
85 184
85 181
85 175
85 92
86 102
86 167
86 176
86 141
86 173
86 122
87 122
87 195
88 130
88 198
88 141
88 132
88 98
88 102
88 167
88 106
88 173
88 175
88 117
88 184
88 181
89 116
89 122
89 171
90 98
90 130
90 106
90 167
90 173
90 117
90 175
90 181
91 130
91 181
91 141
91 173
91 132
91 98
91 198
91 102
91 167
91 106
91 176
91 175
91 178
91 117
91 127
92 128
92 194
92 132
92 198
92 139
92 143
92 145
92 147
92 148
92 152
92 93
92 178
92 176
92 114
92 167
92 105
92 122
92 173
92 181
92 185
93 132
93 198
93 141
93 173
93 176
93 102
93 167
93 175
93 181
93 184
93 127
94 176
94 198
94 102
94 141
94 173
94 122
96 175
96 198
96 102
96 141
96 176
96 173
96 122
96 127
97 198
97 102
97 176
97 122
97 141
97 173
98 128
98 194
98 152
98 139
98 141
98 145
98 147
98 122
98 102
98 178
98 105
98 175
98 114
98 181
98 185
98 143
99 198
99 102
99 141
99 173
99 176
99 122
100 122
100 175
101 122
102 104
102 106
102 110
102 111
102 116
102 117
102 120
102 123
102 124
102 125
102 127
102 129
102 130
102 131
102 132
102 137
102 139
102 142
102 143
102 146
102 147
102 150
102 151
102 153
102 158
102 160
102 163
102 171
102 178
102 181
102 185
102 187
102 188
102 191
102 194
103 167
103 141
104 198
104 167
104 176
104 173
104 175
104 122
105 130
105 167
105 194
105 106
105 117
105 152
105 122
106 194
106 139
106 141
106 152
106 145
106 147
106 178
106 122
106 167
106 114
106 128
106 181
106 185
107 167
107 141
107 175
108 198
108 167
108 176
108 141
108 173
108 122
108 157
109 198
109 167
109 176
109 173
109 146
109 122
109 175
110 167
110 122
110 141
112 176
112 198
112 199
112 175
112 141
112 146
112 122
113 116
113 171
114 130
114 181
114 194
114 141
114 173
114 176
114 198
114 167
114 175
114 117
114 184
114 127
115 198
115 176
115 155
115 173
116 167
116 168
116 176
116 173
116 180
116 122
116 198
117 194
117 152
117 141
117 145
117 147
117 178
117 173
117 167
117 181
117 185
118 141
119 122
120 171
120 122
120 141
121 122
121 141
122 123
122 124
122 126
122 127
122 128
122 129
122 131
122 132
122 133
122 135
122 137
122 138
122 140
122 142
122 145
122 146
122 147
122 148
122 149
122 150
122 151
122 152
122 153
122 154
122 156
122 158
122 159
122 162
122 163
122 168
122 170
122 171
122 182
122 183
122 184
122 185
122 186
122 188
122 189
122 190
122 191
122 192
122 193
122 195
122 196
122 199
123 141
124 141
125 198
125 167
125 173
127 194
127 198
127 141
127 173
127 148
127 176
127 167
127 175
127 181
128 194
128 198
128 173
128 176
128 175
128 184
129 175
129 171
129 141
130 194
130 152
130 198
130 139
130 141
130 145
130 147
130 173
130 176
130 178
130 181
130 185
131 175
131 171
131 141
132 141
132 184
132 178
133 141
134 166
134 175
135 176
135 198
135 199
135 173
135 175
135 146
136 198
136 167
136 176
136 175
136 173
137 175
137 153
139 198
139 141
139 173
139 167
139 175
139 176
139 181
139 184
140 198
140 176
140 175
140 154
140 173
141 142
141 143
141 144
141 145
141 146
141 148
141 149
141 151
141 153
141 159
141 160
141 161
141 170
141 171
141 172
141 174
141 177
141 178
141 181
141 185
141 188
141 191
141 193
141 194
141 197
141 199
142 176
142 173
142 175
142 158
142 198
143 198
143 167
143 176
143 184
143 181
143 175
145 198
145 173
145 167
145 175
145 176
145 181
145 184
146 149
146 164
146 167
146 175
147 198
147 167
147 173
147 176
147 184
148 175
148 181
148 184
149 198
149 167
149 199
149 173
150 175
150 167
150 153
151 175
151 198
151 167
151 176
151 173
152 194
152 198
152 173
152 176
152 167
152 184
153 198
153 167
153 170
153 176
153 173
153 190
154 198
154 176
154 173
155 198
155 176
155 173
156 198
156 167
156 199
156 173
156 175
156 176
157 159
158 198
158 167
158 176
158 173
159 165
159 167
159 175
160 198
160 167
160 176
160 173
162 167
163 167
163 175
164 198
164 167
164 176
164 199
167 169
167 171
167 172
167 179
167 184
167 187
167 194
167 199
168 171
169 198
169 176
169 173
170 175
171 198
171 176
171 173
171 180
171 191
172 175
173 178
173 179
173 181
173 184
173 185
173 187
173 194
173 199
175 178
175 179
175 181
175 190
175 194
176 179
176 184
176 187
176 194
178 184
179 198
181 185
181 194
181 184
184 194
184 198
184 185
187 198
194 198
198 199
