0 64
0 129
0 195
0 5
0 6
0 199
0 139
0 15
0 17
0 18
0 83
0 46
0 29
0 158
0 32
0 168
0 169
0 110
0 111
0 40
0 114
0 179
0 180
0 53
0 184
0 191
0 124
0 189
0 63
1 2
1 70
1 136
1 73
1 138
1 11
1 76
1 126
1 14
1 16
1 81
1 167
1 152
1 157
1 100
1 103
1 194
1 107
1 48
1 49
1 185
2 162
2 115
2 71
2 8
2 11
2 140
2 141
2 78
2 175
2 19
2 24
2 153
2 26
2 27
2 122
3 68
3 69
3 8
3 9
3 10
3 139
3 17
3 18
3 25
3 93
3 39
3 169
3 112
3 72
3 114
3 53
3 54
3 125
3 63
4 131
4 101
4 75
4 140
4 13
4 78
4 141
4 163
4 146
4 19
4 116
4 142
4 183
4 26
4 175
4 165
5 128
5 134
5 73
5 12
5 143
5 80
5 145
5 82
5 21
5 137
5 154
5 155
5 149
5 167
5 105
5 170
5 45
5 174
5 52
5 117
5 182
5 119
5 56
5 159
5 60
5 192
5 85
6 132
6 22
6 134
6 137
6 138
6 11
6 14
6 143
6 16
6 145
6 20
6 21
6 150
6 24
6 153
6 154
6 155
6 157
6 31
6 162
6 35
6 37
6 167
6 170
6 45
6 174
6 182
6 56
6 60
6 192
6 70
6 73
6 76
6 80
6 81
6 82
6 85
6 144
6 98
6 103
6 105
6 117
6 122
6 123
6 126
7 130
7 68
7 72
7 9
7 17
7 110
7 151
7 30
7 96
7 36
7 42
7 44
7 178
7 46
7 125
7 114
7 57
7 58
7 106
8 196
8 155
8 134
8 136
8 73
8 10
8 12
8 190
8 144
8 152
8 67
8 149
8 22
8 88
8 27
8 182
8 97
8 34
8 99
8 102
8 167
8 170
8 43
8 45
8 174
8 177
8 51
8 52
8 117
8 138
8 185
8 186
8 74
8 62
8 181
9 70
9 145
9 74
9 76
9 14
9 79
9 80
9 81
9 82
9 21
9 186
9 24
9 153
9 27
9 157
9 31
9 98
9 37
9 97
9 105
9 103
9 173
9 176
9 119
9 56
9 122
9 159
9 126
10 129
10 199
10 74
10 11
10 76
10 14
10 81
10 18
10 83
10 139
10 150
10 93
10 37
10 40
10 169
10 157
10 179
10 53
10 184
10 126
10 63
11 128
11 131
11 136
11 137
11 12
11 14
11 143
11 144
11 146
11 46
11 22
11 152
11 25
11 154
11 34
11 163
11 134
11 166
11 167
11 170
11 45
11 142
11 175
11 48
11 177
11 51
11 52
11 181
11 185
11 188
11 61
11 192
11 196
11 71
11 75
11 77
11 81
11 84
11 85
11 89
11 165
11 102
11 107
11 110
11 174
11 115
11 116
11 121
11 149
12 129
12 130
12 132
12 137
12 15
12 18
12 151
12 154
12 156
12 29
12 158
12 32
12 36
12 37
12 39
12 41
12 42
12 44
12 46
12 47
12 179
12 180
12 53
12 55
12 184
12 57
12 58
12 59
12 63
12 192
12 66
12 139
12 68
12 199
12 76
12 83
12 85
12 87
12 143
12 96
12 104
12 110
12 111
12 112
12 120
13 132
13 163
13 70
13 81
13 74
13 76
13 194
13 14
13 49
13 146
13 150
13 100
13 122
13 27
13 157
13 126
14 128
14 17
14 146
14 20
14 149
14 25
14 26
14 30
14 163
14 165
14 46
14 175
14 52
14 182
14 183
14 57
14 59
14 188
14 138
14 62
14 69
14 71
14 73
14 77
14 78
14 141
14 91
14 101
14 104
14 110
14 114
14 115
14 116
14 117
14 127
15 66
15 135
15 105
15 119
15 47
15 50
15 86
15 41
15 123
16 131
16 69
16 75
16 140
16 142
16 148
16 46
16 25
16 101
16 106
16 78
16 109
16 110
16 175
16 178
16 116
16 54
16 57
16 187
17 65
17 132
17 97
17 74
17 76
17 79
17 80
17 81
17 21
17 150
17 27
17 94
17 159
17 33
17 164
17 37
17 193
17 173
17 176
17 56
17 186
18 192
18 134
18 136
18 137
18 74
18 98
18 143
18 80
18 82
18 20
18 21
18 22
18 24
18 154
18 27
18 186
18 31
18 97
18 162
18 170
18 166
18 105
18 144
18 45
18 61
18 48
18 117
18 182
18 119
18 56
18 84
18 122
18 123
18 85
19 134
19 138
19 76
19 194
19 144
19 81
19 22
19 152
19 155
19 157
19 100
19 70
19 167
19 170
19 107
19 45
19 174
19 49
19 51
19 190
19 185
20 131
20 132
20 158
20 75
20 140
20 141
20 81
20 78
20 150
20 153
20 26
20 91
20 69
20 31
20 37
20 110
20 46
20 175
20 53
20 122
20 127
21 139
21 110
21 46
21 93
21 53
21 28
21 29
21 158
21 63
22 179
22 140
22 74
22 75
22 76
22 78
22 110
22 26
22 27
22 93
22 158
22 131
22 70
22 142
22 169
22 46
22 29
22 157
22 115
22 116
22 53
22 184
22 126
22 63
23 160
23 68
23 69
23 151
23 87
23 91
23 156
23 30
23 96
23 39
23 104
23 171
23 44
23 120
23 57
23 58
23 125
24 68
24 69
24 72
24 151
24 84
24 110
24 121
24 152
24 25
24 91
24 30
24 96
24 34
24 99
24 36
24 166
24 39
24 42
24 107
24 44
24 46
24 48
24 136
24 51
24 55
24 57
24 58
24 59
24 127
25 133
25 70
25 136
25 138
25 76
25 162
25 190
25 81
25 89
25 197
25 95
25 34
25 35
25 103
25 43
25 108
25 48
25 113
25 126
25 121
25 88
25 61
25 62
26 67
26 150
26 134
26 73
26 138
26 132
26 144
26 121
26 152
26 89
26 155
26 185
26 34
26 99
26 100
26 166
26 167
26 170
26 107
26 174
26 51
26 182
26 84
27 134
27 130
27 144
27 148
27 151
27 152
27 196
27 28
27 165
27 146
27 42
27 44
27 45
27 177
27 178
27 51
27 52
27 53
27 54
27 57
27 187
27 181
27 67
27 68
27 77
27 93
27 99
27 102
27 106
27 107
27 109
27 114
28 187
28 97
28 70
28 103
28 186
28 157
28 126
28 159
29 67
29 196
29 133
29 136
29 185
29 89
29 155
29 159
29 33
29 34
29 102
29 167
29 105
29 107
29 108
29 45
29 174
29 48
29 177
29 51
29 181
29 121
29 123
29 61
30 65
30 197
30 172
30 79
30 88
30 95
30 33
30 162
30 35
30 164
30 37
30 104
30 161
30 193
30 43
30 159
30 173
30 176
30 113
30 59
31 133
31 138
31 160
31 36
31 166
31 39
31 171
31 44
31 48
31 51
31 53
31 182
31 55
31 62
31 67
31 69
31 73
31 77
31 190
31 84
31 87
31 99
31 108
31 110
31 112
31 117
31 120
31 121
31 125
32 128
32 137
32 105
32 123
33 68
33 72
33 151
33 187
33 36
33 104
33 114
33 158
33 54
33 57
33 58
33 59
34 70
34 76
34 139
34 140
34 78
34 131
34 93
34 162
34 169
34 157
34 116
34 53
34 63
35 130
35 36
35 69
35 42
35 151
35 46
35 110
35 57
35 58
35 59
35 127
36 65
36 197
36 137
36 79
36 88
36 143
36 94
36 95
36 164
36 161
36 193
36 43
36 159
36 173
36 113
36 118
36 122
37 192
37 131
37 69
37 141
37 78
37 77
37 154
37 140
37 104
37 46
37 114
37 52
37 190
37 57
37 59
37 188
37 138
37 62
37 127
38 192
38 137
38 154
38 143
39 65
39 197
39 198
39 193
39 88
39 153
39 186
39 94
39 95
39 97
39 162
39 164
39 43
39 172
39 173
39 176
39 113
39 118
39 122
40 133
40 144
40 84
40 185
40 155
40 159
40 166
40 167
40 170
40 108
40 174
40 48
40 52
40 117
40 119
40 121
40 123
41 64
41 180
41 85
41 137
41 143
42 192
42 197
42 198
42 137
42 74
42 79
42 85
42 154
42 92
42 95
42 161
42 162
42 164
42 43
42 172
42 113
42 118
42 122
42 143
43 130
43 69
43 151
43 87
43 91
43 112
43 72
43 120
43 57
43 127
44 192
44 65
44 197
44 137
44 74
44 79
44 85
44 154
44 164
44 193
44 176
44 118
44 122
44 143
45 71
45 75
45 140
45 141
45 78
45 139
45 46
45 93
45 158
45 131
45 142
45 169
45 110
45 115
45 53
46 132
46 134
46 137
46 138
46 143
46 150
46 154
46 155
46 162
46 167
46 170
46 174
46 176
46 56
46 185
46 60
46 192
46 74
46 79
46 80
46 173
46 85
46 88
46 94
46 144
46 103
46 105
46 190
46 119
46 122
46 123
46 126
47 64
47 195
47 180
47 168
47 137
47 191
47 189
48 69
48 70
48 73
48 75
48 76
48 141
48 153
48 175
48 93
48 162
48 103
48 157
48 140
48 179
48 53
48 182
48 184
48 122
48 117
48 126
48 63
49 131
49 163
49 71
49 75
49 140
49 78
49 141
49 146
49 115
49 116
49 142
49 175
49 165
50 64
50 66
50 195
50 180
50 191
50 189
51 162
51 70
51 103
51 140
51 74
51 76
51 141
51 78
51 122
51 153
51 126
52 129
52 132
52 81
52 74
52 76
52 83
52 199
52 184
52 179
52 158
53 133
53 134
53 136
53 137
53 138
53 143
53 153
53 155
53 167
53 170
53 174
53 186
53 60
53 61
53 62
53 73
53 74
53 190
53 80
53 82
53 84
53 89
53 98
53 108
53 117
53 119
53 122
53 123
54 74
54 159
55 97
55 162
55 137
55 79
55 153
55 186
55 94
56 139
56 114
56 110
56 169
56 93
56 63
57 197
57 198
57 137
57 74
57 79
57 81
57 150
57 92
57 95
57 162
57 161
57 172
57 113
57 88
57 143
58 192
58 65
58 197
58 137
58 79
58 88
58 85
58 153
58 154
58 143
58 94
58 159
58 162
58 164
58 173
58 176
58 118
58 122
59 192
59 198
59 161
59 137
59 143
59 88
59 150
59 154
59 92
59 159
59 162
59 172
59 95
60 158
60 63
60 93
61 73
61 138
61 76
61 190
61 153
61 162
61 140
61 179
61 122
61 62
62 132
62 140
62 78
62 81
62 84
62 150
62 89
62 91
62 133
62 166
62 184
62 108
62 110
62 179
62 116
62 153
62 121
62 63
63 134
63 136
63 137
63 98
63 143
63 84
63 155
63 166
63 167
63 170
63 174
63 190
63 119
63 123
63 138
64 123
64 147
64 86
64 119
64 66
65 130
65 72
65 87
65 112
65 114
65 120
65 68
66 195
66 135
66 143
66 180
66 189
67 162
67 70
67 103
67 74
67 140
67 141
67 78
67 157
67 122
67 153
67 126
68 97
68 137
68 74
68 79
68 88
68 186
68 94
68 159
68 162
68 164
68 193
68 176
68 118
68 122
69 198
69 197
69 70
69 73
69 138
69 76
69 126
69 190
69 81
69 150
69 153
69 92
69 157
69 97
69 172
69 113
69 117
69 182
69 88
69 122
70 133
70 142
70 155
70 165
70 166
70 167
70 170
70 175
70 185
70 187
70 188
70 77
70 84
70 89
70 99
70 108
70 121
71 107
71 134
71 167
71 76
71 144
71 152
71 100
72 198
72 97
72 137
72 143
72 153
72 79
72 92
72 186
72 94
72 95
72 164
72 161
72 193
72 173
72 176
72 118
72 88
72 122
73 131
73 132
73 140
73 141
73 78
73 84
73 150
73 153
73 89
73 158
73 110
73 142
73 175
73 116
73 122
74 128
74 77
74 144
74 163
74 110
74 185
74 152
74 155
74 99
74 165
74 167
74 107
74 146
74 174
74 114
74 170
75 142
75 121
75 89
75 155
75 157
75 185
75 144
75 134
75 166
75 103
75 170
75 108
75 174
75 117
75 182
75 84
75 126
76 128
76 133
76 136
76 144
76 146
76 148
76 149
76 152
76 163
76 165
76 166
76 167
76 175
76 178
76 183
76 188
76 77
76 84
76 89
76 91
76 99
76 101
76 106
76 108
76 109
76 114
76 115
76 121
76 127
77 100
77 103
77 81
77 150
77 153
77 157
77 126
78 133
78 132
78 194
78 81
78 152
78 89
78 150
78 144
78 99
78 166
78 167
78 107
78 190
78 84
79 96
79 130
79 171
79 151
79 114
79 110
79 160
79 156
79 125
80 158
80 114
80 110
81 128
81 140
81 146
81 149
81 165
81 116
81 163
81 101
81 104
81 175
81 114
81 115
81 117
81 182
81 183
81 190
81 188
81 138
82 114
82 158
83 128
83 119
83 137
83 105
83 123
84 138
84 131
84 139
84 142
84 153
84 93
84 169
84 157
84 140
84 179
84 116
84 184
84 122
85 96
85 147
85 110
85 150
85 158
85 104
85 124
86 191
86 195
86 180
86 168
86 137
86 143
86 189
87 164
87 113
87 97
87 173
87 176
87 88
87 153
87 122
87 186
87 94
88 112
88 104
88 110
88 120
88 125
89 138
89 141
89 190
89 131
89 142
89 153
89 162
89 103
89 157
89 140
89 116
89 122
89 126
90 119
90 137
90 105
90 123
90 143
91 197
91 138
91 126
91 190
91 162
91 103
91 117
91 182
92 130
92 198
92 112
92 104
92 113
92 151
92 125
93 134
93 136
93 98
93 144
93 145
93 97
93 155
93 166
93 105
93 170
93 174
93 119
93 185
93 186
93 123
93 138
94 160
94 110
94 156
94 171
94 120
95 130
95 151
95 112
95 120
95 125
96 192
96 162
96 164
96 197
96 137
96 173
96 176
96 118
96 122
96 143
96 154
97 139
97 148
97 169
97 156
97 109
97 112
97 120
97 187
97 125
99 162
99 140
99 141
99 157
99 126
100 101
100 140
100 141
100 115
100 116
100 142
100 183
100 188
100 165
101 107
101 152
102 162
102 153
102 122
103 133
103 142
103 146
103 131
103 148
103 110
103 163
103 165
103 106
103 108
103 109
103 175
103 178
103 116
103 121
103 187
103 188
103 127
104 192
104 132
104 197
104 137
104 143
104 150
104 154
104 162
104 172
105 129
105 199
105 139
105 158
105 169
105 110
105 111
105 179
105 124
106 126
107 131
107 140
107 141
107 162
107 175
107 115
107 116
107 183
107 122
108 131
108 138
108 140
108 142
108 190
108 184
108 153
108 157
108 179
108 116
108 122
108 126
109 186
109 126
110 132
110 134
110 137
110 138
110 143
110 145
110 150
110 153
110 167
110 170
110 176
110 182
110 190
110 192
110 173
110 144
110 117
110 119
110 123
110 126
111 119
112 162
112 113
112 198
112 161
112 172
112 153
112 122
112 186
113 161
113 130
113 198
113 172
113 151
113 120
114 132
114 150
114 159
114 193
114 118
115 134
115 194
115 170
115 144
115 167
116 133
116 190
116 167
116 152
116 157
116 144
116 134
116 166
116 170
116 126
116 121
117 131
117 158
117 141
117 142
117 153
117 175
117 122
118 120
118 125
119 129
119 195
119 139
119 158
119 168
119 179
119 184
119 191
119 124
119 189
120 197
120 198
120 161
120 186
120 164
120 193
120 172
120 173
120 122
121 138
121 140
121 142
121 190
121 131
121 153
121 162
121 179
121 184
121 122
121 126
122 133
122 138
122 151
122 152
122 196
122 156
122 160
122 163
122 165
122 166
122 171
122 177
122 182
122 181
122 190
122 146
122 125
122 127
123 129
123 195
123 199
123 139
123 158
123 168
123 179
123 180
123 124
123 189
124 192
124 137
124 154
124 143
125 193
125 197
125 198
125 137
125 143
125 186
125 161
125 162
125 164
125 172
125 173
125 176
126 175
126 142
126 144
126 146
126 131
126 148
126 155
126 185
126 133
126 165
126 163
126 167
126 174
126 178
126 187
126 188
127 162
127 132
127 138
127 150
127 197
128 129
128 132
128 199
128 149
128 150
128 158
129 149
129 137
129 143
130 161
130 197
130 198
130 172
131 134
131 136
131 152
131 166
131 182
132 137
132 146
132 143
132 163
132 165
132 140
132 190
132 188
132 138
133 138
133 140
133 142
133 190
133 157
133 179
133 184
134 141
134 142
134 139
134 158
134 169
135 180
136 162
136 140
136 142
136 139
136 169
136 175
137 158
137 150
137 199
137 147
138 184
138 139
138 140
138 150
138 166
138 175
138 179
138 169
138 153
139 144
139 155
139 166
139 170
139 174
139 185
139 186
140 185
140 152
140 155
140 144
140 166
140 167
140 170
140 174
140 190
141 194
141 144
141 182
142 194
142 155
142 157
142 144
142 166
142 170
142 167
142 174
142 185
143 199
143 158
143 150
144 179
144 169
144 184
145 158
146 165
147 192
147 195
147 168
147 189
147 191
148 186
149 199
149 158
150 192
150 154
150 165
150 190
150 188
151 162
151 197
151 198
151 172
151 159
152 162
152 175
152 183
153 160
153 177
153 190
153 196
153 156
153 181
153 166
153 171
153 182
153 188
154 158
155 175
155 174
155 184
156 197
156 173
156 176
157 165
157 166
157 175
157 187
157 188
158 159
158 167
158 182
158 192
159 187
159 184
159 179
160 197
160 173
160 186
162 177
162 196
162 166
163 165
165 194
166 169
166 190
166 184
167 179
167 175
167 184
169 186
170 179
170 175
170 184
171 197
174 179
174 184
174 185
175 194
175 182
175 185
179 185
179 182
179 190
182 184
183 194
184 185
184 190
186 187
188 194
