0 149
0 66
0 67
0 68
0 70
0 140
0 194
0 19
0 20
0 78
0 150
0 164
0 91
0 92
0 159
0 196
0 165
0 98
0 131
0 37
0 40
0 170
0 114
0 110
0 175
0 104
0 50
0 52
0 56
0 122
0 127
1 153
1 38
2 100
2 53
2 6
2 184
2 132
2 102
2 141
3 130
3 131
3 133
3 9
3 13
3 15
3 148
3 149
3 150
3 34
3 164
3 37
3 42
3 171
3 44
3 49
3 137
3 56
3 192
3 65
3 68
3 70
3 74
3 78
3 81
3 92
3 198
3 96
3 104
3 111
3 121
3 122
4 64
4 35
4 101
4 168
4 172
4 46
4 143
4 8
4 83
4 187
4 123
4 189
5 199
5 58
5 142
6 131
6 70
6 9
6 55
6 140
6 66
6 13
6 17
6 148
6 21
6 173
6 91
6 92
6 30
6 159
6 37
6 40
6 105
6 106
6 45
6 111
6 50
6 115
6 52
6 54
6 73
6 175
6 114
6 190
6 85
7 128
7 194
7 67
7 68
7 150
7 198
7 140
7 13
7 78
7 16
7 17
7 73
7 30
7 98
7 165
7 145
7 40
7 105
7 42
7 171
7 45
7 174
7 47
7 50
7 120
7 122
8 108
8 158
8 18
8 62
8 57
8 119
9 193
9 69
9 10
9 76
9 141
9 79
9 82
9 188
9 22
9 24
9 90
9 28
9 29
9 94
9 159
9 134
9 92
9 154
9 48
9 53
9 182
9 59
9 60
9 126
9 117
10 66
10 67
10 68
10 198
10 71
10 140
10 77
10 78
10 16
10 145
10 19
10 20
10 149
10 196
10 26
10 91
10 159
10 131
10 37
10 40
10 106
10 174
10 114
10 110
10 104
10 50
10 52
10 148
10 122
10 127
11 66
11 67
11 178
11 71
11 73
11 75
11 140
11 77
11 16
11 17
11 19
11 86
11 196
11 30
11 27
11 114
11 39
11 105
11 106
11 167
11 45
11 174
11 50
11 170
11 125
12 163
12 38
12 135
12 43
12 108
12 80
12 51
12 156
12 191
13 69
13 141
13 79
13 82
13 147
13 87
13 25
13 28
13 29
13 94
13 95
13 160
13 33
13 197
13 100
13 134
13 31
13 41
13 48
13 117
13 185
13 58
13 59
13 188
14 179
14 97
14 72
14 152
14 82
14 99
14 22
14 24
14 25
14 75
14 160
14 27
14 102
14 39
14 95
14 103
14 48
14 178
14 147
14 53
14 118
14 184
14 185
14 58
14 59
15 160
15 116
15 147
15 185
15 41
15 95
15 31
16 193
16 75
16 86
16 134
16 147
16 139
16 22
16 24
16 25
16 27
16 28
16 29
16 195
16 39
16 188
16 103
16 154
16 48
16 116
16 182
16 186
16 59
16 60
16 126
17 193
17 67
17 178
17 69
17 140
17 141
17 79
17 82
17 196
17 22
17 87
17 25
17 75
17 28
17 154
17 30
17 100
17 134
17 103
17 40
17 170
17 71
17 45
17 50
17 186
17 60
17 126
18 64
18 113
18 101
18 151
18 168
18 93
18 189
19 132
19 134
19 20
19 22
19 25
19 27
19 28
19 31
19 160
19 39
19 178
19 179
19 53
19 182
19 184
19 58
19 59
19 188
19 69
19 72
19 73
19 76
19 79
19 86
19 186
19 97
19 99
19 103
19 105
19 118
19 126
20 196
20 134
20 199
20 76
20 142
20 147
20 24
20 28
20 95
20 170
20 48
20 53
20 182
20 58
21 100
21 55
21 107
21 141
22 66
22 67
22 68
22 198
22 140
22 77
22 145
22 148
22 196
22 91
22 92
22 30
22 164
22 40
22 105
22 170
22 45
22 174
22 111
22 50
22 122
22 190
23 64
23 83
23 123
23 46
24 131
24 68
24 70
24 77
24 148
24 174
24 26
24 175
24 92
24 164
24 37
24 110
24 111
24 52
24 56
24 122
24 190
24 127
25 194
25 115
25 164
25 98
25 77
25 105
25 170
25 173
25 47
25 174
25 54
25 73
25 120
25 196
25 92
25 159
26 131
26 132
26 69
26 134
26 72
26 139
26 76
26 79
26 86
26 87
26 27
26 28
26 29
26 94
26 182
26 162
26 99
26 39
26 82
26 175
26 178
26 179
26 52
26 53
26 118
26 59
26 117
27 66
27 67
27 196
27 140
27 77
27 131
27 78
27 91
27 30
27 164
27 178
27 40
27 106
27 45
27 175
27 114
27 52
27 186
28 66
28 131
28 196
28 140
28 78
28 77
28 174
28 150
28 91
28 92
28 159
28 32
28 34
28 165
28 40
28 105
28 106
28 110
28 175
28 104
28 50
28 52
28 73
28 56
28 170
28 190
28 127
29 192
29 65
29 131
29 68
29 138
29 78
29 77
29 81
29 148
29 150
29 196
29 175
29 92
29 159
29 144
29 165
29 40
29 169
29 171
29 44
29 174
29 111
29 176
29 49
29 52
29 137
29 120
29 170
29 61
29 190
29 63
30 132
30 142
30 147
30 154
30 31
30 160
30 162
30 134
30 39
30 41
30 179
30 53
30 184
30 186
30 60
30 193
30 139
30 69
30 199
30 72
30 73
30 75
30 79
30 86
30 87
30 90
30 94
30 100
30 103
30 105
30 167
30 116
30 117
30 118
31 128
31 129
31 131
31 133
31 138
31 140
31 149
31 164
31 169
31 42
31 171
31 44
31 45
31 50
31 180
31 181
31 56
31 61
31 66
31 67
31 196
31 71
31 77
31 88
31 89
31 91
31 96
31 104
31 106
31 114
31 121
31 124
31 170
31 127
32 97
32 195
32 69
32 199
32 41
32 142
32 116
32 152
32 185
32 95
33 192
33 65
33 70
33 129
33 136
33 137
33 74
33 140
33 81
33 149
33 133
33 37
33 40
33 45
33 49
33 50
33 180
33 181
33 183
33 56
33 104
33 124
34 69
34 134
34 185
34 58
34 95
35 36
35 108
35 177
35 146
35 51
35 62
35 119
35 157
35 158
36 64
36 177
36 168
36 172
36 187
36 143
37 132
37 182
37 97
37 76
37 141
37 142
37 152
37 195
37 199
37 95
37 99
37 102
37 40
37 41
37 71
37 50
37 116
37 53
37 118
37 184
37 58
38 161
38 168
38 46
38 143
38 113
38 83
38 189
38 123
38 93
39 68
39 198
39 75
39 140
39 77
39 145
39 196
39 164
39 186
39 131
39 178
39 40
39 170
39 45
39 174
39 175
39 50
39 52
39 122
40 132
40 139
40 141
40 142
40 147
40 149
40 152
40 154
40 197
40 162
40 41
40 48
40 178
40 179
40 53
40 182
40 184
40 58
40 59
40 60
40 134
40 193
40 195
40 69
40 70
40 199
40 72
40 73
40 75
40 76
40 79
40 82
40 86
40 87
40 90
40 188
40 97
40 99
40 100
40 102
40 103
40 104
40 105
40 167
40 116
40 117
40 118
40 125
40 126
41 198
41 65
41 66
41 67
41 68
41 70
41 71
41 96
41 140
41 131
41 88
41 91
41 77
41 44
41 45
41 175
41 112
41 49
41 50
41 183
41 121
41 122
41 106
42 193
42 132
42 69
42 147
42 154
42 87
42 90
42 160
42 99
42 195
42 171
42 48
42 185
42 59
42 117
43 64
43 83
43 101
43 168
43 172
43 123
43 46
43 143
44 160
44 195
44 48
44 147
44 185
44 95
45 132
45 142
45 147
45 154
45 160
45 162
45 197
45 178
45 53
45 184
45 58
45 59
45 60
45 139
45 69
45 199
45 72
45 73
45 75
45 79
45 82
45 86
45 87
45 90
45 186
45 94
45 100
45 102
45 103
45 105
45 117
45 125
45 126
45 195
46 135
46 108
46 146
46 51
46 57
46 155
46 157
46 158
47 193
47 99
47 132
47 102
47 79
47 82
47 179
47 53
47 118
47 87
47 184
47 90
47 59
47 154
47 94
47 117
48 128
48 65
48 71
48 77
48 174
48 92
48 159
48 164
48 171
48 110
48 111
48 49
48 50
48 183
48 120
48 148
48 190
48 127
49 197
49 195
49 97
49 199
49 147
49 152
49 185
49 58
49 95
50 139
50 141
50 142
50 195
50 149
50 152
50 160
50 162
50 197
50 182
50 56
50 58
50 59
50 60
50 134
50 193
50 69
50 70
50 199
50 73
50 76
50 79
50 82
50 87
50 90
50 94
50 97
50 99
50 104
50 167
50 116
50 117
50 125
50 126
51 64
51 83
51 101
51 168
51 123
51 189
52 195
52 68
52 69
52 141
52 78
52 82
52 86
52 132
52 150
52 165
52 100
52 134
52 102
52 188
52 95
52 116
52 53
52 182
52 184
52 185
52 59
52 60
52 126
53 131
53 68
53 198
53 71
53 194
53 140
53 175
53 173
53 120
53 149
53 196
53 111
53 92
53 159
53 98
53 164
53 145
53 115
53 56
53 148
53 122
54 82
54 100
54 87
54 59
54 141
55 193
55 100
55 141
55 79
55 82
55 85
55 154
55 94
55 117
56 132
56 69
56 134
56 97
56 76
56 141
56 142
56 152
56 147
56 199
56 160
56 197
56 100
56 102
56 71
56 182
56 184
56 185
57 64
57 101
57 123
57 172
58 65
58 66
58 67
58 196
58 70
58 71
58 136
58 129
58 74
58 109
58 88
58 130
58 164
58 166
58 170
58 110
58 180
58 181
58 183
58 120
58 84
58 124
58 61
58 127
59 128
59 66
59 67
59 196
59 71
59 111
59 77
59 148
59 78
59 150
59 164
59 91
59 92
59 159
59 165
59 131
59 114
59 169
59 171
59 174
59 190
59 73
59 120
59 170
59 106
59 175
60 66
60 67
60 198
60 71
60 140
60 77
60 131
60 148
60 91
60 92
60 159
60 145
60 105
60 106
60 174
60 175
60 190
60 73
60 122
60 126
61 160
61 97
61 197
61 199
61 142
61 147
61 152
61 188
62 64
62 83
62 187
62 123
62 172
62 143
63 133
63 188
63 95
64 155
64 163
64 135
64 191
64 80
64 158
64 119
64 156
64 157
65 195
65 147
65 116
65 152
65 185
65 188
66 75
66 72
66 76
66 141
66 82
66 147
66 186
66 94
66 160
66 134
66 195
66 178
66 116
66 117
66 182
66 126
67 193
67 75
67 186
67 72
67 73
67 76
67 141
67 79
67 82
67 147
67 87
67 154
67 160
67 99
67 100
67 195
67 103
67 178
67 116
67 182
67 126
68 132
68 72
68 139
68 76
68 79
68 131
68 90
68 94
68 162
68 99
68 103
68 175
68 179
68 118
68 185
68 126
68 117
69 128
69 130
69 131
69 196
69 70
69 71
69 78
69 149
69 88
69 120
69 91
69 159
69 165
69 105
69 171
69 110
69 175
69 104
69 190
69 73
69 170
69 169
70 97
70 76
70 141
70 142
70 182
70 199
70 95
70 197
70 99
70 100
70 71
70 179
70 118
70 185
71 75
71 132
71 72
71 73
71 76
71 86
71 82
71 147
71 134
71 149
71 184
71 186
71 160
71 162
71 139
71 102
71 103
71 104
71 178
71 182
71 105
71 126
72 198
72 73
72 140
72 77
72 145
72 78
72 150
72 196
72 91
72 159
72 164
72 165
72 106
72 114
72 170
73 193
73 178
73 140
73 79
73 75
73 196
73 87
73 90
73 154
73 100
73 134
73 103
73 170
73 94
73 186
73 126
74 97
74 185
74 199
74 142
74 95
75 196
75 140
75 77
75 139
75 78
75 91
75 162
75 164
75 105
75 106
75 167
75 174
75 114
75 170
75 186
76 198
76 140
76 77
76 78
76 145
76 149
76 150
76 196
76 91
76 92
76 159
76 165
76 131
76 170
76 174
76 110
76 111
76 122
76 127
77 193
77 134
77 79
77 82
77 147
77 139
77 86
77 87
77 90
77 94
77 160
77 188
77 162
77 195
77 167
77 154
77 178
77 116
77 117
77 182
77 186
78 193
78 182
78 132
78 134
78 175
78 79
78 82
78 131
78 150
78 87
78 90
78 94
78 95
78 99
78 165
78 102
78 154
78 178
78 179
78 118
78 184
78 188
79 198
79 140
79 196
79 91
79 92
79 159
79 165
79 98
79 114
79 145
79 106
79 107
79 174
79 122
79 170
79 190
80 189
81 197
81 97
81 152
81 185
81 188
81 142
81 95
82 196
82 194
82 111
82 148
82 150
82 164
82 91
82 92
82 159
82 165
82 98
82 131
82 114
82 105
82 106
82 107
82 175
82 170
82 190
83 135
83 108
83 146
83 153
83 157
84 147
85 107
85 100
85 141
86 131
86 196
86 198
86 140
86 122
86 164
86 170
86 174
86 175
86 186
87 194
87 198
87 111
87 140
87 150
87 91
87 92
87 159
87 165
87 98
87 114
87 105
87 171
87 120
87 122
87 106
88 160
88 147
88 116
88 134
88 95
88 195
89 160
89 199
89 142
90 194
90 171
90 198
90 140
90 148
90 150
90 120
90 91
90 92
90 159
90 98
90 145
90 107
90 174
90 122
90 190
91 193
91 195
91 141
91 147
91 154
91 160
91 99
91 100
91 134
91 103
91 178
91 179
91 116
91 182
91 186
91 126
92 193
92 132
92 148
92 94
92 95
92 134
92 102
92 188
92 154
92 111
92 118
92 184
92 190
92 126
93 153
94 198
94 194
94 140
94 145
94 150
94 111
94 159
94 165
94 114
94 105
94 107
94 148
94 122
94 190
95 128
95 96
95 130
95 131
95 133
95 137
95 198
95 192
95 144
95 150
95 159
95 165
95 164
95 145
95 176
95 110
95 175
95 112
95 120
95 121
95 122
95 138
96 160
96 116
96 147
96 195
96 185
97 196
97 129
97 136
97 164
97 170
97 109
97 104
97 124
98 193
98 99
98 102
98 179
98 118
98 184
99 128
99 194
99 111
99 145
99 148
99 150
99 196
99 165
99 164
99 169
99 171
99 110
99 120
99 122
99 170
100 175
100 131
100 148
100 105
100 107
100 111
100 190
101 108
101 177
101 158
101 119
101 153
101 155
102 128
102 131
102 196
102 194
102 173
102 175
102 159
102 164
102 169
102 110
102 115
102 122
103 140
103 196
103 164
103 105
103 170
103 174
104 134
104 141
104 147
104 149
104 152
104 160
104 197
104 182
104 185
105 196
105 141
105 134
105 170
105 178
105 186
105 126
105 117
106 147
106 134
106 195
106 178
106 116
106 182
106 186
106 126
107 193
107 154
107 117
107 141
108 168
108 123
108 189
109 152
110 160
110 132
110 182
110 179
110 147
110 118
110 184
110 134
111 141
111 159
111 182
111 185
111 188
111 126
111 117
112 195
112 116
113 153
113 151
114 147
114 160
114 178
114 117
114 182
114 186
114 126
115 132
115 184
116 128
116 131
116 164
116 169
116 174
116 175
116 183
116 120
116 121
117 128
117 171
117 198
117 194
117 140
117 145
117 148
117 150
117 169
117 159
117 165
117 120
117 190
118 128
118 198
118 194
118 140
118 145
118 150
118 196
118 159
118 164
118 169
118 171
118 120
118 122
118 170
118 127
119 168
119 172
119 187
119 189
120 193
120 195
120 147
120 179
120 188
121 160
121 147
121 195
122 193
122 132
122 139
122 131
122 182
122 154
122 162
122 167
122 179
122 184
122 185
122 125
122 126
123 135
123 146
123 155
123 157
124 160
124 147
124 197
124 152
124 199
124 142
125 178
125 140
125 131
126 198
126 140
126 175
126 148
126 196
126 159
126 145
126 170
126 190
127 160
127 182
127 134
127 147
128 193
128 195
128 147
128 154
128 160
128 179
128 184
129 160
129 147
129 197
129 152
129 199
130 185
131 132
131 139
131 141
131 147
131 150
131 160
131 162
131 165
131 182
131 184
131 185
131 134
131 195
131 198
131 188
131 167
132 198
132 140
132 173
132 150
132 196
132 175
132 159
132 165
132 169
132 171
132 170
133 160
133 137
133 138
133 176
133 192
133 144
133 147
133 152
133 185
133 188
134 196
134 175
134 140
134 149
134 150
134 159
134 165
134 174
134 148
134 170
135 168
135 189
136 197
136 152
136 199
136 142
137 147
137 188
137 197
138 147
138 185
138 188
139 198
139 145
139 140
139 174
139 178
139 186
140 141
140 142
140 147
140 162
140 178
140 179
140 182
140 193
140 197
140 199
140 195
140 167
141 149
141 175
141 148
141 190
142 181
142 183
143 158
143 177
143 146
143 153
143 155
143 157
144 188
145 193
145 182
145 154
145 185
146 187
146 172
147 149
147 164
147 166
147 169
147 171
147 174
147 175
147 180
147 183
147 192
147 196
148 193
148 159
148 188
148 154
148 182
148 185
149 197
149 182
149 152
149 185
150 193
150 182
150 154
150 175
150 179
150 185
150 188
152 164
152 183
153 161
153 168
153 172
153 189
153 187
154 198
154 165
154 169
154 174
154 190
155 187
155 168
155 172
156 189
157 187
157 172
158 168
158 187
158 172
159 193
159 182
159 188
159 184
159 190
160 196
160 192
160 164
160 171
160 180
160 181
163 189
164 186
164 178
164 184
164 185
164 195
165 193
165 175
165 179
165 185
165 188
167 186
167 178
168 177
169 193
169 179
169 185
169 188
170 182
170 186
170 178
170 179
170 184
170 188
171 193
171 179
171 188
172 177
173 184
174 193
174 195
174 188
174 178
174 182
174 186
175 195
175 188
175 184
176 188
177 189
178 196
178 186
179 194
179 196
180 197
180 199
181 197
181 199
182 198
182 190
183 195
183 197
183 199
184 194
185 192
185 198
186 196
188 192
188 196
188 190
189 191
190 193
192 197
193 194
193 198
