0 1
0 7
0 9
0 13
0 14
0 15
0 145
0 146
0 19
0 20
0 154
0 28
0 34
0 40
0 135
0 46
0 177
0 51
0 180
0 181
0 184
0 60
0 189
0 190
0 193
0 139
0 129
0 197
0 70
0 73
0 77
0 85
0 91
0 99
0 103
0 110
0 116
0 122
0 125
1 2
1 67
1 133
1 199
1 137
1 130
1 82
1 83
1 149
1 88
1 154
1 174
1 159
1 160
1 162
1 36
1 37
1 41
1 172
1 45
1 46
1 47
1 182
1 63
1 124
1 62
1 127
2 192
2 107
2 147
2 197
2 70
2 7
2 75
2 115
2 18
2 19
2 22
2 87
2 152
2 25
2 26
2 28
2 29
2 30
2 165
2 161
2 99
2 134
2 38
2 103
2 40
2 156
2 154
2 111
2 49
2 51
2 58
2 191
2 126
2 65
4 130
4 67
4 196
4 69
4 71
4 140
4 16
4 81
4 82
4 131
4 150
4 24
4 153
4 155
4 157
4 31
4 97
4 162
4 35
4 133
4 17
4 42
4 199
4 44
4 109
4 174
4 47
4 50
4 187
4 118
4 119
4 120
4 88
4 159
4 124
4 62
4 127
5 166
6 97
6 98
6 69
6 106
6 31
7 67
7 69
7 71
7 137
7 183
7 12
7 130
7 109
7 81
7 82
7 24
7 153
7 155
7 31
7 133
7 98
7 35
7 162
7 106
7 199
7 45
7 47
7 114
7 187
7 119
7 120
7 88
7 159
7 124
7 62
7 127
8 97
8 98
8 36
8 182
8 71
8 106
8 183
8 12
8 82
8 83
8 153
8 118
8 119
8 88
8 187
8 120
9 130
9 67
9 69
9 199
9 12
9 162
9 109
9 81
9 83
9 155
9 182
9 31
9 133
9 97
9 98
9 35
9 36
9 106
9 45
9 174
9 47
9 187
9 118
9 183
9 120
9 159
9 124
9 62
10 20
10 85
10 74
10 125
11 97
11 130
11 69
11 118
11 153
11 24
11 120
11 155
11 199
12 139
12 13
12 145
12 146
12 149
12 151
12 154
12 27
12 160
12 33
12 167
12 43
12 46
12 136
12 52
12 181
12 183
12 59
12 60
12 189
12 63
12 194
12 68
12 70
12 78
12 79
12 80
12 86
12 90
12 94
12 107
12 114
12 116
12 117
12 191
12 126
13 130
13 67
13 69
13 71
13 183
13 88
13 82
13 24
13 153
13 155
13 31
13 133
13 97
13 162
13 146
13 199
13 109
13 47
13 114
13 119
13 120
13 159
13 124
14 133
14 71
14 183
14 82
14 83
14 24
14 153
14 199
14 31
14 162
14 35
14 36
14 37
14 41
14 170
14 43
14 172
14 45
14 174
14 114
14 187
14 119
14 120
14 88
14 159
14 62
15 67
15 69
15 71
15 137
15 130
15 81
15 82
15 83
15 153
15 155
15 31
15 133
15 98
15 35
15 106
15 199
15 172
15 109
15 174
15 47
15 162
15 118
15 119
15 88
15 187
15 124
15 62
15 127
16 96
16 66
16 74
16 77
16 20
16 85
16 89
16 122
16 186
16 95
17 20
17 74
17 125
17 122
17 95
18 67
18 133
18 137
18 172
18 162
18 174
18 47
18 155
18 41
18 127
18 124
18 62
18 37
19 67
19 133
19 199
19 137
19 130
19 83
19 155
19 159
19 162
19 36
19 41
19 172
19 45
19 174
19 47
19 124
19 62
19 127
20 130
20 131
20 132
20 133
20 140
20 24
20 153
20 155
20 157
20 159
20 162
20 42
20 44
20 173
20 174
20 176
20 50
20 179
20 186
20 188
20 62
20 64
20 66
20 67
20 196
20 69
20 198
20 199
20 77
20 85
20 96
20 97
20 98
20 101
20 106
20 108
20 118
20 124
21 133
21 97
21 98
21 69
21 71
21 106
21 174
21 47
21 81
21 82
21 120
21 119
21 24
21 88
21 153
21 159
21 62
21 127
22 137
22 151
22 143
22 79
22 81
22 82
22 121
22 24
22 153
22 35
22 167
22 169
22 106
22 45
22 114
22 52
22 117
22 118
22 183
22 120
22 88
22 187
22 109
23 162
23 155
23 174
23 127
23 124
23 159
23 47
24 129
24 138
24 146
24 152
24 26
24 154
24 165
24 40
24 170
24 43
24 46
24 54
24 186
24 59
24 60
24 189
24 191
24 193
24 66
24 68
24 76
24 84
24 85
24 86
24 89
24 94
24 95
24 96
24 104
24 110
24 111
24 148
24 122
24 126
24 149
25 83
25 36
25 37
25 182
25 137
25 41
25 172
25 45
26 133
26 67
26 36
26 37
26 130
26 162
26 41
26 172
26 45
26 47
26 120
26 83
26 182
26 137
26 153
26 159
26 127
27 191
27 35
27 36
27 75
27 109
27 81
27 114
27 171
27 183
27 152
27 187
27 61
27 126
27 31
28 67
28 36
28 133
28 199
28 159
28 130
28 174
28 47
28 83
28 155
28 124
28 62
28 127
29 67
29 133
29 137
29 130
29 45
29 83
29 159
29 97
29 98
29 35
29 37
29 41
29 172
29 47
29 182
29 120
29 62
29 127
30 193
30 69
30 137
30 130
30 83
30 149
30 153
30 154
30 97
30 98
30 36
30 41
30 106
30 45
30 46
30 174
30 182
30 62
30 127
31 129
31 136
31 139
31 145
31 146
31 149
31 151
31 154
31 156
31 160
31 169
31 46
31 177
31 51
31 52
31 181
31 57
31 59
31 60
31 189
31 63
31 193
31 194
31 197
31 76
31 78
31 80
31 90
31 143
31 95
31 100
31 104
31 107
31 110
31 116
31 121
32 96
32 66
32 125
32 95
33 97
33 98
33 69
33 183
33 120
33 106
33 114
34 130
34 133
34 199
34 162
34 174
34 184
34 155
34 62
34 159
35 129
35 136
35 138
35 139
35 143
35 145
35 146
35 149
35 151
35 152
35 156
35 167
35 40
35 169
35 171
35 177
35 51
35 52
35 54
35 57
35 59
35 192
35 193
35 197
35 70
35 75
35 80
35 142
35 92
35 93
35 95
35 99
35 100
35 110
35 111
35 116
35 117
35 121
35 122
35 125
36 139
36 143
36 149
36 151
36 160
36 165
36 167
36 40
36 169
36 170
36 177
36 51
36 52
36 53
36 57
36 60
36 189
36 190
36 193
36 194
36 197
36 78
36 79
36 80
36 91
36 94
36 99
36 103
36 115
36 121
36 136
37 134
37 135
37 147
37 154
37 156
37 161
37 165
37 38
37 39
37 168
37 193
37 43
37 46
37 49
37 51
37 53
37 40
37 58
37 59
37 60
37 189
37 190
37 63
37 192
37 65
37 197
37 72
37 91
37 99
37 103
37 107
37 113
37 115
38 83
38 182
38 137
38 41
38 172
38 45
39 133
39 130
39 162
39 174
39 83
39 182
39 155
39 124
39 62
39 159
40 98
40 199
40 137
40 130
40 109
40 83
40 153
40 69
40 97
40 162
40 106
40 172
40 45
40 118
40 120
40 124
41 192
41 147
41 181
41 65
41 72
41 139
41 149
41 154
41 87
41 135
41 160
41 193
41 165
41 156
41 170
41 43
41 46
41 136
41 51
41 116
41 53
41 58
41 59
41 60
41 189
41 63
42 85
42 89
42 74
42 125
42 77
42 95
43 193
43 67
43 133
43 71
43 137
43 183
43 82
43 83
43 149
43 88
43 153
43 182
43 174
43 159
43 160
43 97
43 172
43 45
43 46
43 47
43 114
43 118
43 119
43 120
43 127
43 60
43 62
43 63
44 96
44 66
44 122
44 125
44 77
44 95
45 134
45 136
45 149
45 152
45 111
45 156
45 160
45 165
45 170
45 135
45 46
45 49
45 53
45 58
45 59
45 60
45 61
45 190
45 63
45 192
45 65
45 197
45 70
45 72
45 168
45 75
45 193
45 87
45 93
45 181
45 99
45 171
45 107
45 154
45 113
45 147
45 116
45 189
45 191
45 126
46 199
46 137
46 130
46 109
46 81
46 82
46 153
46 97
46 170
46 172
46 47
46 118
46 120
46 88
46 187
46 127
47 136
47 138
47 139
47 145
47 154
47 165
47 156
47 170
47 177
47 181
47 54
47 59
47 192
47 68
47 70
47 73
47 77
47 85
47 100
47 103
47 104
47 107
47 146
47 115
47 116
48 133
48 155
48 124
48 159
49 137
49 172
50 96
50 66
50 122
50 125
50 77
50 95
51 130
51 199
51 106
51 172
51 98
51 109
51 120
51 83
51 182
51 137
51 69
52 71
52 183
52 142
52 81
52 88
52 152
52 93
52 102
52 171
52 109
52 114
52 119
52 187
52 61
52 191
53 130
53 162
53 83
53 182
54 133
54 98
54 67
54 69
54 106
54 174
54 120
54 153
54 62
54 127
57 81
57 114
57 183
57 187
57 109
58 83
58 182
58 137
58 172
59 67
59 69
59 71
59 183
59 109
59 81
59 83
59 153
59 155
59 182
59 97
59 106
59 199
59 172
59 174
59 114
59 187
59 118
59 119
59 120
59 159
59 124
59 62
59 127
60 130
60 69
60 71
60 183
60 82
60 153
60 155
60 182
60 199
60 97
60 98
60 106
60 172
60 114
60 118
60 119
60 120
60 88
60 124
61 194
61 167
61 169
61 79
61 80
61 117
61 88
61 121
62 136
62 138
62 129
62 156
62 170
62 177
62 181
62 184
62 192
62 193
62 66
62 68
62 73
62 77
62 85
62 89
62 95
62 96
62 104
62 107
62 146
62 110
62 115
62 122
62 125
62 149
63 130
63 69
63 162
63 109
63 83
63 155
63 182
63 97
63 98
63 172
63 114
63 118
63 183
63 120
63 124
64 96
64 66
64 186
64 85
64 89
64 74
64 77
64 95
65 137
65 172
66 67
66 196
66 133
66 131
66 153
66 159
66 97
66 98
66 108
66 174
66 176
66 179
66 118
66 120
66 188
67 136
67 138
67 139
67 145
67 165
67 129
67 156
67 177
67 181
67 184
67 186
67 192
67 68
67 70
67 73
67 74
67 77
67 141
67 85
67 89
67 95
67 96
67 100
67 103
67 104
67 107
67 146
67 110
67 111
67 115
67 116
67 148
67 122
68 133
68 174
68 81
68 114
68 187
68 183
68 153
68 159
68 127
69 128
69 129
69 136
69 138
69 146
69 160
69 170
69 175
69 178
69 180
69 181
69 189
69 139
69 70
69 74
69 76
69 85
69 86
69 94
69 100
69 107
69 110
69 116
69 148
70 71
70 137
70 183
70 130
70 109
70 81
70 83
70 155
70 97
70 98
70 162
70 106
70 199
70 114
70 118
70 119
70 120
70 88
70 187
70 124
70 127
71 128
71 193
71 175
71 107
71 75
71 80
71 84
71 151
71 152
71 79
71 94
71 95
71 167
71 105
71 111
71 177
71 178
71 117
71 121
71 189
71 191
72 172
72 162
72 83
72 182
72 199
72 155
72 124
73 130
73 199
73 159
73 162
73 174
73 155
73 124
73 127
74 130
74 132
74 133
74 198
74 150
74 155
74 97
74 101
74 173
74 174
74 176
74 179
74 118
74 159
75 194
75 137
75 143
75 78
75 109
75 82
75 119
75 88
75 169
75 90
76 120
76 98
76 153
76 106
77 130
77 196
77 133
77 198
77 199
77 140
77 131
77 150
77 153
77 155
77 157
77 159
77 162
77 188
77 108
77 176
77 179
77 120
77 124
78 171
78 81
78 114
78 183
78 187
79 187
79 114
79 171
79 109
79 93
79 81
79 82
79 119
79 88
79 152
79 183
79 126
79 191
80 191
80 171
80 109
80 81
80 82
80 119
80 88
80 187
80 126
81 128
81 129
81 139
81 143
81 145
81 149
81 151
81 152
81 160
81 167
81 169
81 175
81 136
81 178
81 181
81 194
81 177
81 90
81 105
81 107
81 111
81 117
81 121
81 125
82 128
82 146
82 152
82 154
82 167
82 175
82 177
82 178
82 185
82 189
82 191
82 193
82 84
82 142
82 86
82 92
82 94
82 102
82 105
82 107
82 110
82 111
82 117
82 121
82 122
82 125
82 126
83 128
83 135
83 139
83 145
83 149
83 156
83 160
83 165
83 193
83 175
83 190
83 192
83 181
83 197
83 168
83 87
83 91
83 99
83 103
83 105
83 177
83 111
83 113
83 115
83 116
84 88
84 183
84 120
84 119
84 114
84 153
85 130
85 198
85 199
85 162
85 150
85 153
85 155
85 157
85 97
85 98
85 174
85 176
85 179
85 118
85 124
85 106
86 97
86 98
86 106
86 183
86 118
86 153
86 88
86 120
87 182
87 137
88 128
88 146
88 151
88 152
88 154
88 129
88 171
88 177
88 185
88 191
88 193
88 92
88 93
88 94
88 95
88 102
88 105
88 110
88 111
88 189
88 121
88 122
88 126
89 132
89 133
89 150
89 155
89 157
89 159
89 162
89 101
89 173
89 174
89 179
89 124
90 171
90 102
90 142
90 93
90 114
90 183
90 185
90 92
91 130
91 199
91 172
91 162
91 182
91 155
91 124
93 167
93 109
93 151
93 121
94 98
94 106
94 183
94 114
94 118
94 153
94 187
94 120
95 132
95 140
95 173
95 131
95 196
95 150
95 153
95 157
95 97
95 101
95 109
95 174
95 176
95 179
95 118
95 119
95 120
95 114
96 196
96 179
96 108
96 176
96 174
96 120
96 131
96 153
96 140
96 188
96 157
97 128
97 139
97 145
97 146
97 149
97 154
97 156
97 160
97 170
97 136
97 180
97 181
97 186
97 189
97 192
97 197
97 99
97 110
97 111
97 116
97 118
97 122
97 125
98 128
98 138
98 145
98 149
98 156
98 160
98 170
98 175
98 177
98 181
98 186
98 192
98 100
98 105
98 107
98 111
98 148
98 136
99 130
99 199
99 137
99 109
99 118
99 155
99 124
100 120
100 127
101 125
102 109
103 172
103 199
103 137
103 159
103 130
103 182
103 155
103 127
104 133
104 109
104 120
104 127
105 182
105 183
105 114
105 153
105 118
105 119
105 187
105 120
106 128
106 138
106 152
106 177
106 170
106 107
106 111
106 136
106 148
106 189
106 181
107 137
107 130
107 155
107 133
107 187
107 162
107 199
107 172
107 174
107 120
107 159
107 124
108 186
108 122
109 129
109 136
109 138
109 139
109 145
109 146
109 149
109 151
109 152
109 154
109 156
109 160
109 167
109 169
109 181
109 193
109 194
109 197
109 142
109 185
109 143
109 110
109 116
109 117
109 121
109 122
109 191
109 125
109 126
110 130
110 199
110 153
110 155
110 133
110 159
110 174
110 187
110 118
110 120
111 182
111 137
111 130
111 153
111 155
111 199
111 172
111 118
111 119
111 120
111 187
113 182
114 129
114 139
114 145
114 146
114 149
114 152
114 154
114 160
114 175
114 178
114 181
114 189
114 193
114 194
114 116
114 117
114 122
114 191
114 126
115 137
115 172
115 182
115 155
115 127
116 182
116 118
116 124
117 171
117 119
117 152
117 187
117 183
117 126
117 191
118 128
118 129
118 139
118 145
118 149
118 152
118 154
118 160
118 177
118 170
118 175
118 136
118 178
118 181
118 186
118 189
118 122
118 191
118 125
118 126
119 128
119 193
119 175
119 146
119 151
119 167
119 177
119 178
119 189
119 121
119 122
119 125
120 128
120 129
120 138
120 146
120 148
120 152
120 156
120 160
120 165
120 170
120 154
120 175
120 177
120 180
120 186
120 189
120 192
120 193
120 122
120 191
120 125
120 126
120 149
121 191
121 171
121 152
121 187
121 126
122 130
122 133
122 199
122 183
122 140
122 131
122 153
122 159
122 174
122 188
124 149
124 160
124 135
124 184
124 189
124 190
124 197
124 129
124 141
124 146
124 125
125 130
125 131
125 132
125 133
125 198
125 199
125 183
125 140
125 173
125 150
125 153
125 155
125 157
125 162
125 176
125 187
126 137
126 151
126 153
126 187
126 169
126 143
127 192
127 138
127 148
127 165
127 156
127 170
127 177
128 183
128 153
128 182
129 130
129 199
129 155
129 162
129 174
129 183
129 187
130 136
130 145
130 149
130 154
130 165
130 170
130 177
130 180
130 189
130 190
130 192
130 139
130 197
130 141
131 186
133 136
133 138
133 165
133 156
133 177
133 181
133 184
133 186
133 192
133 141
133 146
133 148
133 149
134 137
134 172
135 172
135 162
135 182
135 199
135 155
136 199
136 182
136 174
136 187
136 183
136 159
137 192
137 147
137 197
137 177
137 152
137 156
137 161
137 170
137 154
137 191
137 165
138 159
138 174
138 153
139 199
139 182
139 183
139 187
141 155
141 162
141 159
142 151
143 191
143 187
145 182
145 199
145 187
145 183
146 153
146 155
146 162
146 174
146 159
147 172
148 174
148 153
148 159
149 162
149 153
149 155
149 182
149 170
149 172
149 174
149 187
149 183
149 159
151 171
151 152
151 187
152 194
152 153
152 167
152 169
152 187
153 156
153 160
153 165
153 170
153 154
153 175
153 178
153 180
153 186
153 191
153 193
154 199
154 170
154 172
154 183
155 160
155 177
155 180
155 184
155 189
155 190
155 197
156 172
156 174
156 182
157 186
159 165
159 177
159 181
159 184
159 186
159 192
159 193
160 162
160 183
160 187
162 165
162 184
162 190
162 193
162 197
165 182
167 171
167 187
167 183
167 191
168 172
168 182
169 191
169 171
169 187
170 193
171 194
172 192
172 197
172 193
172 177
172 189
172 190
174 181
174 184
174 186
174 192
174 193
175 183
175 187
175 182
176 186
177 182
177 199
177 187
178 183
178 187
179 186
181 199
181 182
181 187
181 183
182 189
182 190
182 192
183 189
183 193
183 194
184 199
186 188
187 189
187 191
187 193
187 194
189 199
190 199
191 194
193 199
197 199
