1 128
1 65
1 67
1 70
1 72
1 137
1 140
1 148
1 85
1 22
1 87
1 154
1 28
1 94
1 32
1 165
1 103
1 168
1 170
1 110
1 111
1 136
1 30
1 122
1 191
1 188
1 190
1 149
2 193
2 36
2 5
2 38
2 104
2 9
2 108
2 178
2 21
2 182
2 169
2 185
2 60
3 95
3 197
3 91
3 163
3 167
3 26
3 27
3 76
3 109
3 46
3 31
5 193
5 67
5 132
5 69
5 71
5 9
5 10
5 139
5 13
5 17
5 195
5 86
5 137
5 89
5 154
5 155
5 28
5 158
5 133
5 96
5 123
5 36
5 166
5 81
5 105
5 103
5 174
5 111
5 49
5 51
5 180
5 187
5 54
5 73
5 182
5 59
5 124
5 138
5 63
8 126
8 43
8 199
8 74
8 151
8 12
8 77
8 14
8 141
8 120
8 82
8 142
8 23
8 88
8 152
8 101
8 102
8 40
8 107
8 114
8 115
8 52
8 117
8 56
8 189
8 62
8 127
9 128
9 132
9 134
9 140
9 148
9 22
9 154
9 156
9 30
9 133
9 161
9 164
9 168
9 28
9 170
9 172
9 174
9 50
9 51
9 185
9 59
9 188
9 190
9 191
9 67
9 70
9 72
9 81
9 85
9 86
9 87
9 94
9 96
9 187
9 104
9 105
9 108
9 110
9 169
9 124
10 172
10 96
10 67
10 132
10 134
10 71
10 72
10 137
10 138
10 139
10 140
10 13
10 81
10 83
10 85
10 86
10 164
10 154
10 28
10 133
10 32
10 161
10 187
10 36
10 165
10 104
10 156
10 170
10 108
10 174
10 111
10 112
10 50
10 51
10 180
10 169
10 185
10 59
10 124
10 149
11 121
12 66
12 171
12 194
12 106
12 45
12 98
12 93
12 47
12 176
12 18
12 150
12 15
12 42
13 193
13 67
13 68
13 143
13 16
13 17
13 146
13 21
13 169
13 155
13 92
13 29
13 69
13 160
13 34
13 36
13 41
13 108
13 49
13 50
13 73
13 185
13 58
13 123
13 60
13 138
13 63
14 66
14 99
14 177
14 194
14 42
14 45
14 98
14 47
14 173
14 18
14 171
14 150
14 55
14 15
14 106
15 192
15 196
15 101
15 40
15 43
15 44
15 141
15 113
15 114
15 84
15 142
15 118
15 23
15 153
15 186
15 189
15 62
16 128
16 65
16 67
16 86
16 70
16 72
16 140
16 148
16 85
16 22
16 87
16 154
16 28
16 165
16 32
16 161
16 134
16 103
16 156
16 170
16 110
16 111
16 112
16 180
16 122
16 191
16 188
16 190
16 149
17 128
17 65
17 67
17 72
17 154
17 148
17 86
17 87
17 22
17 155
17 28
17 90
17 94
17 32
17 100
17 103
17 104
17 169
17 170
17 108
17 110
17 136
17 180
17 30
17 137
17 185
17 122
17 168
17 188
17 190
17 191
18 192
18 129
18 126
18 43
18 196
18 135
18 74
18 77
18 141
18 120
18 82
18 84
18 142
18 23
18 88
18 153
18 199
18 162
18 102
18 40
18 107
18 44
18 113
18 114
18 52
18 117
18 118
18 119
18 56
18 189
18 62
21 132
21 133
21 136
21 137
21 139
21 140
21 148
21 149
21 22
21 154
21 28
21 32
21 161
21 165
21 170
21 174
21 51
21 180
21 187
21 188
21 191
21 65
21 67
21 71
21 72
21 81
21 83
21 85
21 86
21 87
21 90
21 94
21 96
21 59
21 100
21 103
21 105
21 110
21 111
21 112
21 122
21 124
22 195
22 68
22 69
22 97
22 75
22 78
22 143
22 146
22 193
22 89
22 155
22 92
22 29
22 158
22 182
22 160
22 33
22 34
22 166
22 38
22 145
22 41
22 144
22 49
22 178
22 54
22 73
22 58
22 125
23 66
23 171
23 194
23 106
23 98
23 47
23 150
23 55
24 25
24 79
24 175
24 39
25 39
26 48
26 53
27 48
27 53
28 68
28 193
28 75
28 182
28 78
28 185
28 89
28 155
28 92
28 29
28 69
28 160
28 33
28 34
28 166
28 38
28 145
28 104
28 169
28 144
28 108
28 49
28 178
28 54
28 73
28 57
28 58
28 125
28 63
29 67
29 68
29 86
29 134
29 72
29 137
29 140
29 85
29 154
29 156
29 32
29 161
29 164
29 165
29 103
29 170
29 172
29 111
29 112
29 180
29 122
29 149
30 195
30 69
30 193
30 138
30 78
30 143
30 144
30 146
30 89
30 92
30 158
30 182
30 160
30 97
30 34
30 166
30 38
30 41
30 49
30 178
30 54
30 57
30 58
30 123
30 125
30 63
31 48
31 53
32 68
32 69
32 97
32 75
32 138
32 146
32 143
32 92
32 158
32 182
32 160
32 33
32 34
32 155
32 166
32 38
32 145
32 41
32 144
32 49
32 178
32 54
32 73
32 57
32 58
32 123
32 60
32 125
32 63
33 128
33 65
33 134
33 137
33 140
33 148
33 85
33 87
33 90
33 154
33 94
33 165
33 100
33 70
33 103
33 156
33 170
33 172
33 110
33 111
33 112
33 136
33 57
33 122
33 191
33 188
33 125
33 190
33 149
34 65
34 67
34 86
34 70
34 72
34 137
34 148
34 85
34 164
34 90
34 154
34 94
34 165
34 161
34 100
34 134
34 103
34 168
34 156
34 170
34 172
34 110
34 111
34 112
34 136
34 180
34 122
34 188
34 149
36 128
36 96
36 67
36 70
36 71
36 172
36 139
36 81
36 83
36 86
36 156
36 124
36 94
36 133
36 164
36 134
36 104
36 105
36 108
36 174
36 111
36 168
36 50
36 51
36 180
36 169
36 185
36 59
36 60
36 190
38 65
38 67
38 133
38 70
38 136
38 96
38 139
38 140
38 81
38 83
38 90
38 154
38 94
38 187
38 100
38 103
38 104
38 105
38 174
38 111
38 168
38 50
38 51
38 185
38 122
38 59
38 124
39 179
39 116
39 79
40 98
40 99
40 177
40 194
40 171
40 176
40 173
40 150
40 47
41 65
41 67
41 70
41 72
41 140
41 148
41 85
41 86
41 90
41 156
41 94
41 165
41 161
41 100
41 134
41 168
41 170
41 110
41 112
41 136
41 180
41 122
41 191
41 188
41 149
42 192
42 129
42 43
42 135
42 151
42 77
42 141
42 120
42 82
42 84
42 88
42 153
42 152
42 199
42 162
42 101
42 102
42 107
42 44
42 113
42 114
42 115
42 52
42 117
42 119
42 56
42 186
42 189
42 126
42 127
43 98
43 99
43 177
43 194
43 106
43 171
43 93
43 176
43 173
43 150
43 47
44 66
44 171
44 194
44 45
44 98
44 47
44 150
44 55
45 192
45 129
45 196
45 135
45 62
45 77
45 141
45 120
45 82
45 84
45 88
45 153
45 152
45 199
45 162
45 102
45 107
45 113
45 114
45 52
45 117
45 118
45 119
45 56
45 186
45 151
45 189
45 126
45 127
46 48
46 53
47 192
47 129
47 126
47 196
47 135
47 74
47 151
47 77
47 141
47 152
47 82
47 84
47 142
47 88
47 153
47 162
47 101
47 102
47 113
47 114
47 115
47 52
47 117
47 118
47 56
47 186
47 189
47 62
47 127
48 95
48 197
48 91
48 163
48 167
48 76
48 109
49 128
49 134
49 136
49 137
49 139
49 140
49 148
49 149
49 161
49 164
49 165
49 156
49 170
49 172
49 180
49 185
49 59
49 190
49 191
49 65
49 67
49 70
49 71
49 81
49 83
49 85
49 86
49 87
49 90
49 94
49 96
49 187
49 100
49 104
49 105
49 108
49 110
49 111
49 112
49 169
49 122
49 124
50 67
50 139
50 81
50 83
50 86
50 92
50 158
50 182
50 160
50 187
50 166
50 178
50 180
50 54
50 59
50 60
50 138
50 195
51 104
51 178
51 182
51 169
51 185
51 60
51 138
52 106
52 150
52 55
52 171
53 95
53 197
53 91
53 163
53 167
53 76
53 109
54 128
54 67
54 70
54 136
54 140
54 195
54 85
54 87
54 89
54 90
54 154
54 94
54 165
54 103
54 104
54 169
54 108
54 110
54 111
54 112
54 168
54 185
54 122
54 191
54 188
54 149
55 192
55 129
55 196
55 135
55 74
55 62
55 141
55 84
55 142
55 88
55 153
55 162
55 101
55 102
55 107
55 113
55 114
55 117
55 118
55 186
55 189
55 126
55 127
56 106
56 150
56 171
57 128
57 134
57 161
57 72
57 137
57 140
57 145
57 148
57 85
57 87
57 164
57 154
57 94
57 100
57 70
57 103
57 156
57 170
57 172
57 110
57 111
57 112
57 136
57 122
57 188
57 190
57 191
58 149
58 67
58 70
58 72
58 73
58 140
58 148
58 86
58 87
58 164
58 90
58 154
58 94
58 69
58 165
58 100
58 134
58 103
58 168
58 156
58 170
58 172
58 110
58 111
58 136
58 180
58 137
58 122
58 191
58 188
58 190
58 63
59 193
59 104
59 108
59 178
59 182
59 169
59 185
59 60
59 138
60 96
60 67
60 132
60 133
60 70
60 138
60 139
60 140
60 83
60 148
60 85
60 86
60 94
60 187
60 165
60 104
60 105
60 174
60 112
60 168
60 180
60 185
60 124
60 190
60 149
62 99
62 177
62 194
62 106
62 98
62 176
62 173
62 171
62 150
62 93
63 128
63 134
63 137
63 140
63 148
63 149
63 154
63 156
63 160
63 161
63 164
63 165
63 168
63 169
63 170
63 185
63 188
63 190
63 191
63 65
63 67
63 70
63 72
63 73
63 85
63 86
63 87
63 92
63 94
63 103
63 104
63 108
63 110
63 111
63 112
63 122
65 69
65 97
65 73
65 75
65 78
65 143
65 146
65 87
65 155
65 92
65 158
65 160
65 166
65 145
65 144
65 191
65 178
65 123
65 125
66 192
66 129
66 196
66 74
66 141
66 84
66 142
66 153
66 101
66 113
66 114
66 118
66 189
67 182
67 195
67 68
67 193
67 143
67 146
67 86
67 89
67 155
67 92
67 158
67 69
67 160
67 166
67 104
67 108
67 178
67 180
67 73
67 185
67 123
67 138
67 169
68 86
68 134
68 72
68 137
68 140
68 148
68 85
68 154
68 161
68 165
68 103
68 170
68 111
68 112
68 122
69 128
69 134
69 136
69 140
69 148
69 149
69 154
69 156
69 160
69 161
69 164
69 165
69 168
69 170
69 172
69 180
69 185
69 188
69 191
69 70
69 72
69 73
69 85
69 86
69 87
69 92
69 94
69 100
69 103
69 104
69 110
69 111
69 112
69 169
69 122
70 195
70 97
70 138
70 75
70 78
70 143
70 145
70 146
70 193
70 89
70 158
70 182
70 160
70 166
70 144
70 178
70 73
70 123
70 125
71 193
71 104
71 108
71 178
71 124
71 169
71 185
71 138
71 182
72 195
72 97
72 75
72 78
72 143
72 146
72 89
72 155
72 160
72 144
72 182
72 73
73 128
73 137
73 160
73 140
73 154
73 148
73 122
73 86
73 87
73 155
73 90
73 100
73 103
73 104
73 170
73 108
73 191
73 111
73 136
73 180
73 185
73 123
73 188
73 190
74 98
74 99
74 177
74 194
74 106
74 171
74 176
74 173
74 150
74 93
75 134
75 137
75 140
75 148
75 85
75 87
75 164
75 90
75 154
75 165
75 161
75 100
75 103
75 156
75 170
75 172
75 110
75 111
75 112
75 136
75 122
75 191
75 188
75 149
77 106
77 150
77 171
78 128
78 134
78 137
78 85
78 87
78 90
78 165
78 161
78 100
78 103
78 168
78 156
78 170
78 172
78 110
78 111
78 112
78 136
78 122
78 191
78 188
78 190
78 149
79 175
81 193
81 104
81 178
81 185
82 106
82 150
82 171
83 193
83 178
83 182
83 185
83 138
84 98
84 99
84 177
84 194
84 171
84 176
84 173
84 106
84 150
84 93
85 195
85 97
85 143
85 145
85 89
85 92
85 158
85 182
85 166
85 193
86 193
86 143
86 146
86 169
86 155
86 92
86 160
86 104
86 182
86 185
86 123
86 138
87 195
87 136
87 193
87 89
87 155
87 92
87 158
87 182
87 145
87 166
87 97
87 144
87 123
87 125
88 106
88 150
88 171
89 128
89 137
89 140
89 158
89 195
89 148
89 164
89 90
89 94
89 165
89 100
89 134
89 166
89 103
89 168
89 156
89 170
89 108
89 110
89 136
89 172
89 169
89 191
89 188
89 190
89 149
90 193
90 195
90 155
90 92
90 158
90 160
90 97
90 166
90 145
90 178
90 123
90 125
90 191
92 149
92 134
92 136
92 137
92 140
92 164
92 154
92 94
92 161
92 100
92 165
92 103
92 168
92 156
92 172
92 110
92 111
92 112
92 180
92 122
92 191
92 188
93 192
93 129
93 196
93 142
93 113
93 118
93 153
93 186
94 195
94 97
94 138
94 143
94 144
94 146
94 158
94 182
94 160
94 166
94 145
94 193
94 178
94 123
94 125
96 193
96 104
96 138
96 108
96 178
96 182
96 169
96 185
97 134
97 137
97 140
97 148
97 164
97 156
97 165
97 161
97 100
97 103
97 168
97 170
97 172
97 110
97 111
97 136
97 122
97 191
97 188
97 190
97 149
98 192
98 129
98 196
98 141
98 142
98 153
98 162
98 101
98 113
98 114
98 118
98 186
98 189
99 192
99 129
99 162
99 196
99 101
99 141
99 113
99 114
99 142
99 118
99 153
99 186
100 193
100 195
100 144
100 146
100 155
100 158
100 160
100 166
100 145
100 178
100 123
100 125
101 177
101 194
101 106
101 171
101 173
101 150
102 106
102 150
102 171
103 195
103 182
103 143
103 146
103 185
103 155
103 158
103 160
103 166
103 145
103 104
103 169
103 144
103 108
103 178
103 125
104 193
104 132
104 182
104 154
104 155
104 158
104 133
104 123
104 105
104 124
104 174
104 111
104 178
104 187
104 185
105 193
105 138
105 178
105 182
105 185
106 192
106 129
106 126
106 196
106 135
106 151
106 141
106 120
106 142
106 153
106 152
106 199
106 162
106 107
106 113
106 114
106 115
106 117
106 118
106 119
106 186
106 189
106 127
107 150
107 171
108 193
108 182
108 195
108 137
108 154
108 155
108 158
108 123
108 166
108 111
108 180
108 124
108 138
110 195
110 136
110 143
110 146
110 193
110 155
110 182
110 160
110 166
110 145
110 144
110 123
110 125
111 195
111 138
111 146
111 193
111 185
111 143
111 158
111 160
111 155
111 166
111 145
111 169
111 144
111 178
111 123
111 125
112 193
112 143
112 145
112 158
112 160
112 166
113 177
113 194
113 176
113 173
113 171
113 150
114 194
114 141
114 173
114 171
114 150
116 175
116 179
117 171
117 150
118 177
118 194
118 171
118 176
118 173
119 150
119 171
120 150
120 199
120 171
122 143
122 146
122 193
122 155
122 158
122 182
122 160
122 166
122 145
122 144
122 178
122 123
122 125
123 128
123 140
123 148
123 134
123 169
123 136
123 180
123 185
123 168
123 188
123 190
123 191
124 193
124 178
124 182
124 169
124 132
124 138
125 128
125 134
125 137
125 140
125 145
125 148
125 164
125 154
125 168
125 156
125 172
125 136
125 188
125 190
125 191
126 171
126 150
127 171
127 150
128 195
128 193
128 158
128 182
128 160
128 166
128 145
128 144
128 178
129 194
129 171
129 173
129 150
129 153
132 138
132 185
133 139
133 178
133 182
133 185
133 138
134 193
134 195
134 143
134 145
134 146
134 182
134 160
134 144
134 138
135 171
135 150
136 195
136 143
136 144
136 146
136 155
136 158
136 160
136 166
136 145
136 193
136 178
136 188
136 191
137 195
137 143
137 144
137 146
137 155
137 158
137 160
137 166
137 145
137 169
137 193
138 172
138 139
138 140
138 156
138 187
138 164
138 168
138 174
138 180
138 169
138 190
139 193
139 178
139 187
140 195
140 193
140 155
140 158
140 182
140 160
140 166
140 145
140 144
140 178
141 194
141 171
141 150
142 177
142 194
142 176
142 173
142 150
143 146
143 148
143 165
143 161
143 168
143 170
143 188
143 149
144 145
144 148
144 164
144 154
144 168
144 156
144 170
144 172
144 188
144 190
144 191
145 148
145 164
145 154
145 165
145 161
145 156
145 170
145 172
145 191
145 188
145 190
145 149
146 148
146 164
146 156
146 168
146 170
146 172
146 180
148 195
148 193
148 155
148 160
148 182
149 195
149 158
149 160
149 165
149 166
149 193
150 192
150 153
150 199
150 186
150 189
153 177
153 194
153 176
153 173
153 171
153 186
154 193
154 182
154 185
154 155
154 158
154 160
154 166
154 169
154 178
155 169
155 170
155 180
155 185
155 168
155 188
155 190
155 191
156 193
156 164
156 195
156 160
156 172
156 182
158 195
158 161
158 165
158 168
158 185
158 191
158 188
158 190
160 164
160 161
160 165
160 168
160 170
160 172
160 180
160 191
160 188
160 190
161 193
161 166
161 182
162 173
162 177
162 171
164 193
164 195
164 182
165 195
165 166
165 193
166 195
166 168
166 169
166 191
166 188
166 190
168 195
168 193
168 182
168 178
169 193
169 195
169 182
169 174
169 180
170 195
170 193
170 182
171 196
171 199
171 186
171 189
172 193
172 195
172 182
173 192
173 196
173 186
174 182
174 185
175 179
176 192
176 196
176 186
177 192
177 196
177 186
178 187
178 185
178 190
180 193
180 182
182 185
182 188
182 190
182 191
182 187
185 193
185 187
187 193
188 195
189 194
190 195
190 193
191 195
191 193
192 194
194 196
