0 1
0 2
0 3
0 4
0 5
0 6
0 7
0 8
0 9
0 12
0 13
0 15
0 16
0 18
0 20
0 21
0 22
0 24
0 25
0 26
0 28
0 29
0 30
0 31
0 32
0 33
0 34
0 35
0 36
0 37
0 38
0 41
0 43
0 44
0 46
0 49
0 51
0 52
0 53
0 55
0 56
0 57
0 58
0 59
0 60
0 61
0 62
0 64
0 65
0 66
0 68
0 69
0 72
0 74
0 75
0 76
0 78
0 79
0 80
0 81
0 82
0 83
0 84
0 85
0 86
0 87
0 88
0 89
0 90
0 91
0 93
0 95
0 96
0 98
0 100
0 101
0 102
0 103
0 104
0 105
0 107
0 108
0 109
0 110
0 111
0 113
0 114
0 116
0 117
0 118
0 119
0 121
0 125
0 126
0 127
0 128
0 129
0 131
0 132
0 133
0 134
0 135
0 136
0 137
0 138
0 140
0 141
0 142
0 144
0 145
0 146
0 147
0 148
0 150
0 153
0 155
0 156
0 157
0 158
0 159
0 160
0 163
0 165
0 166
0 167
0 168
0 170
0 171
0 172
0 173
0 174
0 176
0 178
0 179
0 180
0 181
0 182
0 183
0 184
0 185
0 186
0 187
0 188
0 189
0 190
0 191
0 194
0 195
0 196
0 197
0 198
0 199
1 164
1 54
1 73
1 106
1 63
2 152
2 85
3 34
3 163
3 164
3 22
3 73
3 106
3 183
3 159
3 130
3 46
3 54
3 169
3 59
3 61
3 63
4 129
4 132
4 5
4 9
4 14
4 15
4 145
4 178
4 20
4 21
4 150
4 25
4 173
4 29
4 32
4 161
4 162
4 35
4 36
4 165
4 40
4 170
4 171
4 44
4 45
4 175
4 48
4 49
4 50
4 51
4 182
4 56
4 176
4 58
4 188
4 62
4 63
4 192
4 193
4 67
4 68
4 73
4 143
4 77
4 79
4 80
4 81
4 82
4 88
4 164
4 91
4 93
4 94
4 97
4 98
4 102
4 103
4 105
4 106
4 108
4 111
4 112
4 168
4 114
4 115
4 116
4 148
4 123
4 124
4 126
4 149
5 192
5 164
5 167
5 73
5 42
5 43
5 109
5 48
5 180
5 83
5 169
5 55
5 24
5 100
5 106
5 190
5 63
6 169
6 73
7 48
7 192
7 54
7 169
8 48
8 164
8 54
8 169
8 73
8 106
8 192
8 63
9 192
9 134
9 73
9 42
9 139
9 138
9 48
9 189
9 180
9 54
9 55
9 137
9 164
9 31
9 106
9 169
9 63
10 192
10 48
10 164
10 38
10 54
10 169
10 73
10 106
10 76
10 198
10 63
11 70
11 39
11 122
11 151
11 154
12 48
12 164
12 54
12 169
12 73
12 106
12 192
12 63
13 48
13 164
13 54
13 169
13 73
13 106
13 192
13 63
14 134
14 73
14 138
14 139
14 83
14 24
14 100
14 164
14 167
14 42
14 43
14 109
14 189
14 180
14 54
14 55
14 137
14 106
14 190
14 63
15 192
15 134
15 73
15 138
15 139
15 83
15 148
15 24
15 137
15 31
15 100
15 169
15 106
15 43
15 109
15 48
15 180
15 54
15 55
15 57
15 189
15 190
15 63
16 48
16 164
16 54
16 169
16 73
16 106
16 192
17 48
17 192
17 54
17 169
17 73
17 63
18 48
18 164
18 54
18 169
18 73
18 106
18 192
18 63
20 32
20 35
20 167
20 73
20 106
20 43
20 192
20 109
20 173
20 48
20 164
20 83
20 54
20 169
20 24
20 100
20 58
20 63
21 192
21 134
21 73
21 139
21 24
21 31
21 164
21 169
21 42
21 43
21 48
21 180
21 106
21 54
21 55
21 137
21 189
21 190
21 63
22 128
22 164
22 72
22 73
22 106
22 192
22 48
22 144
22 54
22 169
22 63
22 95
24 129
24 132
24 136
24 140
24 25
24 32
24 161
24 162
24 35
24 164
24 40
24 169
24 170
24 171
24 45
24 175
24 48
24 50
24 54
24 56
24 57
24 58
24 188
24 62
24 192
24 193
24 67
24 68
24 73
24 143
24 77
24 173
24 176
24 91
24 97
24 148
24 103
24 106
24 168
24 114
24 115
24 121
24 123
24 124
25 192
25 73
25 139
25 83
25 31
25 100
25 167
25 169
25 42
25 43
25 109
25 48
25 180
25 54
25 55
25 137
25 189
25 190
25 63
26 164
26 54
26 65
26 104
26 73
26 106
26 169
26 63
27 192
27 48
27 164
27 54
27 169
27 73
27 106
27 63
28 48
28 54
28 73
28 169
28 192
29 48
29 164
29 54
29 169
29 73
29 42
29 192
29 106
29 63
30 48
30 164
30 54
30 169
30 73
30 106
30 192
30 63
31 129
31 136
31 143
31 145
31 148
31 149
31 150
31 91
31 164
31 165
31 169
31 42
31 171
31 44
31 45
31 175
31 48
31 49
31 178
31 51
31 54
31 56
31 57
31 188
31 62
31 63
31 192
31 68
31 182
31 73
31 79
31 82
31 88
31 93
31 94
31 98
31 102
31 103
31 105
31 106
31 111
31 112
31 116
31 121
31 126
32 192
32 164
32 167
32 73
32 43
32 109
32 48
32 81
32 83
32 54
32 169
32 100
32 63
33 164
33 54
33 169
33 73
33 106
34 128
34 72
34 73
34 106
34 192
34 48
34 144
34 54
34 169
34 63
34 95
35 192
35 67
35 161
35 73
35 77
35 80
35 81
35 83
35 164
35 193
35 97
35 162
35 100
35 167
35 40
35 169
35 106
35 43
35 109
35 48
35 50
35 115
35 54
35 123
35 124
35 63
36 180
36 134
36 55
36 137
36 73
36 42
36 138
36 190
37 48
37 164
37 54
37 169
37 73
37 106
37 192
37 63
38 48
38 192
38 164
38 198
38 54
38 169
38 76
38 106
38 63
39 151
39 122
39 92
39 154
40 83
40 167
40 100
40 58
40 43
40 109
40 173
41 48
41 66
41 164
41 54
41 199
41 169
41 106
41 192
41 63
42 129
42 132
42 134
42 136
42 138
42 139
42 140
42 143
42 148
42 149
42 176
42 164
42 168
42 169
42 170
42 171
42 44
42 175
42 48
42 49
42 180
42 54
42 137
42 56
42 57
42 188
42 189
42 62
42 63
42 68
42 182
42 55
42 79
42 88
42 91
42 93
42 94
42 98
42 102
42 103
42 106
42 108
42 114
42 190
42 121
42 126
43 129
43 132
43 136
43 140
43 173
43 161
43 162
43 164
43 169
43 170
43 171
43 45
43 175
43 48
43 54
43 56
43 57
43 58
43 188
43 62
43 63
43 192
43 193
43 67
43 68
43 73
43 143
43 77
43 80
43 81
43 88
43 91
43 97
43 98
43 103
43 106
43 148
43 168
43 114
43 115
43 121
43 123
43 124
44 189
44 134
44 102
44 139
44 138
45 134
45 167
45 137
45 138
45 109
45 83
45 180
45 55
45 100
45 189
45 190
46 164
46 54
46 73
46 106
46 95
46 128
46 63
47 192
47 48
47 164
47 54
47 169
47 63
48 51
48 52
48 55
48 57
48 59
48 60
48 61
48 64
48 65
48 66
48 68
48 69
48 74
48 75
48 76
48 78
48 79
48 80
48 81
48 84
48 87
48 90
48 95
48 100
48 104
48 107
48 109
48 110
48 111
48 112
48 113
48 114
48 116
48 117
48 118
48 119
48 125
48 127
48 128
48 130
48 131
48 132
48 133
48 137
48 138
48 141
48 142
48 144
48 145
48 146
48 147
48 148
48 150
48 153
48 157
48 158
48 159
48 160
48 163
48 165
48 168
48 170
48 172
48 174
48 176
48 177
48 178
48 181
48 183
48 184
48 187
48 189
48 191
48 196
48 198
48 199
49 134
49 139
49 189
49 180
49 190
49 73
49 55
49 138
49 126
50 83
50 167
50 100
50 58
50 109
50 173
51 192
51 134
51 73
51 138
51 139
51 145
51 82
51 150
51 137
51 169
51 164
51 165
51 105
51 106
51 111
51 178
51 116
51 54
51 55
51 180
51 189
51 190
51 63
52 164
52 54
52 169
52 73
52 106
52 192
52 63
53 73
53 63
54 55
54 56
54 57
54 58
54 60
54 61
54 62
54 64
54 65
54 66
54 68
54 69
54 71
54 72
54 74
54 75
54 76
54 79
54 80
54 81
54 83
54 84
54 87
54 88
54 89
54 90
54 91
54 95
54 96
54 98
54 100
54 103
54 104
54 105
54 107
54 108
54 109
54 111
54 112
54 113
54 114
54 116
54 117
54 118
54 120
54 121
54 125
54 127
54 128
54 129
54 130
54 133
54 136
54 137
54 141
54 142
54 143
54 144
54 146
54 150
54 153
54 155
54 156
54 157
54 158
54 160
54 163
54 165
54 167
54 171
54 172
54 173
54 174
54 175
54 177
54 178
54 179
54 180
54 181
54 184
54 185
54 186
54 187
54 190
54 191
54 195
54 196
54 197
54 198
54 199
55 129
55 132
55 140
55 148
55 150
55 176
55 165
55 169
55 171
55 175
55 178
55 57
55 188
55 63
55 192
55 68
55 73
55 143
55 79
55 88
55 164
55 91
55 98
55 103
55 105
55 106
55 108
55 111
55 112
55 114
55 116
55 121
55 170
55 126
56 171
56 134
56 73
56 138
56 139
56 143
56 83
56 88
56 100
56 164
56 167
56 109
56 175
56 189
56 180
56 137
56 106
56 190
56 63
57 192
57 134
57 73
57 138
57 139
57 83
57 100
57 164
57 167
57 109
57 189
57 180
57 137
57 106
57 190
57 63
58 193
58 67
58 161
58 73
58 77
58 80
58 81
58 83
58 164
58 97
58 162
58 100
58 167
58 169
58 106
58 109
58 115
58 123
58 124
58 63
59 144
59 169
59 72
59 73
59 128
59 192
59 95
60 164
60 73
60 106
60 192
60 63
61 128
61 164
61 72
61 73
61 106
61 192
61 144
61 169
61 63
61 95
62 134
62 73
62 138
62 139
62 83
62 100
62 164
62 167
62 109
62 189
62 180
62 137
62 106
62 190
62 63
63 64
63 65
63 66
63 68
63 71
63 72
63 74
63 75
63 76
63 78
63 79
63 80
63 81
63 82
63 84
63 87
63 88
63 89
63 90
63 95
63 98
63 100
63 101
63 103
63 104
63 105
63 108
63 110
63 111
63 112
63 113
63 114
63 116
63 118
63 120
63 125
63 127
63 128
63 129
63 130
63 132
63 133
63 134
63 137
63 138
63 139
63 140
63 141
63 142
63 143
63 144
63 145
63 146
63 147
63 148
63 150
63 153
63 155
63 158
63 163
63 165
63 168
63 170
63 171
63 172
63 173
63 174
63 175
63 176
63 177
63 178
63 180
63 181
63 184
63 185
63 186
63 187
63 188
63 189
63 190
63 195
63 197
63 199
64 164
64 169
64 73
64 106
64 192
65 192
65 164
65 169
65 106
65 146
65 73
65 157
66 73
66 106
66 192
66 169
67 83
67 167
67 100
67 109
67 173
68 192
68 134
68 73
68 138
68 139
68 83
68 100
68 164
68 169
68 189
68 180
68 137
68 106
68 190
69 164
69 169
69 73
69 106
69 192
71 164
71 73
71 106
72 192
72 164
72 169
72 106
72 159
72 130
72 183
73 74
73 75
73 78
73 79
73 80
73 81
73 82
73 83
73 84
73 85
73 86
73 87
73 88
73 89
73 90
73 91
73 95
73 96
73 98
73 100
73 101
73 103
73 104
73 105
73 107
73 108
73 109
73 110
73 111
73 112
73 113
73 114
73 116
73 117
73 118
73 119
73 120
73 121
73 125
73 127
73 128
73 129
73 130
73 131
73 132
73 133
73 134
73 135
73 136
73 137
73 138
73 139
73 141
73 142
73 143
73 145
73 146
73 147
73 148
73 150
73 152
73 153
73 155
73 156
73 157
73 158
73 160
73 163
73 165
73 166
73 167
73 170
73 171
73 172
73 173
73 174
73 175
73 177
73 178
73 179
73 180
73 181
73 184
73 185
73 186
73 188
73 189
73 190
73 191
73 194
73 195
73 196
73 197
73 199
74 164
74 169
74 106
74 192
75 164
75 169
75 106
75 192
76 164
76 169
76 106
77 83
77 100
77 109
77 173
78 164
78 169
78 106
78 192
78 110
79 192
79 134
79 139
79 138
79 189
79 180
79 190
79 137
79 164
79 106
79 169
80 192
80 106
80 173
80 169
80 164
81 167
81 106
81 192
81 109
81 173
81 164
81 83
81 169
81 100
82 112
82 134
82 106
82 139
82 189
82 169
82 164
82 138
83 132
83 136
83 140
83 173
83 161
83 162
83 170
83 171
83 175
83 176
83 188
83 193
83 143
83 88
83 91
83 98
83 148
83 108
83 168
83 114
83 115
83 121
83 123
83 124
84 164
84 169
84 106
84 192
85 166
86 194
87 169
87 106
87 192
88 171
88 134
88 136
88 138
88 139
88 164
88 91
88 137
88 100
88 167
88 109
88 189
88 180
88 121
88 106
88 190
89 164
89 106
90 164
90 169
90 106
90 192
91 171
91 134
91 138
91 139
91 143
91 100
91 167
91 109
91 175
91 180
91 137
91 189
93 189
93 134
93 139
93 138
94 189
94 134
94 139
94 138
95 192
95 164
95 106
95 183
95 159
95 130
95 169
97 173
98 139
98 134
98 167
98 109
98 138
98 164
98 180
98 137
98 100
98 189
98 190
100 129
100 136
100 140
100 173
100 176
100 161
100 162
100 164
100 169
100 170
100 171
100 175
100 188
100 192
100 193
100 143
100 103
100 106
100 148
100 108
100 168
100 114
100 115
100 121
100 123
100 124
101 164
101 106
102 189
102 134
102 139
102 138
103 139
103 134
103 167
103 109
103 189
103 180
103 190
103 138
103 137
104 192
104 164
104 169
104 106
104 146
104 157
105 192
105 134
105 106
105 139
105 189
105 180
105 190
105 137
105 164
105 138
105 169
106 107
106 108
106 110
106 111
106 112
106 113
106 114
106 116
106 118
106 125
106 127
106 128
106 129
106 130
106 132
106 133
106 134
106 138
106 140
106 142
106 143
106 144
106 145
106 146
106 148
106 150
106 153
106 155
106 157
106 158
106 160
106 163
106 165
106 168
106 170
106 171
106 172
106 173
106 174
106 175
106 176
106 178
106 180
106 181
106 184
106 185
106 186
106 187
106 188
106 190
106 191
106 195
106 196
106 197
106 198
106 199
107 164
107 169
107 192
108 164
108 134
108 167
108 109
108 138
108 180
108 137
108 190
109 129
109 132
109 136
109 140
109 173
109 176
109 161
109 162
109 169
109 170
109 171
109 175
109 188
109 192
109 193
109 143
109 148
109 168
109 114
109 115
109 121
109 123
109 124
110 164
110 169
110 192
111 112
111 134
111 192
111 189
111 180
111 190
111 137
111 164
111 138
111 169
112 192
112 134
112 138
112 139
112 145
112 150
112 137
112 164
112 165
112 169
112 178
112 180
112 189
112 190
113 164
113 169
113 192
114 192
114 164
114 167
114 180
114 169
114 190
114 137
115 167
115 173
116 192
116 134
116 189
116 180
116 190
116 137
116 164
116 138
116 169
117 169
117 192
118 164
118 169
118 192
119 192
119 169
121 171
121 134
121 138
121 139
121 143
121 167
121 175
121 180
121 137
121 189
121 190
123 193
123 167
123 173
124 167
124 173
125 169
125 192
126 134
126 137
126 139
126 189
126 180
126 138
126 190
127 164
127 169
127 192
128 192
128 163
128 164
128 183
128 159
128 130
128 169
129 134
129 138
129 139
129 164
129 167
129 180
129 137
129 189
129 190
130 164
130 192
130 144
130 169
131 192
131 169
132 192
132 140
132 164
132 167
132 168
132 169
132 170
132 176
132 180
132 137
132 190
133 169
133 174
134 136
134 143
134 145
134 148
134 149
134 150
134 165
134 169
134 171
134 175
134 178
134 182
134 188
134 192
134 164
135 192
135 169
136 171
136 138
136 139
136 143
136 167
136 175
136 180
136 137
136 189
136 190
137 140
137 148
137 150
137 176
137 164
137 165
137 168
137 169
137 171
137 175
137 178
137 188
137 192
137 143
137 170
138 143
138 145
138 148
138 150
138 164
138 165
138 169
138 171
138 175
138 178
138 182
138 188
138 192
139 143
139 145
139 148
139 149
139 150
139 164
139 165
139 169
139 171
139 175
139 178
139 188
140 192
140 180
140 167
140 169
140 190
141 164
141 169
141 192
142 164
142 169
142 192
143 164
143 167
143 189
143 180
144 192
144 164
144 169
144 159
144 183
145 192
145 189
145 180
145 164
145 190
146 164
146 192
146 169
147 169
147 192
148 192
148 164
148 167
148 169
148 189
148 180
148 190
149 189
150 192
150 189
150 180
150 164
150 190
152 166
153 164
153 169
153 192
155 164
155 169
155 192
157 164
157 192
157 169
158 164
158 169
158 192
159 169
159 192
160 164
160 169
160 192
161 167
161 173
162 167
162 173
163 164
163 169
163 192
164 165
164 168
164 170
164 171
164 172
164 173
164 174
164 175
164 176
164 177
164 178
164 180
164 184
164 185
164 186
164 188
164 189
164 190
164 191
164 195
164 196
164 197
164 198
165 192
165 189
165 180
165 190
165 169
167 169
167 170
167 171
167 173
167 175
167 188
167 192
167 193
167 168
168 180
168 169
168 192
168 190
169 170
169 172
169 173
169 174
169 176
169 177
169 178
169 180
169 181
169 183
169 184
169 185
169 187
169 189
169 190
169 191
169 196
169 198
169 199
170 180
170 192
170 190
171 189
171 180
171 190
172 192
173 193
174 192
175 189
175 180
175 190
176 180
176 192
176 190
177 192
178 192
178 189
178 180
178 190
182 189
183 192
184 192
185 192
187 192
188 189
189 192
191 192
192 196
192 198
192 199
