11 31 0.226616
64 68 0.213244
158 198 0.211803
128 3 0.210808
12 185 0.202357
5 67 0.202297
187 71 0.20137
173 138 0.198799
134 183 0.19833
27 145 0.197879
138 191 0.197209
26 97 0.194284
42 166 0.189083
31 117 0.188825
1 28 0.186405
35 199 0.18607
98 143 0.184349
149 25 0.179968
135 176 0.179411
152 196 0.178319
15 42 0.17754
133 47 0.177081
9 193 0.175546
102 133 0.175481
63 164 0.17349
81 158 0.17277
79 130 0.17253
123 164 0.170244
125 162 0.169926
161 134 0.168143
87 31 0.16769
10 49 0.1672
40 46 0.164454
181 0 0.16418
78 53 0.162988
4 97 0.161996
127 118 0.157986
120 59 0.157971
99 95 0.157803
77 73 0.156478
39 189 0.154516
30 70 0.153684
117 53 0.153285
128 46 0.150825
75 147 0.150467
75 145 0.149571
76 170 0.148522
1 89 0.147924
194 154 0.147884
71 121 0.146995
180 121 0.14577
84 169 0.14537
93 99 0.14323
172 48 0.14315
80 100 0.143075
59 140 0.142583
157 3 0.141564
45 83 0.140956
123 56 0.140689
95 132 0.139325
143 130 0.138007
189 141 0.137224
2 56 0.137215
46 38 0.137043
85 190 0.135977
158 65 0.133302
124 66 0.13289
174 81 0.131891
17 26 0.131657
119 173 0.128635
192 12 0.128511
40 175 0.127812
148 24 0.126773
20 106 0.125174
26 198 0.125083
162 70 0.124211
194 159 0.124189
111 20 0.121509
92 152 0.121297
36 180 0.120999
189 91 0.120899
170 14 0.120524
70 148 0.119787
152 67 0.119162
72 148 0.118371
35 170 0.117658
117 168 0.115724
17 35 0.114992
186 81 0.114528
179 92 0.112767
147 30 0.110918
91 37 0.110825
15 48 0.110278
13 16 0.109823
148 55 0.109335
44 143 0.10921
43 185 0.108422
82 144 0.108169
175 153 0.10764
161 183 0.107239
124 32 0.107118
110 19 0.106637
100 161 0.105608
119 133 0.105482
57 79 0.104755
197 7 0.104066
3 38 0.103944
71 56 0.101067
38 136 0.100698
170 125 0.100461
193 6 0.0998274
99 84 0.0997079
157 21 0.0994984
62 15 0.0991295
33 40 0.0990878
20 33 0.0983792
41 147 0.0979153
109 127 0.0977191
114 17 0.0976131
151 28 0.0975785
7 167 0.0964562
19 66 0.0952017
98 30 0.0950762
146 93 0.0949309
52 131 0.0948572
193 174 0.0940835
129 70 0.093808
31 177 0.0937254
175 157 0.0926085
33 180 0.0917526
41 148 0.0911368
178 114 0.091067
30 110 0.0908443
28 124 0.0907555
36 44 0.0905611
164 36 0.0905091
148 7 0.0900307
46 139 0.0896817
80 106 0.0877815
94 123 0.0874875
11 158 0.0874316
118 66 0.0864903
147 124 0.0864141
39 122 0.0860404
36 129 0.0858804
44 44 0.0852181
55 91 0.0849441
133 20 0.0848325
85 118 0.0843477
138 196 0.0839187
92 54 0.0829087
64 24 0.0826898
176 146 0.0824471
118 0 0.0820818
21 93 0.0816047
110 153 0.0814694
144 171 0.0809313
44 115 0.0794166
143 76 0.0792229
2 121 0.0790538
164 150 0.0785115
37 90 0.0782501
12 137 0.0780434
41 32 0.0771117
91 114 0.0766609
197 154 0.07612
67 54 0.0760819
55 65 0.0759479
0 58 0.0758934
30 192 0.0758242
72 171 0.0757166
155 136 0.0755706
79 33 0.0750149
144 146 0.0748868
162 180 0.074305
97 83 0.074243
127 0 0.0727611
83 50 0.0723983
118 113 0.0723245
21 75 0.0713286
4 103 0.0710204
38 43 0.0707455
186 113 0.0707092
37 168 0.0706561
127 113 0.0706094
16 41 0.07033
126 19 0.0702446
101 107 0.0701426
61 59 0.0700081
22 87 0.0699365
117 90 0.0696342
56 127 0.0696261
129 180 0.069466
143 36 0.0693084
124 189 0.0682067
176 79 0.0679513
126 29 0.0678806
186 0 0.0675234
14 77 0.0675122
20 147 0.0675072
52 102 0.0669246
28 26 0.0668277
152 91 0.066767
126 135 0.0667345
129 83 0.0665885
63 192 0.0663738
175 91 0.0657941
83 19 0.06566
194 24 0.0655773
5 129 0.0655616
97 147 0.0652763
14 36 0.0651993
56 88 0.0651945
57 44 0.064487
7 165 0.0644117
32 103 0.0642861
145 52 0.0639604
62 54 0.0635992
172 146 0.0635791
0 150 0.0634036
67 150 0.0628178
59 65 0.0618226
6 69 0.0617775
78 161 0.0615317
178 95 0.0610851
111 54 0.0610358
37 21 0.0608489
163 110 0.0606932
41 83 0.0602651
14 76 0.0600816
8 75 0.0599673
71 37 0.0596204
3 11 0.0594314
186 68 0.0591925
151 24 0.0589915
75 49 0.0589348
32 161 0.0588924
3 42 0.0582547
29 139 0.0581855
193 26 0.0579466
58 2 0.0577861
103 157 0.0577579
135 173 0.0574382
59 18 0.0572629
13 152 0.0567934
146 23 0.0561761
147 33 0.0560748
32 183 0.0554564
83 86 0.0551778
32 95 0.0549616
8 168 0.0548172
146 171 0.0546098
169 116 0.054334
193 196 0.0538994
21 144 0.0537004
80 170 0.0535773
5 193 0.0535677
178 117 0.0533528
177 51 0.0525509
0 34 0.052032
101 78 0.0518969
52 7 0.0518807
112 101 0.0517618
45 155 0.0514441
188 101 0.0513739
118 121 0.0513323
72 82 0.0507158
76 88 0.050246
1 106 0.0501756
109 14 0.0500582
144 175 0.0499127
40 106 0.0499023
188 108 0.0494951
187 49 0.0492982
29 80 0.0492729
92 92 0.0491657
35 185 0.0489365
149 58 0.0487373
95 71 0.0483509
4 70 0.0483178
28 19 0.0482878
19 158 0.0479681
4 58 0.0476418
82 41 0.0475506
7 122 0.0471969
111 98 0.0469874
181 197 0.0469535
45 12 0.0469274
58 165 0.0467923
0 17 0.0467582
67 92 0.0464153
46 159 0.0461678
16 90 0.0460471
92 43 0.0459007
192 40 0.045671
145 21 0.0454586
59 153 0.0447643
84 136 0.0445812
16 80 0.044105
8 23 0.043898
186 26 0.0438296
79 21 0.0438172
156 157 0.0438163
103 62 0.0437823
145 149 0.0435386
80 158 0.0434014
0 129 0.0433491
156 34 0.043323
4 17 0.0432582
180 56 0.0431821
22 2 0.0425214
189 148 0.0423554
55 95 0.0422526
127 71 0.0421797
67 20 0.0413692
70 89 0.0412037
184 160 0.0410938
188 104 0.0409743
104 108 0.0407964
26 83 0.0402932
37 75 0.0402652
94 157 0.0401033
59 99 0.0400493
11 66 0.0400076
183 156 0.0399294
91 11 0.0399137
145 87 0.0398637
52 160 0.0398381
76 120 0.039654
193 97 0.0396516
78 162 0.0396372
166 156 0.0396358
104 155 0.0395952
181 189 0.0395869
120 169 0.0395658
125 46 0.0395239
146 152 0.039453
157 33 0.0393114
80 130 0.0392667
123 121 0.0390392
161 27 0.0390162
39 167 0.0390006
76 130 0.0389245
179 48 0.0388573
179 81 0.0387864
8 74 0.0386759
5 138 0.0386008
197 24 0.0383358
2 53 0.0382357
22 197 0.0380463
32 117 0.0378648
58 197 0.0374486
57 199 0.0369847
0 126 0.0369763
197 178 0.0369549
80 0 0.0367492
95 160 0.0366958
143 100 0.0365856
43 60 0.0364664
61 137 0.0361167
70 80 0.0360867
21 82 0.0355438
58 125 0.0351262
133 174 0.035119
151 192 0.0350085
166 69 0.0345803
129 25 0.0345725
143 158 0.0345205
197 91 0.0342401
185 155 0.0342067
156 11 0.0339607
82 120 0.0338704
133 92 0.0338027
10 197 0.0337148
97 12 0.0336935
10 108 0.0336588
51 163 0.0335503
98 125 0.0335218
103 35 0.0335048
183 187 0.0334526
134 139 0.0334253
104 101 0.0333685
147 118 0.0333394
93 94 0.0331506
166 187 0.0330998
189 50 0.0330086
34 163 0.0327804
185 197 0.0327302
6 165 0.0326952
50 85 0.0324675
80 66 0.032457
77 17 0.0324048
56 104 0.0323856
162 12 0.0323691
124 180 0.0322268
83 29 0.0321146
10 132 0.0320267
134 115 0.0319106
120 75 0.0316675
67 62 0.0316299
147 6 0.0315439
119 48 0.0311775
14 150 0.0311407
147 15 0.03109
64 191 0.0310527
10 2 0.0310359
181 2 0.030937
77 74 0.0308859
156 123 0.0308854
41 106 0.0308743
6 129 0.0308172
156 114 0.0307884
189 67 0.0307854
124 40 0.0306527
44 129 0.0306456
87 68 0.0304297
186 71 0.0303247
42 88 0.0302272
185 2 0.0300235
37 149 0.0299639
103 34 0.0298928
117 106 0.0298032
28 172 0.02979
9 126 0.0297122
11 53 0.0296179
117 68 0.0296153
95 113 0.029443
155 13 0.0294326
103 123 0.0293994
43 170 0.0293622
110 36 0.029265
117 117 0.029219
14 124 0.0291985
138 91 0.0291418
92 20 0.0291359
179 192 0.0291341
193 148 0.0290598
57 22 0.0288454
42 108 0.028834
13 179 0.0287392
55 93 0.0285925
127 49 0.0285801
127 175 0.0285678
41 12 0.0285673
42 120 0.0285567
175 65 0.0285527
20 158 0.028398
120 22 0.0283949
97 40 0.028338
184 42 0.0283341
178 177 0.028256
22 88 0.0279984
70 106 0.027884
1 61 0.0278714
185 182 0.0278631
185 108 0.0278235
59 3 0.0277364
64 28 0.0277312
172 51 0.0277169
110 26 0.0276277
43 182 0.0273918
32 179 0.0272413
186 29 0.0272019
67 81 0.0272006
158 143 0.0270214
177 13 0.0270183
10 155 0.0269768
85 139 0.0268984
17 174 0.0268856
58 44 0.0268117
161 168 0.0267447
166 23 0.0267439
194 91 0.0267201
14 32 0.0266848
112 135 0.0266427
10 88 0.0265904
58 69 0.0265561
2 66 0.0265375
81 44 0.0265245
22 108 0.0264724
67 15 0.026349
11 68 0.0262959
45 189 0.0262211
42 104 0.0262017
144 176 0.0261515
123 31 0.026148
155 8 0.0261273
85 115 0.02606
100 43 0.0260347
93 18 0.0259864
27 61 0.025972
27 166 0.0259433
71 196 0.0258295
170 30 0.0257478
17 92 0.0256641
100 103 0.0256092
87 1 0.0256049
51 57 0.0255297
19 1 0.025528
155 110 0.0255217
178 137 0.0255026
181 49 0.0254985
38 194 0.0254701
19 142 0.0253309
36 100 0.0253231
193 124 0.0252938
95 102 0.0252046
87 142 0.0252005
19 147 0.0251884
192 134 0.0251841
180 107 0.0251803
181 121 0.0251483
76 100 0.0250923
176 61 0.0250633
92 174 0.0250159
181 66 0.0249641
146 137 0.0249493
198 69 0.0248997
124 0 0.0248656
34 57 0.0248578
72 32 0.0248404
57 153 0.0248126
64 31 0.0247412
110 124 0.0247324
32 131 0.0246646
77 18 0.0245369
127 132 0.0244868
101 156 0.0244575
180 154 0.0244489
45 40 0.0244361
163 102 0.0244296
36 17 0.0244265
145 37 0.0244057
80 71 0.0244003
186 31 0.0243794
127 65 0.0242345
192 193 0.0241865
31 168 0.0241659
56 120 0.0241438
28 35 0.0241164
124 121 0.0240636
101 191 0.0239838
144 118 0.0239478
156 43 0.023901
193 19 0.0238291
29 8 0.0238059
71 66 0.0237813
98 133 0.0237706
170 173 0.023684
151 13 0.0236282
82 88 0.0236195
83 81 0.0236096
123 196 0.0236013
161 67 0.0235894
109 171 0.0235875
189 154 0.0235621
2 146 0.0235577
9 35 0.0235297
138 6 0.0234936
58 29 0.0234851
58 34 0.0234706
129 12 0.0234625
127 158 0.0233781
81 113 0.0233351
85 177 0.0232854
187 103 0.0232766
123 53 0.0232244
56 2 0.0232216
94 34 0.0231587
95 0 0.0231543
78 106 0.023145
161 7 0.0231002
87 53 0.023094
181 53 0.0230928
11 113 0.0230153
57 129 0.0230089
11 0 0.0230004
118 62 0.022961
173 176 0.0229421
181 31 0.0228978
198 182 0.0228849
164 76 0.0227959
110 76 0.0227182
84 43 0.0227027
148 29 0.0226855
124 83 0.0226839
178 11 0.0226398
146 78 0.0225637
164 102 0.022542
135 146 0.0225175
145 13 0.0223503
134 190 0.0223378
157 107 0.0223089
166 155 0.0222643
187 53 0.0222536
11 71 0.0222425
62 20 0.0222291
128 67 0.0221874
50 165 0.0221864
43 140 0.0220982
100 179 0.0220572
3 150 0.0219576
82 104 0.0219135
57 74 0.0218935
186 174 0.0218728
22 120 0.0218551
198 165 0.0218395
178 165 0.0217702
31 162 0.0217467
75 164 0.0217407
30 20 0.0217161
77 58 0.0216597
143 147 0.0216218
41 196 0.0215899
62 98 0.0215589
128 154 0.021533
168 119 0.0214574
197 167 0.0214541
26 12 0.0214485
34 52 0.0214242
81 170 0.0214099
161 94 0.0213931
100 152 0.0213906
101 171 0.0213469
56 108 0.0213205
10 164 0.0212993
117 31 0.0212816
5 53 0.0212283
156 103 0.0211441
162 182 0.0210741
181 104 0.0209642
26 196 0.0209451
64 53 0.0209375
185 88 0.0208924
183 60 0.0208169
63 106 0.0207881
148 15 0.0207728
127 66 0.0207677
93 134 0.0207424
138 68 0.0207136
9 23 0.0206746
123 68 0.0206527
117 89 0.0206317
118 31 0.0205933
79 158 0.0205616
44 168 0.0205059
56 165 0.0204782
180 156 0.0204707
70 164 0.0204361
14 40 0.0204348
169 18 0.0204264
104 69 0.0203923
82 108 0.0203698
149 193 0.0203632
75 83 0.0203484
117 0 0.0203142
44 67 0.0202972
93 25 0.0202886
128 166 0.0202608
127 56 0.0202576
198 119 0.0202306
138 20 0.0200641
95 68 0.0200426
56 197 0.0200176
8 57 0.0200168
187 132 0.0199977
2 31 0.0199465
172 8 0.0199162
15 133 0.0198807
93 169 0.0198775
31 76 0.0198774
123 20 0.0198685
110 61 0.0198528
67 98 0.019839
81 189 0.0197857
8 161 0.0197632
109 11 0.019762
152 154 0.019723
192 17 0.0197191
42 46 0.0196666
198 177 0.0196227
175 131 0.019596
70 196 0.0195786
174 174 0.01954
81 147 0.0195381
148 125 0.0194905
37 37 0.019467
128 121 0.0194602
27 185 0.0194568
91 149 0.0194568
126 104 0.0193947
11 49 0.019357
162 40 0.0193556
186 124 0.019353
185 120 0.019347
103 11 0.0193211
166 60 0.0193192
99 194 0.0193086
98 15 0.0193076
174 119 0.0192709
8 82 0.0192632
155 52 0.0192621
19 56 0.0192194
52 65 0.0191628
39 132 0.0191487
184 102 0.0191276
117 132 0.0190976
145 119 0.0190972
163 163 0.0190665
138 28 0.0190585
189 175 0.0190509
152 174 0.0190506
145 33 0.0190327
12 130 0.0190264
30 134 0.0189984
59 32 0.0189762
62 13 0.0189657
10 71 0.0189358
124 89 0.0189353
11 121 0.0189303
117 71 0.0189266
157 71 0.0188753
61 118 0.0188639
11 132 0.0188623
34 190 0.0188549
157 158 0.0187852
129 52 0.0187792
109 78 0.0187752
75 3 0.0187018
44 198 0.0186944
34 77 0.0186877
183 182 0.0186769
168 85 0.0186461
168 105 0.0186456
123 154 0.0186018
32 175 0.0185886
169 85 0.0185757
10 189 0.0185557
3 114 0.0185322
175 34 0.0184982
109 152 0.0184794
118 189 0.0184612
181 113 0.0184194
50 105 0.0184093
5 68 0.0183787
119 167 0.0183647
181 68 0.0183615
3 127 0.0183395
92 29 0.0183079
147 125 0.0182995
95 31 0.0182776
51 135 0.018255
128 145 0.0182265
8 144 0.0182204
19 189 0.0182166
42 71 0.0181803
83 182 0.0181054
173 133 0.0180661
75 189 0.0180597
193 29 0.0180441
133 54 0.0179782
98 29 0.0179733
2 0 0.0179503
75 158 0.0179299
166 182 0.0179143
110 127 0.0179126
57 193 0.0178812
118 127 0.0178584
72 6 0.0178548
59 185 0.0178381
157 113 0.0178242
57 138 0.0178119
183 107 0.0178053
101 1 0.0177824
46 190 0.0177458
186 121 0.0177396
46 11 0.0177384
16 186 0.0177292
123 189 0.0177111
39 89 0.0177077
72 78 0.0176686
10 120 0.017668
26 40 0.017632
30 97 0.017629
26 20 0.0175992
101 61 0.0175955
110 150 0.0175682
43 145 0.0175621
112 178 0.0175399
186 46 0.0175053
7 14 0.0174929
41 164 0.0174737
70 49 0.0174721
118 52 0.0174487
45 159 0.0174284
22 155 0.0174224
102 48 0.0174216
71 31 0.0173857
14 61 0.0173651
80 89 0.0173417
46 176 0.0173391
10 89 0.0173296
61 163 0.0173157
118 89 0.0173017
147 36 0.0172986
158 147 0.0172825
16 85 0.0172692
133 6 0.0172588
97 105 0.0172382
198 60 0.0172298
40 47 0.0172297
99 75 0.017228
5 31 0.0172178
170 122 0.0172105
102 125 0.0172077
75 140 0.0171991
40 71 0.0171841
72 42 0.0171824
34 135 0.0171183
168 1 0.017068
194 7 0.0170654
157 66 0.0170635
51 149 0.0170582
78 136 0.0170494
39 147 0.0170487
64 168 0.0170378
56 114 0.0170352
102 92 0.0170351
173 103 0.0170144
4 8 0.0169961
157 0 0.0169904
77 90 0.0169888
180 21 0.016974
57 100 0.0169718
180 31 0.0169666
16 52 0.0169656
123 97 0.0169638
13 78 0.0169587
120 176 0.0169526
102 141 0.0169496
174 29 0.0169382
8 95 0.0169351
82 197 0.0168976
26 98 0.0168775
32 118 0.0168644
151 143 0.0168529
155 167 0.0168122
174 6 0.0167926
193 81 0.016783
194 115 0.0167814
117 121 0.0167756
5 162 0.0167701
77 193 0.0167477
10 104 0.0167332
51 187 0.0167282
166 107 0.0167168
163 119 0.0167054
170 180 0.0167046
79 66 0.0166902
31 36 0.0166855
133 7 0.0166835
51 156 0.0166811
4 20 0.0166782
133 61 0.0166739
80 113 0.0166546
169 57 0.0166436
3 82 0.0166354
77 198 0.0166235
15 144 0.0166161
119 14 0.0165888
64 162 0.0165844
5 154 0.0165819
14 177 0.0165671
1 189 0.0165561
98 3 0.0165374
174 92 0.0165254
198 105 0.0165077
168 163 0.0164868
80 147 0.0164762
117 49 0.0164678
104 2 0.0164599
184 155 0.0164581
38 51 0.0164335
17 137 0.0164236
71 106 0.0164206
104 197 0.0164176
194 132 0.0164166
44 46 0.0164138
37 55 0.0163933
28 25 0.016389
147 76 0.0163819
87 0 0.0163702
189 86 0.0163692
176 171 0.0163649
193 92 0.0163595
133 26 0.0163317
123 71 0.01633
76 198 0.0163289
2 67 0.0163138
10 31 0.0163135
20 132 0.0163035
64 66 0.0162953
17 54 0.0162893
45 32 0.0162854
78 67 0.0162648
198 135 0.0162646
95 53 0.0162523
11 185 0.0162466
164 177 0.0162458
0 36 0.0162335
192 51 0.0162204
87 121 0.0162172
64 145 0.0162027
177 187 0.016191
174 105 0.0161896
87 49 0.0161832
10 0 0.0161791
179 15 0.0161734
109 38 0.0161595
63 89 0.0161525
44 24 0.0161384
19 106 0.0161333
95 89 0.0161308
11 170 0.016128
102 86 0.0161184
152 24 0.0161107
176 153 0.0161003
63 41 0.0160991
98 162 0.0160862
43 166 0.0160775
6 187 0.0160653
92 79 0.0160646
181 106 0.0160628
71 140 0.0160242
75 130 0.0160111
124 31 0.0159501
10 53 0.0159353
39 106 0.0159344
133 15 0.0159223
62 137 0.0159206
6 156 0.0158802
55 105 0.0158797
71 0 0.0158786
80 189 0.0158748
186 53 0.0158675
127 189 0.0158634
50 60 0.0158631
40 65 0.0158605
31 3 0.015842
100 136 0.0158326
192 126 0.0158269
38 156 0.0158227
184 1 0.0158207
168 142 0.0158159
13 77 0.0158091
87 113 0.0157999
175 123 0.0157966
79 142 0.0157686
21 10 0.0157508
71 53 0.0157451
92 15 0.0157182
123 89 0.0157143
59 158 0.0157043
187 106 0.0157023
184 119 0.0157001
188 30 0.0156867
188 197 0.0156791
187 0 0.0156716
80 53 0.0156677
14 19 0.015656
178 47 0.0156556
61 1 0.0156543
186 132 0.0156538
21 58 0.0156095
67 38 0.0155858
111 15 0.0155824
38 187 0.0155603
145 101 0.0155583
19 187 0.0155582
155 57 0.0155532
95 116 0.0155499
185 8 0.0155394
111 92 0.0155294
6 86 0.0155257
169 187 0.0155254
7 157 0.0155167
38 86 0.0155156
64 46 0.0155011
118 53 0.0154981
164 127 0.015494
38 141 0.0154807
35 140 0.0154617
22 104 0.0154614
39 0 0.0154499
40 131 0.0154477
118 68 0.0154465
114 126 0.0154451
50 86 0.0154433
19 113 0.0154421
13 32 0.0154276
118 132 0.0154271
36 170 0.0154216
156 62 0.0154094
119 110 0.0153909
33 12 0.0153828
94 50 0.0153806
83 60 0.015379
180 164 0.0153781
84 194 0.0153673
162 83 0.0153653
17 81 0.0153586
169 163 0.015354
109 80 0.0153482
180 89 0.0153386
155 18 0.0153365
79 37 0.0153365
70 35 0.0153252
112 119 0.0153156
75 185 0.0153114
27 3 0.015311
80 185 0.0153096
161 131 0.0152935
168 187 0.015279
35 145 0.0152781
181 132 0.0152671
40 7 0.0152575
161 117 0.0152475
6 141 0.0152428
39 53 0.015224
91 127 0.0152082
184 142 0.0152061
7 173 0.0151994
10 113 0.0151951
173 79 0.0151896
70 53 0.015184
59 147 0.0151679
11 12 0.0151657
51 107 0.0151623
75 170 0.0151437
138 158 0.0151343
183 1 0.0151292
87 187 0.0151158
123 49 0.0151136
128 7 0.0151111
42 3 0.0150964
19 0 0.0150915
94 16 0.0150865
94 62 0.0150841
133 28 0.0150835
87 66 0.0150772
178 65 0.0150754
44 130 0.0150571
184 116 0.0150526
59 145 0.0150512
92 26 0.0150427
40 166 0.0150406
93 50 0.0150304
163 173 0.0150303
168 101 0.0150246
0 176 0.0150244
39 49 0.0150099
114 163 0.0150027
188 2 0.0150001
174 54 0.0149958
1 196 0.0149861
149 192 0.0149786
198 1 0.0149698
10 66 0.0149639
50 163 0.0149479
50 1 0.014944
169 105 0.0149392
39 121 0.0149311
145 142 0.014929
98 130 0.0149214
183 142 0.0149097
13 14 0.0149074
91 123 0.0149054
184 105 0.0149008
118 34 0.0148999
104 23 0.0148981
29 176 0.0148884
147 19 0.0148743
77 126 0.0148691
85 159 0.0148644
103 135 0.0148451
44 7 0.0148325
179 174 0.0148244
155 86 0.0148232
1 154 0.0148225
40 140 0.0148117
117 113 0.0148045
75 162 0.0147966
126 124 0.0147723
71 89 0.0147647
82 58 0.0147503
62 8 0.0147356
164 38 0.0147267
148 28 0.0147191
70 154 0.0147158
71 154 0.0147134
155 141 0.0147099
13 160 0.0146797
149 190 0.0146676
50 18 0.0146588
181 71 0.0146456
35 32 0.0146371
185 104 0.0146334
44 191 0.0146309
109 114 0.0146285
126 76 0.0146255
1 49 0.0146246
180 46 0.0146145
50 101 0.0146107
101 142 0.0145875
127 121 0.0145784
169 167 0.014575
55 57 0.0145685
169 1 0.0145525
148 20 0.0145317
13 146 0.0145194
50 142 0.0145129
100 137 0.0145002
178 69 0.0144975
174 1 0.0144952
75 71 0.0144922
44 166 0.0144855
198 142 0.0144837
61 142 0.0144744
95 121 0.0144694
177 163 0.0144689
32 168 0.0144678
101 149 0.0144633
124 147 0.014455
67 174 0.0144534
188 149 0.0144356
111 122 0.0144347
175 114 0.0144314
186 66 0.0144302
80 121 0.0144237
163 187 0.0144199
51 85 0.0144143
36 115 0.0144104
55 153 0.0143825
192 144 0.0143799
85 199 0.014369
1 121 0.0143666
98 145 0.014356
78 110 0.0143544
67 34 0.0143541
181 118 0.014345
63 49 0.0143379
174 26 0.0143194
16 123 0.0143158
50 187 0.0143138
64 61 0.014302
97 119 0.0142958
181 108 0.0142939
183 8 0.0142728
124 53 0.0142725
9 171 0.0142662
177 57 0.0142577
33 18 0.0142558
51 1 0.0142507
125 18 0.0142492
2 106 0.0142346
30 180 0.014233
163 160 0.0142311
186 189 0.0142302
30 51 0.0142283
102 15 0.0142185
128 56 0.0142129
55 99 0.014207
152 19 0.0141983
118 25 0.0141865
119 30 0.0141781
39 31 0.0141689
82 2 0.0141633
8 22 0.0141599
75 132 0.014147
22 17 0.0141457
9 182 0.0141447
87 156 0.0141375
67 123 0.0141162
198 187 0.014112
194 49 0.0141087
39 158 0.0140949
51 142 0.0140861
166 1 0.0140789
174 37 0.0140738
43 50 0.0140714
138 180 0.0140655
166 142 0.0140654
50 50 0.0140587
169 160 0.0140583
62 133 0.0140576
51 13 0.0140566
194 53 0.014055
26 180 0.0140475
124 113 0.0140407
183 119 0.0140388
34 172 0.0140383
19 156 0.0140311
183 105 0.0140212
175 47 0.0140115
56 11 0.0140064
168 60 0.0139997
135 78 0.013984
174 142 0.0139808
1 56 0.0139779
58 104 0.0139745
26 54 0.0139678
118 123 0.0139563
185 37 0.0139424
149 95 0.0139364
75 12 0.0139358
126 36 0.0139141
91 34 0.0139091
180 71 0.013903
76 129 0.0139019
27 101 0.0139005
10 68 0.0138964
14 58 0.0138878
21 35 0.0138726
169 142 0.0138558
5 170 0.0138527
33 86 0.0138524
158 12 0.013849
117 164 0.013847
177 105 0.0138385
194 77 0.0138352
104 135 0.0138261
2 101 0.0138152
98 46 0.0138047
125 141 0.013803
152 166 0.0138005
64 132 0.0137947
62 81 0.0137904
112 58 0.0137894
161 28 0.0137808
38 18 0.0137767
188 178 0.013763
155 43 0.013752
34 187 0.0137444
143 166 0.0137423
35 12 0.0137417
104 119 0.0137407
112 122 0.0137397
50 141 0.0137387
198 179 0.0137374
57 61 0.0137254
163 105 0.0137218
128 162 0.0137162
50 119 0.0137088
51 50 0.0136925
152 98 0.0136911
117 189 0.0136885
29 129 0.0136839
180 106 0.0136816
1 148 0.0136536
35 162 0.0136473
123 3 0.0136215
180 53 0.0136054
56 172 0.0136016
124 132 0.0135863
11 89 0.0135862
52 117 0.0135836
180 189 0.0135729
174 57 0.0135596
175 127 0.0135586
40 148 0.0135539
19 105 0.0135446
11 154 0.0135213
133 65 0.0135175
41 67 0.0135004
161 175 0.0134985
2 58 0.0134916
186 164 0.0134775
61 95 0.0134773
98 174 0.0134743
42 168 0.0134579
94 187 0.013456
51 60 0.0134538
87 105 0.0134483
192 115 0.0134457
75 113 0.0134331
2 161 0.0134321
44 170 0.0134313
148 131 0.013431
45 69 0.0134304
124 12 0.0134297
50 57 0.013426
104 8 0.0134172
168 13 0.0134157
17 19 0.0134023
104 88 0.0134005
174 149 0.0133991
148 164 0.0133974
78 138 0.0133908
97 1 0.0133828
109 82 0.0133801
112 142 0.0133753
174 187 0.0133737
6 177 0.0133735
55 191 0.0133732
123 106 0.013365
14 127 0.0133647
125 86 0.0133535
112 194 0.0133494
169 60 0.013345
20 21 0.0133448
91 69 0.0133435
1 67 0.0133391
61 105 0.0133386
168 57 0.0133369
111 163 0.0133301
124 140 0.0133257
80 3 0.0133252
37 59 0.0133206
176 194 0.0133173
163 23 0.0133148
1 24 0.0133108
30 159 0.01331
75 106 0.0133052
193 20 0.0133032
87 189 0.0133015
155 173 0.0133013
103 114 0.0133011
37 82 0.0132986
17 98 0.0132823
127 53 0.0132772
94 156 0.0132765
12 170 0.0132465
56 34 0.0132437
21 43 0.0132424
184 57 0.013242
0 123 0.0132414
97 180 0.0132358
71 68 0.0132289
151 183 0.0132287
183 149 0.0132265
178 38 0.0132245
8 116 0.0132226
183 163 0.0132137
169 141 0.0132082
175 99 0.0131931
110 28 0.0131915
84 152 0.0131895
111 116 0.013189
31 68 0.0131882
12 166 0.0131872
169 86 0.0131847
92 98 0.0131779
41 40 0.0131723
20 140 0.0131702
64 113 0.0131701
13 18 0.0131679
33 141 0.0131641
28 192 0.013162
134 99 0.0131508
125 159 0.0131475
1 31 0.0131463
11 198 0.0131329
78 56 0.0131269
164 43 0.0131149
112 105 0.0131033
162 119 0.0131002
129 149 0.0130988
78 164 0.0130969
135 32 0.0130914
37 159 0.0130855
34 13 0.0130831
104 105 0.0130812
184 178 0.0130774
124 56 0.0130641
123 46 0.0130609
36 130 0.0130594
156 74 0.0130381
45 77 0.0130332
198 163 0.0130331
56 37 0.0130325
111 174 0.0130313
183 116 0.0130305
155 73 0.0130302
169 122 0.013028
198 101 0.0130268
143 170 0.0130126
50 156 0.0130112
85 192 0.0130093
120 153 0.0130073
144 47 0.0130049
101 21 0.0129958
11 130 0.0129839
133 81 0.0129751
11 46 0.0129719
114 156 0.0129687
123 66 0.0129574
55 194 0.012957
57 43 0.0129555
34 129 0.0129548
63 66 0.0129498
185 169 0.0129439
64 89 0.0129438
43 105 0.0129332
104 136 0.0129242
138 154 0.0129226
180 102 0.0129128
31 145 0.0128961
83 13 0.0128952
1 132 0.0128935
41 97 0.0128932
87 71 0.012891
114 101 0.0128889
168 23 0.0128883
30 94 0.0128864
156 105 0.0128814
46 77 0.0128768
166 172 0.0128712
33 70 0.0128705
104 120 0.012865
128 140 0.0128622
14 65 0.0128617
79 1 0.0128602
50 107 0.0128595
187 68 0.0128565
95 105 0.0128502
164 116 0.0128413
70 105 0.0128394
34 156 0.0128391
29 77 0.0128365
36 126 0.0128307
111 73 0.0128298
44 138 0.0128288
56 157 0.0128261
133 185 0.0128224
6 18 0.0128221
100 79 0.0128204
170 167 0.0128177
120 110 0.0128073
186 56 0.0128065
147 81 0.0128044
80 31 0.0128031
156 127 0.0127977
184 187 0.0127916
93 173 0.0127796
128 130 0.0127677
97 142 0.0127633
94 13 0.0127624
112 149 0.0127609
80 68 0.0127569
183 115 0.0127541
127 79 0.0127537
85 42 0.0127512
57 152 0.0127497
126 26 0.0127368
177 14 0.0127367
92 169 0.0127345
32 24 0.0127325
1 164 0.0127287
70 149 0.0127272
13 51 0.0127258
50 161 0.0127247
44 117 0.0127183
198 122 0.0127143
169 119 0.0127111
34 1 0.0127001
27 73 0.0126986
133 24 0.0126948
161 143 0.0126866
97 175 0.0126778
110 95 0.0126553
168 102 0.0126543
39 14 0.0126485
117 94 0.0126397
80 132 0.0126377
120 186 0.0126349
64 56 0.0126336
20 30 0.0126323
176 192 0.0126231
28 174 0.0126221
144 178 0.0126214
128 185 0.0126209
151 46 0.0126161
138 55 0.0126124
34 142 0.0126087
123 148 0.0126041
36 27 0.0126024
71 113 0.0125993
78 46 0.0125965
8 84 0.0125944
168 156 0.0125909
112 85 0.0125899
81 130 0.0125838
39 66 0.0125831
179 116 0.0125781
82 93 0.0125778
152 46 0.012575
124 71 0.0125733
40 66 0.0125683
158 28 0.0125669
134 165 0.0125668
79 164 0.0125531
179 122 0.0125515
143 83 0.0125493
72 89 0.0125474
40 132 0.0125414
4 89 0.0125403
192 146 0.0125402
95 106 0.0125285
21 76 0.012526
41 49 0.0125225
91 93 0.0125217
186 19 0.0125184
39 113 0.0125137
138 164 0.0125105
104 146 0.0125104
32 84 0.0125081
126 197 0.0124948
126 163 0.0124879
177 178 0.0124844
155 37 0.0124575
17 75 0.0124521
101 22 0.0124476
103 165 0.0124394
176 118 0.0124374
77 78 0.0124316
174 19 0.0124244
8 102 0.0124216
41 65 0.0124208
41 46 0.0124165
87 154 0.0124156
101 51 0.0124155
187 113 0.0124148
118 49 0.0124123
164 160 0.0124097
168 160 0.0124057
81 140 0.0123977
112 1 0.0123953
194 100 0.0123902
0 193 0.0123799
99 79 0.0123778
7 62 0.0123702
11 189 0.0123662
183 122 0.0123625
67 11 0.0123621
166 116 0.0123601
166 163 0.0123581
64 183 0.0123514
180 119 0.0123502
42 185 0.0123443
35 40 0.0123434
134 42 0.0123385
183 178 0.0123366
29 37 0.0123353
29 60 0.0123349
87 102 0.0123314
110 24 0.012327
184 8 0.0123266
168 116 0.0123228
62 50 0.0123207
127 47 0.0123169
92 136 0.0123165
45 74 0.0123137
95 189 0.0123125
7 50 0.0123123
16 192 0.0123115
99 99 0.0123091
98 140 0.0123037
67 199 0.0122988
188 21 0.0122919
117 59 0.0122884
10 87 0.0122879
3 74 0.0122874
93 141 0.0122863
6 115 0.0122841
158 61 0.0122814
22 59 0.0122806
63 56 0.0122785
61 99 0.0122783
143 132 0.0122775
84 18 0.0122746
70 46 0.0122654
87 163 0.0122654
33 28 0.0122612
16 59 0.012261
1 71 0.0122578
39 71 0.0122536
112 187 0.0122452
126 142 0.0122427
155 58 0.0122416
185 153 0.0122363
52 23 0.0122359
146 26 0.012235
156 87 0.0122339
59 83 0.0122321
184 60 0.0122223
128 91 0.0122218
103 79 0.0122167
70 135 0.0122157
12 118 0.0122137
148 48 0.0122106
110 197 0.0122072
37 144 0.012207
194 28 0.0122041
30 166 0.012204
104 60 0.0122026
19 102 0.0121994
67 133 0.0121993
161 65 0.0121943
161 196 0.0121931
179 14 0.0121908
145 69 0.0121878
33 97 0.0121846
51 122 0.0121818
103 60 0.0121785
180 105 0.0121744
64 121 0.0121743
11 3 0.0121715
39 154 0.0121714
126 81 0.012171
163 155 0.0121668
81 119 0.0121574
169 50 0.0121572
11 147 0.0121568
179 16 0.0121525
87 119 0.0121525
126 1 0.012151
183 103 0.0121449
14 26 0.0121347
187 31 0.0121325
12 145 0.0121296
117 154 0.0121284
149 93 0.0121269
103 119 0.0121263
5 46 0.0121251
168 8 0.0121207
166 101 0.0121194
87 182 0.0121176
185 172 0.012111
155 14 0.0121074
134 12 0.0121058
118 13 0.0121047
91 119 0.0121033
1 3 0.0121004
45 56 0.012098
114 57 0.0120932
180 68 0.012093
197 106 0.0120845
59 189 0.012084
28 177 0.0120771
39 46 0.0120761
91 62 0.0120758
19 163 0.0120722
64 106 0.0120617
125 3 0.0120562
41 132 0.0120541
1 78 0.0120518
163 135 0.0120512
164 163 0.0120479
98 40 0.0120478
19 3 0.0120476
156 192 0.0120445
46 150 0.0120413
94 142 0.0120387
110 117 0.0120363
71 77 0.0120346
67 114 0.0120322
58 84 0.0120307
128 189 0.012028
144 73 0.0120253
71 99 0.0120246
61 119 0.0120245
143 185 0.0120237
176 119 0.0120223
61 178 0.0120182
180 1 0.0120126
114 146 0.0120041
158 83 0.0120039
77 141 0.0120022
40 158 0.0120019
163 1 0.0120009
103 179 0.0120005
185 192 0.0119965
5 100 0.0119916
127 164 0.0119914
41 89 0.011991
63 154 0.0119909
22 80 0.0119908
100 119 0.0119887
1 166 0.0119868
187 154 0.0119868
158 24 0.0119832
169 178 0.0119816
2 120 0.0119801
70 180 0.0119788
93 95 0.0119757
177 86 0.0119646
166 105 0.011961
61 155 0.0119589
9 122 0.0119557
110 47 0.0119534
56 155 0.0119533
151 98 0.0119489
94 1 0.011946
168 178 0.0119424
188 55 0.0119396
26 170 0.0119387
163 142 0.0119373
94 60 0.0119359
31 150 0.0119296
104 123 0.0119283
33 60 0.0119245
37 170 0.0119239
93 86 0.0119169
103 161 0.0119164
145 44 0.0119138
1 98 0.0119123
42 145 0.0119118
31 46 0.0119109
70 121 0.011902
109 186 0.0119003
146 90 0.0118948
135 27 0.0118947
163 178 0.0118947
62 115 0.011892
125 50 0.0118892
117 56 0.011889
11 140 0.0118864
8 90 0.0118848
109 42 0.0118742
12 69 0.0118691
51 119 0.0118691
29 58 0.0118689
82 57 0.0118667
64 0 0.0118663
94 41 0.0118606
95 187 0.0118582
125 145 0.0118564
197 157 0.0118563
138 40 0.0118493
19 119 0.0118462
127 154 0.0118459
175 70 0.0118449
125 140 0.0118448
61 57 0.0118418
156 161 0.0118403
100 44 0.0118397
193 158 0.0118338
198 156 0.0118317
100 16 0.0118298
184 165 0.011829
127 89 0.0118238
177 135 0.0118219
157 145 0.0118196
56 123 0.0118173
67 84 0.0118169
183 135 0.0118162
64 90 0.0118095
133 153 0.0118093
124 68 0.0118084
51 52 0.011807
93 194 0.011806
26 70 0.0118058
20 83 0.0118011
198 178 0.0117975
184 122 0.0117974
192 27 0.0117946
177 62 0.0117938
110 191 0.0117917
32 11 0.0117842
50 16 0.0117837
178 76 0.0117814
169 156 0.0117789
10 106 0.011776
175 175 0.0117757
98 170 0.0117755
119 13 0.0117751
63 68 0.011775
177 141 0.0117726
183 57 0.0117711
118 21 0.0117647
102 73 0.0117546
29 149 0.0117526
33 196 0.0117517
22 30 0.0117497
80 49 0.0117496
16 81 0.0117456
40 68 0.0117428
41 7 0.0117426
40 56 0.0117408
101 116 0.0117389
198 8 0.0117366
148 138 0.0117362
85 100 0.0117361
32 43 0.0117279
70 132 0.011727
111 57 0.0117239
127 106 0.0117236
99 62 0.0117235
19 182 0.0117226
61 81 0.0117216
44 100 0.0117211
144 79 0.0117162
41 189 0.011715
80 56 0.0117131
183 179 0.0117053
148 89 0.0117
194 65 0.0116991
67 127 0.0116905
168 135 0.0116857
146 22 0.0116835
128 20 0.0116819
13 176 0.0116815
149 134 0.0116787
51 105 0.0116748
114 95 0.0116729
176 65 0.011663
178 127 0.01166
144 60 0.011657
176 179 0.0116559
46 115 0.0116518
94 116 0.0116498
172 37 0.0116445
39 56 0.0116396
163 22 0.0116381
112 60 0.0116377
38 79 0.0116362
80 47 0.011635
7 123 0.0116338
71 46 0.0116322
78 160 0.0116316
176 92 0.011629
51 167 0.0116287
104 104 0.0116266
125 60 0.0116255
19 160 0.011625
112 163 0.0116229
59 183 0.0116226
14 126 0.0116222
179 79 0.0116134
83 55 0.0116123
58 108 0.0116054
97 156 0.0116047
20 91 0.0116018
14 183 0.0115972
172 93 0.0115942
184 50 0.0115917
169 23 0.0115903
127 31 0.0115893
95 66 0.0115885
94 107 0.0115874
39 164 0.0115861
168 37 0.0115843
178 150 0.0115803
20 12 0.0115749
7 87 0.0115741
155 150 0.0115734
32 186 0.0115712
38 82 0.0115688
174 60 0.011568
38 25 0.0115674
124 46 0.0115639
50 13 0.0115623
11 67 0.011558
62 92 0.0115572
173 179 0.0115569
77 155 0.0115544
123 132 0.0115523
52 15 0.011551
33 107 0.0115509
58 157 0.0115457
81 148 0.0115441
187 56 0.011543
55 40 0.0115421
11 56 0.0115338
100 135 0.0115334
16 13 0.0115332
111 79 0.0115329
29 179 0.0115277
15 115 0.0115269
76 153 0.0115218
55 167 0.0115208
22 153 0.0115196
124 29 0.0115186
61 135 0.0115166
92 199 0.0115143
112 8 0.0115092
152 130 0.0115079
104 85 0.0115075
104 103 0.0115065
184 163 0.0115039
198 57 0.0115019
174 20 0.0115017
104 161 0.0114987
157 189 0.0114979
99 150 0.0114963
9 105 0.0114908
83 6 0.0114883
45 78 0.0114879
163 18 0.011486
117 20 0.0114815
39 101 0.0114774
94 135 0.01147
92 126 0.0114685
8 137 0.011468
87 56 0.0114666
198 13 0.0114651
61 187 0.0114618
177 1 0.0114613
163 149 0.0114612
133 98 0.0114563
14 38 0.0114557
63 148 0.0114552
173 116 0.0114551
129 116 0.0114541
170 123 0.0114528
177 101 0.0114473
127 146 0.011445
94 127 0.0114432
187 119 0.0114425
51 16 0.0114412
198 116 0.01144
20 113 0.011438
188 119 0.0114354
166 149 0.0114351
177 60 0.0114346
169 179 0.0114339
72 27 0.0114322
79 46 0.0114284
176 8 0.0114277
177 23 0.0114268
30 199 0.0114267
98 61 0.011425
125 107 0.0114235
98 27 0.0114209
16 102 0.0114165
33 50 0.0114146
187 121 0.0114125
79 189 0.0114077
128 143 0.0114055
147 186 0.0114051
157 53 0.0113991
138 49 0.0113971
58 11 0.0113914
184 74 0.0113904
16 87 0.0113845
15 82 0.0113793
41 53 0.0113793
34 118 0.0113785
102 60 0.0113783
127 131 0.0113722
138 97 0.0113713
34 176 0.0113677
7 34 0.0113673
143 143 0.0113661
14 17 0.0113657
12 3 0.0113639
109 36 0.0113638
14 11 0.011359
3 186 0.0113524
0 115 0.0113475
157 50 0.0113474
156 52 0.0113456
197 16 0.0113426
52 120 0.0113419
197 68 0.0113404
176 193 0.0113402
6 142 0.0113253
119 57 0.0113248
79 3 0.0113245
158 138 0.0113244
104 172 0.0113243
3 80 0.0113235
148 133 0.0113197
155 163 0.0113184
11 20 0.0113177
187 135 0.011317
164 11 0.0113159
166 119 0.0113122
40 28 0.0113115
112 156 0.0113099
147 29 0.0113097
120 171 0.0113092
181 120 0.0113071
176 47 0.011307
62 125 0.0113049
85 82 0.0113027
21 44 0.0113026
163 60 0.0113015
22 194 0.0113001
178 62 0.0112995
42 197 0.0112995
151 35 0.0112972
103 85 0.0112965
12 100 0.0112957
176 40 0.0112948
185 13 0.0112902
98 166 0.0112894
19 49 0.0112887
5 199 0.0112869
180 142 0.0112842
9 103 0.0112813
92 137 0.0112802
129 40 0.0112777
176 116 0.0112777
166 57 0.011276
162 122 0.0112757
32 17 0.0112754
112 167 0.0112753
15 77 0.0112743
64 153 0.0112725
100 107 0.0112719
164 22 0.0112689
146 74 0.0112667
144 192 0.0112655
183 69 0.0112648
56 107 0.0112643
112 179 0.0112625
97 187 0.0112624
152 148 0.0112599
189 73 0.0112593
28 76 0.011258
185 103 0.0112571
184 192 0.0112531
45 134 0.0112506
38 169 0.0112496
16 14 0.0112451
63 147 0.0112449
138 125 0.0112392
185 161 0.0112361
125 53 0.011235
3 41 0.0112291
197 135 0.0112284
75 67 0.0112279
177 142 0.0112272
163 116 0.0112268
177 156 0.0112217
63 121 0.0112182
157 130 0.0112174
111 69 0.0112171
22 50 0.0112165
101 160 0.0112162
164 27 0.0112122
102 107 0.0112111
179 160 0.0112109
112 14 0.0112103
52 116 0.0112097
19 125 0.0112096
87 132 0.011209
151 117 0.0112089
180 60 0.0112082
87 160 0.0112028
94 87 0.0112025
79 113 0.011202
39 173 0.0111987
109 182 0.0111957
85 77 0.0111865
152 92 0.0111853
104 13 0.0111822
27 143 0.011181
2 46 0.0111804
123 0 0.01118
176 35 0.0111797
181 93 0.0111777
70 56 0.0111747
128 70 0.0111739
188 88 0.0111731
168 86 0.0111682
173 192 0.0111655
188 142 0.0111649
94 186 0.0111599
76 158 0.0111596
75 66 0.0111564
148 191 0.0111556
152 162 0.0111535
26 185 0.0111518
99 73 0.0111513
30 92 0.0111493
31 97 0.0111486
9 199 0.0111475
124 49 0.011146
97 102 0.0111456
50 122 0.0111445
188 122 0.0111436
95 23 0.0111403
180 148 0.0111381
17 124 0.0111363
170 88 0.0111356
40 189 0.0111343
77 196 0.0111315
94 114 0.0111311
30 143 0.0111274
184 35 0.0111271
62 142 0.0111262
46 140 0.0111241
168 87 0.0111232
184 23 0.0111228
36 146 0.0111216
112 116 0.0111208
120 78 0.0111191
76 21 0.0111155
163 2 0.011113
176 44 0.0111121
83 76 0.01111
50 167 0.0111096
147 148 0.0111091
135 171 0.0111085
143 175 0.0111073
173 6 0.0111071
62 16 0.0111063
10 121 0.0111051
57 146 0.0111026
156 38 0.0110929
58 15 0.0110921
157 30 0.0110901
50 178 0.0110879
52 155 0.0110878
134 159 0.0110836
31 84 0.0110786
95 49 0.0110782
166 192 0.0110745
72 41 0.0110739
135 110 0.0110735
98 67 0.0110735
158 118 0.0110723
29 85 0.0110712
19 89 0.0110707
95 155 0.0110706
76 108 0.0110696
151 67 0.0110695
78 140 0.0110695
163 52 0.0110682
36 133 0.0110642
6 186 0.0110622
161 24 0.0110619
145 23 0.0110591
61 75 0.0110542
63 86 0.0110541
81 179 0.011053
164 142 0.0110525
13 74 0.0110492
129 79 0.0110491
114 133 0.0110486
6 1 0.0110462
123 113 0.0110446
44 148 0.0110427
194 140 0.0110416
164 104 0.0110411
103 105 0.0110403
4 3 0.0110403
0 61 0.01104
95 119 0.01104
197 49 0.0110366
77 42 0.0110335
2 89 0.0110322
97 32 0.0110308
67 36 0.0110296
64 71 0.0110293
168 122 0.0110286
42 49 0.0110269
179 84 0.0110262
179 57 0.0110246
178 34 0.0110242
93 73 0.0110221
34 60 0.0110203
13 173 0.0110149
34 42 0.0110143
189 183 0.0110139
169 186 0.0110121
162 179 0.0110117
184 101 0.0110109
168 179 0.0110101
177 22 0.0110073
16 163 0.0110041
175 130 0.0110006
5 164 0.0109993
75 180 0.0109968
177 119 0.0109899
183 101 0.010988
11 164 0.0109876
183 13 0.0109873
100 60 0.0109867
94 155 0.0109834
134 182 0.0109819
111 186 0.0109808
173 101 0.0109765
176 43 0.010976
111 41 0.0109737
173 35 0.0109737
38 1 0.0109731
19 60 0.0109725
91 102 0.0109699
97 60 0.0109682
81 8 0.0109656
112 161 0.010964
186 49 0.0109617
51 69 0.0109605
152 7 0.0109598
22 58 0.0109595
84 146 0.0109583
51 116 0.0109557
164 182 0.010955
29 105 0.0109547
94 11 0.0109517
124 196 0.0109506
158 117 0.0109446
169 16 0.0109443
62 1 0.0109442
94 52 0.0109417
9 17 0.010941
197 97 0.0109407
91 157 0.0109391
174 21 0.0109366
138 131 0.010936
45 139 0.0109341
78 71 0.0109341
198 79 0.0109338
78 89 0.0109332
77 110 0.0109326
83 107 0.0109319
185 58 0.0109315
127 68 0.0109313
32 79 0.0109285
57 95 0.0109249
57 78 0.0109235
179 13 0.0109213
120 35 0.0109173
169 41 0.0109173
95 1 0.0109173
33 187 0.0109166
62 48 0.0109166
80 164 0.0109144
147 196 0.0109098
183 16 0.0109097
146 10 0.0109091
126 88 0.0109059
129 171 0.0109016
124 65 0.0108922
143 131 0.0108876
20 189 0.0108867
135 104 0.0108847
103 69 0.0108824
166 58 0.010882
34 119 0.0108787
133 78 0.0108746
51 139 0.0108707
45 196 0.0108699
50 160 0.0108661
125 156 0.0108652
61 47 0.010864
102 13 0.0108633
176 152 0.0108615
114 173 0.0108535
149 179 0.0108517
98 26 0.0108513
81 139 0.0108491
118 87 0.0108485
29 13 0.0108484
184 156 0.0108464
162 135 0.0108453
1 113 0.0108441
169 101 0.0108406
94 122 0.0108383
117 46 0.0108377
166 178 0.0108364
162 60 0.0108338
125 187 0.0108294
176 139 0.0108274
166 74 0.0108266
98 81 0.0108244
92 81 0.010819
29 156 0.0108186
187 16 0.0108142
102 41 0.0108136
103 116 0.0108079
95 60 0.0108074
63 83 0.0108053
57 35 0.0108042
176 105 0.0108039
35 130 0.0108032
70 0 0.0108019
134 58 0.010801
180 149 0.0107984
104 149 0.0107947
168 69 0.0107886
72 186 0.0107879
75 191 0.0107879
158 166 0.010783
168 186 0.0107816
40 113 0.0107816
174 163 0.010781
128 24 0.0107782
170 104 0.0107775
67 194 0.0107775
111 16 0.0107772
124 67 0.0107756
112 69 0.0107747
158 7 0.0107722
146 50 0.0107718
37 136 0.0107711
98 185 0.0107702
176 16 0.0107682
117 66 0.0107655
126 6 0.0107609
42 2 0.0107582
101 102 0.0107575
37 41 0.0107575
19 116 0.0107561
33 156 0.0107549
124 148 0.0107547
183 167 0.0107531
16 119 0.0107525
13 93 0.0107492
152 26 0.0107478
176 7 0.0107448
19 131 0.0107432
63 189 0.010743
6 114 0.0107428
123 98 0.0107413
8 28 0.0107405
168 41 0.0107403
169 87 0.0107377
169 182 0.0107352
101 187 0.0107343
58 177 0.0107309
19 57 0.0107304
16 179 0.0107261
100 116 0.0107259
72 146 0.0107253
124 162 0.0107244
172 103 0.0107219
30 190 0.0107203
110 137 0.0107195
99 59 0.0107184
87 60 0.0107178
94 85 0.0107148
59 59 0.0107138
179 25 0.0107109
1 7 0.010709
168 149 0.0107056
56 74 0.0107049
112 13 0.0107036
94 105 0.0107006
67 157 0.0106981
38 142 0.0106974
8 78 0.0106965
99 103 0.0106964
71 21 0.0106963
17 86 0.010692
29 190 0.01069
22 160 0.0106898
1 32 0.0106883
41 180 0.0106846
103 177 0.0106845
15 43 0.0106825
186 106 0.0106825
11 145 0.0106817
164 60 0.0106773
103 87 0.0106769
192 61 0.010675
151 162 0.0106748
148 47 0.0106717
163 50 0.0106671
124 166 0.0106621
155 102 0.010662
92 19 0.0106607
43 192 0.0106591
41 145 0.0106572
45 89 0.0106544
170 157 0.0106542
187 136 0.0106524
192 169 0.0106444
20 170 0.010642
164 1 0.0106398
82 33 0.010638
180 132 0.0106335
29 119 0.0106333
50 8 0.0106326
95 156 0.0106319
149 43 0.0106309
162 105 0.0106309
100 105 0.0106277
184 135 0.0106236
109 2 0.0106174
180 135 0.0106168
135 102 0.0106152
172 110 0.0106107
42 164 0.0106105
102 55 0.0106104
36 40 0.0106102
5 183 0.010609
181 164 0.010608
162 79 0.0106075
52 74 0.0105984
101 119 0.010598
51 37 0.0105969
135 197 0.0105966
135 74 0.0105962
14 120 0.0105943
164 165 0.0105941
64 49 0.0105918
0 44 0.0105885
58 6 0.0105861
138 133 0.0105843
109 41 0.0105836
84 79 0.0105819
151 148 0.0105813
117 27 0.0105812
152 20 0.0105805
19 164 0.0105805
11 106 0.0105795
52 122 0.0105775
144 107 0.0105739
119 122 0.0105703
6 44 0.0105695
37 33 0.0105693
84 116 0.0105691
111 167 0.0105682
16 105 0.0105679
187 107 0.0105664
59 162 0.0105664
102 88 0.0105596
26 91 0.0105584
94 119 0.0105568
2 189 0.0105564
81 16 0.0105549
193 70 0.0105544
29 52 0.0105536
183 193 0.0105517
15 41 0.0105509
2 113 0.0105496
52 22 0.0105493
102 30 0.0105461
125 56 0.0105458
134 65 0.0105449
168 182 0.0105444
128 71 0.0105436
33 142 0.0105432
79 107 0.0105426
163 101 0.0105412
162 101 0.0105373
135 116 0.0105366
22 193 0.0105348
97 162 0.0105337
59 130 0.0105326
8 171 0.0105305
3 172 0.0105299
1 68 0.0105285
104 122 0.0105253
29 107 0.0105251
109 26 0.010525
7 74 0.0105222
198 107 0.0105206
187 3 0.0105202
61 23 0.0105191
184 177 0.0105176
183 62 0.0105172
120 166 0.0105169
59 12 0.0105168
77 40 0.0105161
40 0 0.0105158
183 23 0.0105116
145 102 0.0105108
79 149 0.0105102
124 106 0.0105097
175 11 0.0105092
111 142 0.010509
193 76 0.0105078
28 43 0.0105065
163 10 0.0105061
78 121 0.0104994
163 136 0.0104973
80 198 0.0104971
168 16 0.0104962
174 124 0.0104955
172 173 0.0104939
84 101 0.0104935
198 23 0.0104932
34 2 0.0104931
143 75 0.0104887
170 11 0.0104871
87 57 0.0104834
166 8 0.0104831
34 105 0.0104767
198 16 0.0104754
180 0 0.0104731
52 58 0.0104716
91 165 0.0104711
194 162 0.0104689
1 171 0.0104679
33 1 0.0104653
146 35 0.0104647
62 182 0.0104646
16 75 0.0104641
95 58 0.010464
40 89 0.0104629
104 79 0.0104622
135 85 0.01046
28 85 0.0104586
178 157 0.0104565
123 67 0.0104545
119 155 0.0104529
55 1 0.0104523
12 191 0.0104514
94 163 0.0104504
10 148 0.0104502
188 107 0.0104499
185 160 0.0104466
5 56 0.0104459
51 186 0.0104442
97 57 0.0104415
175 62 0.0104398
22 182 0.0104395
57 191 0.010438
179 182 0.0104359
173 169 0.0104337
158 175 0.0104317
152 131 0.0104308
82 21 0.0104307
103 23 0.0104294
109 120 0.0104282
111 25 0.0104266
7 2 0.0104231
40 147 0.0104223
189 131 0.0104182
79 71 0.0104154
118 56 0.0104142
6 58 0.0104138
50 182 0.0104102
57 32 0.0104101
34 104 0.0104086
111 119 0.0104064
102 174 0.010405
9 43 0.0104041
158 183 0.0104032
29 1 0.0104017
197 136 0.0104003
64 7 0.0103999
179 156 0.0103987
50 116 0.0103982
0 118 0.0103975
40 183 0.0103927
2 141 0.0103922
184 13 0.0103912
39 68 0.0103911
181 56 0.010388
14 12 0.0103865
189 3 0.0103863
9 78 0.0103859
75 7 0.0103837
133 70 0.0103807
170 107 0.0103807
76 37 0.0103805
56 103 0.0103804
194 191 0.0103798
61 108 0.0103764
27 165 0.0103758
112 57 0.0103741
98 92 0.0103728
93 57 0.0103692
104 178 0.0103677
76 104 0.0103668
95 142 0.0103667
34 50 0.0103639
91 23 0.0103637
177 160 0.0103633
37 62 0.010362
112 193 0.0103601
149 116 0.0103594
37 42 0.0103578
58 22 0.0103568
8 117 0.0103564
126 105 0.010356
197 172 0.0103519
62 194 0.0103515
178 59 0.0103514
163 156 0.010348
51 74 0.0103477
6 163 0.0103469
174 85 0.0103464
103 139 0.0103457
99 157 0.0103454
8 152 0.0103417
21 137 0.0103411
20 138 0.0103408
125 142 0.0103392
83 35 0.010339
44 126 0.0103371
6 161 0.0103363
133 32 0.0103337
2 86 0.0103336
34 108 0.0103336
147 55 0.0103327
183 139 0.0103313
172 136 0.0103307
34 69 0.0103294
164 173 0.0103284
0 183 0.0103282
185 119 0.0103244
5 189 0.0103233
183 35 0.01032
198 139 0.0103192
155 101 0.010314
102 81 0.0103109
164 155 0.0103098
103 84 0.0103081
34 122 0.0103036
40 162 0.0103031
166 135 0.010303
27 146 0.0103023
120 43 0.0103015
184 194 0.0103004
109 19 0.0102989
198 85 0.0102984
177 102 0.0102927
84 190 0.0102921
119 55 0.010291
59 47 0.0102906
94 84 0.0102898
169 13 0.0102895
50 73 0.010285
11 83 0.0102841
43 198 0.010284
15 186 0.0102818
112 16 0.0102813
168 103 0.0102796
10 172 0.010279
188 102 0.0102788
126 173 0.0102777
163 57 0.0102777
59 66 0.0102774
50 135 0.0102766
80 46 0.010275
55 142 0.0102748
175 24 0.0102713
50 23 0.0102705
179 187 0.0102678
29 157 0.0102673
94 57 0.0102635
98 100 0.0102622
21 134 0.0102619
163 73 0.0102588
173 136 0.0102579
129 105 0.0102567
188 105 0.0102564
111 1 0.0102562
151 101 0.0102558
103 142 0.0102541
112 23 0.0102531
166 21 0.0102484
95 167 0.0102449
35 41 0.0102441
51 177 0.0102438
192 69 0.0102425
172 176 0.0102416
33 98 0.0102413
145 160 0.0102412
100 69 0.0102406
76 138 0.0102391
163 197 0.0102367
43 32 0.0102365
19 46 0.0102352
125 1 0.0102336
169 2 0.0102334
187 60 0.0102326
51 108 0.0102315
79 40 0.0102313
21 23 0.0102309
50 52 0.0102295
55 169 0.0102289
50 102 0.0102277
51 2 0.0102272
21 193 0.0102271
51 41 0.010226
2 73 0.0102227
118 71 0.0102225
133 191 0.0102202
109 124 0.0102195
180 49 0.0102191
148 32 0.0102189
158 170 0.0102186
117 25 0.0102165
21 135 0.0102159
61 136 0.0102147
82 141 0.0102144
102 18 0.0102142
103 122 0.0102136
155 59 0.0102122
146 75 0.0102108
100 172 0.0102086
166 14 0.0102067
45 180 0.0102066
101 152 0.0102044
125 32 0.0102039
3 107 0.0102037
28 119 0.0102027
185 17 0.0102023
82 155 0.0102003
87 116 0.0102003
27 85 0.0101992
55 182 0.0101984
100 194 0.0101978
28 74 0.0101959
87 46 0.010193
63 113 0.0101921
62 190 0.0101913
81 105 0.0101889
10 135 0.0101877
169 8 0.0101868
135 152 0.0101865
198 149 0.0101845
177 167 0.0101826
138 83 0.0101825
128 113 0.0101796
179 119 0.0101775
99 193 0.0101774
79 147 0.0101764
38 118 0.010176
176 177 0.0101732
126 155 0.010173
38 73 0.0101727
17 103 0.0101714
51 155 0.0101709
134 95 0.0101706
38 134 0.0101694
100 178 0.0101693
61 13 0.0101689
156 16 0.0101673
72 161 0.0101648
185 75 0.0101642
172 172 0.0101619
168 21 0.0101592
148 92 0.010158
155 93 0.0101566
133 3 0.0101555
120 57 0.0101541
6 41 0.0101529
22 116 0.0101521
118 80 0.0101515
172 155 0.010151
125 130 0.0101494
9 25 0.0101492
144 131 0.0101486
91 135 0.0101467
176 60 0.0101456
125 73 0.0101455
178 75 0.0101442
168 177 0.0101433
4 179 0.0101415
13 110 0.0101394
166 88 0.0101385
45 3 0.0101385
1 46 0.0101368
39 135 0.0101367
126 108 0.0101345
185 135 0.0101336
194 139 0.0101322
21 18 0.0101322
29 55 0.0101311
27 179 0.0101296
22 149 0.0101292
134 116 0.010128
94 167 0.0101277
177 10 0.0101255
29 187 0.0101247
192 137 0.0101246
126 2 0.0101244
59 159 0.0101235
94 177 0.0101222
174 98 0.0101206
126 150 0.0101198
179 55 0.0101195
16 57 0.0101169
120 61 0.0101163
177 34 0.0101151
125 57 0.0101133
9 163 0.0101128
103 41 0.0101116
40 154 0.0101116
100 139 0.0101114
144 69 0.0101104
43 94 0.0101101
188 120 0.0101085
45 94 0.0101081
20 37 0.0101062
192 41 0.0101061
111 27 0.0101052
197 191 0.0101037
138 7 0.0101035
2 140 0.0101031
114 187 0.0101018
101 60 0.0101016
34 82 0.0100995
19 71 0.0100977
5 147 0.0100953
6 73 0.0100942
186 89 0.0100903
194 68 0.01009
36 198 0.0100896
16 160 0.010089
188 1 0.0100877
21 42 0.0100846
103 178 0.0100839
33 163 0.0100839
31 169 0.0100769
21 14 0.0100736
34 116 0.0100731
187 116 0.0100724
81 21 0.0100719
16 193 0.0100714
162 125 0.0100705
149 169 0.0100704
75 68 0.0100691
103 163 0.0100662
114 120 0.0100641
62 60 0.0100631
83 37 0.0100621
81 178 0.0100616
109 108 0.0100615
29 25 0.0100566
16 194 0.0100555
181 59 0.0100545
13 137 0.0100538
185 69 0.0100535
170 34 0.0100528
138 24 0.0100522
157 67 0.0100522
164 79 0.0100494
12 103 0.0100489
123 91 0.0100464
7 60 0.0100459
158 158 0.0100457
33 57 0.0100457
187 89 0.0100455
51 101 0.0100434
119 182 0.0100431
61 101 0.0100422
100 8 0.0100402
99 18 0.0100402
164 107 0.0100396
30 196 0.0100395
103 101 0.0100383
103 187 0.010036
7 10 0.0100335
155 134 0.0100301
102 134 0.0100298
2 148 0.0100297
17 59 0.010026
82 44 0.010024
34 25 0.010022
93 108 0.0100207
5 71 0.0100189
33 134 0.010018
20 185 0.0100166
198 167 0.0100158
26 143 0.0100156
188 187 0.0100154
192 48 0.0100152
102 165 0.0100148
125 163 0.0100147
109 150 0.0100106
93 2 0.0100098
32 57 0.0100077
152 70 0.010004
157 49 0.010003
58 182 0.010003
79 0 0.0100021
80 61 0.0100021
