0 2
0 4
0 6
0 136
0 130
0 143
0 16
0 152
0 20
0 171
0 23
0 24
0 26
0 28
0 29
0 158
0 161
0 162
0 35
0 40
0 41
0 43
0 44
0 178
0 174
0 48
0 50
0 51
0 55
0 184
0 59
0 147
0 69
0 198
0 77
0 82
0 163
0 88
0 89
0 92
0 95
0 187
0 104
0 118
0 124
0 126
1 192
1 2
1 133
1 146
1 110
1 175
1 93
1 163
1 36
1 39
1 104
1 167
1 46
1 115
1 185
1 122
1 190
2 130
2 4
2 5
2 134
2 129
2 8
2 13
2 14
2 15
2 21
2 153
2 26
2 27
2 154
2 32
2 33
2 35
2 36
2 41
2 171
2 175
2 177
2 51
2 53
2 189
2 190
2 191
2 196
2 71
2 75
2 77
2 79
2 163
2 90
2 143
2 199
2 95
2 100
2 101
2 102
2 103
2 104
2 161
2 106
2 109
2 115
2 119
2 120
2 121
2 122
3 192
3 6
3 199
3 73
3 78
3 17
3 83
3 25
3 93
3 97
3 101
3 46
3 47
3 51
3 117
3 62
4 129
4 171
4 132
4 6
4 9
4 10
4 130
4 15
4 144
4 18
4 149
4 24
4 196
4 27
4 30
4 159
4 32
4 33
4 163
4 36
4 166
4 39
4 168
4 41
4 42
4 43
4 175
4 179
4 55
4 60
4 194
4 68
4 70
4 75
4 82
4 143
4 94
4 95
4 98
4 102
4 104
4 161
4 111
4 115
4 116
4 119
4 137
4 123
4 170
5 104
5 6
5 40
5 189
6 129
6 130
6 145
6 140
6 141
6 14
6 144
6 17
6 146
6 19
6 148
6 21
6 152
6 25
6 32
6 36
6 37
6 166
6 167
6 46
6 47
6 51
6 180
6 181
6 58
6 59
6 192
6 64
6 65
6 67
6 69
6 73
6 74
6 75
6 85
6 86
6 89
6 92
6 96
6 97
6 99
6 103
6 104
6 142
6 108
6 110
6 115
6 117
7 131
7 196
7 8
7 11
7 140
7 14
7 21
7 23
7 153
7 26
7 33
7 39
7 41
7 44
7 49
7 50
7 51
7 52
7 182
7 56
7 58
7 64
7 67
7 68
7 177
7 141
7 80
7 142
7 87
7 90
7 91
7 186
7 94
7 100
7 112
7 120
7 136
8 120
8 86
8 104
8 108
8 154
9 131
9 150
9 70
9 137
9 74
9 76
9 77
9 80
9 18
9 21
9 22
9 23
9 89
9 91
9 30
9 159
9 37
9 45
9 174
9 48
9 49
9 52
9 118
9 58
9 59
10 129
10 130
10 137
10 143
10 16
10 18
10 21
10 22
10 23
10 132
10 27
10 28
10 30
10 159
10 32
10 161
10 162
10 35
10 164
10 198
10 166
10 168
10 41
10 170
10 171
10 45
10 175
10 176
10 179
10 155
10 194
10 197
10 70
10 71
10 76
10 77
10 173
10 82
10 163
10 88
10 144
10 107
10 111
10 115
10 169
11 66
11 35
11 108
11 13
11 77
11 29
11 88
11 86
11 87
11 56
11 153
12 65
12 135
12 75
12 14
12 143
12 144
12 18
12 20
12 166
12 41
12 119
12 184
12 124
12 126
13 160
13 104
13 66
13 46
13 47
13 51
13 182
13 87
13 56
13 25
13 153
14 150
14 136
14 15
14 16
14 18
14 20
14 22
14 23
14 24
14 28
14 30
14 159
14 162
14 36
14 43
14 44
14 45
14 174
14 48
14 177
14 178
14 55
14 184
14 70
14 75
14 82
14 86
14 135
14 94
14 98
14 104
14 116
14 118
14 123
15 129
15 136
15 143
15 16
15 149
15 196
15 27
15 30
15 31
15 32
15 33
15 163
15 36
15 166
15 41
15 170
15 43
15 44
15 175
15 48
15 177
15 51
15 59
15 60
15 67
15 68
15 71
15 75
15 142
15 94
15 144
15 98
15 102
15 104
15 115
15 119
15 123
15 127
16 128
16 130
16 197
16 145
16 75
16 162
16 81
16 18
16 107
16 21
16 155
16 28
16 30
16 31
16 33
16 98
16 36
16 38
16 39
16 42
16 43
16 44
16 111
16 177
16 114
16 94
16 55
16 57
16 60
17 133
17 167
17 73
17 146
17 117
17 185
17 93
17 181
18 128
18 130
18 131
18 136
18 145
18 19
18 148
18 21
18 23
18 137
18 132
18 27
18 156
18 30
18 33
18 35
18 36
18 39
18 168
18 41
18 170
18 43
18 176
18 177
18 178
18 179
18 180
18 55
18 63
18 65
18 194
18 67
18 68
18 198
18 71
18 72
18 75
18 76
18 77
18 81
18 84
18 142
18 88
18 94
18 196
18 195
18 171
18 111
18 169
19 198
19 68
19 86
19 136
19 108
19 22
19 23
19 70
19 169
19 42
19 46
19 176
19 178
20 33
20 130
20 67
20 196
20 177
20 40
20 75
20 135
20 145
20 171
20 184
20 124
20 30
21 128
21 131
21 72
21 76
21 130
21 81
21 195
21 84
21 22
21 25
21 156
21 30
21 159
21 98
21 35
21 104
21 42
21 127
21 174
21 111
21 176
21 116
21 137
21 180
21 123
21 63
22 67
22 196
22 70
22 75
22 145
22 94
22 33
22 36
22 41
22 42
22 176
22 142
22 111
22 48
22 177
22 180
22 30
22 137
23 130
23 195
23 72
23 75
23 115
23 81
23 84
23 142
23 86
23 156
23 30
23 176
23 163
23 36
23 145
23 171
23 174
23 111
23 112
23 51
23 180
23 131
23 118
23 137
23 57
23 61
23 63
24 129
24 130
24 171
24 71
24 136
24 119
24 143
24 82
24 163
24 36
24 102
24 39
24 41
24 43
24 175
24 55
25 199
25 195
25 86
25 153
25 26
25 93
25 160
25 113
25 50
25 51
25 182
25 56
25 186
25 62
26 192
26 130
26 73
26 77
26 110
26 86
26 29
26 198
26 104
26 171
26 108
26 46
26 47
26 61
27 68
27 132
27 80
27 150
27 89
27 30
27 170
27 172
27 48
27 49
27 179
27 54
27 183
27 58
27 59
27 60
28 130
28 67
28 68
28 136
28 145
28 142
28 98
28 36
28 165
28 38
28 171
28 43
28 44
28 178
28 114
28 116
28 55
28 123
29 112
29 66
29 35
29 118
29 108
29 130
29 174
29 87
29 51
29 171
29 86
29 61
30 128
30 135
30 151
30 152
30 188
30 137
30 132
30 157
30 158
30 159
30 33
30 34
30 35
30 36
30 37
30 39
30 40
30 41
30 42
30 172
30 174
30 175
30 48
30 49
30 179
30 52
30 54
30 55
30 184
30 57
30 58
30 59
30 60
30 138
30 194
30 196
30 69
30 71
30 177
30 75
30 143
30 77
30 80
30 81
30 82
30 163
30 85
30 89
30 91
30 92
30 99
30 102
30 105
30 111
30 168
30 183
30 115
30 118
30 124
30 170
30 126
30 149
31 129
31 74
31 75
31 162
31 92
31 163
31 127
31 164
31 152
31 143
31 98
31 123
31 36
31 37
31 105
31 107
31 49
31 115
31 52
31 58
31 85
32 76
32 130
32 144
32 143
32 163
32 166
32 41
32 50
32 115
32 95
32 125
32 127
33 67
33 150
33 75
33 196
33 159
33 36
33 38
33 104
33 43
33 49
33 52
33 94
33 55
33 184
33 116
34 64
34 65
34 39
34 40
34 103
34 141
35 128
35 129
35 130
35 143
35 150
35 176
35 163
35 37
35 41
35 42
35 175
35 48
35 49
35 52
35 56
35 57
35 59
35 66
35 195
35 69
35 71
35 81
35 87
35 169
35 92
35 95
35 99
35 102
35 104
35 111
35 115
35 119
35 149
36 150
36 135
36 136
36 130
36 196
36 38
36 39
36 44
36 45
36 174
36 48
36 177
36 50
36 51
36 53
36 55
36 60
36 62
36 191
36 68
36 75
36 76
36 78
36 79
36 82
36 94
36 98
36 178
36 104
36 109
36 118
36 121
36 124
36 125
36 126
36 127
37 128
37 194
37 132
37 179
37 72
37 77
37 80
37 81
37 84
37 86
37 156
37 98
37 198
37 168
37 169
37 170
37 127
37 108
37 49
37 91
37 51
37 52
37 57
37 58
37 123
37 63
38 98
38 165
38 60
38 162
38 177
38 114
39 70
39 86
39 164
39 135
39 159
39 165
39 101
39 40
39 107
39 82
39 50
39 51
39 134
39 114
39 62
40 64
40 171
40 65
40 130
40 141
40 189
40 103
40 135
40 125
41 139
41 130
41 144
41 166
41 171
41 45
41 175
41 51
41 53
41 191
41 71
41 76
41 77
41 79
41 82
41 83
41 143
41 95
41 98
41 101
41 102
41 104
41 106
41 109
41 119
41 121
41 125
42 72
42 76
42 77
42 81
42 176
42 49
42 52
42 57
43 67
43 75
43 145
43 142
43 150
43 196
43 94
43 162
43 171
43 82
43 48
43 177
43 180
43 60
44 130
44 132
44 194
44 86
44 152
44 68
44 94
44 168
44 92
44 171
44 178
44 179
44 60
45 128
45 129
45 145
45 149
45 150
45 156
45 158
45 161
45 163
45 176
45 175
45 48
45 49
45 115
45 52
45 54
45 57
45 58
45 187
45 63
45 67
45 69
45 71
45 72
45 74
45 75
45 80
45 81
45 142
45 89
45 91
45 95
45 99
45 119
46 199
46 78
46 186
46 153
46 93
46 181
46 160
46 101
46 110
46 176
46 113
46 50
46 53
46 182
46 185
46 122
46 190
46 117
47 73
47 79
47 186
47 93
47 160
47 97
47 101
47 109
47 50
47 190
47 56
47 185
47 122
47 134
48 128
48 194
48 171
48 196
48 72
48 75
48 76
48 81
48 84
48 156
48 159
48 168
48 170
48 177
48 52
48 94
48 55
48 57
48 60
48 63
49 123
49 130
49 196
49 183
49 76
49 194
49 147
49 151
49 89
49 98
49 168
49 169
49 171
49 111
49 177
49 51
49 52
49 94
49 137
49 58
49 59
49 127
50 51
50 130
50 171
50 133
50 71
50 192
50 143
50 144
50 82
50 110
50 175
50 95
50 161
50 163
50 166
50 117
50 181
51 133
51 140
51 146
51 188
51 152
51 158
51 160
51 161
51 174
51 157
51 176
51 52
51 181
51 54
51 183
51 60
51 69
51 130
51 74
51 141
51 85
51 89
51 92
51 93
51 182
51 131
51 103
51 105
51 167
51 117
51 118
52 123
52 194
52 132
52 76
52 77
52 84
52 86
52 196
52 156
52 98
52 177
52 168
52 127
52 111
52 116
52 137
52 58
52 59
52 63
53 149
53 161
53 104
53 71
53 175
53 110
53 119
53 95
54 130
54 132
54 179
54 194
54 151
54 168
54 183
54 63
55 130
55 67
55 142
55 145
55 82
55 150
55 196
55 94
55 177
56 160
56 97
56 73
56 108
56 112
56 192
56 182
56 87
56 153
56 186
56 61
57 128
57 131
57 72
57 137
57 76
57 81
57 150
57 80
57 174
57 111
57 118
57 58
58 130
58 171
58 76
58 194
58 86
58 156
58 116
58 98
58 168
58 170
58 127
58 108
58 179
58 59
58 60
58 63
59 194
59 68
59 136
59 77
59 80
59 88
59 132
59 91
59 98
59 198
59 168
59 170
59 171
59 178
59 179
59 116
59 123
59 60
59 127
60 129
60 136
60 138
60 142
60 145
60 147
60 150
60 151
60 157
60 158
60 197
60 162
60 165
60 173
60 178
60 188
60 193
60 67
60 68
60 69
60 74
60 75
60 164
60 163
60 89
60 91
60 94
60 99
60 104
60 105
60 114
60 115
60 187
61 66
61 131
61 118
61 108
61 86
61 87
62 71
62 139
62 79
62 83
62 185
62 93
62 199
62 95
62 161
62 101
62 106
62 167
62 109
62 175
62 113
62 119
62 121
62 191
62 181
63 131
63 172
63 183
63 76
63 174
63 80
63 89
63 91
63 118
63 150
64 108
65 104
65 125
66 160
66 182
66 87
66 153
66 186
67 131
67 196
67 86
67 76
67 135
67 68
67 94
67 159
67 98
67 162
67 70
67 124
67 108
67 174
67 118
67 184
67 125
67 126
68 136
68 108
68 75
68 85
68 86
68 157
68 94
68 188
68 162
68 105
68 176
68 180
69 130
69 76
69 77
69 152
69 98
69 198
69 105
69 171
69 169
70 150
70 75
70 145
70 94
70 111
70 176
71 134
71 190
71 88
71 83
71 169
71 82
71 102
71 104
71 119
72 128
72 137
72 174
72 111
72 118
72 150
73 192
73 97
73 117
73 185
73 93
73 181
74 98
74 198
74 77
74 76
74 92
74 116
74 169
74 88
75 131
75 136
75 145
75 150
75 196
75 159
75 162
75 174
75 177
75 178
75 184
75 142
75 94
75 104
75 108
75 116
75 118
75 123
75 124
75 125
76 128
76 156
76 142
76 143
76 144
76 81
76 84
76 150
76 152
76 91
76 92
76 157
76 159
76 99
76 166
76 145
76 188
76 85
77 130
77 92
77 95
77 161
77 99
77 104
77 171
77 111
77 137
78 161
78 133
78 181
78 167
78 146
78 117
78 95
79 192
79 161
79 101
79 104
79 94
79 185
79 121
79 93
80 130
80 132
80 138
80 84
80 156
80 98
80 91
80 168
80 170
80 172
80 179
80 158
81 128
81 131
81 111
81 118
82 130
82 119
82 95
82 102
82 171
82 175
83 149
83 161
83 133
83 167
83 175
83 146
83 117
83 119
83 185
83 181
84 131
84 118
84 89
84 91
84 156
85 136
85 130
85 152
85 169
85 127
86 108
86 140
86 142
86 154
86 94
86 176
86 100
86 195
86 112
86 136
86 178
86 153
86 180
87 169
87 112
87 182
87 88
87 153
87 186
88 130
88 195
88 161
88 152
88 92
88 95
88 112
88 105
88 171
88 99
88 180
88 176
89 193
89 130
89 132
89 179
89 138
89 147
89 151
89 91
89 156
89 158
89 170
89 172
89 187
90 104
90 120
90 154
91 128
91 130
91 156
91 123
91 172
91 183
92 130
92 98
92 198
92 169
92 171
92 178
92 116
92 123
92 127
93 192
93 134
93 139
93 110
93 185
93 97
93 101
93 109
93 121
94 136
94 108
94 145
94 196
94 139
94 142
94 159
94 98
94 101
94 177
94 106
94 109
94 178
94 121
94 191
95 129
95 130
95 190
95 144
95 163
95 198
95 161
95 101
95 104
95 171
95 113
95 116
95 169
95 121
95 122
95 123
96 104
96 148
97 133
97 146
97 181
97 185
97 117
98 129
98 144
98 145
98 150
98 152
98 155
98 162
98 163
98 197
98 173
98 142
98 164
98 143
98 99
98 166
98 107
98 115
98 116
98 123
98 127
99 198
99 136
99 171
99 169
99 130
101 192
101 133
101 139
101 146
101 161
101 167
101 104
101 109
101 110
101 185
101 181
102 104
102 175
102 113
103 104
103 125
104 148
104 153
104 132
104 154
104 160
104 134
104 168
104 170
104 171
104 175
104 177
104 179
104 182
104 189
104 194
104 130
104 199
104 161
104 113
105 188
105 198
105 136
105 169
105 127
105 123
105 157
106 161
106 167
106 146
106 185
106 121
107 177
107 127
108 140
108 142
108 141
108 145
108 153
108 131
108 177
108 174
108 154
108 176
108 136
108 178
108 118
109 192
109 161
109 139
109 185
109 121
110 199
110 122
110 190
110 113
110 185
110 153
110 134
111 159
111 137
112 131
112 198
112 169
112 174
112 118
113 149
113 181
113 199
113 117
114 162
114 165
115 144
115 143
115 161
115 134
115 123
115 122
115 190
115 127
116 129
116 162
116 196
116 163
116 161
116 177
116 127
117 133
117 146
117 167
118 130
118 128
118 131
118 156
118 145
118 129
118 171
118 142
118 174
119 175
119 125
119 149
120 154
121 161
121 139
121 185
121 191
122 192
122 163
122 134
122 129
123 129
123 161
123 162
123 157
123 163
123 177
123 188
123 127
124 142
124 171
124 184
124 125
125 143
125 144
125 145
125 163
125 135
125 175
125 126
126 130
126 135
126 171
126 142
126 145
127 144
127 163
127 152
127 143
127 157
127 166
127 188
128 131
128 150
129 131
129 130
129 143
129 161
129 134
129 171
129 174
129 190
130 131
130 135
130 136
130 172
130 151
130 143
130 152
130 147
130 158
130 161
130 162
130 166
130 171
130 184
130 187
130 138
130 193
130 198
130 183
130 163
130 144
130 169
131 142
131 156
131 145
131 171
131 174
132 193
132 172
132 147
132 150
132 187
132 178
132 179
132 183
132 138
133 167
133 146
133 134
133 191
134 192
134 163
134 175
134 146
134 185
134 167
134 190
135 142
135 171
135 145
135 184
136 195
136 194
136 152
136 162
136 168
136 170
136 171
136 177
136 179
136 180
138 193
138 171
138 158
138 151
138 187
139 192
139 161
142 162
142 159
142 174
143 144
143 163
143 161
143 166
143 171
144 163
144 161
145 162
145 159
145 174
146 191
146 181
147 172
147 179
147 151
147 170
147 158
150 194
150 196
150 156
150 168
150 170
150 177
151 193
151 168
151 172
151 194
151 158
151 187
151 170
152 171
152 169
153 160
153 182
155 177
156 174
157 188
158 193
158 171
158 187
159 177
161 198
161 163
161 166
161 169
161 171
161 191
162 165
162 171
162 178
163 166
163 171
163 190
164 173
165 196
165 177
167 181
167 191
168 193
168 194
168 178
168 183
169 195
169 176
169 180
170 193
170 194
170 187
170 178
171 178
171 176
171 198
172 193
172 179
172 194
172 187
175 198
176 195
176 198
176 178
176 180
177 197
177 184
178 194
178 179
179 193
179 187
179 183
180 198
180 195
181 199
182 192
183 194
184 196
193 194
195 198
