0 66
0 67
0 165
0 145
0 177
0 167
0 110
0 49
0 179
0 142
0 119
0 57
0 27
0 92
1 195
1 72
1 141
1 109
1 89
1 90
1 28
1 157
1 30
1 45
1 55
1 184
1 126
1 63
2 129
2 115
2 68
2 198
2 9
2 141
2 143
2 17
2 195
2 85
2 86
2 23
2 152
2 25
2 90
2 156
2 30
2 162
2 35
2 164
2 101
2 166
2 170
2 171
2 172
2 109
2 72
2 50
2 51
2 126
2 89
2 183
2 122
2 60
2 61
2 62
3 100
3 194
3 195
3 8
3 146
3 85
3 25
3 90
3 175
3 28
3 95
3 164
3 104
3 171
3 111
3 72
3 183
3 187
3 60
3 61
3 62
4 128
4 129
4 130
4 107
4 68
4 6
4 7
4 136
4 9
4 75
4 13
4 143
4 144
4 19
4 100
4 90
4 28
4 154
4 95
4 35
4 164
4 70
4 195
4 41
4 42
4 71
4 45
4 174
4 111
4 115
4 181
4 118
4 184
4 59
4 198
5 65
5 197
5 10
5 183
5 13
5 141
5 16
5 23
5 24
5 156
5 30
5 159
5 144
5 101
5 113
5 40
5 41
5 109
5 112
5 104
5 52
5 118
5 55
5 188
5 126
6 193
6 130
6 107
6 74
6 75
6 109
6 13
6 80
6 81
6 148
6 88
6 154
6 184
6 93
6 96
6 37
6 38
6 168
6 144
6 71
6 45
6 111
6 114
6 118
6 160
6 185
6 58
6 127
7 128
7 130
7 161
7 45
7 174
7 16
7 146
7 181
7 36
7 74
8 135
8 137
8 10
8 14
8 151
8 24
8 25
8 26
8 28
8 157
8 32
8 38
8 39
8 168
8 41
8 171
8 46
8 176
8 52
8 185
8 188
8 62
8 191
8 65
8 194
8 69
8 72
8 73
8 77
8 78
8 85
8 86
8 93
8 95
8 106
8 112
8 113
8 118
8 123
8 127
9 128
9 134
9 15
9 131
9 20
9 21
9 155
9 29
9 34
9 35
9 43
9 173
9 54
9 61
9 195
9 68
9 71
9 163
9 84
9 164
9 90
9 143
9 95
9 100
9 108
9 115
9 117
9 123
10 171
10 69
10 135
10 72
10 75
10 77
10 85
10 25
10 90
10 175
10 28
10 95
10 100
10 106
10 174
10 61
10 176
10 191
10 125
10 62
10 63
11 192
11 66
11 67
11 139
11 12
11 142
11 145
11 131
11 21
11 27
11 99
11 47
11 49
11 178
11 117
11 119
11 190
12 131
12 105
12 76
12 47
12 147
12 117
12 27
13 128
13 130
13 70
13 71
13 144
13 146
13 148
13 90
13 28
13 160
13 161
13 100
13 45
13 111
13 52
13 181
13 184
13 188
14 68
14 134
14 77
14 78
14 141
14 17
14 18
14 83
14 20
14 86
14 23
14 155
14 30
14 159
14 176
14 35
14 163
14 113
14 104
14 124
14 106
14 43
14 172
14 109
14 112
14 72
14 50
14 158
14 54
14 183
14 120
14 60
14 170
14 126
15 164
15 198
16 72
16 75
16 86
16 25
16 69
16 161
16 36
16 135
16 45
16 111
16 118
16 184
16 61
16 63
17 74
17 75
17 54
17 23
17 122
17 170
17 158
18 64
18 73
18 23
18 78
18 79
18 87
18 89
18 26
18 158
18 159
18 151
18 38
18 39
18 168
18 170
18 46
18 112
18 113
18 185
18 55
18 56
18 121
18 60
18 127
19 65
19 137
19 144
19 148
19 24
19 28
19 94
19 95
19 98
19 40
19 46
19 50
19 158
19 54
19 59
19 189
19 63
20 64
20 197
20 198
20 23
20 140
20 82
20 83
20 78
20 151
20 137
20 28
20 29
20 95
20 104
20 113
20 73
21 108
21 131
21 164
21 198
21 92
21 47
22 192
22 97
22 99
22 132
22 133
22 177
22 138
22 108
22 110
22 131
22 139
22 53
22 119
22 27
22 117
23 64
23 129
23 68
23 73
23 183
23 140
23 141
23 83
23 86
23 151
23 137
23 25
23 159
23 104
23 170
23 172
23 82
23 72
23 115
23 55
23 60
23 61
24 160
24 70
24 71
24 144
24 146
24 148
24 86
24 25
24 36
24 154
24 135
24 96
24 161
24 100
24 40
24 107
24 111
24 72
24 52
24 136
24 188
24 125
24 62
24 63
25 69
25 135
25 137
25 182
25 162
25 194
25 86
25 155
25 156
25 158
25 31
25 32
25 98
25 35
25 101
25 166
25 103
25 169
25 170
25 44
25 112
25 113
25 50
25 52
25 54
25 116
25 122
25 60
25 63
26 72
26 109
26 55
26 58
26 159
26 63
27 192
27 66
27 67
27 132
27 133
27 97
27 138
27 76
27 142
27 145
27 147
27 84
27 177
27 153
27 92
27 165
27 33
27 99
27 139
27 167
27 105
27 108
27 110
27 47
27 49
27 178
27 179
27 180
27 117
27 119
27 57
27 190
28 128
28 135
28 143
28 144
28 196
28 155
28 29
28 161
28 35
28 36
28 40
28 42
28 173
28 46
28 176
28 136
28 50
28 52
28 181
28 182
28 56
28 188
28 63
28 194
28 68
28 70
28 72
28 77
28 83
28 87
28 164
28 91
28 148
28 100
28 102
28 107
28 168
28 115
28 116
28 121
28 124
28 125
28 127
29 96
29 164
29 102
29 124
29 146
29 83
29 154
30 64
30 151
30 141
30 79
30 184
30 87
30 89
30 91
30 37
30 168
30 45
30 46
30 113
30 55
30 56
30 121
30 127
31 73
31 162
31 137
31 156
31 169
32 160
32 65
32 71
32 41
32 106
32 77
32 176
32 86
32 59
32 61
32 62
33 66
33 132
33 105
33 76
33 47
33 147
33 92
34 194
34 198
34 140
34 143
34 82
34 83
34 137
34 158
34 95
34 163
34 164
34 42
34 43
34 50
34 116
34 73
34 120
34 123
34 124
35 195
35 134
35 135
35 130
35 137
35 90
35 158
35 163
35 164
35 198
35 43
35 113
35 54
35 183
35 120
35 60
35 125
35 62
35 63
36 65
36 118
36 198
36 160
36 161
36 109
36 152
36 146
36 107
36 148
36 89
36 154
36 95
36 96
36 144
36 164
36 70
36 40
36 71
36 45
36 174
36 51
36 123
36 61
36 126
37 45
37 109
37 141
37 87
37 184
37 89
37 159
38 135
38 77
38 141
38 89
38 95
38 168
38 106
38 46
38 176
38 72
38 55
38 184
38 191
38 63
39 171
39 106
39 127
39 159
39 191
39 46
39 175
39 187
39 85
39 95
39 63
40 161
40 195
40 71
40 136
40 188
40 52
40 100
40 90
40 125
40 63
41 65
41 130
41 136
41 100
41 161
41 128
41 173
41 111
41 72
41 181
41 90
42 129
42 115
42 198
42 130
42 51
42 181
42 54
42 152
42 164
42 158
42 95
43 64
43 164
43 104
43 78
43 50
43 151
43 120
43 155
43 95
44 195
44 150
44 86
44 103
44 90
44 199
44 186
44 62
44 189
45 184
45 74
45 75
45 79
45 81
45 193
45 148
45 149
45 87
45 88
45 89
45 91
45 144
45 107
45 109
45 46
45 111
45 48
45 114
45 118
45 56
45 121
45 58
45 70
45 126
45 127
46 195
46 135
46 77
46 141
46 85
46 89
46 157
46 95
46 187
46 168
46 106
46 171
46 109
46 175
46 176
46 72
46 55
46 159
46 125
46 126
46 63
47 66
47 67
47 132
47 133
47 97
47 76
47 138
47 142
47 145
47 131
47 139
47 153
47 92
47 99
47 165
47 177
47 108
47 110
47 49
47 178
47 180
47 117
47 119
47 190
48 58
48 88
49 192
49 139
49 132
49 133
49 138
49 147
49 84
49 92
49 99
49 167
49 105
49 108
49 180
49 119
49 57
50 64
50 171
50 197
50 134
50 72
50 73
50 183
50 78
50 86
50 151
50 90
50 175
50 158
50 95
50 161
50 163
50 195
50 104
50 106
50 125
50 173
50 111
50 113
50 54
50 137
50 120
50 136
50 187
50 60
50 61
50 62
50 191
51 129
51 68
51 198
51 71
51 160
51 143
51 146
51 152
51 154
51 158
51 96
51 161
51 164
51 111
51 54
51 73
51 137
52 146
52 85
52 154
52 95
52 171
52 176
52 72
52 191
52 188
52 63
53 192
53 132
53 57
54 129
54 151
54 141
54 143
54 155
54 156
54 159
54 197
54 164
54 172
54 55
54 60
54 61
54 62
54 63
54 64
54 195
54 68
54 69
54 198
54 71
54 72
54 183
54 78
54 82
54 86
54 89
54 90
54 101
54 104
54 146
54 112
54 113
54 115
55 141
55 79
55 87
55 89
55 93
55 159
55 168
55 185
55 158
55 183
55 56
55 121
55 60
55 126
55 127
56 87
56 109
56 79
56 121
56 91
56 159
56 95
57 131
57 132
57 133
57 138
57 142
57 145
57 153
57 92
57 97
57 167
57 108
57 110
57 177
57 179
57 180
57 119
57 117
58 81
58 114
58 149
58 185
58 184
58 88
58 93
58 63
59 128
59 65
59 171
59 69
59 71
59 72
59 160
59 146
59 154
59 90
59 100
59 195
59 106
59 135
59 173
59 176
59 181
59 191
59 125
59 63
60 64
60 197
60 135
60 183
60 75
60 141
60 78
60 86
60 155
60 156
60 118
60 69
60 159
60 101
60 104
60 112
60 72
60 122
60 123
60 151
60 61
60 63
61 96
61 196
61 118
61 71
61 183
61 194
61 146
61 150
61 164
61 154
61 94
61 161
61 103
61 188
61 170
61 199
61 111
61 158
61 73
61 116
61 123
62 69
62 135
62 73
62 194
62 85
62 155
62 158
62 182
62 98
62 103
62 106
62 171
62 72
62 123
62 188
62 170
62 63
63 135
63 136
63 151
63 157
63 197
63 176
63 183
63 185
63 191
63 65
63 195
63 69
63 77
63 78
63 85
63 86
63 90
63 93
63 95
63 100
63 104
63 188
63 106
63 118
63 127
64 140
64 141
64 82
64 83
64 85
64 159
64 163
64 104
64 106
64 175
64 72
64 158
64 183
64 120
64 187
64 191
65 160
65 171
65 72
65 77
65 146
65 85
65 100
65 154
65 175
65 69
65 161
65 187
65 106
65 135
65 191
65 111
65 136
65 125
66 67
66 165
66 167
66 131
66 117
66 92
67 147
67 165
67 167
67 105
67 108
68 128
68 129
68 152
68 158
68 95
68 164
68 170
68 112
68 113
68 115
68 137
69 171
69 118
69 78
69 195
69 85
69 86
69 90
69 158
69 95
69 168
69 135
69 175
70 128
70 160
70 130
70 144
70 146
70 148
70 154
70 95
70 96
70 107
70 111
70 184
70 125
71 130
71 144
71 150
71 152
71 158
71 161
71 164
71 181
71 182
71 184
71 186
71 160
71 198
71 199
71 75
71 95
71 102
71 107
71 123
72 135
72 137
72 151
72 168
72 170
72 171
72 175
72 176
72 183
72 185
72 191
72 182
72 73
72 77
72 78
72 85
72 95
72 188
72 112
72 113
72 118
72 127
73 129
73 83
73 195
73 162
73 175
73 140
73 141
73 86
73 152
73 90
73 155
73 187
73 101
73 166
73 169
73 170
73 171
73 82
73 125
73 106
73 122
73 159
73 124
73 191
74 96
74 75
74 170
74 172
74 174
74 146
74 118
74 184
74 154
75 96
75 128
75 130
75 160
75 172
75 146
75 181
75 118
75 183
75 154
76 97
76 105
76 108
76 110
76 147
76 92
77 151
77 137
77 175
77 93
77 176
77 106
77 171
77 157
77 112
77 85
77 185
77 187
78 134
78 135
78 140
78 141
78 109
78 82
78 83
78 158
78 159
78 197
78 163
78 104
78 170
78 183
78 120
78 126
79 195
79 100
79 136
79 87
79 141
79 173
79 126
79 89
79 90
79 184
79 159
80 193
80 149
80 184
80 185
80 93
81 184
81 88
82 197
82 104
82 170
82 151
82 140
82 83
82 137
82 124
82 158
82 95
83 102
83 104
83 170
83 151
83 113
83 137
83 95
84 99
84 164
84 198
84 145
84 177
84 139
84 142
84 178
84 179
84 110
84 119
84 153
85 196
85 151
85 93
85 123
85 168
85 194
85 106
85 127
85 157
85 176
85 182
85 137
85 116
85 191
85 188
86 198
86 135
86 183
86 150
86 118
86 94
86 98
86 164
86 170
86 158
86 137
86 186
86 189
87 109
87 141
87 89
87 91
87 159
87 95
88 114
89 109
89 141
89 91
89 93
89 159
89 168
89 111
89 185
89 158
89 121
89 127
90 128
90 198
90 136
90 194
90 195
90 137
90 196
90 155
90 91
90 158
90 95
90 164
90 103
90 107
90 173
90 123
90 116
90 181
90 121
91 195
91 100
91 136
91 109
91 173
91 121
91 126
91 95
92 133
92 138
92 145
92 153
92 165
92 167
92 178
92 179
92 180
92 119
92 190
93 149
93 176
93 175
93 193
93 106
93 171
93 141
93 184
93 187
93 191
94 96
94 98
94 100
94 150
94 136
94 103
94 173
94 125
94 146
95 128
95 129
95 130
95 134
95 135
95 140
95 143
95 144
95 161
95 163
95 198
95 168
95 173
95 181
95 182
95 188
95 194
95 195
95 164
95 100
95 102
95 106
95 111
95 115
95 120
95 148
95 124
95 125
96 194
96 196
96 199
96 152
96 150
96 154
96 161
96 123
96 107
96 189
96 182
96 184
96 116
96 188
97 192
97 99
97 139
97 110
97 177
97 147
98 125
98 189
99 192
99 131
99 139
99 147
99 117
100 194
100 198
100 150
100 196
100 123
100 164
100 107
100 173
100 116
100 182
100 121
100 189
101 166
101 162
101 183
102 160
102 164
102 198
102 140
102 146
102 154
102 124
103 195
103 150
103 189
104 194
104 134
104 140
104 197
104 182
104 158
104 159
104 176
104 191
104 163
104 124
104 106
104 112
104 113
104 116
104 183
104 170
105 132
105 138
105 145
105 153
105 165
105 108
105 119
105 190
106 197
106 151
106 176
106 187
106 171
106 191
106 175
106 112
106 137
106 185
106 188
107 128
107 160
107 130
107 136
107 144
107 146
107 148
107 154
107 161
107 111
107 181
107 184
108 192
108 164
108 147
109 151
109 141
109 184
109 159
109 161
109 168
109 111
109 112
109 127
110 132
110 167
110 192
111 128
111 194
111 118
111 161
111 146
111 148
111 158
111 144
111 174
111 182
112 134
112 158
112 159
112 197
112 163
112 176
112 183
112 120
112 191
113 134
113 140
113 141
113 155
113 159
113 163
113 158
113 183
113 120
113 124
113 126
113 191
114 184
115 128
115 129
115 164
115 170
116 195
116 197
116 146
116 164
116 175
116 154
116 161
116 171
116 187
117 192
117 131
117 133
117 142
117 145
117 139
117 153
117 164
117 178
117 179
117 180
117 119
117 190
118 161
118 135
118 174
118 184
119 192
119 139
119 142
119 131
119 153
119 167
119 178
119 179
119 190
120 164
120 194
120 155
121 195
121 136
121 184
121 141
121 173
121 126
122 137
122 156
123 160
123 164
123 197
123 198
123 136
123 195
123 154
123 161
123 171
123 175
123 183
124 197
124 170
124 151
124 140
124 137
125 128
125 199
125 144
125 148
125 150
125 158
125 137
125 189
126 141
126 161
126 168
126 184
126 127
127 171
127 184
127 159
127 157
128 129
128 195
128 143
128 148
128 155
128 160
128 164
128 174
129 137
129 130
129 152
129 143
129 170
130 148
130 155
130 160
130 184
131 192
131 139
131 198
131 138
131 142
131 145
131 153
131 164
131 179
131 190
132 192
132 177
132 133
132 167
132 138
132 147
132 180
132 165
133 192
133 138
133 180
134 164
134 197
134 198
134 155
135 155
135 168
135 183
136 194
136 195
136 198
136 199
136 164
136 186
137 195
137 162
137 140
137 141
137 152
137 155
137 166
137 169
137 171
137 176
137 170
137 187
137 191
138 192
138 167
138 147
138 180
139 145
139 153
139 190
140 170
140 151
141 151
141 168
141 170
141 185
141 158
141 183
142 167
142 145
142 178
142 179
142 190
143 170
143 152
143 164
143 158
144 160
144 161
144 184
144 148
144 181
145 178
145 147
145 153
145 179
145 190
146 182
146 148
146 150
146 199
146 164
146 161
146 198
146 189
146 158
146 186
146 188
147 153
147 179
147 190
148 154
148 181
148 184
149 184
149 185
150 173
150 189
150 154
151 171
151 183
151 159
151 163
151 176
151 158
151 170
151 191
152 161
152 160
152 154
152 158
153 178
153 190
154 196
154 164
154 161
154 182
154 184
154 186
155 195
155 183
155 163
155 164
155 198
155 181
156 166
156 172
156 162
156 183
156 158
157 187
157 171
157 176
158 159
158 160
158 161
158 164
158 197
158 172
158 195
158 198
158 183
158 170
159 197
159 170
159 185
160 161
160 182
160 184
161 196
161 182
161 174
162 169
163 197
163 198
164 196
164 173
164 181
164 194
164 195
164 182
164 198
165 167
166 169
167 177
167 178
167 179
167 190
168 171
168 175
168 176
168 184
168 191
170 197
170 183
170 172
171 196
171 185
171 194
171 191
171 176
171 182
173 194
173 195
173 199
173 186
173 189
174 184
175 194
175 196
175 187
175 176
175 182
176 197
176 185
176 191
176 188
177 192
178 179
179 190
180 192
181 195
181 184
182 194
182 195
182 197
182 187
183 194
184 185
185 193
186 199
187 194
187 196
188 191
191 197
194 197
194 195
195 198
195 196
