0 64
0 128
0 66
0 196
0 9
0 14
0 79
0 149
0 89
0 154
0 95
0 96
0 41
0 172
0 112
0 51
0 169
0 121
0 59
1 4
1 69
1 198
1 10
1 11
1 20
1 149
1 24
1 95
1 160
1 165
1 63
1 44
1 115
1 159
1 85
2 14
2 38
2 162
2 72
2 93
3 128
3 133
3 134
3 140
3 13
3 14
3 19
3 22
3 23
3 24
3 26
3 27
3 29
3 30
3 155
3 166
3 39
3 169
3 43
3 175
3 48
3 52
3 181
3 55
3 185
3 58
3 188
3 64
3 66
3 152
3 68
3 70
3 72
3 80
3 82
3 90
3 92
3 97
3 102
3 145
3 112
3 113
3 119
3 127
4 7
4 8
4 10
4 11
4 141
4 15
4 18
4 19
4 149
4 22
4 23
4 154
4 28
4 29
4 31
4 160
4 33
4 36
4 167
4 169
4 42
4 44
4 173
4 47
4 49
4 50
4 181
4 183
4 187
4 64
4 193
4 177
4 77
4 85
4 86
4 94
4 189
4 115
5 64
5 181
5 86
5 72
5 9
5 19
5 110
5 22
5 23
5 88
5 30
5 161
5 162
5 187
5 101
5 38
5 103
5 40
5 169
5 46
5 49
5 158
5 137
5 168
5 62
5 127
6 149
6 192
6 197
6 11
6 15
6 145
6 20
6 21
6 86
6 152
6 100
6 27
6 92
6 160
6 112
6 123
6 165
6 102
6 103
6 171
6 191
6 111
6 48
6 49
6 114
6 115
6 55
6 184
6 58
6 119
6 166
6 189
6 127
7 155
7 137
7 139
7 140
7 175
7 142
7 16
7 145
7 146
7 150
7 151
7 152
7 153
7 27
7 29
7 34
7 35
7 36
7 174
7 157
7 48
7 52
7 53
7 54
7 55
7 57
7 58
7 65
7 194
7 182
7 75
7 78
7 80
7 82
7 164
7 92
7 186
7 97
7 102
7 144
7 119
7 122
7 123
7 126
7 127
8 67
8 198
8 136
8 75
8 141
8 47
8 120
8 132
8 28
8 126
9 68
9 138
9 76
9 14
9 19
9 22
9 26
9 157
9 34
9 38
9 109
9 175
9 52
9 53
9 57
10 161
10 173
10 85
10 154
10 98
10 40
10 44
10 45
10 179
10 59
11 129
11 138
11 139
11 12
11 13
11 14
11 20
11 149
11 24
11 157
11 34
11 163
11 165
11 167
11 40
11 171
11 46
11 179
11 75
11 95
11 96
11 98
11 106
11 110
11 168
11 115
11 121
12 171
12 14
12 24
12 20
12 88
12 160
12 162
12 37
12 167
12 106
12 43
12 115
12 117
12 134
13 149
13 133
13 72
13 76
13 77
13 14
13 20
13 85
13 23
13 88
13 95
13 160
13 165
13 162
13 121
13 38
13 169
13 173
13 110
13 175
13 177
13 52
13 55
13 84
13 159
13 63
14 149
14 23
14 196
14 26
14 30
14 160
14 40
14 41
14 170
14 171
14 52
14 73
14 193
14 68
14 69
14 199
14 140
14 80
14 81
14 82
14 93
14 96
14 98
14 104
14 106
14 112
14 113
14 115
14 125
15 198
15 40
15 41
15 138
15 79
15 196
15 121
15 57
16 131
16 197
16 70
16 142
16 145
16 152
16 27
16 92
16 32
16 99
16 166
16 135
16 111
16 55
16 58
16 123
16 127
17 193
17 186
17 135
17 78
17 145
17 142
17 22
17 185
17 152
17 26
17 197
17 99
17 101
17 107
17 175
17 48
17 113
17 52
17 182
17 55
17 116
17 58
17 123
18 33
18 71
18 45
18 87
18 156
18 61
18 126
19 66
19 198
19 75
19 143
19 22
19 23
19 24
19 69
19 133
19 105
19 106
19 109
19 112
19 179
19 126
19 124
19 62
20 66
20 133
20 24
20 95
20 161
20 167
20 168
20 171
20 46
20 126
21 33
21 34
21 178
21 183
21 177
21 50
21 84
21 63
22 65
22 130
22 198
22 75
22 140
22 143
22 26
22 107
22 39
22 42
22 108
22 109
22 175
22 112
22 114
22 179
22 52
22 53
22 73
22 184
22 191
23 128
23 193
23 66
23 134
23 158
23 72
23 76
23 143
23 88
23 110
23 24
23 198
23 30
23 69
23 133
23 98
23 162
23 37
23 38
23 168
23 105
23 106
23 43
23 109
23 46
23 180
23 94
23 118
23 56
23 124
24 193
24 172
24 145
24 149
24 26
24 154
24 30
24 32
24 36
24 37
24 167
24 40
24 41
24 44
24 48
24 177
24 51
24 55
24 185
24 58
24 59
24 189
24 63
24 160
24 195
24 196
24 69
24 72
24 76
24 77
24 79
24 89
24 95
24 165
24 98
24 100
24 105
24 106
24 110
24 111
24 113
24 115
24 131
24 118
24 169
24 121
24 124
26 128
26 29
26 35
26 164
26 39
26 169
26 43
26 49
26 52
26 53
26 188
26 64
26 65
26 66
26 72
26 82
26 86
26 101
26 104
26 108
26 125
27 128
27 130
27 137
27 74
27 146
27 83
27 151
27 143
27 92
27 101
27 144
27 34
27 35
27 134
27 166
27 39
27 105
27 43
27 108
27 116
27 118
27 55
27 56
27 62
27 127
28 67
28 198
28 141
29 65
29 194
29 74
29 146
29 131
29 86
29 100
29 92
29 32
29 113
29 103
29 111
29 49
29 114
29 185
30 128
30 160
30 66
30 134
30 72
30 73
30 143
30 149
30 93
30 69
30 133
30 98
30 105
30 42
30 110
30 52
30 181
30 106
31 75
31 179
31 126
32 194
32 131
32 74
32 146
32 153
32 36
32 101
32 100
32 37
32 105
32 49
32 118
32 189
33 192
33 195
33 198
33 44
33 173
33 147
33 84
33 89
33 154
33 156
33 172
33 45
33 51
33 63
33 61
33 85
34 65
34 149
34 92
34 160
34 63
34 177
34 55
34 127
35 131
35 140
35 145
35 36
35 166
35 39
35 170
35 175
35 48
35 49
35 52
35 184
35 185
35 58
35 62
35 65
35 68
35 70
35 73
35 76
35 80
35 82
35 193
35 86
35 94
35 108
35 111
35 113
35 116
35 125
36 128
36 130
36 188
36 37
36 39
36 43
36 175
36 49
36 52
36 182
36 58
36 60
36 189
36 152
36 69
36 198
36 75
36 83
36 86
36 97
36 100
36 101
36 102
36 105
36 111
36 116
36 118
36 119
36 123
36 124
37 131
37 171
37 181
37 55
37 59
37 69
37 72
37 187
37 81
37 83
37 95
37 99
37 100
37 102
37 106
37 110
37 111
37 117
37 118
37 124
38 160
38 76
38 149
38 88
38 93
38 69
38 133
38 162
38 169
38 106
38 151
38 110
38 112
38 94
38 137
38 56
38 95
38 124
38 117
39 68
39 86
39 119
39 140
39 155
39 145
39 83
39 92
39 90
39 97
39 101
39 166
39 174
39 175
39 48
39 49
39 53
39 55
39 58
39 123
39 189
40 172
40 64
40 195
40 137
40 84
40 85
40 151
40 89
40 154
40 143
40 159
40 96
40 98
40 169
40 44
40 109
40 110
40 51
40 190
40 160
40 56
40 62
41 160
41 66
41 196
41 149
41 96
41 161
41 98
41 168
41 46
41 177
41 56
41 121
42 181
42 198
42 137
42 76
42 158
42 151
42 161
42 113
42 179
42 118
42 185
42 187
42 124
43 128
43 66
43 68
43 197
43 70
43 72
43 73
43 81
43 166
43 110
43 115
43 52
43 53
43 55
43 121
43 127
43 189
44 139
44 69
44 129
44 75
44 79
44 179
44 195
44 89
44 154
44 157
44 159
44 96
44 98
44 163
44 106
44 172
44 173
44 177
44 51
44 190
44 54
44 57
44 126
44 63
45 195
45 147
45 71
45 50
45 173
45 51
45 84
45 154
45 156
45 190
46 149
46 66
46 85
46 95
46 160
46 161
46 165
46 168
46 56
46 159
46 62
46 63
47 67
47 75
47 136
47 179
47 120
47 132
47 126
48 65
48 68
48 197
48 74
48 139
48 163
48 92
48 101
48 188
48 116
48 166
48 129
48 105
48 103
48 108
48 175
48 114
48 52
48 54
48 184
48 57
48 70
48 189
48 191
49 193
49 131
49 75
49 76
49 143
49 86
49 92
49 94
49 198
49 107
49 108
49 109
49 111
49 179
49 116
49 60
49 62
50 192
50 198
50 75
50 126
51 172
51 77
51 79
51 81
51 154
51 96
51 177
51 183
51 59
51 63
52 130
52 133
52 184
52 186
52 191
52 64
52 65
52 72
52 76
52 78
52 83
52 135
52 99
52 101
52 102
52 107
52 108
52 110
52 114
52 116
52 122
53 64
53 65
53 68
53 134
53 72
53 128
53 76
53 80
53 145
53 103
53 104
53 169
53 170
53 112
53 73
53 184
53 58
53 140
53 125
54 197
54 163
54 166
54 129
54 95
54 183
54 77
54 177
54 149
54 55
54 59
54 63
55 128
55 129
55 130
55 145
55 137
55 139
55 188
55 151
55 153
55 157
55 163
55 56
55 57
55 58
55 60
55 134
55 65
55 66
55 69
55 194
55 184
55 86
55 92
55 144
55 100
55 101
55 103
55 105
55 106
55 107
55 114
55 116
55 62
55 118
55 124
55 127
56 64
56 196
56 72
56 143
56 79
56 81
56 88
56 169
56 92
56 161
56 162
56 103
56 191
56 109
56 114
56 117
56 184
56 121
56 187
56 181
57 149
57 197
57 183
57 77
57 145
57 85
57 152
57 90
57 154
57 112
57 166
57 103
57 119
57 191
57 157
57 177
57 114
57 123
57 184
57 59
57 138
57 63
58 138
58 139
58 140
58 194
58 146
58 150
58 157
58 134
58 170
58 185
58 188
58 189
58 65
58 66
58 68
58 69
58 73
58 80
58 164
58 101
58 104
58 105
58 116
58 124
59 195
59 77
59 79
59 81
59 85
59 118
59 158
59 159
59 96
59 161
59 98
59 105
59 106
59 172
59 173
59 157
59 177
59 190
59 183
59 124
59 138
59 126
59 63
60 193
60 86
60 189
60 127
61 147
61 198
61 156
61 126
62 65
62 181
62 137
62 143
62 162
62 79
62 86
62 158
62 96
62 161
62 98
62 103
62 109
62 180
62 117
62 168
62 127
63 192
63 195
63 196
63 98
63 161
63 172
63 79
63 159
63 84
63 121
63 89
63 154
63 157
63 158
63 133
63 96
63 167
63 180
63 190
63 183
63 138
63 126
63 85
64 198
64 72
64 81
64 110
64 151
64 68
64 133
64 109
64 175
64 168
64 179
64 187
64 126
64 181
65 129
65 73
65 139
65 140
65 80
65 145
65 82
65 99
65 151
65 137
65 155
65 97
65 101
65 175
65 185
65 189
66 193
66 72
66 80
66 145
66 82
66 110
66 95
66 160
66 161
66 165
66 104
66 175
66 113
66 115
66 94
66 189
66 185
66 168
66 125
66 149
67 136
67 75
67 126
68 128
68 134
68 140
68 145
68 150
68 155
68 164
68 166
68 170
68 191
68 197
68 70
68 72
68 80
68 82
68 97
68 99
68 100
68 101
68 102
68 103
68 108
68 110
68 112
68 114
68 116
68 122
68 123
69 72
69 145
69 149
69 154
69 160
69 167
69 110
69 189
69 117
69 124
69 106
70 193
70 194
70 146
70 92
70 157
70 94
70 116
70 101
70 188
71 179
71 178
71 87
71 75
71 156
71 126
72 128
72 137
72 143
72 151
72 175
72 185
72 181
72 193
72 73
72 76
72 79
72 80
72 82
72 93
72 96
72 105
72 106
72 113
72 118
72 124
73 128
73 140
73 80
73 82
73 164
73 103
73 100
73 101
73 166
73 104
73 170
73 108
73 111
73 114
73 184
73 134
73 191
74 131
74 135
74 142
74 145
74 78
74 186
74 152
74 100
74 90
74 92
74 99
74 174
74 111
74 155
74 182
74 119
74 122
74 123
74 189
74 127
75 141
75 148
75 149
75 154
75 165
75 169
75 173
75 177
75 179
75 159
75 190
75 84
75 86
75 126
76 181
76 133
76 140
76 80
76 145
76 94
76 162
76 101
76 107
76 175
76 88
76 187
76 117
77 129
77 133
77 198
77 179
77 158
77 161
77 163
77 177
77 180
78 142
78 146
78 153
78 144
78 102
78 119
78 122
78 188
79 195
79 172
79 149
79 154
79 96
79 181
80 134
80 145
80 82
80 150
80 164
80 101
80 114
80 184
80 125
80 191
81 128
81 149
81 89
81 95
81 96
81 106
81 172
81 118
82 134
82 145
82 101
82 184
82 185
82 125
82 191
83 135
83 101
83 99
83 102
83 108
83 175
83 118
83 122
83 189
83 127
84 192
84 133
84 87
84 154
84 91
84 98
84 172
84 168
84 178
84 126
85 198
85 129
85 139
85 157
85 158
85 98
85 163
85 167
85 173
85 168
85 179
85 180
85 190
85 138
85 126
86 198
86 130
86 131
86 113
86 92
86 100
86 101
86 107
86 108
86 109
86 111
86 179
86 116
86 126
86 185
86 189
87 192
87 147
87 89
87 154
87 91
88 193
88 93
88 133
88 162
88 171
88 118
89 192
89 154
89 91
89 96
89 98
89 172
89 178
90 142
90 152
90 157
90 135
90 189
90 119
90 123
90 138
91 192
91 178
91 154
91 172
92 128
92 130
92 137
92 146
92 99
92 151
92 153
92 101
92 107
92 97
92 155
92 166
92 105
92 144
92 134
92 127
93 110
93 117
94 198
94 193
94 197
94 140
94 130
94 101
94 107
94 181
94 117
95 133
95 129
95 139
95 149
95 165
95 160
95 167
95 168
95 105
95 106
95 126
96 196
96 149
96 160
96 98
96 187
96 181
97 155
97 105
97 108
97 118
97 189
98 160
98 195
98 196
98 143
98 154
98 159
98 173
98 110
98 177
98 190
98 183
98 121
99 194
99 144
99 153
99 157
99 102
99 103
99 105
99 106
99 175
99 118
99 138
100 131
100 111
100 189
100 118
100 105
101 131
101 193
101 145
101 150
101 155
101 164
101 175
101 185
101 188
101 189
101 197
101 102
101 104
101 103
101 108
101 111
101 116
101 125
101 127
102 105
102 135
102 175
102 189
102 118
102 122
102 186
103 138
103 140
103 184
103 151
103 137
103 155
103 185
103 175
103 113
103 191
104 128
104 140
104 145
104 164
104 113
104 185
105 131
105 145
105 110
105 155
105 181
105 118
105 189
105 127
106 181
106 131
106 154
106 142
106 171
106 110
106 115
106 186
106 117
106 122
106 124
106 149
107 193
107 188
107 175
108 155
108 145
108 152
108 175
108 119
108 185
108 123
108 127
109 169
109 110
109 112
109 127
110 128
110 134
110 162
110 199
110 133
110 175
110 117
110 169
110 160
110 124
111 189
111 118
112 138
112 140
112 143
113 140
113 145
113 114
113 185
113 188
113 125
113 191
114 150
114 138
114 151
114 137
114 175
114 164
114 157
115 128
115 171
115 133
115 149
115 198
115 160
115 162
115 165
115 167
115 117
115 124
115 134
116 197
116 145
116 152
116 166
116 174
116 189
116 127
117 128
117 193
117 149
117 151
117 181
117 187
117 124
118 131
118 187
118 162
118 145
118 171
118 181
118 189
118 127
119 174
119 142
119 182
119 186
120 132
120 126
121 128
121 151
121 161
121 133
121 177
121 196
121 149
121 134
122 138
122 142
122 157
122 135
122 174
122 175
122 182
122 186
122 123
123 194
123 144
123 146
123 186
123 153
123 157
123 174
123 189
123 188
123 138
124 145
124 189
124 181
125 128
125 164
125 140
126 141
126 179
126 154
126 156
126 160
126 148
126 165
126 177
126 169
126 136
126 147
127 128
127 130
127 143
127 134
127 153
127 144
127 166
128 140
128 134
128 166
128 170
128 175
129 149
129 139
129 177
129 145
129 154
129 183
130 193
130 175
130 189
131 144
131 194
131 153
132 136
133 162
133 187
133 165
133 169
133 175
133 177
133 159
134 140
135 194
135 174
135 146
135 182
135 186
135 153
135 175
135 188
136 141
137 143
137 162
137 187
138 159
138 160
138 191
138 157
138 184
139 160
139 163
139 177
140 145
140 193
140 169
140 170
140 185
141 179
141 198
142 194
142 146
142 174
142 182
142 152
142 188
143 169
143 151
144 194
144 197
144 145
144 146
144 153
144 166
145 194
145 163
145 185
145 153
145 188
145 164
145 146
145 170
146 194
146 152
146 153
146 166
147 178
147 156
148 179
149 160
149 196
149 179
149 163
149 158
149 198
149 167
149 168
149 180
150 164
150 184
150 191
151 162
151 169
151 184
151 187
151 191
152 194
152 157
152 174
152 182
152 189
153 194
153 166
153 186
154 198
154 172
154 173
154 195
154 157
154 159
154 190
157 197
157 159
157 160
157 191
157 166
157 173
157 174
157 182
157 184
158 159
158 177
158 180
158 181
159 161
159 167
159 168
159 179
159 180
159 190
160 196
160 161
160 163
160 198
160 167
160 171
160 168
160 180
161 187
161 165
161 168
161 173
161 177
161 181
161 183
162 193
162 171
163 177
163 183
164 170
164 191
165 168
165 179
165 167
166 194
166 175
166 188
167 171
168 187
168 180
168 181
168 169
169 198
172 195
172 192
173 198
173 179
173 190
174 189
174 182
175 197
175 189
175 188
177 192
177 196
177 179
177 180
178 192
179 190
179 187
179 181
179 183
180 181
180 187
181 198
181 193
181 187
182 188
183 198
184 191
185 187
185 188
185 191
186 194
186 188
187 198
189 198
193 198
193 197
194 197
