0 1
0 66
0 6
0 80
0 49
0 181
0 90
0 27
0 93
1 129
1 2
1 6
1 7
1 139
1 12
1 93
1 144
1 17
1 84
1 54
1 56
1 89
1 49
1 90
2 131
2 4
2 134
2 7
2 8
2 9
2 138
2 11
2 140
2 143
2 16
2 146
2 19
2 149
2 150
2 23
2 24
2 153
2 154
2 28
2 33
2 35
2 36
2 129
2 156
2 42
2 135
2 173
2 174
2 48
2 137
2 57
2 60
2 62
2 63
2 66
2 68
2 74
2 183
2 82
2 83
2 176
2 89
2 104
2 111
2 119
2 123
3 129
3 196
3 69
3 6
3 12
3 144
3 84
3 89
3 90
3 54
3 93
3 163
3 40
3 105
3 43
3 27
3 180
3 181
3 118
3 56
4 28
4 194
4 142
4 147
4 21
4 92
4 157
4 101
4 161
4 37
4 31
4 42
4 159
4 109
4 176
4 168
4 114
4 51
4 169
4 59
4 170
5 193
5 66
5 187
5 6
5 49
5 107
5 98
5 17
5 50
5 84
5 54
5 39
5 90
5 27
5 72
5 181
6 66
6 196
6 7
6 72
6 177
6 139
6 80
6 184
6 18
6 197
6 89
6 90
6 27
6 69
6 160
6 144
6 98
6 163
6 39
6 40
6 105
6 107
6 172
6 49
6 181
6 118
6 55
6 56
6 187
6 189
7 118
7 139
7 66
7 80
7 17
7 84
7 85
7 93
7 197
7 144
7 98
7 39
7 107
7 172
7 49
7 50
7 54
7 56
7 187
8 128
8 132
8 73
8 10
8 11
8 190
8 152
8 82
8 88
8 175
8 32
8 164
8 41
8 111
8 112
8 113
8 178
8 117
8 120
8 61
8 126
9 161
9 195
9 146
9 75
9 34
9 45
9 114
9 179
9 21
9 95
9 30
10 132
10 133
10 14
10 147
10 148
10 149
10 28
10 30
10 33
10 34
10 35
10 164
10 166
10 167
10 41
10 42
10 44
10 173
10 174
10 176
10 136
10 178
10 53
10 185
10 186
10 61
10 63
10 64
10 67
10 68
10 70
10 83
10 92
10 102
10 104
10 106
10 191
10 111
10 117
10 119
10 123
10 170
10 126
11 64
11 96
11 68
11 86
11 76
11 141
11 82
11 19
11 174
11 22
11 151
11 25
11 28
11 35
11 166
11 167
11 41
11 171
11 110
11 111
11 113
11 116
11 153
12 66
12 54
12 65
12 84
12 90
12 27
12 93
12 160
12 105
12 172
12 49
12 52
12 181
12 118
13 130
13 194
13 14
13 173
13 148
13 87
13 155
13 28
13 31
13 97
13 162
13 59
13 37
13 168
13 169
13 42
13 159
13 109
13 46
13 176
13 115
13 53
13 119
13 106
14 130
14 131
14 132
14 133
14 145
14 146
14 147
14 149
14 29
14 33
14 162
14 35
14 164
14 42
14 44
14 173
14 47
14 176
14 157
14 53
14 57
14 191
14 64
14 70
14 71
14 77
14 83
14 86
14 185
14 91
14 92
14 103
14 104
14 106
14 112
14 117
14 119
14 123
14 170
14 126
15 38
15 124
15 171
15 78
15 79
15 110
15 121
15 88
15 25
15 127
15 28
15 29
15 158
15 117
16 128
16 134
16 135
16 136
16 73
16 138
16 79
16 24
16 88
16 25
16 32
16 33
16 171
16 175
16 113
16 178
16 116
16 117
16 120
16 185
16 61
16 190
17 66
17 129
17 193
17 139
17 172
17 98
17 85
17 55
17 197
17 27
17 181
18 84
18 105
18 99
18 20
18 181
18 54
18 184
18 52
18 27
18 118
19 131
19 132
19 133
19 134
19 138
19 140
19 83
19 170
19 24
19 92
19 176
19 102
19 104
19 28
19 42
19 173
19 111
19 112
19 119
19 123
19 60
19 106
19 117
20 65
20 163
20 69
20 43
20 108
20 180
20 52
20 54
20 184
20 84
20 94
21 51
21 194
21 71
21 75
21 26
21 101
21 97
21 168
21 159
21 45
21 115
21 137
21 59
21 63
22 70
22 141
22 81
22 83
22 149
22 157
22 33
22 35
22 102
22 104
22 41
22 173
22 111
22 176
22 119
22 185
22 123
23 28
24 131
24 140
24 145
24 147
24 149
24 185
24 153
24 92
24 157
24 33
24 102
24 104
24 170
24 173
24 83
24 119
24 57
24 123
24 60
25 198
25 28
25 83
25 148
25 86
25 154
25 92
25 165
25 176
25 162
25 38
25 102
25 104
25 41
25 42
25 171
25 173
25 110
25 111
25 48
25 147
25 119
25 121
25 123
25 124
25 170
26 194
26 75
26 71
26 103
26 74
26 62
26 44
26 47
26 146
26 115
26 59
26 156
26 30
27 193
27 196
27 85
27 184
27 197
27 160
27 144
27 98
27 163
27 39
27 40
27 105
27 43
27 49
27 50
27 180
27 181
27 118
27 55
27 56
27 187
28 30
28 32
28 33
28 34
28 35
28 36
28 37
28 38
28 41
28 44
28 46
28 47
28 57
28 59
28 60
28 61
28 62
28 63
28 64
28 67
28 70
28 71
28 73
28 74
28 76
28 77
28 79
28 81
28 86
28 87
28 88
28 95
28 97
28 101
28 103
28 109
28 110
28 111
28 113
28 115
28 117
28 120
28 125
28 126
28 127
28 131
28 132
28 136
28 140
28 143
28 145
28 151
28 152
28 153
28 155
28 156
28 159
28 164
28 166
28 168
28 169
28 171
28 175
28 183
28 185
28 186
28 188
28 194
28 198
29 162
29 100
29 165
29 41
29 191
29 78
29 148
29 53
29 121
29 122
29 91
29 124
29 106
29 127
30 64
30 133
30 75
30 130
30 146
30 148
30 86
30 159
30 97
30 37
30 168
30 41
30 45
30 115
30 137
31 194
31 155
31 104
31 169
31 42
31 119
31 109
31 176
31 87
31 59
31 92
32 132
32 174
32 112
32 111
32 82
32 117
32 126
33 134
33 135
33 141
33 152
33 148
33 151
33 162
33 164
33 165
33 166
33 167
33 41
33 171
33 48
33 53
33 185
33 191
33 64
33 68
33 70
33 76
33 79
33 86
33 96
33 112
33 113
33 117
33 153
33 121
33 122
33 124
33 126
34 86
34 152
34 156
34 37
34 97
34 101
34 41
34 45
34 115
34 137
34 186
34 62
34 63
35 96
35 67
35 70
35 73
35 76
35 141
35 81
35 147
35 148
35 149
35 86
35 152
35 92
35 157
35 162
35 166
35 104
35 41
35 42
35 191
35 111
35 113
35 53
35 119
35 185
35 123
35 170
35 117
36 97
36 195
36 101
36 161
36 168
36 74
36 75
37 179
37 71
37 74
37 75
37 142
37 146
37 95
37 103
37 156
37 47
37 114
37 51
37 182
37 62
37 63
38 132
38 198
38 136
38 151
38 88
38 79
38 164
38 165
38 171
38 111
38 112
38 178
38 117
38 121
38 124
38 61
38 127
39 193
39 196
39 84
39 85
39 89
39 90
39 93
39 197
39 177
39 40
39 43
39 172
39 49
39 50
39 180
39 181
39 54
39 55
39 187
39 189
40 65
40 193
40 72
40 144
40 107
40 85
40 199
40 90
40 93
40 94
40 98
40 105
40 43
40 177
40 180
40 181
40 56
40 58
41 130
41 133
41 146
41 149
41 152
41 164
41 166
41 169
41 42
41 171
41 173
41 174
41 47
41 48
41 179
41 182
41 132
41 185
41 59
41 188
41 61
41 63
41 64
41 194
41 67
41 70
41 71
41 76
41 79
41 81
41 83
41 86
41 176
41 91
41 92
41 96
41 104
41 106
41 111
41 112
41 117
41 119
41 123
41 170
41 126
42 67
42 70
42 135
42 136
42 140
42 79
42 141
42 81
42 153
42 152
42 155
42 96
42 188
42 194
42 166
42 167
42 171
42 109
42 46
42 176
42 178
42 138
42 169
42 59
42 60
42 61
43 193
43 66
43 196
43 118
43 144
43 84
43 85
43 197
43 98
43 99
43 105
43 107
43 172
43 52
43 181
43 54
43 55
44 64
44 133
44 70
44 71
44 148
44 86
44 152
44 159
44 162
44 101
44 106
44 45
44 47
44 115
44 53
44 191
45 103
45 137
45 75
45 146
45 179
45 182
45 186
45 95
46 176
46 194
46 87
47 97
47 130
47 115
47 71
47 168
47 106
47 77
47 51
47 159
48 185
49 66
49 80
49 89
49 90
49 93
49 94
49 69
49 160
49 98
49 65
49 197
49 172
49 177
49 181
49 55
49 189
50 129
50 66
50 172
50 180
50 181
50 54
50 55
50 89
51 97
51 194
51 195
51 161
51 168
51 169
51 74
51 75
51 77
51 142
51 114
51 59
51 62
51 159
52 192
52 99
52 69
52 144
52 56
52 184
52 180
53 64
53 67
53 71
53 76
53 77
53 81
53 78
53 185
53 158
53 100
53 166
53 167
53 57
53 188
53 149
54 66
54 65
54 72
54 172
54 144
54 107
54 85
54 197
54 69
54 98
54 163
54 105
54 193
54 108
54 180
54 56
54 58
54 187
55 65
55 197
55 72
55 144
55 84
55 107
55 172
55 180
55 181
55 56
55 187
56 192
56 66
56 196
56 197
56 129
56 144
56 84
56 89
56 99
56 172
56 181
57 131
57 133
57 134
57 106
57 162
57 145
57 148
57 191
58 160
58 196
58 72
58 189
58 177
58 84
58 90
58 93
58 94
59 194
59 115
59 83
59 87
59 169
59 155
59 92
59 157
59 101
59 161
59 123
59 102
59 104
59 109
59 176
59 114
59 119
59 170
59 195
60 133
60 140
60 130
60 147
60 153
60 104
60 111
60 119
60 106
61 64
61 68
61 70
61 82
61 83
61 174
61 86
61 151
61 152
61 157
61 102
61 110
61 176
61 121
61 122
61 127
62 97
62 179
62 101
62 168
62 75
62 159
62 142
62 114
62 182
62 186
62 63
62 95
63 64
63 70
63 161
63 137
63 75
63 86
63 152
63 156
63 159
63 97
63 168
63 179
63 186
63 95
64 67
64 68
64 133
64 162
64 136
64 76
64 141
64 79
64 188
64 148
64 149
64 152
64 96
64 103
64 167
64 178
64 179
64 185
64 186
64 191
64 117
65 160
65 66
65 196
65 197
65 177
65 72
65 172
65 93
65 189
65 84
65 90
65 94
66 139
66 80
66 84
66 89
66 90
66 93
66 144
66 98
66 129
66 180
66 187
67 83
67 148
67 86
67 92
67 157
67 176
67 162
67 170
67 102
67 104
67 112
67 147
67 117
67 119
67 191
67 106
68 132
68 70
68 136
68 73
68 111
68 112
68 178
68 117
68 86
68 152
68 164
68 126
68 149
69 192
69 118
69 105
69 99
69 84
69 181
69 184
69 163
70 130
70 136
70 76
70 141
70 92
70 81
70 146
70 83
70 149
70 152
70 132
70 96
70 164
70 166
70 103
70 104
70 176
70 173
70 112
70 178
70 106
70 117
70 119
70 123
70 188
70 126
71 130
71 195
71 133
71 161
71 75
71 159
71 97
71 162
71 103
71 168
71 115
71 191
72 196
72 193
72 108
72 84
72 85
72 199
72 197
72 160
72 98
72 107
72 172
72 177
72 181
72 189
73 132
73 190
73 79
73 82
73 149
73 88
73 164
73 174
73 175
73 112
73 113
73 178
73 117
73 120
73 185
73 126
74 97
74 101
74 168
74 142
75 194
75 195
75 77
75 142
75 156
75 97
75 101
75 168
75 161
75 159
75 114
75 115
75 137
76 130
76 132
76 133
76 147
76 148
76 86
76 152
76 92
76 157
76 162
76 164
76 106
76 111
76 112
76 185
76 191
76 170
76 126
76 117
77 130
77 142
77 106
77 191
77 114
77 148
77 159
77 133
78 133
78 198
78 147
78 148
78 91
78 92
78 162
78 165
78 106
78 173
78 110
78 83
78 119
78 121
78 122
78 191
78 124
78 170
78 127
79 198
79 82
79 83
79 149
79 151
79 88
79 92
79 157
79 185
79 165
79 164
79 102
79 104
79 176
79 173
79 110
79 174
79 112
79 147
79 117
79 119
79 121
79 122
79 123
79 124
79 170
79 126
79 127
80 129
80 89
80 90
80 93
80 181
81 96
81 130
81 86
81 141
81 157
81 176
81 147
81 148
81 191
81 102
81 133
82 132
82 88
82 111
82 112
82 178
82 116
82 117
82 120
83 194
83 136
83 141
83 152
83 153
83 158
83 96
83 100
83 134
83 166
83 167
83 171
83 173
83 178
83 123
84 144
84 184
84 107
84 199
84 94
84 98
84 163
84 172
84 180
84 197
85 196
85 139
85 93
85 98
85 107
85 172
85 180
85 181
86 132
86 136
86 141
86 146
86 149
86 95
86 96
86 164
86 103
86 167
86 111
86 112
86 178
86 117
86 182
86 185
86 186
86 188
86 126
87 155
87 102
87 104
87 170
87 147
87 119
87 92
87 157
88 198
88 147
88 152
88 157
88 165
88 164
88 102
88 173
88 117
88 119
88 121
88 122
88 123
88 124
88 126
88 127
89 139
89 98
89 90
89 187
90 196
90 129
90 94
90 160
90 144
90 98
90 199
90 108
90 177
91 130
91 100
91 110
91 151
91 158
92 194
92 135
92 141
92 155
92 158
92 100
92 134
92 171
92 109
92 169
93 196
93 129
93 94
93 160
93 144
93 98
93 193
93 107
93 108
93 177
93 118
93 189
94 160
94 196
94 177
94 199
94 108
94 189
95 97
95 101
95 168
95 182
95 156
95 152
95 159
96 149
96 102
96 111
96 176
96 117
96 119
96 188
97 195
97 146
97 161
97 101
97 156
97 114
97 186
98 129
98 107
98 196
98 139
98 193
98 189
99 144
99 184
99 163
99 180
99 192
100 130
100 133
100 147
100 148
100 151
100 157
100 158
100 162
100 165
100 102
100 106
100 191
100 173
100 110
100 121
100 122
100 123
100 124
100 170
100 127
101 194
101 195
101 161
101 146
101 156
101 103
101 168
101 169
101 179
101 182
101 186
102 194
102 134
102 135
102 136
102 140
102 141
102 152
102 157
102 158
102 166
102 167
102 178
102 147
102 138
102 188
103 133
103 115
103 152
103 159
104 135
104 194
104 140
104 141
104 152
104 155
104 134
104 166
104 167
104 171
104 109
104 153
104 138
105 196
105 118
105 180
105 181
105 184
106 130
106 140
106 152
106 153
106 158
106 166
106 167
107 193
107 180
107 196
107 172
107 197
108 160
108 177
108 196
108 189
109 194
109 123
109 119
109 169
110 164
110 132
110 136
110 149
110 151
110 158
110 165
110 171
110 111
110 112
110 178
110 185
110 117
110 121
110 122
110 127
111 140
111 141
111 174
111 152
111 113
111 116
112 128
112 132
112 149
112 152
112 153
112 164
112 167
112 174
112 175
112 190
112 113
112 116
112 120
112 121
112 126
113 132
113 117
113 164
113 149
114 194
114 168
114 137
114 169
114 156
114 159
115 194
115 146
115 186
116 128
116 164
116 190
116 174
116 117
116 120
116 175
116 126
117 128
117 141
117 149
117 151
117 152
117 153
117 154
117 164
117 198
117 166
117 174
117 175
117 190
117 120
117 121
117 124
117 126
117 127
118 163
118 180
118 181
118 184
119 135
119 136
119 140
119 141
119 152
119 155
119 158
119 134
119 166
119 167
119 171
119 178
119 153
119 138
120 128
120 132
120 174
120 175
120 126
121 164
121 132
121 198
121 136
121 149
121 158
121 171
121 178
121 185
121 122
121 126
121 127
122 165
122 136
122 124
122 151
122 185
122 158
123 140
123 194
123 141
123 155
123 158
123 134
123 171
123 138
124 132
124 198
124 151
124 164
124 165
124 171
124 185
124 126
126 128
126 152
126 149
126 151
126 132
126 185
126 164
126 165
126 190
126 153
127 149
127 165
127 136
127 178
127 151
127 158
128 132
128 174
128 175
128 164
129 144
129 139
129 187
130 140
131 153
131 135
131 138
132 149
132 151
132 152
132 153
132 175
132 164
132 165
132 167
132 174
132 190
132 166
133 146
133 153
133 152
133 188
133 171
133 158
134 135
134 140
134 145
134 149
134 185
134 153
134 157
134 173
134 147
135 138
135 147
135 153
135 157
135 176
135 185
135 170
136 174
136 151
136 152
136 157
136 176
136 178
136 147
137 195
137 146
137 142
137 186
138 176
138 140
138 173
138 145
138 170
138 153
138 157
139 197
139 172
140 157
140 173
140 153
141 147
141 149
141 173
141 176
141 185
141 188
141 170
142 194
142 169
142 156
144 192
144 196
144 197
144 172
144 180
144 181
146 168
146 159
147 194
147 188
147 152
147 158
147 169
148 185
148 152
148 158
148 162
148 166
148 167
148 171
148 188
148 149
149 152
149 151
149 153
149 154
149 162
149 164
149 191
151 164
151 158
151 165
151 178
151 185
152 157
152 162
152 164
152 170
152 174
152 176
152 178
152 179
152 182
152 185
152 186
153 170
153 164
153 176
153 185
154 171
155 194
155 173
155 176
155 169
156 168
156 159
156 179
156 182
156 186
157 194
157 166
157 167
157 169
157 178
158 198
158 162
158 191
158 173
158 170
159 194
159 195
159 179
159 161
159 182
159 186
160 199
160 181
161 194
161 168
161 169
162 167
162 171
162 188
163 181
164 165
164 175
165 171
166 167
166 176
166 185
166 191
167 176
167 185
167 170
167 191
168 195
168 169
168 182
168 186
169 194
169 195
169 176
169 170
170 194
170 171
171 198
171 185
171 173
171 176
172 197
172 193
172 181
172 187
174 175
174 178
174 190
175 190
176 194
176 188
177 199
177 181
177 189
180 192
180 193
180 181
180 187
180 189
181 193
181 184
181 197
181 187
181 189
185 191
187 197
188 191
189 199
193 196
193 197
194 195
196 199
