0 1
0 3
0 132
0 133
0 6
0 129
0 9
0 10
0 11
0 13
0 16
0 148
0 171
0 4
0 155
0 161
0 163
0 37
0 38
0 169
0 42
0 135
0 136
0 50
0 51
0 180
0 53
0 54
0 55
0 65
0 196
0 199
0 72
0 73
0 74
0 80
0 86
0 89
0 90
0 91
0 97
0 105
0 144
0 111
0 116
0 126
1 9
1 12
1 14
1 15
1 17
1 18
1 19
1 151
1 24
1 25
1 154
1 158
1 159
1 35
1 164
1 165
1 39
1 40
1 43
1 45
1 46
1 175
1 49
1 179
1 137
1 184
1 57
1 62
1 191
1 64
1 65
1 194
1 67
1 196
1 197
1 75
1 76
1 77
1 78
1 190
1 163
1 87
1 93
1 95
1 98
1 99
1 106
1 109
1 110
1 168
1 183
1 117
1 153
1 125
1 127
2 128
2 129
2 180
2 4
2 86
2 6
2 73
2 58
2 90
2 69
3 128
3 130
3 7
3 8
3 11
3 141
3 16
3 19
3 20
3 46
3 23
3 152
3 29
3 160
3 34
3 36
3 41
3 170
3 135
3 172
3 174
3 59
3 188
3 61
3 192
3 196
3 197
3 71
3 73
3 74
3 79
3 82
3 86
3 88
3 91
3 96
3 112
3 116
3 121
3 124
4 19
4 196
4 150
4 70
4 193
4 194
4 141
4 17
4 83
4 22
4 88
4 30
4 197
4 100
4 101
4 39
4 104
4 103
4 173
4 46
4 175
4 114
4 51
4 122
4 190
6 129
6 132
6 7
6 130
6 146
6 19
6 20
6 174
6 23
6 152
6 29
6 160
6 33
6 34
6 36
6 38
6 170
6 135
6 172
6 46
6 175
6 189
6 50
6 180
6 188
6 61
6 190
6 197
6 71
6 141
6 80
6 82
6 88
6 89
6 94
6 97
6 111
6 116
6 119
6 123
6 124
7 160
7 188
7 38
7 71
7 73
7 86
8 34
8 196
8 129
8 41
8 74
8 11
8 130
8 46
8 180
8 86
8 73
8 152
8 124
9 162
9 131
9 147
9 72
9 10
9 178
9 51
9 22
9 24
9 196
9 186
9 187
9 126
10 194
10 196
10 179
10 145
10 138
10 139
10 76
10 109
10 141
10 17
10 147
10 88
10 24
10 25
10 175
10 30
10 81
10 163
10 39
10 106
10 174
10 125
10 178
10 83
10 117
10 118
10 57
10 95
10 61
11 68
11 197
11 199
11 41
11 46
11 143
11 48
11 50
11 19
11 181
11 55
11 196
11 190
12 90
12 158
13 34
13 196
13 194
13 174
13 19
13 88
13 91
13 61
14 195
14 100
14 165
14 103
14 137
14 193
14 83
14 114
14 18
14 182
14 87
15 99
15 157
15 78
15 127
16 128
16 194
16 68
16 135
16 136
16 73
16 141
16 80
16 152
16 148
16 86
16 88
16 27
16 92
16 34
16 38
16 41
16 42
16 108
16 174
16 50
16 116
16 169
16 124
16 61
17 32
17 162
17 131
17 37
17 145
17 105
17 171
17 81
17 156
17 53
17 118
17 90
17 155
17 28
17 138
17 126
18 64
18 70
18 193
18 72
18 75
18 77
18 22
18 151
18 154
18 30
18 100
18 165
18 103
18 106
18 107
18 45
18 51
18 120
18 57
19 22
19 23
19 30
19 35
19 38
19 41
19 42
19 45
19 47
19 48
19 50
19 51
19 53
19 55
19 57
19 60
19 64
19 67
19 74
19 77
19 83
19 86
19 90
19 91
19 92
19 93
19 94
19 95
19 100
19 101
19 105
19 106
19 107
19 108
19 110
19 120
19 126
19 128
19 131
19 133
19 136
19 143
19 146
19 148
19 149
19 151
19 156
19 159
19 161
19 164
19 168
19 185
19 186
19 189
19 193
19 197
19 199
20 128
20 160
20 38
20 71
21 104
21 58
21 85
22 65
22 194
22 179
22 133
22 141
22 83
22 147
22 24
22 196
22 152
22 30
22 101
22 165
22 34
22 100
22 37
22 103
22 40
22 105
22 171
22 174
22 175
22 178
22 53
22 137
22 197
22 186
22 191
22 124
22 61
22 117
23 129
23 38
23 73
23 47
23 180
23 121
23 197
24 30
24 147
24 133
24 72
24 51
24 117
24 179
24 156
24 186
24 126
25 70
25 72
25 83
25 84
25 152
25 156
25 30
25 34
25 100
25 101
25 103
25 40
25 51
25 182
25 120
25 124
25 126
26 56
26 198
27 194
27 38
27 135
27 141
27 46
27 175
27 116
27 174
27 61
27 190
28 176
28 131
28 145
28 138
28 144
28 81
28 118
28 187
28 156
28 126
29 128
29 129
29 36
29 38
29 73
29 170
29 172
29 180
29 86
29 119
29 59
30 131
30 133
30 137
30 141
30 144
30 152
30 46
30 155
30 156
30 159
30 32
30 162
30 165
30 40
30 171
30 45
30 174
30 175
30 178
30 183
30 184
30 57
30 186
30 61
30 190
30 64
30 65
30 194
30 67
30 197
30 34
30 90
30 95
30 106
30 109
30 147
30 117
30 126
31 113
31 177
31 49
32 133
32 72
32 141
32 152
32 155
32 97
32 34
32 39
32 171
32 46
32 111
32 51
32 54
32 186
32 61
32 190
33 129
33 73
33 146
33 180
33 152
33 123
33 124
33 94
34 128
34 130
34 133
34 135
34 152
34 37
34 38
34 41
34 173
34 46
34 48
34 51
34 53
34 182
34 55
34 186
34 190
34 195
34 68
34 199
34 73
34 80
34 83
34 84
34 86
34 88
34 89
34 95
34 100
34 105
34 116
34 123
34 124
35 98
35 164
35 197
35 168
35 137
35 43
35 125
35 141
35 194
35 93
35 88
35 57
35 175
35 61
36 128
36 129
36 38
36 71
36 73
36 170
36 160
36 172
36 192
36 180
36 86
36 119
36 188
36 134
37 51
37 196
37 133
37 152
37 104
37 122
37 186
38 128
38 47
38 196
38 160
38 161
38 129
38 41
38 42
38 135
38 172
38 46
38 175
38 50
38 188
38 61
38 190
38 68
38 197
38 71
38 82
38 86
38 121
38 88
38 89
38 92
38 108
38 112
38 116
38 169
38 148
38 170
39 162
39 131
39 171
39 76
39 144
39 187
39 155
39 156
39 126
40 64
40 133
40 113
40 72
40 75
40 77
40 109
40 173
40 83
40 154
40 95
40 193
40 101
40 102
40 103
40 106
40 107
40 45
40 110
40 49
40 114
40 51
40 182
40 153
40 57
40 186
40 159
40 151
41 73
41 74
41 130
41 194
41 175
41 116
41 88
41 190
41 197
42 194
42 196
42 197
42 135
42 136
42 73
42 141
42 80
42 148
42 88
42 89
42 92
42 169
42 108
42 174
42 175
42 50
42 116
42 61
43 64
43 66
43 164
43 51
43 72
43 107
43 125
43 45
43 110
43 77
43 183
43 67
43 87
43 184
43 57
43 151
43 93
43 191
45 66
45 131
45 197
45 162
45 137
45 144
45 87
45 156
45 93
45 67
45 164
45 165
45 174
45 61
45 183
45 184
45 57
45 187
45 125
45 191
46 128
46 130
46 133
46 135
46 143
46 146
46 131
46 150
46 152
46 156
46 161
46 171
46 174
46 136
46 50
46 51
46 53
46 182
46 57
46 61
46 190
46 181
46 193
46 195
46 70
46 73
46 74
46 162
46 80
46 83
46 84
46 86
46 88
46 89
46 90
46 92
46 100
46 101
46 103
46 108
46 114
46 123
46 124
46 126
47 112
47 121
47 197
48 196
48 194
48 74
48 175
48 174
48 143
48 141
48 88
48 91
49 113
49 177
49 62
50 128
50 194
50 68
50 197
50 129
50 136
50 73
50 74
50 141
50 148
50 174
50 86
50 196
50 91
50 92
50 161
50 169
50 135
50 108
50 175
50 116
50 180
50 190
51 65
51 66
51 152
51 179
51 175
51 141
51 171
51 197
51 90
51 155
51 95
51 165
51 105
51 196
51 174
51 178
51 147
51 117
51 137
51 124
51 61
51 190
52 167
52 140
52 166
52 63
53 132
53 133
53 141
53 174
53 88
53 196
53 152
53 175
53 197
53 97
53 155
53 171
53 111
53 54
53 186
53 124
53 61
53 190
54 132
54 73
54 128
54 171
54 111
54 86
54 196
54 58
54 155
55 196
55 197
55 74
55 152
55 91
55 124
55 61
56 198
57 66
57 197
57 70
57 194
57 137
57 77
57 173
57 144
57 84
57 150
57 87
57 164
57 159
57 98
57 100
57 101
57 103
57 175
57 168
57 114
57 83
57 131
57 182
57 120
57 187
57 125
57 190
57 191
58 85
58 142
58 104
58 122
58 111
58 69
59 96
59 160
59 71
59 73
59 170
60 128
60 194
60 197
60 180
60 149
60 86
60 88
60 61
60 94
61 128
61 129
61 150
61 173
61 149
61 151
61 156
61 159
61 161
61 164
61 168
61 169
61 155
61 182
61 180
61 186
61 187
61 189
61 190
61 64
61 195
61 70
61 199
61 72
61 73
61 77
61 141
61 80
61 83
61 84
61 86
61 185
61 89
61 92
61 93
61 144
61 100
61 101
61 103
61 107
61 108
61 110
61 174
61 120
61 123
61 125
61 126
62 113
63 140
63 166
63 167
64 66
64 197
64 70
64 193
64 137
64 141
64 150
64 87
64 165
64 100
64 101
64 173
64 174
64 114
64 120
64 191
65 163
65 196
65 182
65 83
65 84
65 186
65 156
65 126
65 195
66 107
66 133
66 72
66 106
66 109
66 77
66 110
66 186
66 191
66 151
66 159
67 197
67 193
67 83
67 150
67 156
67 159
67 98
67 101
67 168
67 114
67 182
67 183
67 125
68 128
68 194
68 135
68 73
68 74
68 141
68 88
68 86
68 152
68 91
68 174
68 116
68 190
69 132
69 85
69 104
69 122
70 197
70 137
70 98
70 83
70 110
70 150
70 88
70 90
70 154
70 95
70 165
70 100
70 101
70 103
70 168
70 109
70 174
70 120
70 190
71 96
71 128
71 129
71 73
71 160
71 172
71 82
71 119
71 180
71 188
71 192
72 171
72 196
72 194
72 141
72 147
72 88
72 90
72 155
72 95
72 163
72 165
72 105
72 174
72 175
72 178
72 179
72 117
72 124
72 191
73 132
73 130
73 146
73 149
73 152
73 196
73 160
73 175
73 136
73 188
73 169
73 194
73 79
73 80
73 141
73 82
73 85
73 88
73 89
73 94
73 96
73 97
73 104
73 108
73 174
73 112
73 190
73 119
73 122
73 123
73 124
73 170
74 130
74 197
74 199
74 194
74 88
74 143
74 91
74 175
74 181
74 190
75 165
75 102
75 153
75 137
76 187
76 162
76 131
76 171
76 144
76 155
76 156
76 126
77 197
77 162
77 141
77 144
77 84
77 87
77 156
77 98
77 165
77 174
77 168
77 83
77 182
77 187
77 125
77 126
77 191
78 127
78 99
78 157
79 160
79 188
80 128
80 194
80 196
80 197
80 129
80 136
80 152
80 174
80 86
80 89
80 92
80 161
80 169
80 135
80 108
80 180
80 124
81 118
81 145
81 156
81 138
81 126
82 128
82 129
82 170
82 160
82 86
82 188
83 150
83 193
83 141
83 144
83 154
83 133
83 162
83 164
83 173
83 174
83 175
83 182
83 183
83 184
83 187
83 190
83 194
83 197
83 84
83 88
83 90
83 95
83 98
83 100
83 101
83 195
83 103
83 106
83 107
83 109
83 110
83 168
83 114
83 131
83 120
83 124
84 195
84 162
84 190
84 98
84 110
84 164
84 154
84 156
84 95
84 100
84 106
84 107
84 125
84 131
84 182
84 126
85 128
85 86
85 142
86 128
86 132
86 130
86 149
86 152
86 196
86 160
86 170
86 135
86 172
86 175
86 185
86 190
86 192
86 194
86 197
86 141
86 88
86 89
86 174
86 97
86 188
86 111
86 116
86 119
86 124
87 107
87 110
87 151
87 154
87 191
88 128
88 130
88 133
88 143
88 131
88 171
88 156
88 135
88 155
88 182
88 185
88 189
88 181
88 193
88 195
88 199
88 162
88 89
88 91
88 93
88 101
88 103
88 116
88 120
88 123
88 126
89 129
89 196
89 197
89 135
89 136
89 128
89 152
89 92
89 108
89 175
89 116
89 180
89 124
89 190
90 196
90 197
90 193
90 194
90 175
90 97
90 100
90 104
90 111
90 158
90 120
90 122
90 190
91 130
91 199
91 194
91 143
91 181
91 175
92 129
92 194
92 196
92 197
92 135
92 141
92 174
92 161
92 169
92 108
92 116
93 194
93 165
93 137
93 141
93 174
93 175
93 190
93 159
94 146
94 149
94 185
94 123
94 189
95 131
95 197
95 162
95 150
95 152
95 156
95 100
95 101
95 195
95 103
95 173
95 114
95 182
95 120
95 187
95 124
95 126
96 160
96 188
97 132
97 129
97 171
97 180
97 196
97 155
98 195
98 197
98 162
98 141
98 144
98 184
98 164
98 100
98 193
98 174
98 114
98 182
98 120
98 187
98 126
99 157
100 193
100 195
100 133
100 137
100 141
100 110
100 151
100 154
100 165
100 164
100 101
100 103
100 168
100 106
100 197
100 174
100 109
100 125
100 114
100 182
100 183
100 120
100 186
100 190
101 194
101 133
101 137
101 141
101 164
101 152
101 174
101 151
101 184
101 197
101 103
101 106
101 107
101 109
101 175
101 114
101 183
101 120
101 186
101 124
101 190
102 165
102 153
103 193
103 194
103 150
103 137
103 173
103 164
103 152
103 154
103 165
103 197
103 106
103 109
103 175
103 114
103 120
103 186
103 124
104 142
104 105
105 133
105 152
105 122
105 186
105 197
106 131
106 197
106 193
106 137
106 173
106 150
106 156
106 165
106 162
106 195
106 109
106 114
106 182
106 126
106 191
107 195
107 197
107 137
107 151
107 141
107 165
107 173
107 174
107 182
107 120
107 191
108 196
108 197
108 169
108 190
109 193
109 150
109 173
109 114
109 182
109 120
109 187
109 191
110 195
110 197
110 193
110 151
110 141
110 150
110 173
110 174
110 114
110 182
110 120
110 191
111 196
111 128
111 180
112 121
114 193
114 194
114 197
114 137
114 141
114 173
114 151
114 175
114 154
114 174
114 125
114 168
114 183
116 128
116 194
116 129
116 152
116 196
116 135
116 175
116 180
116 124
116 190
117 162
117 131
117 133
117 178
117 147
117 186
118 176
118 145
118 156
118 139
118 138
118 126
119 128
119 129
119 170
119 160
119 180
119 188
120 194
120 137
120 141
120 173
120 174
120 150
120 151
120 175
120 165
120 168
120 125
122 142
123 129
123 194
123 197
123 141
123 152
123 146
123 174
123 175
123 180
123 185
123 124
123 189
123 190
124 129
124 130
124 133
124 135
124 152
124 180
124 182
124 186
124 190
124 195
125 193
125 141
125 144
125 184
125 195
125 156
125 162
125 174
125 183
125 187
125 126
126 138
126 139
126 141
126 163
126 164
126 168
126 156
126 176
126 178
126 182
126 183
126 184
126 190
126 195
126 197
126 145
126 147
128 192
128 197
128 134
128 135
128 194
128 175
128 130
128 141
128 174
128 160
128 196
128 172
128 188
128 190
129 132
129 135
129 130
129 141
129 152
129 196
129 149
129 175
129 134
129 194
129 170
129 172
129 146
129 174
129 180
130 194
130 197
130 152
130 175
130 180
130 190
131 194
131 195
131 179
131 187
131 139
131 144
131 147
131 197
131 163
131 168
131 178
131 159
131 190
132 196
132 180
133 179
133 196
133 150
133 152
133 155
133 163
133 195
133 171
133 173
133 178
133 182
133 137
133 197
133 186
133 191
133 190
134 170
134 160
134 172
134 192
135 152
135 196
135 180
135 190
136 196
136 141
136 148
136 174
137 173
137 150
137 154
137 159
137 186
137 151
138 176
138 145
138 139
138 144
138 156
139 144
139 162
139 156
140 167
140 166
141 143
141 148
141 151
141 156
141 159
141 164
141 168
141 171
141 155
141 183
141 184
141 180
141 187
141 190
141 181
141 193
141 199
141 144
143 194
143 174
143 190
143 181
144 196
144 162
144 163
144 168
144 174
144 182
144 159
145 176
145 156
146 197
146 190
146 152
147 162
147 179
147 163
147 156
147 186
148 196
148 197
148 174
149 197
149 180
150 184
150 197
150 164
150 183
150 190
151 193
151 174
151 165
151 191
152 155
152 173
152 180
152 182
152 186
152 190
154 165
154 193
154 182
155 194
155 171
155 175
155 186
155 190
156 194
156 182
156 175
156 197
156 163
156 164
156 195
156 176
156 178
156 190
156 183
156 184
156 159
159 197
159 164
159 174
159 183
159 184
159 187
159 191
160 172
160 180
160 188
161 196
161 197
162 196
162 179
162 194
162 175
162 178
162 182
162 187
162 190
163 196
163 178
164 195
164 173
164 168
165 193
165 186
166 167
168 197
168 193
168 184
168 174
168 183
168 187
169 196
169 197
169 190
170 192
170 172
171 194
171 196
171 174
171 186
171 190
172 192
172 180
172 188
173 193
174 183
174 184
174 186
174 187
174 190
174 181
174 193
174 199
175 186
175 189
175 190
175 181
175 193
175 194
175 199
175 185
175 180
178 179
178 186
179 186
180 188
180 196
180 189
181 194
181 196
181 190
182 195
182 190
182 183
182 184
182 187
183 197
183 193
184 193
185 194
185 197
185 189
186 194
186 197
186 191
188 192
189 194
189 197
190 194
190 195
193 194
193 197
194 199
196 199
