0 192
0 1
0 194
0 179
0 134
0 10
0 76
0 173
0 174
1 4
1 5
1 6
1 7
1 10
1 14
1 18
1 19
1 22
1 25
1 28
1 29
1 31
1 35
1 39
1 51
1 52
1 54
1 56
1 57
1 63
1 65
1 67
1 68
1 72
1 75
1 77
1 80
1 82
1 83
1 87
1 89
1 90
1 93
1 95
1 96
1 98
1 99
1 100
1 104
1 106
1 107
1 108
1 112
1 117
1 120
1 122
1 123
1 126
1 128
1 131
1 132
1 134
1 135
1 147
1 148
1 153
1 154
1 155
1 157
1 158
1 161
1 162
1 163
1 164
1 166
1 167
1 168
1 175
1 181
1 184
1 190
1 192
1 194
1 197
1 198
1 199
2 195
2 37
2 145
2 14
2 16
2 49
2 55
3 48
3 192
3 179
3 94
3 118
3 129
3 14
3 182
4 133
4 129
4 8
4 10
4 139
4 12
4 194
4 14
4 143
4 17
4 26
4 175
4 30
4 33
4 35
4 164
4 39
4 43
4 173
4 174
4 47
4 48
4 51
4 180
4 182
4 186
4 61
4 192
4 66
4 11
4 69
4 70
4 74
4 76
4 83
4 85
4 94
4 106
4 118
5 130
5 8
5 11
5 192
5 17
5 21
5 25
5 27
5 30
5 33
5 35
5 164
5 41
5 42
5 43
5 44
5 173
5 46
5 47
5 50
5 179
5 52
5 158
5 56
5 58
5 59
5 60
5 64
5 66
5 139
5 69
5 74
5 77
5 85
5 93
5 96
5 104
5 107
5 174
5 115
6 130
6 136
6 142
6 18
6 147
6 153
6 154
6 27
6 28
6 29
6 30
6 31
6 34
6 35
6 166
6 169
6 43
6 174
6 175
6 180
6 50
6 155
6 54
6 183
6 56
6 57
6 190
6 191
6 64
6 65
6 66
6 197
6 70
6 71
6 75
6 76
6 79
6 84
6 85
6 185
6 90
6 199
6 99
6 104
6 107
6 111
6 115
7 132
7 129
7 142
7 144
7 18
7 147
7 20
7 154
7 156
7 30
7 160
7 164
7 166
7 169
7 135
7 172
7 173
7 175
7 179
7 180
7 56
7 58
7 60
7 192
7 66
7 70
7 73
7 76
7 78
7 96
7 100
7 104
7 105
7 115
7 122
7 126
8 129
8 162
8 159
8 138
8 17
8 188
8 21
8 24
8 25
8 27
8 29
8 30
8 31
8 33
8 34
8 35
8 40
8 41
8 193
8 176
8 44
8 48
8 50
8 52
8 158
8 182
8 197
8 59
8 60
8 64
8 65
8 68
8 69
8 71
8 77
8 79
8 82
8 87
8 88
8 93
8 98
8 161
8 112
8 114
8 115
8 118
9 160
9 144
9 156
9 43
9 78
9 48
9 118
9 20
9 85
9 54
9 90
9 124
10 66
10 179
10 134
10 96
10 138
10 11
10 13
10 77
10 89
10 79
10 30
10 32
10 33
10 36
10 38
10 178
10 171
10 173
10 110
10 114
10 51
10 116
10 184
10 140
11 64
11 128
11 194
11 70
11 139
11 77
11 18
11 154
11 79
11 28
11 118
11 182
11 33
11 162
11 134
11 44
11 53
11 54
11 74
12 129
12 66
12 91
12 69
12 46
12 47
12 48
12 17
12 52
12 54
12 23
12 27
12 92
12 118
12 30
12 182
13 192
13 96
13 134
13 76
13 140
13 174
13 22
13 164
13 28
13 32
13 36
13 173
13 110
13 178
13 179
13 54
13 119
13 120
13 149
14 118
14 129
14 146
14 83
14 196
14 94
14 164
14 195
14 173
14 174
14 189
14 48
14 49
14 182
14 121
14 187
14 61
14 62
15 66
15 70
15 134
15 194
15 78
15 79
15 180
15 54
15 170
15 33
15 175
15 28
15 74
15 30
16 195
16 39
16 146
16 117
16 55
16 26
16 187
16 189
16 62
17 65
17 78
17 144
17 156
17 93
17 158
17 182
17 162
17 35
17 46
17 52
17 53
17 118
17 124
17 190
18 64
18 66
18 131
18 132
18 179
18 136
18 129
18 74
18 76
18 164
18 139
18 154
18 153
18 90
18 122
18 96
18 100
18 104
18 135
18 44
18 173
18 174
18 111
18 48
18 50
18 172
18 54
18 56
18 57
18 58
18 60
18 192
18 126
19 48
19 192
19 179
19 129
19 72
19 96
19 76
19 173
19 174
20 193
20 131
20 69
20 141
20 79
20 144
20 85
20 25
20 30
20 160
20 42
20 46
21 128
21 162
21 41
21 42
21 86
21 88
21 188
21 127
22 32
22 164
22 36
22 113
22 73
22 109
22 96
22 45
22 140
22 179
22 178
22 150
22 89
22 192
23 165
23 103
23 105
23 78
23 53
23 86
23 41
23 88
23 137
23 27
23 188
24 176
24 101
24 173
24 159
25 128
25 102
25 193
25 28
25 160
25 70
25 141
25 144
25 156
25 54
25 180
25 124
26 48
26 37
26 129
26 118
26 121
26 62
26 182
27 128
27 162
27 133
27 42
27 143
27 168
27 90
27 127
28 128
28 129
28 138
28 140
28 141
28 148
28 156
28 30
28 33
28 162
28 164
28 198
28 168
28 170
28 43
28 44
28 173
28 174
28 179
28 54
28 60
28 192
28 64
28 193
28 66
28 139
28 70
28 161
28 73
28 74
28 76
28 77
28 78
28 79
28 80
28 82
28 84
28 89
28 96
28 144
28 98
28 100
28 114
28 118
28 122
28 123
28 124
28 126
29 96
29 68
29 76
29 173
29 174
29 148
29 164
29 90
29 192
30 129
30 131
30 137
30 182
30 144
30 132
30 90
30 79
30 165
30 160
30 99
30 100
30 166
30 103
30 105
30 170
30 199
30 175
30 48
30 114
30 155
30 53
30 118
30 84
30 122
30 123
30 138
30 134
31 68
31 148
31 90
31 168
31 76
31 174
32 97
32 45
32 36
32 150
32 177
32 194
32 171
32 140
32 109
32 113
32 178
32 116
32 149
32 119
32 89
33 128
33 129
33 198
33 199
33 76
33 77
33 142
33 80
33 84
33 164
33 79
33 118
33 182
33 162
33 100
33 166
33 192
33 169
33 173
33 174
33 48
33 114
33 54
33 123
33 74
34 96
34 168
34 179
34 148
34 164
34 90
34 192
34 173
34 174
35 128
35 76
35 148
35 174
35 90
35 182
35 69
35 96
35 162
35 164
35 168
35 173
35 46
35 47
35 48
35 179
35 118
35 192
36 134
36 38
36 113
36 73
36 110
36 45
36 81
36 149
36 119
36 120
36 150
37 195
37 39
37 145
37 189
37 49
37 146
37 83
37 55
37 121
37 187
37 61
37 62
38 97
38 194
38 134
38 177
38 171
38 45
38 109
38 178
38 116
38 149
38 150
38 119
39 48
39 145
39 117
39 118
39 55
39 121
40 68
41 128
41 162
41 59
41 188
41 86
41 88
41 91
41 92
42 129
42 162
42 133
42 156
42 144
42 78
42 143
42 48
42 118
42 124
42 182
43 128
43 129
43 130
43 141
43 78
43 144
43 90
43 156
43 182
43 160
43 162
43 175
43 48
43 118
43 124
44 128
44 66
44 139
44 135
44 147
44 148
44 90
44 175
44 154
44 162
44 104
44 107
44 172
44 111
44 168
44 54
44 56
44 57
45 134
45 171
45 109
45 81
45 178
45 116
46 128
46 75
46 144
46 190
46 183
46 160
46 52
46 156
46 93
46 158
46 69
47 128
47 65
47 129
47 137
47 78
47 182
47 93
47 158
47 69
47 162
47 165
47 103
47 105
47 48
47 52
47 190
48 129
48 174
48 153
48 154
48 164
48 166
48 169
48 172
48 142
48 179
48 52
48 53
48 54
48 56
48 57
48 61
48 191
48 192
48 66
48 196
48 182
48 198
48 199
48 72
48 73
48 75
48 77
48 80
48 83
48 85
48 185
48 89
48 94
48 99
48 131
48 103
48 105
48 107
48 111
48 147
48 117
48 118
48 122
48 126
49 145
49 195
49 146
49 189
50 128
50 132
50 80
50 84
50 162
50 100
50 198
50 104
50 115
50 122
50 123
50 60
50 126
51 96
51 182
51 108
51 179
51 118
51 164
51 192
51 63
52 128
52 162
52 69
52 129
52 75
52 183
52 90
52 93
52 158
53 65
53 66
53 129
53 137
53 74
53 139
53 80
53 84
53 100
53 103
53 105
53 190
53 54
53 122
53 123
53 126
54 130
54 129
54 136
54 147
54 148
54 153
54 154
54 168
54 156
54 170
54 173
54 174
54 175
54 172
54 180
54 137
54 57
54 58
54 140
54 191
54 64
54 193
54 139
54 70
54 73
54 74
54 76
54 77
54 79
54 82
54 85
54 89
54 90
54 98
54 103
54 104
54 105
54 107
54 111
54 114
55 195
55 146
55 83
55 117
55 121
55 187
55 189
56 128
56 131
56 132
56 129
56 142
56 80
56 179
56 147
56 148
56 90
56 155
56 154
56 96
56 99
56 198
56 104
56 107
56 168
56 115
56 57
56 60
57 64
57 66
57 131
57 132
57 76
57 147
57 84
57 90
57 154
57 100
57 129
57 173
57 174
57 168
57 148
57 122
57 123
58 128
58 99
58 100
58 198
58 80
58 131
58 84
58 132
58 122
58 155
58 154
59 88
59 162
59 86
59 188
60 128
60 131
60 132
60 70
60 80
60 154
60 162
60 100
60 198
60 104
60 107
60 175
60 115
60 180
60 122
60 123
60 126
61 129
61 145
61 146
62 145
62 129
62 121
63 129
63 106
63 108
64 128
64 135
64 74
64 147
64 148
64 185
64 153
64 90
64 175
64 162
64 104
64 107
64 172
64 111
64 136
64 168
64 191
65 192
65 164
65 76
65 173
65 148
65 168
65 174
65 190
66 128
66 129
66 131
66 136
66 172
66 142
66 147
66 148
66 132
66 155
66 162
66 134
66 166
66 168
66 169
66 170
66 135
66 175
66 180
66 198
66 194
66 70
66 199
66 77
66 79
66 80
66 84
66 90
66 100
66 105
66 111
66 114
66 122
66 123
66 126
68 96
68 164
68 197
68 76
68 173
68 179
68 148
68 152
68 90
68 168
68 125
69 128
69 75
69 141
69 78
69 144
69 151
69 158
69 182
69 160
69 162
69 102
69 118
69 124
70 128
70 131
70 138
70 162
70 156
70 170
70 175
70 179
70 193
70 198
70 74
70 76
70 78
70 80
70 82
70 96
70 98
70 99
70 100
70 122
70 123
70 126
71 168
71 90
72 129
72 108
73 192
73 129
73 131
73 132
73 198
73 140
73 142
73 164
73 84
73 149
73 89
73 100
73 96
73 99
73 169
73 173
73 113
73 178
73 179
73 120
73 122
73 123
73 126
74 139
74 77
74 79
74 162
74 134
74 170
74 175
74 114
74 180
75 129
75 90
75 93
75 158
76 131
76 136
76 140
76 153
76 185
76 197
76 162
76 198
76 166
76 167
76 129
76 135
76 175
76 179
76 180
76 184
76 159
76 191
76 182
76 77
76 80
76 87
76 89
76 90
76 94
76 95
76 96
76 99
76 100
76 104
76 107
76 108
76 112
76 168
76 118
76 122
76 126
77 128
77 139
77 134
77 199
77 194
77 80
77 84
77 90
77 79
77 96
77 162
77 155
77 100
77 166
77 192
77 169
77 173
77 174
77 114
77 122
77 123
77 126
78 193
78 130
78 131
78 132
78 156
78 79
78 143
78 175
78 142
78 80
78 84
78 85
78 91
78 98
78 100
78 198
78 92
78 114
78 180
78 169
78 123
78 170
78 126
78 127
79 139
79 199
79 138
79 141
79 142
79 169
79 90
79 155
79 160
79 148
79 99
79 100
79 166
79 168
79 156
79 144
79 175
79 170
79 134
79 84
79 122
79 123
79 124
79 126
80 192
80 129
80 136
80 135
80 147
80 153
80 90
80 154
80 198
80 96
80 164
80 165
80 103
80 104
80 105
80 107
80 172
80 174
80 111
80 115
80 180
80 137
80 185
80 191
81 97
81 177
81 171
81 109
81 113
81 116
81 149
81 150
81 119
81 120
82 161
82 156
83 129
83 145
83 146
83 118
83 121
84 135
84 136
84 142
84 147
84 148
84 153
84 164
84 166
84 172
84 173
84 175
84 179
84 180
84 191
84 192
84 199
84 90
84 96
84 99
84 105
84 111
85 128
85 129
85 130
85 144
85 151
85 156
85 182
85 160
85 162
85 102
85 168
85 118
85 148
85 124
86 188
87 96
87 192
87 179
87 173
87 174
88 188
88 92
89 192
89 194
89 96
89 174
89 110
89 177
89 140
89 179
89 119
89 120
89 149
90 130
90 179
90 155
90 136
90 192
90 142
90 147
90 148
90 153
90 154
90 164
90 166
90 168
90 173
90 174
90 175
90 180
90 172
90 158
90 183
90 190
90 197
90 198
90 185
90 93
90 199
90 96
90 99
90 111
91 92
91 156
93 128
93 162
93 129
93 183
93 158
94 129
94 182
94 196
94 146
94 174
94 118
94 164
95 96
95 164
95 167
95 173
95 174
95 179
95 192
96 140
96 176
96 162
96 134
96 167
96 173
96 174
96 175
96 180
96 186
96 192
96 198
96 194
96 199
96 184
96 163
96 99
96 100
96 112
96 120
96 123
96 126
97 134
97 150
98 160
98 124
98 175
98 144
98 180
98 156
99 132
99 135
99 137
99 148
99 153
99 156
99 164
99 165
99 129
99 172
99 173
99 174
99 175
99 180
99 192
99 103
99 104
99 107
99 111
99 168
100 132
100 136
100 153
100 156
100 135
100 173
100 174
100 175
100 179
100 180
100 191
100 192
100 185
100 104
100 111
100 115
100 122
100 123
100 126
101 192
101 163
101 164
101 112
101 159
101 173
102 193
102 141
102 143
102 151
103 129
103 198
103 105
104 179
104 132
104 142
104 164
104 154
104 155
104 198
104 129
104 169
104 173
104 174
104 115
104 122
104 123
104 126
105 129
105 131
105 198
105 137
105 142
105 155
105 165
105 166
105 199
105 122
105 123
105 126
106 179
106 182
106 108
107 131
107 129
107 148
107 198
107 168
107 173
107 174
107 115
107 126
108 186
108 174
109 178
109 134
109 113
109 150
109 110
110 134
110 171
110 140
110 113
110 116
111 131
111 132
111 199
111 172
111 142
111 153
111 154
111 198
111 166
111 168
111 169
111 135
111 173
111 148
111 122
111 123
111 126
112 179
112 176
112 173
112 174
112 159
113 134
113 149
113 119
113 120
114 194
114 156
114 175
114 168
114 148
114 134
115 128
115 132
115 162
115 198
115 168
115 123
115 126
116 194
116 134
116 171
117 121
117 182
117 118
117 129
117 145
118 129
118 130
118 194
118 143
118 139
118 196
118 175
118 133
118 134
118 182
119 192
119 164
119 178
119 140
119 179
119 120
120 164
120 192
120 179
120 149
121 187
121 146
122 131
122 132
122 136
122 142
122 147
122 153
122 155
122 164
122 129
122 169
122 135
122 172
122 174
122 175
122 191
122 192
122 199
122 185
122 123
123 192
123 131
123 156
123 147
123 185
123 164
123 154
123 175
123 180
123 126
124 133
124 160
124 131
124 193
124 130
124 144
124 143
124 126
124 127
125 152
126 131
126 132
126 136
126 144
126 153
126 160
126 164
126 129
126 172
126 173
126 174
126 175
126 179
126 180
126 185
126 191
126 192
127 156
127 141
127 143
127 144
127 151
128 193
128 139
128 154
128 158
128 180
129 137
129 175
129 174
129 153
129 132
129 155
129 154
129 180
129 165
129 172
129 142
129 183
129 196
129 182
129 198
129 158
129 131
129 147
129 191
130 168
130 156
130 148
130 182
131 136
131 144
131 147
131 185
131 154
131 156
131 135
131 160
131 172
131 173
131 174
131 180
131 191
132 192
132 164
132 179
132 136
132 147
132 142
132 153
132 154
132 175
132 135
132 156
132 172
132 174
132 180
132 169
132 191
133 182
133 143
133 151
134 139
134 138
134 150
134 178
134 192
134 194
134 170
134 171
134 179
134 184
135 198
135 136
135 172
135 185
135 153
135 155
135 154
135 173
135 174
135 148
135 191
136 148
136 198
136 168
136 172
136 173
136 174
136 191
137 198
137 165
137 166
137 199
138 194
138 156
138 180
139 162
139 175
139 154
139 182
140 192
140 194
140 164
140 177
140 149
141 160
141 193
141 151
142 192
142 155
142 156
142 164
142 166
142 199
142 169
142 148
143 182
143 151
143 156
144 160
145 195
145 189
145 146
145 187
147 154
147 148
147 198
147 168
148 172
148 154
148 155
148 168
148 169
148 173
148 183
148 190
148 191
148 197
148 185
149 192
149 177
149 178
150 171
150 178
151 193
153 154
153 198
153 172
153 173
153 174
154 172
154 168
154 185
154 162
154 198
154 173
154 191
155 156
155 164
155 165
155 166
155 172
155 173
155 174
155 179
156 193
156 161
156 169
156 175
156 180
158 162
158 183
159 176
159 163
159 173
159 174
159 179
160 193
161 192
161 175
162 193
162 179
162 173
162 174
162 175
162 180
163 179
163 164
163 167
163 176
163 192
164 179
164 169
164 176
164 173
164 174
164 177
164 184
164 190
164 198
165 198
166 199
166 172
166 173
166 174
167 179
167 173
167 174
168 197
168 183
168 190
169 192
170 175
170 180
171 194
172 198
172 185
172 199
172 191
173 185
173 175
173 176
173 179
173 180
173 184
173 191
173 192
173 194
173 182
173 198
173 199
174 185
174 175
174 179
174 180
174 184
174 190
174 191
174 197
174 198
175 198
175 179
175 180
176 179
176 192
177 192
178 194
179 196
179 198
179 180
179 186
179 194
179 184
180 193
180 198
182 196
182 186
184 194
185 198
187 189
190 192
191 198
192 196
192 198
