0 2
0 75
0 135
0 9
0 139
0 76
0 98
0 15
0 174
0 151
0 154
0 185
0 34
0 104
0 47
0 111
0 113
0 116
0 180
0 143
1 67
1 133
1 130
1 74
1 87
1 12
1 16
1 21
1 90
1 28
1 30
1 31
1 36
1 156
1 106
1 46
1 48
1 49
1 50
1 115
1 54
1 119
1 186
1 127
1 62
1 85
2 132
2 161
2 8
2 75
2 76
2 15
2 144
2 20
2 150
2 155
2 93
2 33
2 165
2 38
2 167
2 41
2 107
2 113
2 56
2 124
3 64
3 196
3 5
3 70
3 7
3 138
3 140
3 175
3 173
3 81
3 82
3 149
3 86
3 153
3 89
3 27
3 182
3 98
3 163
3 164
3 102
3 103
3 169
3 43
3 174
3 146
3 110
3 111
3 179
3 52
3 118
3 122
4 65
4 139
4 196
4 98
4 6
4 135
4 75
4 13
4 79
4 151
4 154
4 91
4 185
4 160
4 34
4 38
4 104
4 43
4 173
4 174
4 47
4 113
4 116
4 111
4 180
4 122
5 133
5 6
5 9
5 10
5 17
5 131
5 27
5 29
5 30
5 34
5 37
5 38
5 40
5 171
5 46
5 157
5 58
5 59
5 188
5 62
5 193
5 66
5 71
5 75
5 77
5 83
5 86
5 90
5 92
5 101
5 105
5 113
6 64
6 193
6 66
6 70
6 9
6 11
6 78
6 81
6 146
6 149
6 151
6 154
6 47
6 29
6 182
6 98
6 163
6 104
6 197
6 108
6 175
6 52
6 118
6 188
6 61
7 147
7 179
7 140
7 8
7 105
7 171
7 76
7 109
7 78
7 136
7 83
7 56
7 27
7 61
8 11
8 196
8 69
8 194
8 75
8 76
8 141
8 78
8 15
8 81
8 18
8 20
8 150
8 71
8 143
8 167
8 159
8 34
8 38
8 103
8 41
8 42
8 43
8 82
8 173
8 109
8 105
8 124
8 61
8 191
9 193
9 135
9 10
9 75
9 12
9 13
9 17
9 151
9 154
9 91
9 28
9 29
9 160
9 34
9 35
9 113
9 40
9 169
9 199
9 108
9 47
9 48
9 49
9 51
9 52
9 53
9 180
9 188
9 127
10 128
10 129
10 11
10 13
10 16
10 145
10 146
10 19
10 149
10 22
10 153
10 25
10 26
10 29
10 30
10 31
10 37
10 166
10 39
10 168
10 45
10 46
10 176
10 50
10 158
10 55
10 59
10 60
10 192
10 68
10 70
10 96
10 99
10 100
10 101
10 188
10 112
10 119
10 120
10 121
10 123
10 125
11 64
11 160
11 197
11 193
11 83
11 86
11 151
11 89
11 96
11 163
11 102
11 38
11 171
11 109
11 47
11 52
11 61
12 198
12 135
12 151
12 13
12 17
12 21
12 87
12 152
12 154
12 91
12 156
12 186
12 36
12 40
12 47
12 48
12 49
12 183
12 115
12 180
12 117
12 137
12 58
12 53
12 85
12 127
13 184
13 15
13 144
13 146
13 21
13 150
13 153
13 132
13 27
13 29
13 133
13 161
13 34
13 155
13 165
13 38
13 167
13 40
13 169
13 170
13 43
13 174
13 175
13 48
13 49
13 182
13 56
13 188
13 64
13 66
13 139
13 70
13 73
13 74
13 162
13 79
13 81
13 163
13 85
13 87
13 88
13 89
13 93
13 97
13 98
13 104
13 108
13 177
13 111
13 118
13 122
13 124
14 69
14 138
14 80
14 18
14 20
14 150
14 88
14 27
14 93
14 95
14 33
14 167
14 41
14 178
14 56
14 148
14 159
14 124
14 189
14 190
14 191
15 65
15 75
15 76
15 143
15 18
15 150
15 151
15 91
15 185
15 34
15 27
15 41
15 42
15 109
15 47
15 113
15 114
15 116
15 180
15 124
15 126
15 191
16 198
16 129
16 137
16 145
16 84
16 23
16 100
16 96
16 36
16 166
16 39
16 168
16 106
16 44
16 25
16 54
16 121
16 186
16 123
17 135
17 151
17 152
17 154
17 92
17 35
17 40
17 199
17 47
17 48
17 49
17 51
17 180
17 53
17 183
17 188
17 127
18 161
18 187
18 132
18 167
18 76
18 109
18 144
18 114
18 20
18 56
18 143
18 126
18 191
19 25
19 29
19 37
20 82
20 69
20 103
20 41
20 167
20 76
20 191
20 109
20 56
20 114
20 27
20 143
20 159
21 115
21 68
21 133
21 198
21 199
21 137
21 22
21 28
21 186
21 36
21 40
21 92
21 48
21 53
21 120
21 121
21 58
21 117
22 128
22 96
22 68
22 133
22 129
22 72
22 23
22 145
22 87
22 25
22 26
22 158
22 32
22 99
22 37
22 166
22 40
22 45
22 176
22 168
22 55
22 121
22 123
22 74
22 85
23 198
23 36
23 54
23 100
23 39
23 106
23 44
23 50
23 115
23 84
23 117
23 24
23 25
23 186
23 30
24 188
24 186
24 44
24 29
25 128
25 142
25 157
25 101
25 96
25 100
25 37
25 40
25 44
25 45
25 46
25 54
25 59
25 74
26 68
26 54
26 166
26 40
26 44
26 84
26 121
26 100
26 123
26 74
26 133
27 73
27 76
27 144
27 184
27 82
27 171
27 86
27 151
27 88
27 155
27 29
27 161
27 165
27 38
27 167
27 107
27 93
27 47
27 177
27 140
27 179
27 56
27 188
27 61
28 133
28 51
28 199
28 74
28 87
28 152
28 156
28 186
28 35
28 36
28 40
28 92
28 115
28 117
28 183
28 137
28 58
28 53
28 85
29 65
29 66
29 131
29 135
29 142
29 77
29 146
29 149
29 151
29 153
29 90
29 130
29 154
29 185
29 101
29 96
29 97
29 34
29 91
29 162
29 37
29 38
29 170
29 197
29 47
29 157
29 74
29 160
29 180
29 59
29 193
29 61
29 62
29 133
30 96
30 36
30 198
30 44
30 115
30 84
30 117
30 54
30 186
30 188
31 96
31 137
31 186
32 72
33 195
33 69
33 134
33 135
33 138
33 143
33 148
33 150
33 154
33 159
33 164
33 103
33 41
33 42
33 110
33 47
33 180
33 181
33 124
33 190
34 149
34 151
34 154
34 162
34 163
34 170
34 43
34 173
34 180
34 182
34 52
34 188
34 64
34 139
34 196
34 197
34 70
34 75
34 76
34 79
34 81
34 89
34 91
34 97
34 98
34 102
34 109
34 113
34 116
34 118
35 133
35 199
35 156
35 51
35 87
35 58
35 92
36 133
36 74
36 87
36 84
36 157
36 100
36 37
36 40
36 127
36 172
36 112
36 49
36 50
36 54
36 119
36 59
37 96
37 137
37 46
37 157
37 142
37 186
37 59
37 188
37 62
37 101
38 139
38 135
38 76
38 79
38 81
38 146
38 163
38 149
38 173
38 197
38 153
38 154
38 182
38 196
38 97
38 98
38 162
38 102
38 169
38 170
38 43
38 109
38 174
38 111
38 52
38 118
38 175
38 180
38 188
38 143
39 96
39 68
39 166
39 137
39 45
39 128
39 121
39 120
39 100
39 123
39 106
40 128
40 135
40 68
40 129
40 151
40 87
40 133
40 145
40 168
40 156
40 127
40 45
40 47
40 48
40 49
40 180
40 117
40 137
40 120
40 186
40 123
40 188
40 85
41 195
41 132
41 161
41 76
41 144
41 150
41 155
41 93
41 94
41 95
41 167
41 109
41 189
41 181
41 56
41 187
41 143
42 76
42 144
42 151
42 88
42 93
42 95
42 165
42 47
42 178
42 56
42 189
43 65
43 98
43 70
43 76
43 78
43 79
43 81
43 146
43 139
43 149
43 86
43 153
43 89
43 154
43 175
43 102
43 171
43 109
43 47
43 118
43 111
43 185
44 96
44 130
44 100
44 129
44 168
44 137
44 128
44 45
44 77
44 145
44 50
44 186
44 90
45 96
45 100
45 68
45 166
45 54
45 121
45 120
45 123
45 106
46 96
46 137
46 142
46 157
46 186
46 59
46 188
46 62
46 101
47 135
47 139
47 146
47 150
47 153
47 154
47 160
47 162
47 163
47 169
47 173
47 174
47 175
47 48
47 49
47 180
47 53
47 182
47 185
47 65
47 196
47 197
47 79
47 82
47 193
47 91
47 97
47 98
47 104
47 108
47 116
47 122
47 124
47 127
48 135
48 74
48 151
48 85
48 87
48 152
48 154
48 91
48 92
48 186
48 156
48 49
48 137
48 58
48 183
48 127
49 133
49 198
49 135
49 74
49 183
49 151
49 154
49 91
49 92
49 186
49 115
49 180
49 53
49 137
49 58
49 127
50 96
50 198
50 137
50 115
50 84
50 54
50 186
51 133
51 74
51 183
51 156
51 87
51 152
51 58
51 92
51 53
51 85
52 64
52 65
52 66
52 197
52 71
52 136
52 78
52 81
52 75
52 83
52 149
52 86
52 89
52 154
52 193
52 97
52 102
52 169
52 171
52 135
52 108
52 146
52 175
52 147
52 118
52 185
52 122
52 61
53 133
53 135
53 74
53 87
53 156
53 151
53 152
53 154
53 92
53 199
53 180
53 183
53 58
53 127
54 130
54 131
54 68
54 198
54 129
54 137
54 100
54 90
54 166
54 168
54 120
54 121
54 186
54 123
55 96
55 99
55 60
55 125
56 195
56 134
56 76
56 140
56 143
56 82
56 150
56 114
56 179
56 187
56 126
56 191
57 115
57 117
57 198
57 172
57 63
58 188
58 92
58 183
58 199
58 87
58 152
58 127
58 85
59 96
59 198
59 142
59 157
59 115
59 117
59 188
60 96
60 115
60 117
61 64
61 66
61 69
61 140
61 76
61 78
61 80
61 81
61 146
61 83
61 148
61 149
61 86
61 153
61 179
61 159
61 160
61 197
61 164
61 102
61 103
61 171
61 109
61 110
61 136
61 147
62 137
62 186
63 115
63 117
64 65
64 196
64 197
64 193
64 78
64 173
64 81
64 146
64 149
64 86
64 153
64 89
64 160
64 163
64 169
64 170
64 108
64 109
64 175
64 118
64 185
64 122
65 139
65 182
65 70
65 135
65 75
65 175
65 81
65 196
65 150
65 185
65 89
65 154
65 162
65 163
65 102
65 104
65 169
65 170
65 108
65 173
65 180
65 118
65 116
65 124
66 160
66 193
66 91
66 135
66 169
66 108
66 78
66 81
66 102
66 163
66 182
66 180
66 154
66 175
66 188
67 96
67 117
67 119
67 137
67 112
67 186
68 128
68 129
68 100
68 133
68 74
68 145
68 106
68 84
68 87
68 168
68 85
69 195
69 134
69 76
69 78
69 86
69 167
69 164
69 103
69 171
69 109
69 110
69 181
69 187
70 96
70 196
70 193
70 79
70 173
70 75
70 171
70 86
70 160
70 185
70 122
71 138
71 78
71 80
71 82
71 182
71 164
71 102
71 169
71 108
71 109
71 110
71 175
71 118
71 188
71 146
73 80
73 107
73 148
73 164
73 190
73 143
74 199
74 137
74 145
74 87
74 198
74 168
74 127
74 115
74 120
74 186
74 123
74 117
75 143
75 98
75 150
75 185
75 79
75 182
75 104
75 108
75 109
75 174
75 111
75 118
75 116
75 124
76 132
76 140
76 147
76 149
76 150
76 159
76 161
76 162
76 167
76 170
76 173
76 179
76 191
76 196
76 82
76 83
76 143
76 97
76 103
76 105
76 109
76 114
76 122
76 126
77 130
77 131
77 137
77 186
77 188
77 90
78 138
78 140
78 141
78 148
78 153
78 159
78 160
78 163
78 164
78 169
78 173
78 175
78 182
78 188
78 190
78 193
78 196
78 194
78 80
78 82
78 89
78 102
78 103
78 105
78 108
78 109
78 118
78 122
79 98
79 135
79 139
79 151
79 196
79 154
79 111
79 160
79 91
79 162
79 170
79 173
79 174
79 180
80 148
80 95
80 103
80 105
80 177
80 184
80 190
81 182
81 162
81 141
81 173
81 193
81 86
81 160
81 163
81 194
81 170
81 108
81 109
81 175
81 118
81 185
81 122
82 194
82 140
82 141
82 83
82 86
82 151
82 91
82 93
82 161
82 105
82 179
82 155
82 180
83 140
83 146
83 149
83 153
83 182
83 197
83 163
83 169
83 108
83 109
83 175
83 179
83 118
83 188
84 129
84 100
84 198
84 166
84 168
84 145
84 121
84 117
84 120
84 123
85 133
85 199
85 137
85 156
85 152
85 92
85 186
85 198
85 166
85 115
85 183
85 120
85 121
85 123
85 117
86 196
86 140
86 173
86 139
86 149
86 153
86 197
86 89
86 182
86 98
86 163
86 102
86 103
86 171
86 108
86 146
86 174
86 111
86 179
86 118
86 122
87 133
87 199
87 137
87 152
87 92
87 186
87 198
87 166
87 115
87 183
87 121
87 117
88 164
88 134
88 103
88 135
88 143
88 110
88 187
88 180
88 151
88 154
88 91
88 195
89 196
89 197
89 162
89 173
89 146
89 171
89 149
89 153
89 160
89 97
89 102
89 169
89 170
89 108
89 109
89 175
89 118
89 185
89 122
89 193
90 188
90 130
90 131
90 137
91 135
91 139
91 98
91 154
91 175
91 113
91 169
91 108
91 174
91 104
91 122
91 116
92 188
92 199
92 152
92 127
93 187
93 114
93 134
93 143
93 181
93 150
93 124
93 126
94 164
94 150
95 195
95 164
95 134
95 110
95 143
95 189
95 148
95 150
95 187
95 124
95 138
95 190
95 181
96 128
96 129
96 197
96 192
96 142
96 145
96 146
96 149
96 153
96 176
96 99
96 100
96 119
96 106
96 157
96 112
96 158
96 125
97 139
97 146
97 149
97 151
97 163
97 102
97 109
97 182
97 153
98 193
98 135
98 139
98 171
98 151
98 154
98 111
98 160
98 174
98 113
98 116
98 180
98 122
99 176
99 115
99 198
99 158
100 128
100 129
100 198
100 145
100 166
100 168
100 106
100 115
100 117
100 120
100 123
101 198
101 137
101 115
101 117
101 188
102 196
102 182
102 194
102 141
102 173
102 146
102 149
102 153
102 197
102 163
102 162
102 171
102 109
102 118
102 185
102 122
103 164
103 167
103 138
103 171
103 109
103 110
103 148
103 190
103 159
104 171
104 135
104 151
104 196
104 111
104 185
104 160
104 193
104 173
104 174
104 116
104 180
104 122
105 164
105 140
105 138
105 110
105 179
105 148
105 188
105 190
106 166
106 137
106 128
106 120
106 121
106 123
107 177
107 164
107 148
107 184
107 138
107 143
108 182
108 194
108 175
108 141
108 151
108 154
108 135
108 185
108 163
108 169
108 193
108 171
108 147
108 118
108 180
109 140
109 141
109 147
109 149
109 153
109 159
109 164
109 167
109 170
109 173
109 136
109 179
109 191
109 194
109 162
109 197
109 146
109 110
109 114
109 122
109 124
109 126
110 138
110 148
110 189
110 177
111 135
111 139
111 171
111 151
111 196
111 154
111 160
111 173
111 174
111 113
111 122
112 198
112 117
112 115
112 119
112 137
113 135
113 143
113 174
113 116
113 180
113 154
114 165
114 167
114 155
115 133
115 158
115 137
115 142
115 156
115 157
115 127
115 172
115 117
115 186
116 139
116 135
116 143
116 151
116 180
116 185
117 142
117 157
117 156
117 127
117 172
117 158
117 119
118 194
118 196
118 141
118 171
118 151
118 160
118 163
118 193
118 173
118 175
118 147
118 182
118 185
118 122
119 137
119 186
120 133
120 166
120 121
120 156
121 128
121 168
121 145
121 123
121 156
122 135
122 173
122 146
122 171
122 151
122 154
122 163
122 196
122 180
122 153
123 128
123 129
123 166
123 145
123 168
123 156
124 195
124 132
124 134
124 161
124 150
124 151
124 185
124 187
124 189
125 192
126 161
126 132
126 165
126 144
126 155
126 191
127 133
127 198
127 183
127 151
127 152
127 154
127 186
127 180
127 137
129 133
130 131
130 186
130 137
131 188
132 150
132 191
133 137
133 145
133 198
133 156
133 199
133 186
133 168
133 188
134 187
134 167
134 138
134 191
134 189
134 181
134 150
134 159
135 139
135 182
135 175
135 146
135 163
135 174
135 185
135 154
135 169
135 180
136 163
136 179
136 140
136 147
136 182
137 156
138 194
138 164
138 187
138 177
138 195
138 181
138 189
139 171
139 193
139 151
139 196
139 154
139 185
139 160
139 162
139 170
139 174
139 180
140 147
140 179
140 171
141 148
141 190
142 198
143 184
143 167
143 177
143 189
143 191
144 161
144 155
144 165
144 150
144 191
145 166
146 160
146 196
146 173
146 171
146 153
146 154
146 162
146 163
146 170
146 182
146 193
147 175
147 169
148 164
148 194
148 189
148 177
148 184
148 190
149 160
149 196
149 162
149 173
149 171
149 170
150 195
150 161
150 155
150 165
150 181
150 185
151 154
151 160
151 162
151 163
151 169
151 174
151 175
151 182
151 193
151 170
152 199
153 196
153 173
153 162
153 170
154 196
154 185
154 160
154 173
154 174
154 182
154 180
155 161
156 199
156 198
156 166
156 186
158 176
158 198
159 164
159 167
159 187
159 181
160 197
160 174
160 188
161 191
162 182
162 163
162 170
162 185
163 182
163 193
163 197
163 169
163 170
163 180
163 185
164 189
166 168
169 175
169 171
169 182
169 180
170 185
171 196
171 175
171 173
171 197
171 174
171 188
172 198
173 174
173 185
174 196
175 194
175 185
175 193
175 180
177 190
180 185
181 187
181 191
181 189
182 197
182 193
182 185
183 199
184 190
185 196
187 195
187 191
187 189
188 193
189 195
190 194
191 195
193 197
