0 17
0 34
0 67
0 82
0 103
0 169
0 29
0 63
1 128
1 130
1 179
1 193
1 9
1 11
1 13
1 16
1 19
1 23
1 24
1 154
1 155
1 28
1 30
1 32
1 161
1 162
1 36
1 38
1 39
1 41
1 176
1 172
1 47
1 48
1 177
1 51
1 184
1 186
1 61
1 146
1 64
1 65
1 67
1 69
1 199
1 141
1 164
1 85
1 87
1 89
1 95
1 103
1 109
1 110
1 114
1 116
1 121
1 123
1 125
1 126
2 129
2 132
2 68
2 5
2 73
2 140
2 194
2 15
2 81
2 84
2 150
2 151
2 4
2 90
2 91
2 159
2 96
2 97
2 98
2 35
2 165
2 145
2 40
2 106
2 46
2 27
2 104
2 180
2 60
2 127
3 160
3 8
3 183
3 120
3 20
3 22
3 119
3 88
3 191
3 26
3 62
4 96
4 165
4 35
4 68
4 5
4 140
4 98
4 15
4 127
4 159
5 35
5 40
5 132
5 140
5 15
5 81
5 84
5 68
5 60
6 11
6 38
6 135
6 137
6 71
6 44
6 174
6 177
6 51
6 54
6 57
6 61
6 126
7 171
7 69
7 70
7 11
7 141
7 80
7 83
7 85
7 87
7 24
7 89
7 154
7 155
7 95
7 133
7 33
7 198
7 102
7 39
7 168
7 41
7 43
7 109
7 111
7 179
7 123
8 160
8 192
8 20
8 22
8 58
8 191
9 139
9 13
9 142
9 16
9 152
9 18
9 147
9 21
9 23
9 154
9 155
9 28
9 32
9 33
9 39
9 41
9 43
9 172
9 45
9 178
9 179
9 182
9 188
9 196
9 69
9 70
9 74
9 76
9 79
9 80
9 141
9 85
9 86
9 87
9 89
9 92
9 94
9 101
9 102
9 146
9 112
9 113
9 115
9 116
9 117
9 118
9 121
9 122
10 131
10 11
10 13
10 142
10 144
10 18
10 147
10 21
10 23
10 25
10 28
10 197
10 32
10 33
10 38
10 41
10 43
10 48
10 51
10 198
10 65
10 69
10 70
10 161
10 76
10 141
10 80
10 83
10 89
10 92
10 95
10 102
10 107
10 110
10 111
10 112
10 115
10 118
10 121
10 122
10 123
11 198
11 66
11 69
11 137
11 75
11 76
11 14
11 16
11 85
11 23
11 89
11 71
11 155
11 135
11 154
11 95
11 32
11 133
11 163
11 37
11 65
11 39
11 43
11 44
11 109
11 174
11 111
11 177
11 51
11 54
11 55
11 57
11 87
11 61
11 126
12 160
12 195
12 20
12 53
12 22
12 119
12 153
12 58
12 59
12 157
12 158
12 191
13 131
13 133
13 139
13 141
13 142
13 18
13 148
13 21
13 23
13 152
13 154
13 28
13 197
13 32
13 37
13 168
13 41
13 171
13 48
13 69
13 198
13 76
13 77
13 89
13 102
13 107
13 110
13 112
13 115
13 116
13 118
13 121
14 187
14 164
14 166
14 38
14 54
14 105
14 138
14 186
14 30
14 47
15 68
15 73
15 140
15 81
15 84
15 132
15 90
15 159
15 97
15 98
15 165
15 40
15 175
15 50
15 52
15 185
15 124
15 127
16 128
16 179
16 133
16 172
16 141
16 142
16 146
16 147
16 21
16 24
16 25
16 154
16 155
16 163
16 37
16 38
16 39
16 41
16 171
16 44
16 45
16 177
16 178
16 51
16 184
16 186
16 188
16 189
16 65
16 196
16 69
16 70
16 74
16 77
16 79
16 80
16 83
16 85
16 86
16 87
16 92
16 100
16 101
16 102
16 107
16 109
16 111
16 113
16 115
16 118
16 122
16 123
16 126
17 64
17 162
17 115
17 36
17 69
17 193
17 142
17 131
17 45
17 77
17 79
17 113
17 178
17 19
17 21
17 118
17 163
17 155
17 188
18 196
18 133
18 198
18 161
18 139
18 76
18 141
18 148
18 86
18 152
18 89
18 154
18 111
18 94
18 95
18 32
18 48
18 197
18 37
18 41
18 199
18 172
18 47
18 112
18 30
18 116
18 117
18 182
18 121
18 123
18 74
18 190
19 142
19 36
19 102
19 33
19 113
19 45
19 77
19 79
19 178
19 115
19 21
19 154
19 155
19 188
20 160
20 192
20 42
20 158
20 157
20 53
20 22
20 119
20 120
20 153
20 58
20 59
20 26
20 62
20 191
21 131
21 133
21 139
21 142
21 146
21 148
21 23
21 28
21 32
21 161
21 162
21 36
21 37
21 39
21 168
21 41
21 171
21 172
21 45
21 48
21 178
21 184
21 188
21 190
21 64
21 197
21 198
21 199
21 76
21 77
21 78
21 141
21 80
21 85
21 87
21 176
21 89
21 79
21 94
21 101
21 109
21 112
21 113
21 115
21 116
21 118
21 121
22 192
22 42
22 158
22 195
22 53
22 183
22 88
22 153
22 59
22 157
22 62
23 133
23 198
23 161
23 141
23 152
23 89
23 154
23 111
23 28
23 94
23 95
23 32
23 48
23 37
23 102
23 41
23 172
23 110
23 47
23 112
23 116
23 30
23 182
23 121
23 186
23 123
24 69
24 70
24 65
24 141
24 80
24 89
24 154
24 155
24 92
24 163
24 198
24 39
24 168
24 41
24 43
25 128
25 196
25 198
25 78
25 80
25 146
25 85
25 86
25 89
25 33
25 100
25 101
25 39
25 168
25 41
25 171
25 189
25 117
25 184
25 74
26 119
26 120
26 158
26 191
27 165
27 127
27 140
27 98
27 159
28 133
28 148
28 152
28 154
28 155
28 197
28 32
28 33
28 163
28 37
28 168
28 41
28 171
28 172
28 48
28 182
28 190
28 69
28 198
28 161
28 76
28 77
28 141
28 80
28 199
28 94
28 95
28 102
28 110
28 111
28 112
28 113
28 115
28 116
28 121
28 123
29 82
29 67
29 69
29 102
29 33
29 169
29 63
30 69
30 80
30 85
30 154
30 155
30 78
30 32
30 163
30 164
30 38
30 39
30 168
30 171
30 44
30 146
30 174
30 177
30 51
30 57
30 186
30 126
31 160
31 192
31 183
31 88
31 42
31 58
31 62
32 133
32 139
32 142
32 148
32 152
32 197
32 161
32 164
32 37
32 38
32 41
32 48
32 178
32 182
32 186
32 190
32 69
32 198
32 33
32 76
32 77
32 141
32 79
32 94
32 95
32 102
32 110
32 111
32 116
33 130
33 139
33 141
33 148
33 161
33 162
33 36
33 37
33 39
33 168
33 41
33 193
33 176
33 172
33 48
33 189
33 190
33 64
33 65
33 196
33 197
33 198
33 199
33 74
33 76
33 78
33 86
33 89
33 94
33 100
33 103
33 110
33 112
33 114
33 147
33 116
33 117
33 121
33 125
34 181
34 67
34 134
34 167
34 72
34 169
34 143
34 82
34 149
34 56
34 63
35 96
35 81
35 40
35 132
35 140
35 98
35 46
35 159
36 64
36 131
36 69
36 193
36 77
36 142
36 79
36 155
36 162
36 163
36 102
36 107
36 176
36 178
36 115
36 188
37 131
37 133
37 142
37 148
37 161
37 39
37 41
37 43
37 44
37 45
37 48
37 178
37 188
37 190
37 65
37 139
37 197
37 198
37 77
37 78
37 141
37 80
37 87
37 89
37 79
37 95
37 171
37 107
37 109
37 110
37 113
37 115
37 118
37 123
37 126
38 128
38 69
38 136
38 137
38 138
38 146
38 85
38 87
38 89
38 154
38 155
38 198
38 95
38 163
38 101
38 166
38 39
38 105
38 135
38 109
38 174
38 47
38 177
38 51
38 187
38 54
38 55
38 184
38 57
38 186
38 123
38 61
38 126
39 128
39 133
39 172
39 141
39 146
39 147
39 179
39 155
39 164
39 168
39 41
39 43
39 44
39 45
39 47
39 177
39 178
39 51
39 184
39 186
39 188
39 189
39 65
39 69
39 70
39 77
39 78
39 79
39 83
39 85
39 87
39 92
39 144
39 100
39 102
39 111
39 113
39 115
39 122
39 123
39 126
40 165
40 140
40 127
40 60
41 171
41 133
41 139
41 147
41 148
41 154
41 155
41 197
41 163
41 146
41 168
41 43
41 172
41 178
41 179
41 188
41 189
41 190
41 198
41 65
41 69
41 70
41 161
41 76
41 78
41 79
41 80
41 85
41 87
41 92
41 94
41 144
41 100
41 102
41 109
41 110
41 111
41 112
41 115
41 117
41 121
41 122
41 123
42 158
42 119
42 88
42 183
42 62
43 198
43 65
43 69
43 70
43 141
43 144
43 83
43 89
43 155
43 92
43 95
43 133
43 163
43 102
43 172
43 111
43 179
43 122
43 123
44 128
44 69
44 136
44 146
44 85
44 87
44 89
44 155
44 101
44 95
44 133
44 163
44 109
44 111
44 177
44 55
44 186
44 123
44 61
45 64
45 193
45 101
45 133
45 79
45 146
45 87
45 89
45 161
45 162
45 176
45 178
45 110
45 111
45 48
45 114
46 96
46 81
46 132
46 68
47 128
47 66
47 69
47 138
47 75
47 85
47 154
47 101
47 146
47 174
47 49
47 54
47 184
47 57
47 87
48 69
48 198
48 139
48 76
48 77
48 142
48 141
48 163
48 148
48 154
48 79
48 95
48 197
48 155
48 102
48 110
48 113
48 178
48 115
48 123
48 190
49 99
49 136
49 170
49 75
49 108
49 173
49 55
49 93
50 97
50 52
50 129
50 156
50 90
50 91
50 140
50 159
51 128
51 69
51 135
51 137
51 146
51 85
51 87
51 89
51 154
51 155
51 163
51 101
51 71
51 177
51 55
51 184
51 186
51 61
51 126
52 97
52 129
52 73
52 175
52 185
52 90
52 156
53 160
53 195
53 153
53 58
53 157
53 191
54 136
54 105
54 138
54 55
54 186
54 187
54 166
55 66
55 136
55 170
55 75
55 174
55 57
55 126
56 181
56 67
56 149
56 134
56 167
56 72
56 143
56 82
56 63
57 136
57 137
57 186
57 135
58 160
58 195
58 153
58 59
58 157
59 160
59 195
59 119
59 153
59 157
59 158
59 191
60 165
60 84
60 140
60 159
60 124
60 98
60 127
61 109
61 177
61 126
61 87
62 192
62 119
62 191
62 157
63 67
63 134
63 103
63 72
63 169
63 143
63 82
63 149
63 181
64 142
64 131
64 69
64 113
64 107
64 77
64 79
64 163
64 178
64 115
64 118
64 154
64 155
65 198
65 171
65 133
65 70
65 141
65 78
65 80
65 146
65 85
65 87
65 154
65 101
65 123
65 168
65 172
65 109
65 179
65 95
65 102
66 136
66 164
67 102
67 134
67 167
67 72
67 169
67 143
67 82
67 149
67 154
67 181
68 96
68 159
68 140
68 98
69 172
69 179
69 146
69 154
69 155
69 161
69 162
69 163
69 198
69 182
69 186
69 193
69 164
69 70
69 76
69 141
69 80
69 85
69 87
69 89
69 152
69 92
69 95
69 144
69 109
69 112
69 116
69 121
69 123
69 126
70 128
70 198
70 141
70 85
70 87
70 89
70 155
70 163
70 109
70 179
70 184
71 135
71 137
71 126
72 181
72 149
72 134
72 167
72 169
72 143
73 129
73 165
73 159
73 140
73 98
73 127
74 100
74 102
74 168
74 171
74 172
74 109
74 78
74 141
74 147
74 117
74 86
75 164
75 136
75 170
75 93
76 161
76 80
76 199
76 152
76 89
76 155
76 94
76 163
76 164
76 102
76 168
76 171
76 172
76 110
76 112
76 182
76 121
77 128
77 101
77 161
77 142
77 146
77 89
77 94
77 95
77 80
77 162
77 112
77 193
77 176
77 109
77 110
77 114
77 116
77 182
77 184
77 121
77 123
78 133
78 139
78 147
78 168
78 178
78 186
78 188
78 189
78 196
78 79
78 86
78 100
78 102
78 111
78 117
78 123
79 133
79 139
79 141
79 152
79 161
79 172
79 178
79 182
79 188
79 190
79 197
79 199
79 80
79 85
79 87
79 95
79 107
79 110
79 111
79 112
79 113
79 116
79 123
80 198
80 142
80 141
80 147
80 86
80 95
80 133
80 102
80 172
80 111
80 178
80 179
80 117
80 186
80 123
80 188
81 96
81 159
81 98
82 181
82 134
82 103
82 130
82 149
82 125
83 128
83 144
83 101
83 172
83 141
83 146
83 85
83 89
83 87
83 184
83 122
83 92
84 165
84 140
84 124
84 127
84 98
84 159
85 131
85 141
85 142
85 147
85 154
85 155
85 163
85 164
85 178
85 186
85 188
85 86
85 87
85 107
85 113
85 115
85 117
85 118
85 126
86 101
86 102
86 171
86 172
86 168
86 147
86 184
86 117
87 133
87 172
87 141
87 146
87 155
87 164
87 177
87 178
87 184
87 188
87 92
87 95
87 144
87 101
87 111
87 113
87 115
87 122
87 123
87 126
88 160
88 192
88 183
89 179
89 139
89 142
89 144
89 147
89 148
89 154
89 155
89 163
89 178
89 189
89 190
89 198
89 92
89 95
89 100
89 110
89 111
89 113
89 115
89 118
89 122
89 123
90 129
90 175
90 140
90 98
90 185
90 127
90 156
90 159
91 97
91 165
91 185
91 175
91 156
91 127
92 128
92 198
92 141
92 144
92 163
92 101
92 172
92 109
92 179
92 122
93 99
93 136
93 170
93 108
93 173
94 131
94 199
94 141
94 154
94 102
94 107
94 172
94 178
94 118
94 188
95 131
95 154
95 155
95 161
95 163
95 168
95 178
95 188
95 198
95 107
95 109
95 110
95 112
95 113
95 115
95 118
95 123
95 126
96 132
97 129
97 165
97 175
97 140
97 98
97 185
97 156
97 159
97 127
98 194
98 150
98 159
98 165
98 104
98 124
98 127
99 170
100 196
100 102
100 168
100 171
100 172
100 141
100 147
100 117
101 128
101 172
101 131
101 147
101 142
101 109
101 141
101 146
101 155
101 163
101 164
101 107
101 113
101 184
101 186
101 126
102 130
102 139
102 148
102 161
102 162
102 168
102 193
102 171
102 172
102 189
102 190
102 196
102 197
102 198
102 199
102 141
102 176
102 103
102 110
102 114
102 117
102 121
102 125
103 169
103 154
104 145
104 180
104 165
104 159
104 127
105 187
106 180
106 159
107 128
107 131
107 133
107 198
107 193
107 139
107 146
107 112
107 162
107 123
107 109
107 110
107 111
107 178
107 115
107 121
107 188
108 170
108 173
109 131
109 141
109 142
109 146
109 154
109 155
109 163
109 177
109 178
109 184
109 196
109 144
109 111
109 115
109 118
109 122
109 123
109 126
110 131
110 133
110 139
110 141
110 148
110 142
110 154
110 197
110 168
110 171
110 111
110 178
110 115
110 118
110 123
110 188
111 133
111 198
111 141
111 142
111 161
111 168
111 171
111 113
111 178
111 115
111 118
111 188
111 126
112 131
112 198
112 139
112 142
112 141
112 163
112 197
112 155
112 172
112 178
112 115
112 121
112 123
112 188
112 190
113 128
113 133
113 193
113 146
113 176
113 162
113 172
113 178
113 114
113 184
113 123
113 188
114 131
114 163
114 142
114 176
114 115
114 154
114 155
115 128
115 131
115 133
115 198
115 161
115 141
115 152
115 182
115 162
115 123
115 193
115 172
115 199
115 118
115 184
115 121
116 131
116 142
116 141
116 148
116 154
116 172
116 178
116 118
116 188
116 190
117 196
117 168
117 171
117 172
117 147
117 189
118 193
118 131
118 133
118 198
118 199
118 139
118 148
118 152
118 162
118 172
118 178
118 182
118 121
118 190
119 192
119 120
119 191
120 192
120 157
120 158
120 191
121 131
121 198
121 139
121 142
121 141
121 163
121 148
121 154
121 197
121 172
121 178
121 123
121 190
122 144
122 172
122 141
123 131
123 141
123 142
123 171
123 155
123 161
123 163
123 168
123 178
123 188
123 198
123 126
124 159
124 165
124 140
124 127
125 154
126 128
126 136
126 137
126 154
126 133
126 163
126 135
126 177
126 184
127 132
127 140
127 150
127 151
127 159
127 165
128 131
128 147
128 154
128 155
128 164
128 184
129 150
129 151
129 194
130 169
130 154
131 197
131 198
131 193
131 139
131 146
131 148
131 199
131 176
131 162
131 178
131 190
132 165
132 140
133 197
133 198
133 139
133 168
133 171
133 178
133 190
133 148
134 149
134 181
134 167
134 169
134 143
135 137
135 174
136 170
136 174
137 174
138 164
139 142
139 198
139 161
139 168
139 171
139 172
139 188
140 194
140 145
140 150
140 151
140 165
140 180
141 152
141 154
141 163
141 146
141 168
141 172
141 178
141 179
141 199
141 182
141 188
141 189
141 198
141 196
141 161
141 144
142 193
142 198
142 199
142 146
142 152
142 162
142 176
142 172
142 182
142 190
143 149
143 167
143 169
143 181
144 163
144 172
144 155
145 180
146 147
146 172
146 154
146 155
146 163
146 164
146 184
146 186
147 196
147 168
147 171
147 172
147 184
148 198
148 152
148 182
148 197
148 172
148 178
148 188
148 190
149 181
149 167
149 169
150 165
150 151
150 194
150 159
151 165
151 159
152 155
152 197
152 172
152 178
152 188
152 190
153 160
153 195
154 179
154 161
154 162
154 164
154 193
154 176
154 172
154 184
154 186
155 179
155 172
155 163
155 182
155 184
155 186
156 175
156 185
157 160
157 158
158 160
159 165
160 192
160 195
160 183
161 198
161 178
161 188
163 172
163 179
163 182
163 186
164 186
164 184
165 194
167 169
167 181
168 196
168 171
168 186
168 189
168 190
169 181
170 173
171 196
171 179
171 186
171 189
172 197
172 178
172 182
172 188
172 190
172 196
172 199
174 186
177 186
178 182
178 188
178 190
178 199
182 197
182 188
183 192
184 186
188 197
188 199
188 190
189 196
190 197
191 192
197 198
