0 195
0 132
0 5
0 8
0 9
0 80
0 81
0 18
0 26
0 197
0 161
0 39
0 172
0 177
0 113
0 178
0 120
0 62
0 63
1 128
1 194
1 4
1 6
1 136
1 77
1 143
1 163
1 148
1 149
1 150
1 23
1 152
1 153
1 27
1 99
1 37
1 104
1 125
1 46
1 111
1 176
1 180
1 114
1 52
1 53
1 121
1 57
1 122
1 124
1 61
1 191
2 177
2 39
2 8
2 103
2 90
2 11
2 13
3 45
3 101
4 133
4 6
4 138
4 140
4 141
4 142
4 143
4 144
4 17
4 19
4 20
4 23
4 27
4 29
4 31
4 35
4 163
4 38
4 167
4 44
4 157
4 176
4 54
4 55
4 56
4 57
4 186
4 60
4 192
4 64
4 193
4 67
4 73
4 74
4 183
4 79
4 83
4 86
4 94
4 105
4 108
4 111
4 117
4 118
4 121
4 124
4 125
5 161
5 195
5 132
5 134
5 9
5 12
5 178
5 80
5 81
5 18
5 123
5 62
6 128
6 130
6 135
6 136
6 137
6 138
6 151
6 192
6 15
6 17
6 146
6 171
6 23
6 24
6 153
6 29
6 160
6 163
6 36
6 40
6 42
6 175
6 48
6 51
6 57
6 58
6 191
6 64
6 65
6 194
6 67
6 70
6 72
6 74
6 86
6 164
6 96
6 105
6 107
6 111
6 168
6 116
6 117
6 119
6 124
6 170
7 8
7 11
7 84
7 184
7 90
7 28
7 127
8 34
8 196
8 177
8 11
8 66
8 173
8 156
8 84
8 93
8 33
8 98
8 39
8 41
8 103
8 109
8 112
8 49
8 50
8 184
8 126
9 161
9 195
9 132
9 134
9 81
9 172
9 113
9 120
9 26
9 62
10 96
10 65
10 130
10 131
10 72
10 137
10 128
10 119
10 142
10 48
10 168
10 163
10 23
10 56
10 160
10 58
10 27
10 94
10 31
11 33
11 100
11 41
11 39
11 13
11 47
11 49
11 179
11 173
11 90
11 103
11 93
12 113
12 18
13 33
13 103
13 177
14 65
14 130
14 131
14 135
14 73
14 163
14 23
14 137
14 89
14 27
14 122
14 31
14 99
14 168
14 106
14 48
14 52
14 119
14 56
14 185
14 58
14 188
15 192
15 67
15 69
15 73
15 75
15 79
15 144
15 19
15 27
15 182
15 118
15 31
15 133
15 35
15 166
15 38
15 167
15 105
15 42
15 171
15 108
15 175
15 176
15 187
15 54
15 55
15 56
15 186
15 59
15 60
16 139
16 147
16 184
16 169
16 91
16 28
17 128
17 65
17 130
17 131
17 135
17 72
17 137
17 160
17 145
17 22
17 23
17 96
17 176
17 163
17 102
17 168
17 107
17 44
17 48
17 136
17 119
17 58
17 188
18 113
19 160
19 67
19 118
19 136
19 74
19 119
19 141
19 142
19 144
19 83
19 20
19 171
19 79
19 94
19 31
19 133
19 97
19 36
19 38
19 42
19 107
19 46
19 111
19 48
19 183
19 54
19 55
19 56
19 57
19 186
19 60
19 138
20 128
20 97
20 163
20 23
20 73
20 27
20 108
21 128
21 131
21 72
21 73
21 79
21 163
21 23
21 27
21 186
21 160
21 35
21 167
21 108
21 48
21 83
21 182
21 119
21 56
21 58
21 187
21 60
22 128
22 130
22 193
22 136
22 137
22 150
22 27
22 29
22 31
22 160
22 163
22 167
22 168
22 46
22 157
22 48
22 52
22 182
22 56
22 185
22 58
22 187
22 60
22 61
22 65
22 72
22 79
22 83
22 86
22 186
22 99
22 188
22 107
22 108
22 117
22 119
22 122
22 124
23 128
23 130
23 150
23 135
23 137
23 144
23 146
23 151
23 24
23 153
23 155
23 30
23 31
23 160
23 176
23 164
23 165
23 40
23 43
23 48
23 180
23 53
23 55
23 56
23 185
23 58
23 61
23 191
23 194
23 68
23 70
23 73
23 77
23 142
23 89
23 152
23 94
23 96
23 145
23 106
23 108
23 168
23 114
23 118
23 124
24 176
24 146
24 51
24 70
24 40
24 163
24 27
24 151
25 82
25 115
25 73
25 27
25 108
25 30
25 95
26 132
26 197
26 62
26 63
27 128
27 130
27 171
27 133
27 135
27 141
27 145
27 154
27 155
27 29
27 30
27 36
27 165
27 38
27 42
27 43
27 44
27 174
27 175
27 180
27 53
27 54
27 183
27 56
27 186
27 59
27 188
27 61
27 181
27 192
27 193
27 164
27 74
27 75
27 138
27 77
27 78
27 82
27 86
27 87
27 89
27 95
27 99
27 158
27 166
27 102
27 104
27 105
27 106
27 111
27 116
27 117
27 122
28 129
28 34
28 139
28 98
28 169
28 66
28 109
28 173
28 50
28 184
28 91
28 92
28 190
29 65
29 130
29 135
29 137
29 142
29 144
29 145
29 83
29 86
29 94
29 102
29 167
29 188
29 176
29 182
29 55
29 187
29 60
30 128
30 82
30 115
30 163
30 73
30 108
30 95
31 128
31 130
31 150
31 135
31 136
31 141
31 145
31 153
31 175
31 193
31 162
31 36
31 167
31 42
31 171
31 44
31 46
31 157
31 54
31 183
31 57
31 186
31 187
31 60
31 61
31 191
31 192
31 65
31 194
31 69
31 73
31 138
31 79
31 83
31 142
31 86
31 94
31 182
31 96
31 97
31 102
31 104
31 105
31 106
31 107
31 108
31 111
31 114
31 116
31 124
31 188
32 90
32 156
33 196
33 39
33 177
33 110
33 47
33 112
33 49
33 179
33 88
33 90
33 93
33 126
34 184
34 39
34 90
34 190
35 130
35 133
35 135
35 136
35 137
35 141
35 142
35 145
35 152
35 162
35 36
35 37
35 38
35 42
35 46
35 157
35 52
35 53
35 54
35 56
35 180
35 186
35 188
35 64
35 65
35 69
35 73
35 77
35 193
35 94
35 96
35 97
35 107
35 108
35 114
35 116
35 117
35 170
36 65
36 130
36 131
36 69
36 72
36 137
36 119
36 142
36 79
36 144
36 83
36 160
36 94
36 96
36 176
36 167
36 168
36 107
36 46
36 48
36 136
36 182
36 55
36 56
36 186
36 187
36 60
37 67
37 72
37 73
37 119
37 79
37 144
37 83
37 148
37 143
37 186
37 160
37 131
37 168
37 48
37 114
37 118
37 55
37 56
37 58
37 125
38 97
38 69
38 167
38 73
38 138
38 111
38 175
38 187
38 182
38 105
38 56
38 186
38 60
38 183
39 196
39 177
39 88
39 90
39 93
39 159
39 100
39 103
39 41
39 173
39 110
39 47
39 112
39 49
39 179
39 184
39 126
40 43
40 164
40 165
40 71
40 78
40 146
40 163
40 174
40 87
40 154
40 151
40 158
41 100
41 49
41 110
41 47
41 177
41 90
41 93
42 138
42 142
42 175
42 167
42 171
42 111
42 176
42 182
42 183
42 56
42 186
42 187
42 60
43 128
43 163
43 70
43 73
43 151
43 176
43 146
43 51
44 96
44 65
44 130
44 69
44 102
44 135
44 145
44 137
44 142
44 79
44 83
44 56
44 94
45 101
46 130
46 67
46 65
46 72
46 137
46 119
46 140
46 142
46 79
46 144
46 83
46 148
46 160
46 143
46 96
46 176
46 167
46 188
46 135
46 48
46 136
46 182
46 55
46 56
46 121
46 186
46 187
46 60
47 177
47 49
47 196
47 93
47 88
48 128
48 130
48 131
48 150
48 136
48 137
48 153
48 160
48 162
48 163
48 168
48 176
48 180
48 53
48 57
48 58
48 188
48 61
48 191
48 65
48 194
48 69
48 72
48 185
48 89
48 96
48 97
48 99
48 102
48 145
48 104
48 106
48 107
48 114
48 119
48 122
49 196
49 112
49 177
49 88
49 90
49 93
49 126
50 129
50 92
50 190
51 176
51 146
51 164
52 128
52 130
52 67
52 65
52 73
52 140
52 79
52 144
52 145
52 83
52 148
52 137
52 89
52 143
52 186
52 163
52 102
52 188
52 106
52 135
52 125
52 99
52 118
52 185
52 122
52 60
52 61
53 128
53 67
53 55
53 140
53 143
53 131
53 148
53 149
53 163
53 168
53 180
53 118
53 58
53 125
54 192
54 133
54 138
54 142
54 79
54 175
54 94
54 97
54 105
54 111
54 183
54 186
54 60
55 192
55 193
55 194
55 69
55 136
55 77
55 144
55 149
55 86
55 152
55 153
55 162
55 99
55 116
55 105
55 107
55 175
55 176
55 114
55 180
55 183
55 57
55 163
55 124
55 61
55 191
56 192
56 133
56 162
56 167
56 171
56 61
56 175
56 181
56 182
56 183
56 185
56 163
56 59
56 188
56 138
56 64
56 65
56 69
56 75
56 79
56 83
56 97
56 99
56 166
56 104
56 105
56 106
56 107
56 111
56 114
56 187
56 122
56 170
57 128
57 130
57 131
57 69
57 72
57 142
57 79
57 144
57 182
57 97
57 163
57 102
57 167
57 176
57 118
57 187
57 60
58 128
58 65
58 130
58 150
58 77
58 163
58 152
58 89
58 96
58 99
58 104
58 114
58 180
58 153
58 191
58 188
58 149
59 187
59 166
59 167
59 73
59 75
59 108
59 83
59 182
59 60
60 130
60 135
60 138
60 142
60 152
60 153
60 150
60 166
60 167
60 171
60 157
60 181
60 183
60 188
60 191
60 64
60 65
60 194
60 182
60 75
60 77
60 79
60 193
60 187
60 107
60 116
60 117
60 124
60 170
60 149
61 128
61 130
61 67
61 185
61 65
61 73
61 119
61 142
61 144
61 131
61 137
61 89
61 94
61 96
61 99
61 163
61 106
61 108
61 118
61 121
61 188
61 160
62 113
62 197
62 132
62 63
63 161
63 195
63 197
63 134
63 80
63 81
63 178
63 123
64 192
64 97
64 69
64 167
64 73
64 79
64 105
64 186
64 187
65 128
65 130
65 150
65 135
65 137
65 153
65 160
65 176
65 167
65 157
65 182
65 185
65 191
65 193
65 194
65 72
65 83
65 142
65 86
65 89
65 94
65 96
65 99
65 102
65 145
65 188
65 107
65 116
65 117
65 119
65 122
65 124
66 198
66 199
66 76
66 84
66 85
66 184
66 190
66 127
67 128
67 192
67 69
67 136
67 138
67 77
67 149
67 152
67 175
67 97
67 162
67 163
67 107
67 111
67 176
67 114
67 118
67 183
68 163
68 70
68 78
68 146
68 174
68 155
69 194
69 150
69 74
69 119
69 142
69 86
69 79
69 157
69 94
69 160
69 97
69 170
69 111
69 183
69 116
69 118
69 186
69 138
70 128
70 71
70 78
70 176
70 163
70 174
70 87
70 164
70 154
70 155
70 158
71 155
71 165
71 78
71 146
71 87
71 154
71 158
72 128
72 130
72 150
72 135
72 136
72 185
72 89
72 160
72 176
72 162
72 163
72 104
72 188
72 106
72 107
72 114
72 119
72 153
72 124
72 191
73 128
73 130
73 135
73 137
73 140
73 162
73 164
73 170
73 181
73 186
73 74
73 82
73 163
73 142
73 86
73 89
73 143
73 94
73 95
73 96
73 148
73 166
73 106
73 108
73 114
73 115
73 116
73 121
73 125
74 128
74 97
74 176
74 108
75 192
75 111
75 175
75 79
75 83
75 181
76 84
76 184
76 156
76 190
77 128
77 182
77 79
77 144
77 131
77 143
77 186
77 163
77 167
77 168
77 180
77 118
77 121
77 187
77 125
78 128
78 165
78 151
78 174
78 146
78 87
78 154
78 155
78 158
79 192
79 133
79 135
79 136
79 137
79 141
79 142
79 145
79 149
79 150
79 162
79 166
79 167
79 170
79 175
79 183
79 187
79 194
79 86
79 94
79 182
79 96
79 188
79 102
79 105
79 107
79 114
79 116
79 124
80 81
80 197
80 113
80 123
81 178
81 161
81 120
81 197
82 115
82 108
83 130
83 150
83 193
83 136
83 137
83 138
83 142
83 152
83 153
83 162
83 166
83 170
83 175
83 181
83 183
83 188
83 191
83 194
83 86
83 94
83 96
83 104
83 105
83 107
83 111
83 114
83 117
83 124
83 149
84 156
84 90
84 173
84 189
85 198
85 90
85 127
86 135
86 142
86 144
86 145
86 94
86 97
86 193
86 108
86 117
87 146
87 158
87 151
87 174
88 100
88 177
88 110
88 179
88 93
89 128
89 130
89 131
89 135
89 160
89 144
89 163
89 137
89 122
89 94
89 96
89 99
89 102
89 168
89 106
89 108
89 119
89 185
89 188
90 177
90 173
90 156
90 199
90 98
90 103
90 109
90 189
90 127
91 184
91 169
91 139
91 190
92 184
92 129
92 190
93 196
93 112
93 177
93 126
94 128
94 130
94 133
94 193
94 136
94 137
94 141
94 142
94 150
94 153
94 163
94 171
94 175
94 183
94 186
94 138
94 191
94 96
94 97
94 104
94 105
94 107
94 117
94 124
95 108
96 128
96 131
96 136
96 137
96 142
96 157
96 176
96 163
96 168
96 185
96 191
96 186
96 106
96 107
96 108
96 116
96 117
96 119
96 122
97 194
97 119
97 141
97 142
97 144
97 150
97 118
97 160
97 171
97 157
97 116
97 117
97 186
97 124
97 170
98 109
98 190
99 137
99 140
99 143
99 144
99 145
99 148
99 142
99 122
99 102
99 168
99 135
99 125
99 119
99 185
99 188
100 196
100 110
100 112
100 177
100 126
100 159
102 130
102 135
102 136
102 160
102 163
102 145
102 124
102 193
102 108
102 119
102 153
102 191
103 177
104 128
104 131
104 160
104 108
104 142
104 168
104 119
105 192
105 118
105 141
105 142
105 144
105 182
105 133
105 167
105 171
105 175
105 176
105 187
105 170
106 130
106 160
106 163
106 137
106 119
106 122
106 188
107 130
107 182
107 137
107 119
107 142
107 144
107 160
107 188
107 118
107 186
108 128
108 133
108 135
108 137
108 145
108 157
108 162
108 164
108 166
108 175
108 158
108 186
108 188
108 181
108 192
108 163
108 115
108 116
109 184
110 112
110 177
110 179
110 196
110 126
110 159
111 138
111 140
111 142
111 143
111 148
111 118
111 133
111 171
111 176
111 183
111 121
112 126
112 179
112 177
112 159
113 161
113 195
113 132
113 172
113 178
113 120
113 123
114 119
114 140
114 144
114 131
114 143
114 186
114 160
114 162
114 163
114 118
114 121
114 125
116 135
116 144
116 167
116 176
116 182
116 186
116 187
117 130
117 135
117 137
117 142
117 167
117 188
117 193
117 176
117 182
117 186
118 128
118 192
118 194
118 138
118 149
118 152
118 175
118 162
118 176
118 124
119 128
119 131
119 135
119 137
119 160
119 176
119 122
119 162
119 145
119 180
119 185
119 163
119 188
120 172
121 138
121 149
121 183
121 152
121 122
122 128
122 130
122 131
122 137
122 160
122 140
122 143
122 145
122 148
122 135
122 188
122 125
123 178
123 197
124 128
124 130
124 131
124 137
124 194
124 144
124 145
124 182
124 167
124 188
124 135
124 187
124 191
125 162
125 136
125 138
125 180
125 149
126 179
126 177
126 159
127 198
127 199
127 173
128 130
128 131
128 150
128 137
128 142
128 144
128 152
128 153
128 154
128 176
128 155
128 164
128 165
128 168
128 188
128 191
128 194
128 180
129 184
129 190
130 131
130 135
130 136
130 150
130 153
130 176
130 163
130 167
130 168
130 193
130 182
130 187
130 191
130 142
130 185
130 186
130 145
130 188
131 160
131 150
131 194
131 137
131 153
131 152
131 185
131 176
131 162
131 188
131 180
131 191
131 149
133 192
133 138
133 141
133 142
133 167
133 175
133 182
133 183
133 187
134 178
135 186
135 193
135 194
135 160
135 163
135 145
135 157
135 136
135 182
136 137
136 140
136 142
136 144
136 143
136 176
136 145
136 160
136 186
136 188
137 193
137 150
137 153
137 160
137 163
137 168
137 176
137 185
137 186
137 188
137 191
138 183
138 140
138 142
138 144
138 148
138 187
138 167
138 171
138 176
138 143
139 147
139 184
139 169
139 190
140 162
140 183
140 148
140 143
141 192
141 167
141 142
141 175
141 182
142 193
142 167
142 171
142 175
142 183
142 186
142 187
142 192
142 182
143 162
143 180
143 152
143 148
143 149
144 192
144 194
144 150
144 183
144 149
144 152
144 175
144 162
144 157
144 176
144 180
144 163
145 150
145 194
145 153
145 186
145 160
145 163
145 167
145 182
145 191
146 163
146 165
146 176
146 174
146 164
146 155
146 151
146 154
146 158
147 169
147 184
148 183
148 180
149 168
149 180
149 186
150 194
150 188
150 163
150 168
150 176
150 182
150 187
151 163
151 164
151 176
152 182
152 186
152 163
152 167
152 168
152 180
153 176
153 168
153 182
153 191
153 188
154 163
154 165
154 158
155 163
155 158
156 189
157 188
157 182
157 186
157 187
158 165
158 174
159 177
160 176
160 162
160 163
160 185
161 197
162 168
162 186
163 176
163 164
163 165
163 188
163 191
163 194
163 185
163 168
166 167
166 187
166 181
166 182
167 192
167 193
167 171
167 181
167 182
167 194
167 188
168 176
168 191
168 188
169 184
169 190
170 192
170 176
170 186
170 175
171 192
171 176
171 182
171 183
171 186
171 187
173 184
173 190
175 192
175 176
176 191
176 192
176 183
177 196
177 179
178 197
179 196
180 186
181 187
181 182
182 194
182 188
182 193
182 187
182 191
184 190
185 188
187 192
187 193
187 194
187 188
188 193
188 191
188 194
191 194
195 197
198 199
