0 165
0 16
0 8
0 82
0 183
1 4
1 134
1 10
1 12
1 141
1 142
1 15
1 17
1 18
1 19
1 148
1 22
1 23
1 29
1 158
1 31
1 33
1 166
1 39
1 168
1 169
1 43
1 177
1 178
1 54
1 55
1 57
1 159
1 60
1 191
1 64
1 66
1 67
1 182
1 71
1 78
1 80
1 184
1 82
1 83
1 84
1 85
1 86
1 185
1 89
1 167
1 93
1 95
1 97
1 100
1 102
1 104
1 107
1 109
1 110
1 112
1 113
1 115
1 118
1 119
1 125
2 64
2 194
2 67
2 22
2 6
2 9
2 76
2 84
2 122
2 111
2 95
2 163
2 107
2 110
2 47
2 116
2 137
2 148
2 187
2 61
2 127
3 120
3 50
3 156
3 37
4 70
4 65
4 8
4 77
4 15
4 85
4 153
4 27
4 157
4 37
4 113
4 40
4 108
4 46
4 49
4 55
4 120
4 60
4 125
5 130
5 133
5 198
5 74
5 139
5 77
5 80
5 18
5 147
5 20
5 21
5 150
5 26
5 29
5 30
5 162
5 36
5 37
5 169
5 42
5 43
5 154
5 48
5 50
5 51
5 90
5 60
6 129
6 195
6 68
6 75
6 13
6 142
6 143
6 145
6 152
6 132
6 28
6 96
6 35
6 44
6 180
6 53
7 130
7 71
7 10
7 141
7 14
7 15
7 80
7 21
7 185
7 89
7 27
7 29
7 106
7 176
7 113
7 182
7 56
7 57
7 188
7 125
7 191
8 131
8 193
8 184
8 10
8 11
8 12
8 141
8 20
8 21
8 24
8 27
8 29
8 162
8 155
8 36
8 37
8 38
8 45
8 50
8 179
8 52
8 181
8 54
8 183
8 56
8 57
8 188
8 62
8 191
8 65
8 182
8 71
8 140
8 74
8 78
8 80
8 81
8 82
8 185
8 89
8 91
8 92
8 103
8 113
8 118
8 120
8 125
9 64
9 132
9 22
9 134
9 137
9 76
9 84
9 86
9 186
9 111
9 58
9 158
9 95
9 33
9 163
9 101
9 104
9 172
9 110
9 47
9 168
9 122
9 187
9 61
9 127
10 128
10 139
10 69
10 70
10 138
10 11
10 140
10 156
10 79
10 82
10 21
10 24
10 26
10 27
10 149
10 118
10 30
10 101
10 97
10 91
10 37
10 65
10 40
10 41
10 193
10 171
10 176
10 50
10 181
10 120
10 187
10 127
11 37
11 140
11 78
11 112
11 20
11 149
11 118
11 120
11 121
11 69
12 130
12 131
12 139
12 14
12 17
12 20
12 26
12 29
12 162
12 37
12 42
12 45
12 174
12 47
12 48
12 49
12 55
12 60
12 191
12 198
12 71
12 74
12 76
12 81
12 83
12 85
12 88
12 100
12 101
12 109
12 116
12 119
12 123
12 127
13 67
13 101
13 177
13 41
13 76
13 49
13 148
13 187
13 23
13 159
13 60
13 93
13 127
14 66
14 135
14 130
14 173
14 81
14 146
14 87
14 89
14 71
14 79
14 92
14 154
14 133
14 162
14 155
14 38
14 106
14 43
14 45
14 48
14 113
14 51
14 52
14 117
14 184
14 57
14 188
14 190
14 191
15 130
15 131
15 133
15 173
15 43
15 18
15 147
15 150
15 151
15 25
15 26
15 29
15 176
15 162
15 164
15 37
15 38
15 169
15 42
15 135
15 45
15 174
15 48
15 49
15 50
15 51
15 56
15 185
15 190
15 198
15 79
15 80
15 81
15 87
15 99
15 166
15 105
15 146
15 117
15 120
16 161
16 37
16 70
16 40
16 108
16 50
16 183
16 120
16 63
16 156
16 165
17 182
17 198
17 193
17 76
17 139
17 80
17 88
17 82
17 24
17 90
17 29
17 30
17 97
17 187
17 101
17 41
17 42
17 47
17 115
17 52
17 181
17 54
17 56
17 123
17 62
17 127
18 130
18 193
18 141
18 147
18 150
18 23
18 24
18 154
18 41
18 43
18 45
18 176
18 49
18 181
18 54
18 57
18 187
18 60
18 62
18 65
18 66
18 182
18 76
18 77
18 82
18 97
18 101
18 102
18 188
18 106
18 113
18 115
18 169
18 127
19 35
19 68
19 73
19 170
19 47
19 49
19 178
19 152
19 187
19 127
20 128
20 65
20 79
20 80
20 56
20 21
20 150
20 91
20 29
20 133
20 36
20 37
20 106
20 171
20 176
20 50
20 51
20 120
20 185
20 149
21 66
21 67
21 81
21 83
21 154
21 182
21 162
21 36
21 166
21 169
21 43
21 45
21 174
21 48
21 52
21 131
21 118
21 119
21 116
21 62
21 181
22 132
22 76
22 77
22 145
22 148
22 85
22 153
22 175
22 31
22 32
22 100
22 177
22 122
22 46
22 157
22 49
22 55
22 58
22 159
22 60
22 61
23 67
23 66
23 134
23 80
23 83
23 29
23 158
23 31
23 33
23 166
23 169
23 43
23 49
23 116
23 119
23 185
23 126
24 193
24 66
24 79
24 150
24 37
24 102
24 106
24 176
24 51
24 52
24 182
24 120
24 62
25 135
25 151
25 141
25 37
25 38
25 105
25 43
25 113
25 169
26 65
26 71
26 80
26 89
26 27
26 29
26 182
26 113
26 41
26 45
26 48
26 49
26 52
26 118
26 56
26 185
26 125
26 62
26 191
27 65
27 69
27 198
27 139
27 140
27 78
27 118
27 90
27 182
27 37
27 102
27 42
27 112
27 136
27 115
27 54
27 120
27 121
27 123
28 96
28 68
28 152
29 130
29 139
29 147
29 150
29 153
29 157
29 30
29 31
29 133
29 177
29 41
29 42
29 45
29 46
29 49
29 51
29 55
29 56
29 185
29 159
29 60
29 191
29 67
29 198
29 71
29 74
29 77
29 184
29 83
29 85
29 89
29 90
29 100
29 101
29 107
29 116
29 119
29 148
29 125
30 71
30 118
30 141
30 80
30 82
30 185
30 154
30 182
30 38
30 45
30 174
30 48
30 113
30 54
30 56
30 57
30 188
30 74
30 191
31 64
31 67
31 136
31 137
31 77
31 78
31 83
31 84
31 86
31 94
31 148
31 163
31 177
31 104
31 41
31 107
31 45
31 49
31 116
31 119
31 121
31 60
32 64
32 160
32 197
32 84
32 86
32 158
32 59
32 95
33 67
33 76
33 144
33 85
33 186
33 100
33 101
33 41
33 109
33 47
33 55
33 187
33 127
34 64
34 187
34 41
34 172
34 110
34 47
34 84
34 127
34 61
34 95
35 68
35 101
35 73
35 170
35 75
35 76
35 44
35 114
35 152
35 189
35 127
36 131
36 74
36 77
36 45
36 81
36 154
36 162
36 100
36 38
36 167
36 109
36 174
36 48
36 52
36 126
36 85
37 154
37 161
37 165
37 40
37 45
37 174
37 48
37 181
37 54
37 56
37 185
37 138
37 191
37 65
37 69
37 70
37 71
37 72
37 140
37 74
37 82
37 91
37 182
37 97
37 102
37 103
37 105
37 108
37 115
37 118
37 120
37 124
38 130
38 135
38 139
38 141
38 146
38 147
38 150
38 89
38 154
38 164
38 42
38 45
38 174
38 176
38 51
38 184
38 151
38 190
38 74
38 79
38 82
38 87
38 90
38 103
38 106
38 113
38 123
38 125
39 187
39 47
40 118
40 70
40 72
40 78
40 82
40 156
40 94
40 182
40 97
40 102
40 108
40 112
40 136
40 50
40 115
40 54
40 120
40 121
40 124
40 62
40 63
41 132
41 166
41 167
41 168
41 169
41 43
41 172
41 54
41 56
41 185
41 186
41 60
41 61
41 62
41 191
41 66
41 71
41 78
41 80
41 82
41 85
41 95
41 145
41 110
41 112
41 118
41 121
41 122
41 126
42 131
42 198
42 71
42 88
42 154
42 90
42 81
42 45
42 56
42 191
43 130
43 135
43 190
43 147
43 148
43 150
43 151
43 154
43 155
43 164
43 45
43 181
43 184
43 60
43 169
43 65
43 67
43 77
43 79
43 83
43 89
43 93
43 99
43 103
43 146
43 117
43 119
43 125
44 98
44 196
44 75
44 114
44 152
45 130
45 133
45 150
45 155
45 164
45 167
45 169
45 176
45 50
45 51
45 55
45 56
45 185
45 190
45 191
45 71
45 79
45 80
45 85
45 88
45 90
45 99
45 100
45 106
45 109
45 117
45 120
46 66
46 74
46 80
46 84
46 85
46 153
46 154
46 86
46 101
46 166
46 167
46 104
46 109
46 174
46 157
46 55
46 126
46 127
47 129
47 134
47 142
47 158
47 168
47 170
47 178
47 54
47 56
47 185
47 186
47 187
47 62
47 68
47 82
47 97
47 101
47 145
47 115
47 118
47 127
48 130
48 77
48 141
48 154
48 88
48 90
48 125
48 51
48 57
48 123
48 188
48 106
49 129
49 136
49 166
49 167
49 169
49 170
49 172
49 177
49 178
49 54
49 57
49 60
49 62
49 191
49 64
49 66
49 67
49 182
49 71
49 78
49 141
49 80
49 83
49 84
49 85
49 95
49 102
49 188
49 107
49 112
49 113
49 116
49 119
49 121
49 122
49 126
50 128
50 149
50 154
50 155
50 156
50 161
50 165
50 54
50 63
50 182
50 74
50 78
50 173
50 87
50 92
50 99
50 105
50 117
50 118
50 120
50 124
51 193
51 66
51 74
51 130
51 147
51 150
51 87
51 154
51 133
51 99
51 164
51 102
51 105
51 106
51 174
51 181
51 169
51 62
51 166
52 193
52 66
52 130
52 82
52 151
52 164
52 155
52 92
52 97
52 99
52 166
52 102
52 103
52 105
52 115
52 117
52 120
53 180
54 139
54 156
54 97
54 187
54 108
54 82
54 115
54 118
54 120
54 127
54 63
55 194
55 67
55 86
55 134
55 137
55 77
55 109
55 80
55 83
55 84
55 153
55 100
55 158
55 104
55 111
55 157
55 116
55 119
55 56
55 185
55 186
55 60
56 141
56 153
56 159
56 184
56 57
56 187
56 60
56 191
56 67
56 198
56 71
56 74
56 77
56 80
56 83
56 85
56 89
56 188
56 157
56 113
56 116
56 120
56 125
56 127
57 79
57 78
57 151
57 113
57 105
57 174
57 185
57 188
57 190
58 64
58 194
58 163
58 132
58 134
58 168
58 172
58 110
58 111
58 144
58 145
58 137
58 186
59 64
60 71
60 136
60 76
60 78
60 80
60 185
60 169
60 154
60 94
60 100
60 101
60 166
60 167
60 109
60 112
60 121
60 191
60 126
60 127
61 101
61 76
61 110
61 175
61 145
61 172
61 122
62 193
62 133
62 70
62 139
62 76
62 79
62 147
62 150
62 108
62 82
62 176
62 181
62 120
62 127
63 97
63 102
63 70
63 72
63 115
63 183
63 124
64 132
64 160
64 77
64 144
64 145
64 110
64 153
64 122
64 95
64 100
64 167
64 172
64 109
64 168
64 175
64 126
65 66
65 182
65 78
65 94
65 97
65 102
65 169
65 112
65 136
65 115
65 118
65 121
65 166
66 130
66 67
66 133
66 77
66 83
66 150
66 153
66 159
66 166
66 177
66 193
66 107
66 157
66 181
67 107
67 134
67 71
67 80
67 145
67 148
67 175
67 93
67 95
67 100
67 166
67 177
67 172
67 191
67 110
67 185
67 186
67 85
68 98
68 196
68 101
68 199
68 75
68 178
68 189
68 114
68 187
68 143
68 195
69 140
69 78
69 149
69 118
69 121
69 91
69 138
70 165
70 108
70 78
70 136
70 82
70 118
70 121
70 182
71 130
71 198
71 74
71 139
71 80
71 83
71 90
71 88
71 153
71 101
71 157
71 116
71 119
71 185
72 120
72 156
73 101
73 170
73 76
73 178
73 152
73 127
74 77
74 80
74 147
74 150
74 153
74 154
74 156
74 106
74 157
74 176
74 113
74 185
74 191
74 166
75 152
76 134
76 77
76 80
76 110
76 153
76 152
76 132
76 175
76 186
76 158
76 95
76 96
76 145
76 172
76 178
76 182
76 185
76 122
76 187
76 127
77 136
77 80
77 81
77 85
77 100
77 154
77 94
77 162
77 101
77 166
77 167
77 169
77 174
77 185
77 126
78 138
78 140
78 141
78 188
78 149
78 153
78 91
78 156
78 157
78 113
78 167
78 108
78 120
78 126
79 193
79 135
79 130
79 80
79 141
79 164
79 154
79 155
79 92
79 118
79 82
79 166
79 169
79 174
79 125
79 113
79 181
79 182
79 188
80 139
80 141
80 147
80 150
80 153
80 154
80 167
80 157
80 176
80 191
80 198
80 177
80 85
80 185
80 100
80 101
80 188
80 106
80 107
80 109
80 148
80 126
81 192
81 130
81 131
81 198
81 87
81 164
81 146
81 153
81 90
81 154
81 162
81 99
81 105
81 173
81 157
81 113
81 179
81 151
81 125
82 118
82 139
82 182
82 97
82 176
82 115
82 181
82 120
82 127
83 119
83 95
83 100
83 166
83 167
83 169
83 172
83 109
83 110
83 116
83 185
83 126
83 191
84 132
84 145
84 157
84 95
84 100
84 167
84 168
84 172
84 109
84 110
84 175
84 126
84 85
85 86
85 153
85 95
85 157
85 116
85 186
86 100
86 172
86 153
86 95
86 157
86 126
87 192
87 131
87 133
87 156
87 179
87 92
87 162
87 99
87 164
87 105
87 173
87 176
87 113
87 155
88 198
88 174
88 191
89 130
89 131
89 185
89 94
89 112
89 99
89 164
89 103
89 105
89 169
89 121
89 125
90 198
90 162
90 131
90 174
90 191
91 140
91 120
91 138
92 130
92 131
92 135
92 146
92 155
92 156
92 169
92 176
92 113
92 184
92 125
93 95
93 166
93 167
93 169
93 172
93 110
93 185
93 122
93 126
94 136
94 184
94 121
94 156
94 167
94 108
94 113
94 120
94 125
94 126
95 132
95 197
95 160
95 194
95 145
95 137
95 187
95 101
95 104
95 119
95 122
95 127
96 101
96 199
97 115
97 133
97 139
97 147
97 150
97 187
97 106
97 127
98 196
99 192
99 133
99 135
99 147
99 173
99 179
99 156
99 164
99 169
99 106
99 176
99 184
99 125
100 134
100 119
100 158
100 163
100 104
100 116
100 186
101 186
101 152
101 153
101 158
101 170
101 172
101 118
101 185
101 122
101 187
101 191
102 133
102 147
102 193
102 139
102 150
103 162
103 131
103 113
103 169
103 184
103 120
104 194
104 163
104 134
104 167
104 109
104 111
104 158
104 137
104 153
104 157
104 126
105 192
105 131
105 135
105 141
105 146
105 147
105 150
105 179
105 184
105 156
105 133
105 162
105 169
105 106
105 173
105 113
105 120
105 188
105 125
106 193
106 130
106 154
106 164
106 174
106 181
107 132
107 148
107 166
107 110
107 116
107 119
107 122
108 161
108 136
108 121
108 182
108 165
109 111
109 116
109 119
109 186
110 144
110 145
110 122
110 159
110 168
110 172
110 175
110 177
110 137
110 127
111 194
111 153
111 122
111 126
112 138
112 184
112 167
112 120
112 121
112 125
112 126
113 192
113 130
113 131
113 139
113 173
113 162
113 135
113 146
113 174
113 176
113 185
113 136
113 188
113 190
113 117
114 195
114 189
115 187
115 127
116 132
116 177
116 145
116 148
116 167
116 169
116 119
116 122
116 126
117 130
117 131
117 135
117 141
117 173
117 146
117 184
117 156
117 169
117 176
117 120
117 188
117 125
118 139
118 140
118 156
118 176
118 181
118 120
118 187
118 138
118 127
119 177
119 148
119 167
119 122
119 191
120 193
120 182
120 190
120 185
120 154
120 155
120 121
120 136
120 124
120 181
121 136
121 138
121 184
121 167
121 125
121 126
122 194
122 148
122 137
122 163
122 177
122 172
122 187
122 159
122 127
123 131
123 198
123 174
124 156
125 131
125 135
125 146
125 185
125 176
125 184
125 162
125 164
125 173
125 174
125 136
125 179
125 190
126 194
126 136
126 137
126 153
126 157
126 163
127 153
127 152
127 132
127 175
127 182
127 157
127 170
127 178
127 186
127 185
127 187
128 171
129 187
129 142
130 131
130 141
130 154
130 133
130 176
130 162
130 166
130 169
130 174
130 184
130 190
131 192
131 198
131 135
131 146
131 153
131 155
131 162
131 173
131 179
131 190
132 144
132 148
132 172
132 187
133 193
133 135
133 146
133 164
133 166
133 174
133 181
133 182
133 169
134 144
134 187
134 158
135 141
135 146
135 162
135 164
135 176
135 155
135 169
135 184
135 190
136 141
136 167
136 188
136 184
137 163
137 167
137 144
138 171
138 140
139 182
141 146
141 151
141 176
141 174
141 190
142 187
143 199
144 194
144 172
144 145
144 175
144 186
144 158
145 148
145 175
145 172
145 187
146 162
146 155
146 169
146 164
147 150
147 154
147 164
147 181
147 182
147 169
148 169
148 172
148 177
148 175
149 156
150 164
150 181
150 182
150 169
151 162
151 169
151 173
152 170
152 178
152 187
153 194
153 154
153 162
153 166
153 167
153 174
153 157
153 185
153 191
154 198
154 156
154 157
154 176
154 162
154 169
155 169
155 176
156 182
156 161
156 164
156 171
156 190
157 166
157 167
157 174
157 191
159 166
159 172
159 185
160 197
161 183
161 165
162 198
162 164
163 167
164 192
164 179
164 169
164 173
164 176
164 184
165 183
166 177
166 176
167 194
168 172
168 187
169 184
169 190
170 178
170 187
172 175
173 179
173 190
174 198
174 176
174 184
174 188
176 193
176 182
176 190
176 181
178 187
179 192
181 182
182 193
182 187
184 185
184 190
185 188
185 191
185 187
186 187
188 190
189 195
191 198
