0 193
0 66
0 194
0 73
0 10
0 77
0 143
0 80
0 147
0 148
0 88
0 37
0 172
0 113
0 114
0 181
0 126
1 14
1 70
2 128
2 130
2 131
2 133
2 135
2 8
2 10
2 11
2 140
2 13
2 138
2 16
2 17
2 18
2 148
2 21
2 22
2 23
2 24
2 27
2 32
2 33
2 191
2 163
2 165
2 38
2 39
2 40
2 170
2 173
2 47
2 48
2 49
2 178
2 180
2 53
2 54
2 55
2 56
2 58
2 61
2 190
2 146
2 67
2 196
2 69
2 71
2 72
2 78
2 79
2 184
2 82
2 84
2 89
2 152
2 91
2 94
2 98
2 101
2 106
2 109
2 147
2 116
2 117
2 136
2 123
2 124
2 125
2 127
3 195
3 36
3 101
3 169
3 12
3 79
3 82
3 179
3 84
3 89
3 186
3 91
3 188
3 93
3 150
4 32
4 65
4 34
4 37
4 142
4 46
4 45
4 144
4 113
4 83
4 126
4 154
4 155
4 62
4 149
5 128
5 164
5 106
5 16
5 72
5 116
5 54
5 58
5 27
5 31
6 32
6 129
6 69
6 70
6 168
6 73
6 39
6 192
6 45
6 14
6 143
6 114
6 20
6 24
6 116
6 58
6 103
6 29
7 129
7 133
7 134
7 8
7 9
7 12
7 142
7 143
7 152
7 21
7 154
7 137
7 26
7 29
7 30
7 32
7 33
7 34
7 37
7 38
7 43
7 44
7 173
7 46
7 47
7 50
7 180
7 53
7 54
7 55
7 56
7 185
7 63
7 68
7 197
7 73
7 184
7 82
7 95
7 96
7 165
7 98
7 101
7 102
7 104
7 109
7 174
7 113
7 140
7 118
7 127
8 64
8 129
8 160
8 141
8 24
8 25
8 154
8 92
8 29
8 32
8 34
8 114
8 52
8 123
9 192
9 65
9 194
9 145
9 137
9 11
9 12
9 15
9 80
9 17
9 82
9 148
9 153
9 88
9 89
9 90
9 30
9 95
9 133
9 134
9 39
9 129
9 193
9 103
9 173
9 116
9 181
9 119
9 185
9 186
9 60
9 63
10 65
10 69
10 198
10 145
10 73
10 11
10 15
10 144
10 17
10 83
10 148
10 149
10 24
10 155
10 159
10 32
10 37
10 81
10 45
10 113
10 114
10 147
10 122
10 123
10 62
11 64
11 75
11 76
11 66
11 142
11 143
11 152
11 147
11 174
11 23
11 137
11 154
11 92
11 29
11 94
11 32
11 34
11 123
11 104
11 191
11 46
11 157
11 114
11 53
11 73
11 120
11 59
11 117
12 128
12 140
12 173
12 146
12 21
12 22
12 23
12 27
12 31
12 33
12 36
12 171
12 44
12 45
12 179
12 54
12 137
12 58
12 76
12 82
12 186
12 93
12 94
12 101
12 103
12 114
12 116
12 117
13 64
13 65
13 68
13 74
13 132
13 140
13 130
13 142
13 82
13 174
13 151
13 152
13 89
13 154
13 92
13 97
13 102
13 104
13 43
13 108
13 46
13 49
13 123
13 53
13 54
13 59
13 138
13 190
14 100
14 70
14 119
14 153
14 90
14 30
15 193
15 194
15 69
15 145
15 77
15 158
15 143
15 81
15 83
15 121
15 23
15 24
15 29
15 137
15 32
15 37
15 39
15 47
15 113
15 114
15 116
15 117
15 73
15 126
15 181
16 128
16 35
16 164
16 72
16 74
16 43
16 130
16 79
16 49
16 82
16 179
16 116
16 173
16 58
16 186
16 190
16 133
17 64
17 69
17 75
17 140
17 194
17 81
17 148
17 21
17 24
17 152
17 154
17 34
17 39
17 172
17 120
17 88
17 59
17 126
18 38
18 71
18 104
18 142
18 180
18 174
18 56
18 127
19 65
19 171
19 196
19 38
19 167
19 199
19 44
19 98
19 111
19 112
19 152
19 180
19 182
19 56
19 176
19 123
20 168
20 73
20 143
20 189
20 114
20 41
20 24
20 29
20 30
20 63
21 129
21 132
21 172
21 194
21 147
21 148
21 22
21 23
21 24
21 28
21 158
21 159
21 166
21 167
21 42
21 171
21 44
21 47
21 48
21 178
21 179
21 181
21 56
21 58
21 187
21 60
21 193
21 66
21 140
21 80
21 82
21 85
21 88
21 186
21 103
21 117
21 121
22 64
22 131
22 140
22 78
22 82
22 84
22 154
22 91
22 92
22 142
22 104
22 46
22 174
22 179
22 116
22 57
22 186
22 59
23 64
23 133
23 140
23 142
23 82
23 89
23 152
23 25
23 154
23 79
23 186
23 34
23 104
23 173
23 46
23 174
23 116
23 53
23 58
23 59
24 65
24 67
24 133
24 140
24 141
24 152
24 185
24 88
24 25
24 26
24 79
24 90
24 30
24 95
24 160
24 165
24 100
24 134
24 103
24 129
24 41
24 173
24 175
24 50
24 52
24 53
24 116
24 58
24 123
24 189
25 129
25 67
25 135
25 141
25 143
25 26
25 165
25 103
25 50
25 175
25 114
25 52
25 117
25 58
26 116
26 58
26 135
26 141
26 129
27 65
27 164
27 129
27 74
27 103
27 130
27 179
27 116
27 54
27 58
27 123
27 186
27 190
28 65
28 133
28 129
28 140
28 79
28 152
28 89
28 123
28 125
29 129
29 67
29 73
29 77
29 165
29 103
29 41
29 135
29 175
29 179
29 122
29 60
29 189
29 126
30 129
30 69
30 134
30 145
30 76
30 144
30 81
30 90
30 157
30 94
30 32
30 100
30 70
30 103
30 41
30 119
30 137
31 65
31 68
31 74
31 151
31 130
31 79
31 173
31 82
31 99
31 89
31 133
31 96
31 97
31 35
31 164
31 108
31 146
31 49
31 179
31 186
31 123
31 138
31 190
32 65
32 67
32 141
32 147
32 90
32 100
32 134
32 103
32 129
32 135
32 119
32 123
32 60
32 61
33 64
33 129
33 103
33 34
33 82
33 179
33 116
33 150
33 186
33 89
33 58
33 92
33 154
34 129
34 138
34 142
34 144
34 149
34 132
34 154
34 159
34 170
34 135
34 45
34 46
34 47
34 59
34 60
34 61
34 62
34 67
34 198
34 78
34 84
34 91
34 101
34 103
35 65
35 72
35 146
36 133
36 195
36 173
36 79
36 82
36 179
36 150
36 89
36 186
36 156
36 93
37 129
37 66
37 103
37 61
37 47
37 147
37 58
38 64
38 65
38 136
38 140
38 142
38 174
38 89
38 92
38 186
38 98
38 123
38 163
38 103
38 71
38 46
38 179
38 116
38 53
38 56
38 180
38 58
38 59
38 127
39 65
39 69
39 135
39 76
39 81
39 148
39 153
39 90
39 157
39 94
39 95
39 134
39 172
39 119
39 185
39 123
39 191
40 65
40 164
40 74
40 103
40 173
40 79
40 82
40 116
40 89
40 58
40 123
40 106
40 133
41 100
41 134
41 73
41 189
41 119
41 153
41 90
42 64
42 196
42 133
42 71
42 142
42 79
42 152
42 89
42 92
42 98
42 166
42 103
42 104
42 167
42 173
42 174
42 112
42 116
42 53
42 182
42 127
43 96
43 97
43 99
43 132
43 72
43 129
43 128
43 108
43 49
43 116
43 138
44 129
44 98
44 196
44 179
44 136
44 140
44 103
44 82
44 152
44 71
44 127
44 53
45 192
45 66
45 142
45 79
45 144
45 82
45 147
45 149
45 153
45 89
45 90
45 155
45 92
45 154
45 95
45 100
45 198
45 104
45 159
45 173
45 46
45 174
45 168
45 179
45 119
45 185
45 186
45 59
45 60
45 63
46 129
46 66
46 138
46 142
46 147
46 149
46 132
46 154
46 155
46 159
46 103
46 104
46 135
46 112
46 58
46 60
46 61
47 65
47 129
47 103
47 140
47 77
47 83
47 152
47 58
47 123
47 154
47 126
47 53
48 65
48 133
48 74
48 173
48 82
48 152
48 89
48 179
48 186
48 161
48 109
48 110
48 51
48 116
48 53
48 54
48 58
48 123
48 125
49 128
49 65
49 133
49 102
49 72
49 138
49 79
49 173
49 146
49 89
50 129
50 116
50 197
50 118
50 58
51 161
51 116
51 177
51 58
51 123
52 160
52 67
52 116
52 165
52 135
52 58
52 141
52 175
53 129
53 132
53 136
53 138
53 159
53 167
53 179
53 180
53 181
53 182
53 56
53 58
53 65
53 66
53 139
53 199
53 194
53 78
53 79
53 88
53 89
53 152
53 91
53 186
53 98
53 103
53 105
53 106
53 109
53 112
53 147
53 116
53 117
53 123
53 170
53 127
54 65
54 132
54 129
54 138
54 103
54 82
54 179
54 164
54 186
55 96
55 97
55 68
55 102
55 138
55 103
55 184
55 132
56 65
56 171
56 133
56 136
56 139
56 140
56 79
56 173
56 82
56 152
56 89
56 176
56 103
56 71
56 111
56 112
56 180
56 58
56 187
56 85
57 162
57 131
57 169
57 170
57 78
57 79
57 115
57 84
57 86
57 183
57 89
57 179
57 124
57 133
58 128
58 179
58 141
58 142
58 152
58 133
58 160
58 164
58 173
58 137
58 186
58 59
58 64
58 197
58 73
58 78
58 79
58 82
58 83
58 84
58 85
58 89
58 92
58 187
58 101
58 178
58 105
58 106
58 109
58 140
58 174
58 113
58 114
58 116
58 117
58 118
59 193
59 132
59 138
59 80
59 149
59 154
59 158
59 159
59 180
59 101
59 116
59 117
59 121
59 60
60 65
60 66
60 76
60 142
60 143
60 144
60 147
60 137
60 154
60 155
60 94
60 159
60 123
60 140
60 104
60 191
60 174
60 157
60 114
60 73
60 62
60 149
61 64
61 155
61 65
61 77
61 144
61 113
61 83
61 126
61 154
61 123
61 62
61 149
62 64
62 133
62 134
62 142
62 173
62 147
62 154
62 198
62 185
63 129
63 69
63 103
63 189
63 137
63 157
63 94
64 66
64 67
64 132
64 198
64 135
64 138
64 141
64 144
64 147
64 149
64 88
64 155
64 166
64 167
64 194
64 112
64 116
64 117
64 182
65 130
65 133
65 136
65 138
65 145
65 146
65 151
65 132
65 173
65 178
65 137
65 159
65 190
65 181
65 193
65 66
65 67
65 68
65 194
65 177
65 79
65 80
65 81
65 89
65 152
65 94
65 97
65 105
65 106
65 109
65 110
65 114
65 116
65 125
65 127
66 69
66 73
66 140
66 77
66 144
66 83
66 152
66 104
66 147
66 120
66 122
67 69
67 129
67 160
67 142
67 143
67 81
67 154
67 92
67 165
67 145
67 175
67 114
67 116
67 123
68 96
68 97
68 99
68 102
68 72
68 129
68 128
68 108
68 146
68 123
68 184
68 103
69 192
69 145
69 141
69 147
69 148
69 137
69 153
69 90
69 81
69 95
69 100
69 168
69 119
69 185
69 159
70 100
70 119
70 153
70 90
71 199
71 139
71 142
71 163
71 166
71 167
71 104
71 171
71 174
71 111
71 112
71 180
71 187
71 127
72 74
72 130
72 79
72 82
72 99
72 151
72 89
72 133
72 96
72 97
72 164
72 102
72 108
72 173
72 116
72 186
72 190
73 129
73 147
73 143
73 159
73 165
73 103
73 135
73 114
73 116
73 122
73 123
73 189
74 128
74 133
74 146
74 105
74 79
74 82
74 179
74 116
74 173
75 172
75 77
75 126
76 79
76 89
76 153
76 157
76 100
76 173
76 179
76 186
76 191
77 129
77 194
77 143
77 80
77 147
77 148
77 88
77 158
77 103
77 172
77 114
77 120
77 121
78 131
78 162
78 82
78 195
78 84
78 152
78 89
78 154
78 91
78 93
78 170
78 107
78 115
78 116
78 124
79 128
79 129
79 132
79 133
79 138
79 173
79 146
79 149
79 150
79 155
79 157
79 166
79 167
79 178
79 179
79 182
79 191
79 89
79 91
79 93
79 94
79 144
79 103
79 105
79 106
79 109
79 112
79 116
79 117
79 123
79 125
80 193
80 92
80 158
80 137
80 121
80 122
80 123
81 194
81 137
81 141
81 145
81 88
81 90
81 181
81 123
82 132
82 150
82 138
82 146
82 131
82 156
82 171
82 137
82 195
82 140
82 84
82 186
82 176
82 91
82 93
82 94
82 144
82 98
82 101
82 103
82 105
82 106
82 109
82 111
82 114
82 116
82 117
82 124
82 125
82 149
83 103
83 147
83 116
83 122
83 159
84 129
84 133
84 131
84 152
84 89
84 154
84 91
84 150
84 103
84 170
84 173
84 179
84 116
84 124
85 98
85 171
85 103
85 136
85 140
85 116
85 187
86 131
86 169
86 107
86 115
86 87
86 188
86 183
87 162
87 150
87 169
87 115
87 183
87 179
87 188
88 194
88 140
88 172
88 152
88 123
88 181
88 126
89 128
89 129
89 132
89 138
89 173
89 144
89 131
89 150
89 152
89 167
89 178
89 180
89 137
89 195
89 199
89 91
89 93
89 94
89 101
89 103
89 105
89 106
89 109
89 112
89 116
89 117
89 170
89 123
89 125
89 166
90 145
90 149
90 95
90 100
90 134
90 103
90 94
90 185
91 131
91 152
91 154
91 150
91 103
91 170
91 173
91 116
91 124
92 132
92 135
92 138
92 141
92 144
92 158
92 101
92 167
92 199
92 175
92 180
92 182
92 166
93 133
93 173
93 131
93 124
94 192
94 100
94 168
94 123
94 186
95 129
95 198
95 137
95 144
95 149
95 153
95 155
95 100
95 103
95 119
95 185
96 128
96 129
96 102
96 108
96 146
96 184
96 103
97 128
97 132
97 138
97 146
97 184
97 151
98 196
98 133
98 136
98 199
98 187
98 103
98 171
98 111
98 176
98 180
98 123
98 127
99 128
99 184
100 129
100 137
100 149
100 153
100 157
100 134
100 103
100 119
100 185
100 191
101 129
101 104
101 103
101 142
101 116
101 150
101 186
101 154
102 128
102 103
102 138
102 108
102 146
102 184
102 132
103 133
103 135
103 143
103 152
103 153
103 154
103 171
103 173
103 178
103 179
103 180
103 185
103 186
103 140
103 134
103 192
103 182
103 199
103 184
103 187
103 104
103 106
103 108
103 168
103 174
103 112
103 113
103 114
103 119
103 137
103 125
103 126
103 127
104 129
104 198
104 144
104 147
104 149
104 132
104 155
104 135
104 199
104 159
104 163
104 174
104 112
104 117
104 182
105 152
105 123
106 164
106 116
106 152
106 123
107 115
107 150
107 169
107 170
107 183
108 129
108 138
108 146
108 184
108 132
109 133
109 129
109 173
109 152
109 123
109 125
110 123
110 140
111 196
111 139
111 152
111 116
112 196
112 133
112 142
112 152
112 199
112 166
112 167
112 173
112 116
112 182
113 129
113 116
113 147
113 122
113 159
114 135
114 141
114 122
114 143
114 186
114 165
114 129
114 175
114 116
114 123
114 189
114 126
115 156
115 188
115 124
116 131
116 135
116 139
116 141
116 142
116 152
116 160
116 164
116 167
116 178
116 137
116 180
116 179
116 176
116 187
116 140
116 117
116 123
116 124
116 170
116 166
117 133
117 140
117 142
117 152
117 154
117 186
117 174
118 129
118 197
119 129
119 134
119 137
119 153
119 185
120 148
120 126
120 159
121 193
121 158
121 126
122 193
122 147
122 143
122 148
122 159
123 133
123 135
123 140
123 141
123 146
123 196
123 161
123 173
123 136
123 178
123 180
123 138
123 193
123 175
123 130
123 194
123 177
123 125
123 127
124 129
124 131
124 154
124 162
124 170
124 179
124 183
124 186
125 133
125 178
125 173
126 194
126 143
126 147
126 148
126 158
126 172
126 181
127 152
127 167
127 199
127 166
127 180
128 151
128 186
128 133
128 179
129 131
129 133
129 141
129 142
129 143
129 152
129 154
129 153
129 168
129 173
129 179
129 137
129 185
129 186
129 140
129 134
129 192
129 197
129 135
129 178
129 174
130 132
130 138
130 190
131 195
131 169
131 170
131 179
131 186
132 142
132 151
132 152
132 154
132 173
132 174
132 184
132 190
133 173
133 146
133 149
133 157
133 178
133 182
133 137
133 191
133 195
133 198
133 199
133 144
134 155
134 153
134 149
134 144
134 185
134 137
134 198
135 160
135 142
135 143
135 174
135 154
136 171
136 187
136 139
136 176
136 152
136 180
137 192
137 186
137 168
137 193
137 173
137 179
138 173
138 151
138 152
138 146
138 184
138 190
139 196
139 176
139 152
140 147
140 159
140 171
140 172
140 178
140 179
140 180
140 181
140 187
140 194
141 160
141 142
141 143
141 165
141 145
141 175
142 198
142 144
142 149
142 154
142 155
142 199
142 163
142 167
142 180
142 166
143 189
144 173
144 147
144 149
144 153
144 154
144 155
144 174
144 179
144 159
145 194
145 181
146 151
146 173
146 186
147 198
147 154
147 155
147 159
147 174
147 149
148 152
148 172
148 181
149 174
149 155
149 154
149 159
149 185
150 188
150 195
150 156
151 184
152 172
152 158
152 159
152 167
152 178
152 181
152 196
152 199
152 170
153 185
154 175
154 165
154 155
154 170
154 172
155 174
155 179
155 186
156 179
156 183
156 186
156 162
157 173
157 191
158 193
160 165
160 175
161 177
162 169
162 170
162 183
163 180
163 174
166 167
166 182
166 199
167 196
167 199
168 191
169 183
170 188
170 183
171 196
171 179
171 186
171 187
172 194
172 181
173 179
173 182
173 191
173 198
173 199
173 186
174 198
174 199
174 180
174 182
176 196
179 186
179 187
179 195
179 198
180 196
180 186
181 194
182 199
183 188
185 198
186 195
189 192
191 192
