0 128
0 133
0 13
0 14
0 144
0 22
0 29
0 159
0 161
0 37
0 41
0 42
0 50
0 158
0 54
0 184
0 57
0 58
0 62
0 181
0 68
0 70
0 71
0 72
0 141
0 81
0 82
0 88
0 95
0 96
0 100
0 105
0 107
0 124
1 176
1 66
1 99
1 197
1 195
1 142
1 16
1 115
1 123
1 189
2 27
2 80
2 19
2 86
2 7
2 119
2 90
2 11
2 125
3 50
3 198
3 159
3 29
3 94
3 63
4 32
4 35
4 36
4 7
4 167
4 9
4 11
4 146
4 47
4 113
4 18
4 19
4 120
4 164
4 90
4 103
4 92
4 125
4 127
5 195
5 199
5 140
5 106
5 43
5 176
5 67
5 20
5 53
5 118
5 25
5 59
5 191
6 193
6 133
6 72
6 73
6 139
6 15
6 17
6 82
6 22
6 88
6 30
6 95
6 96
6 100
6 101
6 145
6 40
6 41
6 50
6 105
6 159
6 63
7 9
7 18
7 23
7 153
7 90
7 111
7 92
7 93
7 31
7 32
7 35
7 164
7 102
7 168
7 28
7 171
7 146
7 47
7 48
7 113
7 169
7 56
7 188
7 126
7 127
8 192
8 65
8 131
8 69
8 198
8 71
8 72
8 76
8 75
8 12
8 13
8 15
8 17
8 82
8 139
8 22
8 88
8 26
8 79
8 157
8 94
8 95
8 133
8 33
8 91
8 100
8 101
8 40
8 41
8 129
8 180
8 49
8 51
8 137
8 54
8 55
8 104
8 183
9 134
9 80
9 146
9 153
9 90
9 27
9 28
9 35
9 164
9 103
9 168
9 169
9 108
9 47
9 178
9 52
9 119
9 127
9 188
9 36
10 195
10 132
10 163
10 135
10 106
10 43
10 189
10 16
10 67
10 116
10 123
10 138
11 134
11 172
11 77
11 120
11 146
11 86
11 23
11 27
11 93
11 31
11 32
11 35
11 166
11 102
11 168
11 171
11 108
11 110
11 111
11 48
11 113
11 52
11 182
11 119
11 56
11 125
11 126
12 65
12 130
12 196
12 69
12 193
12 139
12 15
12 144
12 148
12 122
12 22
12 150
12 155
12 29
12 94
12 95
12 133
12 161
12 98
12 101
12 40
12 41
12 109
12 175
12 49
12 50
12 117
12 72
12 57
12 114
13 33
13 37
13 198
13 65
13 94
13 175
13 157
13 81
13 50
13 21
13 22
13 159
13 61
13 69
13 63
14 65
14 69
14 198
14 64
14 76
14 21
14 29
14 94
14 33
14 104
14 107
14 173
14 175
14 61
14 63
15 133
15 71
15 74
15 21
15 26
15 94
15 95
15 161
15 198
15 40
15 41
15 42
15 54
15 61
15 62
16 67
16 132
16 197
16 199
16 136
16 140
16 142
16 25
16 43
16 44
16 177
16 115
16 118
16 60
16 189
16 191
17 65
17 69
17 73
17 109
17 81
17 83
17 148
17 150
17 143
17 29
17 30
17 95
17 133
17 97
17 98
17 198
17 40
17 41
17 45
17 173
17 72
17 114
17 94
17 105
17 57
18 32
18 34
18 164
18 169
18 162
18 47
18 80
18 178
18 86
18 119
18 153
18 90
18 27
18 93
18 127
19 134
19 77
19 78
19 80
19 146
19 86
19 23
19 154
19 27
19 31
19 102
19 167
19 171
19 108
19 111
19 48
19 178
19 52
19 126
20 176
20 99
20 132
20 135
20 43
20 195
20 118
20 123
20 138
20 191
21 64
21 128
21 68
21 70
21 71
21 139
21 76
21 141
21 81
21 83
21 84
21 147
21 29
21 158
21 101
21 193
21 33
21 37
21 97
21 104
21 42
21 107
21 157
21 49
21 50
21 51
21 181
21 54
21 58
21 159
21 124
21 61
21 63
22 128
22 130
22 131
22 129
22 137
22 143
22 144
22 149
22 150
22 196
22 26
22 155
22 157
22 33
22 198
22 40
22 42
22 45
22 50
22 180
22 54
22 55
22 184
22 57
22 58
22 61
22 63
22 64
22 65
22 194
22 68
22 69
22 70
22 71
22 74
22 79
22 81
22 83
22 87
22 91
22 186
22 94
22 96
22 97
22 98
22 161
22 107
22 109
22 173
22 114
22 117
22 122
23 172
23 77
23 78
23 80
23 86
23 24
23 90
23 27
23 93
23 32
23 34
23 35
23 36
23 166
23 39
23 168
23 167
23 108
23 110
23 162
23 182
23 119
23 125
24 160
24 151
24 152
24 92
24 93
24 31
24 32
24 35
24 36
24 38
24 168
24 28
24 174
24 113
24 120
24 185
24 188
25 176
25 163
25 132
25 138
25 195
25 116
25 123
25 189
26 192
26 193
26 139
26 69
26 198
26 75
26 49
26 50
26 159
26 101
26 29
26 63
27 134
27 80
27 86
27 153
27 167
27 92
27 93
27 31
27 32
27 35
27 36
27 39
27 169
27 103
27 108
27 113
27 178
27 52
27 120
27 125
27 127
28 179
28 77
28 80
28 90
28 93
28 32
28 166
28 103
28 170
28 108
28 110
28 154
28 172
28 182
28 119
28 188
28 125
29 129
29 173
29 144
29 147
29 148
29 196
29 159
29 161
29 165
29 40
29 42
29 45
29 175
29 54
29 184
29 57
29 58
29 61
29 62
29 63
29 194
29 68
29 70
29 72
29 75
29 76
29 82
29 83
29 84
29 87
29 88
29 91
29 96
29 97
29 98
29 100
29 104
29 117
29 122
29 124
29 149
30 65
30 130
30 196
30 69
30 161
30 72
30 73
30 74
30 175
30 145
30 109
30 144
30 81
30 82
30 148
30 150
30 87
30 88
30 143
30 95
30 96
30 133
30 98
30 155
30 100
30 114
30 40
30 41
30 45
30 173
30 50
30 117
30 57
30 122
30 159
30 62
30 63
31 80
31 34
31 102
31 162
31 48
31 178
31 86
31 119
31 56
31 90
31 126
32 154
32 77
32 86
32 164
32 90
32 93
32 34
32 35
32 36
32 39
32 168
32 108
32 146
32 47
32 178
32 162
32 119
32 120
32 188
32 125
33 64
33 65
33 54
33 165
33 42
33 76
33 157
33 104
33 84
33 198
33 61
33 94
33 37
34 160
34 35
34 102
34 38
34 39
34 48
34 113
34 126
34 56
34 152
34 92
34 93
34 120
35 164
35 179
35 134
35 154
35 77
35 78
35 80
35 146
35 86
35 90
35 156
35 93
35 162
35 166
35 103
35 169
35 170
35 167
35 108
35 110
35 47
35 112
35 178
35 172
35 52
35 182
35 119
35 187
35 125
35 190
36 134
36 80
36 146
36 86
36 153
36 154
36 92
36 93
36 164
36 39
36 168
36 169
36 103
36 108
36 47
36 113
36 178
36 119
36 127
37 70
37 97
37 81
37 50
37 83
37 173
37 58
37 124
37 61
37 94
38 160
38 102
38 171
38 162
38 111
38 86
38 89
38 126
39 162
39 78
39 86
39 90
39 156
39 93
39 166
39 170
39 108
39 112
39 113
39 179
39 119
39 187
39 190
40 129
40 133
40 137
40 139
40 148
40 149
40 155
40 41
40 45
40 49
40 50
40 51
40 183
40 184
40 57
40 62
40 193
40 194
40 196
40 198
40 74
40 79
40 82
40 88
40 91
40 94
40 95
40 96
40 100
40 101
40 117
40 121
40 122
41 129
41 130
41 131
41 137
41 139
41 148
41 149
41 150
41 91
41 173
41 175
41 50
41 51
41 183
41 58
41 193
41 194
41 69
41 198
41 72
41 82
41 87
41 88
41 143
41 186
41 94
41 95
41 98
41 100
41 109
41 114
41 121
42 68
42 101
42 81
42 65
42 139
42 173
42 61
42 157
42 49
42 51
42 183
42 175
43 176
43 99
43 195
43 135
43 189
43 138
43 177
43 67
43 118
43 163
43 123
43 106
43 191
44 135
44 176
44 138
44 59
44 199
44 53
45 65
45 194
45 69
45 129
45 72
45 74
45 79
45 81
45 83
45 148
45 87
45 88
45 159
45 97
45 100
45 105
45 50
45 57
45 58
45 63
46 128
46 54
46 107
46 173
46 175
46 84
46 158
46 69
47 103
47 164
47 169
47 120
47 93
47 153
48 160
48 102
48 162
48 174
48 152
48 185
48 86
48 56
48 89
48 90
48 125
48 126
49 192
49 129
49 131
49 68
49 133
49 137
49 74
49 79
49 144
49 196
49 155
49 186
49 95
49 96
49 161
49 51
49 180
49 117
49 183
49 121
49 122
49 61
49 62
49 149
50 133
50 137
50 143
50 144
50 145
50 150
50 155
50 175
50 180
50 181
50 184
50 57
50 61
50 62
50 192
50 196
50 72
50 73
50 74
50 75
50 173
50 87
50 88
50 95
50 96
50 98
50 100
50 105
50 109
50 114
50 147
50 117
50 121
50 122
50 124
51 130
51 68
51 133
51 137
51 74
51 183
51 76
51 194
51 79
51 144
51 84
51 150
51 87
51 196
51 91
51 186
51 96
51 161
51 98
51 155
51 109
51 114
51 180
51 117
51 54
51 121
51 104
51 62
51 149
52 78
52 80
52 92
52 93
52 103
52 170
52 108
52 112
52 113
52 178
52 179
52 187
52 190
53 99
53 135
53 138
53 59
53 195
53 85
53 123
54 65
54 198
54 97
54 128
54 139
54 141
54 81
54 175
54 94
54 159
54 101
54 193
54 107
54 157
54 158
54 183
54 58
54 63
55 65
55 69
55 97
55 173
55 175
55 81
55 58
55 159
55 94
55 63
56 160
56 171
56 102
56 162
56 111
56 167
56 86
56 89
56 90
56 125
56 126
57 131
57 69
57 161
57 72
57 137
57 79
57 144
57 82
57 149
57 88
57 175
57 95
57 96
57 133
57 173
57 180
57 117
57 105
57 121
57 186
57 159
57 63
58 181
58 133
58 70
58 72
58 145
58 82
58 105
58 88
58 159
58 96
58 100
58 81
58 175
58 117
58 63
59 140
59 85
60 176
60 66
60 99
60 197
60 135
60 136
60 138
60 142
60 115
60 189
61 64
61 65
61 68
61 69
61 193
61 76
61 81
61 84
61 159
61 165
61 104
61 107
61 157
61 181
61 183
61 63
62 65
62 130
62 69
62 198
62 193
62 73
62 139
62 145
62 148
62 173
62 150
62 143
62 159
62 161
62 98
62 114
62 101
62 105
62 109
62 175
62 94
62 183
63 129
63 130
63 150
63 137
63 143
63 145
63 131
63 148
63 159
63 165
63 175
63 180
63 65
63 68
63 70
63 72
63 73
63 76
63 79
63 81
63 82
63 91
63 186
63 96
63 97
63 98
63 100
63 104
63 105
63 173
63 114
63 117
64 69
64 65
64 76
64 173
64 157
64 165
65 133
65 148
65 157
65 159
65 165
65 198
65 68
65 69
65 70
65 71
65 73
65 76
65 81
65 82
65 84
65 88
65 94
65 96
65 145
65 104
65 161
65 117
65 124
66 115
66 99
66 136
66 123
67 176
67 99
67 132
67 195
67 135
67 189
67 138
67 177
67 163
67 118
67 116
67 123
67 106
67 191
68 175
68 69
68 139
68 173
68 183
68 159
69 128
69 129
69 131
69 133
69 137
69 144
69 147
69 148
69 196
69 161
69 165
69 192
69 180
69 186
69 194
69 70
69 72
69 74
69 75
69 76
69 79
69 81
69 84
69 87
69 95
69 96
69 98
69 107
69 117
69 121
69 122
70 181
70 175
70 159
70 173
70 81
71 97
71 139
71 101
71 128
71 107
71 173
71 81
71 83
71 175
72 74
72 145
72 173
72 81
72 82
72 148
72 87
72 88
72 95
72 133
72 97
72 98
72 100
72 198
72 175
72 94
72 105
72 159
72 117
73 194
73 129
73 144
73 81
73 83
73 149
73 91
73 95
73 96
73 97
73 105
73 117
73 159
74 193
74 131
74 137
74 139
74 145
74 79
74 101
74 105
74 180
74 121
74 186
75 192
75 193
75 198
75 139
75 94
75 101
76 128
76 198
76 84
76 157
76 94
76 159
76 165
76 104
76 107
76 183
77 103
77 168
77 188
77 78
77 86
77 154
77 167
78 134
78 167
78 92
78 113
78 86
78 154
78 125
79 131
79 137
79 183
79 121
79 87
79 95
79 148
79 180
79 105
79 159
80 134
80 86
80 92
80 167
80 168
80 113
80 178
80 119
80 120
80 188
80 125
81 173
81 83
81 105
81 88
81 181
81 95
81 96
81 97
81 133
81 145
81 147
81 117
81 159
81 124
82 133
82 143
82 83
82 148
82 88
82 94
82 159
82 198
82 173
83 145
83 96
83 97
83 100
83 105
83 181
84 128
84 198
84 141
84 158
84 104
84 107
84 173
84 157
84 183
85 99
85 135
85 140
86 152
86 154
86 156
86 168
86 170
86 171
86 174
86 178
86 179
86 151
86 190
86 92
86 93
86 188
86 167
86 108
86 146
86 111
86 112
86 119
86 125
87 129
87 194
87 131
87 133
87 137
87 183
87 149
87 91
87 105
87 180
87 121
87 186
87 95
88 130
88 109
88 150
88 143
88 198
88 94
88 95
88 98
88 100
88 114
88 175
89 160
89 162
89 171
89 174
89 111
89 152
89 151
89 185
90 146
90 93
90 168
90 103
90 113
90 120
90 188
90 127
91 194
91 133
91 198
91 183
91 145
91 149
91 94
91 95
91 105
91 159
92 134
92 162
92 93
92 108
92 113
92 178
92 119
92 125
93 164
93 134
93 162
93 153
93 154
93 168
93 108
93 113
93 169
93 120
93 188
93 125
93 127
94 129
94 193
94 139
94 144
94 155
94 161
94 181
94 184
94 192
94 194
94 196
94 198
94 95
94 96
94 165
94 100
94 101
94 104
94 122
94 183
95 131
95 133
95 137
95 139
95 145
95 148
95 150
95 173
95 175
95 180
95 193
95 194
95 198
95 143
95 97
95 98
95 101
95 105
95 109
95 114
96 130
96 193
96 139
96 148
96 198
96 159
96 97
96 98
96 114
96 101
96 145
96 105
96 109
96 175
96 183
97 145
97 144
97 100
97 105
97 117
97 159
98 130
98 196
98 161
98 183
98 143
98 144
98 150
98 155
98 133
98 100
98 114
98 109
98 105
98 122
98 159
99 197
99 136
99 142
99 163
99 106
99 176
99 115
99 118
99 123
99 191
100 130
100 133
100 109
100 173
100 148
100 150
100 143
100 159
100 198
100 175
100 114
101 139
101 133
101 144
101 155
101 161
101 198
101 184
102 162
102 167
102 126
103 134
103 146
103 154
103 164
103 166
103 168
103 108
103 110
103 172
103 182
103 188
103 127
104 128
104 165
104 198
104 107
104 141
104 157
104 183
104 159
105 129
105 130
105 131
105 161
105 194
105 148
105 149
105 173
105 137
105 155
105 114
105 145
105 175
105 180
105 117
105 121
105 184
105 159
106 163
106 132
106 118
106 123
106 191
107 165
107 173
107 175
108 134
108 167
108 168
108 113
108 178
108 119
108 188
109 196
109 143
109 144
109 155
109 161
109 114
109 183
109 184
109 122
109 159
110 188
110 112
110 179
110 156
110 125
111 160
111 171
111 162
111 152
111 167
111 125
112 166
112 134
112 168
112 188
112 170
112 179
112 187
112 125
112 190
112 182
113 134
113 178
113 146
114 130
114 133
114 183
114 143
114 144
114 150
114 161
114 117
114 159
115 197
115 135
115 136
115 138
115 176
115 142
115 195
115 123
115 189
116 132
116 135
116 138
116 177
116 163
116 118
116 191
117 130
117 198
117 193
117 139
117 148
117 159
117 145
117 183
118 176
118 132
118 195
118 123
118 189
118 191
119 153
119 168
119 167
119 178
119 169
119 120
119 188
119 125
120 164
120 169
120 125
120 162
120 146
120 153
120 127
121 133
121 137
121 183
121 148
121 180
121 186
121 159
122 196
122 198
122 139
122 173
122 150
122 175
123 197
123 195
123 136
123 142
123 177
123 163
123 191
124 173
124 175
125 134
125 146
125 154
125 166
125 168
125 171
125 172
125 178
125 179
125 182
125 187
125 190
126 162
126 152
126 167
127 146
127 178
128 165
128 141
128 175
128 158
129 193
129 194
129 198
129 145
129 148
129 149
129 159
130 133
130 183
130 159
130 161
131 133
131 137
131 183
131 180
131 159
132 189
132 138
132 177
132 163
132 191
133 193
133 139
133 194
133 148
133 149
133 186
133 173
133 175
133 180
133 183
134 168
134 170
134 167
135 163
135 199
135 140
135 177
135 138
136 176
136 189
136 195
137 198
137 183
137 148
137 180
137 186
137 159
138 177
138 199
138 191
139 192
139 198
139 144
139 196
139 155
139 161
139 184
141 158
141 173
141 175
142 195
142 176
142 189
143 161
143 159
143 144
143 150
144 196
144 148
144 150
144 159
144 175
144 183
145 194
145 161
145 159
148 173
148 161
148 159
148 175
148 180
149 194
150 161
150 183
150 184
151 152
151 185
152 160
152 171
152 162
152 174
152 185
153 164
153 169
154 168
154 188
154 167
155 198
155 173
155 175
155 183
156 182
156 166
156 168
156 187
156 190
157 165
157 181
157 198
158 175
158 173
159 173
159 165
159 180
159 192
159 186
160 171
160 162
161 198
161 193
161 175
161 173
161 183
162 171
163 176
163 177
164 169
165 198
165 173
166 168
166 170
166 190
167 171
167 178
168 170
168 179
168 187
168 190
170 188
170 172
172 179
172 182
172 187
172 188
173 196
173 175
173 184
173 181
175 196
175 181
175 184
176 199
176 191
177 195
177 189
179 188
180 183
181 198
182 187
182 188
182 190
183 198
183 194
183 184
183 186
184 198
187 190
189 197
191 195
192 198
194 198
195 197
196 198
