0 128
0 129
0 131
0 4
0 6
0 71
0 8
0 75
0 142
0 15
0 16
0 164
0 24
0 68
0 155
0 29
0 144
0 100
0 38
0 41
0 174
0 72
0 51
0 118
0 120
0 59
0 124
0 61
0 191
2 66
2 5
2 7
2 140
2 76
2 130
2 158
2 19
2 20
2 152
2 25
2 27
2 28
2 93
2 30
2 69
2 101
2 38
2 97
2 170
2 109
2 125
2 48
2 83
2 53
2 54
2 84
2 94
2 190
3 184
4 64
4 68
4 133
4 70
4 135
4 151
4 12
4 145
4 18
4 87
4 88
4 132
4 90
4 198
4 29
4 182
4 35
4 164
4 102
4 38
4 39
4 40
4 171
4 173
4 111
4 50
4 116
4 54
4 55
4 120
4 185
4 59
4 183
4 134
4 191
5 97
5 130
6 65
6 194
6 139
6 132
6 118
6 70
6 135
6 72
6 9
6 11
6 162
6 142
6 141
6 120
6 18
6 147
6 21
6 151
6 24
6 154
6 156
6 182
6 161
6 34
6 38
6 41
6 171
6 108
6 173
6 178
6 179
6 54
6 169
6 56
6 185
6 122
6 187
6 126
7 97
7 130
8 68
8 182
8 70
8 71
8 75
8 16
8 145
8 18
8 151
8 90
8 135
8 29
8 38
8 171
8 44
8 173
8 54
8 183
8 120
8 185
8 59
8 191
9 64
9 198
9 107
9 71
9 138
9 75
9 12
9 13
9 79
9 80
9 145
9 87
9 88
9 90
9 103
9 92
9 29
9 16
9 35
9 36
9 134
9 39
9 40
9 161
9 42
9 43
9 44
9 174
9 111
9 50
9 116
9 55
9 121
9 183
11 64
11 192
11 107
11 133
11 71
11 138
11 75
11 79
11 16
11 134
11 151
11 135
11 185
11 198
11 35
11 70
11 38
11 39
11 105
11 42
11 103
11 44
11 173
11 174
11 111
11 54
11 55
11 121
11 102
12 128
12 65
12 131
12 129
12 162
12 13
12 15
12 141
12 18
12 147
12 139
12 164
12 154
12 155
12 156
12 161
12 34
12 100
12 38
12 102
12 169
12 135
12 108
12 173
12 112
12 113
12 178
12 179
12 62
12 182
12 56
12 122
12 187
12 126
13 133
13 135
13 138
13 141
13 16
13 18
13 154
13 29
13 161
13 34
13 35
13 36
13 38
13 39
13 40
13 169
13 42
13 43
13 173
13 157
13 50
13 182
13 55
13 56
13 187
13 64
13 65
13 198
13 75
13 79
13 80
13 87
13 88
13 90
13 92
13 102
13 103
13 107
13 108
13 111
13 116
13 122
13 183
14 85
14 110
14 181
15 64
15 107
15 68
15 70
15 80
15 171
15 151
15 88
15 132
15 92
15 29
15 36
15 198
15 38
15 39
15 40
15 42
15 43
15 111
15 50
15 116
15 54
15 55
15 120
15 185
15 59
15 61
15 191
16 132
16 179
16 135
16 139
16 144
16 18
16 147
16 21
16 24
16 153
16 154
16 156
16 157
16 162
16 38
16 41
16 199
16 44
16 178
16 51
16 54
16 56
16 59
16 188
16 62
16 191
16 192
16 194
16 68
16 182
16 71
16 141
16 82
16 91
16 96
16 102
16 105
16 113
16 169
16 120
16 121
16 122
16 124
16 126
16 195
18 128
18 192
18 131
18 133
18 138
18 142
18 21
18 155
18 29
18 161
18 35
18 36
18 134
18 39
18 40
18 41
18 42
18 43
18 44
18 174
18 50
18 54
18 55
18 188
18 61
18 62
18 64
18 198
18 71
18 72
18 75
18 79
18 80
18 82
18 87
18 88
18 164
18 91
18 92
18 144
18 100
18 103
18 105
18 107
18 111
18 112
18 116
18 118
18 121
18 124
19 152
19 97
19 130
19 170
20 48
20 97
20 130
21 192
21 195
21 38
21 71
21 105
21 75
21 44
21 173
21 174
21 157
21 54
21 121
21 59
21 135
21 102
21 182
22 32
22 168
22 52
24 192
24 171
24 68
24 133
24 71
24 75
24 145
24 195
24 151
24 135
24 29
24 185
24 35
24 102
24 38
24 105
24 42
24 107
24 44
24 173
24 157
24 54
24 183
24 120
24 121
24 59
24 70
24 134
24 191
25 97
25 130
26 49
26 104
26 186
26 60
26 46
26 159
27 97
27 98
27 130
28 97
28 130
28 189
28 95
29 129
29 131
29 132
29 135
29 128
29 142
29 144
29 145
29 147
29 150
29 151
29 154
29 155
29 161
29 34
29 164
29 165
29 38
29 41
29 171
29 172
29 173
29 51
29 54
29 183
29 56
29 185
29 59
29 188
29 61
29 62
29 63
29 65
29 68
29 182
29 70
29 72
29 141
29 90
29 96
29 187
29 100
29 102
29 108
29 118
29 169
29 120
29 122
29 191
29 124
30 97
30 66
30 130
32 86
32 47
33 97
33 140
33 109
34 64
34 138
34 75
34 79
34 80
34 87
34 88
34 90
34 103
34 92
34 161
34 36
34 198
34 39
34 40
34 43
34 108
34 111
34 50
34 183
34 56
34 187
35 128
35 194
35 139
35 147
35 150
35 157
35 165
35 161
35 164
35 38
35 102
35 169
35 42
35 172
35 113
35 178
35 62
35 182
35 195
35 126
35 63
36 65
36 194
36 131
36 129
36 141
36 147
36 150
36 154
36 155
36 157
36 161
36 100
36 165
36 102
36 169
36 135
36 108
36 173
36 112
36 113
36 172
36 62
36 182
36 122
36 187
36 195
36 61
36 126
36 63
38 128
38 131
38 129
38 142
38 145
38 150
38 151
38 132
38 155
38 156
38 161
38 162
38 164
38 134
38 39
38 40
38 41
38 42
38 171
38 172
38 174
38 178
38 179
38 54
38 55
38 185
38 59
38 188
38 61
38 62
38 63
38 68
38 71
38 72
38 183
38 80
38 87
38 88
38 153
38 90
38 91
38 199
38 130
38 96
38 97
38 100
38 165
38 144
38 107
38 111
38 112
38 113
38 116
38 118
38 120
38 191
38 124
38 126
39 128
39 65
39 194
39 131
39 129
39 141
39 147
39 139
39 164
39 154
39 155
39 157
39 161
39 100
39 102
39 108
39 112
39 113
39 178
39 62
39 182
39 55
39 122
39 187
39 195
39 61
39 126
39 63
40 128
40 65
40 131
40 129
40 141
40 147
40 164
40 154
40 155
40 157
40 161
40 100
40 102
40 169
40 135
40 108
40 173
40 112
40 182
40 56
40 122
40 187
40 61
40 195
41 192
41 195
41 71
41 75
41 145
41 90
41 135
41 102
41 105
41 171
41 44
41 173
41 174
41 157
41 182
41 183
41 120
41 121
41 191
42 129
42 131
42 133
42 134
42 135
42 147
42 139
42 155
42 156
42 157
42 161
42 162
42 100
42 102
42 169
42 173
42 112
42 113
42 178
42 179
42 62
42 182
42 61
42 126
42 195
43 128
43 65
43 195
43 129
43 141
43 147
43 154
43 155
43 161
43 100
43 102
43 169
43 135
43 108
43 173
43 182
43 122
43 187
43 61
43 62
44 192
44 194
44 139
44 132
44 182
44 70
44 71
44 147
44 151
44 169
44 91
44 156
44 157
44 188
44 144
44 162
44 102
44 105
44 135
44 173
44 113
44 178
44 179
44 54
44 56
44 185
44 124
44 126
44 195
45 97
46 186
46 60
46 114
46 175
47 168
47 52
47 86
48 97
48 130
49 186
49 60
49 114
49 175
50 128
50 129
50 131
50 139
50 147
50 150
50 154
50 155
50 156
50 157
50 161
50 162
50 165
50 169
50 172
50 173
50 178
50 179
50 182
50 56
50 187
50 61
50 62
50 63
50 65
50 194
50 195
50 141
50 100
50 102
50 108
50 112
50 113
50 122
50 126
51 96
51 68
51 171
51 54
51 151
51 120
51 185
51 59
51 70
51 191
53 97
53 130
54 128
54 129
54 131
54 179
54 135
54 130
54 142
54 145
54 153
54 155
54 156
54 162
54 164
54 199
54 173
54 174
54 157
54 178
54 183
54 188
54 61
54 62
54 194
54 195
54 71
54 72
54 75
54 82
54 90
54 91
54 96
54 97
54 100
54 102
54 144
54 112
54 113
54 118
54 121
54 124
55 64
55 128
55 194
55 131
55 198
55 129
55 147
55 139
55 150
55 164
55 155
55 156
55 157
55 161
55 162
55 100
55 102
55 169
55 135
55 172
55 173
55 112
55 113
55 178
55 179
55 62
55 182
55 195
55 61
55 126
55 63
56 192
56 65
56 71
56 145
56 108
56 138
56 75
56 161
56 79
56 80
56 141
56 154
56 87
56 88
56 90
56 92
56 103
56 174
56 111
56 116
56 183
56 121
56 122
56 187
59 129
59 131
59 142
59 145
59 150
59 153
59 155
59 164
59 165
59 171
59 172
59 183
59 188
59 61
59 62
59 191
59 194
59 71
59 82
59 90
59 91
59 199
59 96
59 144
59 100
59 112
59 113
59 118
59 120
59 63
59 124
59 126
60 114
60 149
60 104
60 175
61 129
61 132
61 135
61 138
61 145
61 151
61 198
61 171
61 157
61 182
61 185
61 64
61 195
61 68
61 70
61 183
61 80
61 87
61 88
61 90
61 92
61 100
61 102
61 103
61 107
61 111
61 116
62 132
62 133
62 135
62 138
62 145
62 151
62 198
62 173
62 157
62 182
62 185
62 64
62 195
62 68
62 70
62 71
62 75
62 79
62 80
62 87
62 88
62 90
62 92
62 102
62 103
62 107
62 111
62 116
62 183
63 198
63 195
63 68
63 134
63 135
63 90
63 157
63 102
63 173
63 183
64 128
64 129
64 131
64 135
64 147
64 150
64 154
64 155
64 156
64 157
64 161
64 162
64 164
64 169
64 172
64 173
64 178
64 179
64 182
64 187
64 65
64 139
64 100
64 102
64 108
64 112
64 113
64 122
64 126
65 138
65 75
65 79
65 145
65 87
65 90
65 103
65 92
65 161
65 198
65 174
65 111
65 183
66 97
66 130
68 128
68 194
68 131
68 71
68 75
68 82
68 150
68 153
68 90
68 155
68 199
68 96
68 100
68 165
68 113
68 129
68 171
68 164
68 112
68 126
68 118
68 183
68 120
68 191
68 188
69 97
69 84
69 130
70 128
70 129
70 131
70 179
70 142
70 144
70 195
70 153
70 156
70 162
70 164
70 199
70 174
70 157
70 178
70 188
70 192
70 194
70 139
70 71
70 72
70 75
70 82
70 91
70 96
70 97
70 100
70 102
70 105
70 112
70 113
70 118
70 121
70 124
70 126
71 132
71 139
71 142
71 147
71 151
71 156
71 157
71 162
71 169
71 171
71 178
71 179
71 182
71 185
71 188
71 191
71 192
71 194
71 72
71 91
71 144
71 102
71 105
71 113
71 120
71 121
71 124
71 126
71 195
72 195
72 132
72 182
72 75
72 151
72 135
72 157
72 102
72 171
72 173
72 174
72 120
72 191
74 114
74 175
75 132
75 135
75 139
75 142
75 147
75 151
75 154
75 156
75 157
75 173
75 178
75 179
75 185
75 187
75 188
75 191
75 194
75 182
75 162
75 141
75 91
75 102
75 108
75 113
75 118
75 169
75 120
75 122
75 126
75 195
76 97
76 130
77 119
79 194
79 131
79 135
79 138
79 141
79 147
79 139
79 156
79 157
79 161
79 162
79 102
79 103
79 169
79 108
79 173
79 112
79 113
79 178
79 179
79 182
79 122
79 187
79 126
80 129
80 195
80 135
80 139
80 147
80 155
80 157
80 161
80 100
80 102
80 169
80 108
80 173
80 112
80 113
80 178
80 182
80 187
80 126
82 135
82 173
82 132
83 97
83 130
84 97
84 130
85 136
85 146
85 197
87 128
87 131
87 135
87 141
87 147
87 154
87 161
87 164
87 102
87 169
87 108
87 173
87 112
87 113
87 182
87 122
87 187
88 128
88 129
88 131
88 135
88 147
88 164
88 155
88 157
88 100
88 102
88 169
88 108
88 173
88 112
88 187
88 195
90 128
90 131
90 135
90 142
90 144
90 147
90 161
90 164
90 165
90 173
90 157
90 188
90 195
90 187
90 102
90 108
90 112
90 113
90 118
90 169
90 120
90 122
90 191
90 124
91 192
91 132
91 105
91 151
91 185
91 182
92 131
92 129
92 141
92 147
92 154
92 161
92 102
92 169
92 135
92 108
92 173
92 112
92 182
92 122
92 187
93 97
93 130
94 97
94 130
95 97
96 151
96 132
96 185
97 132
97 140
97 130
97 158
97 109
97 196
97 151
97 152
97 101
97 167
97 170
97 125
97 189
97 185
97 190
98 125
100 107
100 182
100 135
100 131
100 171
100 151
100 198
100 102
100 173
100 157
100 112
100 116
100 120
100 185
100 195
100 191
101 130
102 128
102 192
102 131
102 133
102 172
102 138
102 142
102 150
102 151
102 132
102 155
102 156
102 161
102 162
102 134
102 178
102 179
102 185
102 198
102 139
102 164
102 165
102 144
102 103
102 105
102 107
102 111
102 112
102 116
102 118
102 153
102 121
102 124
102 126
103 194
103 131
103 135
103 138
103 141
103 147
103 139
103 154
103 156
103 157
103 161
103 162
103 169
103 108
103 173
103 112
103 113
103 178
103 179
103 182
103 122
103 187
103 126
103 195
104 186
104 114
104 175
105 194
105 139
105 132
105 120
105 151
105 156
105 135
105 179
105 182
105 121
105 126
105 191
107 129
107 133
107 134
107 135
107 139
107 131
107 155
107 156
107 157
107 161
107 162
107 173
107 112
107 113
107 178
107 179
107 182
107 195
108 138
108 145
108 161
108 198
108 111
108 183
108 187
109 130
110 136
110 146
110 197
111 128
111 194
111 131
111 129
111 141
111 147
111 139
111 164
111 154
111 156
111 157
111 161
111 162
111 169
111 135
111 173
111 112
111 113
111 178
111 179
111 122
111 187
111 126
111 195
112 198
112 132
112 195
112 182
112 129
112 138
112 151
112 135
112 145
112 191
112 155
112 173
112 116
112 120
112 185
112 183
113 192
113 132
113 195
113 133
113 138
113 145
113 135
113 157
113 185
113 198
113 174
113 121
113 151
113 183
113 134
114 149
114 186
114 159
116 128
116 129
116 131
116 135
116 147
116 155
116 157
116 161
116 169
116 173
116 182
116 187
116 195
118 195
118 182
118 135
118 145
118 151
118 132
118 171
118 173
118 174
118 157
118 183
118 120
118 185
118 191
120 128
120 131
120 192
120 142
120 145
120 188
120 155
120 144
120 171
120 124
121 192
121 194
121 132
121 139
121 147
121 151
121 169
121 156
121 157
121 144
121 162
121 135
121 173
121 178
121 179
121 185
121 124
121 126
121 195
122 138
122 145
122 161
122 198
122 174
122 183
124 195
124 182
124 145
124 151
124 135
124 157
124 171
124 173
124 183
124 191
126 192
126 132
126 195
126 133
126 138
126 139
126 151
126 156
126 157
126 185
126 198
126 162
126 135
126 173
126 174
126 179
126 134
128 171
128 133
128 135
128 151
128 145
128 195
128 132
128 198
128 182
128 173
128 157
128 185
128 183
128 134
128 191
129 131
129 171
129 198
129 185
129 191
130 140
130 158
130 152
130 170
130 190
131 132
131 135
131 138
131 145
131 151
131 155
131 198
131 171
131 173
131 157
131 182
131 185
131 191
131 195
131 183
132 192
132 194
132 142
132 153
132 199
132 164
132 135
132 173
132 174
132 157
132 188
132 195
133 194
133 139
133 135
133 195
133 150
133 156
133 157
133 161
133 162
133 164
133 165
133 172
133 173
133 178
133 179
133 182
134 194
134 139
134 135
134 147
134 150
134 156
134 157
134 165
134 161
134 162
134 164
134 169
134 172
134 173
134 178
134 179
134 182
134 195
135 192
135 172
135 138
135 142
135 150
135 151
135 155
135 156
135 161
135 162
135 174
135 178
135 179
135 185
135 188
135 194
135 139
135 198
135 199
135 164
135 165
135 144
135 153
136 181
138 194
138 141
138 147
138 139
138 154
138 156
138 157
138 162
138 169
138 173
138 178
138 179
138 182
138 195
139 192
139 194
139 195
139 151
139 185
139 198
139 173
139 174
141 145
141 161
141 198
141 174
141 183
142 195
142 182
142 145
142 151
142 171
142 173
142 174
142 157
142 183
142 185
142 191
144 195
144 182
144 145
144 151
144 157
144 185
144 171
144 173
144 183
144 191
145 147
145 150
145 154
145 188
145 161
145 187
145 164
145 165
145 172
145 169
145 191
146 181
147 198
147 161
147 174
147 183
149 186
150 198
150 183
150 173
150 157
150 195
151 195
151 153
151 155
151 164
151 174
151 157
151 178
151 188
151 192
153 195
153 173
153 157
153 185
153 182
154 161
154 198
154 174
154 183
155 182
155 198
155 195
155 171
155 173
155 157
155 185
155 191
156 192
156 194
156 195
156 157
156 173
156 174
157 195
157 161
157 162
157 165
157 178
157 198
157 194
157 164
159 186
159 175
161 169
161 173
161 174
161 182
161 187
161 195
161 198
161 183
162 198
162 194
162 195
162 173
162 174
164 195
164 198
164 182
164 171
164 173
164 185
164 183
164 191
165 198
165 173
165 195
165 183
169 198
169 174
169 183
171 188
171 174
171 191
172 198
172 183
172 173
172 195
173 178
173 174
173 179
173 185
173 188
173 194
173 198
173 199
174 194
174 182
174 178
174 179
174 185
175 186
178 198
178 195
178 185
179 192
179 194
179 198
181 197
182 192
182 188
182 198
183 188
183 187
183 191
185 194
185 188
187 198
188 191
192 194
194 195
