0 4
0 5
0 10
0 11
0 15
0 17
0 18
0 147
0 20
0 150
0 23
0 132
0 179
0 32
0 161
0 162
0 164
0 41
0 171
0 173
0 46
0 175
0 48
0 189
0 51
0 184
0 186
0 60
0 62
0 139
0 198
0 71
0 73
0 75
0 77
0 78
0 80
0 83
0 84
0 85
0 199
0 99
0 103
0 108
0 112
0 169
1 65
1 195
1 72
1 141
1 144
1 145
1 82
1 83
1 22
1 88
1 25
1 28
1 158
1 31
1 33
1 34
1 100
1 101
1 41
1 43
1 47
1 48
1 136
1 50
1 180
1 117
1 54
1 183
1 184
1 60
1 126
2 19
2 197
2 86
2 91
2 140
2 13
3 56
3 105
4 128
4 195
4 150
4 72
4 144
4 82
4 22
4 25
4 88
4 89
4 154
4 92
4 31
4 34
4 28
4 44
4 18
4 175
4 49
4 117
4 183
4 126
5 160
5 34
5 68
5 179
5 198
5 143
5 80
5 49
5 18
5 147
5 150
5 152
5 175
5 188
6 64
6 75
6 139
6 78
6 18
6 83
6 20
6 161
6 99
6 195
6 41
6 106
6 176
6 48
6 184
6 186
6 61
8 64
8 130
8 68
8 199
8 72
8 74
8 88
8 163
8 149
8 150
8 24
8 152
8 92
8 154
8 30
8 114
8 100
8 101
8 178
8 156
8 170
8 82
8 111
8 48
8 157
8 50
8 184
8 124
8 61
9 128
9 129
9 130
9 10
9 141
9 14
9 17
9 22
9 25
9 154
9 155
9 156
9 31
9 33
9 163
9 169
9 43
9 44
9 173
9 47
9 50
9 54
9 183
9 59
9 190
9 191
9 65
9 194
9 71
9 62
9 76
9 142
9 88
9 114
9 117
9 63
9 126
10 128
10 150
10 134
10 139
10 141
10 15
10 18
10 147
10 20
10 22
10 23
10 25
10 28
10 31
10 34
10 163
10 38
10 40
10 156
10 43
10 44
10 48
10 49
10 179
10 183
10 184
10 186
10 60
10 190
10 63
10 64
10 66
10 195
10 72
10 82
10 142
10 88
10 89
10 100
10 168
10 117
10 126
11 48
11 83
11 64
11 160
11 107
11 188
11 184
12 100
12 41
12 106
12 60
12 144
12 82
12 22
12 88
12 15
12 28
13 192
13 36
13 39
13 104
13 105
13 98
13 109
13 16
13 115
13 55
13 56
13 90
13 29
13 159
14 66
14 68
14 71
14 75
14 17
14 146
14 151
14 152
14 26
14 96
14 161
14 103
14 40
14 46
14 174
14 112
14 52
14 182
14 121
14 87
14 187
14 138
14 190
14 127
15 160
15 67
15 71
15 137
15 79
15 17
15 83
15 164
15 135
15 95
15 32
15 188
15 131
15 167
15 41
15 106
15 107
15 111
15 48
15 189
15 116
15 53
15 184
15 57
15 60
15 61
15 181
16 91
16 122
16 119
17 128
17 130
17 134
17 136
17 190
17 141
17 145
17 146
17 84
17 89
17 28
17 93
17 31
17 96
17 144
17 40
17 92
17 168
17 50
17 180
17 117
17 54
17 183
17 188
17 126
17 63
18 129
18 194
18 71
18 73
18 74
18 151
18 77
18 81
18 84
18 174
18 87
18 24
18 132
18 26
18 157
18 182
18 160
18 148
18 70
18 166
18 196
18 107
18 46
18 52
18 138
18 116
18 188
18 127
19 39
19 55
19 98
20 65
20 195
20 69
20 71
20 108
20 77
20 144
20 145
20 84
20 22
20 89
20 154
20 156
20 158
20 33
20 34
20 163
20 168
20 44
20 114
20 128
20 180
20 134
21 56
21 105
22 66
22 67
22 196
22 71
22 87
22 194
22 78
22 81
22 85
22 151
22 152
22 26
22 95
22 99
22 100
22 165
22 129
22 76
22 51
22 52
22 181
22 182
22 121
22 187
22 138
22 62
22 127
23 66
23 71
23 72
23 126
23 76
23 77
23 141
23 144
23 145
23 82
23 84
23 89
23 88
23 25
23 155
23 28
23 160
23 97
23 123
23 100
23 101
23 194
23 43
23 47
23 50
23 117
23 183
23 59
23 188
23 62
23 63
24 68
24 179
24 198
24 138
24 143
24 80
24 177
24 147
24 116
24 150
24 87
24 152
24 182
24 30
24 127
25 134
25 71
25 87
25 141
25 142
25 81
25 196
25 92
25 163
25 168
25 156
25 43
25 46
25 183
25 117
25 73
25 121
25 63
25 138
25 126
25 127
26 34
26 195
26 141
26 190
26 117
26 89
26 31
26 126
26 63
27 160
27 107
28 66
28 67
28 71
28 76
28 87
28 82
28 95
28 32
28 164
28 139
28 38
28 40
28 103
28 108
28 146
28 96
28 51
28 52
28 182
28 137
28 121
28 186
28 138
28 62
28 127
29 115
29 193
29 35
29 133
29 120
29 42
29 172
29 110
29 125
30 34
30 67
30 132
30 166
30 70
30 143
30 177
30 131
30 195
30 31
31 194
31 67
31 68
31 69
31 71
31 139
31 76
31 78
31 79
31 152
31 146
31 131
31 85
31 121
31 137
31 93
31 96
31 99
31 81
31 40
31 169
31 196
31 108
31 46
31 116
31 73
31 57
31 186
31 187
31 62
32 160
32 72
32 41
32 106
32 82
32 50
32 83
32 170
33 69
33 139
33 78
33 79
33 137
33 93
33 99
33 103
33 40
33 108
33 46
33 112
33 51
33 73
33 121
33 186
33 187
34 132
34 129
34 137
34 139
34 149
34 151
34 160
34 162
34 169
34 171
34 173
34 46
34 178
34 51
34 52
34 58
34 187
34 62
34 194
34 68
34 69
34 71
34 73
34 76
34 79
34 85
34 87
34 186
34 99
34 107
34 174
34 153
34 121
34 124
34 127
35 193
35 98
35 104
37 56
37 105
38 128
38 65
38 71
38 72
38 141
38 142
38 144
38 82
38 88
38 154
38 156
38 92
38 158
38 163
38 44
38 117
38 183
38 126
38 63
39 133
39 102
39 140
39 172
39 110
39 86
39 120
39 185
39 125
39 197
40 65
40 194
40 136
40 76
40 79
40 144
40 82
40 173
40 158
40 162
40 101
40 145
40 171
40 114
40 72
40 50
40 180
40 190
40 54
40 62
41 196
41 73
41 81
41 84
41 57
41 164
41 165
41 107
41 46
41 181
41 121
41 188
42 193
42 120
42 125
42 94
43 128
43 134
43 129
43 139
43 194
43 142
43 154
43 156
43 161
43 163
43 168
43 171
43 44
43 46
43 176
43 51
43 137
43 57
43 187
43 62
43 66
43 67
43 196
43 69
43 71
43 73
43 75
43 76
43 78
43 79
43 81
43 85
43 92
43 103
43 112
43 116
43 121
44 128
44 67
44 134
44 71
44 75
44 76
44 131
44 87
44 196
44 154
44 92
44 116
44 81
44 161
44 176
44 183
44 52
44 73
44 57
44 187
44 151
44 138
46 130
46 136
46 141
46 150
46 154
46 155
46 158
46 160
46 170
46 47
46 48
46 49
46 50
46 179
46 183
46 59
46 190
46 63
46 64
46 65
46 175
46 195
46 199
46 72
46 80
46 89
46 92
46 97
46 101
46 106
46 107
46 191
46 111
46 114
46 117
46 189
46 123
46 126
47 196
47 69
47 138
47 87
47 108
47 81
47 52
47 73
47 121
47 182
47 127
48 194
48 131
48 196
48 129
48 73
48 76
48 77
48 84
48 151
48 71
48 160
48 177
48 52
48 121
48 62
49 149
49 153
49 132
49 160
49 107
49 178
49 116
49 118
49 124
49 127
50 194
50 67
50 196
50 69
50 129
50 138
50 87
50 79
50 131
50 121
50 171
50 137
50 93
50 95
50 116
50 162
50 164
50 169
50 103
50 108
50 51
50 52
50 182
50 73
50 57
50 62
50 127
51 65
51 130
51 107
51 161
51 72
51 144
51 82
51 195
51 78
51 89
51 158
51 160
51 99
51 100
51 170
51 114
51 176
51 54
51 183
51 59
51 188
52 128
52 130
52 134
52 149
52 152
52 154
52 155
52 156
52 163
52 170
52 178
52 179
52 184
52 58
52 190
52 64
52 195
52 68
52 198
52 199
52 80
52 82
52 83
52 142
52 88
52 89
52 92
52 100
52 111
52 117
52 118
52 123
52 124
52 126
54 67
54 75
54 146
54 85
54 121
54 93
54 96
54 161
54 162
54 99
54 169
54 176
54 173
54 112
54 137
54 57
54 187
55 197
55 86
55 185
56 113
56 119
56 122
56 91
57 67
57 118
57 134
57 136
57 142
57 145
57 83
57 92
57 163
57 101
57 106
57 114
57 180
57 183
57 191
58 116
58 67
58 195
58 174
58 131
58 150
58 151
59 99
59 196
59 69
59 103
59 73
59 75
59 108
59 78
59 112
59 81
59 85
59 176
60 194
60 71
60 76
60 81
60 87
60 95
60 160
60 165
60 129
60 116
60 181
60 182
60 121
60 188
60 62
60 127
61 160
61 196
61 177
61 73
61 107
61 76
61 81
61 87
61 84
61 188
61 127
62 130
62 199
62 72
62 75
62 78
62 144
62 146
62 93
62 96
62 100
62 170
62 82
62 111
62 183
62 184
63 66
63 79
63 162
63 169
63 171
63 173
63 138
63 127
64 131
64 177
64 121
64 71
64 73
64 81
64 196
64 174
64 151
64 116
64 127
65 96
65 66
65 69
65 73
65 139
65 121
65 186
65 93
66 128
66 134
66 71
66 141
66 190
66 144
66 82
66 88
66 154
66 156
66 92
66 158
66 163
66 100
66 168
66 117
66 183
66 126
67 68
67 134
67 72
67 74
67 142
67 144
67 152
67 82
67 149
67 88
67 153
67 154
67 143
67 92
67 157
67 163
67 100
67 178
67 170
67 114
67 183
67 124
67 191
68 132
68 70
68 88
68 195
68 151
68 100
68 174
68 116
68 190
68 127
69 130
69 107
69 72
69 75
69 78
69 145
69 195
69 85
69 155
69 186
69 158
69 160
69 187
69 101
69 114
69 176
69 183
69 139
69 188
70 81
70 196
70 152
70 143
71 128
71 134
71 139
71 141
71 154
71 160
71 161
71 163
71 168
71 156
71 184
71 186
71 187
71 190
71 195
71 72
71 75
71 78
71 82
71 142
71 93
71 96
71 100
71 188
71 107
71 117
71 126
71 85
72 194
72 73
72 76
72 81
72 146
72 131
72 129
72 196
72 103
72 108
72 112
72 177
72 116
72 137
72 121
73 128
73 130
73 134
73 142
73 147
73 150
73 155
73 156
73 158
73 160
73 163
73 168
73 170
73 189
73 179
73 183
73 184
73 188
73 195
73 198
73 199
73 80
73 83
73 88
73 89
73 92
73 100
73 106
73 107
73 111
73 123
74 147
74 81
74 138
74 80
74 179
74 116
74 182
74 87
74 196
74 127
75 129
75 194
75 136
75 108
75 76
75 145
75 84
75 89
75 155
75 160
75 97
75 123
75 101
75 142
75 112
75 114
75 180
75 183
75 191
76 128
76 134
76 144
76 146
76 154
76 156
76 161
76 163
76 183
76 176
76 186
76 187
76 189
76 190
76 195
76 199
76 82
76 142
76 88
76 89
76 92
76 93
76 96
76 99
76 100
76 111
76 168
76 85
77 199
77 139
77 79
77 85
77 99
77 169
77 107
77 111
77 187
77 188
78 128
78 194
78 195
78 176
78 154
78 103
78 92
78 160
78 100
78 134
78 97
78 161
78 108
78 112
78 168
78 155
78 183
79 160
79 130
79 141
79 82
79 195
79 84
79 96
79 101
79 170
79 107
79 146
79 180
79 183
79 191
79 188
80 132
80 151
80 157
80 81
80 147
80 174
80 138
80 87
80 116
80 182
81 128
81 150
81 136
81 175
81 142
81 144
81 145
81 148
81 152
81 154
81 155
81 156
81 163
81 198
81 166
81 189
81 183
81 184
81 191
81 82
81 97
81 101
81 106
81 114
81 118
81 123
81 124
82 131
82 129
82 137
82 151
82 194
82 144
82 146
82 164
82 165
82 174
82 177
82 181
82 196
82 87
82 93
82 95
82 96
82 103
82 108
82 112
82 116
82 121
82 127
83 196
83 138
83 87
83 164
83 188
83 107
83 174
83 121
83 151
83 127
84 137
84 139
84 160
84 161
84 99
84 106
84 107
84 111
84 189
84 169
84 184
84 186
84 188
85 128
85 107
85 134
85 136
85 108
85 142
85 163
85 89
85 154
85 92
85 160
85 99
85 101
85 195
85 168
85 114
85 180
85 183
85 188
85 190
85 191
86 98
86 115
86 104
87 130
87 134
87 144
87 147
87 157
87 163
87 168
87 179
87 189
87 190
87 195
87 198
87 142
87 89
87 92
87 106
87 111
87 117
87 118
87 126
88 151
88 131
88 152
88 95
88 177
88 181
88 116
88 127
89 139
89 169
89 171
89 112
89 186
89 127
90 192
90 109
91 104
91 98
92 134
92 138
92 151
92 131
92 156
92 116
92 99
92 168
92 169
92 171
92 173
92 174
92 177
92 183
92 127
93 130
93 171
93 129
93 137
93 194
93 158
93 162
93 101
93 169
93 170
93 173
93 190
93 191
94 115
95 130
95 100
95 106
95 144
95 170
96 129
96 136
96 144
96 158
96 162
96 101
96 169
96 171
96 173
96 180
96 190
96 191
97 161
97 99
97 196
97 103
97 176
98 193
98 120
98 185
98 125
99 128
99 145
99 154
99 123
99 100
99 101
99 103
99 168
99 108
99 112
99 114
99 134
99 191
100 139
100 131
100 152
100 196
100 112
100 165
100 103
100 129
100 177
100 181
100 121
100 186
100 187
100 151
100 127
101 139
101 196
101 137
101 146
101 161
101 108
101 176
101 177
101 116
101 121
101 186
101 187
102 104
103 107
103 144
103 155
103 160
103 114
103 183
103 188
104 193
104 133
104 172
104 140
104 120
104 125
105 113
105 119
105 122
106 164
106 121
106 138
106 182
106 127
107 137
107 147
107 150
107 167
107 169
107 175
107 187
107 195
107 188
107 108
107 189
108 130
108 139
108 144
108 195
108 160
108 187
108 186
108 188
111 129
111 194
111 131
111 196
111 138
111 151
111 174
111 160
111 182
111 127
112 130
112 161
112 144
112 155
112 160
112 170
112 176
112 183
112 190
112 191
114 196
114 146
114 131
114 121
114 161
114 176
114 177
114 116
114 137
114 186
114 187
115 197
115 185
115 120
115 140
115 125
116 130
116 198
116 147
116 149
116 150
116 153
116 152
116 175
116 154
116 178
116 145
116 124
116 170
116 157
116 163
116 118
116 183
117 174
117 162
117 169
117 171
117 173
117 182
117 151
117 127
118 131
118 196
118 182
118 138
118 151
118 174
118 175
118 195
118 150
118 127
119 122
121 130
121 195
121 144
121 145
121 158
121 136
121 180
121 183
121 184
121 170
121 190
121 191
123 161
123 196
123 174
123 176
123 155
123 151
124 196
124 195
124 175
124 131
124 150
124 151
126 174
126 162
126 169
126 171
126 173
126 151
126 138
126 127
127 130
127 134
127 141
127 152
127 147
127 150
127 175
127 156
127 157
127 163
127 168
127 170
127 190
127 199
127 189
127 142
128 171
128 139
128 163
128 196
128 156
128 162
128 169
128 142
128 173
128 186
128 187
128 183
129 195
129 176
129 146
129 170
129 183
129 184
130 138
130 131
130 174
130 151
130 137
130 169
130 171
130 177
131 134
131 199
131 142
131 149
131 153
131 143
131 157
131 163
131 178
131 168
131 156
131 170
131 189
131 184
132 160
132 195
132 179
132 198
132 143
132 147
132 150
132 152
132 175
134 139
134 163
134 156
134 142
134 182
134 183
134 186
134 138
136 196
136 137
136 146
136 162
136 169
136 171
136 176
136 187
137 144
137 145
137 195
137 160
137 170
137 180
137 183
137 188
137 191
138 179
138 199
138 156
138 141
138 157
138 182
138 144
138 163
138 198
138 168
138 147
138 190
138 170
139 142
139 144
139 154
139 163
139 168
139 156
139 180
139 183
141 182
141 171
141 162
141 173
141 169
142 196
142 154
142 161
142 163
142 168
142 156
142 174
142 176
142 186
142 187
142 151
142 183
143 177
143 148
143 166
144 173
144 196
144 186
144 162
144 171
144 146
144 181
144 182
144 151
145 196
145 146
145 162
145 169
145 171
145 176
145 187
146 194
146 180
146 190
146 191
147 151
147 196
147 157
147 160
147 174
147 179
147 182
147 188
149 150
149 177
149 195
149 175
150 153
150 157
150 160
150 188
150 196
150 177
151 195
151 198
151 199
151 190
151 152
151 155
151 156
151 170
151 174
151 184
152 195
152 196
152 166
152 174
152 190
153 195
153 177
153 174
153 175
154 196
154 177
154 183
154 186
154 187
155 161
155 196
155 174
155 176
156 196
156 161
156 168
156 174
156 176
156 177
156 183
156 182
156 186
157 179
157 177
157 196
157 182
160 175
160 195
160 176
160 199
160 161
160 167
160 184
160 187
161 163
161 183
161 190
161 191
162 195
162 168
162 180
163 196
163 168
163 176
163 177
163 183
163 182
163 186
165 181
167 188
168 171
168 173
168 182
168 183
168 186
169 195
169 170
169 180
169 191
169 188
170 194
170 174
170 171
170 177
170 182
171 195
171 183
173 195
174 195
174 179
174 198
174 199
174 190
175 196
175 178
176 194
176 183
176 190
176 191
177 199
177 178
177 189
177 184
178 195
179 182
180 186
182 199
182 198
182 190
183 187
183 196
184 194
184 196
186 195
187 195
187 191
188 199
188 189
189 196
191 196
194 195
194 199
196 198
196 199
