0 1
0 4
0 5
0 6
0 7
0 9
0 13
0 15
0 16
0 17
0 18
0 20
0 22
0 23
0 24
0 26
0 27
0 28
0 30
0 33
0 34
0 38
0 39
0 40
0 41
0 44
0 45
0 46
0 47
0 48
0 49
0 50
0 52
0 54
0 59
0 60
0 61
0 62
0 63
0 64
0 66
0 69
0 70
0 72
0 74
0 77
0 78
0 79
0 81
0 82
0 84
0 85
0 86
0 87
0 93
0 94
0 96
0 98
0 100
0 101
0 103
0 104
0 105
0 107
0 110
0 111
0 112
0 113
0 115
0 120
0 122
0 128
0 131
0 133
0 135
0 147
0 148
0 153
0 157
0 160
0 161
0 162
0 164
0 165
0 166
0 167
0 169
0 171
0 173
0 174
0 178
0 183
0 184
0 185
0 187
0 189
0 190
0 193
0 194
0 196
0 197
1 34
1 7
1 10
1 71
1 76
1 162
1 177
1 118
2 34
2 35
2 7
2 10
2 71
2 76
2 162
2 177
2 163
2 118
2 88
2 159
3 5
3 198
3 71
3 72
3 9
3 10
3 76
3 77
3 15
3 164
3 26
3 154
3 133
3 160
3 34
3 100
3 107
3 47
3 48
3 177
3 178
3 51
3 52
3 189
3 185
3 74
4 134
4 137
4 76
4 141
4 144
4 19
4 20
4 88
4 156
4 94
4 34
4 165
4 166
4 104
4 106
4 112
4 53
4 118
4 121
4 126
5 128
5 133
5 7
5 9
5 10
5 173
5 16
5 17
5 131
5 23
5 24
5 153
5 26
5 154
5 159
5 33
5 34
5 198
5 38
5 167
5 135
5 45
5 47
5 48
5 177
5 50
5 51
5 184
5 189
5 62
5 193
5 194
5 196
5 70
5 71
5 72
5 76
5 162
5 78
5 79
5 81
5 88
5 90
5 93
5 101
5 103
5 111
5 113
5 114
5 118
5 122
6 34
6 35
6 179
6 195
6 7
6 162
6 43
6 163
6 118
6 88
6 57
6 157
6 95
7 14
7 17
7 18
7 19
7 23
7 26
7 28
7 30
7 32
7 35
7 37
7 38
7 40
7 44
7 45
7 46
7 47
7 49
7 56
7 57
7 58
7 63
7 67
7 69
7 72
7 75
7 76
7 78
7 80
7 81
7 83
7 85
7 87
7 94
7 95
7 96
7 98
7 99
7 100
7 101
7 105
7 107
7 108
7 111
7 112
7 114
7 116
7 117
7 118
7 120
7 125
7 126
7 133
7 134
7 136
7 139
7 142
7 144
7 147
7 148
7 149
7 151
7 152
7 153
7 156
7 157
7 161
7 163
7 167
7 171
7 173
7 176
7 185
7 186
7 189
7 190
8 66
8 35
8 163
8 188
8 12
8 174
9 34
9 100
9 71
9 10
9 76
9 24
9 118
9 185
9 88
9 153
9 90
9 159
9 101
10 11
10 13
10 14
10 16
10 17
10 18
10 22
10 23
10 24
10 25
10 26
10 28
10 29
10 30
10 31
10 32
10 33
10 37
10 38
10 39
10 40
10 41
10 43
10 45
10 47
10 48
10 50
10 51
10 52
10 54
10 55
10 56
10 57
10 59
10 60
10 61
10 62
10 63
10 65
10 70
10 72
10 73
10 77
10 78
10 79
10 80
10 81
10 82
10 83
10 84
10 86
10 87
10 89
10 90
10 91
10 92
10 93
10 95
10 97
10 99
10 100
10 101
10 103
10 109
10 110
10 111
10 116
10 117
10 122
10 125
10 127
10 128
10 130
10 131
10 133
10 136
10 138
10 139
10 143
10 146
10 148
10 149
10 150
10 152
10 153
10 154
10 155
10 158
10 164
10 167
10 168
10 169
10 170
10 171
10 172
10 173
10 178
10 181
10 182
10 183
10 184
10 185
10 187
10 190
10 191
10 192
10 193
10 194
10 196
10 197
10 198
11 65
11 34
11 36
11 129
11 73
11 132
11 175
11 177
11 146
11 89
11 159
12 187
12 130
12 35
12 163
12 22
12 39
12 170
12 139
12 158
13 177
13 35
13 163
13 118
13 88
13 76
13 159
14 162
14 159
15 128
15 135
15 76
15 16
15 17
15 131
15 86
15 23
15 90
15 93
15 30
15 34
15 35
15 100
15 163
15 193
15 183
15 184
15 122
15 62
15 63
16 193
16 194
16 71
16 72
16 76
16 24
16 163
16 88
16 153
16 79
16 159
16 160
16 101
16 41
16 107
16 48
16 177
16 185
17 107
17 72
17 76
17 163
17 88
17 26
17 79
17 159
17 160
17 34
17 35
17 100
17 103
17 71
17 48
17 177
17 118
17 185
18 34
18 35
18 71
18 162
18 163
18 88
18 159
19 144
19 34
19 35
19 134
19 104
19 106
19 112
19 163
19 94
19 151
19 126
20 35
20 165
20 134
20 104
20 76
20 112
20 163
20 21
20 118
20 151
20 88
20 94
20 166
21 34
21 53
21 166
21 141
21 46
21 165
22 64
22 34
22 35
22 163
22 71
22 76
22 66
22 174
22 177
22 115
22 118
22 88
22 188
22 159
23 194
23 107
23 72
23 76
23 162
23 163
23 88
23 26
23 79
23 159
23 160
23 34
23 35
23 100
23 103
23 71
23 48
23 177
23 118
23 185
24 193
24 77
24 163
24 88
24 164
24 154
24 135
24 133
24 34
24 35
24 100
24 38
24 41
24 71
24 178
24 47
24 177
24 50
24 52
24 162
24 189
24 185
24 159
24 74
25 194
25 35
25 100
25 163
25 71
25 72
25 103
25 76
25 48
25 177
25 107
25 118
25 88
25 26
25 79
25 61
25 159
26 128
26 196
26 76
26 162
26 131
26 86
26 88
26 90
26 135
26 93
26 30
26 159
26 33
26 34
26 35
26 100
26 163
26 177
26 169
26 71
26 113
26 118
26 183
26 184
26 185
26 122
26 62
26 63
27 34
27 118
27 71
27 88
27 76
27 159
28 34
28 35
28 100
28 71
28 162
28 177
28 118
28 88
28 185
28 159
29 177
29 35
29 163
29 118
29 71
29 76
29 182
29 159
30 160
30 34
30 35
30 163
30 72
30 103
30 71
30 76
30 162
30 177
30 107
30 118
30 88
30 79
31 177
31 34
31 71
31 57
31 43
31 159
31 95
32 177
32 34
32 71
33 160
33 35
33 100
33 71
33 107
33 76
33 177
33 88
33 185
33 159
34 35
34 36
34 37
34 40
34 41
34 43
34 44
34 45
34 46
34 47
34 48
34 49
34 50
34 51
34 52
34 53
34 55
34 57
34 58
34 63
34 65
34 67
34 70
34 72
34 73
34 75
34 76
34 77
34 78
34 79
34 81
34 84
34 85
34 87
34 88
34 89
34 90
34 91
34 94
34 95
34 96
34 97
34 98
34 100
34 101
34 103
34 104
34 105
34 106
34 107
34 108
34 109
34 110
34 111
34 112
34 114
34 116
34 118
34 119
34 120
34 121
34 123
34 124
34 126
34 127
34 129
34 132
34 133
34 134
34 137
34 138
34 139
34 140
34 141
34 142
34 145
34 146
34 147
34 148
34 149
34 151
34 153
34 154
34 155
34 156
34 157
34 160
34 163
34 165
34 166
34 167
34 168
34 171
34 172
34 173
34 175
34 176
34 179
34 180
34 185
34 186
34 187
34 189
34 190
34 192
34 194
34 195
34 197
35 39
35 40
35 41
35 42
35 44
35 45
35 46
35 48
35 49
35 53
35 54
35 60
35 61
35 62
35 63
35 64
35 66
35 69
35 70
35 72
35 78
35 79
35 81
35 82
35 84
35 86
35 87
35 90
35 93
35 94
35 96
35 98
35 101
35 103
35 104
35 105
35 106
35 107
35 111
35 112
35 113
35 114
35 115
35 120
35 121
35 122
35 124
35 126
35 128
35 130
35 131
35 134
35 137
35 139
35 141
35 143
35 144
35 148
35 150
35 153
35 156
35 157
35 158
35 160
35 161
35 162
35 165
35 166
35 169
35 170
35 171
35 173
35 174
35 176
35 182
35 183
35 184
35 188
35 190
35 191
35 194
35 196
35 197
36 146
36 155
36 89
37 177
37 116
37 71
37 162
38 162
38 100
38 41
38 71
38 76
38 177
38 118
38 185
38 153
38 90
38 159
38 101
39 64
39 66
39 71
39 76
39 174
39 177
39 115
39 88
39 188
39 159
40 162
40 44
40 71
40 76
40 98
40 177
40 49
40 163
40 85
40 118
40 88
40 120
40 159
41 193
41 100
41 101
41 177
41 76
41 162
41 88
41 163
41 118
41 153
41 159
42 163
42 118
42 71
43 192
43 195
43 68
43 71
43 145
43 148
43 87
43 91
43 157
43 159
43 105
43 95
43 172
43 177
43 179
43 123
43 138
43 190
44 162
44 76
44 98
44 49
44 163
44 85
44 118
44 88
44 120
45 100
45 76
45 162
45 177
45 163
45 118
45 88
45 185
45 159
46 88
46 163
46 140
46 162
47 100
47 71
47 76
47 162
47 177
47 118
47 185
47 153
47 154
47 159
48 193
48 76
48 131
48 86
48 88
48 90
48 93
48 159
48 100
48 163
48 177
48 169
48 135
48 113
48 118
48 185
48 61
48 63
49 71
49 76
49 163
49 118
49 88
50 133
50 100
50 71
50 177
50 76
50 118
50 88
50 153
50 90
50 159
50 101
51 100
51 198
51 71
51 76
51 177
51 118
51 185
51 90
52 71
52 177
52 118
52 88
52 90
53 134
53 104
53 140
53 112
53 163
53 151
53 94
53 126
54 177
54 163
54 118
54 71
54 88
54 76
54 159
55 71
55 177
55 95
55 148
55 87
55 57
55 159
55 190
55 127
56 177
56 162
56 83
56 71
56 125
56 159
57 192
57 195
57 68
57 71
57 162
57 145
57 148
57 87
57 91
57 92
57 157
57 199
57 159
57 97
57 177
57 105
57 109
57 168
57 179
57 123
57 190
57 127
58 162
58 71
59 64
59 163
59 71
59 76
59 177
59 115
59 118
59 88
59 159
60 177
60 163
60 118
60 88
60 76
60 159
61 194
61 131
61 71
61 72
61 177
61 79
61 163
61 86
61 88
61 93
61 160
61 100
61 103
61 169
61 107
61 113
62 194
62 71
62 72
62 76
62 79
62 163
62 88
62 160
62 100
62 103
62 107
62 177
62 118
62 185
63 107
63 72
63 76
63 162
63 163
63 88
63 79
63 159
63 160
63 103
63 71
63 177
63 118
64 161
64 130
64 69
64 170
64 139
64 76
64 147
64 187
64 88
64 163
64 118
64 158
65 177
65 155
65 71
65 159
66 130
66 170
66 76
66 163
66 118
66 88
66 187
67 162
67 71
68 105
68 71
68 148
68 87
68 157
68 190
68 95
69 162
69 163
69 115
69 118
69 159
70 100
70 71
70 76
70 173
70 111
70 177
70 118
70 88
70 185
70 159
71 72
71 74
71 75
71 77
71 79
71 83
71 85
71 86
71 90
71 92
71 93
71 95
71 96
71 97
71 98
71 99
71 100
71 101
71 102
71 103
71 108
71 110
71 111
71 114
71 116
71 120
71 122
71 123
71 125
71 127
71 128
71 130
71 131
71 133
71 135
71 139
71 143
71 145
71 147
71 148
71 149
71 150
71 153
71 154
71 158
71 164
71 169
71 170
71 171
71 172
71 173
71 176
71 179
71 182
71 183
71 184
71 185
71 186
71 189
71 190
71 191
71 192
71 193
71 194
71 195
71 196
71 197
71 198
71 199
72 193
72 196
72 76
72 162
72 131
72 86
72 88
72 90
72 135
72 93
72 100
72 163
72 177
72 169
72 113
72 118
72 185
72 122
73 177
73 155
73 132
74 100
74 177
74 76
74 118
74 88
74 90
74 159
75 162
75 159
76 77
76 78
76 79
76 81
76 82
76 84
76 85
76 86
76 90
76 93
76 94
76 96
76 98
76 100
76 101
76 103
76 105
76 111
76 113
76 114
76 115
76 118
76 120
76 122
76 126
76 128
76 130
76 131
76 133
76 134
76 135
76 143
76 148
76 150
76 151
76 153
76 154
76 158
76 160
76 162
76 164
76 167
76 169
76 170
76 174
76 176
76 178
76 183
76 184
76 185
76 187
76 189
76 191
76 193
76 194
76 196
76 197
76 198
77 101
77 177
77 118
77 88
77 153
77 90
77 159
78 100
78 177
78 167
78 162
78 81
78 163
78 118
78 88
78 159
79 193
79 131
79 196
79 163
79 86
79 88
79 93
79 159
79 169
79 135
79 177
79 118
79 185
80 177
80 162
80 181
80 159
81 100
81 162
81 177
81 163
81 118
81 88
81 159
82 177
82 163
82 88
82 159
83 177
83 162
83 99
83 159
84 177
84 163
84 118
84 88
85 162
85 163
85 118
85 88
86 194
86 100
86 163
86 103
86 177
86 107
86 118
86 88
86 159
87 179
87 195
87 162
87 177
87 163
87 118
87 123
87 127
87 95
88 93
88 94
88 96
88 98
88 100
88 101
88 103
88 105
88 110
88 111
88 112
88 113
88 115
88 120
88 122
88 126
88 128
88 130
88 131
88 134
88 135
88 139
88 147
88 148
88 153
88 154
88 157
88 158
88 164
88 165
88 166
88 169
88 170
88 171
88 173
88 174
88 178
88 183
88 184
88 185
88 187
88 194
88 197
89 129
89 180
89 119
89 132
89 177
89 159
90 194
90 198
90 163
90 164
90 154
90 133
90 160
90 100
90 189
90 107
90 178
90 177
90 118
90 185
90 159
91 145
91 159
91 177
91 95
92 177
93 194
93 163
93 159
93 160
93 100
93 103
93 107
93 177
93 118
93 185
94 134
94 137
94 141
94 144
94 151
94 156
94 165
94 162
94 163
94 166
94 106
94 118
94 121
94 124
94 126
95 195
95 148
95 157
95 159
95 97
95 105
95 172
95 177
95 179
95 123
95 138
95 190
95 127
96 118
96 162
97 177
97 159
98 162
98 163
98 118
99 177
99 162
99 102
99 125
99 159
100 128
100 133
100 131
100 173
100 154
100 159
100 160
100 164
100 198
100 167
100 135
100 177
100 183
100 184
100 176
100 193
100 194
100 196
100 162
100 189
100 101
100 178
100 107
100 111
100 113
100 114
100 118
100 169
100 153
100 122
101 193
101 163
101 135
101 133
101 177
101 118
101 185
101 159
102 177
102 162
102 125
102 159
103 193
103 131
103 196
103 163
103 159
103 169
103 135
103 113
103 118
103 185
104 165
104 134
104 137
104 106
104 144
104 156
104 151
104 121
104 124
104 126
104 166
105 179
105 195
105 162
105 163
105 118
106 163
106 134
106 137
106 162
106 151
106 121
106 124
106 126
107 128
107 196
107 162
107 131
107 163
107 193
107 135
107 113
107 183
107 122
108 162
109 177
109 159
110 162
110 159
111 162
111 176
111 177
111 114
111 163
111 118
111 185
111 159
112 165
112 134
112 162
112 141
112 151
112 126
112 166
113 177
113 163
113 118
113 185
113 159
114 162
114 118
114 185
115 161
115 130
115 170
115 139
115 147
115 187
115 163
115 158
116 177
116 162
116 159
117 177
117 162
117 136
118 120
118 122
118 126
118 128
118 130
118 131
118 133
118 134
118 135
118 139
118 143
118 147
118 148
118 150
118 151
118 153
118 154
118 160
118 161
118 162
118 164
118 165
118 166
118 167
118 169
118 170
118 173
118 174
118 176
118 178
118 182
118 183
118 184
118 185
118 187
118 189
118 190
118 191
118 193
118 194
118 196
118 197
118 198
119 146
120 162
120 163
121 134
121 144
121 163
121 151
121 156
121 126
122 160
122 177
122 163
122 185
122 159
123 177
123 148
123 159
123 190
124 144
124 163
124 126
124 134
124 156
125 177
125 162
125 159
126 137
126 141
126 144
126 151
126 156
126 165
126 162
126 163
126 166
127 177
127 148
127 190
127 159
128 160
128 177
128 163
128 185
128 159
129 155
129 146
130 163
130 174
130 177
130 188
130 159
131 194
131 159
131 160
131 177
131 185
132 155
132 146
133 162
133 177
133 185
133 153
134 137
134 141
134 144
134 156
134 165
134 162
134 163
134 166
135 194
135 153
135 159
135 160
135 177
135 185
136 177
136 162
136 159
137 144
137 163
137 151
137 156
138 159
139 163
139 162
139 177
139 188
139 159
140 141
141 163
141 151
142 162
143 177
143 163
143 159
144 162
144 163
144 151
146 180
146 155
146 177
146 159
147 162
147 177
147 159
148 195
148 162
148 163
148 159
148 177
148 179
149 177
149 162
149 159
150 177
150 163
150 159
151 162
151 156
151 165
152 177
152 162
152 159
153 163
153 154
153 177
153 162
153 159
153 189
154 177
154 185
154 159
154 189
155 175
155 177
155 159
156 162
156 163
157 179
157 162
157 163
157 195
158 163
158 174
158 177
158 188
158 159
159 164
159 167
159 168
159 169
159 170
159 172
159 173
159 175
159 178
159 181
159 182
159 183
159 185
159 186
159 187
159 189
159 191
159 192
159 193
159 194
159 196
159 199
160 196
160 163
160 193
160 183
160 184
161 162
161 163
162 163
162 167
162 171
162 173
162 176
162 181
162 185
162 186
162 189
162 190
163 165
163 167
163 169
163 171
163 174
163 176
163 182
163 183
163 184
163 187
163 188
163 190
163 191
163 193
163 194
163 196
163 197
164 177
165 166
167 177
167 185
168 177
169 194
169 177
170 177
170 188
171 177
172 177
173 185
174 187
175 177
176 185
177 178
177 181
177 182
177 183
177 187
177 189
177 190
177 191
177 192
177 193
177 194
177 196
177 197
177 198
177 199
179 190
183 185
184 185
185 198
185 189
185 193
185 194
185 196
187 188
190 195
193 194
194 196
