0 1
0 67
0 68
0 5
0 136
0 14
0 79
0 82
0 132
0 157
0 97
0 99
0 36
0 40
0 28
0 45
0 113
0 116
0 53
0 88
0 188
0 61
0 181
1 162
1 35
1 68
1 179
1 72
1 183
1 108
1 45
1 50
1 99
1 84
1 182
1 105
1 120
1 109
1 188
1 61
2 3
2 4
2 6
2 7
2 8
2 10
2 11
2 12
2 13
2 17
2 18
2 19
2 29
2 34
2 35
2 38
2 42
2 43
2 50
2 51
2 57
2 58
2 59
2 62
2 64
2 65
2 66
2 69
2 70
2 71
2 72
2 73
2 76
2 78
2 84
2 85
2 86
2 87
2 90
2 95
2 98
2 100
2 102
2 103
2 104
2 105
2 107
2 108
2 112
2 114
2 118
2 119
2 121
2 122
2 123
2 124
2 126
2 129
2 130
2 138
2 140
2 141
2 145
2 146
2 148
2 149
2 150
2 153
2 154
2 156
2 159
2 163
2 164
2 171
2 173
2 174
2 177
2 180
2 187
3 80
3 49
3 67
3 36
3 14
3 54
3 134
3 30
3 15
4 128
4 69
4 130
4 71
4 138
4 76
4 66
4 142
4 13
4 141
4 145
4 146
4 23
4 143
4 30
4 159
4 54
4 59
4 191
5 35
5 7
5 105
5 10
5 171
5 108
5 50
5 84
5 182
5 183
5 91
6 128
6 67
6 118
6 70
6 74
6 14
6 80
6 17
6 131
6 21
6 26
6 30
6 134
6 107
6 142
6 48
6 49
6 54
6 55
6 187
7 128
7 68
7 134
7 8
7 15
7 80
7 81
7 99
7 84
7 142
7 79
7 92
7 157
7 30
7 35
7 108
7 48
7 72
7 54
7 120
7 188
7 61
8 133
8 134
8 140
8 175
8 14
8 15
8 16
8 147
8 196
8 27
8 28
8 31
8 162
8 155
8 38
8 40
8 156
8 171
8 44
8 45
8 47
8 176
8 177
8 52
8 54
8 56
8 190
8 193
8 68
8 199
8 75
8 80
8 81
8 82
8 85
8 88
8 96
8 104
8 115
8 116
8 119
8 120
8 121
8 125
9 160
9 134
9 15
10 128
10 67
10 68
10 136
10 79
10 14
10 45
10 142
10 15
10 28
10 30
10 97
10 162
10 99
10 36
10 41
10 109
10 48
10 113
10 54
10 120
10 188
10 61
11 80
11 128
11 14
11 142
11 30
12 54
12 134
12 74
12 80
12 21
12 22
12 95
13 67
13 134
13 74
13 14
13 80
13 17
13 146
13 21
13 22
13 152
13 25
13 154
13 30
13 34
13 36
13 49
13 54
13 57
14 129
14 130
14 133
14 140
14 143
14 145
14 18
14 19
14 149
14 150
14 23
14 156
14 31
14 33
14 163
14 165
14 38
14 42
14 43
14 159
14 46
14 47
14 50
14 182
14 59
14 138
14 191
14 64
14 65
14 66
14 196
14 197
14 161
14 73
14 76
14 78
14 141
14 84
14 87
14 90
14 199
14 96
14 101
14 102
14 103
14 104
14 105
14 171
14 174
14 112
14 121
14 123
14 124
14 125
14 126
15 17
15 18
15 19
15 20
15 22
15 25
15 27
15 29
15 34
15 35
15 38
15 42
15 44
15 46
15 47
15 50
15 52
15 57
15 59
15 62
15 64
15 65
15 69
15 70
15 71
15 72
15 73
15 75
15 76
15 78
15 84
15 85
15 86
15 87
15 90
15 95
15 96
15 101
15 102
15 103
15 104
15 105
15 108
15 112
15 114
15 119
15 121
15 122
15 123
15 124
15 125
15 126
15 129
15 140
15 141
15 145
15 149
15 150
15 153
15 154
15 156
15 160
15 161
15 163
15 164
15 165
15 171
15 173
15 174
15 177
15 180
15 190
15 196
15 197
15 198
15 199
16 128
16 36
16 142
16 48
16 49
16 67
16 54
16 72
16 28
16 30
17 64
17 65
17 69
17 71
17 128
17 143
17 66
17 142
17 18
17 19
17 149
17 86
17 90
17 130
17 29
17 150
17 95
17 33
17 103
17 169
17 159
17 173
17 48
17 49
17 114
17 180
17 54
17 59
17 124
17 62
18 128
18 67
18 36
18 134
18 49
18 80
18 142
18 54
18 124
18 30
19 64
19 128
19 134
19 135
19 139
19 77
19 80
19 146
19 83
19 20
19 142
19 25
19 26
19 143
19 154
19 30
19 144
19 33
19 34
19 166
19 39
19 169
19 106
19 167
19 117
19 111
19 51
19 94
19 54
19 55
19 57
19 60
19 189
19 63
20 64
20 33
20 83
20 131
20 134
20 39
20 169
20 106
20 143
20 130
20 80
20 149
20 55
20 63
20 94
20 65
21 64
21 65
21 130
21 150
21 128
21 76
21 66
21 142
21 141
21 145
21 148
21 149
21 86
21 23
21 143
21 29
21 30
21 95
21 173
21 114
21 180
21 138
22 64
22 65
22 130
22 134
22 76
22 141
22 145
22 148
22 86
22 23
22 159
22 33
22 169
22 95
22 54
22 59
22 62
22 191
23 128
23 131
23 134
23 74
23 80
23 146
23 152
23 154
23 30
23 34
23 166
23 48
23 54
23 55
23 60
24 162
24 99
24 136
24 188
24 45
24 79
24 56
24 183
24 120
24 28
24 61
24 181
25 128
25 66
25 69
25 145
25 80
25 169
25 142
25 48
25 141
25 29
26 33
26 149
26 169
26 59
26 159
26 150
26 143
27 128
27 134
27 109
27 80
27 84
27 28
27 30
27 31
27 161
27 162
27 35
27 165
27 105
27 108
27 45
27 46
27 175
27 176
27 72
27 50
27 54
27 56
27 136
28 133
28 31
28 161
28 163
28 37
28 38
28 168
28 170
28 43
28 172
28 46
28 175
28 176
28 177
28 179
28 52
28 181
28 182
28 183
28 56
28 186
28 53
28 199
28 72
28 75
28 35
28 84
28 91
28 93
28 165
28 101
28 102
28 104
28 105
28 108
28 112
28 115
28 126
29 67
29 134
29 74
29 34
29 36
29 70
29 107
29 48
29 49
29 57
29 187
30 129
30 130
30 133
30 145
30 150
30 152
30 153
30 154
30 159
30 34
30 163
30 198
30 168
30 42
30 43
30 44
30 178
30 50
30 51
30 52
30 59
30 138
30 190
30 191
30 64
30 65
30 197
30 70
30 199
30 72
30 74
30 75
30 76
30 78
30 141
30 86
30 89
30 90
30 93
30 96
30 187
30 100
30 101
30 102
30 103
30 104
30 171
30 107
30 146
30 112
30 118
30 121
30 122
30 124
30 125
30 126
30 149
31 96
31 162
31 35
31 105
31 108
31 45
31 109
31 72
31 50
31 56
31 136
32 128
32 59
32 142
33 128
33 83
33 118
33 70
33 135
33 74
33 77
33 144
33 154
33 34
33 166
33 106
33 107
33 117
33 142
33 111
33 51
33 54
33 55
33 57
33 189
33 63
34 128
34 65
34 67
34 66
34 138
34 76
34 130
34 80
34 141
34 36
34 169
34 49
34 54
34 59
34 143
34 191
35 128
35 132
35 134
35 140
35 142
35 147
35 174
35 157
35 161
35 162
35 155
35 38
35 177
35 40
35 43
35 46
35 176
35 49
35 52
35 53
35 54
35 184
35 190
35 193
35 194
35 68
35 197
35 80
35 81
35 82
35 163
35 87
35 88
35 91
35 92
35 96
35 101
35 104
35 109
35 110
35 112
35 113
35 115
35 116
35 119
35 121
35 126
36 64
36 69
36 71
36 177
36 78
36 141
36 145
36 67
36 149
36 150
36 90
36 103
36 129
36 42
36 154
36 93
36 168
36 179
36 182
36 183
36 124
37 162
37 68
37 72
37 188
37 108
37 45
37 79
37 81
37 109
37 99
37 88
37 136
37 61
37 120
38 140
38 99
38 87
38 79
38 108
38 174
38 48
38 54
38 56
38 188
38 61
39 106
39 143
40 179
40 41
40 183
40 79
40 72
40 50
40 99
40 84
40 182
40 105
40 56
40 120
40 136
40 188
40 61
41 194
41 196
41 140
41 82
41 85
41 87
41 155
41 156
41 91
41 174
41 116
41 181
41 119
41 120
41 53
42 48
42 49
42 67
42 134
42 80
43 128
43 133
43 199
43 136
43 75
43 72
43 108
43 112
43 49
43 50
43 54
43 56
43 121
43 126
44 128
44 161
44 165
44 134
44 142
44 47
44 80
44 72
44 46
44 54
44 125
45 179
45 72
45 172
45 82
45 84
45 110
45 91
45 158
45 176
45 162
45 104
45 105
45 170
45 108
45 46
45 175
45 115
45 116
45 181
45 182
45 183
45 186
46 96
46 162
46 134
46 72
46 47
46 80
46 108
46 50
46 56
46 136
46 109
47 96
47 128
47 161
47 165
47 134
47 142
47 72
47 105
47 80
47 50
47 84
47 54
48 129
48 130
48 145
48 140
48 141
48 149
48 150
48 156
48 159
48 168
48 171
48 177
48 52
48 57
48 59
48 138
48 190
48 191
48 64
48 65
48 66
48 196
48 71
48 72
48 76
48 85
48 90
48 93
48 103
48 104
48 108
48 119
49 129
49 133
49 145
49 149
49 150
49 154
49 197
49 168
49 177
49 51
49 52
49 187
49 190
49 66
49 69
49 199
49 72
49 75
49 78
49 141
49 163
49 90
49 93
49 101
49 102
49 103
49 107
49 108
49 146
49 112
49 118
49 121
49 124
49 126
50 128
50 134
50 136
50 133
50 161
50 163
50 165
50 184
50 171
50 175
50 176
50 56
50 68
50 199
50 80
50 81
50 82
50 142
50 88
50 92
50 97
50 101
50 112
50 115
50 116
50 121
50 125
50 126
51 64
51 69
51 130
51 65
51 169
51 128
51 71
51 66
51 142
51 143
51 54
51 59
51 159
52 80
52 108
52 67
52 54
52 56
52 136
53 188
53 179
53 72
53 108
53 79
53 99
53 181
53 182
53 183
53 56
53 120
53 136
53 61
54 130
54 150
54 143
54 148
54 152
54 154
54 156
54 159
54 168
54 169
54 173
54 174
54 177
54 180
54 187
54 138
54 62
54 191
54 192
54 65
54 196
54 197
54 70
54 72
54 140
54 75
54 76
54 78
54 163
54 85
54 86
54 87
54 90
54 93
54 95
54 96
54 101
54 102
54 103
54 104
54 107
54 108
54 146
54 112
54 114
54 190
54 118
54 119
54 121
54 124
54 125
54 126
55 64
55 130
55 65
55 169
55 138
55 76
55 191
55 143
55 149
55 150
55 59
55 159
56 133
56 137
56 140
56 156
56 158
56 161
56 163
56 165
56 177
56 179
56 155
56 182
56 190
56 181
56 194
56 196
56 197
56 199
56 72
56 85
56 185
56 101
56 104
56 105
56 108
56 110
56 112
56 119
56 121
56 126
57 66
57 69
57 130
57 65
57 80
57 145
57 71
57 143
57 169
57 59
57 134
57 159
58 80
58 164
58 122
58 123
58 98
59 128
59 192
59 131
59 118
59 80
59 146
59 142
59 152
59 154
59 134
59 166
59 107
59 187
60 130
60 65
60 191
60 76
60 159
60 143
61 194
61 137
61 155
61 158
61 193
61 91
61 170
61 171
61 172
61 110
61 104
61 179
61 182
61 183
61 185
61 186
61 181
62 80
62 134
63 169
63 143
64 128
64 67
64 70
64 74
64 80
64 134
64 142
64 131
65 128
65 131
65 118
65 70
65 74
65 80
65 146
65 154
65 134
65 107
65 142
65 187
66 67
66 69
66 71
66 74
66 146
66 152
66 154
66 107
66 118
66 187
67 69
67 71
67 177
67 141
67 145
67 149
67 150
67 90
67 93
67 103
67 129
67 154
67 168
67 179
67 182
67 183
67 124
67 190
68 108
68 82
68 147
68 84
68 105
68 170
68 171
68 172
68 110
68 72
68 179
68 116
68 182
68 183
68 186
69 134
69 80
69 146
69 70
69 107
69 118
69 187
70 71
70 128
70 130
70 142
70 80
70 149
70 86
70 143
70 95
70 134
70 169
70 159
70 173
70 114
70 180
71 107
71 146
71 118
71 152
71 187
72 128
72 171
72 133
72 134
72 136
72 137
72 140
72 142
72 147
72 174
72 196
72 161
72 162
72 156
72 172
72 185
72 186
72 193
72 194
72 197
72 158
72 82
72 163
72 85
72 165
72 96
72 101
72 102
72 109
72 110
72 112
72 115
72 116
72 119
72 125
72 126
73 80
73 100
73 151
73 178
74 150
74 128
74 76
74 142
74 143
74 145
74 148
74 149
74 86
74 130
74 169
74 159
74 173
74 114
74 180
74 138
74 191
75 128
75 197
75 134
75 142
75 80
75 84
75 163
75 101
75 102
75 105
75 108
75 136
76 128
76 80
76 131
76 142
76 146
76 152
76 154
77 169
77 94
77 143
78 80
78 142
78 134
78 128
79 194
79 137
79 82
79 155
79 158
79 91
79 170
79 171
79 172
79 110
79 104
79 179
79 116
79 182
79 183
79 185
79 186
80 129
80 130
80 133
80 138
80 145
80 149
80 150
80 154
80 156
80 159
80 160
80 161
80 165
80 140
80 171
80 177
80 151
80 191
80 196
80 199
80 141
80 86
80 87
80 89
80 90
80 95
80 98
80 100
80 101
80 103
80 104
80 148
80 108
80 174
80 114
80 190
80 119
80 121
80 122
80 124
81 170
81 108
81 110
81 172
81 84
81 182
81 183
81 185
81 179
81 91
81 186
81 158
82 162
82 179
82 183
82 108
82 99
82 84
82 182
82 105
82 120
82 116
82 188
83 169
83 143
84 136
84 109
84 194
84 88
84 199
84 133
84 97
84 162
84 155
84 101
84 92
84 193
84 171
84 113
84 116
84 184
84 121
84 125
85 120
85 87
85 104
85 174
86 128
86 142
86 134
87 196
87 134
87 104
87 140
87 119
87 120
87 174
88 105
88 171
88 108
88 110
88 172
88 183
88 186
88 91
89 128
89 142
89 122
89 98
90 128
90 134
90 142
91 132
91 109
91 99
91 184
91 92
91 97
91 162
91 108
91 113
91 120
91 188
92 171
92 105
93 128
93 136
93 142
94 195
94 135
94 143
95 114
95 148
95 180
95 134
96 161
96 165
96 142
96 175
96 176
96 115
96 125
97 105
97 108
97 183
98 100
98 198
98 178
98 151
98 153
99 158
99 170
99 171
99 172
99 104
99 179
99 116
99 182
99 183
99 185
99 186
99 181
100 142
100 134
100 122
100 123
101 128
101 133
101 134
101 199
101 142
101 105
101 108
101 121
101 136
102 128
102 133
102 142
102 112
102 126
102 199
102 121
102 136
103 128
103 134
103 142
104 128
104 196
104 134
104 140
104 109
104 162
104 156
104 108
104 142
104 174
104 136
104 119
104 188
105 193
105 136
105 109
105 175
105 184
105 147
105 157
105 133
105 162
105 155
105 194
105 199
105 176
105 113
105 115
105 116
105 121
105 125
106 169
106 143
107 128
107 169
107 142
107 143
107 149
107 150
108 128
108 171
108 132
108 134
108 136
108 137
108 140
108 142
108 147
108 174
108 157
108 158
108 133
108 176
108 162
108 177
108 156
108 170
108 172
108 175
108 185
108 186
108 190
108 193
108 197
108 184
108 109
108 110
108 113
108 115
108 116
108 119
108 121
109 172
109 193
109 137
109 147
109 110
109 158
109 161
109 165
109 170
109 175
109 176
109 115
109 182
109 183
109 185
109 186
110 162
110 136
111 169
111 143
112 128
112 197
112 163
112 142
112 136
113 179
113 182
113 183
115 162
116 162
116 179
116 183
116 182
116 120
116 188
117 169
117 143
118 128
118 159
118 142
118 143
118 149
118 150
118 130
119 134
119 136
119 156
119 120
120 196
120 140
120 147
120 156
120 193
120 170
120 171
120 172
120 174
120 186
120 181
121 134
121 163
121 142
121 136
122 128
122 164
122 198
122 134
122 142
122 178
122 151
122 153
123 128
123 164
123 198
123 142
124 142
126 128
126 197
126 142
126 136
127 135
128 192
128 145
128 143
128 152
128 154
128 159
128 168
128 169
128 178
128 151
128 138
128 191
128 197
128 199
128 141
128 163
128 146
128 149
129 134
130 131
130 146
130 152
130 154
130 134
130 166
130 142
131 138
131 191
131 149
131 150
131 159
132 182
132 183
133 197
133 134
133 142
133 163
133 136
134 138
134 145
134 174
134 153
134 154
134 156
134 159
134 160
134 161
134 165
134 171
134 191
134 199
134 141
134 198
134 148
135 195
135 169
135 143
136 137
136 140
136 161
136 163
136 170
136 172
136 177
136 179
136 155
136 182
136 183
136 186
136 190
136 181
136 194
136 197
136 199
136 185
136 165
136 168
137 162
137 185
137 158
138 142
138 146
138 152
138 154
138 166
140 174
141 142
141 145
141 146
142 192
142 145
142 150
142 151
142 152
142 154
142 159
142 198
142 169
142 171
142 197
142 199
142 163
142 187
142 146
142 153
142 149
143 144
143 146
143 152
143 154
143 166
143 187
143 189
144 169
145 146
145 152
146 159
146 191
147 162
149 150
150 187
152 191
152 159
153 198
154 169
154 159
154 191
155 188
156 174
157 179
157 182
157 171
157 183
158 162
158 185
158 188
159 166
161 162
161 165
162 179
162 193
162 165
162 170
162 176
162 181
162 182
162 185
162 186
163 199
163 197
166 169
166 191
169 187
169 189
170 188
171 184
171 188
172 188
174 196
175 176
179 184
179 188
181 183
182 188
183 184
185 188
186 188
188 194
197 199
