0 129
0 4
0 5
0 7
0 136
0 10
0 12
0 13
0 142
0 173
0 17
0 19
0 21
0 22
0 24
0 155
0 27
0 30
0 33
0 34
0 35
0 37
0 40
0 170
0 135
0 44
0 45
0 174
0 52
0 138
0 56
0 185
0 61
0 64
0 66
0 67
0 72
0 140
0 143
0 79
0 82
0 83
0 84
0 95
0 165
0 99
0 100
0 103
0 107
0 108
0 110
0 111
0 119
0 120
0 121
0 122
1 48
1 18
1 116
1 197
1 182
1 28
1 125
1 130
2 132
2 4
2 139
2 20
2 23
2 25
2 90
2 155
2 92
2 93
2 94
2 163
2 188
2 114
2 59
2 151
3 48
3 130
3 115
3 116
3 139
3 182
3 153
3 154
3 43
3 76
3 47
4 135
4 11
4 76
4 81
4 84
4 152
4 153
4 154
4 159
4 160
4 36
4 107
4 47
4 112
4 114
4 181
4 148
4 189
4 191
5 130
5 139
5 182
5 169
5 11
5 76
5 47
5 48
5 20
5 86
5 57
5 153
5 89
5 154
5 188
5 93
6 161
6 163
6 132
6 193
6 9
6 89
6 90
6 93
6 158
7 130
7 11
7 139
7 76
7 80
7 20
7 86
7 153
7 89
7 154
7 93
7 160
7 161
7 144
7 47
7 116
7 188
7 189
7 191
8 160
8 80
8 130
8 139
8 161
8 47
8 48
8 20
8 182
8 57
8 89
8 154
8 93
9 193
9 66
9 59
9 166
9 98
9 142
9 155
9 187
9 25
9 91
9 60
9 186
10 80
10 130
10 35
10 165
10 161
10 108
10 144
10 19
10 20
10 86
10 160
10 89
10 93
11 13
11 15
11 16
11 17
11 23
11 24
11 27
11 28
11 30
11 37
11 39
11 41
11 43
11 45
11 46
11 50
11 51
11 52
11 53
11 56
11 58
11 60
11 61
11 63
11 66
11 67
11 69
11 70
11 71
11 72
11 73
11 75
11 82
11 85
11 87
11 91
11 92
11 94
11 96
11 98
11 99
11 100
11 102
11 103
11 104
11 105
11 108
11 110
11 113
11 119
11 121
11 123
11 126
11 128
11 129
11 132
11 137
11 143
11 145
11 148
11 149
11 150
11 156
11 160
11 164
11 168
11 170
11 171
11 172
11 174
11 176
11 177
11 179
11 184
11 185
11 187
11 190
11 195
11 196
11 199
12 161
12 169
12 191
12 93
12 144
12 189
12 188
12 20
12 86
12 57
12 152
12 89
12 79
12 124
12 29
12 159
13 169
13 76
13 47
13 80
13 57
13 153
13 160
13 89
13 154
13 191
14 130
14 169
14 139
14 76
14 47
14 48
14 116
14 57
14 182
14 153
14 20
14 154
14 188
15 130
15 139
15 76
15 80
15 144
15 86
15 153
15 152
15 89
15 154
15 93
15 159
15 161
15 169
15 106
15 47
15 182
15 57
15 189
15 191
16 160
16 68
16 42
16 139
16 47
16 116
16 183
16 88
16 154
16 175
16 62
17 80
17 130
17 161
17 144
17 76
17 189
17 48
17 182
17 152
17 89
17 191
17 93
17 160
17 159
18 172
18 131
18 153
18 73
18 74
18 76
18 157
18 63
19 80
19 170
19 116
19 161
19 40
19 108
19 76
19 189
19 49
19 20
19 86
19 153
19 152
19 57
19 136
19 188
19 93
19 169
20 129
20 132
20 148
20 21
20 22
20 156
20 31
20 35
20 36
20 165
20 38
20 168
20 41
20 170
20 44
20 173
20 174
20 49
20 50
20 56
20 57
20 187
20 60
20 61
20 169
20 66
20 67
20 70
20 71
20 79
20 81
20 86
20 185
20 164
20 90
20 99
20 100
20 195
20 106
20 108
20 111
20 112
20 114
20 119
20 120
20 121
20 124
20 126
21 80
21 130
21 182
21 116
21 161
21 169
21 144
21 48
21 86
21 57
21 191
21 188
21 189
21 160
21 159
22 130
22 134
22 139
22 76
22 80
22 86
22 152
22 89
22 154
22 159
22 160
22 161
22 144
22 47
22 48
22 116
22 182
22 188
22 189
22 191
23 128
23 193
23 139
23 70
23 135
23 138
23 76
23 130
23 142
23 81
23 84
23 24
23 153
23 160
23 36
23 102
23 107
23 112
23 114
23 116
23 53
23 148
23 122
24 128
24 66
24 76
24 130
24 80
24 86
24 154
24 93
24 160
24 161
24 166
24 169
24 47
24 48
24 116
24 182
24 57
24 59
24 60
25 128
25 193
25 139
25 69
25 138
25 76
25 142
25 84
25 149
25 130
25 160
25 48
25 36
25 102
25 105
25 107
25 178
25 47
25 113
25 114
25 116
25 53
25 182
25 184
25 148
25 122
25 60
25 181
26 48
26 130
26 116
27 130
27 139
27 76
27 80
27 86
27 89
27 154
27 160
27 144
27 100
27 169
27 47
27 48
27 116
27 182
27 57
27 58
27 189
28 160
28 162
28 131
28 73
28 74
28 172
28 48
28 116
28 182
28 63
29 34
29 103
29 139
29 79
29 83
29 120
29 153
29 154
29 47
30 80
30 130
30 139
30 79
30 116
30 182
30 160
30 89
30 154
30 47
30 124
31 130
31 188
31 153
31 116
31 154
31 139
31 76
31 47
32 154
32 139
32 47
33 80
33 130
33 144
33 48
33 116
33 182
33 152
33 89
33 191
33 189
33 159
34 80
34 139
34 76
34 191
34 79
34 144
34 189
34 153
34 152
34 89
34 154
34 47
34 124
34 159
35 130
35 136
35 139
35 80
35 153
35 152
35 89
35 154
35 159
35 160
35 144
35 40
35 169
35 170
35 108
35 48
35 49
35 116
35 182
35 57
35 188
35 191
36 130
36 139
36 151
36 156
36 86
36 90
36 155
36 92
36 154
36 94
36 98
36 163
36 164
36 166
36 169
36 47
36 50
36 179
36 116
36 132
36 57
36 59
36 188
37 139
37 76
37 47
37 144
37 82
37 89
37 153
37 154
37 191
37 159
38 86
38 169
38 57
38 188
38 93
39 160
39 116
39 139
40 80
40 165
40 136
40 44
40 173
40 111
40 144
40 152
40 191
40 159
41 193
41 132
41 138
41 81
41 86
41 90
41 160
41 163
41 164
41 179
41 116
41 148
41 122
41 188
42 139
42 199
42 153
42 154
42 76
43 48
43 115
43 130
43 116
43 182
43 160
43 109
44 80
44 161
44 108
44 144
44 49
44 86
44 152
44 89
44 136
44 191
44 188
44 189
44 159
45 80
45 130
45 144
45 139
45 76
45 47
45 48
45 116
45 153
45 152
45 89
45 154
45 191
45 189
45 160
45 159
46 139
46 153
46 154
46 47
47 50
47 51
47 52
47 55
47 56
47 58
47 59
47 62
47 65
47 66
47 68
47 71
47 72
47 75
47 77
47 82
47 84
47 85
47 87
47 97
47 100
47 101
47 103
47 104
47 106
47 109
47 110
47 115
47 123
47 126
47 127
47 128
47 134
47 135
47 143
47 147
47 148
47 156
47 166
47 168
47 171
47 177
47 179
47 180
47 183
47 190
47 192
47 195
47 196
47 198
47 199
48 50
48 51
48 52
48 59
48 61
48 63
48 67
48 69
48 70
48 71
48 74
48 75
48 77
48 78
48 82
48 83
48 84
48 91
48 95
48 100
48 102
48 106
48 108
48 109
48 110
48 113
48 115
48 118
48 119
48 121
48 123
48 126
48 127
48 128
48 131
48 134
48 135
48 141
48 143
48 148
48 149
48 156
48 162
48 164
48 165
48 168
48 174
48 176
48 178
48 184
48 195
48 196
48 199
49 144
49 165
49 161
49 173
49 111
49 80
49 189
49 86
49 152
49 89
49 191
49 93
49 159
50 130
50 132
50 139
50 76
50 153
50 154
50 92
50 90
50 160
50 161
50 98
50 163
50 93
50 116
50 182
50 188
51 130
51 139
51 116
51 182
51 127
51 154
52 80
52 130
52 144
52 139
52 76
52 182
52 153
52 152
52 89
52 154
52 191
52 189
52 160
52 159
53 161
53 130
53 166
53 169
53 116
53 86
53 57
53 59
53 93
53 182
54 162
54 73
54 74
54 172
54 157
54 63
55 160
55 139
55 153
55 154
55 76
56 139
56 76
56 80
56 89
56 152
56 153
56 154
56 188
56 189
57 128
57 129
57 134
57 168
57 177
57 185
57 58
57 188
57 66
57 67
57 71
57 79
57 163
57 84
57 142
57 90
57 143
57 165
57 148
57 99
57 100
57 102
57 107
57 110
57 112
57 114
57 119
57 120
57 121
57 126
57 195
58 160
58 80
58 139
58 71
58 168
58 161
58 143
58 93
58 116
58 86
58 89
58 154
58 61
59 128
59 193
59 139
59 70
59 135
59 138
59 76
59 66
59 81
59 153
59 154
59 130
59 160
59 107
59 112
59 114
59 116
59 182
59 122
59 60
60 128
60 135
60 76
60 80
60 84
60 152
60 89
60 159
60 160
60 144
60 166
60 107
60 153
60 188
60 189
60 191
61 130
61 71
61 143
61 144
61 86
61 152
61 93
61 159
61 160
61 161
61 168
61 169
61 116
61 182
61 188
61 189
62 153
62 154
62 76
63 160
63 116
63 197
63 172
63 125
63 130
64 144
64 167
64 191
64 159
65 116
65 139
66 193
66 135
66 76
66 144
66 84
66 152
66 89
66 154
66 80
66 166
66 169
66 107
66 188
66 189
67 130
67 134
67 139
67 80
67 86
67 89
67 152
67 153
67 154
67 160
67 144
67 169
67 116
67 182
67 188
67 189
67 191
68 139
68 180
68 198
68 199
68 153
68 154
68 75
68 76
69 160
69 130
69 116
69 182
69 166
69 184
70 160
70 130
70 182
70 116
71 130
71 161
71 139
71 76
71 80
71 86
71 152
71 153
71 154
71 159
71 160
71 144
71 169
71 174
71 189
71 116
71 182
71 188
71 191
72 160
72 137
72 139
72 76
72 80
72 116
72 153
72 152
72 89
72 154
72 189
73 160
73 117
73 125
73 197
74 131
74 116
74 117
74 197
74 125
74 182
75 160
75 139
75 76
75 116
75 88
75 180
75 154
75 175
76 77
76 78
76 79
76 81
76 83
76 85
76 87
76 88
76 91
76 96
76 99
76 100
76 103
76 104
76 106
76 110
76 112
76 117
76 121
76 125
76 127
76 128
76 129
76 134
76 137
76 141
76 143
76 145
76 146
76 150
76 151
76 155
76 156
76 166
76 168
76 175
76 177
76 179
76 183
76 185
76 192
76 194
76 197
76 199
77 116
77 182
77 153
77 139
78 116
78 182
78 153
79 139
79 144
79 83
79 86
79 152
79 89
79 154
79 93
79 161
79 103
79 188
79 120
79 124
79 189
80 128
80 150
80 134
80 137
80 165
80 177
80 170
80 135
80 143
80 82
80 83
80 84
80 85
80 89
80 91
80 100
80 195
80 103
80 107
80 108
80 111
80 168
80 119
80 122
80 126
81 132
81 139
81 163
81 86
81 151
81 153
81 90
81 91
81 92
81 93
81 94
81 161
81 98
81 155
81 164
81 112
81 114
81 187
81 188
82 139
82 85
82 150
82 152
82 89
82 191
82 182
82 189
82 160
82 159
83 139
83 116
83 182
83 153
83 154
83 124
84 135
84 130
84 144
84 86
84 151
84 89
84 91
84 93
84 94
84 155
84 166
84 161
84 182
84 169
84 191
85 160
85 139
85 153
86 128
86 142
86 158
86 163
86 134
86 170
86 135
86 173
86 174
86 138
86 187
86 188
86 164
86 90
86 143
86 92
86 186
86 148
86 98
86 99
86 100
86 107
86 108
86 110
86 111
86 112
86 119
86 120
86 121
86 122
86 126
87 160
87 139
87 153
87 154
88 139
88 199
88 153
88 154
89 137
89 142
89 195
89 177
89 170
89 135
89 158
89 138
89 134
89 173
89 186
89 165
89 100
89 103
89 106
89 108
89 110
89 111
89 122
89 126
90 132
90 138
90 142
90 156
90 92
90 186
90 158
90 161
90 98
90 163
90 148
90 112
90 114
90 179
90 116
90 181
90 169
90 122
90 187
90 188
91 193
91 130
91 135
91 144
91 152
91 153
91 154
91 159
91 160
91 116
91 182
91 189
91 191
92 138
92 148
92 186
92 93
92 158
92 160
92 161
92 98
92 169
92 112
92 181
92 122
93 128
93 129
93 132
93 142
93 156
93 158
93 163
93 168
93 170
93 135
93 173
93 174
93 179
93 185
93 181
93 195
93 186
93 100
93 102
93 106
93 107
93 110
93 111
93 112
93 114
93 120
93 121
93 122
93 126
94 160
94 144
94 139
94 107
94 112
94 114
94 181
94 153
94 148
94 191
94 159
95 130
95 144
95 191
95 189
95 159
96 153
97 153
97 154
97 139
98 160
98 193
98 163
98 138
98 142
98 179
98 148
98 132
98 156
98 122
99 116
99 169
99 144
99 152
99 153
99 191
99 188
99 189
99 160
99 159
100 130
100 161
100 139
100 143
100 144
100 153
100 152
100 154
100 159
100 160
100 169
100 174
100 116
100 182
100 189
100 191
101 182
101 153
101 154
101 139
102 160
102 130
102 166
102 116
102 182
103 139
103 191
103 189
103 116
103 153
103 152
103 154
103 124
104 160
104 139
104 153
104 154
105 160
105 130
105 116
105 182
106 130
106 139
106 144
106 153
106 152
106 159
106 161
106 169
106 116
106 182
106 188
106 189
106 191
107 161
107 139
107 130
107 154
107 155
107 159
107 144
107 166
107 116
107 169
107 151
107 191
108 130
108 152
108 159
108 160
108 144
108 165
108 170
108 173
108 116
108 182
108 188
108 189
108 191
109 160
109 130
109 116
109 139
109 182
109 154
110 139
110 153
110 152
110 154
110 160
110 161
110 116
110 182
110 188
110 189
111 161
111 189
111 152
111 188
111 159
112 139
112 153
112 154
112 155
112 161
112 163
112 166
112 169
112 188
113 160
113 130
113 116
113 182
114 161
114 155
114 166
114 169
114 151
115 116
115 139
115 182
115 153
115 154
116 121
116 123
116 127
116 128
116 129
116 133
116 134
116 137
116 143
116 148
116 156
116 162
116 164
116 165
116 166
116 168
116 172
116 174
116 178
116 184
116 185
116 187
116 194
116 196
117 172
117 197
117 153
117 125
117 157
118 130
118 182
119 130
119 139
119 144
119 152
119 153
119 154
119 160
119 161
119 169
119 182
119 188
119 189
119 191
120 161
120 169
120 144
120 189
120 188
120 191
120 124
120 159
121 144
121 130
121 182
121 161
121 189
121 153
121 152
121 191
121 188
121 159
122 193
122 132
122 144
122 152
122 164
122 166
122 189
123 160
123 130
123 139
123 182
123 196
124 139
124 153
124 188
125 162
125 197
125 139
125 153
125 157
126 130
126 139
126 152
126 154
126 159
126 160
126 161
126 169
126 144
126 182
126 188
126 189
126 191
127 130
127 182
127 153
127 154
127 139
128 130
128 139
128 154
128 160
128 161
128 166
128 169
128 182
128 153
129 160
129 161
129 189
129 144
129 153
129 152
129 191
129 188
129 159
130 134
130 141
130 179
130 131
130 148
130 157
130 162
130 165
130 166
130 168
130 170
130 172
130 174
130 184
130 196
130 143
130 178
131 182
132 138
132 142
132 186
132 164
132 156
132 158
132 160
132 161
132 179
132 181
132 169
132 148
132 187
133 182
133 153
133 139
134 169
134 144
134 139
134 189
134 152
134 153
134 154
134 182
135 182
135 161
135 139
135 159
135 144
135 166
135 151
135 191
136 165
136 144
136 191
136 159
137 160
137 139
137 152
137 154
137 189
138 193
138 164
138 166
138 187
138 152
138 189
138 169
139 141
139 143
139 145
139 148
139 150
139 151
139 156
139 166
139 168
139 171
139 175
139 179
139 180
139 181
139 190
139 192
139 194
139 195
139 196
139 198
139 199
140 144
140 191
140 159
141 182
141 153
142 161
142 163
142 166
142 193
142 189
142 152
142 169
143 144
143 152
143 153
143 154
143 159
143 160
143 169
143 174
143 182
144 155
144 151
144 167
144 170
144 174
144 185
144 165
144 177
144 168
145 160
145 154
146 160
146 153
147 160
147 153
147 154
148 151
148 155
148 160
148 164
148 166
148 182
148 169
148 188
149 160
149 182
149 166
150 160
150 153
150 154
151 181
151 153
151 191
151 159
152 155
152 165
152 167
152 174
152 173
153 155
153 165
153 166
153 168
153 171
153 175
153 177
153 180
153 183
153 185
153 192
153 194
153 197
153 198
154 155
154 156
154 165
154 168
154 171
154 175
154 177
154 179
154 196
154 198
154 199
155 193
155 160
155 181
155 189
156 160
156 161
156 182
156 164
156 188
157 160
157 197
158 186
158 161
158 163
159 167
159 170
159 174
159 173
159 185
159 165
160 163
160 164
160 165
160 166
160 168
160 172
160 174
160 176
160 177
160 178
160 179
160 184
160 185
160 187
160 192
160 195
160 196
160 199
161 168
161 170
161 173
161 174
161 179
161 185
161 181
161 195
161 186
162 197
162 182
163 181
163 169
163 186
163 187
164 188
164 179
164 187
165 169
165 170
165 182
165 188
165 191
166 193
166 176
166 178
166 182
166 184
166 181
167 191
167 189
168 169
168 174
168 182
168 188
169 174
169 188
170 188
173 189
173 188
174 182
174 188
174 189
174 191
176 182
177 191
178 182
179 187
180 199
182 184
182 196
182 194
182 199
182 195
185 191
185 188
186 193
187 193
187 188
188 196
188 195
