0 66
0 195
0 36
0 102
0 135
0 42
0 171
0 44
0 98
0 48
0 179
0 23
0 186
0 190
0 191
1 3
1 4
1 133
1 6
1 7
1 136
1 137
1 13
1 15
1 144
1 145
1 18
1 131
1 149
1 150
1 151
1 152
1 153
1 155
1 29
1 36
1 166
1 39
1 41
1 170
1 43
1 44
1 176
1 172
1 52
1 53
1 184
1 59
1 61
1 64
1 193
1 195
1 68
1 69
1 70
1 71
1 75
1 76
1 84
1 169
1 135
1 100
1 103
1 108
1 111
1 147
1 119
2 128
2 132
2 131
2 4
2 133
2 6
2 7
2 136
2 137
2 10
2 12
2 14
2 16
2 17
2 18
2 21
2 22
2 25
2 154
2 157
2 31
2 32
2 33
2 162
2 37
2 38
2 39
2 40
2 169
2 43
2 47
2 177
2 53
2 55
2 61
2 134
2 70
2 140
2 74
2 183
2 80
2 84
2 142
2 86
2 90
2 93
2 145
2 168
2 118
2 119
2 120
2 124
2 126
2 149
3 98
3 196
3 179
3 102
3 42
3 79
3 19
3 20
3 87
3 91
3 191
4 123
4 135
4 42
4 171
4 108
4 98
4 48
4 20
4 91
4 92
4 191
5 198
5 196
5 133
5 6
5 23
5 79
5 82
5 19
5 20
5 87
5 179
5 91
5 92
5 98
5 134
5 102
5 42
5 171
5 191
5 48
5 51
5 123
5 61
5 127
6 7
6 16
6 19
6 25
6 28
6 31
6 32
6 33
6 34
6 38
6 40
6 45
6 47
6 52
6 53
6 57
6 59
6 61
6 62
6 65
6 67
6 71
6 72
6 73
6 74
6 79
6 80
6 84
6 86
6 88
6 92
6 95
6 102
6 104
6 105
6 109
6 114
6 115
6 117
6 121
6 124
6 129
6 130
6 139
6 140
6 143
6 144
6 146
6 150
6 152
6 156
6 162
6 165
6 168
6 169
6 170
6 173
6 176
6 177
6 179
6 181
6 183
6 193
6 198
6 199
7 129
7 11
7 140
7 16
7 20
7 174
7 23
7 152
7 29
7 30
7 31
7 33
7 162
7 37
7 168
7 42
7 171
7 173
7 46
7 157
7 48
7 51
7 181
7 184
7 61
7 134
7 191
7 192
7 196
7 198
7 199
7 12
7 79
7 87
7 88
7 95
7 98
7 108
7 118
7 121
7 123
7 127
8 98
8 179
8 102
8 87
8 19
8 23
8 26
8 91
8 92
8 186
9 159
10 133
10 48
10 20
10 23
10 84
10 188
10 61
10 134
11 192
11 196
11 198
11 74
11 75
11 152
11 157
11 30
11 96
11 38
11 102
11 46
11 179
11 55
11 184
11 189
12 171
12 133
12 75
12 16
12 19
12 20
12 21
12 86
12 23
12 152
12 179
12 135
12 29
12 30
12 32
12 162
12 102
12 38
12 42
12 71
12 191
12 189
12 48
12 51
12 118
12 55
12 184
12 123
12 61
12 127
13 64
13 73
13 17
13 23
13 98
13 59
13 165
13 108
13 109
13 114
13 51
13 186
13 123
13 62
13 127
14 133
14 123
14 61
14 127
15 198
15 98
15 196
15 179
15 102
15 135
15 171
15 108
15 79
15 48
15 19
15 87
15 186
16 133
16 74
16 87
16 79
16 80
16 20
16 23
16 91
16 29
16 30
16 32
16 102
16 38
16 169
16 171
16 48
16 179
16 61
16 134
17 193
17 67
17 133
17 130
17 72
17 139
17 141
17 151
17 25
17 28
17 45
17 61
17 178
17 115
17 57
17 123
17 60
18 196
18 133
18 198
18 135
18 23
18 79
18 82
18 19
18 20
18 87
18 179
18 91
18 92
18 98
18 102
18 108
18 48
18 51
18 186
18 123
18 127
19 130
19 132
19 137
19 142
19 145
19 131
19 21
19 26
19 154
19 133
19 34
19 163
19 36
19 134
19 38
19 39
19 168
19 147
19 43
19 44
19 136
19 52
19 56
19 57
19 58
19 187
19 61
19 193
19 66
19 195
19 68
19 69
19 70
19 162
19 85
19 86
19 89
19 90
19 143
19 96
19 166
19 103
19 111
19 115
19 116
19 118
19 119
19 121
19 122
19 124
20 192
20 136
20 137
20 139
20 141
20 142
20 145
20 131
20 148
20 21
20 22
20 152
20 153
20 26
20 27
20 28
20 29
20 30
20 32
20 162
20 38
20 39
20 40
20 41
20 193
20 154
20 173
20 46
20 178
20 172
20 180
20 53
20 55
20 56
20 59
20 60
20 62
20 64
20 160
20 67
20 68
20 197
20 70
20 71
20 72
20 74
20 76
20 84
20 86
20 90
20 93
20 166
20 103
20 188
20 106
20 110
20 111
20 168
20 114
20 116
20 118
20 169
20 121
20 124
20 125
21 196
21 133
21 198
21 74
21 79
21 80
21 87
21 152
21 102
21 38
21 71
21 179
21 55
21 123
21 61
21 134
22 128
22 161
22 123
22 197
22 65
22 97
22 191
22 180
22 177
22 51
22 120
22 84
22 91
22 42
22 127
23 128
23 130
23 131
23 132
23 137
23 145
23 147
23 149
23 154
23 27
23 29
23 161
23 35
23 36
23 38
23 39
23 168
23 41
23 43
23 44
23 173
23 47
23 180
23 136
23 155
23 183
23 57
23 59
23 62
23 64
23 193
23 67
23 72
23 73
23 78
23 141
23 84
23 85
23 86
23 169
23 97
23 100
23 103
23 106
23 110
23 114
23 115
23 190
23 118
23 119
23 120
23 121
23 124
23 126
25 64
25 193
25 133
25 73
25 139
25 130
25 144
25 150
25 28
25 59
25 134
25 170
25 176
25 51
25 52
25 123
25 61
25 127
26 148
26 179
26 76
26 106
26 172
26 110
26 153
27 191
27 123
27 102
27 135
27 42
27 108
27 98
27 142
27 87
27 91
27 92
27 127
28 196
28 198
28 42
28 79
28 179
28 87
28 91
28 92
28 191
29 74
29 80
29 191
29 91
29 92
29 31
29 32
29 98
29 37
29 38
29 168
29 169
29 42
29 135
29 108
29 173
29 189
29 51
29 55
29 121
29 186
29 123
29 61
29 127
30 129
30 86
30 88
30 96
30 162
30 168
30 169
30 42
30 173
30 174
30 181
30 118
30 121
30 61
30 191
31 133
31 33
31 38
31 169
31 199
31 140
31 61
31 51
31 123
31 134
31 127
32 192
32 133
32 91
32 92
32 134
32 46
32 51
32 123
32 61
32 127
33 198
33 196
33 37
33 169
33 74
33 79
33 80
33 87
33 38
33 61
34 198
34 179
34 196
34 133
34 102
34 79
34 87
34 134
35 133
35 140
35 82
35 88
35 91
35 92
35 157
35 95
35 96
35 38
35 169
35 171
35 48
35 53
35 61
35 181
36 42
36 98
36 48
36 82
36 85
36 122
36 186
36 191
37 133
37 134
37 199
37 61
38 129
38 140
38 51
38 162
38 134
38 168
38 42
38 171
38 173
38 174
38 157
38 48
38 179
38 61
38 191
38 192
38 196
38 199
38 82
38 86
38 87
38 88
38 91
38 96
38 102
38 46
38 118
38 121
38 123
38 127
39 179
39 82
39 87
39 91
39 92
39 98
39 102
39 42
39 171
39 108
39 191
39 48
39 51
39 186
39 123
39 127
40 198
40 123
40 68
40 133
40 42
40 191
40 79
40 51
40 87
40 196
40 91
40 92
40 61
40 134
40 166
41 98
41 171
41 198
41 135
41 87
41 108
41 79
41 48
41 82
41 186
41 91
41 92
42 130
42 146
42 131
42 149
42 132
42 160
42 155
42 156
42 147
42 43
42 44
42 47
42 177
42 57
42 59
42 190
42 64
42 65
42 66
42 195
42 68
42 71
42 73
42 74
42 75
42 76
42 80
42 84
42 85
42 169
42 93
42 97
42 166
42 103
42 104
42 105
42 112
42 115
42 119
42 124
42 126
43 196
43 179
43 135
43 79
43 82
43 87
43 91
43 92
43 98
43 102
43 171
43 191
43 48
43 51
43 116
43 56
43 186
43 123
43 127
44 66
44 147
44 179
44 198
44 79
44 82
44 196
44 122
44 191
45 98
45 196
45 133
45 87
45 186
45 134
45 191
46 96
46 133
46 140
46 82
46 91
46 92
46 199
46 169
46 171
46 174
46 189
46 53
46 55
46 61
47 133
47 87
47 179
47 91
47 92
47 98
47 134
47 102
47 171
47 48
47 51
47 186
47 123
47 61
47 191
48 128
48 147
48 149
48 155
48 168
48 180
48 183
48 66
48 197
48 70
48 82
48 84
48 85
48 93
48 111
48 112
48 119
48 120
48 122
48 126
49 81
49 194
51 128
51 131
51 132
51 136
51 145
51 177
51 53
51 183
51 188
51 65
51 68
51 80
51 86
51 90
51 93
51 115
51 116
51 123
51 126
52 198
52 130
52 196
52 133
52 135
52 72
52 141
52 79
52 98
52 134
52 102
52 193
52 178
52 179
52 57
52 186
52 59
52 60
52 125
53 192
53 133
53 129
53 74
53 80
53 88
53 91
53 92
53 95
53 96
53 98
53 134
53 135
53 108
53 123
53 61
53 127
55 192
55 129
55 86
55 88
55 91
55 92
55 157
55 95
55 96
55 162
55 168
55 174
55 173
55 181
55 118
55 121
56 198
56 196
56 179
56 102
56 79
56 87
56 91
56 92
56 127
57 196
57 133
57 79
57 82
57 150
57 87
57 91
57 92
57 102
57 108
57 191
57 176
57 179
57 170
57 186
57 123
57 61
57 127
58 98
58 196
58 198
58 87
58 186
58 135
58 108
58 79
59 67
59 133
59 135
59 72
59 151
59 141
59 144
59 150
59 91
59 98
59 100
59 134
59 108
59 176
59 178
59 170
59 186
59 125
59 191
60 176
60 123
60 133
60 73
60 170
60 114
60 61
60 62
61 128
61 130
61 143
61 154
61 156
61 162
61 169
61 193
61 135
61 177
61 183
61 184
61 186
61 134
61 133
61 192
61 181
61 68
61 69
61 70
61 71
61 72
61 129
61 74
61 75
61 141
61 80
61 163
61 84
61 86
61 87
61 89
61 199
61 95
61 98
61 104
61 105
61 108
61 168
61 115
61 117
61 118
61 121
61 124
61 126
62 67
62 100
62 133
62 72
62 92
62 151
62 141
62 178
62 125
62 134
64 133
64 135
64 73
64 108
64 91
64 92
64 191
65 133
65 135
65 82
65 84
65 98
65 134
65 171
65 191
65 177
65 123
65 127
66 198
66 195
66 147
66 179
66 102
66 171
66 78
66 79
66 82
66 87
66 196
66 191
67 133
67 73
67 109
67 114
67 134
67 186
67 165
68 196
68 133
68 134
68 79
68 87
68 92
68 102
68 179
68 186
68 123
68 191
69 196
69 133
69 102
69 108
69 79
69 87
69 179
70 123
70 133
70 135
70 171
70 108
70 82
70 92
71 133
71 162
71 86
71 91
71 92
71 157
71 95
71 96
71 134
71 169
71 135
71 174
71 181
71 118
71 186
71 191
72 133
72 73
72 144
72 150
72 91
72 92
72 165
72 98
72 134
72 170
72 109
72 186
73 100
73 133
73 151
73 141
73 91
73 191
74 192
74 129
74 133
74 135
74 162
74 80
74 86
74 88
74 91
74 92
74 95
74 98
74 134
74 168
74 191
74 108
74 173
74 174
74 118
74 181
74 186
74 123
74 127
75 129
75 86
75 88
75 157
75 95
75 96
75 98
75 169
75 135
75 108
75 174
75 181
75 184
75 186
75 191
76 98
76 135
76 82
76 91
76 92
76 186
76 191
77 164
78 196
78 198
78 79
78 82
78 85
78 87
78 122
78 155
78 186
78 191
79 129
79 130
79 147
79 150
79 157
79 133
79 174
79 190
79 139
79 199
79 162
79 85
79 86
79 88
79 166
79 195
79 105
79 106
79 146
79 110
79 111
79 168
79 117
79 118
79 122
79 124
80 192
80 129
80 133
80 199
80 140
80 88
80 96
80 98
80 134
80 118
80 186
80 127
81 94
82 128
82 130
82 193
82 147
82 148
82 153
82 154
82 161
82 171
82 180
82 187
82 190
82 192
82 195
82 197
82 85
82 111
82 112
82 115
82 120
82 122
82 124
82 126
83 113
83 185
84 133
84 135
84 197
84 97
84 98
84 171
84 108
84 177
84 180
84 186
84 188
84 126
84 191
85 171
85 102
85 87
85 147
85 196
85 190
85 195
86 198
86 196
86 133
86 184
86 87
86 152
86 179
86 91
86 92
86 102
86 123
86 134
86 127
87 130
87 132
87 137
87 139
87 140
87 142
87 145
87 131
87 158
87 133
87 160
87 163
87 134
87 136
87 181
87 183
87 187
87 169
87 193
87 162
87 190
87 173
87 156
87 89
87 90
87 95
87 96
87 103
87 112
87 168
87 115
87 116
87 117
87 118
87 119
87 121
87 122
88 198
88 196
88 133
88 102
88 169
88 179
88 184
88 189
89 196
89 134
90 123
90 179
90 102
90 91
91 192
91 130
91 193
91 137
91 142
91 145
91 131
91 148
91 149
91 153
91 152
91 132
91 154
91 133
91 172
91 173
91 136
91 188
91 189
91 160
91 93
91 187
91 103
91 106
91 110
91 111
91 112
91 168
91 114
91 115
91 116
91 118
91 119
91 121
91 124
92 192
92 193
92 139
92 142
92 149
92 152
92 132
92 154
92 133
92 166
92 173
92 189
92 160
92 183
92 93
92 106
92 109
92 110
92 168
92 114
92 115
92 116
92 118
92 119
92 121
92 124
93 171
93 98
93 191
93 123
93 127
94 194
95 134
95 189
95 184
95 152
95 133
96 174
96 152
96 157
96 184
96 189
97 123
97 188
97 191
98 130
98 144
98 145
98 147
98 148
98 152
98 153
98 150
98 133
98 160
98 155
98 134
98 166
98 193
98 172
98 136
98 183
98 184
98 177
98 169
98 187
98 100
98 105
98 106
98 146
98 110
98 115
98 119
98 124
100 165
100 170
100 114
100 150
100 186
102 129
102 130
102 132
102 137
102 142
102 131
102 157
102 160
102 134
102 168
102 147
102 173
102 179
102 183
102 187
102 193
102 139
102 162
102 103
102 104
102 105
102 146
102 111
102 112
102 115
102 116
102 117
102 118
102 119
102 121
102 122
102 149
103 123
103 135
103 108
103 191
103 179
103 127
104 186
104 191
104 134
104 133
105 133
105 179
105 186
105 134
105 191
106 198
106 186
108 131
108 133
108 134
108 137
108 142
108 144
108 145
108 149
108 153
108 132
108 154
108 160
108 172
108 176
108 193
108 169
108 187
108 111
108 112
108 115
108 119
109 151
109 134
110 198
110 196
110 186
111 198
111 196
111 179
111 135
111 171
111 186
112 135
112 171
112 179
112 191
113 185
114 133
114 151
114 134
115 196
115 133
115 135
115 144
115 150
115 179
115 134
115 191
115 176
115 170
115 186
115 123
115 127
116 123
116 179
116 127
117 133
117 198
117 179
117 196
117 134
118 196
118 133
118 184
118 152
118 169
118 189
118 179
118 134
119 123
119 179
119 186
119 191
120 128
120 161
120 133
120 123
120 188
120 127
121 169
121 173
121 189
121 179
121 134
122 195
122 198
122 171
122 147
122 196
123 128
123 149
123 130
123 137
123 154
123 161
123 162
123 145
123 193
123 177
123 178
123 189
123 199
123 140
123 160
123 142
123 166
123 188
123 124
123 127
124 196
124 133
124 134
124 127
124 186
124 191
125 133
125 127
126 171
126 191
126 188
126 127
127 128
127 130
127 131
127 132
127 136
127 137
127 145
127 162
127 169
127 193
127 177
127 178
127 183
127 188
127 160
127 141
127 142
128 171
128 188
129 198
129 196
129 169
129 189
129 179
129 134
129 184
129 133
130 198
130 133
130 135
130 150
130 134
130 191
130 170
130 186
131 135
131 179
131 191
132 135
132 191
133 135
133 139
133 141
133 144
133 146
133 152
133 154
133 156
133 161
133 162
133 165
133 166
133 169
133 170
133 173
133 176
133 177
133 178
133 180
133 181
133 183
133 192
133 196
133 197
133 198
134 196
134 139
134 140
134 143
134 152
134 158
134 135
134 176
134 177
134 183
134 180
134 186
134 181
134 197
134 162
134 173
134 144
134 168
134 165
135 193
135 136
135 172
135 142
135 145
135 147
135 148
135 149
135 153
135 152
135 154
135 160
135 155
135 177
135 184
135 195
135 187
135 169
136 186
137 179
139 198
139 179
139 186
139 191
140 192
140 198
140 196
140 169
141 176
141 170
141 144
141 150
142 160
142 179
142 191
143 163
143 158
144 186
145 186
146 198
146 196
146 179
146 186
146 191
147 198
147 195
147 196
147 179
147 186
147 191
148 172
148 153
148 186
149 171
149 186
149 191
150 193
150 151
150 196
150 186
151 165
151 170
152 162
152 169
152 174
152 181
152 186
153 186
153 191
154 171
155 171
155 190
155 191
156 198
156 196
156 191
157 198
157 196
157 169
157 174
157 179
157 184
157 189
160 191
160 179
160 186
161 171
161 188
162 198
162 196
162 189
162 179
166 196
166 198
166 179
166 186
166 191
168 198
168 196
168 169
168 171
168 189
168 179
169 173
169 174
169 181
169 184
169 186
169 191
169 192
169 196
169 198
169 199
170 193
170 196
171 197
171 177
171 180
171 187
171 192
174 192
174 196
174 198
174 184
174 189
176 193
176 186
177 191
177 186
177 188
179 183
179 187
179 193
179 195
180 188
181 189
181 184
183 196
183 186
186 188
186 190
186 193
187 196
188 197
188 191
189 192
190 196
190 198
190 191
191 193
191 195
192 199
193 196
195 196
195 198
198 199
