0 1
0 82
0 3
0 53
0 153
0 122
0 197
0 30
0 101
1 66
1 3
1 6
1 136
1 194
1 109
1 20
1 149
1 185
1 88
1 28
1 122
1 30
1 31
1 96
1 33
1 70
1 164
1 101
1 39
1 45
1 46
1 178
1 54
1 84
1 58
1 188
1 126
1 117
2 160
2 33
2 65
2 74
2 11
2 44
2 79
2 51
2 26
2 192
3 131
3 4
3 6
3 9
3 13
3 20
3 22
3 26
3 28
3 160
3 33
3 37
3 168
3 169
3 45
3 47
3 49
3 53
3 58
3 60
3 192
3 70
3 83
3 84
3 85
3 91
3 92
3 188
3 109
3 111
3 117
3 118
3 121
3 122
4 192
4 194
4 133
4 10
4 66
4 14
4 79
4 16
4 18
4 195
4 148
4 25
4 26
4 92
4 31
4 39
4 104
4 42
4 110
4 176
4 51
4 180
4 121
4 95
4 74
4 191
5 128
5 67
5 147
5 71
5 73
5 138
5 75
5 12
5 141
5 15
5 144
5 19
5 196
5 89
5 91
5 29
5 159
5 32
5 107
5 34
5 35
5 162
5 163
5 102
5 183
5 140
5 93
5 47
5 114
5 123
5 181
5 137
5 57
5 59
5 124
5 125
6 70
6 7
6 9
6 13
6 109
6 17
6 82
6 131
6 84
6 149
6 151
6 143
6 30
6 18
6 164
6 101
6 42
6 45
6 115
6 117
6 118
6 185
6 122
6 191
6 60
6 189
6 134
6 127
7 131
7 37
7 33
7 169
7 171
7 70
7 174
7 111
7 120
7 118
7 24
7 122
7 60
7 30
7 65
8 43
8 81
8 185
8 25
8 27
8 30
8 95
8 34
8 36
8 40
8 106
8 107
8 176
8 116
8 180
8 159
8 125
8 190
9 33
9 101
9 65
9 105
9 171
9 174
9 111
9 24
9 185
9 60
9 30
10 128
10 138
10 140
10 142
10 147
10 21
10 150
10 152
10 26
10 155
10 163
10 38
10 168
10 170
10 44
10 47
10 48
10 51
10 181
10 55
10 57
10 187
10 192
10 67
10 69
10 71
10 72
10 73
10 183
10 78
10 85
10 87
10 89
10 90
10 91
10 92
10 166
10 102
10 106
10 19
10 121
10 123
11 64
11 134
11 139
11 130
11 14
11 77
11 81
11 18
11 23
11 184
11 36
11 106
11 172
11 113
11 115
11 56
11 151
11 61
11 191
12 129
12 34
12 199
12 157
12 113
12 119
12 154
12 125
13 82
13 185
13 122
13 30
14 195
14 137
14 141
14 15
14 144
14 19
14 148
14 21
14 68
14 92
14 29
14 160
14 196
14 162
14 35
14 165
14 156
14 170
14 48
14 99
14 114
14 52
14 73
14 121
14 59
15 128
15 139
15 81
15 21
15 86
15 185
15 25
15 91
15 30
15 95
15 133
15 34
15 36
15 101
15 104
15 110
15 125
15 176
15 116
15 180
15 61
15 62
15 85
16 160
16 33
16 44
16 111
16 82
16 121
16 122
16 92
17 33
17 111
17 122
17 60
17 189
17 30
18 65
18 69
18 78
18 80
18 145
18 150
18 155
18 160
18 33
18 98
18 100
18 38
18 105
18 171
18 108
18 111
18 48
18 50
18 120
18 60
19 195
19 132
19 199
19 21
19 25
19 157
19 94
19 34
19 106
19 61
19 113
19 119
19 125
20 101
20 122
20 28
20 30
21 195
21 196
21 139
21 141
21 148
21 85
21 25
21 91
21 156
21 32
21 162
21 163
21 167
21 40
21 106
21 43
21 113
21 114
21 170
21 61
21 190
21 63
22 37
22 171
22 174
22 120
22 82
22 24
22 185
22 122
22 30
22 101
23 192
23 100
23 69
23 166
23 108
23 74
23 44
23 173
23 78
23 79
23 80
23 145
23 50
23 150
23 55
23 121
23 26
23 92
24 194
24 131
24 70
24 143
24 82
24 149
24 151
24 164
24 134
24 39
24 41
24 42
24 174
24 49
24 115
24 118
24 169
24 185
24 58
24 191
25 135
25 137
25 138
25 140
25 142
25 144
25 26
25 175
25 156
25 160
25 35
25 165
25 170
25 43
25 44
25 47
25 48
25 51
25 52
25 183
25 186
25 59
25 190
25 32
25 67
25 72
25 74
25 75
25 76
25 163
25 89
25 90
25 92
25 99
25 187
25 123
26 100
26 145
26 66
26 79
26 80
26 178
26 30
26 31
26 160
26 36
26 101
26 194
26 42
26 108
26 173
26 50
26 51
26 180
26 106
26 95
26 61
27 68
27 135
27 73
27 138
27 139
27 76
27 83
27 89
27 175
27 156
27 93
27 165
27 97
27 99
27 163
27 40
27 29
27 47
27 112
27 168
27 114
27 52
27 182
27 56
27 116
27 140
27 62
27 63
28 82
28 101
28 185
28 122
28 188
28 30
29 129
29 195
29 132
29 199
29 139
29 83
29 148
29 89
29 154
29 157
29 94
29 97
29 177
29 40
29 47
29 112
29 113
29 182
29 56
29 62
30 131
30 138
30 140
30 149
30 156
30 33
30 164
30 168
30 41
30 171
30 44
30 174
30 47
30 48
30 49
30 53
30 183
30 58
30 60
30 189
30 192
30 65
30 70
30 82
30 83
30 84
30 85
30 89
30 188
30 109
30 118
30 169
30 120
30 122
31 160
31 98
31 37
31 65
31 92
31 74
31 44
31 120
31 82
31 51
31 105
31 121
31 60
31 192
32 97
32 36
32 104
32 176
32 110
32 112
32 81
32 180
32 182
32 119
32 61
33 198
33 194
33 66
33 77
33 149
33 88
33 164
33 143
33 82
33 101
33 39
33 41
33 172
33 45
33 115
33 117
33 54
33 184
33 185
33 122
33 189
33 191
34 135
34 138
34 141
34 142
34 152
34 196
34 175
34 156
34 158
34 133
34 163
34 165
34 167
34 40
34 43
34 47
34 176
34 52
34 182
34 183
34 180
34 140
34 61
34 62
34 63
34 193
34 68
34 72
34 73
34 190
34 83
34 85
34 86
34 87
34 89
34 90
34 93
34 95
34 97
34 99
34 103
34 104
34 107
34 110
34 112
34 168
34 114
34 187
34 119
34 124
35 132
35 133
35 199
35 81
35 86
35 157
35 94
35 36
35 40
35 106
35 110
35 176
35 113
35 180
35 119
35 104
35 95
35 61
36 135
36 137
36 142
36 144
36 147
36 152
36 47
36 156
36 158
36 165
36 168
36 175
36 51
36 52
36 57
36 186
36 59
36 192
36 67
36 68
36 72
36 73
36 76
36 83
36 87
36 90
36 92
36 93
36 99
36 103
36 114
36 187
36 121
36 123
37 66
37 70
37 130
37 82
37 151
37 101
37 164
37 134
37 42
37 49
37 178
37 115
37 54
37 185
37 58
38 130
38 139
38 134
38 55
38 44
38 115
38 151
38 56
38 121
38 92
39 192
39 74
39 171
39 44
39 174
39 120
39 82
39 51
39 111
40 47
40 139
40 145
40 155
40 163
40 166
40 168
40 170
40 44
40 173
40 175
40 48
40 50
40 52
40 181
40 55
40 56
40 57
40 63
40 69
40 73
40 78
40 80
40 89
40 93
40 108
40 114
40 83
40 116
40 123
40 125
41 98
41 105
41 171
41 174
41 111
41 120
41 185
41 60
42 160
42 120
42 171
42 192
42 174
43 193
43 132
43 68
43 139
43 142
43 86
43 90
43 157
43 94
43 97
43 103
43 106
43 107
43 110
43 175
43 112
43 180
43 119
43 159
43 124
43 62
44 133
44 139
44 66
44 148
44 155
44 160
44 166
44 172
44 176
44 178
44 54
44 55
44 184
44 185
44 61
44 64
44 194
44 195
44 69
44 198
44 77
44 78
44 56
44 88
44 95
44 104
44 106
44 110
44 113
45 82
45 84
45 101
45 122
45 111
46 65
46 120
46 122
46 171
47 129
47 132
47 199
47 139
47 81
47 83
47 86
47 185
47 154
47 95
47 97
47 177
47 106
47 176
47 110
47 125
47 112
47 157
47 114
47 52
47 182
47 119
47 56
47 180
47 168
47 61
47 62
47 63
48 64
48 195
48 133
48 139
48 81
48 148
48 86
48 97
48 110
48 112
48 113
48 115
48 182
48 56
48 104
48 61
48 62
49 65
49 98
49 105
49 171
49 174
49 120
49 82
49 197
49 53
49 185
49 101
50 192
50 130
50 115
50 134
50 74
50 139
50 79
50 80
50 51
50 151
50 191
51 64
51 100
51 182
51 74
51 192
51 66
51 77
51 81
51 86
51 79
51 160
51 97
51 104
51 95
51 172
51 178
51 110
51 112
51 180
51 106
51 54
51 184
51 61
51 62
52 138
52 140
52 81
52 83
52 152
52 89
52 158
52 97
52 125
52 112
52 168
52 182
52 183
52 56
52 116
52 61
52 62
52 63
53 82
53 185
53 101
53 153
53 122
53 197
54 160
54 98
54 65
54 105
54 111
54 82
54 122
54 192
55 134
55 78
55 115
55 56
55 155
55 92
55 106
55 191
56 128
56 140
56 150
56 156
56 159
56 163
56 173
56 63
56 193
56 69
56 71
56 73
56 78
56 80
56 83
56 89
56 91
56 92
56 93
56 166
56 107
56 168
56 114
56 116
56 121
56 124
56 125
57 97
57 129
57 106
57 199
57 61
57 157
57 177
57 62
57 182
57 154
57 94
58 171
58 174
58 120
58 185
58 122
58 101
59 132
59 195
59 177
59 137
59 176
59 113
59 148
59 110
59 86
59 119
59 154
59 95
60 64
60 198
60 130
60 134
60 143
60 149
60 151
60 164
60 172
60 109
60 115
60 184
60 122
60 189
60 191
61 179
61 137
61 140
61 146
61 147
61 159
61 161
61 163
61 168
61 170
61 181
61 193
61 67
61 73
61 74
61 75
61 79
61 80
61 83
61 85
61 89
61 92
61 102
61 107
61 121
61 123
61 124
61 125
62 79
62 128
62 67
62 71
62 73
62 74
62 75
62 83
62 156
62 97
62 116
62 168
62 114
62 182
62 123
62 125
62 190
63 116
63 138
63 139
63 140
63 81
63 183
63 89
63 125
64 160
64 198
64 74
64 184
64 79
65 66
65 197
65 134
65 130
65 143
65 149
65 151
65 164
65 178
65 115
65 185
65 191
66 160
66 98
66 192
66 105
66 74
66 79
66 82
66 122
66 121
66 111
66 92
67 133
67 97
67 110
67 112
67 86
67 119
67 182
67 95
68 193
68 133
68 81
68 195
68 86
68 87
68 152
68 158
68 95
68 103
68 104
68 107
68 176
68 113
68 116
68 180
68 159
68 125
68 190
69 139
69 115
69 150
69 92
69 106
69 191
70 171
70 174
70 120
70 82
70 149
70 185
70 122
70 101
71 129
71 139
71 156
71 94
71 97
71 106
71 177
71 182
71 119
72 135
72 76
72 81
72 152
72 158
72 159
72 99
72 165
72 106
72 107
72 176
72 180
72 186
72 95
72 125
73 129
73 195
73 132
73 199
73 139
73 81
73 148
73 94
73 97
73 177
73 106
73 112
73 113
73 116
73 182
73 125
74 133
74 198
74 194
74 80
74 95
74 160
74 97
74 100
74 104
74 108
74 178
74 110
74 112
74 182
74 184
75 97
75 132
75 129
75 104
75 177
75 106
75 86
75 119
75 154
75 182
75 94
75 133
76 180
76 103
76 187
76 142
76 176
76 81
76 195
76 113
76 87
76 152
76 90
76 125
76 95
77 172
77 111
78 130
78 139
78 134
78 166
78 151
78 115
78 121
78 155
78 92
78 106
78 191
79 192
79 198
79 194
79 80
79 145
79 95
79 97
79 100
79 104
79 108
79 173
79 110
79 112
79 180
79 182
79 184
80 192
80 130
80 100
80 134
80 151
80 145
80 191
81 192
81 135
81 138
81 83
81 89
81 92
81 165
81 103
81 168
81 93
81 140
81 99
81 183
81 121
81 186
82 171
82 118
82 101
82 109
82 88
82 153
82 197
82 169
82 127
82 174
82 111
82 120
82 84
82 188
82 117
83 193
83 132
83 199
83 139
83 140
83 125
83 107
83 89
83 154
83 93
83 177
83 112
83 157
83 114
83 138
83 185
83 124
84 101
84 185
84 122
84 117
85 139
85 86
85 156
85 95
85 97
85 101
85 104
85 106
85 176
85 110
85 112
85 180
85 182
85 185
85 125
86 133
86 137
86 144
86 146
86 152
86 156
86 159
86 160
86 190
86 89
86 92
86 102
86 104
86 107
86 121
86 123
86 124
86 125
87 133
87 103
87 110
87 176
87 104
87 180
87 142
87 90
87 187
87 125
87 95
88 160
88 121
88 92
88 122
89 129
89 132
89 199
89 139
89 185
89 154
89 93
89 94
89 95
89 97
89 106
89 176
89 125
89 110
89 157
89 177
89 182
89 119
89 180
90 107
90 135
90 125
90 190
90 152
90 186
90 106
90 158
91 129
91 132
91 199
91 156
91 157
91 94
91 97
91 101
91 112
91 177
91 182
91 119
91 185
92 198
92 184
92 195
92 148
92 185
92 155
92 160
92 166
92 106
92 172
92 176
92 113
92 150
92 180
92 95
93 129
93 195
93 132
93 138
93 139
93 140
93 154
93 97
93 177
93 113
93 183
93 182
93 119
93 168
93 125
94 128
94 196
94 141
94 157
94 199
94 107
94 163
94 167
94 168
94 170
94 140
94 183
94 190
95 135
95 137
95 140
95 152
95 156
95 158
95 159
95 165
95 183
95 186
95 193
95 99
95 121
95 123
95 124
95 125
96 136
97 128
97 147
97 179
97 140
97 146
97 107
97 156
97 159
97 112
97 102
97 190
97 161
97 114
97 181
97 138
97 183
97 123
97 124
97 125
97 116
98 197
98 134
98 130
98 143
98 115
98 151
98 153
98 191
99 180
99 176
99 116
99 125
100 192
100 139
101 131
101 197
101 192
101 121
101 153
101 156
101 122
101 168
101 169
101 188
101 117
102 132
102 129
102 104
102 106
102 110
102 112
102 177
102 119
102 154
102 182
102 133
103 193
103 135
103 107
103 152
103 186
103 124
103 190
103 159
104 123
104 179
104 137
104 144
104 146
104 158
104 110
104 160
105 130
105 197
105 134
105 178
105 151
105 143
105 153
105 191
106 128
106 179
106 140
106 142
106 146
106 147
106 150
106 175
106 159
106 161
106 166
106 168
106 170
106 181
106 187
106 138
106 190
106 192
106 163
106 121
106 123
106 183
107 129
107 199
107 177
107 139
107 132
107 175
107 154
107 182
107 187
107 168
107 110
107 125
107 112
107 180
107 157
107 119
107 159
107 190
108 115
108 191
108 139
109 185
109 122
110 123
110 160
110 133
110 193
110 137
110 140
110 146
110 152
110 179
110 156
110 158
110 159
110 161
110 138
110 124
110 125
110 190
111 198
111 130
111 194
111 149
111 151
111 143
111 164
111 134
111 172
111 117
111 184
111 122
112 193
112 147
112 146
112 156
112 168
112 124
112 114
112 181
112 182
112 123
112 116
112 125
112 190
113 135
113 137
113 160
113 162
113 167
113 170
113 186
114 139
114 168
114 116
114 182
115 150
115 155
115 171
115 173
115 120
115 191
115 166
116 135
116 139
116 165
116 170
116 175
116 168
116 182
117 122
118 164
118 171
118 174
118 120
118 149
118 185
118 122
119 137
119 138
119 141
119 144
119 146
119 162
119 163
119 167
119 170
119 140
119 179
119 183
119 125
119 190
120 130
120 131
120 194
120 143
120 134
120 169
120 185
120 191
121 139
121 194
121 155
121 160
121 172
121 176
121 180
121 185
122 194
122 131
122 149
122 185
122 188
122 164
122 169
122 178
122 189
123 133
123 157
123 176
123 180
123 182
124 142
124 175
124 168
124 182
124 187
124 125
125 135
125 139
125 141
125 142
125 196
125 175
125 156
125 158
125 133
125 162
125 165
125 167
125 170
125 176
125 182
125 180
125 186
125 159
125 193
125 190
125 168
125 140
125 187
128 139
128 182
128 156
129 138
129 144
129 161
129 162
129 140
129 147
129 181
129 137
129 183
130 155
130 171
131 169
131 171
131 174
131 185
132 147
132 179
132 138
132 140
132 144
132 146
132 161
132 163
132 168
132 170
132 181
132 137
132 183
132 190
133 179
133 137
133 144
133 146
133 152
133 156
133 158
133 160
133 161
134 155
134 174
134 171
134 166
135 180
135 142
135 176
135 195
135 187
135 148
137 195
137 144
137 148
137 154
137 177
138 139
138 185
138 154
138 176
138 177
138 182
138 180
139 140
139 145
139 150
139 156
139 163
139 168
139 173
139 190
140 199
140 185
140 154
140 168
140 176
140 157
140 177
140 182
140 180
141 195
141 199
141 157
142 193
142 152
142 186
142 158
142 159
143 171
143 174
144 180
144 199
144 176
144 177
144 154
145 192
146 182
146 177
146 179
146 154
147 177
147 199
147 157
147 182
147 154
148 165
148 170
148 186
149 174
149 185
150 191
151 155
151 171
151 166
152 180
152 176
152 187
152 186
153 185
154 179
154 161
154 162
154 167
154 168
154 177
154 183
155 166
156 176
156 180
156 185
157 196
157 162
157 163
157 167
157 168
157 170
157 190
158 180
158 176
158 187
159 168
159 176
159 180
159 182
159 190
160 198
160 192
160 178
160 184
161 177
161 182
162 177
162 199
163 199
164 169
164 171
164 174
164 185
165 180
165 176
165 195
166 191
167 199
167 177
168 193
168 199
168 190
168 183
169 174
169 185
170 195
170 199
171 194
171 185
171 191
173 192
173 191
174 194
174 191
175 193
175 176
175 180
175 190
177 179
177 181
177 183
178 192
179 182
180 192
180 183
180 186
180 190
181 199
181 182
182 193
182 183
183 185
185 189
185 192
185 197
186 187
187 193
187 190
190 199
192 194
195 196
196 199
