0 1
0 196
0 65
0 10
0 144
0 84
0 150
0 151
0 88
0 71
0 156
0 90
0 159
0 169
0 106
0 107
0 172
0 50
0 55
0 138
1 129
1 3
1 6
1 8
1 10
1 140
1 142
1 143
1 16
1 145
1 150
1 151
1 154
1 155
1 28
1 197
1 160
1 162
1 36
1 38
1 167
1 41
1 44
1 45
1 174
1 178
1 179
1 180
1 181
1 190
1 63
1 65
1 196
1 69
1 199
1 72
1 75
1 156
1 83
1 104
1 107
1 112
1 114
1 169
1 124
2 128
2 194
2 68
2 69
2 70
2 9
2 10
2 11
2 144
2 86
2 185
2 196
2 35
2 164
2 37
2 177
2 40
2 170
2 168
2 113
2 53
2 55
2 121
2 58
2 119
2 188
2 127
3 171
3 197
3 65
3 72
3 23
3 12
3 16
3 17
3 82
3 20
3 87
3 152
3 26
3 91
3 32
3 34
3 99
3 165
3 42
3 107
3 109
3 110
3 117
3 183
3 120
3 57
3 151
4 9
4 138
4 150
4 154
4 156
4 157
4 159
4 163
4 39
4 189
4 180
4 185
4 59
4 61
4 191
4 65
4 197
4 71
4 76
4 80
4 88
4 92
4 95
4 187
4 109
4 111
4 113
4 119
4 127
5 66
5 133
5 135
5 73
5 75
5 13
5 15
5 22
5 24
5 27
5 29
5 33
5 36
5 37
5 38
5 103
5 41
5 176
5 48
5 182
5 166
6 130
6 193
6 9
6 139
6 143
6 146
6 148
6 151
6 24
6 153
6 29
6 33
6 35
6 164
6 166
6 40
6 170
6 44
6 46
6 176
6 177
6 51
6 53
6 182
6 185
6 168
6 60
6 181
6 65
6 194
6 68
6 70
6 81
6 86
6 94
6 98
6 104
6 188
6 107
6 108
6 113
6 115
6 119
6 121
6 125
6 126
6 127
7 65
7 163
7 197
7 39
7 107
7 111
7 16
7 82
7 151
7 157
8 67
8 65
8 160
8 17
8 85
8 91
8 31
8 32
8 100
8 167
8 45
8 112
8 49
8 178
8 190
8 118
8 57
8 62
9 128
9 179
9 69
9 65
9 73
9 140
9 13
9 142
9 15
9 82
9 66
9 150
9 151
9 25
9 154
9 155
9 97
9 162
9 36
9 70
9 38
9 169
9 135
9 173
9 125
9 113
9 51
9 116
9 189
9 58
9 61
10 196
10 133
10 65
10 128
10 22
10 27
10 37
10 103
10 106
10 172
10 180
10 55
10 124
10 138
11 128
11 133
11 140
11 13
11 142
11 18
11 21
11 25
11 38
11 40
11 170
11 175
11 177
11 50
11 51
11 185
11 58
11 188
11 146
11 192
11 66
11 69
11 71
11 194
11 74
11 75
11 78
11 86
11 90
11 96
11 97
11 101
11 109
11 113
11 115
11 125
12 32
12 107
12 165
12 65
12 45
12 49
12 82
12 99
12 117
12 87
12 152
12 26
13 128
13 131
13 134
13 135
13 149
13 22
13 24
13 161
13 38
13 40
13 41
13 177
13 179
13 54
13 137
13 56
13 185
13 186
13 63
13 65
13 182
13 70
13 33
13 73
13 77
13 79
13 82
13 94
13 97
13 98
13 107
13 113
13 116
13 122
13 123
14 20
14 85
14 26
14 31
14 34
14 99
14 100
14 167
14 42
14 45
14 110
14 49
14 114
14 72
14 62
15 65
15 66
15 132
15 70
15 78
15 77
15 149
15 95
15 97
15 40
15 51
15 116
15 137
15 122
16 197
16 65
16 169
16 109
16 144
16 82
16 107
16 84
16 150
16 151
16 52
16 154
16 92
16 189
16 159
17 160
17 67
17 165
17 42
17 178
17 190
17 112
17 136
17 114
17 20
17 85
17 183
17 120
17 26
17 91
17 62
18 128
18 69
18 70
18 74
18 140
18 78
18 142
18 25
18 89
18 101
18 133
18 37
18 103
18 104
18 48
18 113
18 51
18 184
18 95
18 125
19 32
19 49
19 72
19 152
19 92
19 31
20 34
20 100
20 165
20 178
20 85
20 183
20 57
20 26
20 62
21 128
21 192
21 150
21 71
21 78
21 80
21 81
21 146
21 188
21 84
21 86
21 90
21 155
21 156
21 154
21 95
21 144
21 35
21 164
21 37
21 177
21 40
21 169
21 170
21 159
21 173
21 113
21 50
21 115
21 180
21 53
21 121
21 59
21 124
21 191
22 196
22 33
22 73
22 77
22 149
22 24
22 30
22 133
22 96
22 97
22 27
22 37
22 38
22 103
22 41
22 135
22 48
22 116
22 182
22 184
22 122
23 136
23 171
23 91
23 120
24 130
24 131
24 135
24 140
24 142
24 148
24 174
24 153
24 27
24 28
24 29
24 161
24 162
24 36
24 134
24 166
24 41
24 46
24 47
24 176
24 179
24 54
24 55
24 56
24 58
24 60
24 63
24 64
24 66
24 195
24 196
24 69
24 198
24 77
24 79
24 184
24 186
24 94
24 96
24 98
24 101
24 104
24 105
24 108
24 126
25 128
25 69
25 74
25 140
25 142
25 93
25 113
25 89
25 58
25 61
25 95
26 85
26 99
26 100
26 42
26 49
26 117
26 118
26 183
26 57
26 62
27 196
27 135
27 73
27 139
27 140
27 77
27 142
27 105
27 28
27 29
27 133
27 96
27 97
27 162
27 37
27 166
27 103
27 104
27 41
27 199
27 174
27 48
27 179
27 54
27 55
27 56
27 58
28 66
28 70
28 75
28 77
28 82
28 149
28 86
28 29
28 162
28 36
28 38
28 170
28 107
28 129
28 177
28 179
28 116
28 181
28 182
28 73
28 135
28 185
28 122
28 126
29 96
29 33
29 66
29 36
29 135
29 38
29 75
29 162
29 37
30 96
30 128
30 101
30 133
30 48
30 184
31 65
31 178
31 83
31 85
31 151
31 100
31 167
31 45
31 112
31 49
31 114
31 147
31 52
31 190
31 118
31 72
31 62
32 178
32 72
32 190
32 145
32 85
32 87
32 152
32 160
32 99
32 102
32 167
32 43
32 45
32 110
32 112
32 114
32 117
32 62
33 64
33 66
33 135
33 139
33 141
33 143
33 130
33 162
33 37
33 41
33 44
33 47
33 181
33 54
33 182
33 126
33 166
34 160
34 83
34 67
34 100
34 165
34 136
34 171
34 112
34 114
34 85
34 118
34 183
34 120
34 57
34 91
34 190
35 164
35 68
35 71
35 104
35 168
35 127
35 140
35 142
35 81
35 115
35 119
35 121
35 58
35 59
35 53
36 66
36 75
36 162
36 135
36 107
36 77
36 82
36 151
36 126
37 65
37 196
37 198
37 71
37 77
37 81
37 90
37 133
37 96
37 106
37 174
37 48
37 50
37 51
37 182
37 55
37 184
37 124
37 125
37 126
37 191
38 128
38 130
38 135
38 139
38 195
38 151
38 153
38 162
38 166
38 40
38 41
38 170
38 46
38 47
38 176
38 179
38 182
38 60
38 64
38 193
38 70
38 73
38 79
38 82
38 97
38 105
38 107
38 108
38 126
39 163
39 111
39 189
39 154
39 157
40 128
40 132
40 140
40 142
40 144
40 150
40 154
40 155
40 156
40 162
40 169
40 170
40 179
40 55
40 185
40 194
40 69
40 73
40 74
40 78
40 86
40 89
40 93
40 95
40 97
40 104
40 116
41 135
41 129
41 139
41 77
41 141
41 82
41 151
41 182
41 104
41 193
41 107
41 44
41 181
41 54
41 60
42 165
42 183
42 57
43 145
43 72
43 107
43 45
43 49
43 82
43 117
43 152
44 195
44 69
44 65
44 141
44 143
44 82
44 148
44 151
44 182
44 193
44 107
44 108
44 54
44 105
44 56
44 60
45 107
45 65
45 151
45 145
45 85
45 87
45 152
45 99
45 100
45 102
45 167
45 178
45 112
45 49
45 114
45 117
45 72
45 62
46 65
46 131
46 69
46 82
46 153
46 94
46 161
46 104
46 105
46 54
46 56
46 63
47 64
47 98
47 134
47 161
47 182
47 94
47 63
48 128
48 198
48 199
48 77
48 133
48 96
48 103
48 174
48 51
48 184
48 125
48 126
49 145
49 92
49 160
49 99
49 100
49 165
49 178
49 110
49 112
49 72
49 114
49 147
49 52
49 117
49 118
49 183
49 190
50 128
50 68
50 71
50 138
50 80
50 81
50 88
50 90
50 144
50 187
50 168
50 172
50 113
50 180
50 53
50 55
50 59
51 96
51 97
51 103
51 104
51 128
51 133
51 73
51 101
51 69
52 144
52 147
52 197
52 109
53 71
53 140
53 142
53 144
53 84
53 150
53 155
53 156
53 90
53 159
53 104
53 169
53 173
53 119
53 58
53 59
53 127
54 64
54 65
54 129
54 139
54 143
54 141
54 82
54 153
54 162
54 104
54 107
54 179
54 181
54 182
54 105
54 56
55 198
55 107
55 196
55 70
55 65
55 194
55 77
55 78
55 88
55 86
55 90
55 199
55 95
55 96
55 71
55 172
55 174
55 182
55 185
55 188
56 129
56 105
56 79
56 181
56 153
56 143
56 63
57 167
57 67
57 136
57 178
57 83
57 118
58 64
58 193
58 195
58 69
58 65
58 74
58 140
58 194
58 142
58 148
58 86
58 89
58 185
58 164
58 188
58 170
58 108
58 93
58 113
58 121
58 60
58 126
59 192
59 76
59 144
59 81
59 146
59 84
59 150
59 68
59 90
59 156
59 159
59 80
59 164
59 168
59 106
59 109
59 175
59 180
59 121
59 187
59 124
59 189
60 64
60 193
60 195
60 104
60 143
60 108
60 140
60 142
60 153
61 70
61 173
61 189
61 144
61 84
61 150
61 169
61 154
61 155
61 156
61 93
61 159
62 160
62 67
62 178
62 83
62 85
62 152
62 91
62 100
62 167
62 112
62 114
62 118
62 120
63 64
63 98
63 65
63 104
63 105
63 107
63 82
63 151
63 153
63 94
64 131
64 69
64 161
64 140
64 142
64 79
64 153
64 143
64 94
64 182
64 98
64 123
65 66
65 72
65 76
65 79
65 81
65 82
65 83
65 84
65 87
65 88
65 97
65 99
65 102
65 104
65 105
65 106
65 107
65 108
65 109
65 110
65 115
65 116
65 117
65 118
65 132
65 135
65 137
65 139
65 140
65 141
65 142
65 143
65 144
65 146
65 148
65 151
65 153
65 156
65 159
65 167
65 172
65 174
65 175
65 178
65 180
65 187
65 189
65 191
65 192
65 193
65 197
65 198
65 199
66 128
66 130
66 97
66 75
66 77
66 149
66 162
66 166
66 135
66 176
66 179
66 116
66 137
66 126
67 167
67 171
67 178
67 83
67 85
67 118
67 120
67 136
67 91
68 104
68 168
68 106
68 76
68 109
68 80
68 164
68 180
68 187
68 119
68 90
68 124
68 127
69 74
69 194
69 78
69 143
69 86
69 89
69 185
69 95
69 164
69 177
69 188
69 170
69 107
69 82
69 93
69 113
69 121
69 151
69 125
69 126
70 132
70 135
70 140
70 144
70 150
70 159
70 162
70 156
70 175
70 179
70 137
70 185
70 188
70 146
70 192
70 194
70 71
70 73
70 78
70 81
70 84
70 86
70 95
70 97
70 104
70 109
70 113
70 115
70 116
70 122
71 128
71 138
71 78
71 80
71 81
71 88
71 90
71 154
71 95
71 144
71 164
71 104
71 172
71 109
71 175
71 113
71 115
71 180
71 121
71 159
71 189
72 100
72 165
72 145
72 82
72 151
73 75
73 77
73 78
73 149
73 179
73 95
73 97
73 162
73 116
73 122
73 125
74 128
74 170
74 140
74 142
74 113
74 93
75 135
75 77
75 82
75 151
75 97
75 166
75 107
75 176
75 113
75 126
76 198
76 199
76 144
76 154
76 156
76 159
76 80
76 187
76 168
76 191
76 174
76 180
76 119
76 124
76 127
77 132
77 198
77 135
77 149
77 196
77 97
77 103
77 199
77 174
77 179
77 116
77 137
77 122
78 128
78 192
78 194
78 132
78 144
78 81
78 84
78 86
78 137
78 155
78 93
78 150
78 95
78 97
78 177
78 169
78 146
78 173
78 113
78 116
78 185
78 188
78 149
79 131
79 134
79 161
79 153
79 186
79 123
79 94
80 199
80 173
80 144
80 81
80 84
80 150
80 151
80 155
80 156
80 154
80 187
80 168
80 169
80 106
80 109
80 174
80 180
80 189
80 191
81 194
81 150
81 146
81 84
81 86
81 185
81 88
81 156
81 95
81 144
81 164
81 104
81 188
81 106
81 159
81 109
81 175
81 180
81 187
81 121
82 135
82 143
82 150
82 153
82 159
82 162
82 179
82 156
82 84
82 87
82 197
82 99
82 102
82 145
82 106
82 110
82 117
82 191
82 124
83 100
83 165
83 167
83 107
83 136
83 118
83 183
84 146
84 147
84 150
84 151
84 156
84 159
84 169
84 172
84 173
84 175
84 180
84 191
84 192
84 197
84 90
84 92
84 187
84 107
84 115
84 119
85 100
85 167
85 136
85 178
85 152
85 120
85 91
86 135
86 177
86 140
86 194
86 89
86 97
86 162
86 170
86 109
86 142
86 179
86 185
86 188
87 100
87 102
87 107
87 110
87 99
87 152
88 138
88 192
88 144
88 146
88 150
88 154
88 155
88 156
88 90
88 159
88 169
88 172
88 173
88 115
88 189
89 128
89 140
89 142
89 113
90 128
90 138
90 150
90 154
90 155
90 156
90 159
90 168
90 169
90 172
90 173
90 113
90 119
91 160
91 167
91 171
91 190
91 112
91 178
91 120
92 144
92 197
92 169
92 109
92 173
92 147
92 154
92 189
92 159
93 95
94 161
94 123
94 104
94 105
94 153
95 144
95 137
95 97
95 146
95 115
95 122
95 189
95 149
96 128
96 133
96 166
96 103
96 126
96 101
97 137
97 179
97 162
97 177
97 170
97 135
97 113
97 116
97 185
97 122
97 125
98 161
98 134
98 104
98 153
99 100
99 102
99 107
99 110
99 152
99 117
100 178
100 102
100 167
100 110
100 114
100 117
100 118
101 128
101 133
101 103
101 184
102 107
102 110
102 117
102 152
103 133
103 196
103 198
103 199
103 113
103 125
104 130
104 129
104 139
104 141
104 146
104 151
104 153
104 164
104 166
104 170
104 175
104 185
104 192
104 182
104 181
104 168
104 119
104 121
104 125
104 126
104 127
105 134
105 161
105 139
105 143
105 153
105 186
106 198
106 199
106 192
106 173
106 144
106 146
106 150
106 196
106 154
106 155
106 159
106 191
106 187
106 169
106 172
106 174
106 175
106 115
106 180
106 119
106 124
106 127
107 135
107 172
107 173
107 145
107 150
107 151
107 154
107 155
107 159
107 160
107 162
107 179
107 180
107 190
107 181
107 141
107 156
107 197
107 144
107 117
107 118
107 169
107 124
108 195
108 193
108 142
108 140
108 148
109 192
109 194
109 197
109 138
109 146
109 147
109 175
109 157
109 187
109 168
109 111
109 113
109 115
109 180
109 124
109 127
110 165
110 152
111 144
111 189
111 163
111 157
112 178
112 114
112 151
112 152
113 128
113 133
113 140
113 142
113 174
113 177
113 184
113 185
113 189
113 146
113 125
114 165
114 136
114 160
114 151
114 152
115 192
115 128
115 150
115 156
115 121
116 132
116 135
116 149
116 137
116 122
116 125
117 165
117 183
117 152
118 165
118 151
118 152
118 183
119 144
119 150
119 159
119 168
119 121
119 191
119 124
119 189
119 127
120 171
120 136
121 192
121 175
121 146
121 164
121 127
122 162
122 135
122 179
122 149
122 125
123 161
123 131
123 134
123 158
123 186
124 196
124 198
124 199
124 144
124 151
124 168
124 180
124 189
124 127
125 128
125 132
125 149
125 137
125 133
126 133
126 135
126 130
126 176
126 182
126 166
127 156
127 144
127 168
127 189
128 192
128 198
128 140
128 175
128 196
128 199
128 146
128 142
129 182
129 135
129 139
129 141
129 151
129 179
129 181
130 135
130 176
130 182
130 166
131 161
131 158
131 134
131 186
132 137
133 196
133 198
133 199
133 184
134 161
134 153
134 186
135 139
135 149
135 151
135 170
135 176
135 181
135 182
135 166
136 167
136 171
138 146
138 175
138 144
138 196
139 162
139 151
139 141
139 179
139 182
140 195
140 142
140 148
140 164
140 193
140 151
141 182
141 143
142 194
142 195
142 193
142 148
142 164
142 170
142 151
142 153
142 185
143 182
143 151
144 197
144 172
144 180
145 152
145 151
146 172
146 154
146 156
146 164
146 169
146 159
146 175
147 197
147 169
147 159
147 173
147 154
147 155
148 195
148 193
150 197
150 187
150 192
150 156
150 159
150 163
150 172
150 189
150 180
150 191
151 155
151 162
151 179
151 180
151 159
151 181
151 173
151 197
151 187
151 169
152 167
152 190
153 161
153 158
154 197
154 163
154 169
154 172
154 175
154 189
154 180
154 187
154 191
155 173
155 180
156 159
156 191
156 187
156 175
156 189
156 192
156 180
157 189
159 197
159 169
159 163
159 172
159 175
159 189
159 191
160 178
160 190
160 167
161 186
162 166
162 170
162 176
162 177
162 179
162 185
162 188
163 189
164 168
164 175
165 183
166 176
166 179
167 178
167 190
168 180
168 187
168 189
169 197
169 175
169 180
169 187
170 194
170 185
170 179
172 192
172 198
172 199
172 174
172 175
173 187
173 180
174 198
174 199
174 180
174 187
174 191
176 182
177 194
177 185
177 179
177 188
178 190
179 182
179 194
179 181
179 188
180 198
180 196
180 187
180 189
181 182
185 189
187 198
187 196
187 189
188 194
189 197
191 198
191 199
193 195
198 199
