0 1
0 2
0 7
0 171
0 194
0 16
0 179
0 23
0 187
1 128
1 3
1 4
1 5
1 7
1 13
1 143
1 144
1 17
1 147
1 152
1 26
1 158
1 36
1 168
1 41
1 135
1 172
1 48
1 54
1 55
1 187
1 60
1 189
1 67
1 69
1 72
1 74
1 82
1 90
1 94
1 98
1 188
1 106
1 107
1 109
1 111
1 118
2 171
2 138
2 139
2 12
2 82
2 22
2 152
2 31
2 35
2 164
2 105
2 170
2 43
2 179
2 52
2 55
2 58
2 187
2 60
3 131
3 68
3 182
3 198
3 71
3 145
3 9
3 79
3 81
3 146
3 85
3 150
3 24
3 132
3 29
3 99
3 39
3 193
3 44
3 117
3 54
3 73
3 120
3 59
4 130
4 132
4 193
4 143
4 146
4 185
4 89
4 155
4 95
4 36
4 105
4 177
4 121
4 123
4 60
4 189
5 130
5 178
5 133
5 172
5 12
5 18
5 20
5 22
5 24
5 26
5 158
5 134
5 44
5 45
5 46
5 48
5 50
5 53
5 182
5 183
5 184
5 57
5 62
5 192
5 198
5 70
5 73
5 77
5 83
5 88
5 93
5 94
5 165
5 97
5 99
5 100
5 101
5 103
5 107
5 126
5 127
6 22
6 134
6 8
6 139
6 21
6 150
6 25
6 153
6 26
6 156
6 32
6 34
6 167
6 173
6 180
6 63
6 64
6 160
6 69
6 76
6 83
6 85
6 90
6 91
6 92
6 95
6 96
6 97
6 101
6 102
6 103
6 118
6 120
7 136
7 137
7 13
7 143
7 17
7 18
7 20
7 30
7 33
7 162
7 37
7 39
7 40
7 53
7 58
7 187
7 188
7 196
7 69
7 70
7 78
7 83
7 93
7 98
7 100
7 106
7 110
7 112
8 131
8 10
8 139
8 142
8 148
8 22
8 151
8 24
8 154
8 155
8 29
8 161
8 35
8 134
8 166
8 167
8 44
8 50
8 54
8 196
8 182
8 73
8 80
8 89
8 94
8 96
8 97
8 103
8 120
9 64
9 130
9 68
9 39
9 79
9 59
9 94
10 130
10 22
10 138
10 18
10 148
10 24
10 26
10 156
10 29
10 30
10 32
10 161
10 198
10 39
10 50
10 53
10 191
10 68
10 70
10 71
10 85
10 90
10 92
10 93
10 95
10 99
10 100
10 101
10 178
10 167
10 154
10 113
10 117
10 120
10 127
11 64
11 163
11 12
11 174
11 80
11 84
11 121
11 28
11 61
12 75
12 135
12 194
12 80
12 81
12 146
12 131
12 171
12 23
12 89
12 179
12 27
12 28
12 90
12 185
12 95
12 16
12 35
12 164
12 166
12 105
12 43
12 174
12 109
12 46
12 157
12 180
12 115
12 155
12 121
12 58
12 61
13 64
13 43
13 196
13 192
13 77
13 171
13 142
13 88
13 26
13 158
13 172
13 48
13 179
13 31
13 188
13 126
14 115
14 166
14 109
14 141
14 80
14 19
14 180
14 89
14 26
14 155
14 125
15 65
15 66
15 143
15 152
15 164
15 35
15 36
15 105
15 170
15 171
15 177
15 179
15 52
15 55
15 123
15 60
15 189
16 96
16 194
16 171
16 72
16 140
16 17
16 21
16 153
16 27
16 32
16 134
16 168
16 105
16 43
16 46
16 49
16 179
16 180
16 118
16 63
17 194
17 67
17 69
17 72
17 137
17 74
17 98
17 83
17 22
17 153
17 32
17 34
17 162
17 37
17 168
17 144
17 176
17 136
17 180
17 56
17 191
18 68
18 70
18 139
18 135
18 78
18 142
18 22
18 196
18 92
18 29
18 199
18 96
18 98
18 39
18 178
18 43
18 45
18 93
18 114
18 116
19 132
19 143
19 23
19 164
19 49
19 54
19 189
19 190
19 193
19 81
19 82
19 83
19 84
19 86
19 36
19 103
19 108
19 61
19 125
20 128
20 144
20 98
20 196
20 72
20 107
20 78
20 48
20 168
20 142
20 126
20 31
21 194
21 196
21 69
21 72
21 137
21 74
21 140
21 162
21 142
21 144
21 83
21 78
21 153
21 34
21 102
21 40
21 110
21 168
21 180
21 181
21 118
21 56
21 186
21 63
22 171
22 150
22 24
22 156
22 160
22 161
22 134
22 38
22 39
22 40
22 43
22 178
22 179
22 180
22 182
22 185
22 138
22 63
22 194
22 68
22 70
22 80
22 83
22 92
22 93
22 96
22 99
22 101
22 103
22 112
22 115
22 117
22 121
23 164
23 46
23 80
23 115
23 89
23 187
23 28
23 125
23 185
24 130
24 135
24 139
24 26
24 150
24 160
24 161
24 167
24 43
24 50
24 30
24 182
24 64
24 68
24 73
24 90
24 92
24 94
24 95
24 96
24 99
24 100
24 101
24 113
24 116
25 67
25 134
25 33
25 137
25 74
25 110
25 118
25 186
25 69
25 181
26 130
26 135
26 29
26 30
26 31
26 32
26 169
26 170
26 46
26 54
26 60
26 62
26 191
26 64
26 65
26 66
26 182
26 73
26 79
26 90
26 95
26 99
26 188
26 112
27 130
27 169
27 75
27 109
27 46
27 47
27 49
27 180
27 174
27 141
27 28
27 90
28 51
28 75
28 197
28 169
28 46
28 125
28 80
28 163
28 174
28 61
29 64
29 130
29 182
29 161
29 73
29 92
29 90
29 95
29 97
29 99
29 103
29 43
29 93
29 112
29 94
29 54
29 120
29 62
30 68
30 198
30 199
30 90
30 85
30 150
30 151
30 92
30 154
30 98
30 99
30 101
30 38
30 39
30 178
30 173
30 112
30 50
30 116
30 117
30 182
30 148
30 114
30 59
31 65
31 130
31 72
31 78
31 82
31 147
31 66
31 86
31 152
31 143
31 90
31 95
31 98
31 36
31 168
31 105
31 170
31 142
31 179
31 52
31 55
31 159
31 60
31 106
32 130
32 67
32 68
32 135
32 98
32 148
32 85
32 115
32 153
32 89
32 95
32 180
32 134
32 39
32 104
32 108
32 113
32 50
32 83
32 116
32 54
32 58
32 125
32 190
32 191
33 34
33 196
33 72
33 140
33 76
33 98
33 176
33 83
33 142
33 118
33 153
33 56
33 186
34 115
34 97
34 139
34 153
34 120
34 35
34 164
34 101
34 102
34 103
34 173
34 50
34 83
34 56
34 58
34 85
34 63
35 65
35 115
35 161
35 80
35 152
35 153
35 164
35 167
35 105
35 43
35 108
35 72
35 50
35 83
35 119
35 121
35 58
35 123
35 125
35 190
36 130
36 131
36 193
36 78
36 80
36 82
36 86
36 185
36 152
36 132
36 98
36 108
36 147
36 189
36 190
37 98
37 67
37 142
37 136
37 140
37 162
37 78
37 56
37 196
37 181
38 68
38 73
38 148
38 154
38 135
38 39
38 105
38 45
38 114
38 116
38 53
38 138
38 127
39 68
39 70
39 72
39 139
39 94
39 78
39 79
39 148
39 142
39 151
39 196
39 154
39 93
39 98
39 100
39 178
39 104
39 71
39 173
39 113
39 50
39 116
39 53
39 54
39 59
39 124
40 67
40 142
40 102
40 140
40 98
40 78
40 56
40 196
40 63
41 128
41 42
41 111
41 90
41 175
42 128
42 72
42 106
42 107
42 175
42 111
42 48
42 159
43 160
43 150
43 70
43 194
43 73
43 138
43 99
43 85
43 96
43 164
43 104
43 188
43 171
43 113
43 50
43 179
43 180
43 182
43 58
43 60
43 106
43 62
44 64
44 130
44 70
44 135
44 73
44 139
44 182
44 148
44 90
44 92
44 154
44 94
44 95
44 96
44 161
44 99
44 101
44 103
44 167
44 173
44 178
44 116
44 54
44 62
45 165
45 100
45 199
45 138
45 114
45 112
45 53
45 54
45 184
45 57
45 70
46 194
46 135
46 75
46 141
46 90
46 169
46 109
46 174
46 47
46 49
46 180
46 187
47 75
47 80
47 81
47 84
47 185
47 121
47 122
47 61
48 64
48 130
48 106
48 107
48 77
48 128
48 183
48 111
48 188
48 126
48 95
49 194
49 196
49 72
49 141
49 142
49 144
49 81
49 185
49 169
49 108
49 109
49 115
49 180
49 121
49 190
50 68
50 161
50 73
50 80
50 83
50 85
50 153
50 167
50 182
50 97
50 164
50 101
50 112
50 99
50 94
50 54
50 58
50 62
50 191
51 131
51 132
51 81
51 146
51 89
51 90
51 155
52 170
52 171
52 82
52 179
52 90
52 119
52 152
52 123
52 58
53 68
53 70
53 72
53 73
53 78
53 144
53 142
53 196
53 154
53 90
53 98
53 100
53 165
53 168
53 71
53 116
53 184
53 57
53 138
53 127
54 68
54 198
54 71
54 79
54 115
54 167
54 185
54 161
54 191
54 101
54 104
54 145
54 135
54 108
54 83
54 121
54 114
54 59
54 124
54 125
54 190
54 127
55 65
55 105
55 179
55 86
55 152
55 143
55 60
56 102
56 140
56 176
56 76
56 194
56 83
56 180
56 118
56 153
56 63
57 149
57 165
57 100
57 70
57 199
57 114
57 184
57 90
57 95
58 160
58 171
58 132
58 85
58 150
58 153
58 155
58 156
58 98
58 164
58 101
58 166
58 103
58 193
58 108
58 177
58 83
58 117
58 119
58 120
58 125
59 68
59 112
59 145
59 90
59 124
59 94
60 80
60 82
60 147
60 86
60 152
60 143
60 90
60 171
60 115
60 189
61 129
61 131
61 193
61 80
61 81
61 146
61 84
61 89
61 155
61 163
61 166
61 115
61 121
61 125
62 64
62 130
62 135
62 85
62 150
62 94
62 99
62 101
62 103
62 113
62 117
62 182
63 69
63 137
63 139
63 162
63 142
63 153
63 92
63 96
63 144
63 102
63 173
63 110
63 136
63 178
63 180
63 181
63 168
64 129
64 130
64 135
64 143
64 145
64 147
64 148
64 154
64 151
64 163
64 134
64 188
64 191
64 71
64 73
64 79
64 82
64 86
64 95
64 106
64 122
64 124
65 90
65 170
65 152
65 164
65 66
66 170
66 152
66 164
66 90
67 69
67 134
67 76
67 87
67 186
68 96
68 178
68 70
68 139
68 94
68 79
68 145
68 85
68 154
68 92
68 93
68 97
68 104
68 103
68 112
68 113
68 116
68 120
68 138
68 191
69 98
69 134
69 168
69 74
69 78
69 118
69 186
70 72
70 73
70 139
70 78
70 144
70 148
70 149
70 151
70 71
70 199
70 96
70 98
70 100
70 165
70 168
70 114
70 182
70 184
70 127
71 130
71 73
71 94
71 78
71 90
71 100
71 198
71 105
71 138
71 127
72 137
72 141
72 150
72 156
72 164
72 168
72 175
72 180
72 159
72 181
72 194
72 161
72 76
72 78
72 85
72 97
72 101
72 103
72 144
72 109
72 110
72 117
72 120
72 136
73 160
73 130
73 161
73 85
73 150
73 90
73 135
73 95
73 96
73 97
73 101
73 103
73 104
73 156
73 112
73 113
73 182
73 117
74 162
74 136
74 137
74 76
74 110
74 118
74 186
74 91
75 169
75 174
75 121
76 196
76 176
76 78
76 144
76 142
76 118
76 87
76 91
77 135
77 107
77 172
77 158
77 88
77 188
77 126
77 133
78 150
78 151
78 154
78 156
78 160
78 171
78 176
78 179
78 180
78 188
78 189
78 198
78 194
78 196
78 141
78 85
78 87
78 93
78 97
78 98
78 101
78 105
78 144
78 168
78 116
78 117
78 127
79 130
79 112
79 145
79 124
79 90
79 95
80 129
80 141
80 143
80 147
80 155
80 161
80 166
80 167
80 174
80 185
80 191
80 164
80 82
80 89
80 94
80 104
80 109
80 113
80 115
80 121
81 193
81 132
81 139
81 141
81 173
81 82
81 155
81 92
81 94
81 96
81 166
81 146
81 125
81 109
81 178
81 189
82 131
82 130
82 143
82 146
82 89
82 95
82 195
82 105
82 108
82 189
82 177
82 119
82 123
82 125
83 96
83 139
83 140
83 120
83 135
83 164
83 97
83 104
83 103
83 108
83 176
83 113
83 115
83 180
83 125
83 134
84 129
84 197
84 108
84 125
84 122
84 157
85 96
85 139
85 144
85 142
85 153
85 104
85 196
85 112
85 168
85 182
85 117
86 193
86 130
86 132
86 146
86 147
86 152
86 143
86 95
86 98
86 115
86 189
87 98
87 196
87 134
87 91
88 133
88 192
88 135
88 188
88 172
88 126
89 193
89 115
89 143
89 196
89 132
89 155
89 185
89 166
89 103
89 167
89 142
89 191
90 130
90 148
90 165
90 177
90 182
90 134
90 195
90 169
90 95
90 111
90 112
90 119
90 123
90 127
91 118
91 134
92 139
92 148
92 134
92 167
92 173
92 178
92 96
92 99
92 146
92 112
92 116
92 120
93 138
93 196
93 116
93 151
93 148
93 154
93 135
94 131
94 146
94 150
94 132
94 135
94 161
94 101
94 145
94 193
94 103
94 113
94 115
94 117
94 182
94 120
94 124
95 135
95 147
95 151
95 143
95 100
95 134
95 107
95 154
95 116
95 182
95 184
95 122
95 188
95 106
95 191
96 131
96 132
96 135
96 139
96 150
96 160
96 161
96 134
96 171
96 173
96 178
96 179
96 180
96 182
96 194
96 97
96 101
96 146
96 115
96 117
96 121
97 135
97 139
97 142
97 144
97 148
97 151
97 153
97 154
97 161
97 134
97 167
97 168
97 99
97 101
97 103
97 104
97 108
97 112
97 113
97 116
97 120
97 125
98 196
98 143
98 142
98 100
98 176
98 189
98 112
98 180
98 187
98 106
98 191
99 151
99 150
99 160
99 178
99 104
99 156
99 173
99 154
99 112
99 113
99 117
99 182
99 120
100 198
100 135
100 165
100 138
100 127
101 196
101 113
101 139
101 144
101 142
101 153
101 167
101 182
101 134
101 103
101 104
101 161
101 135
101 112
101 168
101 120
102 196
102 134
102 142
102 153
103 131
103 135
103 190
103 144
103 146
103 153
103 182
103 166
103 113
103 104
103 161
103 108
103 134
103 120
103 168
103 125
104 185
104 113
104 115
104 120
105 138
105 194
105 147
105 142
105 196
105 164
105 171
105 179
105 180
106 107
106 196
106 130
106 159
106 144
106 142
106 188
107 175
107 135
107 183
107 159
107 188
107 126
108 129
108 197
108 141
108 143
108 164
108 157
108 163
108 109
108 189
108 190
108 191
109 131
109 132
109 141
109 146
109 144
109 168
109 169
109 115
109 121
109 187
109 190
110 181
110 137
110 168
110 136
110 186
111 128
111 159
112 150
112 199
112 173
112 160
112 178
112 113
112 117
112 184
112 149
113 185
113 148
113 151
113 154
113 115
113 116
113 120
113 121
113 191
114 199
114 149
114 165
115 129
115 132
115 139
115 141
115 155
115 157
115 163
115 164
115 166
115 191
115 193
115 197
115 121
115 122
115 125
116 198
116 161
116 148
116 151
116 154
116 178
116 182
116 120
116 191
116 138
116 127
117 139
117 156
117 182
118 194
118 140
118 176
118 186
118 134
119 195
120 161
120 144
120 151
120 153
120 154
120 167
120 173
120 134
121 132
121 129
121 141
121 164
121 147
121 139
121 125
121 197
121 163
121 157
121 185
122 130
122 174
122 185
122 125
123 195
123 147
123 152
124 145
124 130
125 131
125 143
125 185
125 164
125 146
125 174
125 191
126 192
126 135
126 172
126 183
126 188
126 158
127 196
127 135
127 148
127 198
127 138
128 159
128 175
129 130
129 163
129 185
129 190
130 143
130 145
130 188
130 148
130 151
130 163
130 169
130 135
130 157
130 189
130 191
131 193
131 139
131 141
131 132
131 161
131 146
131 167
131 189
132 193
132 139
132 146
132 147
132 166
132 189
133 192
133 135
133 183
133 172
133 158
134 135
134 137
134 160
134 161
134 150
134 156
134 173
134 136
134 178
134 186
134 191
135 172
135 139
135 158
135 165
135 182
135 183
135 184
135 192
135 191
135 198
136 162
136 137
136 144
136 181
136 186
137 181
137 162
137 144
137 168
138 171
138 198
138 151
138 154
138 179
139 160
139 179
139 161
139 173
139 150
139 153
139 185
139 156
139 193
139 171
139 146
139 180
139 182
140 194
140 180
140 153
141 194
141 196
141 142
141 185
141 144
141 168
141 169
141 180
141 190
142 151
142 155
142 156
142 160
142 166
142 176
142 180
142 190
142 196
142 198
142 161
142 167
143 166
143 146
143 189
143 147
143 190
144 161
144 162
144 167
144 159
144 180
144 181
146 193
146 147
146 161
146 173
146 178
147 193
147 177
147 185
148 154
148 151
148 167
148 173
148 178
148 191
149 165
149 199
149 184
150 160
150 182
151 196
151 161
151 154
151 198
151 173
151 178
152 170
152 177
152 179
152 164
152 189
153 194
153 164
153 191
153 176
153 180
154 198
154 161
154 167
154 191
155 193
155 166
155 167
156 160
156 196
156 182
157 163
157 197
157 174
157 185
157 190
158 188
159 196
159 175
160 196
160 182
161 166
161 168
162 168
163 197
163 185
163 190
164 171
164 179
164 185
164 195
164 170
164 168
164 190
165 199
165 184
166 196
166 193
166 167
167 196
167 182
167 178
167 173
167 168
168 194
168 181
168 180
170 171
170 179
171 179
171 180
172 192
172 183
172 188
173 178
176 196
179 194
179 187
179 188
180 194
180 196
180 191
181 186
183 188
184 199
185 197
185 193
185 189
185 191
186 194
187 194
188 192
189 193
189 190
190 196
190 197
190 191
196 198
