0 192
0 70
0 143
0 16
0 146
0 28
0 29
0 104
0 170
0 109
0 176
0 120
0 122
0 126
0 127
1 97
1 4
1 103
1 41
1 138
1 49
1 85
1 23
1 164
1 44
2 192
2 65
2 194
2 115
2 136
2 9
2 138
2 75
2 13
2 78
2 77
2 80
2 19
2 148
2 149
2 141
2 23
2 25
2 26
2 175
2 95
2 112
2 131
2 165
2 107
2 111
2 51
2 116
2 117
2 56
2 159
2 125
3 163
3 15
3 189
3 62
3 31
4 131
4 6
4 7
4 138
4 151
4 140
4 23
4 27
4 29
4 33
4 162
4 40
4 169
4 42
4 199
4 49
4 51
4 186
4 60
4 193
4 71
4 129
4 77
4 79
4 85
4 88
4 91
4 95
4 97
4 101
4 102
4 107
4 112
4 168
4 115
5 128
5 132
5 72
5 139
5 77
5 88
5 18
5 21
5 24
5 156
5 29
5 101
5 162
5 169
5 108
5 48
5 177
5 114
5 51
5 57
6 195
6 133
6 71
6 9
6 10
6 119
6 143
6 16
6 146
6 147
6 20
6 86
6 26
6 155
6 158
6 97
6 36
6 166
6 39
6 104
6 113
6 50
6 51
6 181
6 73
6 184
6 123
6 127
7 128
7 132
7 137
7 11
7 13
7 17
7 19
7 25
7 28
7 29
7 161
7 162
7 37
7 168
7 42
7 43
7 174
7 47
7 180
7 182
7 183
7 188
7 192
7 194
7 199
7 72
7 82
7 90
7 97
7 107
7 113
7 126
8 149
8 65
8 130
8 139
8 69
8 134
8 194
8 75
8 13
8 17
8 19
8 21
8 25
8 26
8 28
8 94
8 95
8 161
8 131
8 49
8 51
8 180
8 117
8 182
8 119
8 186
8 188
8 127
9 131
9 133
9 10
9 139
9 14
9 147
9 20
9 22
9 26
9 165
9 38
9 40
9 175
9 176
9 51
9 56
9 58
9 59
9 188
9 61
9 65
9 71
9 75
9 76
9 78
9 99
9 107
9 110
9 19
9 119
10 65
10 135
10 76
10 149
10 86
10 24
10 26
10 95
10 99
10 165
10 40
10 105
10 48
10 114
10 181
10 186
10 159
10 61
11 193
11 130
11 137
11 140
11 91
11 97
11 35
11 164
11 102
11 41
11 106
11 171
11 45
11 174
11 47
11 113
11 179
11 55
11 60
11 191
12 51
12 17
12 85
12 95
12 160
12 172
12 157
12 112
12 180
12 182
12 186
12 60
13 192
13 22
13 141
13 142
13 143
13 16
13 149
13 150
13 25
13 29
13 159
13 161
13 38
13 173
13 46
13 176
13 52
13 54
13 58
13 190
13 194
13 196
13 70
13 78
13 84
13 89
13 93
13 94
13 96
13 100
13 104
13 109
13 174
13 120
13 21
14 65
14 59
14 135
14 40
14 151
14 143
14 16
14 104
14 146
14 99
14 105
14 24
14 153
14 26
14 27
14 185
14 127
15 189
15 30
16 192
16 133
16 143
16 17
16 146
16 22
16 24
16 26
16 29
16 150
16 197
16 33
16 40
16 43
16 173
16 180
16 54
16 56
16 185
16 61
16 63
16 64
16 194
16 69
16 141
16 86
16 89
16 152
16 92
16 93
16 94
16 104
16 154
16 118
16 120
16 127
17 192
17 130
17 25
17 26
17 29
17 161
17 34
17 35
17 38
17 43
17 174
17 176
17 136
17 179
17 180
17 54
17 57
17 64
17 194
17 69
17 70
17 77
17 79
17 84
17 87
17 88
17 90
17 182
17 104
17 109
17 111
17 112
17 115
17 116
17 157
17 120
17 125
18 98
18 87
18 80
18 145
18 114
18 156
18 125
19 65
19 139
19 134
19 75
19 90
19 149
19 23
19 25
19 26
19 28
19 29
19 159
19 176
19 162
19 37
19 38
19 170
19 107
19 48
19 49
19 117
19 57
19 122
20 132
20 138
20 140
20 141
20 23
20 29
20 32
20 162
20 165
20 175
20 51
20 53
20 55
20 56
20 191
20 193
20 71
20 72
20 74
20 183
20 82
20 91
20 95
20 105
20 106
20 112
20 115
20 123
21 192
21 194
21 139
21 142
21 28
21 29
21 94
21 161
21 156
21 120
21 126
22 192
22 65
22 194
22 67
22 134
22 135
22 143
22 141
22 151
22 24
22 25
22 27
22 29
22 33
22 99
22 100
22 105
22 117
22 56
22 59
22 190
22 153
23 131
23 138
23 75
23 142
23 77
23 80
23 85
23 151
23 83
23 28
23 29
23 95
23 171
23 98
23 103
23 41
23 170
23 107
23 44
23 51
23 119
23 56
23 57
23 122
23 126
24 135
24 76
24 146
24 100
24 26
24 156
24 86
24 186
24 95
24 33
24 99
24 165
24 39
24 105
24 114
24 178
24 51
24 184
24 58
24 123
24 127
25 192
25 67
25 131
25 141
25 146
25 120
25 90
25 143
25 26
25 100
25 104
25 194
25 43
25 174
25 175
25 180
25 117
25 182
25 58
25 124
25 127
26 146
26 150
26 151
26 27
26 28
26 29
26 197
26 161
26 36
26 134
26 40
26 43
26 46
26 175
26 51
26 180
26 181
26 54
26 185
26 188
26 190
26 63
26 65
26 196
26 182
26 75
26 76
26 78
26 81
26 142
26 94
26 104
26 105
26 117
26 124
26 127
27 65
27 67
27 151
27 76
27 185
27 153
27 100
27 40
27 44
27 113
27 104
27 190
27 127
28 139
28 143
28 146
28 150
28 29
28 161
28 34
28 57
28 63
28 196
28 74
28 83
28 94
28 104
28 107
28 109
28 154
28 116
28 117
28 118
28 124
28 127
29 149
29 130
29 131
29 137
29 138
29 143
29 154
29 150
29 159
29 162
29 37
29 167
29 156
29 43
29 172
29 173
29 46
29 47
29 48
29 49
29 51
29 182
29 55
29 57
29 58
29 188
29 190
29 191
29 194
29 67
29 69
29 70
29 72
29 74
29 75
29 77
29 157
29 80
29 179
29 82
29 84
29 89
29 186
29 95
29 165
29 102
29 104
29 174
29 112
29 114
29 115
29 118
29 119
29 120
29 126
29 127
31 189
31 163
31 62
32 65
32 195
32 68
32 133
32 71
32 73
32 147
32 155
32 39
32 178
32 110
32 50
32 51
32 119
32 184
32 123
33 65
33 59
33 104
33 105
33 99
33 153
33 100
33 58
34 65
34 130
34 136
34 66
34 148
34 87
34 111
34 43
34 108
34 47
34 180
34 182
34 56
34 57
34 125
34 126
35 128
35 129
35 193
35 72
35 137
35 140
35 82
35 88
35 90
35 95
35 162
35 37
35 102
35 168
35 43
35 49
35 180
35 53
35 182
35 183
35 106
36 68
36 71
36 73
36 143
36 144
36 155
36 39
36 105
36 110
36 50
36 181
37 66
37 72
37 74
37 88
37 90
37 156
37 95
37 97
37 162
37 106
37 43
37 113
37 114
37 83
37 180
37 57
37 186
38 182
38 65
38 75
38 94
38 107
38 109
38 176
38 54
38 58
38 188
38 63
39 166
39 105
39 181
39 73
40 65
40 134
40 135
40 76
40 143
40 146
40 151
40 153
40 97
40 99
40 104
40 113
40 59
40 127
41 179
41 193
41 137
41 138
41 140
41 77
41 80
41 82
41 85
41 91
41 164
41 102
41 171
41 44
41 47
41 112
41 115
41 55
41 191
42 77
42 85
42 132
42 199
42 97
42 113
42 168
42 106
42 167
42 112
42 49
42 55
42 191
43 142
43 143
43 146
43 148
43 154
43 161
43 176
43 182
43 196
43 69
43 74
43 77
43 88
43 90
43 94
43 96
43 104
43 106
43 111
43 112
43 180
43 118
43 124
43 127
44 138
44 151
44 77
44 79
44 141
44 169
44 95
44 103
44 112
44 115
44 119
44 56
44 185
44 60
45 128
45 129
45 179
45 193
45 137
45 140
45 95
45 49
45 167
45 113
45 51
45 119
46 194
46 180
46 122
46 150
47 128
47 130
47 132
47 136
47 137
47 140
47 141
47 142
47 148
47 179
47 55
47 56
47 188
47 191
47 193
47 196
47 72
47 162
47 87
47 88
47 91
47 102
47 103
47 106
47 111
47 183
47 125
48 196
48 141
48 78
48 149
48 156
48 159
48 161
48 188
48 107
48 175
48 56
48 124
49 128
49 130
49 131
49 129
49 75
49 161
49 124
49 85
49 88
49 132
49 199
49 171
49 97
49 196
49 103
49 168
49 188
49 107
49 113
49 179
49 183
49 56
49 60
49 106
50 187
50 68
50 165
50 105
50 110
50 144
50 51
50 147
50 186
50 123
50 181
51 141
51 156
51 162
51 134
51 167
51 183
51 56
51 57
51 61
51 65
51 196
51 72
51 77
51 80
51 184
51 82
51 88
51 105
51 106
51 112
51 114
51 119
51 124
52 192
52 96
52 180
52 118
52 70
52 173
52 109
52 81
52 84
52 54
52 120
52 89
52 152
52 92
52 154
53 128
53 132
53 199
53 174
53 90
54 64
54 192
54 194
54 70
54 143
54 146
54 84
54 154
54 96
54 104
54 109
54 176
54 120
55 129
55 130
55 193
55 140
55 88
55 91
55 95
55 165
55 167
55 114
55 179
55 119
55 60
55 191
56 65
56 179
56 136
56 87
56 141
56 149
56 111
56 159
56 80
56 112
56 117
56 119
56 148
56 190
56 127
57 72
57 74
57 75
57 162
57 142
57 80
57 90
57 69
57 97
57 156
57 111
57 114
57 180
57 182
57 95
57 188
57 125
58 59
58 100
58 135
58 99
58 117
58 105
58 153
59 135
59 151
59 76
59 99
59 105
59 185
60 172
60 193
60 138
60 82
60 85
60 90
60 91
60 157
60 160
60 174
60 112
60 115
61 65
61 133
61 134
61 71
61 147
61 155
61 158
61 95
61 97
61 165
61 110
61 113
61 186
62 163
62 189
63 176
63 126
63 104
63 146
63 150
63 120
63 94
63 127
64 96
64 176
64 194
64 182
64 104
64 192
64 109
64 146
64 120
64 152
64 143
64 92
64 93
64 127
65 134
65 141
65 148
65 196
65 188
65 68
65 69
65 71
65 75
65 94
65 161
65 119
65 124
66 188
66 75
66 162
66 111
66 177
66 125
66 116
66 87
66 148
66 101
66 69
67 192
67 194
67 141
67 151
67 117
67 120
67 185
67 190
68 195
68 133
68 134
68 71
68 73
68 144
68 86
68 155
68 158
68 95
68 166
68 110
68 181
68 119
68 186
68 187
69 198
69 196
69 134
69 130
69 79
69 83
69 143
69 94
69 161
69 101
69 169
69 170
69 180
69 182
69 121
69 122
69 126
69 127
70 84
70 194
70 118
70 173
70 109
70 120
70 89
70 154
70 94
71 134
71 97
71 110
71 113
71 147
71 119
72 198
72 130
72 79
72 121
72 179
72 156
72 162
72 131
72 169
72 106
72 107
72 174
72 114
72 180
72 119
73 133
73 105
73 144
73 181
73 158
74 130
74 142
74 94
74 95
74 165
74 170
74 114
74 180
74 119
74 122
74 126
75 131
75 134
75 130
75 149
75 161
75 170
75 175
75 176
75 179
75 188
75 78
75 79
75 83
75 90
75 107
75 124
75 126
76 134
76 151
76 143
76 104
76 146
76 99
76 105
76 153
76 185
76 127
77 129
77 115
77 138
77 141
77 80
77 171
77 85
77 156
77 95
77 97
77 164
77 168
77 175
77 112
77 113
77 180
77 182
77 119
77 186
78 192
78 141
78 87
78 175
78 160
78 111
78 112
78 117
78 159
78 188
79 162
79 188
79 138
79 142
79 80
79 116
79 182
79 87
79 101
79 125
79 94
80 131
80 151
80 145
80 83
80 85
80 185
80 97
80 164
80 101
80 103
80 171
80 107
80 108
80 177
80 169
81 96
81 197
81 92
82 130
82 137
82 88
82 91
82 95
82 97
82 164
82 165
82 102
82 106
82 171
82 174
82 113
82 119
82 186
82 191
83 101
83 169
83 142
83 114
83 188
83 94
84 96
84 194
84 182
84 173
84 109
84 89
85 130
85 179
85 129
85 157
85 160
85 97
85 164
85 103
85 168
85 171
85 172
85 112
85 115
86 144
86 166
86 143
86 181
86 105
86 187
86 158
86 127
87 130
87 198
87 136
87 175
87 98
87 141
87 148
87 101
87 145
87 169
87 108
87 111
87 177
87 116
87 182
87 125
88 130
88 179
88 183
88 90
88 97
88 174
88 113
88 114
88 182
88 191
89 192
89 173
89 146
89 154
89 92
89 93
89 94
89 109
89 120
89 122
89 126
89 127
90 128
90 131
90 137
90 140
90 142
90 164
90 170
90 171
90 174
90 180
90 188
90 192
90 193
90 91
90 102
90 106
90 120
90 122
90 126
91 193
91 130
91 137
91 140
91 97
91 164
91 165
91 102
91 167
91 106
91 171
91 113
91 179
91 186
91 191
92 197
92 104
92 143
92 182
92 93
93 176
93 182
93 173
93 118
93 152
93 154
94 130
94 139
94 142
94 143
94 148
94 150
94 154
94 161
94 169
94 173
94 136
94 180
94 192
94 194
94 196
94 101
94 104
94 109
94 111
94 120
94 124
95 172
95 141
95 196
95 160
95 161
95 157
95 178
95 184
95 165
95 97
95 105
95 112
95 113
95 115
95 123
95 124
96 194
96 180
96 197
96 109
96 152
97 107
97 129
97 140
97 131
97 199
97 193
97 113
97 110
97 174
97 112
97 147
97 168
98 182
98 145
98 114
98 125
99 100
99 135
99 153
100 192
100 194
100 135
100 151
100 105
100 117
100 153
100 185
100 190
101 138
101 162
101 169
101 114
101 116
101 182
101 188
102 193
102 130
102 137
102 164
102 167
102 174
102 179
102 191
103 130
103 164
103 138
103 171
104 192
104 143
104 146
104 150
104 151
104 161
104 170
104 173
104 180
104 181
104 194
104 197
104 141
104 142
104 109
104 117
104 120
104 122
104 124
104 127
105 123
105 135
105 186
105 158
105 165
105 166
105 178
105 181
105 119
105 184
106 129
106 130
106 171
106 193
106 140
106 199
106 168
106 180
106 182
107 162
107 113
107 170
107 176
107 174
107 117
107 188
107 126
108 198
108 162
108 177
108 114
108 148
108 121
108 156
109 194
109 192
109 143
109 146
109 152
109 182
109 173
109 176
109 118
109 126
110 187
110 134
110 195
110 144
110 147
110 181
110 155
111 198
111 136
111 130
111 148
111 142
111 175
111 180
111 177
111 179
111 116
111 182
111 125
112 129
112 115
112 199
112 138
112 160
112 164
112 168
112 114
112 180
112 119
113 129
113 131
113 133
113 140
113 193
113 199
113 165
113 167
113 174
113 155
113 185
113 186
113 168
113 195
114 128
114 198
114 139
114 121
114 156
114 169
114 177
114 183
114 191
115 172
115 138
115 157
115 160
115 165
115 171
115 182
115 119
115 186
116 136
116 141
116 145
116 148
116 169
116 170
116 182
116 121
116 122
116 125
117 196
117 143
117 146
117 161
117 174
117 175
117 131
117 182
117 124
117 190
117 127
118 142
118 154
118 173
118 180
118 126
118 122
119 141
119 144
119 162
119 187
119 134
119 167
119 123
119 138
120 194
120 150
120 175
120 192
120 146
120 152
120 143
120 182
120 174
120 142
120 173
120 127
120 190
121 162
121 198
121 177
121 148
121 125
122 131
122 136
122 143
122 146
122 139
122 150
122 170
122 173
122 148
122 126
123 195
123 147
123 165
123 178
123 184
123 186
124 194
124 196
124 142
124 143
124 179
124 149
124 174
124 180
124 186
124 188
125 136
125 145
125 148
125 179
125 182
126 139
126 173
126 150
126 170
126 174
126 154
126 188
127 194
127 151
127 143
127 142
127 150
127 161
127 146
127 173
127 180
128 130
128 179
128 183
128 156
129 130
129 167
129 171
129 164
129 191
130 131
130 137
130 141
130 148
130 161
130 162
130 164
130 171
130 179
130 182
130 191
130 136
131 161
131 162
131 170
131 176
131 188
132 168
132 199
132 174
132 179
132 156
133 165
133 186
133 187
133 166
134 161
134 165
134 186
134 188
135 151
135 153
136 142
136 148
136 170
136 179
136 182
136 180
137 193
137 167
137 140
137 174
137 179
138 141
138 169
138 171
139 161
139 170
139 142
139 156
140 193
140 165
140 167
140 179
140 186
140 191
141 192
141 194
141 149
141 165
141 175
141 148
141 159
141 190
142 146
142 148
142 154
142 161
142 169
142 174
142 179
142 180
142 192
142 194
143 194
143 196
143 146
143 180
143 192
143 181
144 187
144 166
144 195
144 181
144 158
146 150
146 161
146 170
146 173
146 180
147 155
147 178
147 195
147 184
148 180
148 198
148 170
148 177
148 179
149 161
149 196
149 188
149 194
149 159
150 192
150 176
150 194
150 170
151 153
151 185
152 176
152 173
152 154
153 185
154 170
154 173
155 178
155 181
155 184
155 195
156 162
156 177
156 183
156 191
157 165
157 172
157 182
157 186
158 187
158 166
159 194
159 175
159 188
160 172
161 196
161 194
161 165
161 188
161 174
161 180
161 182
161 186
162 179
162 165
162 169
162 174
162 177
162 180
162 186
162 188
163 189
164 171
165 172
165 175
165 184
165 186
165 191
166 187
167 193
167 179
167 191
168 199
168 174
168 191
169 188
170 188
172 186
173 192
174 192
174 188
174 196
174 199
174 179
174 180
174 182
175 192
175 188
175 186
176 194
176 182
176 180
176 188
176 190
177 198
178 184
178 195
178 186
179 193
179 188
179 182
180 196
180 182
181 187
181 195
182 192
182 194
184 186
184 195
185 190
186 193
187 195
188 196
190 192
190 194
191 193
191 199
192 194
194 196
