0 129
0 131
0 4
0 7
0 74
0 77
0 25
0 89
0 111
0 98
0 165
0 38
0 44
0 178
0 47
0 177
0 50
0 181
0 126
0 127
1 2
1 107
1 135
1 8
1 138
1 11
1 15
1 16
1 145
1 149
1 150
1 156
1 29
1 30
1 162
1 171
1 48
1 179
1 52
1 183
1 57
1 186
1 190
1 63
1 67
1 68
1 71
1 76
1 82
1 85
1 90
1 17
1 105
1 103
1 110
1 113
1 116
1 120
1 191
1 125
2 68
2 133
2 193
2 8
2 139
2 12
2 13
2 15
2 80
2 17
2 153
2 24
2 120
2 154
2 184
2 144
2 164
2 166
2 103
2 104
2 105
2 136
2 116
2 183
2 56
2 188
3 82
3 71
3 138
3 15
3 112
3 145
3 18
3 84
3 53
3 151
3 57
3 90
4 129
4 131
4 7
4 10
4 11
4 14
4 15
4 16
4 146
4 27
4 156
4 157
4 159
4 162
4 49
4 171
4 44
4 50
4 174
4 175
4 48
4 177
4 178
4 189
4 62
4 192
4 199
4 73
4 74
4 77
4 89
4 135
4 94
4 110
4 113
4 122
4 124
4 126
5 193
5 195
5 135
5 8
5 141
5 24
5 88
5 159
5 33
5 34
5 184
6 64
6 65
6 66
6 143
6 18
6 86
6 153
6 155
6 92
6 35
6 36
6 112
6 113
6 114
6 51
6 52
6 54
6 116
6 187
6 191
7 69
7 40
7 111
7 49
7 180
7 118
7 26
7 126
8 171
8 135
8 136
8 137
8 139
8 12
8 142
8 15
8 144
8 17
8 147
8 148
8 24
8 155
8 28
8 158
8 159
8 161
8 35
8 36
8 42
8 43
8 172
8 173
8 52
8 56
8 58
8 59
8 190
8 191
8 194
8 75
8 141
8 80
8 88
8 164
8 152
8 97
8 100
8 105
8 108
8 112
8 113
8 115
8 119
8 170
9 72
9 11
9 147
9 152
9 89
9 26
9 28
9 162
9 40
9 41
9 180
9 185
9 123
9 62
10 198
10 136
10 11
10 162
10 80
10 94
10 98
10 110
10 48
10 50
10 179
10 55
10 59
11 130
11 13
11 16
11 17
11 25
11 157
11 162
11 164
11 49
11 41
11 43
11 44
11 177
11 50
11 55
11 184
11 186
11 62
11 193
11 67
11 68
11 198
11 71
11 75
11 80
11 83
11 94
11 98
11 100
11 117
11 118
11 123
11 124
12 193
12 67
12 196
12 133
12 138
12 139
12 15
12 85
12 158
12 33
12 164
12 104
12 105
12 107
12 29
12 113
12 52
12 183
12 184
12 116
12 186
12 59
12 190
12 191
13 133
13 130
13 142
13 16
13 17
13 146
13 148
13 27
13 158
13 159
13 160
13 33
13 162
13 35
13 36
13 166
13 39
13 42
13 173
13 46
13 176
13 155
13 56
13 57
13 60
13 193
13 66
13 195
13 198
13 161
13 194
13 75
13 78
13 80
13 81
13 88
13 164
13 94
13 97
13 102
13 104
13 144
13 108
13 115
13 116
13 120
13 121
13 170
14 69
14 175
14 117
14 118
14 25
14 124
14 62
15 135
15 138
15 151
15 142
15 17
15 18
15 148
15 23
15 154
15 29
15 30
15 159
15 35
15 36
15 37
15 145
15 42
15 43
15 172
15 176
15 136
15 53
15 54
15 183
15 56
15 57
15 186
15 60
15 190
15 63
15 64
15 194
15 67
15 158
15 75
15 76
15 78
15 79
15 80
15 84
15 94
15 98
15 103
15 188
15 113
15 116
15 119
15 120
15 121
16 71
16 80
16 149
16 68
16 156
16 29
16 162
16 38
16 103
16 48
16 49
16 179
16 120
16 59
16 189
17 75
17 68
17 135
17 194
17 146
17 67
17 121
17 27
17 93
17 158
17 159
17 97
17 164
17 102
17 39
17 105
17 42
17 171
17 110
17 49
17 52
17 183
17 120
17 116
17 136
17 59
17 63
18 64
18 65
18 66
18 155
18 136
18 128
18 143
18 101
18 81
18 21
18 86
18 153
18 91
18 95
18 160
18 35
18 36
18 37
18 169
18 176
18 113
18 114
18 52
18 54
18 57
18 190
18 63
19 71
19 139
19 144
19 20
19 21
19 86
19 154
19 91
19 95
19 101
19 166
19 103
19 107
19 45
20 160
20 51
20 163
20 145
20 95
20 107
20 140
20 81
20 86
20 153
20 90
20 59
20 138
21 128
21 155
21 136
21 153
21 91
21 92
21 160
21 35
21 36
21 169
21 106
21 107
21 52
21 59
21 60
21 63
22 32
22 197
22 125
22 70
22 150
23 96
23 154
23 103
23 136
23 79
23 63
23 188
23 29
23 30
24 171
24 137
24 141
24 194
24 85
24 158
24 159
24 97
24 100
24 105
24 71
24 116
24 121
24 59
25 192
25 131
25 72
25 73
25 74
25 162
25 87
25 157
25 34
25 165
25 44
25 175
25 177
25 178
25 185
25 127
26 34
26 38
26 55
26 110
26 174
26 146
26 180
26 117
26 185
26 27
26 124
26 189
26 62
27 67
27 183
27 80
27 146
27 83
27 148
27 110
27 164
27 42
27 172
27 173
27 46
27 47
27 48
27 50
27 119
27 120
27 186
27 59
27 170
27 149
28 171
28 68
28 135
28 119
28 78
28 80
28 195
28 142
28 132
28 159
28 161
28 43
28 172
28 136
28 115
28 55
28 120
28 137
28 59
28 62
28 63
29 130
29 133
29 139
29 149
29 154
29 156
29 31
29 33
29 166
29 43
29 48
29 179
29 188
29 63
29 193
29 67
29 196
29 71
29 75
29 79
29 96
29 144
29 103
29 104
29 107
29 116
29 125
30 96
30 67
30 136
30 168
30 52
30 186
30 31
30 190
30 191
31 70
31 71
31 136
31 76
31 125
31 168
31 52
31 190
31 150
31 183
31 186
31 63
32 197
32 150
32 70
32 71
32 168
32 103
32 125
32 52
32 154
32 188
32 190
32 191
33 193
33 194
33 130
33 71
33 137
33 139
33 78
33 141
33 144
33 83
33 133
33 97
33 164
33 166
33 104
33 105
33 183
33 184
33 121
33 186
34 131
34 41
34 87
34 44
34 177
34 50
34 180
34 55
34 137
34 124
35 64
35 66
35 140
35 80
35 81
35 153
35 91
35 92
35 159
35 160
35 176
35 187
35 164
35 171
35 112
35 155
35 56
35 59
36 128
36 135
36 140
36 153
36 159
36 160
36 164
36 171
36 45
36 136
36 52
36 54
36 56
36 57
36 58
36 59
36 134
36 63
36 64
36 65
36 66
36 182
36 143
36 80
36 81
36 91
36 92
36 95
36 99
36 101
36 106
36 112
36 113
36 114
37 65
37 80
37 81
37 86
37 45
37 112
37 182
37 59
37 60
37 63
38 69
38 72
38 146
38 149
38 87
38 89
38 165
38 40
38 111
38 178
38 180
38 117
38 118
38 185
38 189
38 126
39 75
39 136
39 78
39 83
39 162
39 164
39 102
39 43
39 63
40 69
40 72
40 174
40 177
40 123
40 118
41 73
41 55
41 162
41 175
41 180
41 124
41 62
42 194
42 67
42 196
42 71
42 78
42 146
42 83
42 85
42 97
42 164
42 104
42 171
42 135
42 110
42 52
42 183
42 121
42 186
42 191
42 190
42 63
43 130
43 195
43 132
43 97
43 172
43 194
43 78
43 146
43 83
43 110
43 88
43 71
43 161
43 162
43 164
43 102
43 104
43 147
43 103
43 108
43 46
43 119
43 121
43 59
44 192
44 131
44 69
44 199
44 72
44 87
44 157
44 165
44 111
44 177
44 118
44 55
44 185
44 123
45 64
45 65
45 66
45 182
45 80
45 81
45 86
45 90
45 95
45 160
45 176
45 163
45 107
45 112
45 54
45 59
46 78
46 148
46 164
46 104
46 170
46 172
46 173
46 113
46 119
46 136
46 59
47 192
47 69
47 72
47 146
47 118
47 89
47 189
47 62
47 127
48 77
48 80
48 149
48 154
48 156
48 98
48 103
48 71
48 50
48 179
48 120
48 188
49 198
49 75
49 162
49 149
49 68
49 156
49 94
49 80
49 98
49 174
49 120
49 59
49 189
50 162
50 98
50 110
50 146
50 179
50 149
50 55
50 74
50 94
50 127
51 64
51 86
51 106
51 140
51 143
51 163
51 99
51 187
51 54
51 58
51 155
52 135
52 137
52 139
52 141
52 147
52 152
52 161
52 136
52 53
52 190
52 65
52 195
52 68
52 71
52 75
52 78
52 88
52 90
52 143
52 96
52 145
52 112
52 113
52 116
52 121
52 125
53 65
53 138
53 81
53 84
53 86
53 151
53 92
53 160
53 163
53 145
53 113
53 183
53 60
53 61
53 190
53 191
54 64
54 128
54 66
54 140
54 81
54 86
54 155
54 160
54 176
54 101
54 169
54 106
54 112
54 114
54 56
54 58
54 187
54 134
55 194
55 195
55 132
55 161
55 72
55 137
55 98
55 78
55 152
55 88
55 94
55 97
55 162
55 115
55 180
55 185
55 123
55 124
56 64
56 140
56 80
56 86
56 155
56 93
56 158
56 136
56 58
56 63
57 136
57 138
57 145
57 82
57 67
57 84
57 151
57 164
57 154
57 90
57 167
57 183
57 186
57 61
57 63
58 187
58 101
58 135
58 140
58 80
58 153
58 59
58 159
59 128
59 171
59 132
59 146
59 153
59 159
59 167
59 156
59 170
59 179
59 60
59 61
59 63
59 65
59 68
59 75
59 78
59 82
59 83
59 86
59 92
59 94
59 95
59 97
59 98
59 100
59 101
59 102
59 148
59 110
59 163
59 169
59 121
60 128
60 65
60 138
60 80
60 145
60 90
60 143
60 164
60 169
60 112
60 114
60 182
60 190
61 167
61 138
61 80
61 82
61 84
61 183
61 90
62 132
62 69
62 109
62 189
62 180
62 122
62 73
62 89
62 175
62 118
63 128
63 138
63 151
63 195
63 152
63 168
63 169
63 172
63 173
63 136
63 186
63 194
63 67
63 68
63 198
63 78
63 79
63 80
63 83
63 84
63 88
63 90
63 93
63 94
63 96
63 145
63 105
63 106
63 113
63 119
63 120
63 121
64 160
64 176
64 66
64 114
64 140
64 143
64 112
64 81
64 187
64 155
64 95
65 128
65 143
65 86
65 153
65 91
65 92
65 95
65 163
65 169
65 112
65 113
65 114
65 182
65 190
66 112
66 114
66 176
66 143
66 80
66 155
66 164
67 133
67 135
67 138
67 158
67 162
67 166
67 167
67 186
67 159
67 68
67 71
67 75
67 82
67 93
67 104
67 105
67 116
68 132
68 195
68 152
68 154
68 156
68 158
68 161
68 179
68 183
68 186
68 188
68 190
68 194
68 71
68 78
68 83
68 88
68 93
68 97
68 103
68 105
68 108
68 113
68 115
68 120
68 121
68 191
69 129
69 73
69 175
69 177
69 189
69 117
69 118
69 123
69 174
70 150
70 125
71 142
71 148
71 149
71 150
71 154
71 156
71 162
71 168
71 172
71 179
71 183
71 188
71 190
71 191
71 76
71 83
71 84
71 85
71 93
71 100
71 103
71 107
71 113
71 119
71 120
71 125
72 131
72 177
72 117
72 89
72 189
72 185
73 131
73 109
73 117
73 122
73 123
73 157
74 131
74 198
74 178
74 174
74 111
74 126
74 87
74 94
75 113
75 78
75 80
75 83
75 171
75 93
75 159
75 162
75 164
75 102
75 105
75 103
75 110
75 183
75 116
75 136
75 190
75 191
76 168
76 113
76 183
77 129
77 111
77 178
77 181
77 126
78 130
78 133
78 97
78 136
78 172
78 142
78 184
78 83
78 148
78 85
78 132
78 147
78 164
78 102
78 119
78 161
78 108
78 191
78 113
78 115
78 194
78 120
78 196
78 170
78 190
79 136
79 103
79 154
80 132
80 135
80 142
80 149
80 158
80 159
80 160
80 176
80 162
80 167
80 156
80 171
80 172
80 179
80 155
80 182
80 139
80 81
80 82
80 164
80 94
80 95
80 98
80 105
80 119
80 120
80 136
81 128
81 182
81 138
81 145
81 163
81 86
81 164
81 160
81 101
81 169
81 106
81 112
81 95
82 167
82 84
82 151
82 186
83 193
83 130
83 136
83 146
83 196
83 162
83 110
83 120
84 136
84 167
84 145
84 90
85 132
85 133
85 139
85 144
85 88
85 196
85 154
85 93
85 97
85 164
85 103
85 104
85 116
85 121
85 186
86 182
86 187
86 140
86 153
86 155
86 92
86 95
86 160
86 163
86 107
86 112
86 114
87 192
87 131
87 165
87 174
87 111
87 177
87 178
87 189
87 126
87 127
88 195
88 152
88 137
88 132
88 159
88 196
88 113
88 121
88 136
88 190
89 192
89 199
89 118
89 185
89 189
90 136
90 139
90 144
90 167
90 95
90 163
90 166
90 145
90 107
90 113
91 128
91 101
91 169
91 160
91 112
91 155
92 143
92 163
92 153
92 155
92 158
92 105
92 107
92 114
92 116
92 182
93 136
93 143
93 196
93 158
93 100
93 105
93 113
93 183
93 191
93 190
94 198
94 136
94 162
94 149
94 98
94 164
94 126
95 145
95 160
95 182
95 164
96 113
96 191
96 103
97 194
97 171
97 133
97 135
97 147
97 148
97 121
97 196
97 152
97 184
97 159
97 100
97 195
97 104
97 191
97 113
97 115
97 120
97 136
97 190
98 192
98 199
98 136
98 162
98 110
98 179
98 127
99 128
99 187
99 134
99 136
99 169
99 106
99 155
100 194
100 137
100 162
100 184
100 104
100 116
100 121
100 159
101 128
101 160
101 187
101 107
101 140
101 112
102 164
102 136
103 139
103 196
103 154
103 156
103 158
103 144
103 166
103 105
103 179
103 116
103 120
103 149
104 194
104 139
104 142
104 164
104 158
104 105
104 173
104 183
104 116
104 119
104 186
104 170
105 133
105 135
105 130
105 193
105 139
105 153
105 154
105 184
105 158
105 166
105 144
105 171
105 136
105 183
105 120
105 186
105 188
106 128
106 169
106 113
107 128
107 139
107 144
107 145
107 154
107 166
107 169
107 188
108 132
108 135
108 147
108 159
108 161
108 164
108 171
108 113
108 115
108 120
108 121
108 191
109 117
109 122
109 124
110 142
110 146
110 149
110 164
110 172
110 179
110 180
110 119
110 120
110 186
110 183
111 165
111 174
111 177
111 181
111 126
112 155
112 182
112 160
112 113
112 114
112 159
112 190
113 128
113 135
113 137
113 139
113 142
113 144
113 145
113 147
113 148
113 152
113 159
113 161
113 168
113 172
113 173
113 136
113 195
113 143
113 114
113 116
113 119
113 120
113 121
114 176
114 143
115 132
115 164
115 161
115 194
115 120
115 121
115 136
116 193
116 184
116 139
116 153
116 154
116 143
116 130
116 120
116 186
116 191
117 157
117 162
117 174
117 175
117 177
117 180
117 118
117 185
117 122
117 189
118 129
118 162
118 175
118 177
118 123
119 132
119 135
119 142
119 146
119 148
119 170
119 172
119 173
120 132
120 136
120 146
120 147
120 149
120 154
120 158
120 159
120 161
120 162
120 179
120 183
120 186
120 188
120 190
120 194
120 195
120 121
120 191
121 193
121 130
121 164
121 133
121 194
121 142
121 147
121 148
121 132
121 152
121 196
121 195
121 161
121 191
121 170
121 190
123 162
123 131
123 177
123 174
123 185
123 157
124 162
125 197
125 168
125 191
125 190
126 129
126 131
126 198
126 192
126 157
126 165
126 199
126 174
126 177
126 181
126 127
127 192
127 131
127 165
127 199
128 134
128 160
128 169
129 179
129 180
129 181
130 193
130 148
130 164
130 158
130 162
130 170
130 173
130 184
131 192
131 199
131 157
131 165
131 175
131 178
131 185
132 136
132 137
132 142
132 196
132 161
133 193
133 196
133 137
133 194
133 158
133 164
133 183
133 186
134 169
134 136
134 140
135 137
135 142
135 147
135 148
135 159
135 171
135 172
135 183
135 190
135 191
135 194
135 164
136 151
136 148
136 152
136 161
136 173
136 158
136 138
136 190
136 194
136 195
136 198
136 191
137 193
137 195
137 141
137 152
137 159
137 171
137 184
137 190
137 191
138 160
138 163
138 167
138 183
138 186
139 145
139 154
139 158
139 164
139 166
139 144
139 190
139 191
140 163
140 187
140 155
141 190
141 191
142 164
142 171
142 172
142 148
143 176
143 182
143 153
143 187
143 190
143 191
144 196
144 158
144 164
144 166
145 160
145 163
145 167
145 191
145 190
146 148
146 164
146 189
146 179
146 180
146 170
146 149
147 194
147 161
147 152
147 159
147 164
147 171
147 190
148 193
148 171
148 159
148 164
148 194
148 170
148 172
148 173
148 184
149 198
149 174
149 154
149 156
149 179
149 188
149 189
150 197
150 168
150 191
152 194
152 159
152 164
152 171
152 191
153 163
153 155
153 158
153 182
154 196
154 158
154 179
154 188
155 164
155 171
155 187
156 179
156 164
156 183
157 192
157 162
157 199
157 177
157 185
158 193
158 184
158 159
158 164
158 171
158 183
158 186
158 188
159 194
159 164
159 195
159 171
159 183
159 191
160 182
160 163
160 164
160 169
161 164
161 191
162 198
162 164
162 184
162 193
162 177
162 185
162 186
163 187
164 171
164 166
164 172
164 173
164 176
164 182
164 184
164 193
164 196
164 170
164 195
165 199
165 177
165 178
165 189
166 186
166 183
167 186
167 183
168 183
170 193
170 172
170 173
171 194
172 173
173 193
173 184
174 192
174 199
174 180
177 185
178 198
178 189
178 181
179 188
180 189
183 196
183 186
184 193
184 194
185 189
190 191
190 194
191 194
191 195
194 195
