0 66
0 70
0 14
0 16
0 147
0 20
0 22
0 88
0 164
0 91
0 30
0 160
0 163
0 100
0 103
0 106
0 43
0 109
0 49
0 54
0 124
1 3
1 118
1 7
1 8
1 9
1 10
1 11
1 78
1 20
1 85
1 23
1 71
1 182
1 185
1 31
1 34
1 163
1 100
1 167
1 104
1 43
1 174
1 112
1 49
1 51
1 52
1 54
1 137
1 57
1 61
1 190
1 63
2 133
2 98
2 116
2 5
2 153
2 117
2 69
2 15
3 64
3 67
3 196
3 134
3 74
3 151
3 192
3 78
3 17
3 195
3 20
3 110
3 22
3 121
3 97
3 163
3 43
3 173
3 46
3 189
3 115
3 116
3 182
3 73
3 84
3 61
3 190
4 147
4 69
4 9
4 131
4 84
4 151
4 25
4 133
4 164
4 115
4 116
4 117
4 56
4 121
4 124
4 63
5 132
5 133
5 23
5 149
5 151
5 153
5 159
5 40
5 41
5 49
5 51
5 57
5 70
5 72
5 84
5 87
5 100
5 113
5 169
5 124
6 130
6 171
6 71
6 137
6 12
6 141
6 14
6 148
6 199
6 88
6 92
6 30
6 95
6 33
6 34
6 102
6 41
6 107
6 175
6 179
6 169
6 184
6 124
7 134
7 193
7 8
7 9
7 10
7 192
7 145
7 19
7 22
7 154
7 157
7 158
7 31
7 35
7 38
7 167
7 43
7 44
7 182
7 58
7 188
7 61
7 190
7 191
7 64
7 65
7 67
7 197
7 74
7 85
7 89
7 97
7 105
7 189
7 62
7 118
7 120
7 122
8 195
8 69
8 134
8 77
8 79
8 18
8 83
8 28
8 31
8 97
8 99
8 101
8 166
8 193
8 146
8 178
8 116
8 59
8 125
9 192
9 69
9 151
9 13
9 17
9 67
9 84
9 85
9 25
9 154
9 28
9 96
9 98
9 162
9 38
9 129
9 196
9 43
9 173
9 111
9 180
9 190
9 121
9 58
9 61
9 62
9 63
10 66
10 197
10 105
10 43
10 44
10 79
10 18
10 118
10 167
10 157
11 137
11 12
11 159
11 33
11 34
11 36
11 39
11 40
11 41
11 42
11 43
11 174
11 49
11 185
11 60
11 70
11 71
11 72
11 82
11 87
11 88
11 90
11 91
11 92
11 100
11 104
11 108
11 112
11 113
11 169
11 124
12 112
12 135
12 124
12 144
12 76
12 142
12 47
12 16
12 174
12 54
12 87
12 24
12 90
12 92
12 30
13 128
13 196
13 197
13 74
13 192
13 15
13 67
13 84
13 97
13 98
13 165
13 43
13 44
13 173
13 125
13 99
13 116
13 138
13 59
13 61
13 190
14 43
14 135
14 137
14 141
14 142
14 16
14 147
14 148
14 152
14 27
14 30
14 33
14 34
14 164
14 41
14 171
14 174
14 175
14 176
14 49
14 184
14 57
14 60
14 70
14 71
14 76
14 82
14 90
14 91
14 92
14 199
14 95
14 102
14 104
14 169
14 124
15 196
15 69
15 162
15 73
15 78
15 77
15 84
15 25
15 98
15 99
15 165
15 173
15 46
15 111
15 115
15 180
15 117
15 121
15 59
16 132
16 72
16 139
16 82
16 20
16 27
16 30
16 161
16 102
16 104
16 42
16 48
16 168
16 54
16 57
16 123
16 124
17 96
17 35
17 131
17 45
17 89
17 81
17 121
17 73
17 55
17 56
17 25
17 58
17 29
17 191
18 192
18 67
18 134
18 79
18 83
18 85
18 157
18 31
18 97
18 167
18 105
18 182
18 189
18 62
18 63
19 64
19 193
19 197
19 74
19 78
19 20
19 89
19 122
19 96
19 97
19 163
19 110
19 53
19 121
19 58
19 61
19 190
19 63
20 132
20 193
20 138
20 146
20 24
20 154
20 27
20 33
20 162
20 35
20 38
20 39
20 44
20 48
20 177
20 53
20 54
20 183
20 59
20 188
20 61
20 62
20 63
20 65
20 66
20 182
20 70
20 72
20 74
20 77
20 78
20 163
20 85
20 89
20 144
20 105
20 106
20 167
20 108
20 110
20 189
20 118
20 121
20 191
20 125
20 127
21 98
21 131
21 69
21 73
21 55
21 56
21 25
21 156
21 29
22 130
22 77
22 78
22 148
22 28
22 160
22 99
22 166
22 103
22 106
22 43
22 44
22 111
22 178
22 179
22 180
22 53
22 169
22 184
22 57
22 59
22 125
23 71
23 137
23 76
23 142
23 147
23 149
23 87
23 164
23 199
23 135
23 185
23 133
23 161
23 34
23 104
23 41
23 42
23 43
23 159
23 168
23 174
23 112
23 49
23 52
23 57
23 123
23 124
23 170
24 144
24 66
24 163
24 40
24 112
24 113
24 51
24 53
24 52
24 159
24 149
25 129
25 140
25 81
25 84
25 150
25 151
25 156
25 165
25 98
25 37
25 45
25 46
25 50
25 115
25 116
25 117
25 55
25 56
25 63
25 85
26 80
26 112
26 47
27 68
27 70
27 141
27 124
27 82
27 87
27 88
27 91
27 30
27 133
27 160
27 33
27 163
27 41
27 106
27 171
27 175
27 49
27 53
27 169
27 184
27 60
28 65
28 145
28 154
28 31
28 165
28 166
28 178
28 53
28 58
28 117
29 96
29 131
29 37
29 81
29 151
29 115
29 84
29 150
29 55
29 156
30 132
30 135
30 76
30 82
30 142
30 92
30 95
30 33
30 70
30 102
30 104
30 161
30 42
30 174
30 47
30 57
30 60
31 64
31 67
31 197
31 134
31 74
31 77
31 195
31 154
31 94
31 96
31 97
31 162
31 35
31 101
31 38
31 43
31 173
31 110
31 111
31 189
31 83
31 182
31 122
31 59
31 166
31 61
31 190
31 127
32 68
32 70
32 139
32 76
32 152
32 90
32 93
32 95
32 102
32 39
32 104
32 42
32 171
32 176
32 184
32 57
33 66
33 68
33 72
33 76
33 82
33 142
33 90
33 92
33 133
33 161
33 163
33 100
33 70
33 168
33 42
33 174
33 47
33 112
33 49
33 185
33 123
33 124
33 106
34 107
34 68
34 197
34 71
34 72
34 137
34 76
34 135
34 139
34 90
34 92
34 199
34 95
34 112
34 168
34 42
34 43
34 44
34 174
34 47
34 52
34 183
34 123
34 170
35 128
35 192
35 138
35 146
35 154
35 177
35 182
35 55
35 56
35 58
35 59
35 188
35 61
35 190
35 64
35 196
35 74
35 78
35 79
35 83
35 96
35 97
35 99
35 106
35 110
35 189
35 121
35 125
36 112
36 114
36 198
36 108
36 93
36 174
36 47
37 131
37 73
37 151
37 46
37 115
37 55
37 56
37 187
38 65
38 99
38 63
38 79
38 177
38 146
38 83
38 59
38 125
39 112
39 66
39 107
39 106
39 174
39 47
39 80
39 163
39 53
39 152
39 176
39 93
39 95
40 66
40 163
40 164
40 106
40 112
40 147
40 124
41 130
41 68
41 141
41 145
41 88
41 90
41 92
41 95
41 133
41 161
41 197
41 164
41 70
41 171
41 44
41 174
41 175
41 49
41 179
41 54
41 124
42 160
42 197
42 70
42 82
42 147
42 152
42 133
42 102
42 168
42 176
42 44
42 174
42 48
42 169
42 123
42 124
42 183
43 172
43 128
43 143
43 145
43 149
43 158
43 197
43 44
43 173
43 174
43 49
43 51
43 52
43 181
43 138
43 57
43 58
43 159
43 188
43 63
43 192
43 54
43 74
43 139
43 85
43 199
43 100
43 104
43 61
43 112
43 113
43 118
43 120
44 192
44 66
44 196
44 118
44 139
44 197
44 71
44 182
44 157
44 167
44 173
44 106
44 54
44 105
44 57
44 122
44 190
45 81
45 50
45 150
46 129
46 98
46 69
46 165
46 73
46 187
46 140
46 78
46 50
46 121
46 117
46 150
46 56
46 155
47 130
47 179
47 136
47 137
47 141
47 144
47 149
47 159
47 160
47 171
47 172
47 174
47 175
47 48
47 51
47 52
47 57
47 186
47 60
47 194
47 70
47 72
47 82
47 86
47 88
47 91
47 103
47 107
47 108
47 112
47 113
47 126
48 68
48 71
48 137
48 139
48 76
48 142
48 132
48 90
48 163
48 70
48 104
48 124
48 199
48 168
48 53
48 183
48 57
48 123
48 170
49 130
49 171
49 68
49 76
49 147
49 142
49 88
49 133
49 164
49 174
49 179
49 169
49 184
49 57
49 124
50 155
50 150
50 55
50 119
50 81
51 71
51 143
51 147
51 149
51 133
51 164
51 172
51 113
51 52
51 57
51 159
51 124
52 71
52 143
52 144
52 149
52 199
52 172
52 174
52 112
52 113
52 57
52 124
53 134
53 144
53 146
53 154
53 177
53 180
53 54
53 58
53 59
53 191
53 64
53 193
53 197
53 77
53 82
53 89
53 93
53 94
53 99
53 105
53 106
53 167
53 111
53 118
53 122
53 125
53 127
54 66
54 197
54 70
54 130
54 141
54 124
54 147
54 185
54 163
54 100
54 106
54 109
54 175
54 179
54 184
54 148
54 60
55 96
55 81
55 187
55 140
55 131
55 150
55 119
55 155
55 156
56 73
56 131
56 84
56 151
56 156
57 171
57 132
57 172
57 143
57 145
57 148
57 149
57 152
57 179
57 159
57 160
57 133
57 164
57 158
57 183
57 184
57 176
57 197
57 70
57 72
57 88
57 91
57 95
57 102
57 103
57 104
57 107
57 109
57 112
57 124
58 193
58 77
58 85
58 89
58 94
58 96
58 162
58 166
58 191
58 111
58 180
58 122
58 127
58 63
59 192
59 65
59 67
59 196
59 69
59 190
59 145
59 99
59 96
59 165
59 182
59 125
59 62
59 117
60 139
60 68
60 135
60 72
60 76
60 142
60 87
60 152
60 100
60 102
60 168
60 161
60 170
60 174
60 112
60 183
60 185
60 123
61 64
61 83
61 195
61 128
61 74
61 79
61 173
61 96
61 97
61 101
61 193
61 146
61 163
61 177
61 181
61 120
61 122
61 190
61 63
62 162
62 99
62 163
62 77
62 78
62 111
62 180
62 83
62 85
62 121
62 125
62 94
63 64
63 115
63 182
63 128
63 65
63 74
63 78
63 77
63 83
63 85
63 151
63 122
63 196
63 101
63 193
63 173
63 110
63 138
63 84
63 190
63 195
64 128
64 96
64 67
64 196
64 74
64 192
64 79
64 89
64 154
64 195
64 193
64 173
64 83
64 182
64 122
64 191
64 190
65 66
65 99
65 163
65 111
65 162
65 79
65 146
65 83
65 125
66 118
66 108
66 77
66 144
66 145
66 82
66 93
66 158
66 96
66 163
66 106
66 146
66 99
67 192
67 134
67 173
67 163
67 96
67 101
67 195
67 146
67 99
67 122
67 189
67 190
68 130
68 137
68 82
68 185
68 152
68 90
68 92
68 102
68 107
68 109
68 174
68 179
68 169
68 176
69 77
69 78
69 84
69 151
69 153
69 156
69 94
69 99
69 111
69 180
69 177
69 116
69 117
69 73
69 121
69 125
70 130
70 132
70 141
70 147
70 152
70 133
70 164
70 171
70 174
70 176
70 179
70 184
70 175
70 72
70 185
70 88
70 91
70 100
70 102
70 103
70 104
70 109
70 112
70 148
70 124
71 107
71 132
71 197
71 135
71 72
71 172
71 76
71 142
71 152
71 90
71 95
71 112
71 170
71 174
71 87
72 132
72 76
72 142
72 124
72 82
72 147
72 87
72 90
72 92
72 163
72 164
72 112
72 199
72 174
73 165
73 156
73 78
73 150
73 121
73 117
74 128
74 195
74 196
74 85
74 96
74 101
74 173
74 99
74 181
74 182
74 120
74 163
74 190
75 136
75 186
76 137
76 82
76 142
76 87
76 152
76 92
76 100
76 107
76 199
76 183
76 176
77 158
77 145
77 85
77 89
77 154
77 94
77 163
77 165
77 106
77 116
77 117
77 127
78 195
78 134
78 129
78 85
78 121
78 158
78 165
78 97
78 98
78 101
78 96
78 193
78 163
78 115
78 116
78 117
78 84
78 122
79 182
79 193
79 83
79 89
79 154
79 96
79 167
79 105
79 118
79 190
79 191
80 86
80 108
80 93
81 131
81 150
82 139
82 135
82 148
82 142
82 87
82 88
82 90
82 160
82 91
82 161
82 103
82 109
82 174
82 112
82 169
82 184
82 124
82 106
83 167
83 105
83 157
83 85
84 129
84 147
84 196
84 96
84 133
84 98
84 165
84 115
84 117
84 121
84 124
85 195
85 89
85 154
85 94
85 101
85 110
85 190
85 182
85 191
85 189
86 112
87 132
87 147
87 152
87 91
87 135
87 199
87 133
87 102
87 124
87 170
87 107
87 174
87 176
87 185
88 160
88 171
88 148
88 185
88 152
88 90
88 92
88 95
88 176
88 91
88 102
88 104
88 107
88 109
88 174
88 112
88 169
89 134
89 154
89 94
89 162
89 163
89 166
89 178
89 180
89 191
90 160
90 130
90 171
90 141
90 152
90 148
90 132
90 91
90 92
90 199
90 103
90 107
90 109
90 175
90 179
90 184
90 176
91 130
91 148
91 92
91 185
91 95
91 100
91 103
91 104
91 109
91 174
91 112
91 179
92 130
92 171
92 135
92 141
92 148
92 160
92 103
92 170
92 107
92 174
92 175
92 179
92 137
92 184
93 176
93 198
93 102
93 106
93 108
93 114
93 107
93 152
93 95
94 129
94 162
94 163
94 127
94 191
94 154
95 130
95 107
95 137
95 199
95 102
95 104
95 103
95 108
95 109
95 176
95 179
96 128
96 192
96 131
96 134
96 138
96 154
96 173
96 177
96 181
96 182
96 189
96 193
96 97
96 99
96 101
96 195
96 106
96 110
96 115
96 120
97 192
97 193
97 196
97 134
97 195
97 173
97 121
98 129
98 196
98 156
98 162
98 165
98 173
98 111
98 115
98 116
98 121
99 192
99 196
99 181
99 165
99 106
99 173
99 110
99 125
99 120
99 189
99 117
100 135
100 147
100 133
100 164
100 174
100 185
100 124
101 134
101 195
101 110
101 189
101 121
102 171
102 141
102 152
102 148
102 161
102 107
102 108
102 176
102 184
102 123
103 130
103 139
103 145
103 158
103 160
103 104
103 109
103 112
103 168
103 179
103 123
104 130
104 107
104 132
104 143
104 152
104 147
104 149
104 112
104 164
104 133
104 109
104 113
104 179
104 176
104 160
104 159
104 124
105 167
105 157
106 193
106 197
106 108
106 145
106 163
106 146
106 157
106 177
106 122
107 130
107 137
107 135
107 142
107 148
107 199
107 160
107 170
107 171
107 108
107 109
107 112
107 179
107 184
108 198
108 136
108 152
108 163
108 174
108 112
108 126
109 130
109 141
109 160
109 175
109 112
109 179
110 128
110 192
110 193
110 122
110 195
110 163
110 189
111 162
111 154
111 117
112 130
112 171
112 132
112 136
112 141
112 149
112 175
112 159
112 160
112 174
112 179
112 186
113 143
113 144
113 147
113 149
113 159
113 133
113 172
113 174
113 124
114 198
115 129
115 131
115 151
115 165
115 116
115 117
115 121
115 187
115 124
116 129
116 196
116 151
116 165
116 173
116 153
116 121
116 127
117 129
117 153
117 162
117 165
117 166
117 125
117 127
118 163
118 197
118 167
118 157
119 155
120 146
120 163
120 177
120 181
120 182
120 122
120 138
120 190
121 129
121 134
121 192
121 195
121 151
121 145
121 163
121 122
122 128
122 197
122 134
122 138
122 192
122 145
122 154
122 181
122 158
122 193
122 195
122 189
122 182
122 190
123 161
123 139
123 152
123 160
123 168
123 183
124 139
124 143
124 147
124 149
124 185
124 159
124 161
124 164
124 168
124 172
124 174
124 151
124 183
124 169
125 158
125 163
126 136
126 186
127 162
127 165
127 180
127 154
128 163
128 196
128 182
128 189
128 181
128 138
128 188
128 190
129 151
129 156
130 175
130 171
130 141
130 158
130 179
130 169
131 140
131 151
131 187
131 156
132 133
132 163
132 164
132 199
132 183
133 139
133 161
133 164
133 147
133 172
133 153
133 151
134 192
134 193
134 195
134 154
134 173
134 182
134 190
134 191
135 137
135 142
135 170
135 199
135 185
136 194
136 186
137 149
137 170
137 174
137 183
138 163
138 196
138 173
138 177
138 146
138 181
138 182
138 188
138 190
139 160
139 152
139 197
139 161
139 168
139 183
139 176
141 171
141 175
141 148
141 179
141 169
141 184
142 170
142 199
143 172
143 149
143 199
144 163
144 149
144 159
145 193
145 171
145 158
145 160
146 192
146 196
146 182
146 165
146 173
146 177
146 190
146 181
147 149
147 164
147 151
147 185
147 169
148 152
148 171
148 158
148 175
148 176
148 184
149 164
149 172
149 174
149 159
151 187
151 164
152 199
152 176
154 193
154 162
154 163
154 166
154 178
154 180
154 191
157 197
157 167
158 171
158 160
158 169
158 179
158 184
159 174
160 185
160 161
160 168
161 168
161 169
162 180
162 165
162 191
163 193
163 177
163 180
163 188
163 191
163 192
163 167
163 189
163 190
164 185
164 169
165 196
165 173
165 177
165 180
166 178
166 191
168 183
169 197
169 171
169 174
169 175
169 179
170 183
171 175
171 176
171 179
171 184
173 196
173 182
173 197
173 177
173 188
173 190
174 194
174 199
174 186
174 185
175 184
177 182
177 190
178 191
181 188
181 190
182 197
182 190
182 188
186 194
188 190
189 195
189 193
189 192
190 196
190 192
190 197
190 193
191 193
192 197
196 197
197 199
