0 128
0 2
0 3
0 5
0 135
0 136
0 140
0 141
0 14
0 146
0 19
0 21
0 22
0 23
0 196
0 155
0 28
0 164
0 165
0 166
0 40
0 45
0 180
0 57
0 186
0 189
0 191
0 64
0 193
0 66
0 195
0 68
0 69
0 70
0 194
0 73
0 86
0 93
0 97
0 98
0 131
0 105
0 168
0 116
0 120
0 121
1 135
1 73
1 15
1 146
1 20
1 22
1 23
1 155
1 28
1 98
1 165
1 166
1 110
1 55
1 120
1 57
1 191
2 3
2 10
2 139
2 19
2 156
2 33
2 37
2 177
2 172
2 47
2 48
2 179
2 54
2 184
2 59
2 60
2 62
2 63
2 64
2 196
2 71
2 72
2 78
2 82
2 99
2 104
2 188
2 106
2 111
2 122
2 124
2 127
3 132
3 135
3 10
3 188
3 20
3 23
3 24
3 27
3 157
3 185
3 160
3 162
3 39
3 170
3 44
3 175
3 179
3 54
3 137
3 57
3 60
3 62
3 193
3 194
3 76
3 87
3 91
3 95
3 96
3 144
3 100
3 103
3 110
3 114
3 121
4 67
4 195
4 10
4 139
4 17
4 106
4 116
4 85
4 24
4 152
4 185
4 156
4 93
4 95
5 68
5 197
5 28
5 8
5 140
5 78
5 147
5 86
5 23
5 16
5 40
5 105
5 107
5 174
5 50
5 180
5 182
5 187
5 188
5 189
5 190
6 192
6 160
6 75
6 11
6 143
6 16
6 83
6 148
6 149
6 94
6 96
6 161
6 35
6 102
6 41
6 175
6 58
6 124
6 190
6 188
7 33
7 100
7 49
7 65
7 72
7 17
7 18
7 179
7 185
7 24
7 104
7 184
7 28
7 120
8 140
8 14
8 26
8 28
8 160
8 161
8 40
8 45
8 175
8 49
8 51
8 182
8 187
8 189
8 75
8 80
8 81
8 86
8 89
8 93
8 96
8 107
8 108
8 120
8 127
9 192
9 135
9 144
9 75
9 87
9 89
9 27
9 28
9 161
9 35
9 55
9 120
9 58
9 190
10 128
10 150
10 135
10 136
10 138
10 16
10 17
10 18
10 22
10 23
10 24
10 156
10 29
10 30
10 159
10 176
10 162
10 37
10 39
10 170
10 45
10 48
10 178
10 55
10 56
10 185
10 186
10 67
10 196
10 69
10 72
10 85
10 152
10 92
10 100
10 104
10 106
10 110
10 113
10 131
10 119
11 140
11 78
11 144
11 148
11 86
11 87
11 89
11 27
11 157
11 94
11 96
11 34
11 134
11 102
11 107
11 180
11 58
11 188
12 121
12 28
12 76
12 169
13 160
13 198
13 135
13 137
13 175
13 78
13 83
13 22
13 87
13 89
13 91
13 157
13 96
13 34
13 99
13 103
13 167
13 111
13 177
13 188
13 61
14 131
14 71
14 140
14 141
14 142
14 109
14 16
14 88
14 195
14 20
14 185
14 24
14 26
14 135
14 90
14 32
14 84
14 180
14 166
14 38
14 108
14 45
14 46
14 50
14 51
14 116
14 187
14 57
14 123
14 126
14 127
15 133
15 70
15 163
15 85
15 151
15 25
15 29
15 99
15 101
15 174
15 112
15 186
15 122
15 191
15 63
16 128
16 162
16 136
16 137
16 143
16 145
16 134
16 152
16 26
16 27
16 28
16 159
16 34
16 37
16 39
16 40
16 170
16 172
16 45
16 50
16 52
16 53
16 55
16 59
16 60
16 61
16 62
16 64
16 193
16 66
16 196
16 69
16 73
16 77
16 85
16 87
16 89
16 102
16 178
16 189
16 168
16 117
16 122
16 127
17 198
17 196
17 85
17 152
17 132
17 159
17 99
17 39
17 63
17 170
17 172
17 49
17 178
17 179
17 95
17 42
17 127
18 194
18 77
18 85
18 152
18 95
18 99
18 100
18 37
18 104
18 42
18 172
18 117
18 119
18 184
18 59
19 131
19 69
19 135
19 136
19 140
19 145
19 82
19 20
19 85
19 30
19 95
19 166
19 127
19 45
19 47
19 49
19 179
19 55
19 122
19 59
19 63
20 68
20 193
20 140
20 141
20 92
20 81
20 146
20 86
20 23
20 88
20 164
20 28
20 93
20 158
20 180
20 36
20 166
20 64
20 174
20 131
20 105
20 57
20 195
21 66
21 166
21 162
21 73
21 141
21 176
21 145
21 110
21 55
21 57
21 93
21 30
22 132
22 135
22 151
22 144
22 152
22 146
22 188
22 148
22 23
22 137
22 26
22 27
22 29
22 158
22 31
22 162
22 35
22 170
22 45
22 177
22 128
22 155
22 55
22 186
22 159
22 60
22 190
22 70
22 73
22 76
22 78
22 163
22 85
22 87
22 88
22 91
22 92
22 97
22 98
22 103
22 105
22 110
22 111
22 112
22 122
22 127
23 68
23 193
23 92
23 29
23 95
23 97
23 99
23 166
23 40
23 105
23 42
23 57
24 65
24 198
24 81
24 193
24 36
24 158
24 99
24 100
24 42
24 125
24 178
24 179
24 74
24 63
25 133
25 73
25 87
25 145
25 115
25 55
25 27
25 151
25 191
26 64
26 65
26 132
26 135
26 194
26 196
26 86
26 187
26 100
26 170
26 172
26 178
26 48
26 49
26 50
26 179
26 180
26 59
26 127
27 133
27 70
27 135
27 83
27 148
27 87
27 157
27 94
27 160
27 144
27 163
27 173
27 175
27 112
27 50
27 115
27 181
27 58
28 171
28 142
28 146
28 154
28 155
28 32
28 35
28 38
28 40
28 169
28 43
28 46
28 50
28 57
28 188
28 189
28 190
28 197
28 78
28 79
28 80
28 163
28 84
28 90
28 94
28 144
28 98
28 166
28 109
28 113
28 114
28 120
28 148
28 123
29 198
29 135
29 73
29 162
29 146
29 174
29 155
29 92
29 30
29 98
29 99
29 42
29 110
29 176
29 55
29 120
29 122
29 63
30 135
30 145
30 31
30 35
30 36
30 37
30 42
30 44
30 174
30 176
30 50
30 51
30 181
30 190
30 63
30 198
30 66
30 195
30 70
30 76
30 163
30 85
30 95
30 99
30 108
30 115
30 124
31 112
31 197
31 163
31 101
31 40
31 43
31 80
31 145
31 147
31 55
31 186
31 151
31 118
31 182
32 196
32 71
32 138
32 194
32 81
32 154
32 37
32 172
32 125
32 48
32 49
32 179
32 120
32 122
32 59
32 74
32 63
33 196
33 198
33 194
33 77
33 82
33 84
33 95
33 99
33 104
33 42
33 172
33 109
33 46
33 47
33 117
33 119
33 184
33 122
33 59
33 63
34 148
34 107
34 199
34 41
34 143
34 50
34 52
34 53
34 153
34 89
34 187
34 61
34 94
34 149
35 197
35 135
35 194
35 78
35 80
35 145
35 157
35 160
35 37
35 102
35 188
35 175
35 147
35 73
35 120
35 124
36 71
36 73
36 74
36 140
36 81
36 176
36 162
36 100
36 166
36 145
36 170
36 45
36 110
36 48
36 158
36 187
37 129
37 145
37 150
37 48
37 162
37 42
37 176
37 49
37 50
37 55
37 59
37 138
37 190
37 63
37 194
37 196
37 198
37 71
37 72
37 73
37 78
37 95
37 99
37 114
37 119
37 122
37 124
38 71
38 138
38 171
38 109
38 46
38 79
38 48
38 113
38 84
38 120
38 90
38 154
38 126
39 65
39 193
39 140
39 185
39 152
39 95
39 162
39 113
39 170
39 159
39 45
39 110
39 48
39 49
39 50
39 57
39 122
39 127
39 63
40 140
40 147
40 43
40 50
40 112
40 114
40 120
40 124
40 190
41 102
41 199
41 183
41 143
41 50
41 53
41 153
41 89
41 61
41 149
42 137
42 151
42 162
42 172
42 174
42 176
42 50
42 55
42 185
42 186
42 59
42 63
42 64
42 65
42 196
42 70
42 72
42 85
42 92
42 198
42 97
42 99
42 145
42 104
42 105
42 113
42 119
42 121
42 122
43 176
43 70
43 135
43 73
43 87
43 151
43 112
43 55
43 120
43 186
44 193
44 162
44 73
44 76
44 176
44 145
44 55
44 120
45 64
45 130
45 131
45 69
45 198
45 135
45 81
45 85
45 88
45 179
45 158
45 95
45 107
45 125
45 49
45 128
45 122
45 187
45 74
45 127
46 104
46 138
46 109
46 48
46 113
46 120
46 90
46 126
47 131
47 196
47 194
47 77
47 82
47 104
47 172
47 49
47 50
47 179
47 117
47 184
47 122
48 132
48 179
48 71
48 172
48 194
48 142
48 84
48 88
48 154
48 158
48 95
48 170
48 171
48 108
48 109
48 125
48 49
48 51
48 113
48 138
48 59
48 74
48 126
48 127
49 64
49 65
49 178
49 131
49 140
49 77
49 82
49 86
49 159
49 100
49 168
49 193
49 71
49 50
49 179
49 180
49 117
49 88
49 127
50 132
50 145
50 176
50 179
50 52
50 53
50 183
50 59
50 61
50 193
50 66
50 195
50 198
50 73
50 75
50 87
50 89
50 93
50 99
50 116
50 170
50 127
51 73
51 138
51 88
51 176
51 166
51 107
51 108
51 110
51 113
51 158
51 55
51 187
52 53
52 58
52 143
52 61
53 161
53 107
53 199
53 75
53 143
53 149
53 153
53 89
53 187
53 183
54 193
54 103
54 135
54 111
54 177
54 91
54 167
55 172
55 133
55 135
55 148
55 152
55 162
55 164
55 174
55 181
55 64
55 66
55 196
55 198
55 73
55 76
55 81
55 85
55 88
55 92
55 94
55 95
55 144
55 99
55 101
55 110
55 112
55 115
55 118
56 129
56 72
56 150
56 156
56 106
56 95
57 66
57 193
57 136
57 74
57 130
57 141
57 146
57 88
57 155
57 97
57 165
57 166
57 105
57 107
57 128
57 125
58 87
59 131
59 198
59 71
59 194
59 138
59 77
59 79
59 82
59 85
59 152
59 154
59 95
59 99
59 104
59 171
59 113
59 117
59 122
59 63
60 192
60 193
60 196
60 134
60 137
60 194
60 89
60 91
60 99
60 102
60 167
60 177
60 62
61 144
61 161
61 75
61 143
61 149
61 183
61 148
61 89
61 94
62 161
62 196
62 167
62 193
62 183
62 194
62 111
62 177
62 149
62 137
62 89
62 91
63 132
63 138
63 154
63 172
63 176
63 184
63 185
63 194
63 196
63 198
63 82
63 85
63 99
63 104
63 113
63 121
63 122
63 170
64 128
64 69
64 198
64 136
64 140
64 82
64 86
64 162
64 166
64 107
64 172
64 110
64 180
64 187
64 127
65 67
65 100
65 198
65 178
65 99
65 139
65 170
65 132
65 156
65 106
66 176
66 162
66 195
66 73
66 141
66 110
66 145
66 116
66 86
67 72
67 139
67 194
67 156
67 106
68 97
68 99
68 166
68 135
68 105
68 174
68 92
69 131
69 196
69 136
69 128
69 95
69 168
69 127
70 133
70 198
70 135
70 151
70 145
70 146
70 87
70 152
70 176
70 163
70 112
70 121
70 95
70 191
71 196
71 172
71 138
71 194
71 81
71 82
71 84
71 142
71 88
71 90
71 158
71 95
71 113
71 171
71 108
71 120
72 129
72 99
72 198
72 139
72 172
72 194
72 150
72 156
72 95
73 131
73 133
73 135
73 172
73 141
73 145
73 146
73 152
73 155
73 162
73 176
73 158
73 188
73 190
73 195
73 198
73 194
73 76
73 78
73 163
73 85
73 88
73 92
73 93
73 165
73 98
73 99
73 108
73 110
73 112
73 114
73 116
73 118
73 121
73 122
73 124
74 130
74 113
74 81
74 185
74 88
74 125
74 158
75 161
75 199
75 140
75 143
75 144
75 153
75 89
76 193
76 162
76 135
76 176
76 145
76 120
76 169
77 99
77 104
77 82
77 179
77 117
77 119
77 184
78 196
78 194
78 145
78 148
78 96
78 188
78 172
78 176
78 114
78 120
78 124
78 190
79 132
79 90
79 95
79 123
79 171
79 108
79 109
79 120
79 122
79 126
80 197
80 86
80 120
80 187
80 189
81 130
81 140
81 100
81 158
81 162
81 166
81 107
81 108
81 180
81 185
82 131
82 164
82 179
82 168
82 194
82 184
82 122
83 160
83 193
83 175
83 173
83 89
83 157
83 134
84 104
84 113
84 142
84 120
84 90
84 184
85 131
85 145
85 151
85 152
85 132
85 162
85 176
85 95
85 100
85 104
85 110
85 119
85 122
85 191
85 170
86 140
86 195
86 88
86 175
86 93
86 158
86 96
86 161
86 166
86 157
86 179
86 116
86 180
86 189
87 133
87 135
87 144
87 148
87 151
87 186
87 94
87 163
87 112
87 115
87 137
88 130
88 171
88 179
88 145
88 154
88 176
88 162
88 166
88 113
88 135
88 108
88 110
88 180
88 138
89 160
89 161
89 143
89 144
89 153
89 157
89 96
89 199
89 173
89 175
89 137
90 142
90 138
90 171
90 120
90 154
90 126
91 193
91 135
91 137
91 167
91 111
91 177
92 198
92 145
92 155
92 95
92 97
92 162
92 99
92 105
92 110
92 120
92 121
92 191
93 195
93 140
93 141
93 166
93 107
93 110
93 180
93 116
93 187
94 144
94 148
94 161
94 102
94 188
94 114
94 120
94 124
95 128
95 138
95 150
95 152
95 154
95 162
95 176
95 174
95 193
95 184
95 100
95 145
95 104
95 110
95 113
95 119
96 192
96 193
96 140
96 175
96 180
96 188
96 157
96 134
97 198
97 135
97 105
97 174
98 165
98 151
98 145
98 121
98 120
98 186
98 155
99 193
99 137
99 196
99 174
99 176
99 184
99 185
99 194
99 198
99 100
99 145
99 104
99 110
99 117
99 119
99 121
99 122
99 191
100 152
100 139
100 156
100 193
100 106
100 178
100 119
100 185
100 122
100 159
100 127
101 162
101 133
101 110
101 115
101 181
101 118
101 151
101 121
101 186
101 191
102 192
102 137
102 144
102 157
102 160
102 173
102 175
102 114
102 190
103 193
103 135
103 137
103 111
103 177
104 198
104 194
104 142
104 152
104 109
104 117
104 119
104 184
104 123
105 166
105 135
105 193
105 198
106 129
106 139
106 172
106 194
106 196
106 150
106 156
107 195
107 143
107 147
107 164
107 158
107 197
107 168
107 108
107 182
107 187
107 189
108 138
108 145
108 154
108 162
108 171
108 110
108 113
108 187
109 138
109 171
109 184
109 120
109 154
109 123
110 135
110 141
110 152
110 158
110 162
110 168
110 174
110 118
111 193
111 196
111 194
111 137
111 135
111 172
111 177
111 167
112 191
112 151
112 176
112 145
112 121
112 186
113 130
113 198
113 142
113 125
113 138
113 120
113 122
114 193
114 197
114 145
114 148
114 188
114 175
114 176
114 124
114 189
114 190
115 176
115 121
115 181
115 118
115 133
116 195
116 141
116 145
116 166
116 176
116 180
116 187
117 196
117 172
117 179
117 119
118 162
118 133
118 191
118 181
118 121
119 198
119 194
119 172
119 184
119 152
119 196
120 171
120 140
120 142
120 146
120 148
120 174
120 155
120 163
120 188
120 189
120 190
120 197
120 123
120 124
120 126
121 193
121 133
121 146
121 151
121 152
121 155
121 186
121 198
121 169
121 174
121 122
121 191
122 131
122 196
122 198
122 135
122 138
122 194
122 152
122 154
122 191
122 171
122 172
122 184
123 138
123 171
123 154
124 192
124 193
124 196
124 144
124 145
124 148
124 157
124 134
124 175
124 176
124 190
125 130
125 185
126 138
126 171
127 132
127 135
127 194
127 196
127 170
127 179
127 187
128 131
128 164
128 168
128 172
129 150
129 156
130 145
130 171
130 176
130 138
131 136
131 194
131 152
131 166
131 179
132 193
132 170
132 152
133 181
133 186
133 151
133 191
134 192
134 137
134 144
134 148
134 157
134 173
134 175
134 190
135 136
135 145
135 148
135 196
135 162
135 164
135 168
135 172
135 177
135 155
135 188
135 190
136 196
136 145
137 192
137 193
137 177
138 142
138 154
139 156
139 194
140 141
140 179
140 158
140 161
140 166
140 147
140 182
140 195
141 166
141 162
142 171
142 154
143 199
143 183
143 187
143 149
144 192
144 148
144 161
145 146
145 151
145 152
145 155
145 176
145 158
145 186
145 190
145 195
145 163
145 165
146 165
146 151
146 174
146 186
146 155
146 166
147 180
147 182
147 187
147 189
147 190
148 192
148 188
149 183
149 199
149 153
150 156
151 198
151 193
151 152
151 155
151 163
151 186
151 191
152 196
152 186
152 162
152 170
152 159
152 176
152 178
152 172
152 191
153 161
153 199
153 183
154 159
154 170
154 171
155 165
156 172
156 194
156 196
157 192
157 173
157 180
157 190
157 175
158 162
158 166
158 170
158 178
158 180
158 185
158 187
159 170
159 178
159 179
159 185
160 192
160 175
160 193
160 173
160 190
161 192
161 199
161 180
162 193
162 196
162 198
162 194
162 164
162 168
162 172
163 191
163 176
164 166
164 168
164 187
165 186
166 195
166 180
167 177
167 193
168 179
168 187
170 193
170 171
170 178
172 177
172 194
172 198
172 190
173 192
173 193
173 175
174 198
174 176
174 191
175 192
175 193
175 190
176 198
176 190
176 195
176 188
176 181
177 193
177 196
177 194
178 179
179 193
179 194
180 195
182 197
182 187
182 189
182 190
183 199
184 198
184 194
185 193
185 198
186 193
186 191
187 195
187 189
188 196
188 194
188 190
189 197
190 192
190 196
190 197
191 198
193 194
194 196
194 198
196 198
