0 170
0 45
0 78
0 112
0 177
0 178
0 21
0 121
1 194
1 4
1 9
1 144
1 81
1 23
1 152
1 28
1 163
1 156
1 108
1 109
1 110
1 111
1 48
1 50
1 117
1 183
1 185
2 132
2 6
2 136
2 9
2 139
2 140
2 13
2 142
2 21
2 27
2 156
2 157
2 164
2 37
2 166
2 41
2 44
2 45
2 51
2 54
2 55
2 184
2 187
2 192
2 67
2 72
2 78
2 81
2 88
2 89
2 90
2 94
2 100
2 114
2 117
2 121
3 5
3 9
3 140
3 13
3 21
3 24
3 29
3 33
3 35
3 37
3 172
3 45
3 47
3 48
3 178
3 51
3 180
3 60
3 189
3 192
3 67
3 197
3 78
3 104
3 106
3 109
3 110
3 113
3 117
3 120
3 123
4 5
4 129
4 8
4 14
4 144
4 18
4 151
4 24
4 154
4 28
4 161
4 156
4 48
4 56
4 185
4 189
4 64
4 194
4 67
4 79
4 91
4 98
4 104
4 106
4 110
4 113
4 115
4 117
4 119
5 192
5 69
5 75
5 15
5 144
5 81
5 20
5 26
5 95
5 34
5 163
5 36
5 105
5 170
5 43
5 109
5 51
5 116
5 53
5 54
5 119
5 124
5 126
5 127
6 193
6 107
6 68
6 130
6 138
6 12
6 77
6 14
6 143
6 195
6 85
6 89
6 28
6 30
6 31
6 198
6 39
6 188
6 106
6 44
6 46
6 125
6 132
6 120
6 122
6 60
6 61
6 62
6 191
7 67
7 36
7 37
7 72
7 172
7 170
7 139
7 140
7 13
7 35
7 55
7 100
8 163
8 102
8 106
8 143
8 60
8 144
8 184
8 156
8 23
8 24
8 123
8 188
9 172
9 13
9 14
9 16
9 146
9 148
9 150
9 175
9 29
9 31
9 32
9 33
9 38
9 167
9 43
9 159
9 45
9 174
9 47
9 176
9 178
9 52
9 57
9 59
9 61
9 193
9 66
9 67
9 196
9 69
9 71
9 72
9 73
9 76
9 78
9 82
9 142
9 87
9 88
9 90
9 92
9 199
9 194
9 166
9 105
9 109
9 110
9 180
9 116
9 117
9 121
9 127
10 128
10 130
10 133
10 13
10 14
10 141
10 195
10 21
10 22
10 150
10 184
10 30
10 159
10 161
10 37
10 44
10 173
10 46
10 175
10 50
10 158
10 56
10 58
10 191
10 67
10 72
10 79
10 81
10 86
10 90
10 174
10 119
10 149
11 164
11 132
11 113
11 188
11 106
11 104
11 83
11 134
11 24
11 89
11 123
11 60
11 157
11 31
12 132
12 143
12 83
12 152
12 89
12 157
12 164
12 134
12 102
12 104
12 106
12 108
12 109
12 111
12 113
12 114
12 183
12 188
13 139
13 140
13 18
13 148
13 150
13 154
13 29
13 197
13 161
13 37
13 167
13 170
13 44
13 173
13 50
13 172
13 185
13 59
13 65
13 67
13 69
13 72
13 76
13 79
13 81
13 105
13 109
13 116
13 119
13 127
14 133
14 139
14 15
14 144
14 18
14 148
14 150
14 151
14 132
14 154
14 156
14 28
14 163
14 167
14 40
14 41
14 44
14 173
14 48
14 49
14 56
14 186
14 64
14 65
14 66
14 67
14 68
14 69
14 198
14 199
14 72
14 76
14 79
14 184
14 82
14 84
14 89
14 91
14 92
14 95
14 98
14 106
14 107
14 146
14 114
14 115
14 116
14 117
14 119
14 120
14 127
15 66
15 71
15 20
15 150
15 27
15 69
15 148
15 167
15 105
15 171
15 52
15 117
15 54
15 116
15 95
15 127
16 67
16 199
16 79
16 131
16 92
16 158
16 161
16 43
16 172
16 50
16 73
16 58
16 59
17 129
17 165
17 103
17 111
17 114
17 179
17 118
17 190
18 133
18 137
18 139
18 141
18 147
18 20
18 150
18 25
18 158
18 161
18 35
18 156
18 172
18 173
18 174
18 57
18 58
18 63
18 64
18 67
18 196
18 199
18 72
18 74
18 79
18 82
18 84
18 185
18 92
18 95
18 144
19 160
19 130
19 195
19 133
19 70
19 138
19 84
19 174
19 30
19 162
19 46
19 51
19 191
20 198
20 161
20 75
20 76
20 154
20 25
20 26
20 79
20 93
20 95
20 160
20 33
20 34
20 91
20 38
20 40
20 82
20 176
20 54
20 185
20 146
21 78
21 109
21 195
21 142
21 150
21 26
21 30
21 166
21 45
21 46
21 177
21 117
21 54
21 191
21 124
21 138
21 62
21 63
22 133
22 70
22 77
22 79
22 141
22 84
22 150
22 151
22 33
22 42
22 173
22 46
22 119
22 186
22 74
22 62
22 191
23 194
23 87
23 31
23 97
23 98
23 99
23 102
23 145
23 44
23 110
23 111
23 48
23 184
23 190
24 193
24 130
24 140
24 144
24 184
24 29
24 163
24 37
24 102
24 106
24 44
24 46
24 120
24 87
24 123
24 60
24 61
24 62
24 191
25 33
25 82
25 133
25 70
25 77
25 174
25 147
25 86
25 185
25 74
25 95
26 192
26 160
26 70
26 75
26 78
26 109
26 81
26 88
26 90
26 96
26 33
26 166
26 42
26 45
26 142
26 47
26 112
26 178
26 51
26 53
26 54
26 184
26 124
26 126
26 181
27 192
27 67
27 72
27 195
27 148
27 154
27 30
27 167
27 105
27 43
27 136
27 51
27 116
27 94
27 169
28 108
28 163
28 144
28 145
28 83
28 152
28 132
28 184
28 156
28 97
28 35
28 37
28 39
28 104
28 106
28 103
28 44
28 99
28 113
28 140
28 115
28 180
28 89
28 183
28 56
28 122
28 189
28 63
29 197
29 72
29 75
29 144
29 81
29 139
29 161
29 163
29 106
29 113
29 115
29 120
29 117
29 126
29 63
30 130
30 135
30 137
30 140
30 142
30 173
30 158
30 162
30 37
30 169
30 45
30 46
30 47
30 189
30 178
30 181
30 58
30 59
30 138
30 191
30 195
30 199
30 73
30 86
30 88
30 89
30 90
30 96
30 174
30 114
30 121
31 132
31 143
31 83
31 157
31 99
31 164
31 134
31 102
31 41
31 106
31 111
31 113
31 117
31 123
31 189
32 113
32 83
32 117
32 87
32 61
33 84
33 133
33 74
33 109
33 93
33 141
33 81
33 117
33 42
33 95
34 151
34 95
34 160
34 51
34 186
34 126
35 142
35 144
35 163
35 170
35 44
35 53
35 55
35 184
35 185
35 58
35 79
35 92
35 119
35 126
36 192
36 72
36 170
36 139
36 51
36 53
36 54
36 187
37 192
37 72
37 126
37 78
37 173
37 67
37 139
37 150
37 100
37 195
37 156
37 106
37 109
37 47
37 113
37 178
37 51
37 54
37 187
37 138
37 62
38 67
38 69
38 72
38 139
38 76
38 144
38 146
38 154
38 91
38 80
38 163
38 105
38 176
38 117
38 127
39 97
39 98
39 132
39 134
39 41
39 145
39 114
39 118
39 164
39 122
39 156
39 125
40 128
40 135
40 136
40 137
40 141
40 147
40 150
40 155
40 161
40 198
40 167
40 43
40 174
40 49
40 50
40 182
40 59
40 138
40 62
40 191
40 65
40 67
40 196
40 69
40 70
40 79
40 82
40 84
40 86
40 89
40 95
40 101
40 115
40 116
40 119
40 148
40 127
41 198
41 132
41 134
41 113
41 108
41 83
41 85
41 89
41 98
41 165
41 103
41 44
41 48
41 104
41 114
41 179
41 183
41 184
41 125
42 84
42 101
42 81
42 137
42 141
42 49
42 153
42 95
43 66
43 198
43 199
43 72
43 139
43 148
43 149
43 94
43 69
43 155
43 167
43 105
43 136
43 51
43 52
43 116
43 127
44 139
44 144
44 132
44 134
44 171
44 172
44 180
44 54
44 184
44 59
44 192
44 66
44 199
44 73
44 79
44 89
44 98
44 99
44 102
44 113
44 117
44 119
44 120
44 124
45 138
45 77
45 78
45 88
45 90
45 160
45 166
45 142
45 109
45 46
45 47
45 177
45 180
45 121
45 62
46 130
46 195
46 77
46 141
46 82
46 121
46 90
46 93
46 101
46 47
46 178
46 138
46 119
46 120
46 104
46 123
46 74
47 126
47 130
47 140
47 77
47 78
47 142
47 90
47 160
47 172
47 177
47 178
47 117
47 121
47 62
47 191
48 64
48 194
48 65
48 144
48 81
48 83
48 152
48 99
48 163
48 104
48 114
48 110
48 111
48 113
48 50
48 115
48 119
48 185
48 186
48 189
48 126
49 64
49 65
49 130
49 196
49 70
49 137
49 77
49 82
49 84
49 150
49 151
49 153
49 96
49 161
49 162
49 198
49 173
49 50
49 181
49 119
49 56
49 186
49 138
49 62
49 191
50 194
50 67
50 198
50 65
50 72
50 139
50 79
50 131
50 150
50 95
50 163
50 161
50 199
50 173
50 59
50 63
51 192
51 160
51 69
51 70
51 135
51 75
51 151
51 181
51 171
51 105
51 170
51 52
51 162
51 54
51 184
51 186
51 127
52 192
52 171
52 149
52 119
52 186
52 151
53 66
53 170
53 171
53 172
53 75
53 180
53 55
53 100
53 187
53 197
54 149
54 71
54 140
54 144
54 81
54 150
54 151
54 159
54 69
54 171
54 173
54 119
54 184
54 121
54 186
54 95
54 126
54 127
55 170
55 75
55 172
55 180
55 100
55 187
55 63
56 65
56 198
56 151
56 163
56 156
56 173
56 119
56 186
56 63
57 196
57 133
57 79
57 147
57 117
57 137
57 153
57 185
58 195
58 79
58 150
58 151
58 92
58 173
58 115
58 180
58 158
58 185
58 59
59 65
59 67
59 199
59 92
59 172
59 117
59 73
59 184
60 132
60 143
60 83
60 152
60 89
60 164
60 134
60 102
60 104
60 108
60 109
60 183
60 120
60 188
60 189
60 126
61 193
61 132
61 134
61 104
61 106
61 189
61 83
61 157
62 198
62 132
62 77
62 142
62 141
62 84
62 121
62 90
62 157
62 164
62 106
62 120
62 104
62 123
62 70
62 189
63 64
63 65
63 67
63 197
63 72
63 73
63 139
63 79
63 156
63 92
63 161
63 100
63 185
63 126
64 198
64 199
64 144
64 151
64 163
64 110
64 115
64 185
64 186
65 67
65 198
65 72
65 73
65 139
65 92
65 158
65 161
65 115
66 192
66 171
66 69
66 184
66 95
67 136
67 139
67 140
67 150
67 151
67 161
67 169
67 172
67 173
67 185
67 186
67 146
67 197
67 75
67 79
67 94
67 187
67 100
67 109
67 117
67 119
67 126
68 132
68 114
68 164
68 122
68 157
69 192
69 171
69 198
69 76
69 146
69 105
69 176
69 116
69 117
69 127
70 128
70 192
70 130
70 133
70 135
70 74
70 77
70 82
70 84
70 93
70 191
71 175
71 117
71 159
71 173
72 136
72 139
72 140
72 144
72 150
72 151
72 154
72 161
72 163
72 168
72 169
72 170
72 173
72 176
72 172
72 155
72 184
72 180
72 186
72 197
72 76
72 80
72 185
72 117
72 119
72 127
73 131
73 199
73 138
73 79
73 195
73 92
73 161
73 119
73 185
74 128
74 77
74 141
74 82
74 84
74 86
74 151
74 133
74 96
74 181
74 119
74 191
75 100
75 187
75 197
76 168
76 127
76 136
76 146
76 182
76 169
76 154
76 91
76 94
76 95
77 128
77 132
77 133
77 140
77 141
77 78
77 82
77 83
77 84
77 88
77 90
77 93
77 101
77 166
77 113
77 104
77 106
77 178
77 120
77 121
77 138
78 138
78 140
78 142
78 109
78 81
78 195
78 90
78 112
78 177
78 178
78 121
78 124
78 126
79 131
79 172
79 153
79 156
79 161
79 173
79 180
79 184
79 185
79 196
79 198
79 141
79 82
79 84
79 92
79 95
79 101
80 198
80 168
80 138
80 176
80 91
80 182
80 154
81 194
81 140
81 173
81 150
81 151
81 95
81 197
81 104
81 124
81 109
81 189
81 113
81 83
81 120
81 186
81 123
81 106
81 126
82 130
82 133
82 150
82 93
82 95
82 198
82 173
82 117
82 119
82 186
82 191
83 193
83 172
83 143
83 156
83 188
83 152
83 89
83 104
83 109
83 113
83 114
83 180
83 184
83 87
83 191
84 128
84 135
84 141
84 150
84 133
84 96
84 162
84 101
84 173
84 174
84 147
84 181
84 185
85 107
85 165
85 103
85 157
85 179
86 196
86 135
86 147
86 150
86 151
86 96
86 117
86 186
86 181
87 193
87 132
87 134
87 104
87 111
87 120
87 164
87 123
88 195
88 166
88 142
88 178
88 117
89 198
89 132
89 129
89 138
89 194
89 143
89 156
89 157
89 188
89 164
89 134
89 113
89 110
89 118
89 183
89 184
89 189
90 195
90 130
90 173
90 151
90 109
90 112
90 177
90 117
90 119
90 121
90 186
90 138
90 191
91 144
91 163
91 148
91 154
91 155
91 168
91 169
91 176
91 116
92 131
92 161
92 199
92 172
92 117
92 185
92 158
93 130
93 185
93 191
93 95
94 169
94 136
94 139
94 154
95 198
95 160
95 171
96 162
96 195
96 135
96 174
96 181
96 124
96 138
97 145
97 164
97 132
97 134
97 156
97 157
97 111
98 99
98 107
98 111
98 144
98 114
98 184
98 103
99 113
99 106
99 111
99 108
99 156
99 183
99 184
99 122
100 172
100 140
100 180
100 187
101 128
101 133
101 198
101 151
101 150
101 119
101 186
102 106
102 183
102 184
102 111
102 108
102 188
102 120
102 152
103 129
103 132
103 165
103 107
103 157
103 114
103 179
103 164
103 122
103 156
103 125
104 193
104 138
104 143
104 151
104 152
104 186
104 163
104 111
104 113
104 114
104 126
104 189
104 183
104 191
105 192
105 146
105 148
105 167
105 169
105 176
105 116
105 117
105 127
106 130
106 197
106 140
106 143
106 144
106 132
106 164
106 108
106 109
106 157
106 126
106 183
106 120
106 123
106 188
106 191
107 132
107 165
107 179
107 164
107 125
108 194
108 143
108 156
108 152
108 109
108 110
108 113
108 114
108 189
109 194
109 173
109 150
109 152
109 110
109 140
109 172
109 180
109 117
109 183
109 121
109 126
110 194
110 156
110 111
110 114
110 117
110 152
111 113
111 129
111 145
111 194
111 152
111 189
111 190
112 177
112 178
112 121
113 130
113 138
113 156
113 152
113 195
113 114
113 183
113 184
113 163
113 140
113 188
113 126
114 129
114 195
114 138
114 152
114 183
114 122
114 189
114 190
115 197
115 198
115 150
115 151
115 156
115 158
115 119
115 186
116 198
116 167
116 176
116 148
116 117
116 127
116 169
117 140
117 146
117 147
117 148
117 153
117 197
117 167
117 171
117 174
117 176
117 178
117 172
117 180
117 137
117 184
117 194
117 196
117 142
117 159
117 121
118 129
118 165
118 125
118 190
119 130
119 172
119 139
119 144
119 150
119 133
119 161
119 158
119 186
119 191
119 192
119 199
119 141
119 184
119 163
119 126
120 132
120 140
120 143
120 164
120 188
120 126
120 184
120 123
120 191
121 195
121 138
121 177
121 178
121 191
122 129
122 134
122 164
122 132
122 157
123 130
123 163
123 188
123 126
123 191
124 160
124 178
124 126
125 129
125 164
125 132
125 165
125 157
125 190
126 140
126 189
126 151
126 197
126 160
126 172
126 178
126 186
127 192
127 171
127 198
127 139
127 148
127 167
127 176
128 198
128 173
128 150
129 179
129 190
130 198
130 195
130 133
130 141
130 164
130 134
130 173
130 157
130 178
130 150
130 138
130 191
131 144
131 195
131 161
131 151
131 172
131 173
131 138
131 199
132 193
132 184
132 145
132 156
132 188
132 152
132 157
132 164
132 143
133 135
133 137
133 141
133 173
133 153
133 150
133 174
133 147
133 191
134 193
134 143
134 145
134 156
134 157
134 164
134 184
134 191
135 160
135 162
135 195
135 174
135 181
135 198
135 191
136 198
136 169
136 138
136 139
136 154
137 196
137 198
137 185
137 153
138 140
138 150
138 153
138 155
138 162
138 158
138 182
138 168
138 189
138 191
138 181
138 195
138 196
138 198
138 199
139 197
139 172
139 140
139 169
139 155
139 184
139 180
140 192
140 156
140 187
141 198
141 151
141 173
141 185
141 186
141 191
142 166
142 172
142 180
143 152
143 157
143 188
143 183
144 151
144 154
144 161
144 156
144 176
144 180
144 184
144 185
144 186
144 197
144 163
145 164
145 156
145 157
146 167
146 176
146 155
147 195
147 196
147 198
147 153
147 162
147 174
147 181
148 198
148 167
148 169
149 192
149 173
149 150
150 151
150 158
150 161
150 174
150 184
150 185
150 191
150 198
150 186
151 192
151 184
151 158
151 163
151 172
151 180
151 189
151 186
152 194
152 156
152 157
152 188
152 164
152 183
153 196
153 185
154 155
154 168
154 163
154 182
155 168
155 182
156 163
156 164
156 183
156 185
156 189
157 164
157 165
157 179
157 188
157 191
158 195
158 199
158 172
158 185
160 192
160 178
161 194
161 197
161 198
161 163
161 199
161 173
161 185
162 195
163 197
163 176
163 172
163 185
163 189
164 191
165 179
165 190
166 195
167 198
167 169
168 182
170 192
170 172
170 177
172 185
172 187
172 199
172 178
172 180
172 184
172 186
173 192
173 184
173 174
173 185
173 191
174 195
174 198
174 185
174 181
177 178
178 195
178 191
179 190
180 186
180 187
181 195
181 192
182 198
184 192
184 186
185 194
185 199
185 196
186 192
186 189
189 193
189 195
189 191
191 198
191 195
195 199
196 198
