0 128
0 131
0 5
0 11
0 140
0 16
0 20
0 150
0 23
0 26
0 27
0 156
0 31
0 32
0 155
0 170
0 52
0 181
0 184
0 188
0 190
0 66
0 195
0 199
0 73
0 74
0 75
0 80
0 86
0 92
0 144
0 109
0 113
0 114
0 116
0 121
0 123
1 130
1 131
1 4
1 5
1 198
1 7
1 108
1 75
1 140
1 194
1 14
1 143
1 159
1 88
1 196
1 26
1 154
1 95
1 166
1 41
1 199
1 44
1 110
1 178
1 52
1 117
1 56
1 123
1 62
2 192
2 198
2 66
2 67
2 68
2 6
2 140
2 10
2 139
2 13
2 14
2 115
2 146
2 148
2 22
2 87
2 152
2 25
2 27
2 159
2 97
2 163
2 100
2 70
2 39
2 169
2 106
2 172
2 109
2 174
2 112
2 51
2 120
2 121
2 58
2 191
2 125
2 62
2 63
3 128
3 195
3 197
3 8
3 11
3 147
3 26
3 154
3 41
3 44
3 46
3 177
3 83
3 190
4 194
4 195
4 193
4 160
4 141
4 80
4 184
4 19
4 149
4 151
4 25
4 155
4 28
4 29
4 30
4 96
4 37
4 157
4 190
4 120
4 57
4 126
5 130
5 67
5 196
5 155
5 65
5 73
5 138
5 13
5 143
5 184
5 163
5 148
5 22
5 26
5 27
5 32
5 33
5 91
5 166
5 7
5 109
5 176
5 178
5 52
5 181
5 56
5 58
5 123
5 195
6 192
6 76
6 146
6 21
6 185
6 26
6 27
6 155
6 42
6 109
6 174
6 137
6 121
6 191
6 85
7 131
7 134
7 14
7 23
7 26
7 28
7 157
7 159
7 32
7 34
7 166
7 170
7 175
7 176
7 52
7 181
7 56
7 58
7 188
7 64
7 193
7 194
7 198
7 199
7 74
7 75
7 86
7 88
7 91
7 92
7 108
7 116
7 117
7 123
8 17
8 142
8 177
8 24
8 105
8 46
9 129
9 132
9 136
9 137
9 10
9 77
9 145
9 152
9 94
9 100
9 38
9 171
9 172
9 112
9 49
9 115
9 53
9 124
9 61
9 62
10 13
10 14
10 16
10 148
10 156
10 159
10 163
10 198
10 169
10 176
10 51
10 52
10 53
10 137
10 31
10 61
10 62
10 63
10 65
10 66
10 67
10 181
10 72
10 76
10 78
10 80
10 94
10 187
10 194
10 112
10 115
10 121
10 122
10 123
11 128
11 194
11 150
11 14
11 15
11 80
11 83
11 84
11 86
11 25
11 154
11 197
11 161
11 98
11 36
11 101
11 165
11 103
11 104
11 41
11 43
11 147
11 183
11 186
11 126
12 65
12 67
12 68
12 129
12 138
12 76
12 77
12 78
12 79
12 16
12 163
12 21
12 22
12 87
12 152
12 132
12 27
12 162
12 38
12 39
12 42
12 171
12 172
12 109
12 189
12 53
12 185
12 124
12 106
12 85
13 67
13 108
13 148
13 76
13 140
13 163
13 20
13 117
13 22
13 88
13 52
13 123
13 181
14 128
14 130
14 143
14 147
14 20
14 150
14 151
14 25
14 28
14 29
14 166
14 40
14 41
14 170
14 157
14 176
14 178
14 52
14 181
14 56
14 57
14 58
14 193
14 194
14 196
14 76
14 81
14 88
14 95
14 96
14 110
14 117
14 123
14 126
15 128
15 165
15 167
15 44
15 82
15 46
15 111
15 18
15 83
15 154
15 197
16 135
16 137
16 146
16 195
16 21
16 22
16 26
16 155
16 31
16 162
16 163
16 42
16 171
16 47
16 179
16 53
16 184
16 190
16 63
16 66
16 67
16 72
16 73
16 77
16 78
16 79
16 87
16 106
16 108
16 109
16 112
16 118
16 121
17 161
17 98
17 197
17 199
17 41
17 173
17 111
17 182
17 23
17 89
17 186
17 59
18 128
18 199
18 73
18 74
18 147
18 86
18 23
18 143
18 92
18 26
18 165
18 155
18 101
18 167
18 104
18 177
18 113
18 114
18 58
18 188
19 64
19 193
19 71
19 140
19 141
19 151
19 25
19 28
19 29
19 30
19 96
19 34
19 37
19 102
19 40
19 157
19 168
19 55
19 120
19 57
19 58
19 126
20 160
20 194
20 67
20 69
20 198
20 193
20 140
20 80
20 148
20 149
20 22
20 23
20 25
20 26
20 28
20 157
20 159
20 96
20 163
20 164
20 166
20 40
20 199
20 50
20 120
21 192
21 146
21 68
21 97
21 100
21 70
21 172
21 174
21 112
21 115
21 185
21 124
21 62
22 65
22 97
22 140
22 138
22 75
22 78
22 25
22 27
22 94
22 95
22 32
22 80
22 35
22 38
22 129
22 112
22 170
22 172
22 109
22 48
22 91
22 115
22 52
22 53
22 120
22 148
22 123
23 143
23 164
23 86
23 153
23 26
23 155
23 90
23 199
23 160
23 33
23 99
23 101
23 103
23 41
23 107
23 154
23 177
23 50
23 180
23 56
23 84
23 58
23 59
23 127
24 142
25 128
25 64
25 67
25 69
25 198
25 193
25 76
25 194
25 80
25 149
25 151
25 28
25 157
25 34
25 163
25 37
25 40
25 175
25 112
25 147
25 120
25 57
25 58
26 130
26 184
26 137
26 138
26 151
26 143
26 131
26 154
26 27
26 33
26 191
26 155
26 164
26 166
26 42
26 176
26 50
26 52
26 53
26 56
26 181
26 65
26 72
26 73
26 74
26 78
26 79
26 81
26 85
26 86
26 88
26 92
26 107
26 108
26 146
26 113
26 116
26 117
26 120
26 123
27 129
27 137
27 130
27 146
27 196
27 155
27 32
27 35
27 38
27 170
27 172
27 174
27 178
27 53
27 62
27 191
27 192
27 65
27 195
27 68
27 72
27 73
27 78
27 190
27 95
27 97
27 100
27 108
27 110
27 117
28 193
28 69
28 198
28 56
28 149
28 150
28 157
28 30
28 159
28 33
28 166
28 107
28 126
29 64
29 194
29 198
29 71
29 140
29 80
29 159
29 96
29 34
29 37
29 102
29 168
29 55
29 126
30 96
30 193
30 34
30 102
30 40
30 151
30 141
30 168
30 149
30 55
30 57
30 69
31 112
31 137
31 76
31 45
31 121
31 156
32 137
32 190
32 144
32 148
32 33
32 163
32 166
32 42
32 135
32 47
32 176
32 178
32 179
32 181
32 184
32 58
32 188
32 62
32 194
32 198
32 73
32 74
32 79
32 85
32 86
32 91
32 92
32 108
32 110
32 113
32 114
32 117
32 118
32 123
32 170
33 160
33 130
33 131
33 134
33 71
33 75
33 175
33 81
33 193
33 149
33 88
33 91
33 154
33 199
33 69
33 34
33 164
33 40
33 170
33 107
33 44
33 157
33 168
33 55
33 56
33 57
33 119
33 151
33 126
34 69
34 141
34 56
34 150
34 151
34 96
34 164
34 37
34 102
34 40
34 107
34 50
34 119
34 120
34 126
34 166
35 172
35 67
35 54
35 39
35 169
35 106
35 139
35 109
35 48
35 51
35 87
35 163
35 125
35 63
36 128
36 98
36 147
36 197
36 103
36 46
36 83
36 180
36 89
36 186
36 59
36 183
36 199
37 64
37 160
37 69
37 134
37 71
37 119
37 141
37 80
37 150
37 151
37 96
37 164
37 40
37 107
37 175
37 168
37 50
37 120
37 126
38 129
38 68
38 70
38 136
38 97
38 162
38 172
38 76
38 122
38 187
38 189
39 48
39 76
39 66
39 112
39 169
39 121
39 63
39 125
40 193
40 194
40 69
40 198
40 140
40 149
40 159
40 164
40 50
40 120
40 58
41 128
41 194
41 150
41 198
41 199
41 143
41 82
41 83
41 84
41 86
41 90
41 155
41 159
41 98
41 105
41 197
41 44
41 173
41 46
41 111
41 177
41 147
41 183
41 57
41 151
41 126
42 192
42 65
42 195
42 73
42 138
42 78
42 79
42 146
42 88
42 97
42 100
42 170
42 174
42 76
42 53
42 118
42 184
42 62
42 117
43 128
43 165
43 104
43 44
43 46
43 147
43 90
43 111
43 93
44 128
44 84
44 153
44 90
44 143
44 93
44 158
44 165
44 99
44 164
44 101
44 104
44 107
44 177
44 50
44 119
45 66
45 67
45 133
45 139
45 51
45 54
45 87
45 121
45 163
45 156
45 63
46 197
46 199
46 83
46 167
46 165
46 103
46 104
46 173
46 111
46 177
46 180
46 105
47 65
47 67
47 68
47 135
47 138
47 78
47 81
47 131
47 85
47 88
47 152
47 108
47 112
47 179
47 52
47 53
47 118
48 133
48 67
48 169
48 106
48 54
48 87
48 163
48 125
48 63
49 65
49 68
49 138
49 76
49 132
49 124
49 94
49 53
50 64
50 195
50 134
50 71
50 74
50 75
50 101
50 86
50 153
50 175
50 90
50 199
50 95
50 160
50 107
50 93
50 119
50 184
50 190
51 132
51 133
51 70
51 139
51 76
51 66
51 87
51 152
51 68
51 112
51 115
51 121
51 63
52 130
52 131
52 135
52 143
52 144
52 148
52 166
52 170
52 176
52 179
52 181
52 58
52 188
52 62
52 194
52 198
52 75
52 91
52 107
52 108
52 112
52 114
52 118
53 65
53 195
53 68
53 70
53 77
53 78
53 79
53 152
53 163
53 85
53 137
53 132
53 97
53 155
53 100
53 135
53 172
53 109
53 112
53 189
53 179
53 190
53 118
53 73
53 184
53 124
53 138
53 62
54 66
55 64
55 168
55 96
55 141
55 80
55 56
56 130
56 131
56 198
56 71
56 194
56 81
56 149
56 86
56 155
56 157
56 159
56 166
56 168
56 193
56 110
56 178
56 58
57 128
57 194
57 73
57 141
57 80
57 151
57 155
57 159
57 147
57 120
57 58
58 96
58 131
58 198
58 151
58 76
58 80
58 81
58 86
58 88
58 154
58 159
58 69
58 166
58 102
58 170
58 199
58 108
58 113
58 117
58 123
58 120
58 181
59 180
59 105
59 89
59 103
59 60
59 199
60 180
60 105
60 103
60 199
61 67
61 68
61 136
61 112
61 145
61 115
61 152
61 187
61 189
62 139
62 143
62 144
62 146
62 162
62 191
62 176
62 181
62 185
62 188
62 138
62 192
62 66
62 72
62 74
62 79
62 85
62 86
62 92
62 94
62 63
62 109
62 112
62 113
62 114
62 115
62 116
62 123
62 170
63 133
63 137
63 139
63 76
63 66
63 87
63 169
63 106
63 115
63 125
64 96
64 107
64 102
64 168
64 120
64 134
64 166
65 67
65 68
65 135
65 72
65 78
65 179
65 146
65 132
65 163
65 70
65 172
65 109
65 115
65 118
65 123
65 138
66 133
66 72
66 137
66 139
66 76
66 146
66 87
66 106
66 174
66 112
66 115
66 121
66 191
67 131
67 97
67 136
67 140
67 78
67 109
67 81
67 163
67 133
67 80
67 100
67 145
67 135
67 172
67 138
67 179
67 118
67 122
67 187
68 171
68 132
68 70
68 129
68 136
68 76
68 138
68 78
68 189
68 145
68 152
68 162
68 135
68 172
68 118
68 185
68 122
68 124
69 193
69 140
69 141
69 80
69 149
69 157
69 160
69 164
69 107
69 120
70 179
70 136
70 138
70 139
70 77
70 78
70 145
70 152
70 97
70 100
70 171
70 172
70 76
70 118
70 185
70 122
71 164
71 102
71 96
71 107
71 175
71 134
72 73
72 78
72 79
72 146
72 85
72 155
72 109
72 112
72 118
72 137
72 184
72 121
72 138
73 151
73 154
73 155
73 146
73 174
73 188
73 191
73 195
73 74
73 85
73 86
73 91
73 144
73 107
73 108
73 109
73 114
73 116
73 118
73 123
73 170
74 195
74 75
74 190
74 88
74 155
74 95
74 164
74 166
74 170
74 107
74 176
74 113
74 115
74 181
74 123
75 130
75 131
75 143
75 78
75 92
75 95
75 160
75 166
75 107
75 178
75 110
75 119
75 116
75 123
76 192
76 139
76 79
76 80
76 146
76 85
76 87
76 169
76 172
76 174
76 125
76 112
76 120
76 121
76 191
76 124
76 106
77 172
77 97
77 162
77 171
77 115
77 152
78 135
78 137
78 79
78 152
78 85
78 88
78 163
78 172
78 112
78 118
78 138
79 179
79 135
79 137
79 146
79 85
79 88
79 174
79 115
79 118
79 170
79 191
80 194
80 134
80 140
80 151
80 159
80 96
80 163
80 102
80 168
80 175
80 112
80 128
80 120
81 135
81 131
81 86
81 91
81 95
81 163
81 176
81 179
81 181
81 118
81 123
82 165
82 167
82 104
82 105
82 154
83 128
83 161
83 103
83 147
83 177
83 197
84 128
84 99
84 101
84 199
84 147
84 153
84 90
84 93
84 158
85 172
85 179
85 135
85 174
85 155
85 170
85 108
85 115
85 137
85 191
86 128
86 131
86 190
86 147
86 88
86 160
86 155
86 92
86 154
86 166
86 170
86 199
86 176
86 113
86 181
86 119
86 123
86 195
87 172
87 133
87 137
87 121
87 156
88 144
88 148
88 143
88 155
88 166
88 135
88 108
88 114
88 179
88 117
88 118
88 137
88 116
88 123
88 188
89 128
89 147
89 180
89 103
89 105
90 160
90 99
90 164
90 199
90 107
90 153
90 154
90 119
90 93
90 127
91 130
91 131
91 143
91 195
91 155
91 166
91 170
91 109
91 176
91 181
91 184
91 190
92 166
92 170
92 113
92 154
92 95
93 128
93 160
93 99
93 147
93 101
93 199
93 164
93 107
93 153
93 119
93 158
93 127
94 97
94 100
94 145
94 136
94 112
94 115
94 152
94 132
94 187
94 124
95 130
95 131
95 196
95 143
95 144
95 164
95 178
95 109
95 110
95 113
95 114
95 118
96 198
96 194
96 134
96 140
96 141
96 150
96 151
96 159
96 102
96 168
96 175
96 126
97 129
97 152
97 162
97 163
97 100
97 171
97 109
97 185
97 189
98 128
98 104
98 147
98 182
99 199
99 158
100 152
101 128
101 164
101 199
101 147
101 153
101 127
102 134
102 141
102 126
102 150
103 128
103 161
103 197
103 180
103 147
103 182
103 186
103 183
104 128
104 161
104 147
104 197
104 167
104 111
104 173
104 182
104 183
104 186
105 167
105 180
106 137
106 172
107 193
107 134
107 175
107 149
107 155
107 160
107 114
107 157
107 176
107 116
107 123
107 188
108 194
108 155
108 170
108 135
108 109
108 176
108 117
108 118
108 137
108 184
108 123
108 190
109 196
109 129
109 138
109 130
109 146
109 172
109 170
109 110
109 178
109 115
109 192
109 189
109 117
110 130
110 131
110 196
110 148
110 155
110 123
110 170
111 165
111 154
111 173
112 179
112 136
112 139
112 146
112 156
112 174
112 176
112 137
112 185
112 187
112 138
112 181
112 191
112 115
112 118
112 120
112 122
112 123
112 125
113 154
113 115
113 170
113 123
114 195
114 190
114 154
114 155
114 176
114 181
114 184
114 116
114 123
114 188
115 136
115 162
115 187
115 171
115 138
115 137
116 144
116 155
116 154
116 160
116 166
116 170
116 119
116 123
117 194
117 143
117 148
117 159
117 166
117 135
117 179
117 118
117 170
118 138
118 131
118 152
118 155
118 181
118 176
118 163
118 195
118 179
118 137
118 184
118 123
118 170
119 140
119 144
119 149
119 160
119 157
119 188
119 126
120 193
120 134
120 140
120 149
120 151
120 157
120 150
120 175
120 126
121 133
121 169
121 139
121 125
122 136
122 145
122 163
122 187
123 130
123 131
123 137
123 144
123 166
123 170
123 178
123 181
123 184
123 188
123 195
123 196
123 190
124 132
124 139
124 172
124 185
125 172
125 169
126 128
126 194
126 193
126 150
126 160
126 159
126 157
126 147
127 128
127 153
128 150
128 198
128 197
128 154
128 159
128 161
128 177
128 147
128 183
128 151
129 136
129 172
129 145
129 189
130 131
130 196
130 198
130 143
130 159
130 181
131 143
131 163
131 135
131 176
131 178
131 179
132 172
132 139
132 185
133 163
133 139
134 164
134 175
135 181
135 137
135 138
135 163
135 179
136 163
136 187
137 192
137 156
137 162
137 170
137 174
137 185
137 191
138 179
138 152
139 172
139 152
140 198
140 199
140 160
140 149
140 159
140 163
140 164
140 166
140 148
141 193
141 168
141 151
141 149
141 157
143 198
143 199
143 154
143 166
143 176
143 159
143 181
144 160
144 154
144 155
144 166
144 176
144 188
145 189
145 163
145 152
145 187
146 195
146 155
146 174
146 190
146 191
147 194
147 150
147 198
147 197
147 154
147 159
147 161
147 177
147 183
147 186
148 196
148 163
148 170
148 176
148 178
148 181
149 193
149 150
149 151
149 157
149 160
149 166
150 198
150 193
150 160
150 157
150 159
151 184
152 162
152 171
152 172
152 185
153 199
154 194
154 198
154 199
154 155
154 165
154 167
154 177
154 188
155 160
155 174
155 177
155 178
155 188
155 190
155 191
155 195
155 196
157 193
157 194
157 198
157 159
157 166
159 170
159 176
159 181
159 194
160 199
160 164
161 182
161 183
161 186
162 172
162 171
163 172
163 179
163 187
165 197
165 173
166 193
166 170
166 176
166 188
170 176
170 178
170 181
170 184
170 188
170 190
170 195
170 196
170 198
171 172
172 185
174 192
174 195
174 184
174 185
174 190
174 191
176 194
176 178
176 188
177 197
177 199
177 184
178 194
180 199
181 198
181 194
183 186
184 195
184 190
184 191
185 192
185 191
190 195
190 191
191 192
191 195
193 194
194 198
