0 35
0 10
0 77
0 142
0 175
0 113
0 99
0 52
0 54
0 90
0 157
1 129
1 130
1 131
1 4
1 11
1 13
1 178
1 150
1 25
1 26
1 29
1 160
1 161
1 162
1 36
1 198
1 166
1 167
1 169
1 43
1 173
1 176
1 177
1 50
1 51
1 56
1 60
1 164
1 196
1 70
1 71
1 74
1 184
1 89
1 91
1 92
1 102
1 103
1 188
1 109
1 118
1 119
1 120
2 130
2 131
2 5
2 71
2 11
2 143
2 109
2 144
2 145
2 19
2 85
2 87
2 197
2 89
2 90
2 27
2 28
2 157
2 158
2 133
2 34
2 36
2 166
2 102
2 167
2 92
2 135
2 45
2 50
2 119
2 185
2 106
2 191
3 192
3 83
3 197
3 168
3 123
3 28
3 157
3 62
3 191
4 67
4 179
4 65
4 137
4 75
4 78
4 109
4 81
4 19
4 85
4 88
4 25
4 91
4 94
4 96
4 34
4 166
4 102
4 145
4 42
4 45
4 110
4 51
4 53
4 170
4 185
4 59
4 60
4 106
4 126
4 63
5 67
5 36
5 133
5 6
5 71
5 11
5 12
5 45
5 50
5 19
5 131
5 119
5 92
5 94
5 130
6 131
6 130
6 7
6 74
6 11
6 13
6 78
6 16
6 87
6 89
6 90
6 92
6 29
6 95
6 133
6 36
6 166
6 167
6 106
6 45
6 110
6 179
6 116
6 56
6 170
6 126
7 130
7 133
7 135
7 10
7 11
7 140
7 13
7 14
7 20
7 157
7 158
7 32
7 33
7 34
7 37
7 38
7 168
7 169
7 174
7 49
7 58
7 60
7 62
7 191
7 64
7 71
7 78
7 190
7 82
7 90
7 110
7 117
7 119
7 126
7 127
8 34
8 163
8 72
8 141
8 49
8 18
8 154
9 97
9 114
9 146
9 155
9 93
9 159
10 132
10 69
10 73
10 77
10 142
10 17
10 23
10 153
10 175
10 30
10 32
10 199
10 111
10 48
10 54
10 126
10 191
11 131
11 136
11 139
11 12
11 130
11 19
11 150
11 25
11 133
11 161
11 162
11 164
11 198
11 166
11 169
11 42
11 173
11 176
11 50
11 56
11 61
11 67
11 196
11 70
11 71
11 74
11 13
11 81
11 87
11 92
11 94
11 95
11 102
11 178
11 106
11 107
11 109
11 40
11 117
11 118
11 119
12 67
12 167
12 40
12 81
12 116
12 117
12 89
12 25
12 60
12 29
12 94
13 130
13 131
13 133
13 137
13 16
13 19
13 25
13 28
13 29
13 36
13 40
13 169
13 171
13 45
13 49
13 63
13 66
13 67
13 71
13 75
13 88
13 89
13 90
13 92
13 102
13 106
13 110
13 116
13 117
13 119
13 120
13 191
13 126
14 97
14 34
14 163
14 68
14 104
14 194
14 108
14 141
14 47
14 16
14 49
14 18
14 115
14 180
14 24
14 90
14 125
15 65
15 68
15 16
15 145
15 86
15 24
15 26
15 27
15 97
15 34
15 100
15 104
15 43
15 108
15 47
15 112
15 49
15 114
15 115
15 180
15 55
15 125
16 128
16 130
16 131
16 133
16 138
16 17
16 20
16 21
16 152
16 25
16 156
16 31
16 32
16 33
16 34
16 39
16 40
16 169
16 174
16 54
16 183
16 58
16 188
16 189
16 195
16 71
16 72
16 81
16 82
16 92
16 98
16 100
16 103
16 117
16 119
16 120
17 132
17 134
17 199
17 142
17 82
17 99
17 21
17 152
17 30
17 31
17 32
17 34
17 35
17 48
17 49
17 54
17 58
18 141
18 146
18 84
18 86
18 28
18 93
18 163
18 104
18 72
18 114
18 57
18 126
18 191
19 75
19 137
19 81
19 131
19 169
19 91
19 28
19 157
19 158
19 197
19 96
19 188
19 36
19 40
19 92
19 45
19 51
19 53
19 119
19 59
19 60
19 191
20 69
20 140
20 149
20 23
20 153
20 90
20 157
20 197
20 32
20 33
20 38
20 135
20 108
20 174
20 49
20 190
20 191
21 32
21 34
21 49
21 39
21 73
21 199
21 77
21 156
21 52
21 54
21 111
21 189
22 130
22 70
22 74
22 87
22 26
22 40
22 107
22 56
22 59
22 151
23 128
23 132
23 69
23 38
23 39
23 73
23 199
23 140
23 77
23 111
23 113
23 153
23 190
24 97
24 100
24 146
24 84
24 180
24 26
25 66
25 67
25 137
25 109
25 81
25 75
25 87
25 91
25 29
25 94
25 96
25 166
25 102
25 40
25 169
25 106
25 171
25 45
25 116
25 53
25 59
25 60
25 117
26 198
26 194
26 70
26 161
26 136
26 139
26 162
26 86
26 151
26 125
26 150
26 97
26 34
26 100
26 166
26 102
26 177
26 104
26 106
26 107
26 108
26 109
26 46
26 47
26 49
26 114
26 115
26 180
26 118
26 55
26 184
26 187
26 61
27 65
27 164
27 196
27 70
27 129
27 136
27 74
27 151
27 144
27 145
27 85
27 87
27 89
27 143
27 29
27 95
27 100
27 101
27 167
27 42
27 43
27 173
27 46
27 177
27 116
27 53
27 55
27 185
27 60
27 61
28 149
28 137
28 142
28 141
28 29
28 30
28 163
28 37
28 40
28 170
28 45
28 157
28 51
28 58
28 59
28 138
28 190
28 192
28 197
28 75
28 78
28 83
28 88
28 90
28 95
28 96
28 110
28 113
28 191
28 127
29 130
29 107
29 150
29 65
29 136
29 135
29 158
29 81
29 131
29 87
29 94
29 197
29 164
29 102
29 40
29 169
29 106
29 71
29 191
29 116
29 117
29 184
29 187
29 151
29 61
29 166
30 128
30 195
30 98
30 135
30 77
30 142
30 79
30 90
30 157
30 158
30 197
30 35
30 49
30 108
30 47
30 113
30 52
30 126
30 191
31 34
31 134
31 138
31 54
31 183
31 152
31 157
32 195
32 69
32 98
32 142
32 79
32 90
32 175
32 156
32 34
32 99
32 39
32 108
32 47
32 49
32 54
32 189
32 126
33 64
33 34
33 37
33 108
33 174
33 49
33 186
33 126
33 69
34 128
34 133
34 134
34 138
34 148
34 152
34 156
34 39
34 41
34 43
34 45
34 174
34 47
34 49
34 52
34 53
34 54
34 55
34 59
34 60
34 189
34 195
34 182
34 130
34 71
34 72
34 183
34 77
34 79
34 80
34 82
34 142
34 169
34 90
34 93
34 95
34 98
34 100
34 113
34 117
34 119
34 126
35 98
35 99
35 175
35 195
35 126
35 54
35 90
36 131
36 71
36 160
36 92
36 130
36 133
36 70
36 166
36 103
36 169
36 108
36 45
36 47
36 49
36 120
36 188
36 61
37 64
37 128
37 132
37 197
37 73
37 140
37 77
37 79
37 90
37 157
37 98
37 38
37 39
37 199
37 174
37 111
37 48
37 113
37 52
37 190
37 54
37 121
37 186
37 126
37 191
38 69
38 73
38 140
38 149
38 153
38 90
38 157
38 158
38 197
38 135
38 108
38 47
38 49
38 58
38 126
38 191
39 64
39 128
39 195
39 79
39 153
39 156
39 186
39 99
39 47
39 52
39 54
39 121
39 58
39 189
40 135
40 136
40 56
40 158
40 161
40 162
40 169
40 157
40 176
40 49
40 178
40 53
40 184
40 187
40 151
40 191
40 67
40 196
40 197
40 70
40 74
40 81
40 139
40 87
40 90
40 91
40 94
40 59
40 108
40 117
41 72
41 146
41 84
41 193
41 148
41 124
41 93
42 65
42 179
42 137
42 75
42 78
42 144
42 145
42 85
42 88
42 96
42 101
42 170
42 110
42 51
42 53
42 185
42 63
43 100
43 166
43 102
43 106
43 109
43 46
43 49
43 147
43 55
44 194
44 76
44 147
44 84
44 155
44 97
44 163
44 165
44 104
44 112
44 114
44 115
44 181
44 55
45 160
45 75
45 81
45 88
45 91
45 95
45 96
45 133
45 92
45 127
45 191
45 110
45 50
45 51
45 53
45 169
45 120
45 197
45 59
45 63
46 107
46 164
46 97
46 108
46 47
46 49
46 139
46 55
46 61
47 64
47 160
47 69
47 142
47 79
47 90
47 105
47 103
47 108
47 49
47 121
47 58
47 149
48 64
48 128
48 132
48 113
48 199
48 111
48 52
48 153
49 140
49 142
49 149
49 154
49 156
49 172
49 174
49 182
49 55
49 189
49 190
49 69
49 72
49 77
49 80
49 90
49 54
49 92
49 100
49 108
49 113
49 117
49 122
49 126
50 131
50 71
50 109
50 143
50 145
50 85
50 87
50 101
50 102
50 119
50 185
50 65
51 197
51 75
51 78
51 109
51 144
51 81
51 88
51 91
51 157
51 96
51 191
51 166
51 102
51 169
51 127
51 110
51 179
51 59
51 60
51 106
51 63
52 64
52 98
52 134
52 135
52 73
52 128
52 77
52 142
52 79
52 175
52 157
52 105
52 199
52 111
52 113
52 54
52 121
52 186
52 189
53 67
53 109
53 144
53 81
53 90
53 94
53 102
53 110
53 179
53 117
53 127
53 60
53 63
54 128
54 134
54 113
54 77
54 142
54 79
54 82
54 99
54 152
54 156
54 186
54 105
54 183
54 121
54 58
55 155
55 100
55 166
55 102
55 106
55 109
55 147
56 198
56 131
56 196
56 133
56 70
56 71
56 136
56 129
56 74
56 78
56 139
56 87
56 88
56 161
56 162
56 100
56 102
56 106
56 127
56 109
56 179
56 116
56 117
56 59
56 166
56 61
56 63
57 193
57 68
57 76
57 146
57 84
57 159
57 97
57 165
57 181
57 148
57 124
58 64
58 195
58 197
58 140
58 79
58 157
58 158
58 135
58 108
58 174
58 190
58 126
58 191
59 66
59 197
59 65
59 136
59 74
59 75
59 109
59 81
59 151
59 90
59 91
59 157
59 96
59 166
59 102
59 169
59 106
59 171
59 117
59 61
59 191
60 67
60 81
60 88
60 90
60 94
60 96
60 91
60 102
60 106
60 109
60 110
60 117
60 63
61 129
61 71
61 74
61 87
61 92
61 160
61 100
61 103
61 188
61 167
61 173
61 176
61 178
61 116
61 89
61 119
61 151
62 126
63 65
63 130
63 197
63 129
63 74
63 75
63 143
63 144
63 131
63 90
63 91
63 157
63 158
63 101
63 96
63 164
63 169
63 135
63 110
63 177
63 119
63 185
63 191
64 128
64 132
64 73
64 140
64 79
64 199
64 90
64 186
64 158
64 105
64 135
64 108
64 174
64 113
64 190
64 121
64 126
65 143
65 78
65 144
65 145
65 85
65 87
65 88
65 91
65 95
65 101
65 102
65 167
65 127
65 109
65 110
65 179
65 116
65 185
66 91
66 135
66 169
66 75
66 144
66 171
66 137
66 158
67 117
67 167
67 169
67 81
67 87
67 95
68 146
69 140
69 174
69 149
69 153
69 157
69 190
69 191
70 139
70 150
70 198
70 136
70 78
70 81
70 89
70 100
70 92
70 167
70 160
70 91
70 166
70 103
70 188
70 106
70 107
70 177
70 117
70 151
70 170
70 120
70 127
71 131
71 178
71 74
71 130
71 87
71 88
71 89
71 90
71 92
71 95
71 133
71 167
71 169
71 106
71 173
71 116
71 119
71 126
71 127
72 80
72 182
72 154
72 122
72 93
73 128
73 105
73 140
73 77
73 186
73 156
73 189
73 190
74 133
74 136
74 173
74 87
74 88
74 91
74 102
74 167
74 109
74 176
74 178
74 117
75 179
75 135
75 137
75 78
75 81
75 88
75 91
75 157
75 197
75 96
75 191
75 171
75 110
75 169
75 170
75 127
76 97
76 194
76 163
76 147
76 165
76 141
76 115
76 181
76 86
76 155
76 93
77 128
77 132
77 199
77 79
77 152
77 153
77 175
77 156
77 105
77 111
77 183
77 121
77 186
77 189
78 131
78 133
78 139
78 88
78 179
78 197
78 96
78 161
78 162
78 110
78 119
78 191
78 170
78 127
79 128
79 195
79 98
79 142
79 82
79 186
79 157
79 197
79 105
79 108
79 113
79 158
79 121
79 189
79 191
80 163
80 182
80 172
80 154
80 141
81 109
81 87
81 90
81 91
81 94
81 96
81 102
81 167
81 116
81 89
82 128
82 195
82 134
82 98
83 192
83 197
83 135
83 123
83 157
83 158
83 191
84 97
84 163
84 146
84 193
84 141
84 125
84 147
84 148
84 86
84 155
84 124
84 93
85 101
85 91
85 143
85 144
85 145
85 95
86 97
86 163
86 165
86 141
86 181
87 133
87 131
87 135
87 89
87 158
87 95
87 102
87 169
87 106
87 157
87 116
87 117
87 119
87 130
88 131
88 179
88 143
88 144
88 145
88 173
88 196
88 197
88 96
88 101
88 169
88 110
88 176
88 185
88 191
88 127
89 196
89 107
89 164
89 94
89 130
89 131
89 102
89 167
89 116
89 118
89 119
90 131
90 133
90 140
90 130
90 175
90 157
90 135
90 174
90 186
90 142
90 91
90 95
90 99
90 158
90 105
90 108
90 119
90 121
90 191
90 126
91 135
91 136
91 137
91 139
91 150
91 151
91 157
91 158
91 161
91 169
91 171
91 177
91 184
91 185
91 96
91 187
91 101
91 102
91 106
91 107
91 109
91 110
91 117
92 198
92 131
92 139
92 133
92 161
92 103
92 169
92 108
92 118
93 193
93 163
93 165
93 148
93 146
93 141
93 124
93 159
94 167
94 116
95 130
95 133
95 145
95 131
95 157
95 102
95 119
95 185
95 126
96 144
96 110
96 169
96 170
96 127
97 194
97 141
97 146
97 147
97 159
97 100
97 165
97 104
97 112
97 114
97 115
97 181
97 125
98 128
98 195
98 142
98 99
98 156
98 186
98 108
98 189
99 175
99 195
99 126
100 194
100 107
100 139
100 184
100 150
100 161
100 164
100 198
100 166
100 177
100 115
100 180
100 187
100 125
101 143
101 144
101 145
101 185
102 167
102 169
102 109
102 116
103 160
103 169
103 108
103 120
103 188
104 163
104 146
104 114
104 112
104 141
104 147
104 155
105 128
105 195
105 108
105 174
105 113
105 121
106 107
106 133
106 196
106 164
106 166
106 129
106 169
106 173
106 176
106 178
106 116
107 150
107 136
107 151
107 161
107 198
107 166
107 167
107 110
107 116
107 117
107 118
107 184
107 187
108 195
108 140
108 142
108 186
108 174
108 117
108 120
108 121
108 188
108 190
108 126
108 149
109 196
109 167
109 129
109 178
109 176
109 116
110 135
110 139
110 133
110 198
110 144
110 150
110 179
110 157
110 197
110 161
110 162
110 187
110 164
110 169
110 177
110 118
110 191
110 127
110 170
110 126
111 113
111 199
111 140
111 156
112 165
112 146
112 114
112 147
112 181
112 155
113 132
113 197
113 134
113 135
113 128
113 153
113 157
113 199
113 158
113 121
113 186
114 163
114 146
114 141
114 147
114 155
114 159
115 194
115 165
115 146
115 147
115 125
116 133
116 136
116 162
116 166
116 167
116 169
116 177
116 118
117 129
117 135
117 150
117 151
117 158
117 164
117 198
117 167
117 157
117 177
117 187
117 196
117 162
117 126
118 139
118 161
118 198
118 166
118 177
119 131
119 196
119 133
119 178
119 129
119 169
119 170
119 173
119 176
119 179
119 127
120 188
121 128
121 195
121 135
121 140
121 174
121 186
121 190
122 163
122 154
122 141
123 192
124 193
124 146
125 194
125 181
126 130
126 133
126 135
126 140
126 142
126 190
126 174
126 157
126 158
126 168
126 169
126 175
126 163
127 179
127 197
127 164
127 170
127 177
127 191
128 195
128 132
128 197
128 135
128 156
128 157
128 158
128 186
128 189
128 191
129 130
129 131
129 196
129 173
129 166
129 167
130 131
130 136
130 133
130 169
130 173
130 176
130 151
131 178
131 196
131 133
131 167
131 169
131 173
132 153
133 166
133 167
133 169
133 179
134 138
134 135
134 183
134 152
134 158
135 138
135 141
135 152
135 175
135 156
135 171
135 157
135 158
135 189
135 149
136 139
136 161
136 164
136 177
136 187
137 171
137 197
137 144
137 157
137 158
137 191
138 197
138 183
138 152
138 191
138 157
138 158
139 151
139 161
139 162
139 198
139 170
140 149
140 153
140 174
140 190
140 191
141 197
141 147
141 154
141 155
141 158
141 159
141 163
141 165
141 172
141 157
141 181
141 182
141 148
141 191
142 195
142 197
142 175
142 157
142 158
142 191
144 171
144 145
145 185
146 193
146 194
146 147
146 148
146 180
147 194
147 163
147 165
147 181
147 155
147 159
148 163
148 165
148 159
149 197
149 174
149 190
149 158
149 191
150 151
150 162
150 166
150 177
150 184
150 187
151 161
151 177
151 184
152 183
152 158
153 199
153 190
154 163
154 182
154 172
155 165
155 194
155 163
155 159
156 195
156 189
156 199
156 157
156 158
157 163
157 158
157 183
157 189
157 192
157 191
158 171
158 163
158 183
158 189
159 163
160 188
161 162
161 170
161 179
162 198
162 184
162 164
162 167
162 170
162 177
162 179
162 187
163 197
163 172
163 165
163 181
163 182
163 191
164 198
164 166
164 177
166 198
166 184
166 196
166 187
166 173
166 176
166 177
166 178
167 173
167 176
167 178
168 192
169 171
170 197
170 179
172 182
173 196
173 176
173 178
174 190
174 186
176 178
176 196
177 187
177 198
177 184
178 196
184 187
189 195
189 191
190 197
190 191
191 197
191 192
