0 64
0 1
0 2
0 3
0 4
0 6
0 199
0 72
0 74
0 141
0 78
0 109
0 81
0 83
0 149
0 86
0 120
0 155
0 92
0 31
0 32
0 34
0 123
0 36
0 166
0 107
0 45
0 175
0 176
0 50
0 52
0 56
0 58
0 95
0 60
0 61
0 62
0 63
1 64
1 2
1 3
1 4
1 155
1 6
1 199
1 72
1 74
1 141
1 78
1 109
1 81
1 83
1 149
1 86
1 87
1 120
1 27
1 92
1 186
1 31
1 32
1 34
1 123
1 36
1 166
1 167
1 41
1 107
1 108
1 45
1 176
1 50
1 52
1 56
1 58
1 95
1 60
1 61
1 62
2 3
2 4
2 6
2 199
2 64
2 74
2 141
2 78
2 109
2 81
2 83
2 149
2 86
2 23
2 68
2 27
2 92
2 122
2 31
2 32
2 161
2 34
2 123
2 36
2 166
2 107
2 108
2 45
2 175
2 176
2 72
2 50
2 52
2 120
2 56
2 58
2 95
2 60
2 61
2 62
2 63
3 4
3 155
3 6
3 199
3 72
3 87
3 141
3 78
3 109
3 81
3 83
3 149
3 86
3 23
3 68
3 27
3 92
3 186
3 31
3 161
3 34
3 123
3 36
3 166
3 167
3 41
3 107
3 108
3 45
3 176
3 50
3 52
3 120
3 56
3 58
3 95
3 60
3 61
3 62
4 68
4 6
4 199
4 64
4 137
4 74
4 139
4 141
4 78
4 81
4 82
4 83
4 149
4 86
4 120
4 27
4 92
4 122
4 31
4 32
4 161
4 34
4 123
4 36
4 166
4 107
4 45
4 175
4 176
4 72
4 52
4 56
4 58
4 95
4 60
4 61
4 63
5 64
5 96
5 196
5 37
5 74
5 203
5 76
5 175
5 192
5 51
5 150
5 152
5 106
5 30
6 72
6 137
6 139
6 81
6 82
6 83
6 86
6 68
6 92
6 95
6 161
6 123
6 36
6 166
6 104
6 107
6 45
6 147
6 52
6 181
6 54
6 57
6 122
6 31
6 126
6 63
7 32
7 64
7 175
7 163
7 70
7 51
7 192
7 166
7 47
7 83
7 190
7 22
7 152
7 159
7 92
7 134
7 95
8 129
8 82
8 147
8 85
8 151
8 40
8 139
8 140
8 183
8 158
8 191
9 42
9 132
9 29
9 14
10 145
10 66
10 193
10 168
10 169
10 75
10 178
10 79
11 33
11 105
11 202
11 172
11 12
11 189
11 88
11 114
11 116
11 110
11 24
11 125
12 33
12 148
12 37
12 105
12 202
12 76
12 110
12 189
12 17
12 172
12 116
12 150
12 153
12 24
12 88
12 90
12 155
12 125
12 94
13 16
13 18
13 20
13 21
13 182
13 73
13 98
13 15
14 132
14 100
14 162
14 119
14 42
14 29
15 16
15 18
15 20
15 21
15 182
15 73
15 98
16 18
16 20
16 21
16 182
16 73
16 98
17 67
17 133
17 198
17 136
17 204
17 202
17 141
17 143
17 144
17 153
17 155
17 28
17 94
17 165
17 97
17 162
17 35
17 101
17 39
17 45
17 110
17 189
17 48
17 180
17 59
17 188
17 125
18 128
18 98
18 19
18 20
18 21
18 182
18 119
18 73
19 128
19 197
19 35
19 68
19 101
19 198
19 136
19 73
19 119
19 141
19 48
19 21
19 182
19 87
19 165
20 21
20 182
20 73
20 98
21 128
21 98
21 68
21 197
21 136
21 73
21 182
21 119
21 124
22 32
22 163
22 134
22 190
22 47
23 161
23 69
23 72
23 108
23 107
23 44
23 81
23 91
23 123
23 149
23 86
23 104
23 56
23 89
23 26
23 27
23 62
23 181
24 33
24 37
24 105
24 202
24 110
24 189
24 114
24 172
24 116
24 88
24 90
24 125
25 65
25 99
25 38
25 70
25 71
25 103
25 90
25 55
25 76
25 118
25 157
26 161
26 27
26 69
26 167
26 44
26 187
26 108
26 109
26 89
26 149
26 86
26 121
26 91
26 124
26 62
27 69
27 72
27 44
27 81
27 149
27 86
27 89
27 91
27 161
27 104
27 107
27 108
27 176
27 181
27 56
27 121
27 123
27 62
28 162
28 67
28 132
28 133
28 198
28 39
28 136
28 137
28 42
28 144
28 180
28 185
28 170
29 42
29 132
30 192
30 51
30 196
30 134
30 152
30 106
31 199
31 64
31 137
31 74
31 78
31 81
31 83
31 155
31 92
31 95
31 32
31 34
31 163
31 36
31 166
31 107
31 45
31 175
31 176
31 72
31 50
31 52
31 120
31 58
31 123
31 60
31 61
31 63
32 107
32 134
32 65
32 64
32 74
32 192
32 78
32 81
32 83
32 152
32 175
32 92
32 199
32 34
32 163
32 36
32 166
32 159
32 47
32 72
32 51
32 58
32 95
32 60
32 190
33 37
33 105
33 202
33 110
33 189
33 114
33 172
33 116
33 55
33 88
33 90
33 125
34 65
34 64
34 74
34 135
34 78
34 109
34 141
34 81
34 146
34 83
34 149
34 86
34 120
34 155
34 92
34 199
34 123
34 36
34 166
34 41
34 107
34 108
34 45
34 176
34 72
34 50
34 179
34 56
34 58
34 95
34 60
34 61
34 62
35 197
35 75
35 204
35 141
35 142
35 143
35 145
35 173
35 87
35 153
35 79
35 156
35 94
35 165
35 97
35 164
35 101
35 102
35 39
35 168
35 41
35 109
35 48
35 178
35 53
35 169
35 186
35 59
35 117
35 127
36 199
36 64
36 74
36 141
36 78
36 81
36 83
36 149
36 86
36 120
36 155
36 92
36 123
36 166
36 107
36 45
36 175
36 176
36 72
36 50
36 52
36 56
36 58
36 95
36 60
36 61
36 63
37 196
37 105
37 74
37 76
37 77
37 189
37 88
37 172
37 116
37 110
37 150
37 55
37 148
37 90
37 155
37 125
37 202
38 65
38 99
38 71
38 41
38 103
38 76
38 146
38 49
38 50
38 172
38 105
38 118
38 55
38 88
38 90
38 155
38 157
38 153
39 67
39 133
39 198
39 136
39 137
39 202
39 204
39 141
39 143
39 144
39 153
39 155
39 94
39 165
39 97
39 162
39 101
39 45
39 110
39 189
39 48
39 180
39 188
39 125
40 129
40 85
40 151
40 183
40 140
40 158
40 191
41 135
41 202
41 78
41 146
41 186
41 88
41 153
41 155
41 157
41 165
41 97
41 99
41 101
41 168
41 105
41 176
41 178
41 48
41 50
41 120
41 58
41 60
41 61
42 162
42 67
42 132
42 198
42 136
42 204
42 144
42 180
42 119
42 100
42 94
43 167
43 177
43 138
43 108
43 109
43 111
43 176
43 56
43 146
43 179
43 149
43 87
43 120
43 186
43 62
43 117
44 161
44 69
44 187
44 108
44 109
44 89
44 149
44 86
44 121
44 91
44 124
44 62
45 133
45 64
45 137
45 74
45 141
45 78
45 83
45 68
45 155
45 92
45 122
45 176
45 123
45 198
45 166
45 107
45 136
45 72
45 52
45 185
45 58
45 95
45 60
45 61
45 63
46 128
46 98
46 187
46 124
46 182
47 83
47 199
47 134
47 163
47 171
47 190
47 159
48 67
48 197
48 75
48 204
48 141
48 142
48 143
48 145
48 87
48 153
48 79
48 156
48 94
48 165
48 188
48 97
48 164
48 101
48 102
48 168
48 173
48 178
48 53
48 169
48 186
48 59
48 117
48 127
49 65
49 99
49 103
49 135
49 146
49 78
49 112
49 120
49 50
49 179
49 84
49 118
49 56
49 157
49 199
50 65
50 64
50 74
50 78
50 120
50 146
50 83
50 84
50 153
50 155
50 92
50 157
50 199
50 99
50 166
50 103
50 168
50 135
50 176
50 179
50 118
50 56
50 58
50 95
50 60
50 61
51 64
51 163
51 196
51 70
51 74
51 71
51 76
51 175
51 192
51 83
51 190
51 150
51 134
51 152
51 166
51 106
51 159
52 133
52 72
52 137
52 139
52 81
52 82
52 83
52 86
52 68
52 92
52 95
52 161
52 123
52 166
52 107
52 147
52 54
52 57
52 122
52 61
52 126
52 63
53 97
53 194
53 100
53 101
53 102
53 200
53 188
53 204
53 165
53 142
53 143
53 113
53 173
53 164
53 154
53 59
53 156
53 127
54 160
54 161
54 131
54 104
54 139
54 81
54 82
54 147
54 181
54 126
55 71
55 105
55 76
55 77
55 172
55 148
55 150
55 201
55 90
55 125
56 135
56 72
56 138
56 78
56 81
56 146
56 107
56 84
56 149
56 86
56 176
56 92
56 199
56 95
56 161
56 167
56 108
56 109
56 112
56 179
56 120
56 123
56 60
56 61
56 62
57 133
57 137
57 139
57 82
57 147
57 185
57 122
57 191
57 126
57 63
58 65
58 64
58 74
58 76
58 78
58 83
58 153
58 155
58 92
58 157
58 199
58 123
58 166
58 107
58 175
58 176
58 105
58 120
58 95
58 60
58 61
59 194
59 67
59 200
59 75
59 204
59 142
59 79
59 145
59 164
59 154
59 143
59 156
59 94
59 165
59 97
59 100
59 101
59 102
59 169
59 173
59 113
59 178
59 188
59 127
60 65
60 64
60 74
60 76
60 135
60 78
60 141
60 81
60 83
60 120
60 155
60 92
60 157
60 199
60 123
60 166
60 107
60 175
60 176
60 72
60 95
60 61
61 197
61 72
61 141
61 78
61 109
61 81
61 149
61 86
61 87
61 68
61 155
61 92
61 186
61 123
61 166
61 167
61 107
61 176
61 117
61 95
61 120
62 135
62 72
62 138
62 81
62 149
62 86
62 176
62 89
62 199
62 161
62 104
62 108
62 109
62 112
62 179
62 120
62 123
63 64
63 133
63 72
63 137
63 74
63 139
63 82
63 83
63 185
63 92
63 95
63 166
63 170
63 107
63 175
63 147
63 122
63 191
64 74
64 76
64 78
64 83
64 152
64 155
64 92
64 157
64 163
64 166
64 107
64 175
64 95
64 192
65 171
65 71
65 78
65 146
65 84
65 157
65 199
65 159
65 99
65 166
65 103
65 135
65 112
65 179
65 118
65 95
66 168
66 193
66 146
66 111
67 132
67 198
67 136
67 204
67 141
67 143
67 144
67 94
67 165
67 97
67 162
67 101
67 180
67 119
67 188
67 189
68 128
68 198
68 197
68 72
68 187
68 107
68 141
68 89
68 122
68 123
68 124
68 126
69 161
69 187
69 108
69 89
69 149
69 86
69 121
69 91
69 124
70 192
70 163
70 134
70 71
70 76
70 118
70 152
70 157
70 159
71 192
71 99
71 103
71 76
71 163
71 118
71 90
71 157
71 159
72 199
72 139
72 141
72 78
72 81
72 82
72 83
72 149
72 86
72 92
72 161
72 123
72 166
72 104
72 107
72 108
72 176
72 126
72 89
72 120
72 122
72 95
73 128
73 98
73 182
73 119
73 124
74 76
74 78
74 83
74 152
74 155
74 92
74 157
74 163
74 166
74 175
74 95
74 192
75 143
75 145
75 88
75 153
75 79
75 156
75 165
75 97
75 164
75 101
75 102
75 178
75 168
75 169
75 173
75 113
75 114
75 127
76 192
76 150
76 153
76 88
76 90
76 155
76 157
76 99
76 105
76 172
76 110
76 175
76 118
76 202
76 125
77 80
77 195
77 116
77 150
77 184
77 148
77 203
77 93
78 135
78 109
78 81
78 146
78 83
78 149
78 153
78 155
78 92
78 157
78 199
78 123
78 166
78 107
78 176
78 179
78 95
78 120
79 97
79 164
79 101
79 102
79 145
79 168
79 169
79 143
79 113
79 178
79 193
79 153
79 165
80 195
80 148
80 150
80 184
80 203
80 93
81 199
81 139
81 82
81 83
81 149
81 86
81 89
81 92
81 161
81 123
81 166
81 104
81 107
81 108
81 176
81 181
81 95
82 160
82 181
82 131
82 139
82 107
82 140
82 126
82 147
82 85
82 151
82 183
82 104
83 192
83 152
83 175
83 92
83 157
83 199
83 163
83 166
83 107
83 159
83 95
83 190
84 103
84 171
84 146
84 112
84 179
84 118
84 135
84 199
84 159
85 131
85 147
85 151
85 139
85 140
85 183
85 158
85 191
86 199
86 108
86 149
86 89
86 91
86 161
86 104
86 107
86 109
86 176
86 181
86 123
87 197
87 164
87 101
87 97
87 109
87 141
87 167
87 117
87 120
87 176
87 186
87 123
87 165
88 202
88 145
88 153
88 90
88 155
88 99
88 168
88 172
88 178
88 110
88 189
88 114
88 116
88 105
88 125
89 161
89 108
89 187
89 107
89 123
89 121
89 149
89 104
89 91
89 181
90 148
90 99
90 202
90 110
90 157
90 172
90 105
90 150
90 125
91 124
91 187
91 121
91 161
92 120
92 155
92 199
92 123
92 163
92 166
92 107
92 159
92 175
92 176
92 95
93 195
93 148
93 150
93 184
93 203
94 198
94 204
94 202
94 143
94 153
94 156
94 165
94 97
94 162
94 101
94 102
94 173
94 110
94 189
94 180
94 188
94 125
94 127
95 149
95 120
95 155
95 157
95 199
95 163
95 166
95 107
95 159
95 175
95 176
95 123
96 203
96 196
96 174
97 198
97 204
97 141
97 142
97 143
97 145
97 188
97 153
97 156
97 165
97 164
97 101
97 102
97 168
97 173
97 178
97 155
97 169
97 186
97 117
97 189
97 127
98 128
98 182
98 124
99 103
99 146
99 172
99 118
99 105
99 157
99 153
100 194
100 164
100 102
100 200
100 188
100 204
100 173
100 142
100 119
100 156
100 127
101 197
101 145
101 204
101 141
101 142
101 173
101 153
101 143
101 156
101 164
101 165
101 102
101 168
101 109
101 178
101 119
101 186
101 117
101 169
101 127
102 194
102 200
102 204
102 142
102 143
102 145
102 164
102 154
102 156
102 165
102 178
102 169
102 173
102 113
102 114
102 188
102 127
103 135
103 179
103 171
103 118
103 157
103 159
104 160
104 161
104 131
104 107
104 108
104 149
104 181
105 202
105 153
105 155
105 168
105 172
105 110
105 189
105 116
105 125
106 192
106 196
106 150
106 152
106 201
107 199
107 139
107 149
107 122
107 161
107 123
107 166
107 175
107 176
107 126
108 199
108 138
108 149
108 176
108 161
108 109
108 112
108 179
108 123
108 120
109 197
109 141
109 149
109 167
109 176
109 117
109 120
109 186
109 123
110 153
110 202
110 189
110 172
110 116
110 150
110 155
110 125
111 177
111 138
112 135
112 138
112 199
112 146
112 179
112 149
112 120
113 194
113 200
113 169
113 204
113 173
113 142
113 143
113 145
113 114
113 188
113 154
113 156
113 127
114 154
114 145
114 127
115 171
116 203
116 202
116 189
116 172
116 148
116 150
116 125
117 197
117 164
117 167
117 168
117 141
117 120
117 176
117 186
117 165
118 135
118 157
118 159
119 198
119 142
119 136
119 141
119 197
120 135
120 141
120 146
120 149
120 155
120 186
120 199
120 176
120 123
120 166
120 167
120 168
120 179
121 187
121 124
122 128
122 198
122 139
122 133
122 137
122 141
122 136
122 147
122 126
122 185
122 123
123 186
123 128
123 141
123 149
123 161
123 166
123 167
123 176
124 128
124 187
124 182
124 197
125 150
125 202
125 153
125 172
125 155
125 189
126 160
126 139
126 147
127 194
127 200
127 204
127 142
127 143
127 145
127 164
127 154
127 156
127 165
127 169
127 173
127 188
128 187
128 197
128 141
128 182
129 147
129 183
129 151
129 191
130 185
130 170
130 174
131 160
131 140
131 158
131 181
132 144
132 162
132 180
133 162
133 198
133 136
133 137
133 170
133 144
133 185
134 192
134 163
134 152
134 190
134 159
135 176
135 146
135 179
135 199
135 157
136 162
136 198
136 137
136 141
136 144
137 198
137 170
137 175
137 144
137 185
138 177
138 179
138 149
139 140
139 147
139 151
139 191
139 183
140 147
140 151
140 183
140 158
140 191
141 197
141 198
141 164
141 155
141 186
141 165
141 176
142 194
142 200
142 188
142 204
142 165
142 143
142 173
142 164
142 156
143 202
143 204
143 145
143 153
143 156
143 165
143 164
143 168
143 169
143 173
143 178
143 188
143 189
144 162
144 198
144 185
144 170
145 153
145 156
145 165
145 164
145 178
145 168
145 169
145 173
146 168
146 179
146 186
146 167
146 176
147 183
147 191
148 195
148 203
148 172
148 201
148 150
148 184
149 199
149 176
149 161
149 167
149 179
150 172
150 196
150 203
150 184
151 191
151 183
151 158
151 190
152 163
152 196
152 192
152 166
152 175
152 190
153 202
153 169
153 165
153 168
153 172
153 178
153 189
153 155
154 194
154 200
154 156
154 204
154 173
154 188
155 157
155 168
155 172
155 189
155 202
155 166
156 194
156 200
156 204
156 164
156 165
156 173
156 188
157 163
157 159
157 166
158 183
159 163
159 190
159 166
159 192
159 171
159 199
160 161
160 181
161 187
161 181
162 198
162 180
163 175
163 166
163 192
163 190
164 197
164 204
164 165
164 169
164 173
164 178
164 186
165 197
165 204
165 188
165 168
165 173
165 178
165 169
165 186
166 192
166 199
166 175
166 190
167 177
167 176
167 186
168 178
168 186
168 169
169 173
169 178
169 193
170 185
172 202
172 189
173 194
173 200
173 204
173 188
175 192
175 190
176 186
176 199
178 202
179 199
180 188
180 189
182 197
182 187
183 191
184 195
184 203
186 197
188 194
188 200
188 204
188 189
189 202
190 192
192 196
194 200
194 204
195 201
196 203
200 204
