0 1
0 2
0 3
0 4
0 5
0 6
0 7
0 10
0 139
0 140
0 14
0 16
0 17
0 19
0 148
0 149
0 27
0 29
0 33
0 35
0 164
0 165
0 169
0 46
0 178
0 51
0 55
0 184
0 57
0 59
0 62
0 67
0 198
0 71
0 204
0 183
0 76
0 80
0 163
0 36
0 90
0 96
0 98
0 99
0 131
0 102
0 108
0 122
0 124
1 198
1 2
1 67
1 4
1 5
1 6
1 7
1 204
1 10
1 139
1 76
1 14
1 16
1 17
1 19
1 148
1 149
1 27
1 29
1 165
1 96
1 33
1 98
1 35
1 131
1 163
1 102
1 80
1 71
1 108
1 46
1 99
1 178
1 51
1 53
1 55
1 57
1 122
1 59
1 183
1 62
2 66
2 67
2 4
2 5
2 6
2 7
2 140
2 10
2 139
2 76
2 14
2 16
2 17
2 19
2 21
2 24
2 202
2 27
2 96
2 80
2 98
2 163
2 131
2 165
2 102
2 169
2 71
2 178
2 51
2 53
2 55
2 184
2 57
2 122
2 59
2 183
2 149
3 32
3 35
3 164
3 7
3 204
3 76
3 77
3 46
3 115
3 16
3 17
3 125
3 19
3 14
3 99
3 57
3 90
3 122
3 62
4 131
4 5
4 6
4 7
4 10
4 139
4 140
4 14
4 16
4 17
4 19
4 21
4 24
4 27
4 29
4 158
4 33
4 35
4 164
4 165
4 169
4 135
4 178
4 51
4 55
4 184
4 57
4 59
4 66
4 67
4 71
4 202
4 183
4 76
4 80
4 163
4 84
4 36
4 90
4 96
4 98
4 99
4 102
4 122
4 149
5 67
5 6
5 7
5 140
5 10
5 139
5 76
5 66
5 14
5 16
5 17
5 19
5 84
5 21
5 24
5 202
5 27
5 135
5 165
5 96
5 33
5 98
5 35
5 131
5 163
5 102
5 80
5 169
5 71
5 178
5 51
5 55
5 184
5 57
5 122
5 59
5 183
5 149
6 131
6 7
6 10
6 139
6 140
6 14
6 16
6 17
6 19
6 148
6 21
6 24
6 27
6 29
6 33
6 35
6 165
6 169
6 51
6 54
6 55
6 184
6 57
6 59
6 66
6 67
6 71
6 202
6 183
6 76
6 80
6 163
6 84
6 96
6 98
6 102
6 122
6 123
6 149
7 8
7 10
7 139
7 14
7 16
7 17
7 19
7 148
7 149
7 27
7 29
7 33
7 35
7 164
7 165
7 169
7 46
7 178
7 55
7 184
7 57
7 59
7 62
7 67
7 198
7 71
7 204
7 183
7 76
7 80
7 163
7 36
7 90
7 96
7 98
7 99
7 131
7 102
7 108
7 122
7 124
8 198
8 203
8 204
8 13
8 14
8 16
8 146
8 19
8 148
8 90
8 29
8 33
8 34
8 35
8 36
8 38
8 41
8 42
8 71
8 108
8 49
8 181
8 57
8 59
8 124
8 62
9 34
9 11
9 36
9 38
9 41
9 42
9 43
9 13
9 60
9 124
9 146
9 84
9 181
9 203
9 23
9 132
9 201
9 123
9 28
9 29
10 131
10 128
10 139
10 140
10 14
10 16
10 17
10 19
10 21
10 27
10 156
10 158
10 133
10 32
10 162
10 163
10 164
10 165
10 169
10 135
10 46
10 178
10 51
10 53
10 55
10 184
10 57
10 66
10 67
10 204
10 202
10 183
10 76
10 80
10 142
10 90
10 92
10 96
10 98
10 99
10 102
10 122
10 125
11 132
11 203
11 13
11 15
11 24
11 146
11 84
11 23
11 152
11 201
11 28
11 29
11 34
11 36
11 170
11 102
11 41
11 42
11 43
11 181
11 169
11 184
11 123
11 106
11 126
12 144
12 145
12 20
12 22
12 39
12 160
12 45
13 203
13 132
13 71
13 124
13 146
13 84
13 23
13 24
13 28
13 29
13 33
13 34
13 36
13 38
13 41
13 42
13 43
13 49
13 181
13 201
13 123
13 60
14 139
14 16
14 17
14 19
14 148
14 149
14 27
14 29
14 33
14 35
14 36
14 46
14 178
14 55
14 184
14 57
14 59
14 62
14 67
14 198
14 71
14 204
14 183
14 76
14 80
14 163
14 90
14 96
14 98
14 99
14 131
14 102
14 108
14 122
14 124
15 192
15 197
15 43
15 132
15 101
15 103
15 28
15 170
15 177
15 114
15 182
15 201
15 88
15 89
15 60
15 189
15 126
15 127
16 139
16 17
16 19
16 148
16 149
16 27
16 29
16 33
16 35
16 36
16 46
16 178
16 55
16 57
16 59
16 62
16 67
16 198
16 71
16 204
16 183
16 76
16 80
16 163
16 90
16 96
16 98
16 99
16 131
16 102
16 108
16 122
16 124
17 139
17 140
17 19
17 148
17 21
17 24
17 27
17 156
17 29
17 158
17 32
17 33
17 35
17 36
17 165
17 169
17 46
17 49
17 178
17 55
17 184
17 57
17 59
17 62
17 67
17 71
17 204
17 202
17 183
17 76
17 80
17 163
17 164
17 90
17 96
17 98
17 99
17 131
17 102
17 108
17 115
17 122
17 149
18 48
18 129
18 116
18 150
18 56
18 75
18 78
19 139
19 131
19 148
19 149
19 27
19 29
19 33
19 35
19 36
19 46
19 178
19 55
19 57
19 59
19 62
19 67
19 198
19 71
19 204
19 183
19 76
19 80
19 163
19 90
19 96
19 98
19 99
19 102
19 108
19 122
19 124
20 144
20 160
20 37
20 39
20 154
20 45
20 95
21 128
21 96
21 131
21 135
21 139
21 140
21 66
21 142
21 80
21 24
21 164
21 27
21 156
21 158
21 133
21 32
21 98
21 163
21 162
21 165
21 102
21 169
21 170
21 177
21 54
21 55
21 184
21 202
21 127
23 203
23 136
23 77
23 124
23 82
23 89
23 90
23 28
23 29
23 34
23 36
23 38
23 41
23 42
23 43
23 146
23 49
23 50
23 181
23 60
24 65
24 67
24 71
24 202
24 140
24 66
24 131
24 84
24 152
24 27
24 28
24 93
24 98
24 163
24 139
24 102
24 169
24 106
24 29
24 176
24 54
24 183
24 184
24 123
24 170
24 126
24 127
25 168
25 197
25 190
26 162
26 133
26 103
26 105
26 39
26 191
26 63
26 85
26 182
26 187
26 188
26 101
27 67
27 140
27 139
27 76
27 66
27 202
27 165
27 96
27 80
27 98
27 35
27 131
27 163
27 102
27 169
27 46
27 178
27 51
27 53
27 55
27 184
27 57
27 122
27 59
27 183
27 149
28 203
28 132
28 152
28 146
28 84
28 89
28 201
28 29
28 34
28 36
28 38
28 41
28 42
28 43
28 181
28 170
28 123
28 60
28 106
28 126
29 146
29 148
29 33
29 34
29 35
29 36
29 139
29 38
29 41
29 42
29 43
29 49
29 181
29 183
29 57
29 59
29 67
29 198
29 71
29 203
29 163
29 84
29 90
29 102
29 108
29 169
29 122
29 123
29 124
30 73
30 52
30 47
31 82
31 186
31 190
31 151
32 131
32 133
32 136
32 204
32 139
32 76
32 77
32 80
32 82
32 151
32 164
32 90
32 156
32 158
32 99
32 36
32 177
32 169
32 171
32 46
32 49
32 115
32 182
32 122
32 62
32 63
33 67
33 139
33 76
33 146
33 84
33 149
33 203
33 148
33 198
33 34
33 35
33 36
33 163
33 102
33 41
33 42
33 71
33 108
33 123
33 181
33 183
33 57
33 122
33 59
33 124
34 203
34 132
34 71
34 146
34 84
34 35
34 36
34 38
34 41
34 42
34 43
34 49
34 181
34 201
34 148
34 123
34 124
35 204
35 139
35 76
35 98
35 146
35 90
35 149
35 203
35 148
35 71
35 198
35 96
35 99
35 36
35 163
35 102
35 41
35 42
35 67
35 108
35 123
35 183
35 57
35 122
35 59
35 124
35 62
36 139
36 146
36 148
36 164
36 38
36 49
36 41
36 42
36 177
36 50
36 181
36 57
36 59
36 62
36 71
36 203
36 204
36 77
36 84
36 90
36 122
36 99
36 102
36 108
36 169
36 136
36 123
36 124
37 160
37 130
37 68
37 39
37 104
37 137
37 175
37 79
37 83
37 154
37 159
37 61
37 95
38 146
38 41
38 42
38 203
38 49
38 50
38 181
38 124
38 136
39 144
39 145
39 188
39 105
39 160
39 95
40 178
40 53
40 142
40 185
40 58
40 92
40 125
40 46
40 143
41 203
41 132
41 198
41 71
41 146
41 84
41 42
41 43
41 59
41 181
41 201
41 148
41 123
41 124
42 203
42 132
42 198
42 71
42 146
42 84
42 90
42 43
42 108
42 49
42 181
42 59
42 201
42 148
42 123
42 124
43 203
43 132
43 106
43 152
43 84
43 201
43 123
43 60
43 181
44 138
44 147
44 173
45 112
45 144
45 154
45 160
46 133
46 204
46 139
46 76
46 80
46 171
46 90
46 92
46 122
46 158
46 96
46 98
46 99
46 164
46 156
46 178
46 115
46 53
46 55
46 185
46 58
46 125
46 62
47 73
47 52
48 129
48 116
48 150
48 56
48 75
48 78
49 164
49 204
49 77
49 82
49 203
49 151
49 89
49 90
49 99
49 177
49 169
49 136
49 50
49 115
49 124
49 62
50 82
50 203
50 136
50 90
50 151
50 77
51 67
51 135
51 139
51 80
51 131
51 153
51 92
51 157
51 96
51 98
51 163
51 165
51 178
51 128
51 53
51 55
51 202
52 64
52 72
52 73
53 96
53 67
53 165
53 76
53 98
53 125
53 80
53 178
53 55
53 185
53 58
53 92
53 122
54 65
54 66
54 131
54 102
54 97
54 169
54 106
54 140
54 176
54 152
54 84
54 170
54 202
54 184
54 93
54 127
55 67
55 139
55 76
55 80
55 92
55 158
55 165
55 96
55 98
55 99
55 131
55 163
55 178
55 183
55 202
55 57
55 122
55 125
55 149
56 129
56 116
56 150
56 75
57 204
57 139
57 76
57 98
57 148
57 149
57 203
57 90
57 198
57 96
57 67
57 163
57 102
57 80
57 71
57 108
57 99
57 131
57 122
57 59
57 124
57 183
57 62
58 178
58 142
58 185
58 92
58 125
58 143
59 67
59 204
59 139
59 76
59 146
59 148
59 149
59 203
59 90
59 198
59 163
59 102
59 71
59 108
59 183
59 122
59 123
59 124
59 62
60 132
60 89
60 201
60 126
61 68
61 199
61 105
61 74
61 172
61 141
61 110
61 112
61 83
61 85
61 87
61 154
61 159
61 188
61 95
62 67
62 204
62 139
62 76
62 77
62 80
62 115
62 164
62 90
62 158
62 108
62 99
62 136
62 122
62 124
63 162
63 164
63 133
63 171
63 77
63 81
63 115
63 187
63 156
63 158
64 72
64 174
65 97
65 66
65 131
65 118
65 102
65 106
65 140
65 176
65 152
65 170
65 184
65 93
65 127
66 131
66 135
66 139
66 140
66 80
66 152
66 67
66 84
66 153
66 93
66 98
66 163
66 165
66 102
66 169
66 106
66 176
66 183
66 184
66 170
66 202
66 127
67 131
67 139
67 140
67 148
67 149
67 165
67 169
67 178
67 184
67 198
67 71
67 204
67 202
67 183
67 76
67 80
67 163
67 96
67 98
67 99
67 102
67 108
67 122
68 199
68 105
68 74
68 172
68 141
68 110
68 112
68 83
68 85
68 87
68 154
68 159
68 188
68 95
70 144
70 145
70 109
70 134
71 139
71 76
71 146
71 84
71 149
71 203
71 198
71 163
71 102
71 148
71 108
71 123
71 181
71 183
71 122
71 124
72 174
74 112
74 193
74 83
74 94
74 199
74 154
74 172
74 110
74 159
75 116
75 150
75 78
76 139
76 148
76 149
76 158
76 164
76 165
76 178
76 198
76 183
76 204
76 80
76 163
76 90
76 96
76 98
76 99
76 131
76 102
76 108
76 122
76 125
77 133
77 177
77 136
77 171
77 151
77 204
77 82
77 115
77 99
77 158
77 164
77 90
78 192
78 116
78 150
78 189
79 97
79 191
79 118
79 104
79 137
79 127
79 175
79 95
80 131
80 139
80 140
80 156
80 158
80 133
80 163
80 164
80 165
80 169
80 135
80 178
80 128
80 184
80 204
80 202
80 183
80 142
80 90
80 92
80 96
80 98
80 99
80 102
80 122
80 125
80 149
81 128
81 162
81 187
81 133
81 158
81 185
81 171
81 156
81 142
82 164
82 101
82 103
82 136
82 177
82 151
82 114
82 190
82 182
82 89
82 126
83 199
83 105
83 172
83 141
83 110
83 175
83 112
83 85
83 87
83 154
83 159
83 188
83 95
84 131
84 140
84 152
84 139
84 203
84 132
84 201
84 163
84 170
84 102
84 176
84 183
84 181
84 169
84 184
84 123
84 106
85 101
85 103
85 105
85 107
85 191
85 87
85 88
85 91
85 188
85 199
85 159
86 195
87 101
87 103
87 105
87 107
87 191
87 88
87 91
87 188
87 199
87 159
88 197
88 101
88 103
88 105
88 114
88 126
88 182
88 89
88 191
88 190
89 101
89 103
89 136
89 170
89 114
89 177
89 190
89 182
89 126
89 197
90 204
90 139
90 203
90 164
90 158
90 177
90 169
90 99
90 115
90 136
90 122
90 124
91 197
91 155
91 105
91 107
91 188
91 199
91 191
92 96
92 128
92 98
92 142
92 165
92 135
92 157
92 178
92 202
92 185
92 156
92 125
92 158
93 192
93 97
93 106
93 140
93 176
93 118
93 152
93 184
93 170
93 127
94 193
94 147
94 199
94 172
94 110
95 130
95 104
95 137
95 154
95 175
95 159
96 140
96 139
96 202
96 158
96 165
96 98
96 131
96 163
96 102
96 99
96 178
96 184
96 122
96 183
96 149
97 176
97 118
97 104
97 127
98 131
98 139
98 140
98 158
98 165
98 169
98 135
98 178
98 128
98 184
98 202
98 183
98 163
98 99
98 102
98 122
98 149
99 133
99 136
99 139
99 115
99 164
99 156
99 158
99 169
99 178
99 204
99 131
99 122
99 125
100 186
101 191
101 197
101 103
101 105
101 170
101 114
101 177
101 182
101 187
101 188
101 126
101 127
102 131
102 140
102 165
102 169
102 170
102 176
102 183
102 184
102 139
102 202
102 163
102 152
102 122
102 123
102 127
103 197
103 105
103 170
103 190
103 114
103 177
103 182
103 188
103 126
103 191
104 130
104 118
104 120
104 137
105 107
105 191
105 188
105 199
105 159
106 192
106 132
106 201
106 170
106 140
106 176
106 152
106 184
106 127
107 194
107 180
107 188
107 191
108 198
108 204
108 139
108 146
108 148
108 149
108 163
108 183
108 122
108 124
109 194
109 179
109 180
109 167
109 121
110 193
110 199
110 172
110 159
111 166
111 134
112 144
112 154
112 119
112 121
112 159
113 200
113 117
113 166
114 197
114 169
114 170
114 177
114 190
114 182
114 191
114 126
114 127
115 164
115 133
115 136
115 171
115 204
115 125
115 158
115 151
115 156
115 122
116 129
116 150
117 200
117 166
117 143
118 120
119 121
119 179
120 153
120 157
121 179
122 139
122 148
122 149
122 156
122 158
122 165
122 169
122 178
122 198
122 204
122 202
122 183
122 163
122 164
122 131
122 125
123 139
123 132
123 152
123 146
123 163
123 203
123 201
123 198
123 181
123 183
123 184
123 148
123 124
124 203
124 198
124 139
124 204
124 146
124 148
124 181
125 164
125 156
125 171
125 178
125 185
125 158
126 197
126 170
126 140
126 177
126 182
126 169
126 127
127 131
127 202
127 140
127 152
127 169
127 176
127 184
127 170
128 131
128 133
128 135
128 156
128 162
128 142
128 178
128 202
128 153
128 157
128 158
128 165
129 141
130 137
130 175
131 139
131 140
131 156
131 158
131 163
131 164
131 165
131 169
131 170
131 135
131 178
131 184
131 202
131 183
132 189
132 181
132 203
132 152
132 201
133 162
133 142
133 135
133 177
133 171
133 164
133 187
133 156
133 158
134 145
135 140
135 142
135 153
135 156
135 157
135 158
135 162
135 164
135 165
135 169
135 184
135 202
136 177
136 169
136 151
136 203
136 164
136 204
136 182
137 175
138 180
138 147
138 173
139 140
139 148
139 158
139 165
139 169
139 178
139 184
139 198
139 204
139 202
139 183
139 163
139 203
139 164
139 149
140 202
140 152
140 163
140 165
140 169
140 176
140 177
140 183
140 184
140 170
141 193
141 199
141 172
141 159
142 162
142 156
142 178
142 185
142 202
142 153
142 157
142 158
142 165
143 185
143 200
144 145
144 188
144 160
146 203
146 198
146 148
146 181
148 149
148 203
148 198
148 163
148 181
148 183
149 198
149 163
149 178
149 183
151 182
151 177
151 190
152 192
152 201
152 176
152 184
152 170
153 165
153 202
153 157
154 160
154 175
154 159
155 197
155 190
156 158
156 162
156 164
156 169
156 171
156 178
156 202
157 165
157 202
158 204
158 169
158 164
158 162
158 171
158 178
158 202
159 199
159 172
159 188
162 164
162 187
162 202
163 165
163 169
163 178
163 184
163 198
163 202
163 183
164 204
164 177
164 169
164 171
165 178
165 184
165 183
165 202
166 200
167 196
168 190
169 170
169 177
169 182
169 183
169 184
169 202
170 182
170 176
170 177
170 184
172 193
172 199
173 180
176 192
176 184
177 182
178 202
178 185
179 196
180 194
181 203
181 201
182 197
182 190
182 187
182 191
183 198
183 184
184 202
187 188
188 194
188 191
189 192
189 201
190 197
191 197
193 199
201 203
203 204
