0 1
0 2
0 3
0 4
0 5
0 9
0 138
0 11
0 14
0 16
0 22
0 132
0 150
0 163
0 41
0 44
0 47
0 57
0 54
0 55
0 184
0 185
0 189
0 66
0 203
0 196
0 69
0 71
0 200
0 204
0 74
0 75
0 76
0 79
0 56
0 87
0 93
0 97
0 105
0 106
0 112
0 113
0 121
0 122
1 2
1 3
1 4
1 5
1 134
1 135
1 8
1 9
1 138
1 11
1 12
1 14
1 15
1 16
1 153
1 132
1 26
1 34
1 163
1 41
1 44
1 46
1 47
1 53
1 54
1 55
1 56
1 57
1 59
1 189
1 63
1 66
1 203
1 196
1 69
1 198
1 200
1 204
1 74
1 75
1 76
1 79
1 184
1 87
1 89
1 91
1 93
1 97
1 105
1 112
1 113
1 121
1 122
1 126
1 127
2 3
2 4
2 5
2 134
2 9
2 138
2 11
2 14
2 16
2 17
2 22
2 132
2 27
2 150
2 163
2 41
2 42
2 44
2 47
2 53
2 54
2 55
2 56
2 57
2 188
2 189
2 66
2 195
2 196
2 69
2 71
2 200
2 204
2 74
2 75
2 76
2 79
2 184
2 203
2 87
2 93
2 97
2 105
2 106
2 112
2 113
2 121
2 122
2 127
3 75
3 4
3 5
3 71
3 200
3 9
3 74
3 11
3 76
3 14
3 79
3 16
3 17
3 121
3 196
3 22
3 105
3 132
3 204
3 184
3 203
3 150
3 69
3 97
3 163
3 41
3 42
3 44
3 47
3 112
3 113
3 138
3 185
3 54
3 55
3 56
3 57
3 122
3 189
3 106
4 132
4 5
4 134
4 9
4 138
4 11
4 13
4 14
4 16
4 17
4 18
4 188
4 22
4 27
4 150
4 163
4 41
4 42
4 44
4 47
4 53
4 54
4 55
4 56
4 57
4 60
4 189
4 66
4 195
4 196
4 69
4 71
4 200
4 204
4 74
4 75
4 76
4 79
4 184
4 203
4 87
4 93
4 97
4 105
4 106
4 113
4 121
4 122
4 127
5 150
5 9
5 138
5 11
5 14
5 16
5 22
5 132
5 163
5 41
5 44
5 47
5 57
5 54
5 55
5 184
5 185
5 189
5 66
5 203
5 196
5 69
5 71
5 200
5 204
5 74
5 75
5 76
5 79
5 56
5 87
5 93
5 97
5 105
5 106
5 112
5 113
5 121
5 122
6 32
6 128
6 37
6 149
6 73
6 95
6 13
6 18
6 19
6 84
6 21
6 119
6 24
6 169
6 58
6 27
6 94
6 85
7 96
7 99
7 69
7 195
7 105
7 42
7 125
7 13
7 79
7 80
7 17
7 18
7 188
7 180
7 169
7 88
7 156
7 29
8 64
8 66
8 197
8 134
8 135
8 200
8 9
8 74
8 11
8 12
8 130
8 15
8 87
8 127
8 153
8 91
8 156
8 93
8 30
8 97
8 34
8 163
8 198
8 105
8 43
8 47
8 76
8 204
8 53
8 54
8 57
8 59
8 117
8 138
8 126
8 63
9 134
9 135
9 138
9 11
9 12
9 14
9 15
9 153
9 26
9 156
9 30
9 34
9 163
9 198
9 41
9 44
9 46
9 47
9 176
9 53
9 54
9 55
9 56
9 57
9 59
9 188
9 189
9 63
9 66
9 196
9 197
9 70
9 200
9 204
9 74
9 75
9 76
9 79
9 87
9 89
9 91
9 93
9 97
9 101
9 105
9 113
9 117
9 121
9 122
9 126
9 127
10 193
10 50
10 196
10 22
10 38
10 23
10 75
11 134
11 135
11 138
11 12
11 14
11 15
11 153
11 156
11 30
11 34
11 163
11 198
11 41
11 44
11 46
11 47
11 176
11 53
11 54
11 55
11 56
11 57
11 59
11 188
11 189
11 63
11 66
11 196
11 197
11 70
11 200
11 204
11 74
11 76
11 87
11 89
11 91
11 93
11 97
11 101
11 105
11 113
11 117
11 121
11 122
11 126
11 127
12 64
12 66
12 197
12 134
12 76
12 130
12 15
12 87
12 153
12 91
12 93
12 30
12 97
12 34
12 163
12 198
12 43
12 200
12 204
12 53
12 54
12 57
12 63
12 117
12 127
13 128
13 65
13 195
13 69
13 138
13 203
13 14
13 79
13 16
13 17
13 18
13 188
13 149
13 86
13 132
13 22
13 27
13 150
13 33
13 103
13 105
13 42
13 44
13 189
13 113
13 169
13 57
13 60
13 106
14 134
14 138
14 16
14 17
14 18
14 22
14 132
14 27
14 150
14 163
14 41
14 42
14 44
14 47
14 53
14 54
14 56
14 57
14 188
14 189
14 66
14 195
14 196
14 69
14 71
14 200
14 204
14 74
14 75
14 76
14 79
14 184
14 203
14 87
14 93
14 97
14 105
14 106
14 113
14 121
14 122
14 127
15 64
15 66
15 197
15 134
15 130
15 87
15 153
15 91
15 93
15 30
15 97
15 34
15 163
15 198
15 43
15 76
15 200
15 204
15 53
15 54
15 57
15 63
15 117
15 127
16 134
16 65
16 204
16 128
16 75
16 76
16 79
16 17
16 18
16 195
16 20
16 22
16 132
16 27
16 86
16 203
16 150
16 69
16 97
16 163
16 103
16 41
16 42
16 44
16 47
16 113
16 189
16 138
16 105
16 57
16 122
16 60
16 106
17 128
17 65
17 69
17 138
17 75
17 79
17 18
17 188
17 22
17 132
17 27
17 86
17 203
17 150
17 33
17 195
17 103
17 105
17 42
17 44
17 47
17 113
17 189
17 169
17 57
17 122
17 60
17 106
18 128
18 195
18 69
18 203
18 79
18 19
18 149
18 86
18 88
18 22
18 27
18 150
18 188
18 33
18 99
18 103
18 105
18 42
18 44
18 113
18 169
18 57
18 60
18 189
19 32
19 37
19 73
19 170
19 191
19 190
19 84
19 149
19 169
19 120
19 58
19 27
19 94
19 95
20 64
20 96
20 66
20 163
20 191
20 134
20 105
20 170
20 43
20 204
20 130
20 79
20 180
20 169
20 120
20 57
20 27
20 93
20 190
20 127
21 37
21 167
21 73
21 146
21 84
21 149
21 186
21 24
21 58
21 102
21 94
21 85
22 65
22 75
22 79
22 188
22 196
22 86
22 23
22 132
22 203
22 150
22 69
22 33
22 100
22 195
22 103
22 105
22 42
22 44
22 189
22 113
22 128
22 138
22 60
22 106
23 176
23 33
23 51
23 100
23 49
23 168
23 60
23 193
24 32
24 149
24 102
24 167
24 73
24 146
24 83
24 84
24 186
24 58
24 37
24 94
24 85
25 64
25 96
25 130
25 131
25 129
25 43
25 45
25 180
25 52
25 160
25 116
25 155
25 156
26 34
26 35
26 200
26 41
26 74
26 55
26 46
26 112
26 91
26 185
26 126
26 54
26 121
26 59
26 30
26 63
27 128
27 195
27 69
27 138
27 203
27 79
27 149
27 86
27 150
27 32
27 163
27 134
27 105
27 42
27 44
27 189
27 170
27 113
27 169
27 120
27 57
27 122
27 106
27 190
28 48
28 192
29 96
29 129
29 99
29 197
29 70
29 188
29 45
29 110
29 80
29 88
29 155
29 156
29 125
30 197
30 198
30 135
30 87
30 153
30 91
30 34
30 101
30 63
30 46
30 200
30 178
30 53
30 54
30 59
30 117
30 89
30 126
30 127
31 142
31 102
32 37
32 73
32 170
32 191
32 190
32 84
32 149
32 169
32 120
32 58
32 94
32 95
33 128
33 65
33 195
33 100
33 69
33 103
33 60
33 42
33 188
33 154
33 86
33 106
33 150
34 198
34 66
34 197
34 70
34 135
34 87
34 89
34 91
34 93
34 163
34 101
34 63
34 127
34 76
34 200
34 178
34 204
34 53
34 54
34 134
34 153
34 59
34 126
34 117
35 112
35 202
35 54
35 55
35 200
35 121
35 74
35 185
36 104
36 58
36 107
36 186
36 94
37 149
37 67
37 167
37 72
37 73
37 191
37 84
37 169
37 180
37 58
37 95
37 94
37 85
38 202
38 185
38 50
38 77
39 144
39 172
40 146
40 83
40 85
40 194
40 92
40 125
40 109
41 57
41 138
41 132
41 163
41 44
41 46
41 47
41 53
41 54
41 55
41 184
41 185
41 59
41 189
41 66
41 203
41 196
41 69
41 71
41 200
41 204
41 74
41 75
41 76
41 79
41 56
41 87
41 93
41 97
41 105
41 112
41 113
41 121
41 122
41 127
42 128
42 65
42 69
42 138
42 75
42 79
42 188
42 132
42 86
42 203
42 150
42 195
42 103
42 105
42 106
42 44
42 47
42 113
42 169
42 57
42 122
42 60
42 189
43 64
43 96
43 130
43 197
43 134
43 129
43 198
43 45
43 178
43 117
43 153
43 116
43 155
43 156
43 127
44 134
44 138
44 132
44 150
44 163
44 47
44 53
44 54
44 56
44 57
44 188
44 189
44 66
44 195
44 196
44 69
44 71
44 200
44 204
44 74
44 75
44 76
44 79
44 184
44 203
44 87
44 93
44 97
44 105
44 106
44 113
44 121
44 122
44 127
45 64
45 96
45 130
45 197
45 70
45 129
45 110
45 178
45 52
45 155
45 156
45 116
46 196
46 133
46 135
46 89
46 153
46 91
46 197
46 164
46 101
46 173
46 176
46 53
46 54
46 55
46 56
46 121
46 59
46 126
47 134
47 138
47 150
47 132
47 163
47 53
47 54
47 55
47 184
47 57
47 59
47 189
47 66
47 203
47 196
47 69
47 71
47 200
47 204
47 74
47 75
47 76
47 79
47 56
47 87
47 93
47 97
47 105
47 112
47 113
47 121
47 122
47 127
48 192
48 152
48 118
48 182
48 136
49 176
49 51
49 181
49 137
49 201
49 111
50 77
51 137
51 176
51 181
52 160
52 179
52 116
52 171
52 78
53 134
53 135
53 138
53 153
53 155
53 156
53 163
53 198
53 54
53 57
53 59
53 188
53 189
53 63
53 64
53 66
53 197
53 70
53 200
53 204
53 76
53 79
53 87
53 89
53 91
53 93
53 97
53 101
53 105
53 113
53 117
53 121
53 126
53 127
54 134
54 135
54 138
54 185
54 153
54 55
54 56
54 57
54 59
54 189
54 63
54 66
54 196
54 71
54 200
54 204
54 74
54 75
54 76
54 184
54 163
54 87
54 89
54 91
54 93
54 97
54 105
54 112
54 113
54 121
54 122
54 126
54 127
55 71
55 200
55 74
55 76
55 184
55 75
55 185
55 196
55 91
55 133
55 97
55 112
55 56
55 121
55 122
55 59
55 138
55 202
56 71
56 74
56 76
56 75
56 196
56 105
56 89
56 185
56 133
56 97
56 135
56 173
56 176
56 184
56 121
56 59
56 138
57 134
57 138
57 153
57 156
57 197
57 163
57 188
57 189
57 190
57 66
57 195
57 69
57 198
57 200
57 204
57 74
57 203
57 76
57 79
57 87
57 93
57 97
57 105
57 113
57 121
57 122
57 127
58 149
58 139
58 167
58 73
58 107
58 84
58 119
58 186
58 187
58 94
58 95
59 133
59 135
59 74
59 76
59 153
59 87
59 89
59 91
59 197
59 97
59 164
59 101
59 173
59 200
59 121
59 117
59 126
59 63
60 128
60 65
60 195
60 132
60 69
60 75
60 196
60 86
60 150
60 100
60 103
60 105
60 203
60 176
60 188
60 106
61 193
61 181
62 201
62 174
62 151
63 198
63 66
63 197
63 70
63 135
63 87
63 89
63 91
63 93
63 163
63 101
63 127
63 76
63 200
63 178
63 204
63 134
63 153
63 126
63 117
64 96
64 129
64 130
64 197
64 134
64 178
64 116
64 153
64 155
64 156
64 198
64 127
65 128
65 195
65 100
65 69
65 103
65 203
65 86
65 119
65 132
65 187
65 106
65 150
66 134
66 74
66 87
66 153
66 79
66 156
66 93
66 198
66 97
66 163
66 121
66 200
66 76
66 113
66 189
66 204
66 105
66 122
66 127
66 117
66 138
67 160
67 194
67 131
67 180
67 72
67 92
67 140
67 191
68 192
68 145
68 148
68 81
68 168
68 143
69 128
69 75
69 76
69 79
69 188
69 132
69 86
69 203
69 150
69 163
69 97
69 103
69 113
69 189
69 138
69 105
69 122
69 106
69 195
70 129
70 155
70 101
70 135
70 110
70 178
70 117
70 153
70 197
70 89
70 156
70 126
71 74
71 75
71 77
71 184
71 196
71 185
71 132
71 97
71 112
71 113
71 121
71 122
71 138
71 202
72 160
72 194
72 131
72 180
72 140
72 191
73 84
73 95
73 94
74 134
74 138
74 132
74 163
74 184
74 185
74 189
74 203
74 196
74 200
74 204
74 202
74 75
74 76
74 87
74 93
74 97
74 105
74 112
74 113
74 121
74 122
74 127
75 203
75 76
75 138
75 196
75 105
75 132
75 184
75 150
75 97
75 113
75 189
75 185
75 106
75 121
75 122
76 134
76 135
76 138
76 153
76 163
76 189
76 203
76 198
76 200
76 204
76 79
76 87
76 91
76 93
76 97
76 105
76 112
76 113
76 121
76 122
76 127
77 202
78 160
78 194
78 179
78 171
78 92
78 109
79 134
79 138
79 132
79 150
79 163
79 170
79 188
79 189
79 190
79 195
79 204
79 203
79 87
79 93
79 97
79 105
79 106
79 113
79 169
79 120
79 122
79 127
80 176
80 99
80 88
80 188
80 156
81 147
81 100
81 168
81 123
81 143
82 98
82 110
83 194
83 92
83 102
84 149
84 167
84 85
84 169
84 191
84 186
84 94
84 95
85 99
85 167
85 169
85 88
85 146
85 180
85 92
85 125
85 149
86 128
86 195
86 132
86 139
86 150
86 100
86 103
86 203
86 119
86 187
86 106
87 134
87 135
87 138
87 153
87 156
87 163
87 189
87 197
87 198
87 200
87 204
87 89
87 91
87 93
87 97
87 105
87 113
87 117
87 121
87 122
87 126
87 127
88 96
88 160
88 99
88 169
88 146
88 125
88 180
88 149
89 197
89 135
89 153
89 91
89 164
89 101
89 173
89 110
89 126
89 117
90 193
90 159
91 197
91 198
91 135
91 93
91 101
91 127
91 200
91 204
91 153
91 121
91 126
91 117
92 146
92 194
92 109
92 125
93 134
93 163
93 153
93 198
93 97
93 121
93 200
93 113
93 189
93 204
93 105
93 122
93 127
93 117
93 138
94 149
94 167
94 186
94 95
95 149
96 129
96 130
96 180
96 169
96 116
96 155
96 156
96 125
96 160
97 134
97 138
97 153
97 132
97 163
97 184
97 189
97 203
97 196
97 200
97 204
97 105
97 112
97 113
97 121
97 122
97 127
99 169
99 146
99 125
99 180
99 149
99 154
100 128
100 166
100 103
100 154
100 159
101 164
101 197
101 135
101 110
101 153
101 126
101 117
102 142
103 128
103 195
103 139
103 203
103 119
103 132
103 187
103 106
103 150
104 107
104 139
105 134
105 138
105 132
105 156
105 150
105 163
105 189
105 195
105 196
105 200
105 204
105 203
105 188
105 106
105 113
105 121
105 122
105 127
106 128
106 195
106 132
106 203
106 150
106 189
106 113
106 184
106 122
106 187
106 138
107 186
107 166
107 119
107 139
107 167
108 141
108 199
109 194
110 129
110 178
110 197
110 155
110 156
111 181
112 200
112 202
112 184
112 121
112 122
112 185
113 134
113 138
113 132
113 150
113 163
113 184
113 189
113 195
113 200
113 204
113 203
113 121
113 122
113 127
114 175
115 173
115 133
115 151
116 130
116 131
116 129
116 160
116 179
116 155
117 198
117 197
117 135
117 163
117 155
117 200
117 178
117 204
117 153
117 126
117 127
118 152
118 147
118 182
118 166
118 136
118 123
118 158
119 128
119 139
119 187
119 166
120 134
120 169
120 170
120 191
120 190
121 135
121 138
121 132
121 163
121 184
121 185
121 189
121 196
121 200
121 204
121 122
121 202
121 127
122 134
122 138
122 150
122 132
122 163
122 184
122 189
122 203
122 200
122 204
122 127
123 147
123 158
124 162
124 165
124 183
125 160
125 169
125 146
125 180
125 149
126 197
126 135
126 153
126 164
127 134
127 138
127 130
127 153
127 156
127 163
127 189
127 197
127 198
127 200
127 204
128 195
128 132
128 139
128 154
128 150
128 203
128 187
129 130
129 197
129 155
129 156
130 198
130 178
130 155
130 156
131 140
132 189
132 195
132 196
132 203
132 150
132 138
132 184
133 164
133 196
133 135
133 173
134 198
134 153
134 163
134 170
134 189
134 204
134 200
134 138
134 190
135 197
135 164
135 173
135 176
135 204
135 153
136 147
136 182
136 152
136 158
137 176
137 201
138 150
138 163
138 188
138 189
138 195
138 196
138 200
138 204
138 184
138 203
139 187
139 166
140 194
141 177
143 192
143 148
143 145
143 168
144 172
146 167
147 166
147 158
149 191
149 169
149 180
150 189
150 188
150 203
150 195
151 201
151 174
152 182
153 197
153 163
153 156
153 198
153 155
153 200
153 178
153 204
154 166
155 197
155 178
155 156
156 197
156 204
156 163
156 188
157 181
158 175
159 193
160 194
160 180
160 179
162 165
162 183
163 189
163 198
163 200
163 204
163 203
164 173
165 183
167 186
169 195
169 180
169 191
169 170
169 190
170 191
170 190
171 179
173 176
173 196
174 201
176 188
176 196
178 198
178 197
180 191
184 189
184 196
184 185
184 202
185 196
185 202
188 195
189 195
189 200
189 204
189 203
190 191
192 199
195 203
197 198
197 204
198 200
198 204
200 204
203 204
