0 3
0 1
0 2
0 19
0 172
0 155
0 108
0 31
1 2
1 3
1 4
1 146
1 172
1 108
1 93
1 31
2 146
2 3
2 4
2 165
2 8
2 10
2 172
2 31
3 4
3 165
3 8
3 10
3 172
3 146
3 31
4 165
4 33
4 8
4 10
4 43
4 172
4 93
4 146
4 170
4 42
4 158
4 31
5 193
5 66
5 171
5 196
5 7
5 200
5 172
5 175
5 12
5 130
5 77
5 17
5 19
5 85
5 25
5 27
5 93
5 158
5 31
5 32
5 167
5 168
5 106
5 103
5 108
5 109
5 29
5 179
5 54
5 187
5 170
5 191
6 68
6 197
6 135
6 72
6 180
6 154
6 39
6 44
7 129
7 130
7 196
7 193
7 200
7 138
7 160
7 12
7 77
7 144
7 17
7 19
7 20
7 23
7 25
7 179
7 184
7 28
7 29
7 31
7 32
7 103
7 168
7 156
7 106
7 167
7 108
7 109
7 175
7 112
7 113
7 147
7 54
7 153
7 191
8 128
8 10
8 12
8 66
8 17
8 146
8 196
8 85
8 87
8 24
8 25
8 26
8 27
8 31
8 33
8 165
8 103
8 42
8 43
8 172
8 49
8 51
8 187
9 65
9 66
9 145
9 11
9 14
9 79
9 16
9 17
9 85
9 22
9 89
9 154
9 15
9 27
9 100
9 101
9 166
9 39
9 104
9 41
9 110
9 48
9 54
9 119
9 123
9 190
10 12
10 66
10 17
10 146
10 196
10 85
10 87
10 24
10 25
10 26
10 27
10 92
10 93
10 158
10 31
10 33
10 165
10 103
10 42
10 43
10 172
10 49
10 51
10 187
11 65
11 164
11 145
11 14
11 79
11 16
11 17
11 22
11 89
11 15
11 27
11 100
11 101
11 166
11 39
11 104
11 41
11 110
11 48
11 54
11 119
11 123
11 190
12 128
12 193
12 66
12 196
12 77
12 79
12 17
12 146
12 19
12 85
12 22
12 87
12 24
12 25
12 15
12 92
12 93
12 158
12 31
12 33
12 197
12 27
12 165
12 39
12 168
12 41
12 106
12 103
12 172
12 109
12 49
12 51
12 54
12 187
12 200
12 170
12 190
13 192
13 34
13 68
13 134
13 72
13 169
13 44
13 114
13 80
13 50
13 86
13 57
13 56
13 36
13 62
13 95
14 65
14 79
14 16
14 145
14 89
14 164
14 154
14 15
14 163
14 100
14 101
14 166
14 39
14 104
14 110
14 48
14 54
14 119
14 123
14 190
15 66
15 123
15 196
15 166
15 39
15 41
15 187
15 79
15 48
15 17
15 51
15 199
15 85
15 22
15 87
15 27
15 190
16 129
16 164
16 140
16 77
16 147
16 84
16 21
16 88
16 89
16 201
16 91
16 157
16 96
16 100
16 105
16 173
16 110
16 48
16 181
16 119
16 20
16 123
16 188
16 126
17 128
17 193
17 66
17 196
17 77
17 79
17 19
17 85
17 22
17 87
17 25
17 93
17 158
17 31
17 33
17 27
17 165
17 39
17 168
17 41
17 106
17 103
17 109
17 200
17 51
17 199
17 54
17 187
17 170
17 190
18 194
18 35
18 37
18 136
18 137
18 46
18 59
18 82
18 52
18 181
18 150
18 84
18 91
18 126
19 128
19 196
19 172
19 77
19 20
19 25
19 155
19 28
19 31
19 103
19 168
19 106
19 108
19 109
19 175
19 112
19 113
19 179
19 185
19 191
19 63
20 128
20 129
20 195
20 179
20 74
20 160
20 140
20 77
20 141
20 173
20 148
20 21
20 88
20 153
20 28
20 94
20 96
20 168
20 105
20 106
20 109
20 175
20 112
20 113
20 147
20 54
20 185
20 188
20 63
21 129
21 203
21 74
21 160
21 140
21 77
21 141
21 147
21 148
21 121
21 88
21 153
21 28
21 157
21 94
21 96
21 162
21 38
21 105
21 173
21 174
21 112
21 113
21 117
21 120
21 188
21 125
22 128
22 66
22 195
22 196
22 199
22 148
22 85
22 25
22 79
22 187
22 166
22 103
22 41
22 27
22 51
22 123
22 190
23 160
23 130
23 179
23 200
23 137
23 138
23 139
23 144
23 184
23 83
23 153
23 90
23 91
23 156
23 32
23 97
23 36
23 193
23 168
23 106
23 110
23 147
23 56
23 189
23 126
23 191
24 33
24 66
24 165
24 42
24 43
24 49
24 146
24 51
24 85
24 87
24 26
24 187
24 92
25 128
25 193
25 66
25 196
25 77
25 146
25 85
25 87
25 27
25 93
25 158
25 31
25 33
25 155
25 165
25 103
25 168
25 41
25 106
25 172
25 109
25 175
25 200
25 51
25 54
25 187
25 170
26 146
26 87
26 49
26 33
26 43
26 92
26 42
26 165
27 128
27 66
27 196
27 199
27 77
27 79
27 85
27 87
27 158
27 31
27 33
27 165
27 39
27 168
27 41
27 106
27 103
27 109
27 48
27 200
27 51
27 54
27 187
27 190
28 128
28 129
28 195
28 179
28 74
28 160
28 140
28 77
28 141
28 173
28 185
28 88
28 153
28 155
28 94
28 96
28 105
28 106
28 107
28 109
28 175
28 112
28 113
28 147
28 54
28 148
28 188
28 63
29 193
29 130
29 131
29 200
29 143
29 144
29 47
29 32
29 98
29 167
29 106
29 171
29 108
29 111
29 179
29 53
29 183
29 184
29 57
29 189
29 191
30 80
30 34
30 114
30 86
30 167
30 57
30 183
30 50
30 62
31 128
31 172
31 66
31 146
31 85
31 93
31 158
31 196
31 33
31 155
31 165
31 103
31 168
31 106
31 108
31 109
31 175
31 200
31 51
31 187
31 170
32 193
32 130
32 131
32 200
32 138
32 143
32 144
32 156
32 98
32 36
32 167
32 168
32 106
32 171
32 108
32 109
32 111
32 179
32 53
32 183
32 184
32 57
32 189
32 191
33 66
33 197
33 146
33 196
33 85
33 87
33 92
33 93
33 158
33 165
33 103
33 42
33 43
33 49
33 180
33 187
33 170
34 192
34 68
34 114
34 134
34 72
34 44
34 80
34 50
34 86
34 57
34 62
34 95
35 67
35 139
35 150
35 70
35 194
35 152
35 137
35 59
35 82
35 46
36 97
36 98
36 68
36 134
36 130
36 72
36 169
36 138
36 176
36 44
36 80
36 83
36 56
36 57
36 90
36 192
36 62
36 95
37 52
37 78
37 150
37 137
37 136
37 132
37 59
37 178
37 126
37 181
38 162
38 40
38 74
38 203
38 141
38 174
38 125
38 115
38 55
38 120
38 121
38 157
38 117
39 65
39 66
39 196
39 79
39 85
39 87
39 154
39 187
39 101
39 104
39 48
39 54
39 119
39 123
39 190
40 162
40 115
40 55
40 120
40 121
40 159
40 203
40 141
40 94
40 127
41 128
41 66
41 195
41 196
41 199
41 79
41 148
41 85
41 88
41 166
41 103
41 173
41 51
41 187
41 54
41 123
41 190
41 63
42 165
42 43
42 49
42 146
42 87
42 92
43 165
43 49
43 146
43 87
43 92
44 192
44 180
44 68
44 114
44 135
44 72
44 169
44 80
44 50
44 134
44 86
44 57
44 56
44 62
44 95
45 64
45 99
45 178
45 115
45 132
45 201
45 61
45 78
45 157
46 65
46 83
46 101
46 104
46 137
46 139
46 82
46 194
46 152
46 59
46 67
46 84
46 181
46 150
46 56
46 90
46 91
46 154
46 126
47 191
47 131
47 53
47 167
47 171
47 143
47 108
47 142
47 111
48 65
48 145
48 84
48 89
48 164
48 154
48 79
48 100
48 101
48 166
48 104
48 110
48 181
48 54
48 119
48 123
48 190
49 66
49 165
49 146
49 51
49 85
49 87
49 92
49 158
49 197
50 192
50 68
50 134
50 72
50 80
50 114
50 86
50 57
50 62
50 95
51 128
51 66
51 195
51 196
51 199
51 146
51 85
51 87
51 79
51 165
51 103
51 54
51 187
51 190
52 64
52 132
52 150
52 178
52 137
52 201
52 59
52 126
52 78
53 98
53 131
53 167
53 171
53 108
53 130
53 143
53 189
53 183
53 57
53 111
53 191
54 128
54 193
54 66
54 196
54 130
54 200
54 138
54 77
54 79
54 85
54 179
54 112
54 187
54 103
54 168
54 106
54 109
54 110
54 113
54 119
54 184
54 123
54 190
55 120
55 162
55 203
55 121
55 159
55 141
55 94
55 127
56 97
56 98
56 139
56 134
56 72
56 169
56 138
56 75
56 176
56 83
56 152
56 90
56 91
56 156
56 189
56 95
57 192
57 193
57 130
57 68
57 134
57 72
57 138
57 98
57 80
57 86
57 143
57 167
57 106
57 171
57 108
57 114
57 200
57 180
57 183
57 62
57 191
58 174
58 203
58 69
58 118
58 74
58 107
58 125
58 122
58 94
58 117
59 194
59 70
59 137
59 139
59 82
59 67
59 150
59 126
60 81
60 116
60 102
60 151
60 161
60 186
60 159
60 202
60 142
60 127
61 64
61 99
61 178
61 115
61 132
61 147
61 201
61 140
61 78
61 157
62 192
62 68
62 114
62 134
62 135
62 72
62 80
62 180
62 86
63 96
63 128
63 195
63 198
63 199
63 74
63 107
63 173
63 175
63 148
63 185
63 88
63 155
63 94
64 178
64 99
64 201
64 132
64 78
65 136
65 138
65 190
65 79
65 84
65 164
65 154
65 91
65 100
65 101
65 104
65 110
65 181
65 119
65 123
65 126
66 128
66 196
66 199
66 79
66 146
66 85
66 87
66 92
66 93
66 158
66 197
66 165
66 168
66 170
66 103
66 109
66 187
66 200
66 190
67 152
67 82
67 84
67 70
67 104
67 169
67 154
67 194
68 114
68 135
68 72
68 80
68 180
68 86
68 134
69 198
69 203
69 122
69 117
69 118
69 107
69 174
69 74
69 94
69 125
70 194
70 82
71 97
71 75
71 83
71 139
71 149
71 150
71 177
71 137
71 90
71 91
71 156
72 192
72 114
72 135
72 169
72 80
72 152
72 134
72 86
72 95
73 198
73 118
73 185
73 122
73 107
73 175
74 96
74 162
74 203
74 105
74 107
74 117
74 174
74 141
74 173
74 188
74 88
74 121
74 125
74 94
75 176
75 97
75 83
75 149
75 90
75 139
76 164
76 145
76 163
76 100
76 204
76 182
76 136
76 89
76 123
76 124
77 128
77 129
77 196
77 200
77 140
77 138
77 160
77 173
77 153
77 88
77 179
77 96
77 144
77 191
77 193
77 103
77 168
77 105
77 106
77 109
77 175
77 112
77 113
77 147
77 184
77 148
77 187
77 188
77 85
78 178
78 201
78 132
79 196
79 85
79 89
79 154
79 187
79 100
79 101
79 166
79 104
79 103
79 110
79 168
79 119
79 123
79 190
80 192
80 114
80 134
80 135
80 180
80 86
81 161
81 202
81 159
81 127
82 194
82 104
82 137
82 139
82 84
82 181
82 150
82 152
82 90
82 126
83 97
83 139
83 137
83 138
83 144
83 184
83 150
83 176
83 90
83 91
83 156
83 189
83 126
84 136
84 137
84 138
84 110
84 150
84 164
84 90
84 91
84 154
84 100
84 101
84 104
84 181
84 119
84 126
85 128
85 193
85 196
85 146
85 87
85 92
85 93
85 158
85 197
85 165
85 168
85 106
85 103
85 109
85 180
85 187
85 200
85 170
85 190
86 192
86 134
86 114
86 180
87 196
87 197
87 146
87 92
87 165
87 187
88 128
88 129
88 195
88 199
88 140
88 173
88 147
88 157
88 94
88 96
88 105
88 107
88 109
88 174
88 175
88 112
88 113
88 117
88 148
88 188
89 163
89 100
89 166
89 136
89 110
89 145
89 140
89 148
89 182
89 119
89 164
89 123
89 124
89 190
90 97
90 139
90 137
90 138
90 144
90 184
90 150
90 176
90 91
90 156
90 126
91 137
91 138
91 139
91 144
91 184
91 147
91 110
91 150
91 153
91 156
91 154
91 160
91 97
91 181
91 201
91 126
92 196
92 165
92 93
92 146
92 170
92 180
92 158
92 197
93 193
93 200
93 130
93 146
93 196
93 158
93 197
93 165
93 103
93 170
93 167
93 108
93 180
94 129
94 203
94 140
94 141
94 147
94 96
94 162
94 105
94 107
94 173
94 174
94 175
94 112
94 113
94 117
94 121
94 188
94 125
95 192
95 134
95 169
95 176
95 114
96 128
96 129
96 195
96 199
96 140
96 173
96 147
96 157
96 105
96 107
96 109
96 174
96 175
96 112
96 113
96 117
96 148
96 188
97 176
97 98
97 138
97 139
97 144
97 184
97 156
97 189
98 130
98 131
98 171
98 192
98 143
98 176
98 189
98 183
98 111
99 178
99 115
99 132
99 133
99 201
100 136
100 145
100 163
100 164
100 101
100 166
100 104
100 110
100 140
100 204
100 181
100 182
100 119
100 123
100 124
100 190
101 104
101 190
101 110
101 136
101 119
101 164
101 154
101 123
101 124
101 126
101 181
102 161
102 116
102 151
102 186
102 142
102 159
103 128
103 193
103 196
103 130
103 179
103 158
103 155
103 165
103 168
103 106
103 172
103 109
103 113
103 187
103 200
103 170
103 191
104 136
104 110
104 119
104 164
104 154
104 123
104 124
104 181
105 129
105 160
105 140
105 141
105 173
105 147
105 153
105 157
105 109
105 110
105 174
105 112
105 113
105 179
105 117
105 148
105 188
106 160
106 130
106 171
106 196
106 184
106 138
106 143
106 144
106 168
106 156
106 193
106 167
106 108
106 109
106 112
106 113
106 179
106 153
106 200
106 191
107 175
107 195
107 198
107 173
107 174
107 125
107 148
107 117
107 118
107 185
107 155
107 122
108 130
108 131
108 200
108 143
108 111
108 193
108 167
108 171
108 170
108 191
109 128
109 196
109 130
109 200
109 138
109 160
109 144
109 153
109 179
109 193
109 187
109 129
109 173
109 175
109 112
109 113
109 147
109 184
109 168
109 191
110 164
110 129
110 136
110 138
110 140
110 184
110 147
110 201
110 137
110 154
110 160
110 181
110 119
110 153
110 123
110 126
111 131
111 167
111 171
111 130
111 143
111 189
111 183
111 191
112 129
112 179
112 200
112 160
112 140
112 141
112 144
112 173
112 147
112 153
112 156
112 168
112 175
112 113
112 184
112 188
112 191
113 128
113 129
113 179
113 200
113 160
113 140
113 173
113 144
113 147
113 153
113 168
113 175
113 184
113 148
113 188
113 191
114 192
114 134
115 120
115 162
115 121
116 161
116 151
116 186
116 142
116 159
117 162
117 203
117 141
117 174
117 173
117 120
117 121
117 188
117 125
118 198
118 122
119 138
119 190
119 154
119 168
119 181
119 123
119 126
120 162
120 121
120 203
120 141
120 174
121 162
121 188
121 203
121 141
121 174
121 127
122 198
123 182
123 145
123 163
123 166
123 190
124 163
124 164
124 136
124 204
124 145
124 181
124 182
125 162
125 203
125 141
125 174
125 188
126 201
126 137
126 150
126 156
126 154
126 181
127 161
127 202
127 186
127 141
127 142
127 159
128 195
128 196
128 199
128 173
128 185
128 155
128 172
128 175
128 148
128 187
129 160
129 201
129 140
129 141
129 144
129 173
129 147
129 153
129 157
129 179
129 184
129 148
129 188
130 193
130 171
130 200
130 138
130 143
130 144
130 156
130 167
130 168
130 179
130 180
130 184
130 189
130 191
131 167
131 171
131 143
131 183
131 191
132 178
132 201
133 149
134 192
134 135
134 169
134 152
135 180
135 154
135 197
136 163
136 204
136 164
136 145
136 181
136 182
137 201
137 139
137 150
137 156
137 181
138 200
138 160
138 144
138 184
138 153
138 156
138 154
138 193
138 168
138 179
138 191
139 176
139 149
139 150
139 156
140 201
140 160
140 141
140 147
140 153
140 157
140 173
140 188
141 203
141 147
141 159
141 162
141 174
141 188
142 161
142 151
142 186
142 159
143 193
143 167
143 200
143 171
143 144
143 189
143 183
143 191
144 179
144 200
144 160
144 147
144 153
144 156
144 193
144 168
144 184
144 189
144 191
145 163
145 166
145 164
145 204
145 182
146 196
146 158
146 165
146 172
146 187
147 201
147 160
147 173
147 156
147 153
147 157
147 179
147 184
147 188
148 195
148 173
148 188
148 175
148 199
149 177
150 178
150 181
150 201
151 161
151 186
152 169
152 194
153 200
153 202
153 156
153 160
153 168
153 179
153 184
153 188
153 189
153 191
154 181
155 195
155 172
155 175
155 185
156 160
156 179
156 200
156 184
156 193
156 168
156 189
156 191
157 173
157 201
157 188
158 193
158 196
158 197
158 165
158 167
158 170
158 180
159 161
159 202
159 186
160 200
160 168
160 179
160 184
160 188
160 189
160 202
160 191
161 186
161 202
162 203
162 174
162 188
163 164
163 166
163 204
163 182
164 182
164 204
164 181
165 197
165 196
165 172
165 187
165 170
166 182
166 199
166 190
167 193
167 200
167 168
167 171
167 180
167 183
167 170
167 191
168 196
168 184
168 193
168 179
168 187
168 200
168 191
169 176
169 192
170 200
170 193
170 196
170 180
170 197
171 193
171 200
171 189
171 183
171 191
172 196
172 175
172 187
172 185
173 195
173 199
173 174
173 175
173 188
174 203
174 188
175 195
175 198
175 185
175 179
178 201
179 200
179 193
179 184
179 189
179 191
180 197
180 200
180 193
181 204
182 204
184 200
184 193
184 189
184 191
185 195
185 198
187 195
187 196
187 199
187 190
189 191
191 200
191 193
193 196
193 200
195 199
196 197
196 200
