0 1
0 2
0 3
0 4
0 5
0 6
0 7
0 9
0 10
0 139
0 13
0 144
0 17
0 18
0 19
0 21
0 22
0 23
0 152
0 25
0 32
0 33
0 34
0 35
0 36
0 134
0 38
0 167
0 129
0 41
0 135
0 200
0 53
0 55
0 60
0 191
0 197
0 161
0 72
0 77
0 83
0 92
0 100
0 103
0 106
0 119
0 121
0 127
1 129
1 2
1 3
1 5
1 6
1 7
1 9
1 139
1 13
1 144
1 17
1 18
1 19
1 21
1 22
1 23
1 152
1 25
1 26
1 32
1 161
1 34
1 35
1 36
1 134
1 38
1 167
1 41
1 171
1 53
1 55
1 60
1 61
1 191
1 197
1 33
1 77
1 83
1 92
1 100
1 103
1 121
1 127
2 5
2 6
2 7
2 9
2 139
2 13
2 161
2 144
2 17
2 19
2 22
2 23
2 191
2 25
2 26
2 197
2 100
2 32
2 33
2 34
2 35
2 36
2 70
2 38
2 167
2 129
2 41
2 171
2 166
2 83
2 53
2 55
2 121
2 127
2 60
2 61
2 134
2 65
3 135
3 139
3 4
3 5
3 6
3 7
3 72
3 9
3 10
3 119
3 77
3 161
3 144
3 17
3 18
3 19
3 21
3 22
3 152
3 25
3 27
3 92
3 197
3 33
3 34
3 100
3 134
3 38
3 103
3 41
3 106
3 71
3 191
3 200
3 162
3 53
3 55
3 121
3 127
3 60
3 85
4 64
4 71
4 72
4 10
4 142
4 17
4 18
4 147
4 21
4 152
4 27
4 92
4 162
4 163
4 103
4 106
4 135
4 173
4 200
4 19
4 53
4 119
4 185
4 59
4 85
5 6
5 7
5 145
5 9
5 162
5 139
5 12
5 13
5 142
5 144
5 17
5 18
5 19
5 21
5 22
5 23
5 152
5 25
5 30
5 32
5 33
5 34
5 35
5 36
5 134
5 38
5 167
5 129
5 41
5 135
5 178
5 53
5 55
5 60
5 61
5 181
5 64
5 197
5 71
5 75
5 204
5 77
5 85
5 164
5 92
5 96
5 100
5 166
5 103
5 161
5 171
5 109
5 119
5 121
5 191
5 127
6 100
6 7
6 8
6 9
6 139
6 13
6 161
6 144
6 17
6 83
6 22
6 23
6 25
6 26
6 92
6 197
6 32
6 33
6 34
6 35
6 36
6 134
6 38
6 129
6 41
6 171
6 191
6 53
6 55
6 121
6 127
6 60
6 61
6 65
7 129
7 9
7 119
7 161
7 144
7 17
7 18
7 19
7 139
7 22
7 197
7 25
7 92
7 100
7 32
7 33
7 34
7 35
7 36
7 134
7 38
7 103
7 41
7 171
7 83
7 53
7 55
7 121
7 191
7 60
7 61
7 127
8 32
8 33
8 35
8 36
8 197
8 129
8 83
8 22
8 55
8 26
8 65
9 119
9 161
9 144
9 17
9 18
9 19
9 139
9 22
9 25
9 92
9 100
9 32
9 33
9 34
9 35
9 36
9 134
9 38
9 103
9 129
9 41
9 197
9 83
9 53
9 55
9 121
9 191
9 60
9 127
10 200
10 163
10 134
10 103
10 72
10 106
10 135
10 173
10 17
10 18
10 19
10 21
10 119
10 185
10 127
10 92
10 167
10 53
11 27
11 116
11 131
11 119
11 137
11 89
11 59
11 111
12 64
12 71
12 75
12 204
12 162
12 142
12 13
12 145
12 85
12 152
12 25
12 30
12 96
12 34
12 77
12 166
12 81
12 135
12 178
12 181
12 122
12 60
12 189
13 139
13 129
13 75
13 77
13 161
13 144
13 17
13 18
13 19
13 21
13 22
13 23
13 25
13 92
13 197
13 32
13 33
13 34
13 35
13 36
13 134
13 38
13 167
13 41
13 106
13 166
13 178
13 83
13 53
13 55
13 191
13 60
13 127
14 177
14 105
14 74
14 43
14 76
14 45
14 15
14 16
14 49
14 140
14 51
14 157
14 156
14 29
14 62
15 177
15 105
15 74
15 43
15 76
15 45
15 157
15 16
15 49
15 140
15 51
15 174
15 88
15 156
15 29
15 62
16 160
16 175
16 105
16 74
16 43
16 29
16 45
16 177
16 140
16 51
16 151
16 156
16 124
16 93
16 62
16 159
17 139
17 144
17 18
17 19
17 21
17 23
17 25
17 32
17 161
17 34
17 35
17 36
17 134
17 38
17 167
17 129
17 41
17 135
17 173
17 200
17 53
17 55
17 191
17 197
17 33
17 72
17 83
17 92
17 100
17 103
17 106
17 119
17 121
17 127
18 134
18 72
18 144
18 19
18 21
18 23
18 25
18 92
18 167
18 185
18 197
18 34
18 100
18 38
18 103
18 106
18 135
18 173
18 200
18 53
18 119
18 121
18 191
18 127
19 100
19 72
19 139
19 144
19 83
19 21
19 23
19 25
19 92
19 167
19 185
19 197
19 33
19 34
19 36
19 134
19 38
19 103
19 161
19 106
19 135
19 173
19 200
19 53
19 119
19 121
19 191
19 127
20 183
20 170
20 57
20 42
20 91
20 44
20 122
20 79
21 134
21 71
21 72
21 77
21 144
21 85
21 23
21 152
21 25
21 92
21 167
21 185
21 197
21 34
21 163
21 100
21 38
21 103
21 106
21 135
21 173
21 200
21 162
21 53
21 119
21 121
21 191
21 127
22 139
22 204
22 161
22 144
22 83
22 23
22 152
22 25
22 26
22 197
22 100
22 32
22 33
22 34
22 35
22 36
22 134
22 38
22 129
22 41
22 171
22 191
22 53
22 55
22 121
22 127
22 60
22 61
22 65
23 129
23 139
23 161
23 77
23 144
23 25
23 92
23 100
23 32
23 33
23 34
23 35
23 36
23 134
23 38
23 167
23 41
23 106
23 197
23 166
23 83
23 53
23 55
23 121
23 191
23 60
23 127
24 56
24 120
24 123
24 39
25 162
25 139
25 144
25 145
25 152
25 32
25 33
25 34
25 35
25 36
25 134
25 38
25 167
25 129
25 41
25 135
25 178
25 53
25 55
25 60
25 61
25 181
25 197
25 71
25 75
25 204
25 77
25 83
25 92
25 171
25 100
25 166
25 161
25 106
25 103
25 121
25 191
25 127
26 32
26 35
26 36
26 70
26 33
26 129
26 139
26 161
26 83
26 171
26 55
26 197
26 61
26 65
27 59
27 85
27 103
27 119
27 147
27 135
27 111
28 52
28 133
28 87
28 73
28 58
28 124
29 198
29 140
29 74
29 76
29 80
29 84
29 156
29 157
29 160
29 164
29 105
29 43
29 45
29 174
29 93
29 177
29 51
29 118
29 62
30 160
30 71
30 204
30 75
30 162
30 77
30 145
30 84
30 152
30 93
30 96
30 34
30 164
30 166
30 41
30 171
30 109
30 175
30 177
30 178
30 181
30 189
30 60
30 61
31 130
31 186
32 139
32 161
32 144
32 83
32 197
32 100
32 33
32 34
32 35
32 36
32 70
32 38
32 129
32 41
32 171
32 191
32 53
32 55
32 121
32 127
32 60
32 61
32 134
32 65
33 139
33 204
33 144
33 197
33 92
33 100
33 161
33 34
33 35
33 36
33 134
33 38
33 103
33 129
33 41
33 171
33 191
33 83
33 53
33 55
33 121
33 127
33 60
33 61
33 65
34 145
34 139
34 142
34 144
34 152
34 162
34 36
34 134
34 38
34 167
34 129
34 41
34 135
34 178
34 53
34 55
34 60
34 61
34 181
34 64
34 197
34 71
34 75
34 204
34 77
34 85
34 164
34 92
34 96
34 100
34 166
34 103
34 161
34 171
34 109
34 121
34 191
34 127
35 139
35 161
35 144
35 83
35 92
35 100
35 197
35 36
35 134
35 38
35 129
35 41
35 171
35 191
35 53
35 55
35 121
35 127
35 61
35 65
36 139
36 161
36 144
36 92
36 197
36 100
36 70
36 38
36 167
36 129
36 41
36 171
36 191
36 83
36 53
36 55
36 121
36 127
36 60
36 61
36 134
36 65
37 97
37 54
37 39
37 136
37 73
37 170
37 107
37 44
37 176
37 168
37 114
37 52
37 149
37 86
37 150
37 148
37 58
37 183
37 125
37 94
37 95
38 139
38 161
38 144
38 197
38 92
38 100
38 134
38 103
38 129
38 41
38 167
38 83
38 53
38 55
38 121
38 191
38 127
39 97
39 136
39 169
39 138
39 107
39 46
39 114
39 148
39 149
39 86
39 150
39 58
39 125
39 126
40 192
40 82
40 132
40 69
40 118
40 169
40 153
40 154
40 158
41 139
41 144
41 145
41 171
41 152
41 162
41 134
41 129
41 71
41 53
41 55
41 60
41 61
41 191
41 160
41 197
41 161
41 204
41 77
41 164
41 92
41 93
41 96
41 100
41 166
41 103
41 109
41 121
41 127
42 180
42 163
42 57
42 91
42 188
42 79
43 198
43 140
43 74
43 76
43 80
43 84
43 156
43 93
43 160
43 164
43 105
43 45
43 174
43 157
43 177
43 51
43 118
43 62
44 97
44 168
44 170
44 107
44 176
44 114
44 149
44 86
44 150
44 122
44 54
44 183
44 94
44 95
45 177
45 105
45 74
45 76
45 49
45 140
45 51
45 174
45 157
45 88
45 156
45 62
46 97
46 148
46 150
46 86
46 136
46 202
46 138
46 155
46 125
46 63
47 128
47 192
47 82
47 101
48 179
48 133
49 165
49 105
49 174
49 177
49 146
49 51
49 62
49 118
49 169
49 153
49 156
49 190
49 126
50 131
50 116
50 199
51 140
51 74
51 76
51 80
51 84
51 156
51 93
51 159
51 160
51 164
51 177
51 105
51 174
51 157
51 118
51 62
52 97
52 54
52 73
52 58
52 86
53 139
53 144
53 152
53 134
53 167
53 129
53 135
53 200
53 55
53 60
53 191
53 197
53 161
53 72
53 77
53 83
53 92
53 100
53 103
53 106
53 119
53 121
53 127
54 97
54 168
54 73
54 170
54 176
54 86
54 58
54 125
54 94
54 95
55 139
55 161
55 144
55 83
55 197
55 92
55 100
55 134
55 129
55 171
55 191
55 121
55 127
55 60
55 61
55 65
56 112
56 120
56 130
56 99
56 190
56 182
56 153
56 186
56 123
56 78
57 173
57 163
57 72
57 180
57 91
57 200
57 106
57 79
58 97
58 168
58 73
58 107
58 86
58 175
58 149
58 169
58 124
58 126
58 95
59 131
59 119
59 147
59 111
60 139
60 144
60 145
60 171
60 152
60 161
60 162
60 134
60 166
60 135
60 178
60 61
60 181
60 160
60 197
60 75
60 204
60 77
60 84
60 85
60 164
60 71
60 93
60 96
60 100
60 103
60 109
60 121
60 191
60 127
61 164
61 139
61 204
61 161
61 145
61 84
61 152
61 100
61 93
61 159
61 166
61 65
61 129
61 171
61 109
61 197
61 160
61 121
62 177
62 105
62 74
62 76
62 140
62 157
62 156
63 136
63 202
63 155
64 71
64 72
64 75
64 77
64 142
64 145
64 147
64 85
64 152
64 132
64 154
64 135
64 69
64 96
64 163
64 162
64 81
64 103
64 109
64 111
64 200
64 178
64 181
64 119
64 187
64 188
65 70
65 129
65 161
65 139
65 171
65 166
66 113
66 82
66 101
66 143
67 112
67 201
67 195
67 78
67 203
68 90
69 128
69 132
69 101
69 192
69 142
69 82
69 147
69 174
69 118
69 154
69 187
69 158
70 171
70 129
70 139
71 132
71 135
71 145
71 75
71 77
71 142
71 164
71 81
71 147
71 84
71 152
71 96
71 163
71 162
71 103
71 109
71 111
71 200
71 178
71 181
71 119
71 187
71 85
72 134
72 135
72 200
72 142
72 79
72 185
72 92
72 163
72 103
72 106
72 167
72 173
72 180
72 119
72 85
73 97
73 133
73 168
73 86
73 175
73 176
73 87
73 95
73 124
74 160
74 105
74 140
74 177
74 151
74 156
74 93
74 159
75 204
75 162
75 142
75 77
75 145
75 85
75 152
75 96
75 166
75 81
75 135
75 189
75 178
75 181
75 122
76 157
76 198
76 140
77 134
77 204
77 162
77 142
77 164
77 81
77 139
77 85
77 152
77 181
77 96
77 145
77 166
77 103
77 135
77 109
77 178
77 122
77 189
78 112
78 104
78 195
78 201
78 203
79 180
79 200
79 163
79 91
79 106
79 173
80 96
80 160
80 164
80 198
80 137
80 140
80 109
80 93
80 111
80 177
80 84
81 132
81 142
81 145
81 85
81 152
81 154
81 135
81 95
81 96
81 162
81 168
81 107
81 114
81 178
81 181
81 183
81 122
82 128
82 192
82 101
82 158
83 197
83 139
83 144
83 92
83 100
83 134
83 167
83 129
83 161
83 121
83 191
83 127
84 160
84 132
84 204
84 140
84 145
84 174
84 152
84 156
84 96
84 162
84 164
84 105
84 109
84 93
84 111
84 177
84 118
84 187
85 142
85 147
85 152
85 132
85 96
85 163
85 162
85 103
85 145
85 135
85 109
85 111
85 200
85 178
85 181
85 119
85 187
86 136
86 138
86 148
86 149
86 150
86 94
86 95
86 97
86 168
86 170
86 107
86 114
86 183
86 125
87 176
87 124
87 196
87 189
87 175
88 194
88 117
89 137
89 172
91 180
91 163
91 200
91 188
91 173
92 119
92 161
92 144
92 139
92 197
92 100
92 134
92 103
92 106
92 167
92 200
92 121
92 191
92 127
93 160
93 171
93 204
93 140
93 145
93 151
93 152
93 156
93 159
93 96
93 164
93 109
93 177
93 105
94 97
94 115
94 155
94 170
94 125
94 150
95 97
95 168
95 170
95 107
95 175
95 124
95 176
95 114
95 148
95 149
95 122
95 154
95 150
96 132
96 142
96 147
96 152
96 164
96 160
96 162
96 145
96 135
96 109
96 174
96 111
96 177
96 181
96 118
96 187
97 136
97 170
97 107
97 176
97 168
97 149
97 150
97 148
97 125
99 112
99 120
99 130
99 186
99 123
100 119
100 161
100 144
100 139
100 197
100 134
100 103
100 129
100 121
100 191
100 127
101 128
101 192
102 141
102 110
102 165
103 134
103 135
103 142
103 144
103 152
103 162
103 163
103 173
103 200
103 191
103 197
103 161
103 106
103 109
103 119
103 121
103 127
104 186
104 195
105 160
105 177
105 140
105 146
105 174
105 118
105 156
106 134
106 135
106 144
106 185
106 163
106 167
106 173
106 200
106 119
106 127
107 136
107 138
107 183
107 114
107 148
107 149
107 170
107 168
107 154
107 150
108 184
108 138
108 183
109 160
109 132
109 204
109 142
109 145
109 147
109 152
109 164
109 162
109 174
109 111
109 187
110 165
111 162
111 132
111 187
111 142
111 174
111 147
111 152
111 164
111 158
112 130
112 195
112 203
112 146
112 117
112 182
112 120
112 153
112 186
112 190
113 128
113 188
113 143
114 136
114 138
114 148
114 149
114 183
114 184
114 154
114 168
114 150
115 202
115 155
115 125
116 131
116 199
117 182
117 201
118 192
118 132
118 177
118 174
118 190
118 146
118 158
118 169
118 153
118 187
118 156
118 126
119 134
119 135
119 142
119 185
119 152
119 162
119 163
119 173
119 200
119 121
120 123
121 161
121 144
121 139
121 197
121 134
121 129
121 171
121 191
121 127
122 168
122 170
122 176
122 178
122 181
122 189
123 130
123 186
124 176
124 196
124 133
124 168
124 175
124 189
125 136
125 202
125 148
125 149
125 150
125 155
126 146
126 190
126 153
126 169
127 139
127 161
127 144
127 197
127 134
127 129
127 167
127 191
128 192
128 147
128 187
128 143
128 158
129 139
129 161
129 144
129 197
129 167
129 171
129 191
129 134
130 182
130 186
131 199
132 162
132 145
132 174
132 142
132 147
132 152
132 154
132 187
132 192
132 158
133 179
133 141
134 139
134 144
134 161
134 167
134 135
134 173
134 200
134 191
134 197
135 142
135 152
135 181
135 188
135 163
135 162
135 145
135 173
135 200
135 185
136 138
136 148
136 149
136 155
136 150
137 172
138 150
138 148
138 149
138 183
138 184
138 155
139 144
139 152
139 161
139 167
139 171
139 191
139 197
139 204
139 166
140 198
140 156
140 159
140 160
140 164
140 174
140 157
140 177
141 193
141 179
141 165
142 145
142 147
142 152
142 154
142 163
142 162
142 200
142 178
142 181
142 187
142 188
143 188
144 161
144 197
144 167
144 191
145 160
145 164
145 204
145 152
145 162
145 166
145 189
145 178
145 181
146 169
146 165
146 153
146 156
146 190
147 162
147 174
147 187
147 192
147 158
148 149
148 183
148 155
148 150
149 154
149 168
149 183
149 150
150 168
150 183
150 154
150 155
151 160
151 204
151 159
152 181
152 204
152 162
152 164
152 161
152 178
152 160
153 182
153 169
153 174
153 190
153 158
154 183
154 168
155 202
156 160
156 177
156 174
157 198
158 192
158 174
158 187
159 160
159 164
159 204
159 171
159 177
160 171
160 204
160 164
160 177
161 204
161 197
161 171
161 191
162 163
162 164
162 200
162 178
162 181
162 187
163 185
163 173
163 200
163 180
163 188
164 171
164 204
164 174
164 177
165 193
166 196
166 204
166 171
166 178
166 181
166 189
167 197
167 200
167 191
168 170
168 175
168 176
168 183
169 190
170 176
171 204
171 197
173 200
173 180
173 188
173 185
174 192
174 177
174 187
175 176
175 196
175 189
176 196
176 189
178 204
178 189
178 181
180 200
180 185
180 188
181 189
182 186
182 190
183 184
185 200
187 192
189 196
189 204
191 197
195 203
201 203
