0 1
0 2
0 3
0 4
0 69
0 8
0 28
0 34
0 158
0 85
1 2
1 3
1 4
1 69
1 158
2 34
2 3
2 4
2 69
2 8
2 158
2 85
3 4
3 69
3 8
3 34
3 158
3 85
4 68
4 69
4 8
4 34
4 158
4 85
5 65
5 130
5 115
5 147
5 198
5 71
5 73
5 10
5 23
5 77
5 15
5 144
5 145
5 18
5 83
5 139
5 87
5 152
5 27
5 135
5 30
5 96
5 33
5 155
5 36
5 38
5 103
5 41
5 193
5 43
5 125
5 19
5 116
5 190
5 54
5 137
5 120
5 122
5 151
5 61
5 126
5 188
6 161
6 37
6 7
6 72
6 9
6 171
6 78
6 189
6 16
6 49
6 179
6 30
6 86
6 199
6 91
6 157
6 62
7 161
7 67
7 37
7 199
7 72
7 9
7 171
7 173
7 78
7 16
7 49
7 179
7 148
7 86
7 180
7 91
7 70
7 189
7 62
7 101
8 32
8 134
8 158
8 128
8 34
8 142
8 85
8 68
8 26
8 28
8 94
8 159
9 70
9 171
9 78
9 16
9 49
9 179
9 148
9 86
9 180
9 91
9 189
9 62
9 101
10 64
10 65
10 130
10 139
10 198
10 71
10 73
10 23
10 77
10 15
10 144
10 18
10 147
10 21
10 87
10 155
10 135
10 182
10 96
10 33
10 36
10 188
10 103
10 168
10 41
10 193
10 43
10 125
10 109
10 46
10 111
10 48
10 115
10 116
10 117
10 54
10 120
10 122
10 151
10 61
10 190
10 63
11 35
11 39
11 40
11 106
11 76
11 14
11 79
11 52
11 174
11 22
11 57
11 121
12 64
12 66
12 203
12 36
12 166
12 102
12 175
12 172
12 13
12 47
12 141
12 173
12 178
12 84
12 53
12 90
12 27
12 29
13 64
13 66
13 139
13 140
13 80
13 84
13 150
13 23
13 152
13 27
13 29
13 160
13 36
13 102
13 166
13 104
13 188
13 172
13 178
13 175
13 114
13 51
13 53
13 184
13 151
14 192
14 98
14 35
14 39
14 40
14 105
14 106
14 108
14 177
14 163
14 52
14 22
14 121
14 57
14 185
15 135
15 137
15 139
15 143
15 144
15 145
15 18
15 147
15 20
15 23
15 27
15 157
15 30
15 33
15 155
15 37
15 38
15 41
15 193
15 43
15 173
15 49
15 53
15 54
15 186
15 151
15 138
15 65
15 198
15 71
15 72
15 77
15 83
15 86
15 87
15 199
15 96
15 101
15 103
15 107
15 61
15 19
15 116
15 125
15 126
16 161
16 67
16 37
16 171
16 173
16 78
16 49
16 179
16 148
16 86
16 199
16 180
16 91
16 70
16 189
16 62
16 101
17 65
17 194
17 131
17 193
17 74
17 195
17 117
17 24
17 59
17 93
17 190
17 63
18 130
18 135
18 137
18 139
18 144
18 145
18 147
18 23
18 152
18 27
18 30
18 33
18 155
18 36
18 198
18 38
18 41
18 193
18 43
18 53
18 54
18 151
18 138
18 190
18 64
18 65
18 19
18 71
18 73
18 77
18 83
18 87
18 96
18 103
18 188
18 61
18 115
18 116
18 120
18 122
18 125
18 126
19 71
19 77
19 144
19 145
19 147
19 86
19 151
19 176
19 27
19 135
19 157
19 30
19 31
19 96
19 161
19 155
19 101
19 41
19 43
19 173
19 112
19 116
19 53
19 54
19 126
20 67
20 199
20 72
20 138
20 139
20 140
20 80
20 81
20 83
20 148
20 87
20 152
20 27
20 101
20 37
20 104
20 107
20 173
20 178
20 51
20 180
20 56
20 151
20 143
21 64
21 196
21 73
21 77
21 144
21 184
21 147
21 150
21 154
21 36
21 168
21 41
21 42
21 109
21 46
21 111
21 48
21 182
21 201
21 120
21 122
21 125
21 127
22 35
22 39
22 40
22 106
22 76
22 79
22 52
22 174
22 57
22 121
23 64
23 51
23 130
23 147
23 71
23 73
23 139
23 140
23 77
23 144
23 83
23 150
23 87
23 152
23 155
23 96
23 188
23 27
23 36
23 38
23 41
23 125
23 115
23 116
23 53
23 151
23 61
24 194
24 131
24 195
24 113
24 74
24 76
24 110
24 174
24 115
24 117
24 89
24 59
24 93
24 190
24 63
25 98
25 163
25 100
25 133
25 105
25 106
25 83
25 76
25 35
25 52
25 121
25 170
25 165
26 128
26 196
26 134
26 201
26 42
26 45
26 85
26 55
26 154
26 159
26 28
26 158
26 127
27 64
27 66
27 147
27 71
27 140
27 139
27 77
27 80
27 152
27 29
27 188
27 155
27 36
27 101
27 102
27 41
27 172
27 173
27 47
27 51
27 116
27 53
27 175
27 151
27 125
27 166
28 32
28 34
28 68
28 69
28 134
28 167
28 201
28 128
28 45
28 158
28 114
28 85
28 55
28 184
28 159
28 94
28 127
29 64
29 66
29 67
29 203
29 141
29 80
29 81
29 84
29 90
29 47
29 36
29 102
29 166
29 104
29 172
29 173
29 175
29 178
29 53
30 198
30 65
30 43
30 71
30 72
30 137
30 138
30 77
30 144
30 145
30 171
30 86
30 151
30 91
30 135
30 157
30 199
30 37
30 96
30 33
30 155
30 101
30 103
30 193
30 107
30 173
30 49
30 147
30 116
30 54
30 186
30 126
31 112
31 176
31 118
31 75
31 92
32 64
32 128
32 34
32 36
32 166
32 167
32 201
32 172
32 66
32 136
32 114
32 84
32 85
32 184
32 68
32 94
32 127
33 65
33 194
33 198
33 71
33 73
33 139
33 77
33 144
33 145
33 83
33 87
33 155
33 135
33 96
33 38
33 103
33 41
33 193
33 43
33 61
33 147
33 116
33 190
33 54
33 137
33 186
33 151
33 125
33 126
34 69
34 167
34 128
34 158
34 136
34 114
34 85
34 184
34 68
34 94
35 98
35 163
35 40
35 105
35 106
35 76
35 52
35 121
35 170
35 185
36 64
36 66
36 71
36 140
36 139
36 77
36 188
36 150
36 166
36 102
36 41
36 172
36 114
36 51
36 116
36 53
36 184
36 122
36 151
36 125
37 171
37 199
37 72
37 138
37 143
37 83
37 86
37 151
37 91
37 135
37 157
37 101
37 107
37 44
37 49
37 50
37 180
37 56
37 148
37 186
37 189
38 65
38 130
38 139
38 198
38 71
38 194
38 73
38 87
38 77
38 145
38 83
38 155
38 135
38 133
38 96
38 103
38 193
38 43
38 44
38 61
38 115
38 116
38 117
38 137
38 186
38 125
38 190
39 52
39 174
39 121
39 40
39 57
39 106
39 76
39 79
40 192
40 98
40 105
40 106
40 108
40 177
40 163
40 52
40 121
40 57
40 185
41 130
41 135
41 139
41 144
41 147
41 155
41 193
41 43
41 151
41 46
41 48
41 115
41 53
41 182
41 188
41 61
41 190
41 64
41 65
41 54
41 198
41 71
41 73
41 77
41 87
41 96
41 103
41 109
41 111
41 116
41 120
41 122
41 125
41 126
42 196
42 134
42 168
42 201
42 127
42 109
42 46
42 149
42 55
42 184
42 159
42 154
43 65
43 194
43 147
43 198
43 71
43 73
43 139
43 77
43 144
43 145
43 83
43 87
43 155
43 157
43 96
43 103
43 193
43 135
43 61
43 116
43 190
43 54
43 137
43 186
43 151
43 125
43 126
44 171
44 100
44 103
44 72
44 169
44 138
44 107
44 146
44 143
44 49
44 82
44 83
44 181
44 186
44 199
44 133
45 128
45 196
45 167
45 201
45 119
45 114
45 94
45 55
45 184
45 127
45 158
45 159
46 130
46 132
46 73
46 77
46 63
46 149
46 150
46 196
46 154
46 168
46 109
46 111
46 115
46 182
46 201
46 120
46 122
46 127
46 125
46 190
47 161
47 67
47 101
47 70
47 172
47 203
47 173
47 78
47 81
47 178
47 53
47 118
47 90
47 62
48 182
48 73
48 75
48 111
48 144
48 147
48 54
48 120
48 122
48 92
48 125
48 63
49 171
49 199
49 72
49 138
49 143
49 145
49 86
49 151
49 91
49 135
49 157
49 101
49 103
49 107
49 180
49 186
49 189
49 126
50 72
50 171
50 148
50 189
51 64
51 192
51 66
51 139
51 140
51 80
51 150
51 152
51 160
51 102
51 166
51 104
51 172
51 175
51 53
51 123
51 188
51 191
52 98
52 105
52 106
52 76
52 108
52 163
52 121
52 170
52 185
53 64
53 66
53 147
53 139
53 140
53 77
53 188
53 166
53 102
53 172
53 173
53 116
53 118
53 175
53 122
53 151
54 65
54 198
54 71
54 73
54 77
54 144
54 145
54 151
54 176
54 155
54 135
54 157
54 96
54 103
54 193
54 147
54 116
54 137
54 125
54 126
55 128
55 196
55 167
55 201
55 114
55 94
55 119
55 184
55 154
55 159
55 158
55 127
56 165
56 148
56 67
56 199
56 72
56 138
56 107
56 143
56 80
56 81
56 180
56 104
56 101
57 177
57 60
58 97
58 163
58 164
58 185
58 105
58 108
58 95
59 193
59 194
59 131
59 73
59 74
59 195
59 117
59 120
59 93
59 190
59 63
60 177
61 65
61 130
61 139
61 198
61 71
61 194
61 73
61 87
61 76
61 77
61 83
61 150
61 152
61 155
61 135
61 96
61 98
61 103
61 193
61 113
61 115
61 116
61 117
61 188
61 125
61 190
62 161
62 67
62 70
62 173
62 78
62 179
62 180
62 86
62 91
62 157
62 101
63 193
63 131
63 93
63 73
63 109
63 111
63 117
63 182
63 120
63 74
63 190
64 66
64 140
64 139
64 77
64 84
64 150
64 166
64 102
64 172
64 114
64 116
64 201
64 184
64 122
64 188
64 125
65 193
65 194
65 198
65 71
65 145
65 73
65 190
65 77
65 144
65 82
65 83
65 87
65 155
65 135
65 93
65 133
65 96
65 103
65 125
65 147
65 116
65 117
65 137
65 186
65 126
66 160
66 68
66 136
66 202
66 140
66 84
66 102
66 166
66 172
66 114
66 175
66 178
66 123
67 70
67 138
67 141
67 78
67 80
67 81
67 151
67 90
67 175
67 199
67 101
67 104
67 107
67 173
67 178
67 180
67 148
68 128
68 69
68 166
68 167
68 158
68 136
68 114
68 84
68 85
68 184
68 94
69 167
69 136
69 128
69 158
69 85
69 94
70 101
70 199
70 173
70 78
70 81
70 179
70 148
70 86
70 180
70 91
71 130
71 115
71 147
71 198
71 135
71 73
71 87
71 77
71 144
71 145
71 83
71 139
71 152
71 96
71 155
71 103
71 193
71 125
71 116
71 190
71 137
71 120
71 151
71 126
71 188
72 107
72 138
72 143
72 86
72 199
72 91
72 157
72 101
72 171
72 180
72 181
72 148
72 186
72 189
73 130
73 139
73 198
73 77
73 144
73 147
73 87
73 155
73 135
73 182
73 96
73 103
73 193
73 125
73 109
73 111
73 115
73 116
73 117
73 120
73 122
73 190
74 131
74 117
74 195
74 113
74 89
74 93
74 110
75 176
75 111
75 92
76 98
76 170
76 106
76 130
76 174
76 79
76 113
76 115
76 121
77 130
77 135
77 137
77 139
77 144
77 145
77 147
77 152
77 155
77 198
77 193
77 151
77 190
77 83
77 87
77 96
77 103
77 188
77 115
77 116
77 120
77 122
77 125
77 126
78 161
78 171
78 173
78 179
78 180
78 86
78 199
78 91
78 157
78 101
79 113
79 121
79 89
79 106
79 174
80 200
80 138
80 140
80 141
80 81
80 152
80 90
80 160
80 164
80 101
80 102
80 104
80 172
80 175
80 178
80 191
81 101
81 104
81 141
81 173
81 178
81 180
81 90
81 175
81 200
81 191
82 146
82 133
82 198
82 186
82 194
83 130
83 107
83 198
83 138
83 87
83 152
83 143
83 135
83 186
83 199
83 133
83 96
83 98
83 155
83 103
83 116
83 139
83 151
83 165
84 102
84 166
84 136
84 172
84 202
84 160
84 175
84 178
85 134
85 167
85 128
85 142
85 114
85 158
85 184
85 159
85 94
85 127
86 199
86 91
86 157
86 101
86 161
86 171
86 173
86 179
86 180
86 189
87 130
87 198
87 139
87 152
87 143
87 135
87 96
87 98
87 155
87 165
87 103
87 193
87 107
87 125
87 115
87 116
87 138
87 186
87 151
87 190
87 188
88 200
88 162
88 99
88 197
88 183
89 131
89 132
89 195
89 174
89 109
89 110
89 113
89 115
89 117
89 93
89 190
89 149
90 197
90 104
90 203
90 141
90 175
90 178
90 124
91 161
91 171
91 189
91 179
91 180
91 199
91 157
91 101
92 111
92 176
93 193
93 194
93 131
93 198
93 195
93 113
93 110
93 115
93 117
93 190
94 128
94 167
94 201
94 136
94 114
94 184
94 159
94 158
94 127
95 105
95 163
95 164
95 165
96 194
96 139
96 147
96 198
96 144
96 145
96 155
96 135
96 157
96 103
96 193
96 125
96 116
96 190
96 137
96 120
96 151
96 126
97 192
97 129
97 99
97 177
97 108
97 156
98 100
98 121
98 105
98 106
98 164
98 170
98 152
98 163
98 165
99 192
99 129
99 123
99 156
100 181
100 186
100 133
100 169
100 170
100 187
100 146
100 165
101 199
101 138
101 143
101 171
101 151
101 157
101 104
101 107
101 173
101 178
101 180
101 148
102 160
102 166
102 178
102 104
102 140
102 175
102 136
102 114
102 188
102 172
103 194
103 198
103 139
103 144
103 145
103 155
103 135
103 157
103 193
103 125
103 147
103 116
103 190
103 137
103 186
103 151
103 126
104 178
104 200
104 138
104 140
104 141
104 173
104 152
104 175
104 191
105 192
105 164
105 165
105 108
105 163
105 185
105 152
106 163
106 170
106 130
106 115
106 174
106 121
107 199
107 138
107 139
107 143
107 165
107 171
107 180
107 181
107 148
107 186
107 151
107 189
108 163
108 185
108 177
109 149
109 196
109 201
109 132
109 182
109 168
109 154
109 125
109 115
109 150
109 120
109 122
110 113
110 131
110 117
110 195
111 144
111 168
111 147
111 182
111 120
111 122
112 176
112 161
112 118
112 157
113 130
113 131
113 132
113 195
113 194
113 174
113 115
113 117
113 190
114 128
114 136
114 201
114 150
114 196
114 166
114 167
114 172
114 184
114 188
114 127
115 130
115 139
115 132
115 149
115 150
115 155
115 174
115 125
115 116
115 117
115 120
115 188
115 190
116 130
116 135
116 137
116 139
116 144
116 145
116 147
116 152
116 155
116 198
116 193
116 151
116 138
116 190
116 188
116 120
116 122
116 125
116 126
117 193
117 194
117 131
117 198
117 195
117 120
117 125
117 190
119 196
120 193
120 144
120 147
120 155
120 168
120 182
120 122
120 125
120 190
121 163
121 174
121 170
122 144
122 168
122 147
122 182
122 125
123 160
123 129
123 166
123 156
123 191
123 140
123 192
123 175
124 162
124 197
124 178
124 202
124 153
124 204
124 141
124 175
125 130
125 139
125 198
125 144
125 147
125 150
125 135
125 182
125 155
125 193
125 151
125 190
125 188
126 198
126 137
126 144
126 145
126 147
126 151
126 155
126 135
126 157
126 193
126 176
127 128
127 196
127 134
127 167
127 168
127 201
127 184
127 159
127 154
128 167
128 158
128 136
128 184
128 159
129 160
129 156
129 192
130 139
130 149
130 150
130 152
130 155
130 174
130 188
130 190
131 195
132 149
132 168
133 194
133 198
133 169
133 170
133 146
133 181
133 186
134 168
134 154
134 201
134 159
134 142
135 194
135 147
135 198
135 139
135 144
135 145
135 155
135 157
135 193
135 190
135 137
135 186
135 151
136 167
136 202
136 172
136 166
137 194
137 198
137 144
137 145
137 147
137 155
137 193
137 186
138 199
138 139
138 171
138 152
138 143
138 165
138 173
138 180
138 186
138 151
139 198
139 140
139 150
139 152
139 155
139 151
139 188
140 192
140 150
140 152
140 160
140 166
140 172
140 175
140 188
140 191
141 162
141 197
141 204
141 202
141 203
141 200
141 175
141 178
141 191
143 165
143 171
143 199
143 180
143 181
143 148
143 186
144 198
144 151
144 145
144 176
144 155
144 157
144 182
144 193
144 147
145 198
145 147
145 151
145 155
145 157
145 193
145 186
146 169
146 187
146 181
147 198
147 151
147 176
147 182
147 155
147 193
148 171
148 180
148 189
148 199
149 196
149 150
149 168
149 154
150 184
150 152
150 196
150 201
150 188
151 199
151 152
151 155
151 157
151 173
152 188
152 163
152 164
152 165
152 191
153 202
153 204
153 162
153 197
154 196
154 168
154 201
154 159
154 184
155 198
155 194
155 193
155 190
155 188
156 192
156 177
157 171
157 176
157 161
157 173
157 179
158 167
158 159
159 196
159 201
160 192
160 166
160 202
160 172
160 175
160 191
161 179
161 176
161 173
162 204
162 197
162 202
163 164
163 165
163 170
163 185
164 192
164 165
164 191
164 200
165 181
165 186
165 170
166 167
166 172
166 175
166 184
166 188
167 201
167 184
168 182
168 201
168 184
168 196
169 187
169 181
171 199
171 179
171 180
171 189
172 175
172 178
172 188
173 199
173 178
173 180
174 195
175 202
175 178
175 191
177 192
177 185
178 203
180 199
180 189
181 187
181 186
183 200
184 201
184 196
184 188
186 198
186 199
189 199
190 195
190 198
190 194
190 193
191 192
191 200
193 194
193 198
194 195
194 198
196 201
197 204
197 202
202 204
