0 1
0 2
0 3
0 4
0 12
0 93
0 190
1 2
1 3
1 4
1 12
1 93
1 190
2 3
2 4
2 9
2 160
2 93
3 4
3 160
3 12
3 93
3 190
4 12
4 93
4 190
5 128
5 6
5 7
5 72
5 76
5 10
5 12
5 77
5 16
5 83
5 151
5 93
5 94
5 160
5 144
5 41
5 42
5 110
5 47
5 115
5 30
5 183
5 56
5 59
5 62
6 128
6 7
6 72
6 76
6 10
6 12
6 77
6 16
6 83
6 151
6 93
6 94
6 159
6 160
6 144
6 41
6 42
6 110
6 47
6 115
6 30
6 183
6 56
6 59
6 62
7 128
7 72
7 76
7 10
7 12
7 77
7 16
7 83
7 151
7 93
7 94
7 160
7 144
7 41
7 42
7 110
7 47
7 115
7 30
7 183
7 56
7 59
7 62
8 64
8 129
8 133
8 193
8 136
8 204
8 192
8 13
8 141
8 88
8 86
8 24
8 157
8 158
8 97
8 100
8 165
8 107
8 51
8 53
8 61
8 127
9 160
9 21
9 23
9 168
9 41
9 14
9 59
9 77
9 30
9 159
10 128
10 72
10 76
10 12
10 77
10 16
10 82
10 83
10 151
10 27
10 93
10 30
10 159
10 144
10 163
10 164
10 103
10 41
10 42
10 29
10 110
10 47
10 48
10 115
10 94
10 183
10 56
10 121
10 59
10 62
11 131
11 38
11 113
11 105
11 199
11 203
11 142
11 175
11 80
11 49
11 20
11 180
11 25
11 152
11 89
11 157
11 63
12 72
12 76
12 190
12 16
12 83
12 93
12 30
12 160
12 41
12 42
12 110
12 47
12 115
12 94
12 183
12 56
12 59
12 60
12 62
13 64
13 129
13 132
13 133
13 204
13 192
13 141
13 24
13 86
13 88
13 158
13 97
13 100
13 165
13 107
13 136
13 51
13 53
13 188
13 61
13 127
14 160
14 82
14 19
14 21
14 23
14 168
14 59
14 159
14 77
14 69
15 194
15 99
15 36
15 71
15 136
15 73
15 75
15 108
15 178
15 111
15 18
15 147
15 118
15 164
15 28
15 167
15 31
16 128
16 72
16 76
16 183
16 190
16 145
16 83
16 151
16 47
16 93
16 94
16 41
16 42
16 110
16 29
16 115
16 30
16 55
16 56
16 123
16 60
16 62
17 196
17 200
17 169
17 74
17 172
17 143
17 50
17 179
17 52
17 85
17 87
17 116
17 26
17 202
18 98
18 164
18 182
18 202
18 75
18 172
18 147
18 148
18 117
18 118
18 153
18 36
18 126
19 82
19 69
19 23
19 168
19 156
19 140
19 77
19 21
20 80
20 203
20 105
20 152
20 25
20 199
21 160
21 69
21 103
21 168
21 77
21 48
21 82
21 23
21 59
21 159
22 68
22 54
22 70
22 71
22 58
22 102
22 78
22 79
23 160
23 82
23 168
23 59
23 159
23 77
23 69
24 64
24 97
24 100
24 133
24 165
24 129
24 107
24 192
24 51
24 53
24 86
24 88
24 188
24 61
24 158
24 127
25 195
25 38
25 199
25 105
25 109
25 80
25 49
25 85
25 203
25 152
25 89
25 26
25 92
25 95
26 193
26 195
26 196
26 49
26 169
26 74
26 44
26 50
26 116
26 85
26 150
26 87
26 152
26 92
26 125
26 95
27 128
27 144
27 163
27 164
27 103
27 161
27 172
27 77
27 48
27 81
27 115
27 84
27 117
27 59
27 94
28 112
28 128
28 84
28 71
28 136
28 145
28 144
28 123
28 143
29 65
29 194
29 71
29 72
29 73
29 183
29 76
29 145
29 83
29 151
29 137
29 154
29 94
29 99
29 164
29 163
29 167
29 41
29 178
29 174
29 47
29 176
29 114
29 115
29 57
29 55
29 121
29 187
29 62
30 128
30 72
30 76
30 183
30 77
30 83
30 151
30 93
30 94
30 159
30 160
30 144
30 41
30 42
30 110
30 47
30 115
30 56
30 59
30 62
31 130
31 67
31 182
31 162
31 81
31 99
31 148
31 149
31 164
31 154
31 96
31 161
31 98
31 163
31 36
31 39
31 104
31 106
31 167
31 177
31 178
31 147
31 118
31 122
32 34
32 98
32 182
32 119
32 39
32 162
32 197
33 200
33 66
33 35
33 52
33 101
33 166
33 40
34 98
34 197
34 182
34 119
35 66
35 52
35 101
35 166
35 40
35 200
36 67
36 182
36 162
36 81
36 99
36 148
36 154
36 167
36 161
36 98
36 163
36 164
36 39
36 104
36 103
36 48
36 177
36 178
36 117
36 118
36 121
36 122
37 90
37 146
37 189
38 193
38 131
38 138
38 141
38 142
38 80
38 195
38 85
38 203
38 87
38 152
38 92
38 157
38 49
38 170
38 175
38 113
38 180
38 89
38 185
38 125
38 63
39 96
39 130
39 67
39 182
39 162
39 81
39 148
39 149
39 164
39 161
39 98
39 163
39 167
39 104
39 106
39 177
39 178
39 118
39 119
39 122
40 66
40 101
40 166
41 128
41 72
41 77
41 83
41 151
41 47
41 93
41 94
41 159
41 160
41 144
41 42
41 110
41 76
41 115
41 183
41 56
41 121
41 59
41 62
42 128
42 76
42 145
42 83
42 151
42 93
42 94
42 144
42 59
42 71
42 110
42 47
42 115
42 183
42 56
42 123
42 60
42 62
44 193
44 195
44 196
44 169
44 74
44 49
44 50
44 116
44 85
44 150
44 87
44 152
44 191
44 92
44 125
44 95
45 188
45 171
45 132
45 86
46 112
46 134
46 166
46 135
46 184
46 201
46 186
47 128
47 72
47 76
47 55
47 77
47 83
47 174
47 151
47 154
47 93
47 94
47 159
47 144
47 163
47 110
47 115
47 73
47 56
47 121
47 59
47 183
47 62
48 161
48 59
48 69
48 103
48 104
48 77
48 144
48 81
48 82
48 163
48 84
48 164
48 121
48 117
49 193
49 131
49 105
49 175
49 142
49 157
49 80
49 195
49 85
49 203
49 152
49 89
49 63
49 92
49 125
49 95
50 192
50 193
50 195
50 196
50 186
50 200
50 169
50 74
50 141
50 204
50 116
50 85
50 150
50 87
50 191
50 125
50 95
51 64
51 97
51 139
51 100
51 133
51 165
51 129
51 204
51 107
51 192
51 88
51 53
51 86
51 188
51 61
51 158
51 127
52 66
52 116
52 179
52 200
52 196
52 143
53 64
53 97
53 100
53 133
53 165
53 129
53 204
53 107
53 192
53 88
53 86
53 61
53 158
53 127
54 68
54 70
54 58
54 124
54 102
54 78
54 79
55 65
55 194
55 71
55 73
55 76
55 79
55 145
55 151
55 154
55 99
55 164
55 167
55 108
55 178
55 174
55 176
55 114
55 115
55 57
55 137
55 121
55 187
55 62
56 128
56 76
56 77
56 145
56 83
56 151
56 93
56 94
56 144
56 59
56 110
56 115
56 183
56 123
56 62
57 65
57 130
57 73
57 194
57 79
57 137
57 154
57 91
57 96
57 99
57 164
57 167
57 108
57 114
57 174
57 176
57 178
57 121
57 122
57 187
58 155
58 70
58 102
58 78
59 128
59 77
59 144
59 82
59 83
59 93
59 69
59 160
59 103
59 168
59 110
59 76
59 115
59 94
59 183
59 159
59 62
60 145
60 83
60 94
60 151
60 123
60 62
61 64
61 129
61 132
61 133
61 204
61 192
61 141
61 86
61 88
61 158
61 97
61 100
61 165
61 107
61 136
61 188
61 127
62 128
62 72
62 76
62 145
62 83
62 151
62 93
62 144
62 123
62 71
62 110
62 115
62 94
62 73
62 183
63 131
63 113
63 138
63 142
63 175
63 80
63 180
63 185
63 89
63 170
64 192
64 97
64 100
64 165
64 129
64 193
64 107
64 204
64 157
64 88
64 125
64 158
64 127
65 176
65 194
65 99
65 68
65 167
65 73
65 108
65 178
65 174
65 79
65 164
65 114
65 137
65 154
65 187
66 101
67 96
67 130
67 104
67 106
67 167
67 162
67 177
67 178
67 149
67 118
67 119
67 122
68 114
68 99
68 70
68 124
68 187
68 108
68 194
68 79
69 168
69 82
69 103
69 77
69 159
70 145
70 71
70 78
70 79
71 128
71 194
71 136
71 73
71 76
71 79
71 144
71 145
71 83
71 151
71 94
71 187
71 164
71 108
71 176
71 115
71 123
72 110
72 93
72 76
72 174
72 183
72 121
72 190
72 159
73 194
73 137
73 76
73 79
73 145
73 151
73 154
73 99
73 164
73 167
73 108
73 178
73 174
73 176
73 114
73 115
73 118
73 121
73 187
74 192
74 193
74 195
74 196
74 186
74 200
74 169
74 141
74 204
74 116
74 85
74 150
74 87
74 191
74 125
74 95
75 98
75 182
75 136
75 138
75 171
75 141
75 147
75 118
75 111
75 202
76 128
76 194
76 183
76 145
76 83
76 174
76 151
76 154
76 93
76 94
76 144
76 123
76 164
76 110
76 176
76 115
76 121
77 128
77 144
77 82
77 94
77 163
77 103
77 168
77 159
77 115
77 183
77 117
78 155
78 102
78 124
79 194
79 108
79 114
79 187
79 124
80 203
80 199
80 113
80 170
80 109
80 85
80 152
80 89
80 92
80 185
80 95
81 161
81 162
81 163
81 104
81 103
81 178
81 177
81 82
81 148
81 117
81 118
81 164
82 161
82 163
82 103
82 168
82 121
82 159
83 128
83 145
83 151
83 93
83 94
83 144
83 123
83 110
83 115
83 183
84 128
84 112
84 103
84 144
84 172
84 143
84 145
84 115
84 117
85 193
85 195
85 196
85 204
85 141
85 150
85 87
85 152
85 89
85 92
85 95
85 169
85 125
85 116
85 202
85 138
86 192
86 129
86 139
86 100
86 133
86 165
86 107
86 88
86 188
86 158
86 127
87 193
87 195
87 196
87 150
87 169
87 141
87 204
87 138
87 202
87 89
87 92
87 125
87 95
88 97
88 139
88 100
88 133
88 165
88 129
88 107
88 188
88 158
88 127
89 193
89 131
89 138
89 142
89 195
89 203
89 152
89 92
89 157
89 95
89 170
89 175
89 113
89 180
89 185
89 125
90 146
90 153
90 189
90 126
90 181
91 106
91 198
91 137
92 195
92 196
92 150
92 199
92 152
92 125
92 95
93 190
93 159
93 160
93 110
93 115
93 94
93 183
94 128
94 145
94 151
94 144
94 123
94 110
94 115
94 183
95 116
95 195
95 196
95 193
95 169
95 150
95 152
95 125
96 130
96 198
96 106
96 167
96 177
96 178
96 99
96 149
96 154
96 122
97 129
97 100
97 193
97 204
97 138
97 107
97 192
97 141
97 157
97 125
97 158
97 127
98 118
98 148
98 182
98 119
98 197
99 130
99 198
99 194
99 147
99 149
99 137
99 154
99 164
99 167
99 108
99 174
99 111
99 176
99 178
99 118
99 122
100 139
100 129
100 204
100 138
100 107
100 192
100 157
100 158
100 127
101 116
101 200
102 124
103 144
103 161
103 104
103 115
103 164
103 121
103 163
103 117
104 161
104 162
104 177
104 178
104 164
104 167
104 163
104 148
104 117
104 118
104 121
104 122
104 154
105 113
105 131
105 203
105 199
105 175
106 130
106 167
106 174
106 177
106 149
106 122
106 154
107 133
107 165
107 129
107 204
107 192
107 158
107 127
108 194
108 132
108 171
108 167
108 111
108 176
108 136
108 178
108 147
109 146
109 170
109 199
110 190
110 159
110 160
110 115
110 183
111 149
111 132
111 147
111 118
111 167
111 136
111 171
112 166
112 123
112 143
113 131
113 170
113 142
113 175
113 180
113 203
113 185
114 176
114 194
114 137
114 187
115 128
115 194
115 145
115 151
115 144
115 123
115 164
115 121
115 183
116 196
116 200
116 169
116 150
116 191
116 186
117 161
117 163
117 172
117 164
117 178
117 118
117 148
118 163
118 148
118 164
118 154
118 161
118 167
118 177
118 178
118 147
118 182
118 122
119 149
119 182
119 197
121 183
121 164
121 154
121 159
121 176
121 163
121 167
121 174
121 178
122 130
122 163
122 167
122 174
122 164
122 177
122 178
122 149
122 154
123 128
123 144
123 145
123 151
124 188
125 193
125 195
125 204
125 141
125 150
125 152
125 157
125 169
125 186
126 148
126 181
126 153
126 146
126 189
127 133
127 129
127 204
127 193
127 192
127 157
127 158
127 165
128 145
128 151
128 144
128 183
129 133
129 165
129 204
129 192
129 157
129 158
130 198
130 167
130 177
130 178
130 149
130 154
131 203
131 138
131 142
131 175
131 180
131 157
132 147
132 171
132 188
133 192
133 165
133 188
133 158
134 166
134 135
134 184
134 201
134 186
134 191
135 166
135 184
135 201
135 186
135 191
136 192
136 194
136 204
136 141
136 147
137 194
137 167
137 174
137 176
137 187
137 154
138 192
138 171
138 204
138 141
138 142
138 175
138 180
138 157
138 185
139 188
140 161
140 156
141 192
141 193
141 169
141 204
141 157
141 202
142 170
142 175
142 157
142 180
142 203
142 185
143 172
143 166
143 169
143 200
143 144
143 202
144 145
144 151
144 164
144 183
145 194
145 151
146 189
146 170
146 153
146 181
147 167
147 171
147 178
147 149
147 164
148 161
148 182
148 177
148 162
148 153
149 198
149 167
149 178
150 193
150 195
150 196
150 169
150 152
150 191
151 194
151 183
151 187
151 176
152 193
152 195
153 179
153 181
153 202
153 172
153 189
154 194
154 163
154 164
154 167
154 174
154 176
154 178
157 204
157 192
157 175
157 193
157 195
157 158
158 165
158 204
158 193
158 192
159 160
159 183
159 168
160 168
160 183
161 162
161 163
161 177
161 164
162 177
163 164
163 167
163 174
163 177
163 178
164 194
164 167
164 176
164 174
164 178
165 204
165 192
166 184
167 194
167 174
167 176
167 178
169 193
169 195
169 196
169 186
169 200
169 204
169 202
170 185
170 199
172 179
172 202
174 194
174 176
174 178
174 187
175 180
175 203
175 185
176 194
176 178
176 187
177 178
178 194
179 181
179 196
179 202
180 185
180 203
181 189
182 197
184 201
184 186
184 191
186 193
186 200
186 191
187 194
191 200
192 193
192 204
193 195
193 204
196 200
196 202
199 203
