0 64
0 1
0 2
0 3
0 4
0 5
0 129
0 72
0 11
0 14
0 79
0 16
0 124
0 82
0 83
0 21
0 22
0 152
0 25
0 90
0 29
0 30
0 193
0 161
0 187
0 131
0 195
0 105
0 171
0 135
0 154
0 48
0 113
0 115
0 157
0 123
0 60
0 189
0 85
1 64
1 2
1 3
1 4
1 5
1 129
1 72
1 11
1 14
1 79
1 16
1 124
1 82
1 83
1 20
1 21
1 22
1 152
1 25
1 90
1 29
1 193
1 161
1 131
1 195
1 105
1 106
1 171
1 46
1 154
1 48
1 157
1 115
1 180
1 120
1 185
1 123
1 60
1 85
1 63
2 3
2 4
2 5
2 129
2 64
2 11
2 14
2 79
2 16
2 124
2 82
2 83
2 21
2 22
2 152
2 25
2 90
2 29
2 30
2 171
2 161
2 187
2 131
2 193
2 113
2 105
2 106
2 135
2 195
2 154
2 48
2 72
2 115
2 180
2 157
2 120
2 123
2 60
2 85
3 131
3 4
3 5
3 129
3 64
3 187
3 14
3 79
3 16
3 82
3 83
3 21
3 22
3 152
3 154
3 27
3 86
3 29
3 160
3 161
3 195
3 99
3 36
3 193
3 124
3 171
3 43
3 109
3 157
3 48
3 72
3 181
3 182
3 59
3 60
3 189
3 85
4 5
4 129
4 64
4 11
4 14
4 79
4 16
4 124
4 82
4 83
4 21
4 22
4 152
4 90
4 29
4 182
4 161
4 187
4 131
4 195
4 105
4 193
4 171
4 154
4 48
4 72
4 157
4 185
4 123
4 60
4 189
4 85
5 129
5 11
5 12
5 14
5 16
5 152
5 188
5 20
5 21
5 22
5 24
5 25
5 154
5 29
5 161
5 34
5 167
5 43
5 46
5 47
5 48
5 157
5 182
5 185
5 186
5 59
5 60
5 63
5 64
5 193
5 195
5 200
5 79
5 82
5 85
5 144
5 99
5 100
5 101
5 105
5 171
5 112
5 120
5 123
5 124
5 125
6 97
6 67
6 37
6 9
6 140
6 77
6 17
6 114
6 19
6 149
6 87
6 122
7 88
7 166
7 183
7 8
7 26
7 91
7 42
7 95
8 88
8 26
8 183
8 42
8 95
9 97
9 67
9 37
9 39
9 106
9 76
9 115
9 149
9 151
9 25
9 58
9 10
10 188
10 67
10 147
10 39
10 105
10 106
10 11
10 151
10 79
10 157
10 115
10 180
10 21
10 120
10 25
10 58
10 123
10 60
10 154
10 63
11 161
11 12
11 162
11 14
11 15
11 16
11 147
11 20
11 21
11 22
11 151
11 152
11 25
11 154
11 79
11 157
11 188
11 112
11 34
11 193
11 39
11 105
11 106
11 46
11 48
11 115
11 180
11 120
11 185
11 58
11 123
11 60
11 125
11 63
12 192
12 162
12 79
12 144
12 173
12 20
12 21
12 24
12 164
12 154
12 15
12 28
12 157
12 96
12 161
12 34
12 100
12 101
12 167
12 105
12 106
12 45
12 46
12 47
12 112
12 51
12 180
12 120
12 185
12 123
12 188
12 125
12 63
13 172
13 33
13 139
13 176
13 113
13 153
13 89
13 75
13 135
13 110
14 65
14 72
14 161
14 79
14 16
14 18
14 83
14 21
14 22
14 152
14 25
14 154
14 29
14 182
14 193
14 112
14 195
14 39
14 129
14 124
14 106
14 171
14 82
14 157
14 48
14 115
14 54
14 120
14 58
14 60
14 85
15 96
15 162
15 147
15 102
15 105
15 106
15 45
15 46
15 81
15 51
15 20
15 151
15 180
15 123
15 188
15 63
16 129
16 64
16 79
16 124
16 82
16 83
16 20
16 21
16 22
16 152
16 25
16 90
16 29
16 193
16 161
16 187
16 131
16 195
16 105
16 106
16 171
16 46
16 154
16 48
16 72
16 115
16 180
16 157
16 120
16 185
16 123
16 60
16 85
16 63
17 97
17 67
17 37
17 39
17 137
17 140
17 18
17 77
17 115
17 114
17 19
17 117
17 54
17 87
17 201
18 65
18 97
18 37
18 39
18 129
18 137
18 79
18 48
18 115
18 85
18 22
18 201
18 152
18 25
18 154
18 54
18 157
18 31
19 97
19 201
19 37
19 137
19 140
19 77
19 114
19 117
19 87
19 122
20 161
20 162
20 79
20 173
20 188
20 21
20 22
20 24
20 164
20 154
20 157
20 96
20 144
20 34
20 100
20 101
20 167
20 105
20 106
20 45
20 46
20 47
20 112
20 51
20 180
20 120
20 185
20 123
20 60
20 125
20 63
21 129
21 131
21 22
21 152
21 25
21 154
21 29
21 161
21 39
21 171
21 46
21 157
21 48
21 180
21 58
21 60
21 63
21 64
21 193
21 195
21 72
21 79
21 82
21 83
21 85
21 90
21 188
21 105
21 106
21 112
21 115
21 120
21 123
21 124
22 129
22 131
22 152
22 25
22 154
22 29
22 161
22 171
22 46
22 157
22 48
22 180
22 182
22 59
22 60
22 63
22 64
22 193
22 195
22 72
22 79
22 82
22 83
22 85
22 105
22 106
22 112
22 115
22 120
22 123
22 124
22 125
23 192
23 99
23 40
23 41
23 108
23 126
23 93
23 80
23 104
23 50
23 52
23 53
23 24
23 148
23 186
23 143
23 61
23 62
24 192
24 171
24 173
24 144
24 152
24 164
24 93
24 69
24 161
24 99
24 100
24 101
24 167
24 40
24 43
24 61
24 46
24 47
24 112
24 52
24 62
24 186
24 59
24 124
24 125
24 126
24 181
25 67
25 129
25 79
25 151
25 152
25 154
25 157
25 97
25 161
25 37
25 39
25 112
25 106
25 48
25 115
25 180
25 120
25 58
25 60
25 85
25 63
26 88
26 166
26 183
26 92
27 130
27 107
27 133
27 200
27 73
27 74
27 203
27 82
27 85
27 86
27 152
27 158
27 160
27 99
27 36
27 40
27 171
27 174
27 111
27 50
27 181
27 182
27 119
27 186
27 59
27 124
28 192
28 34
28 100
28 101
28 134
28 162
28 204
28 196
28 167
28 98
28 46
28 47
28 144
28 66
28 164
28 156
28 125
28 126
28 191
29 129
29 64
29 79
29 82
29 83
29 152
29 154
29 157
29 160
29 161
29 187
29 131
29 195
29 60
29 193
29 171
29 48
29 72
29 182
29 59
29 124
29 189
29 85
30 193
30 131
30 135
30 72
30 139
30 172
30 176
30 113
30 83
30 84
30 153
30 89
30 90
30 187
30 60
31 32
31 65
31 54
31 172
31 110
31 159
32 65
32 54
32 172
32 110
32 159
33 65
33 131
33 165
33 135
33 168
33 74
33 75
33 172
33 176
33 113
33 178
33 83
33 187
33 155
33 202
34 71
34 63
34 144
34 164
34 96
34 161
34 162
34 100
34 101
34 102
34 167
34 105
34 170
34 43
34 44
34 46
34 47
34 51
34 180
34 185
34 123
34 188
34 125
34 127
35 192
35 45
35 197
35 134
35 199
35 138
35 204
35 173
35 78
35 143
35 141
35 116
35 126
36 64
36 160
36 182
36 38
36 73
36 74
36 107
36 109
36 82
36 195
36 181
36 86
36 202
36 94
37 97
37 67
37 114
37 39
37 77
37 177
37 115
37 54
37 87
37 58
37 122
38 91
38 118
38 107
38 109
38 94
38 175
39 67
39 77
39 79
39 151
39 154
39 157
39 97
39 106
39 48
39 115
39 120
39 58
39 60
40 130
40 200
40 80
40 148
40 86
40 158
40 99
40 104
40 41
40 108
40 174
40 50
40 52
40 53
40 119
40 186
40 59
40 61
40 62
40 181
41 99
41 104
41 108
41 126
41 93
41 80
41 50
41 52
41 53
41 186
41 61
41 62
42 128
42 166
42 70
42 175
42 184
42 118
42 183
42 88
42 91
42 94
42 95
43 64
43 192
43 194
43 144
43 171
43 185
43 164
43 93
43 69
43 161
43 99
43 100
43 101
43 166
43 167
43 170
43 61
43 109
43 47
43 181
43 57
43 186
43 59
43 124
43 125
43 127
44 64
44 128
44 100
44 198
44 166
44 170
44 47
44 184
44 183
44 88
44 185
44 189
44 127
45 98
45 197
45 199
45 156
45 138
45 46
45 116
45 188
45 63
46 192
46 161
46 162
46 79
46 173
46 164
46 154
46 157
46 96
46 144
46 100
46 101
46 167
46 105
46 106
46 47
46 112
46 51
46 180
46 120
46 185
46 123
46 188
46 125
46 63
47 64
47 192
47 171
47 162
47 144
47 164
47 69
47 161
47 99
47 100
47 101
47 166
47 167
47 170
47 185
47 63
47 124
47 125
47 127
48 65
48 72
48 79
48 83
48 152
48 90
48 182
48 161
48 131
48 195
48 129
48 124
48 193
48 171
48 172
48 82
48 154
48 157
48 115
48 54
48 120
48 58
48 60
48 85
49 145
49 179
49 84
49 103
49 136
49 68
49 169
50 130
50 133
50 200
50 80
50 148
50 86
50 158
50 99
50 108
50 174
50 104
50 52
50 53
50 119
50 186
50 59
50 61
50 62
50 181
51 96
51 102
51 71
51 105
51 103
51 162
51 81
51 185
51 180
51 123
51 190
52 99
52 69
52 174
52 108
52 158
52 93
52 80
52 104
52 53
52 186
52 59
52 200
52 61
52 62
52 181
53 148
53 104
53 119
53 108
53 146
53 174
53 80
53 121
53 62
54 65
54 97
54 129
54 172
54 115
54 85
54 159
55 66
55 191
56 178
56 203
56 165
56 168
56 74
56 155
56 202
56 111
57 181
57 118
57 91
57 69
57 70
57 88
57 194
57 61
57 94
57 109
58 97
58 67
58 147
58 79
58 157
58 115
58 180
58 151
58 120
58 154
58 60
58 106
59 64
59 192
59 130
59 200
59 144
59 152
59 195
59 85
59 154
59 86
59 161
59 99
59 101
59 171
59 173
59 61
59 112
59 181
59 182
59 119
59 121
59 186
59 124
59 125
60 129
60 64
60 79
60 82
60 83
60 152
60 90
60 193
60 161
60 131
60 195
60 105
60 106
60 171
60 154
60 72
60 115
60 180
60 157
60 120
60 123
60 124
60 85
60 63
61 194
61 99
61 69
61 80
61 181
61 186
61 93
62 192
62 148
62 99
62 108
62 146
62 143
62 80
62 121
62 93
62 126
63 161
63 162
63 173
63 188
63 154
63 79
63 157
63 144
63 101
63 167
63 105
63 106
63 112
63 180
63 120
63 185
63 123
63 125
64 129
64 72
64 152
64 82
64 131
64 127
64 94
64 160
64 161
64 195
64 100
64 101
64 193
64 167
64 124
64 171
64 109
64 157
64 181
64 182
64 185
64 189
64 85
65 129
65 172
65 159
65 113
65 83
65 85
65 155
66 204
66 191
67 97
67 77
67 177
67 114
67 115
67 87
67 106
68 150
69 194
69 99
69 100
69 70
69 109
69 181
69 186
69 91
69 94
69 127
70 194
70 166
70 175
70 118
70 88
70 91
70 92
70 94
70 95
71 96
71 179
71 102
71 103
71 105
71 162
71 81
71 185
71 123
71 190
72 129
72 79
72 82
72 83
72 90
72 176
72 131
72 195
72 193
72 135
72 172
72 157
72 113
72 187
72 189
72 85
73 160
73 130
73 133
73 74
73 107
73 203
73 111
73 181
73 86
73 186
73 155
73 202
73 182
74 160
74 165
74 168
74 202
74 107
74 203
74 178
74 111
74 82
74 83
74 182
74 155
75 176
75 178
75 187
75 113
75 135
75 139
75 172
77 97
77 137
77 140
77 114
77 117
77 87
77 122
77 149
78 112
78 197
78 116
78 149
78 120
78 121
78 138
78 141
78 173
79 129
79 152
79 154
79 161
79 171
79 157
79 180
79 188
79 193
79 195
79 82
79 85
79 105
79 106
79 112
79 115
79 120
79 123
79 124
79 125
80 104
80 108
80 146
80 158
80 174
80 148
80 186
81 96
81 163
81 132
81 179
81 102
81 105
81 103
81 147
81 123
81 190
82 129
82 83
82 152
82 160
82 195
82 124
82 193
82 171
82 109
82 157
82 131
82 182
82 187
82 189
82 85
83 131
83 176
83 90
83 195
83 129
83 193
83 135
83 172
83 113
83 182
83 187
83 85
84 176
84 139
84 193
84 113
84 153
84 89
84 90
84 135
85 201
85 152
85 154
85 86
85 182
85 200
85 131
85 195
85 129
85 124
85 171
85 157
85 115
86 130
86 133
86 200
86 152
86 158
86 160
86 99
86 171
86 174
86 181
86 182
86 119
86 186
86 124
87 114
87 97
87 122
87 140
87 149
88 166
88 127
88 183
88 91
88 92
88 170
88 94
88 95
89 176
89 113
89 135
89 153
89 139
90 131
90 129
90 193
90 135
90 172
90 113
90 176
90 187
91 166
91 194
91 109
91 175
91 118
91 127
91 94
91 95
92 100
92 166
92 183
92 196
92 191
92 170
92 127
93 192
93 99
93 164
93 134
93 144
93 126
94 128
94 166
94 194
94 160
94 109
94 175
94 184
94 118
94 127
95 175
96 179
96 102
96 105
96 103
96 162
96 185
96 123
96 190
97 177
97 115
97 114
97 122
98 204
98 134
98 199
98 156
98 191
99 192
99 200
99 144
99 152
99 171
99 161
99 164
99 101
99 167
99 125
99 173
99 112
99 181
99 182
99 119
99 186
99 124
100 192
100 196
100 162
100 144
100 161
100 164
100 101
100 166
100 167
100 170
100 185
100 124
100 125
100 127
101 192
101 171
101 162
101 144
101 188
101 164
101 161
101 167
101 170
101 185
101 124
101 125
101 127
102 190
102 105
102 123
102 162
102 185
103 193
103 163
103 147
103 179
103 105
103 123
103 190
104 119
104 108
104 146
104 174
104 148
104 186
104 158
105 162
105 147
105 151
105 154
105 157
105 161
105 188
105 106
105 193
105 180
105 120
105 185
105 123
105 125
106 149
106 188
106 151
106 154
106 157
106 161
106 173
106 112
106 115
106 180
106 120
106 123
106 125
107 160
107 130
107 181
107 109
108 148
108 119
108 146
108 174
108 121
109 160
109 194
109 181
109 118
109 166
110 139
110 172
110 159
111 168
111 130
111 155
111 133
111 203
111 178
111 165
112 149
112 192
112 200
112 138
112 141
112 144
112 152
112 154
112 157
112 161
112 188
112 171
112 173
112 115
112 120
112 121
112 124
112 125
113 131
113 129
113 139
113 153
113 193
113 135
113 172
113 176
113 187
113 189
114 122
114 140
114 149
115 129
115 152
115 154
115 157
115 161
115 180
115 120
116 192
116 173
116 197
116 134
116 199
116 138
116 204
116 141
117 119
117 137
117 121
117 201
117 200
118 194
118 175
119 130
119 133
119 200
119 137
119 148
119 152
119 158
119 174
119 181
119 182
119 201
119 121
119 186
120 149
120 161
120 124
120 144
120 152
120 154
120 157
120 188
120 173
120 180
120 123
120 125
121 149
121 200
121 141
121 173
121 146
121 148
122 140
123 162
123 147
123 151
123 154
123 157
123 161
123 193
123 188
123 180
123 185
123 125
124 129
124 152
124 171
124 154
124 160
124 195
124 167
124 161
124 144
124 200
124 157
124 181
124 182
124 186
124 125
125 192
125 171
125 134
125 162
125 144
125 188
125 164
125 154
125 157
125 161
125 167
125 173
125 180
125 185
126 192
126 164
126 197
126 134
126 138
126 204
126 173
126 142
126 143
126 144
127 166
127 167
127 170
127 185
127 196
127 183
127 164
128 198
128 166
128 184
128 189
129 157
129 152
129 182
129 161
129 131
129 195
129 193
129 171
129 172
129 154
129 187
130 160
130 133
130 203
130 174
130 200
130 181
130 186
130 158
130 182
131 176
131 195
131 193
131 135
131 172
131 187
131 189
132 163
133 182
133 200
133 203
133 174
133 201
133 158
134 192
134 164
134 197
134 204
134 138
134 142
134 143
134 144
135 139
135 193
135 172
135 176
135 153
135 187
136 198
136 169
136 145
137 200
137 201
138 192
138 197
138 199
138 204
138 173
138 141
138 149
139 176
139 153
139 172
141 149
141 199
141 173
141 197
142 204
142 143
143 197
144 192
144 171
144 152
144 164
144 161
144 167
144 188
144 173
144 185
144 186
145 189
145 198
145 169
146 148
147 163
147 179
147 180
147 151
148 158
148 174
149 173
151 163
151 180
152 201
152 173
152 195
152 154
152 161
152 171
152 157
152 200
152 181
152 182
152 186
154 161
154 171
154 173
154 157
154 180
154 188
154 193
154 195
155 165
155 168
155 203
155 178
155 182
155 202
156 204
156 199
157 161
157 171
157 180
157 188
157 193
157 195
158 174
158 181
158 186
158 200
159 172
160 182
160 203
160 195
160 171
160 202
160 186
160 181
161 171
161 162
161 164
161 167
161 173
161 180
161 185
161 192
161 195
161 188
162 167
162 170
162 180
162 185
162 188
163 179
164 192
164 204
164 167
164 170
164 185
165 178
165 203
165 168
165 202
166 198
166 184
166 183
166 185
166 170
167 192
167 171
167 188
167 170
167 185
168 178
168 203
168 202
169 179
169 198
169 189
170 196
170 183
170 185
171 195
171 200
171 181
171 182
171 186
172 187
172 176
172 178
173 192
173 188
174 186
174 200
174 181
176 193
176 187
176 189
178 203
178 202
179 190
180 188
181 200
181 194
181 182
181 186
182 200
182 203
182 201
182 195
182 186
183 196
183 198
183 184
184 198
184 189
185 188
186 200
187 193
187 195
187 189
188 199
189 198
189 193
189 195
191 196
192 204
193 195
197 199
197 204
199 204
200 201
202 203
