0 1
0 2
0 3
0 4
0 5
0 8
0 201
0 138
0 11
0 194
0 18
0 22
0 26
0 32
0 162
0 41
0 171
0 46
0 49
0 53
0 118
0 55
0 124
0 125
1 2
1 3
1 4
1 5
1 8
1 201
1 138
1 11
1 194
1 18
1 22
1 26
1 133
1 32
1 162
1 41
1 171
1 46
1 49
1 116
1 53
1 118
1 55
1 125
2 3
2 4
2 5
2 6
2 7
2 8
2 10
2 11
2 140
2 13
2 17
2 18
2 21
2 22
2 26
2 133
2 32
2 162
2 41
2 42
2 171
2 173
2 46
2 49
2 53
2 55
2 57
2 138
2 181
2 194
2 67
2 201
2 74
2 189
2 80
2 84
2 85
2 43
2 61
2 114
2 115
2 116
2 118
2 121
2 124
2 125
3 67
3 4
3 5
3 181
3 7
3 8
3 201
3 10
3 11
3 140
3 13
3 194
3 138
3 18
3 21
3 22
3 26
3 133
3 32
3 162
3 41
3 42
3 171
3 46
3 125
3 49
3 114
3 116
3 53
3 118
3 55
3 189
3 124
3 74
3 85
4 5
4 6
4 7
4 8
4 10
4 11
4 140
4 13
4 16
4 17
4 18
4 21
4 22
4 26
4 133
4 32
4 162
4 41
4 42
4 43
4 46
4 49
4 50
4 53
4 55
4 57
4 138
4 181
4 194
4 67
4 201
4 74
4 189
4 80
4 84
4 85
4 144
4 171
4 108
4 61
4 114
4 116
4 118
4 121
4 124
4 125
5 133
5 6
5 7
5 8
5 10
5 11
5 140
5 13
5 16
5 17
5 18
5 21
5 22
5 26
5 32
5 162
5 166
5 41
5 42
5 171
5 46
5 49
5 50
5 53
5 55
5 57
5 138
5 181
5 194
5 67
5 201
5 74
5 189
5 80
5 84
5 85
5 144
5 108
5 61
5 114
5 116
5 118
5 121
5 124
5 125
6 43
6 7
6 10
6 11
6 140
6 13
6 16
6 17
6 18
6 21
6 22
6 153
6 25
6 28
6 133
6 166
6 42
6 171
6 46
6 176
6 49
6 50
6 181
6 184
6 57
6 189
6 66
6 67
6 201
6 74
6 80
6 96
6 144
6 108
6 61
6 114
6 116
6 118
6 121
6 124
6 125
7 8
7 10
7 11
7 140
7 13
7 16
7 17
7 18
7 21
7 22
7 153
7 25
7 28
7 133
7 32
7 166
7 42
7 171
7 46
7 176
7 49
7 50
7 53
7 184
7 57
7 61
7 181
7 66
7 67
7 201
7 74
7 80
7 43
7 96
7 144
7 108
7 189
7 114
7 116
7 118
7 121
7 124
7 125
8 181
8 194
8 201
8 10
8 11
8 140
8 13
8 138
8 144
8 18
8 67
8 84
8 21
8 22
8 26
8 133
8 32
8 162
8 41
8 42
8 171
8 108
8 46
8 125
8 49
8 114
8 116
8 53
8 118
8 55
8 121
8 189
8 124
8 74
8 85
9 51
9 66
9 131
9 132
9 133
9 77
9 83
9 86
9 151
9 25
9 92
9 30
9 160
9 97
9 38
9 39
9 43
9 173
9 111
9 115
9 120
9 59
10 11
10 140
10 13
10 16
10 17
10 18
10 21
10 22
10 153
10 25
10 28
10 133
10 32
10 166
10 41
10 42
10 43
10 46
10 176
10 49
10 50
10 53
10 184
10 57
10 61
10 181
10 66
10 67
10 201
10 74
10 80
10 96
10 144
10 171
10 108
10 189
10 114
10 116
10 118
10 121
10 124
10 125
11 201
11 140
11 13
11 16
11 17
11 18
11 67
11 21
11 22
11 153
11 25
11 133
11 32
11 144
11 166
11 194
11 42
11 171
11 46
11 125
11 49
11 50
11 53
11 118
11 55
11 57
11 124
11 74
11 181
12 146
12 180
12 198
12 60
12 109
12 14
13 140
13 16
13 17
13 18
13 21
13 22
13 153
13 25
13 28
13 133
13 32
13 166
13 41
13 42
13 43
13 46
13 176
13 49
13 50
13 53
13 184
13 57
13 61
13 181
13 66
13 67
13 201
13 74
13 80
13 84
13 96
13 144
13 171
13 108
13 189
13 114
13 116
13 118
13 121
13 124
13 125
14 60
14 109
14 198
15 64
15 68
15 183
15 155
15 44
15 127
16 67
16 140
16 77
16 144
16 18
16 21
16 153
16 25
16 28
16 96
16 166
16 42
16 46
16 49
16 50
16 74
16 181
16 124
16 125
17 67
17 201
17 140
17 189
17 80
17 184
17 18
17 171
17 84
17 21
17 22
17 121
17 25
17 135
17 133
17 96
17 144
17 166
17 41
17 42
17 43
17 108
17 114
17 46
17 125
17 176
17 49
17 50
17 116
17 181
17 118
17 153
17 57
17 124
17 61
18 140
18 21
18 22
18 153
18 25
18 26
18 133
18 32
18 162
18 166
18 41
18 42
18 43
18 46
18 49
18 50
18 53
18 55
18 184
18 57
18 61
18 181
18 66
18 67
18 194
18 201
18 74
18 80
18 84
18 85
18 144
18 171
18 108
18 189
18 114
18 115
18 116
18 118
18 121
18 136
18 124
18 125
19 129
19 98
19 164
19 36
19 38
19 39
19 168
19 105
19 202
19 167
19 77
19 143
19 88
19 82
19 147
19 119
19 120
19 89
20 193
20 130
20 35
20 197
20 170
20 94
20 109
20 45
20 148
20 190
20 93
20 62
21 140
21 22
21 153
21 25
21 28
21 133
21 32
21 166
21 42
21 171
21 46
21 176
21 49
21 50
21 53
21 184
21 57
21 61
21 181
21 66
21 67
21 201
21 74
21 80
21 43
21 96
21 144
21 108
21 189
21 114
21 116
21 118
21 121
21 124
21 125
22 201
22 140
22 194
22 144
22 67
22 26
22 181
22 32
22 162
22 166
22 41
22 42
22 171
22 108
22 114
22 46
22 189
22 49
22 50
22 116
22 53
22 118
22 121
22 124
22 125
22 85
23 192
23 65
23 130
23 27
23 70
23 97
23 40
23 76
23 45
23 142
23 48
23 72
23 51
23 30
23 86
23 151
23 59
23 94
23 62
23 159
24 32
24 51
24 187
24 101
24 70
24 72
24 76
24 173
24 142
24 115
24 53
24 86
24 59
24 192
25 160
25 66
25 67
25 132
25 133
25 140
25 77
25 131
25 153
25 184
25 28
25 96
25 144
25 39
25 42
25 43
25 46
25 189
25 176
25 49
25 50
25 74
25 181
25 120
25 57
25 124
25 61
26 201
26 138
26 194
26 189
26 80
26 84
26 85
26 133
26 32
26 162
26 41
26 171
26 108
26 46
26 125
26 49
26 114
26 116
26 53
26 118
26 121
26 124
26 61
27 193
27 130
27 70
27 72
27 76
27 141
27 173
27 83
27 86
27 151
27 93
27 94
27 159
27 97
27 45
27 111
27 51
27 30
27 122
27 59
27 62
28 66
28 67
28 74
28 140
28 77
28 144
28 184
28 153
28 96
28 39
28 42
28 43
28 50
28 181
28 120
29 63
30 188
30 97
30 83
30 132
30 70
30 151
30 76
30 111
30 51
30 86
30 59
30 92
30 159
31 64
31 34
31 102
31 71
31 104
31 169
31 157
32 181
32 201
32 140
32 138
32 80
32 84
32 133
32 162
32 189
32 41
32 171
32 173
32 46
32 125
32 49
32 114
32 115
32 116
32 53
32 118
32 55
32 136
32 187
32 124
32 61
32 85
33 106
33 134
33 175
34 64
34 112
34 113
34 71
34 183
34 44
34 174
35 193
35 130
35 163
35 197
35 170
35 139
35 45
35 94
35 203
35 148
35 93
35 62
36 98
36 164
36 147
36 167
36 168
36 105
36 202
36 204
36 77
36 143
36 82
36 119
36 88
36 89
36 123
37 102
38 97
38 66
38 132
38 39
38 129
38 119
38 204
38 98
38 168
38 77
38 120
38 82
38 105
38 88
38 164
38 111
38 167
38 185
39 160
39 129
39 66
39 131
39 132
39 167
39 168
39 98
39 77
39 164
39 177
39 82
39 89
39 105
39 120
39 126
40 48
40 65
40 101
40 70
40 72
40 152
40 75
40 175
40 142
40 159
41 201
41 189
41 138
41 80
41 67
41 84
41 85
41 121
41 133
41 162
41 194
41 171
41 108
41 46
41 125
41 49
41 114
41 116
41 53
41 118
41 57
41 136
41 124
41 61
41 181
42 201
42 140
42 189
42 67
42 121
42 184
42 133
42 96
42 144
42 166
42 194
42 171
42 43
42 108
42 46
42 125
42 49
42 50
42 181
42 118
42 153
42 57
42 124
42 74
43 67
43 133
43 136
43 132
43 140
43 80
43 131
43 84
43 66
43 121
43 184
43 96
43 144
43 171
43 92
43 135
43 114
43 46
43 189
43 176
43 49
43 50
43 116
43 181
43 118
43 201
43 153
43 57
43 124
43 61
44 64
44 113
44 68
44 71
44 127
44 107
44 183
45 193
45 130
45 197
45 169
45 170
45 151
45 141
45 190
45 62
45 157
45 94
46 140
46 153
46 133
46 166
46 49
46 50
46 53
46 184
46 57
46 189
46 181
46 194
46 67
46 201
46 74
46 96
46 144
46 171
46 108
46 114
46 116
46 118
46 121
46 124
46 125
47 52
47 165
47 137
47 186
47 75
47 110
47 191
48 192
48 65
48 196
48 69
48 70
48 72
48 142
49 140
49 153
49 133
49 162
49 166
49 50
49 53
49 55
49 184
49 57
49 61
49 181
49 194
49 67
49 201
49 74
49 80
49 84
49 96
49 144
49 171
49 108
49 189
49 114
49 116
49 118
49 121
49 124
49 125
50 66
50 67
50 201
50 140
50 144
50 121
50 184
50 133
50 96
50 80
50 166
50 108
50 125
50 176
50 114
50 74
50 181
50 189
50 153
50 57
50 124
50 61
50 171
51 192
51 133
51 70
51 72
51 76
51 141
51 83
51 86
51 151
51 92
51 158
51 159
51 97
51 173
51 111
51 115
51 59
52 65
52 149
52 152
52 137
52 186
52 75
52 191
53 201
53 189
53 138
53 80
53 84
53 133
53 162
53 171
53 173
53 125
53 114
53 115
53 116
53 181
53 118
53 55
53 187
53 124
53 61
53 85
54 99
54 200
54 204
54 146
54 141
54 82
54 119
54 88
54 122
54 111
54 154
54 158
55 81
55 74
55 173
55 115
55 119
55 171
55 158
55 133
56 58
56 180
56 90
56 78
56 146
57 136
57 140
57 144
57 153
57 133
57 166
57 171
57 176
57 181
57 184
57 189
57 66
57 67
57 201
57 80
57 84
57 135
57 96
57 108
57 61
57 114
57 116
57 118
57 121
57 124
57 125
58 113
58 146
58 179
58 180
58 190
58 185
58 90
58 107
58 78
59 192
59 130
59 115
59 70
59 72
59 76
59 141
59 83
59 86
59 151
59 158
59 159
59 97
59 173
59 111
59 122
60 198
60 109
61 181
61 67
61 136
61 201
61 140
61 80
61 84
61 66
61 121
61 135
61 133
61 162
61 171
61 108
61 114
61 189
61 176
61 116
61 118
61 184
61 124
61 125
61 85
62 193
62 130
62 197
62 170
62 139
62 141
62 163
62 203
62 151
62 93
62 94
63 141
63 81
63 130
63 99
63 200
63 122
63 93
64 68
64 102
64 71
64 104
64 169
64 107
64 113
64 157
64 127
65 152
65 101
65 70
65 75
65 191
65 142
65 159
66 160
66 131
66 132
66 133
66 140
66 77
66 184
66 83
66 92
66 96
66 176
66 181
66 120
67 140
67 153
67 133
67 166
67 176
67 181
67 184
67 194
67 201
67 74
67 80
67 96
67 144
67 171
67 108
67 189
67 114
67 116
67 118
67 121
67 124
67 125
68 113
68 183
68 127
68 107
69 72
69 196
69 142
70 192
70 72
70 76
70 142
70 83
70 86
70 151
70 159
70 97
70 187
70 101
70 173
70 175
70 115
71 112
71 102
71 183
71 174
72 192
72 130
72 151
72 76
72 142
72 86
72 159
72 94
72 101
73 129
73 147
73 105
73 168
73 89
73 202
73 123
73 167
73 185
73 143
74 140
74 77
74 153
74 133
74 144
74 166
74 171
74 181
74 124
74 125
75 137
75 152
75 191
75 186
76 192
76 130
76 115
76 94
76 141
76 83
76 86
76 151
76 158
76 159
76 97
76 173
76 111
76 122
77 129
77 164
77 168
77 119
77 98
77 82
77 105
77 89
77 120
77 167
77 132
78 180
78 90
78 146
79 160
79 145
79 199
79 177
79 188
79 91
79 172
79 126
80 181
80 136
80 201
80 140
80 189
80 84
80 121
80 135
80 133
80 162
80 171
80 108
80 114
80 125
80 176
80 116
80 118
80 184
80 124
80 85
81 173
81 100
81 119
81 200
81 122
81 154
81 158
82 129
82 98
82 168
82 105
82 167
82 204
82 111
82 120
82 147
82 119
82 88
82 164
82 154
82 143
82 185
83 97
83 132
83 133
83 136
83 173
83 111
83 115
83 86
83 151
83 92
84 171
84 201
84 189
84 85
84 121
84 133
84 162
84 108
84 125
84 114
84 115
84 116
84 118
84 136
84 181
85 201
85 138
85 189
85 133
85 162
85 171
85 108
85 136
85 114
85 116
85 118
85 121
85 187
85 125
86 192
86 115
86 132
86 133
86 175
86 151
86 92
86 159
86 97
86 101
86 173
86 111
86 136
87 178
87 172
88 98
88 167
88 168
88 105
88 202
88 204
88 146
88 143
88 180
88 147
88 119
88 164
88 90
88 154
88 185
89 129
89 98
89 168
89 105
89 167
89 143
89 147
89 120
89 164
89 185
90 146
90 180
90 190
90 113
90 185
90 204
91 160
91 145
91 178
91 131
91 182
91 177
91 188
91 199
91 92
91 126
92 160
92 97
92 131
92 132
92 133
92 136
92 115
92 188
93 193
93 130
93 99
93 197
93 141
93 122
93 94
94 193
94 130
94 99
94 197
94 139
94 141
94 122
95 179
95 117
96 140
96 144
96 153
96 166
96 176
96 181
96 184
96 124
97 188
97 132
97 151
97 111
97 115
97 159
98 129
98 132
98 164
98 168
98 105
98 167
98 204
98 111
98 120
98 147
98 119
98 143
98 185
99 141
99 130
99 200
99 204
99 122
99 154
100 187
101 192
101 142
101 175
101 115
101 187
101 159
102 182
102 104
102 169
102 127
102 157
103 128
103 106
103 150
103 134
103 135
104 182
104 169
104 157
105 129
105 164
105 168
105 202
105 167
105 143
105 147
105 185
105 120
106 136
106 175
106 134
107 112
107 179
107 113
107 127
108 194
108 201
108 140
108 189
108 121
108 162
108 166
108 171
108 114
108 125
108 116
108 181
108 118
108 124
109 198
110 137
111 132
111 141
111 151
111 154
111 158
111 173
111 115
111 204
111 119
111 122
112 113
112 183
112 174
113 190
114 181
114 201
114 140
114 194
114 189
114 121
114 133
114 162
114 171
114 125
114 115
114 116
114 118
114 136
114 124
115 192
115 133
115 136
115 151
115 201
115 158
115 187
115 173
115 116
115 118
115 189
116 140
116 133
116 162
116 171
116 173
116 181
116 187
116 138
116 201
116 189
116 118
116 121
116 136
116 124
116 125
117 129
117 179
117 185
118 140
118 133
118 162
118 171
118 138
118 181
118 194
118 201
118 189
118 121
118 136
118 124
118 125
119 200
119 173
119 164
119 154
119 158
120 160
120 129
120 131
120 132
120 168
120 167
120 164
120 177
120 126
121 201
121 140
121 194
121 189
121 171
121 162
121 166
121 125
121 181
121 124
122 130
122 200
122 141
122 158
122 154
123 147
123 202
123 156
123 143
124 140
124 153
124 133
124 166
124 184
124 181
124 194
124 201
124 144
124 171
124 189
124 125
125 140
125 133
125 162
125 166
125 171
125 181
125 194
125 201
125 144
125 189
126 160
126 131
126 132
126 177
126 199
126 145
126 178
126 188
127 155
127 172
128 161
128 150
128 134
129 164
129 147
129 168
129 202
129 167
129 143
129 185
130 193
130 197
130 151
130 141
131 160
131 132
131 184
131 177
131 176
131 145
131 178
132 160
132 177
132 188
132 133
133 140
133 162
133 173
133 181
133 201
133 184
133 171
133 189
133 136
134 150
134 161
135 150
135 176
135 184
136 201
136 175
136 176
136 189
137 186
137 191
138 171
138 162
138 201
138 187
139 197
139 163
139 203
139 149
140 153
140 166
140 171
140 176
140 181
140 184
140 201
140 144
140 189
141 193
141 197
141 200
141 204
141 158
141 154
141 151
142 192
142 196
142 159
143 164
143 167
143 168
143 202
143 204
143 147
143 185
144 171
144 153
144 166
144 181
144 184
145 160
145 177
145 178
146 204
146 180
146 190
146 156
147 164
147 167
147 168
147 202
147 185
148 170
148 197
149 163
149 165
149 203
149 191
151 192
151 193
151 173
151 159
152 186
153 166
153 176
153 181
153 184
154 200
154 204
154 158
156 180
156 202
157 193
157 169
157 170
158 200
158 173
159 175
160 199
160 177
160 176
160 178
160 188
162 201
162 194
162 189
162 171
162 187
163 203
163 170
163 191
164 168
164 202
164 167
165 203
166 194
166 181
167 168
167 202
167 204
167 185
168 202
168 204
168 185
169 182
169 188
170 193
170 197
170 190
171 181
171 194
171 201
171 189
172 199
172 182
173 192
173 187
174 183
176 189
176 181
176 184
177 199
177 178
177 188
179 185
180 204
180 190
181 184
181 201
181 189
182 199
184 189
185 202
185 204
186 191
187 192
188 199
189 201
190 193
190 197
190 204
191 203
193 197
194 201
