0 2
0 4
1 2
1 3
2 4
5 65
5 66
5 203
5 196
5 133
5 199
5 194
5 10
5 183
5 138
5 77
5 14
5 15
5 120
5 21
5 150
5 26
5 101
5 29
5 30
5 31
5 97
5 100
5 37
5 165
5 168
5 41
5 171
5 109
5 174
5 48
5 113
5 158
5 54
5 55
5 56
5 58
5 127
5 125
5 63
6 162
6 197
6 167
6 40
6 170
6 144
6 81
6 86
6 104
6 136
6 123
6 124
6 202
6 159
7 112
7 166
7 59
7 68
7 69
7 102
7 39
7 181
7 44
7 13
7 16
7 18
7 83
7 85
7 152
7 185
7 91
7 156
7 93
7 94
7 95
8 34
8 171
8 37
8 148
8 45
8 142
8 203
8 49
8 20
8 22
8 55
8 24
8 121
8 54
8 158
8 127
9 66
9 70
9 161
9 137
9 10
9 11
9 12
9 14
9 15
9 78
9 25
9 31
9 32
9 97
9 162
9 35
9 100
9 38
9 168
9 43
9 45
9 174
9 47
9 50
9 118
9 159
9 188
9 138
10 65
10 66
10 196
10 70
10 161
10 138
10 203
10 12
10 77
10 14
10 15
10 17
10 21
10 25
10 27
10 30
10 31
10 32
10 97
10 35
10 100
10 165
10 38
10 168
10 78
10 109
10 174
10 47
10 113
10 50
10 118
10 137
10 56
10 58
10 127
10 188
10 125
10 63
11 131
11 70
11 97
11 12
11 78
11 17
11 23
11 89
11 27
11 32
11 33
11 100
11 168
11 105
11 43
11 46
11 175
11 50
11 181
11 118
11 137
11 186
11 59
11 188
12 131
12 161
12 14
12 17
12 78
12 23
12 89
12 27
12 32
12 97
12 35
12 38
12 168
12 43
12 47
12 50
12 25
12 118
12 137
12 188
13 112
13 181
13 91
13 68
13 69
13 102
13 39
13 44
13 166
13 16
13 18
13 83
13 85
13 152
13 185
13 59
13 156
13 93
13 94
13 95
14 65
14 66
14 196
14 70
14 161
14 203
14 77
14 78
14 15
14 17
14 21
14 25
14 27
14 30
14 31
14 32
14 97
14 35
14 100
14 165
14 38
14 138
14 174
14 109
14 168
14 47
14 113
14 50
14 118
14 137
14 56
14 58
14 127
14 188
14 125
14 63
15 65
15 66
15 196
15 70
15 77
15 141
15 144
15 21
15 150
15 153
15 90
15 181
15 31
15 97
15 34
15 99
15 100
15 37
15 168
15 170
15 127
15 109
15 174
15 111
15 51
15 116
15 126
15 54
15 57
15 123
15 188
15 138
15 85
15 63
16 181
16 91
16 68
16 69
16 102
16 39
16 204
16 44
16 112
16 18
16 83
16 85
16 88
16 185
16 59
16 156
16 93
16 94
16 95
17 64
17 131
17 196
17 186
17 70
17 97
17 137
17 79
17 23
17 89
17 27
17 29
17 30
17 32
17 33
17 100
17 134
17 168
17 105
17 43
17 46
17 175
17 113
17 50
17 74
17 118
17 58
17 188
17 61
18 68
18 69
18 204
18 83
18 85
18 88
18 91
18 156
18 93
18 94
18 95
18 102
18 39
18 44
18 112
18 116
18 181
18 185
18 59
19 81
19 178
19 197
19 86
19 129
19 88
19 145
19 136
19 76
19 143
20 24
20 165
20 171
20 125
20 142
21 65
21 66
21 203
21 132
21 158
21 194
21 183
21 138
21 77
21 120
21 82
21 150
21 199
21 196
21 26
21 157
21 30
21 31
21 133
21 191
21 101
21 103
21 41
21 171
21 109
21 189
21 48
21 113
21 53
21 54
21 55
21 56
21 58
21 127
21 125
21 63
22 148
22 55
22 121
22 154
22 171
23 32
23 33
23 43
23 64
23 105
23 74
23 175
23 46
23 79
23 131
23 89
23 186
23 27
23 61
24 203
24 165
24 171
24 125
24 142
24 127
25 66
25 161
25 78
25 159
25 97
25 162
25 35
25 165
25 38
25 168
25 174
25 47
25 50
25 118
25 137
25 31
25 188
25 138
26 133
26 203
26 101
26 103
26 194
26 41
26 171
26 109
26 157
26 48
26 189
26 53
26 54
26 55
26 121
26 127
26 92
26 125
26 158
27 131
27 196
27 70
27 97
27 137
27 78
27 89
27 186
27 30
27 32
27 33
27 168
27 105
27 43
27 46
27 175
27 50
27 118
27 58
27 188
28 128
28 115
28 124
28 197
28 198
29 196
29 134
29 113
29 42
29 199
29 30
29 183
29 56
29 120
29 58
29 126
29 101
30 65
30 196
30 134
30 199
30 183
30 77
30 89
30 166
30 105
30 42
30 109
30 175
30 113
30 120
30 56
30 58
30 126
31 65
31 66
31 196
31 70
31 161
31 203
31 109
31 77
31 141
31 170
31 165
31 97
31 34
31 35
31 100
31 37
31 38
31 113
31 168
31 144
31 127
31 78
31 45
31 174
31 47
31 49
31 50
31 54
31 137
31 56
31 57
31 123
31 188
31 138
31 63
32 131
32 196
32 70
32 97
32 78
32 89
32 33
32 100
32 168
32 105
32 43
32 46
32 175
32 50
32 118
32 137
32 186
32 59
32 188
33 64
33 43
33 105
33 74
33 175
33 46
33 79
33 131
33 89
33 186
33 61
34 65
34 66
34 138
34 203
34 77
34 144
34 187
34 37
34 167
34 104
34 63
34 106
34 45
34 174
34 49
34 54
34 55
34 202
34 123
34 170
34 127
35 66
35 161
35 78
35 159
35 97
35 162
35 165
35 38
35 168
35 45
35 174
35 47
35 49
35 50
35 118
35 137
35 188
35 138
36 80
36 96
36 52
36 151
36 169
36 176
36 172
37 65
37 66
37 138
37 203
37 77
37 45
37 144
37 187
37 100
37 167
37 104
37 63
37 106
37 109
37 174
37 49
37 54
37 55
37 202
37 123
37 170
37 127
38 66
38 161
38 138
38 203
38 109
38 78
38 159
38 97
38 162
38 100
38 165
38 168
38 45
38 174
38 47
38 49
38 50
38 118
38 137
38 188
38 127
39 112
39 68
39 69
39 102
39 204
39 44
39 83
39 181
39 88
39 185
39 91
39 156
39 93
39 94
39 95
40 162
40 197
40 167
40 104
40 170
40 144
40 81
40 86
40 136
40 123
40 124
40 202
40 159
41 133
41 194
41 203
41 101
41 103
41 171
41 189
41 109
41 48
41 157
41 53
41 54
41 55
41 56
41 127
41 92
41 125
41 158
42 160
42 179
42 132
42 166
42 134
42 183
42 110
42 152
42 147
42 84
42 150
42 87
42 120
42 58
42 191
42 182
42 126
42 149
43 131
43 78
43 175
43 50
43 105
43 46
43 118
43 137
43 89
43 186
43 188
44 68
44 69
44 204
44 83
44 85
44 88
44 91
44 156
44 93
44 94
44 95
44 102
44 112
44 116
44 181
44 185
44 59
45 66
45 138
45 144
45 174
45 159
45 161
45 167
45 104
45 106
45 47
45 49
45 54
45 202
45 123
45 170
45 127
46 64
46 105
46 74
46 175
46 79
46 131
46 89
46 186
46 61
47 66
47 161
47 78
47 159
47 97
47 162
47 165
47 168
47 174
47 50
47 137
47 188
47 138
48 160
48 130
48 132
48 133
48 71
48 201
48 75
48 82
48 148
48 150
48 90
48 158
48 96
48 101
48 103
48 171
48 157
48 53
48 54
48 55
48 191
48 60
48 183
48 63
49 104
49 106
49 127
49 203
49 66
49 174
49 144
49 170
49 171
49 54
49 55
49 202
49 123
49 138
50 66
50 161
50 78
50 97
50 162
50 100
50 165
50 168
50 174
50 118
50 137
50 188
50 138
51 65
51 132
51 69
51 71
51 201
51 77
51 141
51 82
51 196
51 85
51 150
51 57
51 153
51 90
51 93
51 160
51 100
51 170
51 111
51 116
51 183
51 52
51 126
51 63
52 96
52 160
52 132
52 147
52 179
52 200
52 201
52 183
52 172
52 111
52 176
52 114
52 84
52 149
52 150
52 151
52 90
53 194
53 203
53 133
53 75
53 148
53 92
53 158
53 101
53 103
53 171
53 125
53 54
53 55
53 121
53 119
53 60
53 189
53 127
54 65
54 66
54 138
54 203
54 109
54 77
54 144
54 82
54 148
54 158
54 104
54 106
54 171
54 174
54 55
54 202
54 170
54 127
54 125
54 63
55 130
55 203
55 194
55 82
55 148
55 158
55 103
55 171
55 109
55 189
55 121
55 125
55 127
56 65
56 66
56 196
56 133
56 63
56 194
56 137
56 203
56 77
56 165
56 101
56 199
56 109
56 113
56 138
56 183
56 120
56 58
56 125
56 127
57 65
57 66
57 196
57 69
57 70
57 138
57 77
57 141
57 83
57 85
57 150
57 153
57 90
57 93
57 97
57 99
57 100
57 168
57 144
57 111
57 59
57 116
57 181
57 123
57 188
57 170
57 126
57 63
58 65
58 196
58 134
58 199
58 77
58 89
58 100
58 101
58 166
58 105
58 109
58 175
58 113
58 183
58 120
58 126
58 63
59 64
59 70
59 74
59 79
59 141
59 83
59 85
59 185
59 89
59 93
59 95
59 99
59 100
59 166
59 102
59 168
59 175
59 116
59 181
59 118
59 186
59 61
60 96
60 82
60 148
60 71
60 201
60 75
60 130
60 133
61 64
61 131
61 166
61 134
61 177
61 105
61 74
61 139
61 175
61 79
61 117
61 152
61 89
61 186
61 95
62 107
62 73
62 67
62 155
62 182
63 65
63 66
63 203
63 196
63 70
63 183
63 77
63 141
63 82
63 150
63 153
63 90
63 101
63 97
63 100
63 168
63 144
63 127
63 109
63 111
63 113
63 170
63 123
63 188
63 138
63 126
63 85
64 131
64 166
64 134
64 177
64 105
64 74
64 139
64 175
64 79
64 117
64 152
64 89
64 186
64 95
65 123
65 66
65 203
65 196
65 70
65 183
65 77
65 141
65 150
65 153
65 90
65 97
65 99
65 100
65 168
65 144
65 127
65 109
65 111
65 113
65 116
65 170
65 188
65 138
65 126
65 85
66 196
66 70
66 161
66 203
66 109
66 77
66 144
66 174
66 97
66 100
66 138
66 188
66 170
66 127
66 78
66 168
66 137
66 123
66 165
66 125
67 73
67 107
67 182
68 112
68 69
68 102
68 204
68 83
68 181
68 88
68 185
68 91
68 156
68 93
68 94
68 95
69 185
69 200
69 190
69 141
69 83
69 85
69 150
69 87
69 153
69 90
69 91
69 156
69 93
69 94
69 95
69 160
69 98
69 99
69 166
69 102
69 111
69 116
69 181
69 126
70 196
70 181
70 77
70 141
70 78
70 89
70 97
70 99
70 100
70 168
70 144
70 174
70 175
70 123
70 116
70 126
70 118
70 188
70 138
70 85
71 96
71 130
71 201
71 106
71 75
71 146
71 111
71 82
71 150
71 153
71 90
71 187
71 170
72 145
72 76
72 204
73 107
74 131
74 166
74 134
74 177
74 105
74 139
74 175
74 79
74 117
74 152
74 89
74 186
74 95
75 96
75 82
75 148
75 201
75 130
75 133
76 145
76 98
76 193
76 204
76 156
76 146
76 94
76 143
77 123
77 196
77 203
77 141
77 144
77 150
77 153
77 90
77 97
77 99
77 100
77 168
77 170
77 127
77 109
77 111
77 113
77 116
77 183
77 188
77 138
77 126
77 85
78 161
78 97
78 162
78 100
78 168
78 174
78 118
78 137
78 159
78 188
78 138
79 131
79 166
79 134
79 177
79 105
79 139
79 175
79 117
79 152
79 89
79 186
79 95
80 176
80 163
80 195
80 169
80 173
81 128
81 178
81 115
81 86
81 167
81 136
81 124
81 197
82 96
82 133
82 130
82 132
82 101
82 201
82 148
82 160
82 153
82 90
82 183
82 150
83 141
83 85
83 185
83 91
83 156
83 93
83 94
83 95
83 99
83 166
83 102
83 112
83 116
83 181
84 160
84 132
84 166
84 134
84 135
84 110
84 114
84 147
84 149
84 150
84 87
84 152
84 179
84 93
84 126
84 182
85 196
85 141
85 150
85 153
85 90
85 91
85 93
85 95
85 97
85 99
85 100
85 166
85 102
85 168
85 170
85 111
85 116
85 181
85 126
86 178
86 197
86 129
86 136
86 167
86 124
87 160
87 134
87 135
87 111
87 147
87 149
87 152
87 179
87 166
87 93
87 126
87 117
88 112
88 99
88 102
88 129
88 204
88 178
88 143
88 145
88 116
88 185
88 91
88 156
88 94
89 131
89 196
89 97
89 137
89 186
89 100
89 134
89 166
89 168
89 105
89 175
89 117
89 118
89 188
90 132
90 201
90 141
90 150
90 151
90 153
90 160
90 98
90 111
90 183
90 126
91 200
91 204
91 156
91 93
91 94
91 95
91 98
91 102
91 111
91 112
91 116
91 181
91 185
91 190
92 194
92 103
92 140
92 157
92 158
92 189
93 134
93 200
93 141
93 152
93 156
93 94
93 95
93 166
93 102
93 147
93 135
93 111
93 185
93 181
93 126
94 200
94 204
94 156
94 98
94 102
94 111
94 112
94 185
94 190
95 152
95 156
95 166
95 102
95 175
95 112
95 116
95 117
95 185
95 186
95 181
96 160
96 176
96 169
96 172
96 151
96 201
97 196
97 161
97 141
97 99
97 144
97 100
97 168
97 109
97 174
97 116
97 126
97 118
97 137
97 175
97 123
97 188
97 138
98 193
98 200
98 111
98 180
98 153
98 156
98 190
99 129
99 144
99 141
99 185
99 153
99 100
99 168
99 170
99 111
99 178
99 116
99 181
99 123
100 141
100 144
100 153
100 161
100 168
100 170
100 174
100 175
100 181
100 137
100 188
100 138
100 196
100 109
100 116
100 118
100 123
100 126
101 194
101 132
101 133
101 199
101 203
101 120
101 150
101 157
101 158
101 191
101 103
101 171
101 109
101 113
101 189
101 183
101 125
101 127
102 112
102 181
102 116
102 185
102 156
103 133
103 194
103 171
103 119
103 157
103 189
103 148
103 203
103 121
103 127
103 125
103 158
104 187
104 167
104 106
104 144
104 202
104 123
104 124
104 170
105 131
105 196
105 134
105 137
105 186
105 166
105 175
105 117
106 192
106 187
106 130
106 170
106 167
106 144
106 148
106 123
106 202
107 172
107 155
107 140
107 157
107 191
108 192
108 146
108 198
109 203
109 196
109 161
109 194
109 137
109 183
109 138
109 144
109 120
109 188
109 133
109 168
109 171
109 174
109 113
109 158
109 127
109 165
109 125
110 179
110 114
110 147
110 132
110 149
110 182
111 200
111 201
111 141
111 150
111 153
111 156
111 160
111 116
111 126
112 204
112 185
112 156
113 196
113 199
113 137
113 203
113 120
113 138
113 183
113 125
113 126
114 164
114 147
114 149
114 182
114 179
115 128
115 197
115 136
115 124
115 143
116 129
116 141
116 185
116 153
116 168
116 144
116 178
116 181
116 123
116 170
117 166
117 134
117 139
117 177
117 152
117 186
117 175
118 131
118 161
118 159
118 162
118 168
118 174
118 175
118 137
118 188
119 172
119 155
119 140
120 133
120 132
120 199
120 157
120 183
120 196
120 191
121 171
121 148
121 154
121 158
122 135
123 168
123 138
123 144
123 167
123 187
123 202
123 159
123 124
123 170
124 128
124 187
124 197
124 167
124 170
124 143
124 144
124 136
124 202
125 203
125 194
125 142
125 158
125 165
125 171
125 189
125 138
125 127
126 132
126 141
126 147
126 150
126 152
126 153
126 175
126 160
126 134
126 166
126 168
126 183
126 196
127 194
127 203
127 144
127 158
127 161
127 171
127 142
127 174
127 138
127 189
127 165
128 197
128 136
128 143
129 136
129 178
129 143
130 201
130 148
130 154
131 175
131 137
131 186
132 133
132 199
132 201
132 147
132 149
132 150
132 151
132 157
132 160
132 179
132 182
132 183
132 191
133 194
133 199
133 201
133 150
133 155
133 157
133 158
133 171
133 183
133 191
134 196
134 139
134 147
134 152
134 175
134 166
134 177
134 186
135 147
135 152
135 190
136 197
136 167
136 143
136 178
137 196
137 161
137 165
137 168
137 174
137 188
137 138
138 196
138 161
138 203
138 144
138 168
138 188
138 174
138 165
139 177
139 152
139 166
140 157
140 155
141 196
141 144
141 150
141 153
141 160
141 166
141 168
141 170
141 181
142 203
142 165
142 171
143 146
143 197
143 178
144 168
144 188
144 153
144 167
144 174
144 187
144 202
144 170
145 204
146 187
147 160
147 166
147 179
147 149
147 150
147 152
147 182
148 171
148 154
149 160
149 179
149 182
150 179
150 201
150 160
150 153
150 196
150 183
151 160
151 179
151 201
151 169
151 176
151 172
152 166
152 177
153 201
153 160
153 170
153 187
155 172
155 157
155 191
156 200
156 204
156 185
156 190
157 194
157 191
157 199
157 183
157 189
157 158
158 194
158 203
158 171
158 189
159 161
159 162
159 174
159 188
160 200
160 201
160 179
160 183
161 162
161 165
161 168
161 174
161 188
162 174
162 188
163 169
163 184
163 173
163 195
164 200
164 180
164 190
165 203
165 171
165 174
166 196
166 175
166 186
167 187
167 202
167 170
167 197
168 174
168 181
168 188
168 196
168 175
169 195
169 184
169 176
169 172
170 202
170 187
171 194
171 203
171 189
172 176
173 195
174 203
174 188
175 196
175 186
175 188
175 181
178 181
179 182
180 200
180 193
180 190
181 185
182 191
183 199
183 201
183 191
185 204
187 192
187 202
188 196
189 194
189 203
190 200
191 199
192 202
192 198
193 200
194 203
194 199
