0 198
0 1
0 2
0 3
0 4
0 5
0 6
0 7
0 8
0 9
0 202
0 11
0 13
0 14
0 15
0 145
0 18
0 19
0 177
0 68
0 27
0 130
0 29
0 30
0 31
0 96
0 97
0 99
0 70
0 38
0 129
0 40
0 71
0 46
0 175
0 104
0 51
0 137
0 122
1 129
1 2
1 3
1 4
1 5
1 6
1 7
1 8
1 9
1 202
1 11
1 13
1 14
1 15
1 145
1 18
1 19
1 68
1 27
1 130
1 29
1 30
1 31
1 96
1 97
1 99
1 70
1 38
1 177
1 40
1 71
1 46
1 175
1 104
1 51
1 137
1 122
2 130
2 3
2 4
2 5
2 6
2 7
2 8
2 9
2 202
2 11
2 13
2 14
2 15
2 145
2 18
2 19
2 177
2 68
2 27
2 30
2 31
2 96
2 97
2 99
2 70
2 38
2 129
2 40
2 71
2 46
2 175
2 104
2 51
2 137
2 122
3 4
3 5
3 6
3 7
3 8
3 9
3 202
3 11
3 13
3 14
3 15
3 145
3 18
3 19
3 177
3 68
3 27
3 130
3 29
3 30
3 31
3 96
3 97
3 99
3 70
3 38
3 129
3 40
3 71
3 46
3 175
3 104
3 51
3 137
3 122
4 68
4 5
4 6
4 7
4 8
4 9
4 202
4 11
4 13
4 14
4 15
4 145
4 18
4 19
4 177
4 27
4 130
4 30
4 31
4 96
4 97
4 99
4 70
4 38
4 129
4 40
4 71
4 46
4 175
4 104
4 51
4 137
4 122
5 6
5 7
5 8
5 9
5 202
5 11
5 13
5 14
5 15
5 145
5 18
5 19
5 68
5 27
5 130
5 30
5 31
5 96
5 97
5 99
5 36
5 70
5 38
5 40
5 105
5 71
5 46
5 175
5 104
5 51
5 137
5 198
5 122
6 7
6 200
6 9
6 202
6 11
6 13
6 14
6 15
6 145
6 18
6 19
6 177
6 23
6 68
6 27
6 167
6 30
6 31
6 96
6 97
6 99
6 38
6 129
6 40
6 71
6 46
6 175
6 104
6 51
6 137
6 122
7 71
7 9
7 202
7 13
7 15
7 145
7 18
7 19
7 68
7 27
7 30
7 31
7 96
7 97
7 99
7 38
7 129
7 46
7 175
7 177
7 51
7 137
7 122
8 70
8 137
8 202
8 11
8 13
8 14
8 15
8 164
8 145
8 18
8 19
8 68
8 27
8 130
8 29
8 30
8 31
8 96
8 36
8 198
8 38
8 39
8 40
8 105
8 43
8 46
8 175
8 104
8 51
8 190
8 122
8 168
8 62
9 137
9 10
9 11
9 140
9 13
9 14
9 15
9 18
9 19
9 23
9 27
9 30
9 31
9 163
9 38
9 39
9 129
9 46
9 175
9 177
9 168
9 68
9 71
9 200
9 73
9 202
9 75
9 87
9 96
9 97
9 99
9 104
9 167
9 146
9 40
9 122
10 131
10 97
10 200
10 75
10 140
10 14
10 17
10 146
10 19
10 20
10 21
10 87
10 25
10 167
10 29
10 199
10 159
10 33
10 39
10 104
10 41
10 71
10 45
10 142
10 157
10 168
10 116
10 118
10 187
10 61
10 62
10 63
11 140
11 13
11 14
11 15
11 145
11 18
11 19
11 26
11 27
11 29
11 30
11 31
11 37
11 38
11 39
11 40
11 43
11 46
11 175
11 51
11 137
11 57
11 70
11 62
11 198
11 68
11 130
11 71
11 200
11 202
11 87
11 96
11 97
11 99
11 104
11 105
11 167
11 108
11 146
11 168
11 122
12 128
12 131
12 196
12 69
12 74
12 142
12 152
12 88
12 157
12 165
12 33
12 37
12 39
12 41
12 107
12 172
12 45
12 113
12 50
12 118
12 55
12 184
12 159
12 63
13 202
13 130
13 14
13 15
13 145
13 18
13 19
13 177
13 68
13 27
13 30
13 31
13 96
13 97
13 99
13 70
13 38
13 129
13 40
13 71
13 46
13 175
13 104
13 51
13 137
13 122
14 140
14 15
14 145
14 18
14 19
14 21
14 26
14 27
14 29
14 30
14 31
14 37
14 38
14 39
14 40
14 43
14 46
14 175
14 51
14 137
14 57
14 70
14 62
14 198
14 68
14 130
14 71
14 200
14 202
14 75
14 87
14 96
14 97
14 104
14 105
14 167
14 108
14 146
14 168
14 116
14 122
15 202
15 145
15 18
15 19
15 68
15 27
15 130
15 30
15 31
15 96
15 97
15 99
15 70
15 38
15 40
15 105
15 71
15 46
15 175
15 104
15 51
15 137
15 198
15 122
16 129
16 66
16 73
16 204
16 162
16 144
16 146
16 163
16 23
16 24
16 158
16 176
16 34
16 99
16 167
16 171
16 48
16 177
16 114
16 52
16 117
16 183
16 124
17 33
17 131
17 133
17 103
17 41
17 75
17 140
17 45
17 146
17 179
17 20
17 21
17 203
17 25
17 116
17 154
17 187
17 61
17 199
18 140
18 145
18 19
18 27
18 29
18 30
18 31
18 198
18 38
18 167
18 129
18 46
18 175
18 177
18 51
18 137
18 168
18 68
18 130
18 71
18 200
18 202
18 87
18 96
18 97
18 99
18 104
18 105
18 39
18 40
18 122
19 140
19 145
19 21
19 27
19 29
19 30
19 31
19 198
19 38
19 167
19 40
19 46
19 175
19 177
19 51
19 137
19 68
19 130
19 71
19 200
19 129
19 202
19 75
19 87
19 96
19 97
19 104
19 105
19 39
19 168
19 122
20 131
20 133
20 199
20 201
20 75
20 140
20 78
20 80
20 146
20 21
20 25
20 154
20 90
20 158
20 33
20 162
20 41
20 176
20 179
20 116
20 187
20 61
21 131
21 97
21 200
21 75
21 140
21 146
21 142
21 87
21 25
21 167
21 29
21 199
21 159
21 33
21 39
21 104
21 41
21 71
21 45
21 157
21 168
21 116
21 118
21 187
21 61
21 62
21 63
22 192
22 148
22 94
22 54
22 135
22 56
22 153
22 126
23 97
23 99
23 182
23 129
23 200
23 144
23 167
23 177
23 163
23 73
23 87
23 124
24 48
24 66
24 134
24 204
24 42
24 171
24 108
24 114
24 83
24 117
24 183
24 176
24 90
24 127
24 124
24 95
25 33
25 131
25 199
25 41
25 75
25 140
25 142
25 118
25 87
25 154
25 61
26 96
26 132
26 201
26 74
26 81
26 78
26 57
26 88
26 89
26 156
26 101
26 32
26 37
26 39
26 40
26 105
26 196
26 43
26 113
26 180
26 104
26 58
26 168
26 60
26 62
27 145
27 29
27 30
27 31
27 70
27 38
27 167
27 129
27 43
27 46
27 175
27 177
27 51
27 137
27 168
27 198
27 68
27 130
27 71
27 200
27 202
27 87
27 96
27 97
27 99
27 104
27 105
27 39
27 40
27 122
28 34
28 191
28 52
28 189
28 95
29 130
29 68
29 198
29 71
29 137
29 140
29 145
29 75
29 87
29 157
29 31
29 96
29 97
29 200
29 38
29 39
29 40
29 105
29 142
29 46
29 175
29 104
29 51
29 122
29 159
29 168
29 202
29 63
30 202
30 145
30 177
30 68
30 71
30 130
30 167
30 31
30 96
30 97
30 99
30 70
30 38
30 129
30 40
30 43
30 46
30 175
30 104
30 51
30 137
30 198
30 122
30 168
30 200
31 202
31 145
31 68
31 71
31 198
31 130
31 96
31 97
31 36
31 70
31 38
31 39
31 40
31 105
31 43
31 46
31 175
31 104
31 51
31 137
31 122
31 168
31 200
32 132
32 37
32 74
32 44
32 78
32 113
32 180
32 196
32 55
32 88
32 57
32 155
32 156
32 58
32 101
33 131
33 133
33 199
33 76
33 75
33 142
33 154
33 69
33 165
33 103
33 41
33 170
33 172
33 45
33 61
33 179
33 118
33 187
33 125
33 63
34 144
34 66
34 163
34 73
34 162
34 52
34 117
34 124
34 189
34 95
35 64
35 119
35 149
35 47
36 198
36 130
36 68
36 70
36 105
36 112
36 145
36 51
36 85
36 164
36 186
36 190
37 128
37 96
37 132
37 140
37 74
37 78
37 57
37 88
37 196
37 39
37 40
37 105
37 43
37 113
37 201
37 184
37 104
37 58
37 168
37 62
38 202
38 145
38 177
38 68
38 130
38 96
38 97
38 99
38 70
38 129
38 40
38 71
38 46
38 175
38 104
38 51
38 137
38 198
38 122
39 130
39 75
39 168
39 198
39 71
39 175
39 87
39 137
39 96
39 97
39 131
39 113
39 40
39 41
39 43
39 46
39 157
39 104
39 140
39 116
39 167
39 105
39 57
39 122
39 159
39 200
39 62
39 63
40 140
40 145
40 167
40 168
40 43
40 46
40 175
40 51
40 137
40 57
40 70
40 62
40 198
40 68
40 130
40 71
40 200
40 202
40 87
40 96
40 97
40 104
40 105
40 108
40 122
41 131
41 133
41 199
41 75
41 140
41 142
41 157
41 69
41 187
41 165
41 172
41 45
41 113
41 179
41 116
41 118
41 159
41 61
41 63
42 66
42 134
42 47
42 79
42 204
42 114
42 191
42 95
43 198
43 71
43 137
43 140
43 78
43 146
43 87
43 96
43 97
43 105
43 167
43 108
43 113
43 116
43 57
43 201
43 104
43 122
43 168
43 200
43 62
44 196
44 101
44 58
44 155
44 74
44 181
45 131
45 133
45 75
45 76
45 142
45 152
45 157
45 69
45 165
45 170
45 107
45 172
45 113
45 179
45 118
45 159
45 125
45 63
46 145
46 70
46 167
46 175
46 177
46 51
46 137
46 198
46 68
46 130
46 71
46 200
46 129
46 202
46 87
46 96
46 97
46 99
46 104
46 105
46 168
46 122
47 49
47 139
47 149
47 134
47 79
47 191
47 95
48 66
48 71
48 200
48 73
48 204
48 146
48 83
48 90
48 158
48 162
48 163
48 167
48 171
48 108
48 176
48 114
48 116
48 117
48 183
48 52
48 124
49 191
49 82
49 139
49 149
50 128
50 184
50 67
50 88
50 107
51 137
51 202
51 145
51 68
51 130
51 96
51 97
51 70
51 105
51 71
51 175
51 104
51 198
51 122
52 163
52 194
52 73
52 176
52 162
52 146
52 117
52 183
52 90
52 124
52 189
52 158
52 95
53 194
53 203
53 154
53 111
53 110
53 143
54 80
54 147
54 185
54 94
54 135
54 56
54 153
54 195
54 126
54 174
55 195
55 132
55 69
55 74
55 78
55 80
55 113
55 196
55 58
55 187
55 101
56 192
56 135
56 169
56 174
56 147
56 148
56 126
56 119
56 153
56 94
57 96
57 132
57 201
57 74
57 140
57 78
57 88
57 196
57 156
57 101
57 105
57 113
57 104
57 58
57 168
57 62
58 132
58 102
58 156
58 74
58 166
58 113
58 180
58 196
58 88
58 155
58 92
58 101
59 121
59 178
59 100
59 93
60 193
60 156
60 164
60 84
60 102
60 89
60 92
60 173
61 131
61 199
61 75
61 140
61 142
61 118
61 87
61 154
62 75
62 132
62 71
62 137
62 140
62 78
62 146
62 87
62 167
62 104
62 96
62 97
62 105
62 108
62 113
62 116
62 201
62 122
62 168
62 200
63 128
63 131
63 165
63 75
63 142
63 157
63 113
63 140
63 172
63 118
63 88
63 152
63 159
64 149
64 119
65 188
65 81
65 91
65 180
65 166
65 185
65 123
65 92
65 109
66 204
66 171
66 108
66 114
66 83
66 117
66 183
66 176
66 124
66 127
67 107
67 165
68 202
68 145
68 130
68 96
68 97
68 70
68 105
68 71
68 175
68 104
68 137
68 198
68 122
69 196
69 170
69 107
69 76
69 179
69 187
69 125
70 130
70 137
70 202
70 164
70 145
70 96
70 198
70 105
70 175
70 112
70 122
70 190
71 140
71 145
71 176
71 175
71 177
71 137
71 200
71 129
71 202
71 75
71 87
71 96
71 97
71 99
71 104
71 167
71 108
71 146
71 168
71 116
71 122
71 183
72 160
72 147
72 174
72 150
72 119
73 99
73 97
73 129
73 144
73 167
73 162
73 177
73 146
73 163
73 117
73 182
73 176
73 200
73 124
73 158
74 195
74 132
74 78
74 113
74 180
74 196
74 88
74 155
74 101
75 131
75 97
75 200
75 140
75 146
75 87
75 167
75 199
75 159
75 104
75 142
75 157
75 168
75 116
75 118
75 187
76 179
76 133
76 165
76 169
76 170
76 125
77 197
78 132
78 201
78 80
78 81
78 195
78 196
78 94
78 101
78 180
78 168
78 171
78 113
78 116
78 185
78 187
78 188
79 191
79 134
80 180
80 132
80 101
80 201
80 171
80 185
80 81
80 195
80 196
80 116
80 90
80 187
80 188
80 94
81 187
81 132
81 101
81 166
81 201
81 171
81 109
81 195
81 180
81 196
81 185
81 91
81 188
81 94
82 139
83 204
83 117
83 183
83 124
83 171
83 108
83 114
83 127
84 193
84 156
84 164
84 166
84 102
84 89
84 92
84 173
85 112
85 186
85 190
87 129
87 177
87 167
87 140
87 199
87 96
87 97
87 131
87 146
87 175
87 104
87 116
87 137
87 122
87 168
87 200
88 128
88 136
88 113
88 152
88 184
89 193
89 156
89 164
89 102
89 92
89 173
90 162
90 187
90 185
90 167
90 201
90 171
90 204
90 158
90 146
90 117
90 176
90 116
90 95
90 124
90 183
90 94
91 188
91 180
91 101
91 166
91 185
91 123
91 92
91 109
92 102
92 166
92 193
92 156
92 180
92 188
93 192
93 100
93 178
93 148
93 121
94 195
94 109
94 153
94 185
94 126
95 194
95 204
95 162
95 189
95 158
96 140
96 145
96 175
96 137
96 198
96 130
96 200
96 202
96 97
96 99
96 104
96 105
96 167
96 108
96 146
96 168
96 122
97 140
97 145
97 129
97 175
97 177
97 137
97 168
97 200
97 202
97 99
97 104
97 167
97 146
97 116
97 122
98 136
98 184
98 186
99 200
99 202
99 137
99 167
99 129
99 144
99 108
99 175
99 177
99 124
100 121
100 178
101 155
101 132
101 166
101 113
101 201
101 195
101 180
101 196
101 188
101 185
102 193
102 156
102 188
102 166
102 173
103 160
103 133
103 199
103 106
103 203
103 141
103 143
103 179
103 120
103 154
103 125
104 140
104 145
104 175
104 137
104 198
104 130
104 200
104 202
104 105
104 167
104 108
104 146
104 168
104 116
104 122
105 198
105 130
105 137
105 145
105 164
105 136
105 175
105 190
105 122
105 168
106 160
106 203
106 151
106 120
106 143
107 128
107 172
107 165
108 137
108 204
108 146
108 201
108 176
108 167
108 171
108 114
108 117
108 183
108 185
108 168
108 127
109 180
109 166
109 185
109 123
109 188
110 160
110 143
110 203
110 111
111 143
112 198
112 186
112 190
113 128
113 201
113 132
113 140
113 196
113 168
113 184
113 187
114 134
114 204
114 171
114 117
114 183
114 124
114 127
116 131
116 200
116 201
116 140
116 146
116 176
116 167
116 158
116 162
116 171
116 168
116 199
116 117
116 183
116 187
117 200
117 204
117 162
117 146
117 158
117 176
117 163
117 167
117 171
117 183
117 124
118 131
118 165
118 199
118 142
118 157
118 140
118 172
118 152
118 159
119 147
119 174
119 135
119 153
119 126
119 197
120 160
120 179
120 133
120 154
120 203
120 125
120 143
121 178
122 202
122 145
122 130
122 175
122 137
122 198
122 168
122 200
123 180
123 166
123 188
124 129
124 204
124 162
124 144
124 146
124 163
124 158
124 167
124 171
124 177
124 183
124 176
125 141
125 179
125 165
125 170
125 133
126 192
126 147
126 148
126 153
126 135
126 174
127 204
128 152
128 184
128 136
129 200
129 202
129 137
129 163
129 167
129 144
129 175
129 177
130 137
130 202
130 145
130 136
130 198
130 157
130 175
130 159
131 199
131 200
131 140
131 142
131 146
131 157
131 159
131 172
132 185
132 196
132 201
132 195
132 180
132 187
132 188
133 203
133 170
133 199
133 179
133 154
134 139
134 204
135 192
135 147
135 148
135 153
135 169
135 174
136 152
136 198
136 186
136 184
137 140
137 145
137 175
137 177
137 168
137 198
137 200
137 202
137 167
137 146
138 164
138 173
138 190
140 200
140 167
140 199
140 159
140 146
140 142
140 157
140 168
142 165
142 199
142 157
142 172
142 152
142 159
143 160
143 203
143 154
144 163
144 182
144 177
145 202
145 175
145 198
146 176
146 200
146 201
146 158
146 162
146 163
146 167
146 171
146 168
146 183
147 150
147 153
147 174
148 192
148 178
148 197
148 153
149 191
152 172
152 184
152 157
152 159
153 192
153 174
154 160
154 203
154 199
154 179
155 196
155 181
156 193
156 164
156 166
156 173
157 172
157 159
158 162
158 163
158 194
158 176
159 172
160 203
162 163
162 167
162 200
162 171
162 194
162 183
162 176
163 194
163 167
163 177
163 182
164 198
164 173
164 190
165 172
166 188
166 180
167 176
167 171
167 175
167 177
167 200
167 168
167 183
168 198
168 201
168 175
168 176
168 200
169 192
169 170
170 179
171 201
171 204
171 176
171 183
171 185
173 193
175 177
175 198
175 200
175 202
176 201
176 200
176 204
176 183
177 200
177 202
178 192
179 187
180 188
180 195
180 196
180 201
180 185
183 204
183 201
185 187
185 201
185 195
185 188
186 198
186 190
187 196
187 195
187 201
188 201
188 195
189 194
190 198
195 201
195 196
196 201
198 202
200 202
