0 192
0 1
0 2
0 3
0 4
0 134
0 135
0 10
0 11
0 12
0 142
0 79
0 16
0 131
0 85
0 154
0 23
0 88
0 25
0 26
0 28
0 90
0 30
0 196
0 144
0 36
0 101
0 166
0 40
0 156
0 42
0 46
0 125
0 112
0 113
0 178
0 161
0 118
0 55
0 58
0 124
0 61
1 2
1 3
1 4
1 6
1 135
1 8
1 10
1 11
1 12
1 14
1 16
1 131
1 23
1 25
1 26
1 28
1 30
1 161
1 36
1 134
1 166
1 40
1 156
1 42
1 47
1 55
1 184
1 57
1 58
1 151
1 189
1 192
1 65
1 196
1 183
1 77
1 78
1 79
1 85
1 87
1 90
1 144
1 101
1 188
1 107
1 112
1 113
1 115
1 118
1 119
1 124
2 3
2 4
2 134
2 135
2 10
2 11
2 12
2 142
2 16
2 131
2 23
2 25
2 154
2 28
2 26
2 30
2 161
2 36
2 166
2 40
2 156
2 42
2 46
2 178
2 183
2 58
2 188
2 61
2 192
2 196
2 55
2 77
2 78
2 79
2 85
2 90
2 186
2 144
2 101
2 112
2 113
2 118
2 119
2 124
2 125
3 131
3 4
3 6
3 135
3 8
3 10
3 11
3 12
3 16
3 23
3 25
3 26
3 28
3 30
3 161
3 36
3 134
3 166
3 40
3 156
3 42
3 47
3 178
3 55
3 184
3 58
3 151
3 192
3 196
3 183
3 77
3 78
3 79
3 85
3 87
3 90
3 186
3 144
3 101
3 188
3 112
3 113
3 115
3 118
3 119
3 124
4 196
4 6
4 65
4 10
4 87
4 192
4 14
4 79
4 16
4 131
4 78
4 22
4 23
4 26
4 28
4 30
4 144
4 34
4 36
4 134
4 135
4 189
4 112
4 113
4 178
4 118
4 55
4 57
4 58
4 191
4 188
4 183
4 85
5 129
5 130
5 199
5 200
5 201
5 74
5 142
5 79
5 144
5 82
5 147
5 148
5 154
5 15
5 94
5 32
5 162
5 43
5 178
5 62
5 122
5 126
5 117
6 192
6 65
6 10
6 11
6 76
6 79
6 16
6 131
6 85
6 87
6 25
6 111
6 93
6 144
6 36
6 104
6 196
6 135
6 47
6 113
6 118
6 183
6 57
6 58
6 188
6 191
7 139
7 68
7 102
7 167
7 9
7 170
7 107
7 174
7 48
7 180
7 50
7 179
7 155
7 187
7 57
7 121
7 91
7 151
7 185
7 63
8 72
8 10
8 77
8 78
8 18
8 131
8 151
8 90
8 156
8 30
8 160
8 166
8 168
8 28
8 170
8 45
8 177
8 115
8 184
8 186
8 187
8 124
9 136
9 18
9 72
9 177
9 170
9 187
10 135
10 11
10 12
10 16
10 131
10 151
10 25
10 28
10 30
10 161
10 36
10 134
10 166
10 40
10 156
10 42
10 173
10 47
10 55
10 184
10 57
10 58
10 188
10 192
10 65
10 196
10 183
10 77
10 78
10 79
10 85
10 87
10 90
10 186
10 144
10 101
10 107
10 112
10 113
10 115
10 118
10 119
10 124
11 135
11 12
11 142
11 15
11 16
11 149
11 25
11 154
11 156
11 30
11 161
11 162
11 36
11 134
11 40
11 28
11 42
11 173
11 47
11 183
11 58
11 188
11 62
11 192
11 193
11 196
11 55
11 77
11 79
11 85
11 87
11 90
11 92
11 93
11 94
11 144
11 101
11 112
11 118
11 119
11 125
12 134
12 135
12 142
12 15
12 16
12 23
12 25
12 154
12 28
12 26
12 30
12 161
12 36
12 40
12 156
12 42
12 46
12 178
12 183
12 58
12 188
12 61
12 192
12 196
12 55
12 77
12 79
12 85
12 90
12 94
12 144
12 101
12 112
12 113
12 118
12 119
12 124
12 125
13 160
13 168
13 38
13 54
13 186
13 56
13 90
13 45
13 190
13 175
14 131
14 134
14 65
14 204
14 78
14 188
14 196
14 22
14 89
14 155
14 135
14 33
14 34
14 35
14 166
14 177
14 105
14 170
14 107
14 48
14 113
14 115
14 118
14 57
14 60
14 189
15 193
15 132
15 199
15 201
15 202
15 142
15 79
15 144
15 149
15 154
15 143
15 92
15 93
15 94
15 162
15 101
15 40
15 43
15 117
15 120
15 122
15 125
15 62
15 85
16 135
16 192
16 78
16 79
16 144
16 131
16 85
16 23
16 25
16 26
16 28
16 154
16 30
16 196
16 161
16 87
16 36
16 101
16 40
16 156
16 42
16 142
16 112
16 113
16 178
16 118
16 55
16 58
16 183
16 188
16 125
16 134
17 33
17 34
17 35
17 53
17 105
17 89
17 60
17 189
18 187
18 166
18 177
18 72
18 170
18 115
18 151
18 89
18 136
18 155
18 186
19 195
19 20
19 21
19 169
19 108
19 37
20 169
20 21
20 195
20 37
21 169
21 37
21 195
22 128
22 33
22 34
22 35
22 65
22 204
22 189
22 48
22 131
22 174
22 57
22 155
22 157
22 191
23 134
23 142
23 79
23 67
23 148
23 85
23 88
23 196
23 26
23 28
23 154
23 30
23 95
23 144
23 98
23 131
23 166
23 42
23 112
23 113
23 178
23 118
23 55
23 58
23 192
24 39
25 196
25 135
25 77
25 78
25 79
25 156
25 188
25 84
25 85
25 87
25 100
25 90
25 111
25 28
25 93
25 30
25 144
25 36
25 101
25 40
25 92
25 173
25 47
25 112
25 183
25 161
25 55
25 184
25 58
25 119
25 124
25 125
26 134
26 142
26 79
26 67
26 148
26 85
26 88
26 196
26 154
26 28
26 30
26 95
26 144
26 98
26 131
26 166
26 42
26 112
26 113
26 178
26 118
26 55
26 58
26 192
27 193
27 194
27 99
27 197
27 198
27 145
27 202
27 203
27 44
27 49
27 149
27 182
27 92
27 31
28 134
28 135
28 131
28 154
28 156
28 30
28 161
28 36
28 166
28 40
28 42
28 46
28 178
28 55
28 58
28 188
28 61
28 192
28 196
28 183
28 77
28 78
28 79
28 85
28 90
28 186
28 144
28 101
28 112
28 113
28 115
28 118
28 119
28 124
28 125
29 194
29 99
29 132
29 69
29 40
29 73
29 46
29 125
29 49
29 181
29 152
29 164
29 59
29 61
30 134
30 135
30 131
30 161
30 36
30 166
30 40
30 156
30 42
30 45
30 47
30 55
30 184
30 186
30 151
30 192
30 196
30 183
30 77
30 78
30 85
30 90
30 58
30 144
30 101
30 188
30 112
30 113
30 115
30 118
30 119
30 124
31 145
31 99
31 149
31 198
31 44
31 202
31 92
31 203
31 197
32 64
32 130
32 70
32 71
32 200
32 201
32 74
32 94
32 81
32 82
32 147
32 199
32 159
32 162
32 43
32 109
32 62
32 122
32 138
32 126
32 117
33 34
33 35
33 177
33 136
33 105
33 131
33 89
33 155
33 60
33 189
34 35
34 166
34 177
34 136
34 105
34 115
34 131
34 89
34 155
34 60
34 189
35 105
35 177
35 136
35 89
35 60
35 189
36 135
36 131
36 151
36 161
36 134
36 166
36 40
36 156
36 173
36 47
36 55
36 184
36 57
36 58
36 188
36 192
36 65
36 196
36 183
36 77
36 78
36 79
36 85
36 87
36 90
36 144
36 101
36 107
36 112
36 113
36 115
36 118
36 119
36 124
37 169
37 195
38 160
38 168
38 54
38 152
38 73
38 190
38 175
40 196
40 69
40 161
40 194
40 77
40 142
40 156
40 193
40 85
40 90
40 79
40 144
40 101
40 119
40 92
40 42
40 46
40 125
40 112
40 49
40 94
40 55
40 58
40 59
40 124
40 61
40 62
40 149
41 168
41 124
41 45
41 77
41 84
41 150
41 119
41 52
41 90
41 123
41 156
41 186
42 196
42 134
42 161
42 142
42 79
42 148
42 85
42 154
42 88
42 90
42 144
42 164
42 101
42 46
42 125
42 112
42 178
42 118
42 55
42 58
42 61
43 193
43 162
43 132
43 71
43 201
43 74
43 62
43 142
43 79
43 82
43 148
43 117
43 154
43 199
43 122
43 125
43 94
44 145
44 197
44 99
44 149
44 198
44 202
44 92
44 203
45 175
45 187
45 77
45 168
45 156
45 116
45 119
45 52
45 90
45 123
45 124
45 186
45 127
46 132
46 69
46 194
46 142
46 152
46 94
46 161
46 164
46 101
46 125
46 49
46 181
46 55
46 59
46 61
47 66
47 65
47 77
47 78
47 173
47 80
47 84
47 86
47 87
47 156
47 100
47 161
47 188
47 107
47 151
47 111
47 119
47 184
47 57
47 124
47 183
47 63
48 128
48 65
48 204
48 139
48 76
48 141
48 174
48 57
48 155
48 157
48 185
48 102
48 103
48 170
48 107
48 110
48 50
48 121
48 191
49 194
49 99
49 132
49 101
49 106
49 197
49 125
49 61
49 59
49 181
49 152
49 92
49 69
50 128
50 155
50 185
50 102
50 136
50 153
50 139
50 157
50 174
51 83
51 75
51 140
51 182
51 150
52 66
52 187
52 168
52 151
52 77
52 156
52 86
52 119
52 184
52 90
52 123
52 124
52 63
53 98
53 163
53 105
53 171
53 60
53 95
54 160
54 190
54 175
55 134
55 135
55 142
55 79
55 131
55 85
55 154
55 88
55 90
55 188
55 144
55 101
55 166
55 156
55 125
55 112
55 113
55 178
55 161
55 118
55 58
55 192
55 124
55 61
55 196
56 160
56 97
56 146
56 116
56 133
56 165
56 72
56 186
56 168
56 127
57 131
57 204
57 139
57 76
57 78
57 87
57 155
57 135
57 185
57 102
57 103
57 188
57 170
57 107
57 174
57 191
57 110
57 183
57 184
57 121
57 63
57 151
57 65
58 135
58 142
58 79
58 67
58 148
58 85
58 154
58 196
58 144
58 101
58 161
58 112
58 113
58 178
58 131
58 94
58 118
58 87
58 192
58 188
58 125
58 134
59 194
59 99
59 69
59 106
59 61
59 181
59 152
59 197
60 105
60 137
60 89
60 189
60 95
61 132
61 69
61 194
61 142
61 152
61 161
61 99
61 164
61 101
61 181
61 125
62 193
62 132
62 199
62 201
62 202
62 142
62 79
62 149
62 154
62 143
62 92
62 93
62 94
62 162
62 101
62 117
62 120
62 122
62 125
63 66
63 68
63 156
63 170
63 107
63 77
63 78
63 80
63 179
63 86
63 121
63 184
63 187
63 151
63 167
64 117
64 71
64 201
64 199
64 109
64 159
65 131
65 135
65 204
65 139
65 76
65 77
65 78
65 87
65 196
65 155
65 185
65 177
65 188
65 170
65 107
65 174
65 110
65 113
65 115
65 183
65 184
65 121
65 187
65 151
65 189
66 100
66 173
66 77
66 80
66 86
66 151
66 184
66 84
66 156
67 129
67 98
67 142
67 79
67 112
67 178
67 147
67 148
67 154
67 88
67 95
68 155
68 179
68 102
68 170
68 139
68 110
68 107
68 180
68 174
68 185
68 121
68 91
68 167
69 194
69 99
69 197
69 106
69 181
69 152
69 125
70 81
70 82
70 201
70 138
70 199
70 96
70 122
70 172
70 130
70 126
71 117
71 199
71 201
71 109
71 159
72 97
72 133
72 166
72 146
72 177
72 115
72 116
72 186
72 187
72 165
73 152
74 129
74 130
74 199
74 200
74 201
74 178
74 79
74 82
74 147
74 148
74 117
74 122
74 154
74 126
75 83
75 140
75 150
76 103
76 104
76 188
76 107
76 204
76 110
76 78
76 87
76 135
76 183
76 191
77 196
77 78
77 173
77 156
77 84
77 86
77 151
77 90
77 161
77 187
77 107
77 115
77 119
77 184
77 186
77 123
77 124
77 183
78 204
78 135
78 173
78 131
78 121
78 196
78 87
78 90
78 188
78 166
78 177
78 156
78 170
78 107
78 151
78 113
78 115
78 118
78 119
78 184
78 187
78 124
78 183
79 135
79 142
79 148
79 154
79 161
79 134
79 178
79 188
79 192
79 196
79 85
79 87
79 94
79 144
79 101
79 112
79 113
79 118
79 125
79 126
80 84
80 86
80 100
80 173
80 158
81 96
81 82
81 199
81 201
81 122
81 172
81 130
81 126
81 138
82 129
82 130
82 199
82 200
82 201
82 147
82 148
82 117
82 122
82 138
82 126
83 140
83 182
84 100
84 150
84 173
84 156
84 86
84 119
84 123
84 124
85 135
85 192
85 142
85 131
85 196
85 154
85 93
85 144
85 87
85 101
85 156
85 112
85 113
85 178
85 161
85 94
85 118
85 183
85 188
85 125
85 134
86 100
86 173
86 151
86 184
86 156
87 192
87 131
87 111
87 93
87 144
87 104
87 196
87 135
87 113
87 118
87 183
87 188
87 191
88 164
88 142
88 112
88 178
88 148
88 154
89 166
89 177
89 136
89 137
89 115
89 105
89 189
90 196
90 156
90 151
90 161
90 123
90 101
90 166
90 112
90 168
90 115
90 184
90 186
90 119
90 124
90 183
91 180
91 179
91 102
91 167
91 121
92 193
92 194
92 203
92 197
92 202
92 143
92 145
92 149
92 93
92 94
92 162
92 99
92 101
92 120
92 125
93 193
93 162
93 203
93 101
93 104
93 143
93 111
93 120
93 125
93 149
94 193
94 132
94 199
94 201
94 202
94 142
94 144
94 148
94 154
94 122
94 162
94 101
94 117
94 125
94 126
94 149
95 163
95 98
95 137
95 105
95 171
96 172
97 160
97 146
97 133
97 186
98 163
98 137
98 105
98 171
99 194
99 198
99 106
99 197
99 181
99 152
100 203
100 182
100 111
100 173
101 196
101 161
101 194
101 142
101 156
101 193
101 154
101 144
101 162
101 173
101 125
101 112
101 202
101 119
101 149
102 128
102 139
102 170
102 107
102 204
102 174
102 179
102 180
102 121
102 155
102 167
102 185
103 176
103 204
103 141
103 110
103 191
104 120
104 188
104 111
105 137
105 171
105 163
105 189
106 194
106 152
106 197
107 131
107 204
107 139
107 188
107 155
107 135
107 185
107 156
107 170
107 174
107 110
107 177
107 115
107 183
107 184
107 121
107 187
107 151
108 169
108 195
109 117
109 201
109 199
109 159
110 139
110 121
110 204
111 173
111 183
112 134
112 135
112 142
112 148
112 154
112 196
112 144
112 166
112 161
112 113
112 178
112 131
112 118
112 192
112 188
112 125
113 131
113 196
113 144
113 134
113 135
113 189
113 178
113 118
113 192
113 188
113 183
114 158
115 184
115 131
115 151
115 166
115 177
115 156
115 170
115 136
115 118
115 186
115 187
115 189
116 133
116 165
116 127
117 130
117 132
117 200
117 201
117 142
117 162
117 148
117 199
117 122
117 154
118 135
118 131
118 196
118 154
118 144
118 134
118 166
118 161
118 178
118 192
118 188
118 189
119 196
119 173
119 156
119 151
119 161
119 183
119 184
119 186
119 123
119 124
120 193
120 162
120 202
120 203
120 172
120 143
120 149
120 122
121 139
121 170
121 204
121 174
121 187
121 155
121 151
121 184
121 167
121 185
122 193
122 130
122 162
122 201
122 172
122 126
122 199
122 143
122 138
123 168
123 151
123 124
123 150
123 184
123 187
123 156
123 186
124 196
124 173
124 156
124 151
124 161
124 168
124 184
124 186
125 193
125 132
125 161
125 202
125 194
125 142
125 154
125 144
125 162
125 149
126 129
126 130
126 199
126 201
126 162
126 147
126 154
127 168
127 165
127 133
128 155
128 185
128 139
128 204
128 141
128 174
128 157
129 147
129 178
129 200
129 148
129 130
130 199
130 200
130 201
130 147
130 138
131 192
131 135
131 196
131 134
131 166
131 177
131 144
131 189
131 183
131 188
131 170
132 164
132 142
132 181
133 160
133 146
133 165
133 186
133 168
134 135
134 196
134 154
134 144
134 166
134 161
134 178
134 192
134 188
134 189
135 144
135 192
135 196
135 189
135 178
135 204
135 191
135 188
135 183
136 170
136 174
136 177
136 185
136 155
137 171
138 199
138 201
139 167
139 170
139 204
139 141
139 174
139 155
139 157
139 185
141 157
141 174
142 193
142 161
142 201
142 148
142 154
142 144
142 162
142 164
142 178
142 199
143 193
143 162
143 202
143 203
143 172
143 149
144 192
144 148
144 154
144 196
144 161
144 178
144 183
144 188
145 193
145 203
145 149
145 198
145 202
146 160
147 199
147 200
147 201
147 178
147 148
147 154
148 199
148 201
148 154
148 178
149 193
149 162
149 203
149 202
150 197
151 183
151 156
151 187
151 166
151 170
151 177
151 184
151 186
152 194
152 164
152 181
153 157
154 192
154 196
154 161
154 201
154 162
154 178
154 199
155 204
155 157
155 185
155 167
155 170
155 174
155 177
156 196
156 173
156 161
156 187
156 184
156 186
156 183
157 185
157 174
158 179
159 199
160 166
160 175
160 168
160 186
160 190
161 196
161 194
161 192
161 188
161 173
161 183
162 193
162 199
162 201
162 202
162 172
163 171
164 181
166 196
166 177
166 186
166 187
166 189
167 170
167 174
167 179
167 180
167 185
168 175
168 186
169 195
170 204
170 185
170 177
170 174
170 184
170 187
173 184
173 183
174 204
174 185
175 186
175 190
177 187
177 189
178 196
178 192
179 180
181 194
182 203
183 184
183 188
183 196
183 204
184 196
184 187
185 204
186 187
188 192
188 196
188 189
188 204
188 191
189 192
189 196
191 204
192 196
193 202
193 203
194 197
197 198
199 200
199 201
200 201
202 203
