2 3
2 4
5 169
5 200
5 12
5 90
5 76
5 173
6 131
6 7
6 8
6 9
6 10
6 13
6 14
6 15
6 16
6 19
6 20
6 21
6 141
6 23
6 24
6 26
6 27
6 197
6 36
6 165
6 38
6 39
6 41
6 42
6 45
6 49
6 179
6 53
6 183
6 59
6 60
6 61
6 190
6 192
6 65
6 67
6 69
6 177
6 78
6 79
6 81
6 82
6 142
6 86
6 89
6 91
6 92
6 93
6 148
6 187
6 100
6 103
6 110
6 113
6 114
6 115
6 119
6 121
6 136
6 170
6 126
6 149
7 131
7 8
7 9
7 10
7 13
7 14
7 15
7 16
7 19
7 20
7 21
7 141
7 23
7 24
7 25
7 26
7 27
7 197
7 36
7 165
7 38
7 39
7 41
7 42
7 45
7 49
7 179
7 53
7 183
7 59
7 60
7 61
7 190
7 63
7 192
7 65
7 67
7 69
7 177
7 78
7 79
7 81
7 82
7 142
7 86
7 89
7 91
7 92
7 93
7 148
7 187
7 100
7 103
7 110
7 113
7 114
7 115
7 119
7 121
7 136
7 170
7 126
7 149
8 131
8 136
8 9
8 10
8 13
8 142
8 15
8 16
8 19
8 20
8 21
8 141
8 23
8 24
8 26
8 27
8 197
8 36
8 165
8 38
8 39
8 41
8 42
8 45
8 49
8 179
8 183
8 59
8 60
8 61
8 190
8 63
8 192
8 65
8 69
8 177
8 78
8 79
8 81
8 82
8 86
8 89
8 91
8 92
8 93
8 94
8 187
8 100
8 103
8 110
8 113
8 114
8 115
8 119
8 121
8 170
8 126
8 149
9 131
9 10
9 13
9 14
9 15
9 16
9 19
9 20
9 21
9 141
9 23
9 24
9 25
9 26
9 27
9 197
9 36
9 165
9 38
9 39
9 41
9 42
9 45
9 49
9 179
9 53
9 183
9 59
9 60
9 61
9 190
9 63
9 192
9 65
9 67
9 69
9 177
9 78
9 79
9 81
9 82
9 142
9 86
9 89
9 91
9 92
9 93
9 148
9 187
9 100
9 103
9 110
9 113
9 114
9 115
9 119
9 121
9 136
9 170
9 126
9 149
10 131
10 13
10 14
10 15
10 16
10 19
10 20
10 21
10 141
10 23
10 24
10 25
10 26
10 27
10 197
10 36
10 165
10 38
10 39
10 41
10 42
10 45
10 49
10 179
10 53
10 183
10 59
10 60
10 61
10 190
10 63
10 192
10 65
10 67
10 69
10 177
10 78
10 79
10 81
10 82
10 142
10 86
10 89
10 91
10 92
10 93
10 148
10 100
10 102
10 103
10 110
10 113
10 114
10 115
10 119
10 121
10 136
10 170
10 126
10 149
11 96
11 84
11 166
11 202
11 124
11 77
11 62
11 109
12 90
12 28
13 131
13 141
13 15
13 16
13 20
13 21
13 23
13 24
13 26
13 27
13 197
13 36
13 165
13 38
13 39
13 42
13 45
13 49
13 179
13 183
13 59
13 60
13 61
13 190
13 63
13 192
13 65
13 69
13 177
13 78
13 79
13 81
13 82
13 86
13 89
13 91
13 92
13 93
13 94
13 187
13 100
13 103
13 110
13 114
13 115
13 119
13 121
13 136
13 170
13 126
13 149
14 149
14 130
14 171
14 196
14 69
14 136
14 78
14 79
14 16
14 81
14 19
14 142
14 23
14 89
14 27
14 93
14 185
14 31
14 197
14 100
14 102
14 38
14 39
14 170
14 103
14 189
14 179
14 53
14 183
14 121
14 117
14 61
14 126
14 63
15 131
15 16
15 20
15 21
15 23
15 24
15 26
15 27
15 197
15 36
15 165
15 38
15 39
15 42
15 45
15 49
15 179
15 59
15 60
15 61
15 190
15 192
15 67
15 69
15 177
15 78
15 79
15 141
15 82
15 86
15 89
15 91
15 92
15 93
15 94
15 148
15 187
15 100
15 103
15 110
15 114
15 115
15 119
15 121
15 136
15 170
15 126
15 149
16 131
16 141
16 19
16 20
16 21
16 23
16 24
16 25
16 26
16 27
16 197
16 36
16 165
16 38
16 39
16 41
16 42
16 45
16 49
16 179
16 53
16 183
16 59
16 60
16 61
16 190
16 63
16 192
16 65
16 67
16 69
16 177
16 78
16 79
16 81
16 82
16 142
16 86
16 89
16 91
16 92
16 93
16 148
16 187
16 100
16 103
16 110
16 113
16 114
16 115
16 119
16 121
16 136
16 170
16 126
16 149
17 176
18 145
18 162
18 181
18 134
18 43
18 125
18 182
19 149
19 142
19 69
19 78
19 79
19 81
19 196
19 86
19 23
19 25
19 91
19 93
19 199
19 31
19 97
19 197
19 100
19 102
19 38
19 39
19 41
19 170
19 103
19 117
19 110
19 113
19 179
19 53
19 183
19 121
19 60
19 61
19 190
19 63
20 131
20 148
20 21
20 141
20 23
20 26
20 27
20 197
20 36
20 165
20 38
20 39
20 42
20 44
20 45
20 49
20 179
20 59
20 60
20 61
20 190
20 192
20 65
20 67
20 69
20 177
20 78
20 79
20 81
20 82
20 86
20 89
20 91
20 92
20 93
20 94
20 187
20 100
20 103
20 167
20 110
20 114
20 115
20 119
20 120
20 121
20 136
20 170
20 126
20 149
21 192
21 131
21 177
21 69
21 78
21 141
21 82
21 86
21 24
21 26
21 91
21 92
21 94
21 187
21 36
21 103
21 42
21 167
21 45
21 110
21 49
21 115
21 119
21 59
21 60
21 190
22 169
22 178
22 83
22 28
22 87
23 130
23 149
23 141
23 25
23 27
23 31
23 197
23 36
23 165
23 38
23 39
23 41
23 170
23 49
23 179
23 53
23 183
23 59
23 60
23 61
23 190
23 67
23 69
23 78
23 79
23 81
23 142
23 86
23 89
23 91
23 92
23 93
23 148
23 100
23 103
23 113
23 114
23 117
23 119
23 121
23 136
23 126
24 131
24 69
24 78
24 82
24 86
24 26
24 79
24 92
24 93
24 94
24 91
24 36
24 177
24 41
24 45
24 110
24 49
24 115
24 187
24 119
24 121
24 59
24 60
24 190
25 129
25 196
25 69
25 142
25 79
25 81
25 91
25 92
25 93
25 31
25 97
25 100
25 39
25 41
25 170
25 199
25 113
25 53
25 183
25 121
25 60
25 61
25 190
25 63
26 131
26 27
26 197
26 36
26 165
26 38
26 39
26 42
26 45
26 49
26 179
26 59
26 60
26 61
26 190
26 192
26 65
26 69
26 177
26 79
26 78
26 141
26 82
26 86
26 89
26 91
26 92
26 93
26 94
26 187
26 100
26 103
26 167
26 110
26 114
26 115
26 119
26 148
26 136
26 170
26 126
26 149
27 130
27 131
27 149
27 141
27 197
27 36
27 165
27 38
27 39
27 42
27 44
27 45
27 47
27 49
27 179
27 59
27 61
27 190
27 192
27 65
27 67
27 69
27 177
27 78
27 79
27 81
27 82
27 86
27 89
27 143
27 93
27 148
27 187
27 100
27 103
27 114
27 119
27 120
27 121
27 136
27 170
27 126
28 178
28 83
28 87
28 169
29 35
29 51
29 68
29 147
29 73
29 57
29 58
29 75
29 74
30 192
30 167
30 120
30 42
30 44
30 141
30 143
31 196
31 97
31 142
31 102
31 39
31 170
31 183
31 61
31 81
31 121
31 53
31 189
31 184
31 79
31 93
31 185
31 117
32 153
32 155
32 95
33 168
34 56
34 64
34 140
35 105
35 73
35 58
35 75
35 74
36 131
36 197
36 165
36 38
36 39
36 42
36 45
36 49
36 179
36 59
36 60
36 61
36 190
36 192
36 67
36 69
36 177
36 78
36 79
36 141
36 82
36 86
36 89
36 91
36 92
36 93
36 94
36 148
36 187
36 100
36 103
36 110
36 114
36 115
36 119
36 121
36 136
36 170
36 126
36 149
37 168
37 156
37 174
38 130
38 131
38 149
38 141
38 197
38 165
38 39
38 42
38 44
38 45
38 49
38 179
38 53
38 183
38 59
38 60
38 61
38 190
38 63
38 192
38 65
38 67
38 69
38 177
38 78
38 79
38 81
38 82
38 142
38 86
38 89
38 91
38 92
38 93
38 148
38 187
38 100
38 102
38 103
38 110
38 114
38 117
38 119
38 120
38 121
38 136
38 170
38 126
39 131
39 149
39 141
39 197
39 41
39 170
39 49
39 179
39 53
39 183
39 59
39 60
39 61
39 190
39 63
39 192
39 65
39 196
39 69
39 199
39 78
39 79
39 81
39 142
39 86
39 89
39 91
39 92
39 93
39 100
39 102
39 103
39 110
39 113
39 117
39 119
39 121
39 136
39 126
40 139
41 129
41 69
41 142
41 79
41 86
41 91
41 92
41 93
41 97
41 100
41 170
41 199
41 110
41 113
41 53
41 183
41 121
41 60
41 61
41 190
41 63
42 192
42 65
42 131
42 177
42 69
42 190
42 141
42 82
42 86
42 89
42 100
42 197
42 187
42 103
42 167
42 110
42 49
42 114
42 179
42 94
42 119
42 136
42 59
42 126
42 149
43 145
43 181
43 134
43 162
43 125
43 182
44 192
44 130
44 165
44 136
44 137
44 148
44 143
44 141
44 47
44 49
44 114
44 120
44 89
44 59
44 126
44 197
45 192
45 67
45 78
45 141
45 82
45 131
45 86
45 94
45 161
45 98
45 187
45 165
45 103
45 167
45 177
45 49
45 114
45 115
45 119
45 148
45 59
45 190
47 114
47 148
47 165
47 54
47 120
47 137
47 130
47 158
47 143
49 131
49 197
49 165
49 136
49 179
49 59
49 60
49 61
49 190
49 192
49 65
49 69
49 177
49 78
49 79
49 141
49 82
49 86
49 89
49 91
49 92
49 93
49 94
49 148
49 187
49 100
49 103
49 167
49 110
49 114
49 115
49 119
49 121
49 170
49 126
49 149
50 118
50 71
51 123
51 68
51 147
51 73
51 104
51 57
51 74
51 75
52 66
52 151
53 149
53 142
53 69
53 78
53 79
53 81
53 86
53 91
53 93
53 199
53 196
53 97
53 100
53 102
53 170
53 103
53 110
53 113
53 179
53 117
53 183
53 121
53 60
53 61
53 190
53 63
54 88
54 137
54 143
54 158
55 106
55 116
56 64
56 66
56 151
57 68
57 147
57 104
57 73
57 74
57 123
58 73
58 75
59 131
59 141
59 197
59 165
59 179
59 187
59 60
59 61
59 190
59 192
59 65
59 67
59 69
59 177
59 78
59 79
59 81
59 82
59 86
59 89
59 91
59 92
59 93
59 94
59 148
59 100
59 103
59 167
59 110
59 114
59 115
59 119
59 120
59 121
59 136
59 170
59 126
59 149
60 131
60 142
60 91
60 170
60 179
60 183
60 61
60 190
60 63
60 65
60 69
60 199
60 177
60 78
60 141
60 82
60 86
60 89
60 79
60 92
60 93
60 100
60 103
60 110
60 113
60 115
60 119
60 121
60 149
61 129
61 149
61 197
61 165
61 170
61 179
61 183
61 190
61 67
61 69
61 177
61 79
61 78
61 141
61 81
61 142
61 86
61 89
61 91
61 92
61 93
61 148
61 100
61 103
61 114
61 119
61 121
61 136
61 126
62 96
62 84
62 166
62 124
62 77
62 109
63 149
63 65
63 196
63 69
63 183
63 190
63 79
63 81
63 142
63 86
63 89
63 93
63 197
63 100
63 102
63 170
63 103
63 110
63 113
63 179
63 119
63 121
63 136
63 126
63 117
64 66
64 151
65 192
65 131
65 196
65 69
65 183
65 141
65 149
65 86
65 89
65 92
65 93
65 197
65 100
65 102
65 103
65 110
65 179
65 190
65 119
65 121
65 136
65 170
65 126
66 151
67 141
67 78
67 86
67 79
67 93
67 165
67 103
67 177
67 114
67 187
67 119
67 148
68 147
68 73
68 104
68 74
68 123
69 131
69 141
69 165
69 179
69 183
69 190
69 192
69 197
69 177
69 78
69 79
69 81
69 82
69 142
69 86
69 89
69 91
69 92
69 93
69 100
69 103
69 110
69 113
69 114
69 115
69 119
69 121
69 136
69 170
69 126
69 149
70 188
71 118
73 147
73 74
73 75
74 123
74 105
74 104
74 75
74 157
75 105
76 200
76 169
76 90
76 140
76 173
77 96
77 84
77 166
77 124
78 130
78 131
78 141
78 197
78 165
78 170
78 179
78 190
78 192
78 177
78 79
78 81
78 82
78 142
78 86
78 89
78 91
78 92
78 93
78 148
78 187
78 100
78 103
78 114
78 115
78 119
78 121
78 136
78 126
78 149
79 129
79 131
79 149
79 197
79 165
79 170
79 179
79 183
79 190
79 177
79 141
79 81
79 82
79 142
79 86
79 89
79 91
79 92
79 93
79 100
79 103
79 110
79 113
79 114
79 117
79 119
79 121
79 136
79 126
80 128
80 163
80 132
80 85
81 130
81 149
81 197
81 165
81 170
81 136
81 179
81 183
81 185
81 190
81 196
81 142
81 86
81 89
81 93
81 100
81 102
81 103
81 189
81 114
81 117
81 119
81 121
81 126
82 192
82 115
82 177
82 141
82 131
82 86
82 92
82 93
82 94
82 91
82 103
82 167
82 110
82 114
82 187
82 119
82 170
82 190
83 169
83 178
83 87
84 96
84 202
84 124
84 109
85 112
85 128
86 131
86 142
86 141
86 197
86 165
86 179
86 183
86 190
86 192
86 177
86 89
86 91
86 92
86 93
86 148
86 187
86 100
86 103
86 110
86 113
86 114
86 115
86 119
86 121
86 136
86 170
86 126
86 149
87 169
87 178
89 131
89 149
89 197
89 165
89 179
89 190
89 192
89 196
89 141
89 93
89 100
89 102
89 103
89 110
89 114
89 117
89 119
89 121
89 136
89 170
89 126
90 169
90 200
90 173
91 129
91 131
91 142
91 170
91 177
91 183
91 190
91 199
91 92
91 93
91 100
91 103
91 110
91 113
91 115
91 119
91 121
92 131
92 142
92 170
92 177
92 183
92 190
92 192
92 199
92 141
92 93
92 100
92 103
92 110
92 113
92 115
92 119
92 121
93 131
93 149
93 141
93 197
93 165
93 170
93 179
93 183
93 190
93 192
93 196
93 177
93 142
93 148
93 100
93 102
93 103
93 110
93 113
93 114
93 115
93 117
93 119
93 121
93 136
93 126
94 131
94 187
94 167
94 177
94 192
94 141
94 115
94 119
95 153
95 155
96 166
96 124
97 113
97 121
97 199
97 183
97 142
98 161
98 187
98 111
99 203
99 180
99 150
99 171
99 108
99 189
100 131
100 149
100 141
100 197
100 179
100 183
100 190
100 192
100 196
100 142
100 102
100 103
100 110
100 113
100 117
100 119
100 121
100 136
100 170
100 126
101 146
101 107
101 164
102 196
102 197
102 136
102 142
102 149
102 103
102 189
102 179
102 183
102 121
102 170
102 126
102 117
103 130
103 131
103 141
103 197
103 165
103 179
103 183
103 190
103 192
103 177
103 142
103 148
103 187
103 110
103 114
103 115
103 117
103 119
103 121
103 136
103 170
103 126
103 149
104 133
104 123
104 157
105 123
107 146
107 164
107 154
108 180
108 171
108 150
108 203
109 202
109 166
110 131
110 142
110 149
110 179
110 183
110 190
110 192
110 196
110 199
110 177
110 113
110 115
110 119
110 121
110 170
110 126
111 161
112 128
112 172
113 142
113 170
113 199
113 183
113 121
113 190
114 130
114 131
114 143
114 149
114 197
114 165
114 177
114 170
114 179
114 190
114 192
114 141
114 187
114 119
114 120
114 148
114 136
114 126
115 131
115 177
115 187
115 119
115 190
117 130
117 196
117 197
117 136
117 142
117 149
117 185
117 189
117 179
117 183
117 184
117 121
117 170
117 126
119 131
119 141
119 197
119 165
119 179
119 183
119 190
119 192
119 177
119 148
119 187
119 121
119 136
119 170
119 126
119 149
120 192
120 130
120 165
120 136
120 137
120 141
120 148
120 143
120 197
121 129
121 149
121 197
121 170
121 179
121 183
121 190
121 196
121 199
121 177
121 142
121 136
121 126
123 164
123 146
123 133
123 157
124 202
124 125
125 145
125 181
125 134
125 204
125 162
126 131
126 149
126 197
126 165
126 179
126 190
126 192
126 196
126 141
126 136
126 170
127 138
128 163
130 197
130 136
130 203
130 148
130 165
130 171
130 179
130 185
130 189
130 191
131 197
131 165
131 179
131 190
131 192
131 177
131 141
131 187
131 167
131 136
131 170
131 149
133 146
133 164
133 154
133 157
134 145
134 181
134 182
134 162
136 149
136 197
136 165
136 179
136 190
136 192
136 196
136 141
136 170
137 158
137 143
140 200
140 173
141 197
141 165
141 179
141 190
141 192
141 177
141 143
141 187
141 167
141 148
141 170
141 149
142 196
142 199
142 170
142 179
142 183
142 190
143 165
145 181
145 162
145 182
146 164
146 154
146 157
148 197
148 187
148 165
148 191
149 197
149 179
149 183
149 190
149 192
149 196
149 170
150 180
150 171
150 189
153 155
154 164
154 159
156 168
157 164
158 191
159 193
161 187
162 181
162 204
165 197
165 170
165 177
165 187
165 191
165 192
166 202
167 187
167 192
167 177
169 178
169 200
169 173
170 197
170 179
170 183
170 190
170 192
170 196
170 177
171 185
171 203
171 189
173 200
174 201
175 191
177 187
177 190
177 192
179 197
179 183
179 190
179 192
179 196
180 186
181 182
183 196
183 199
183 190
184 185
184 189
185 203
185 189
187 192
189 203
190 197
190 192
192 197
196 197
