0 1
0 2
0 3
0 4
0 5
0 6
0 8
0 9
0 74
0 139
0 12
0 66
0 14
0 15
0 16
0 17
0 147
0 21
0 141
0 89
0 79
0 29
0 32
0 33
0 98
0 36
0 70
0 39
0 80
0 106
0 107
0 157
0 112
0 72
0 119
0 62
0 63
1 2
1 3
1 4
1 5
1 6
1 8
1 9
1 139
1 12
1 66
1 14
1 15
1 16
1 17
1 147
1 21
1 141
1 89
1 79
1 29
1 32
1 33
1 98
1 36
1 70
1 39
1 80
1 106
1 107
1 157
1 112
1 72
1 119
1 62
1 63
2 66
2 3
2 4
2 5
2 6
2 8
2 74
2 139
2 12
2 141
2 14
2 15
2 80
2 17
2 147
2 21
2 89
2 25
2 79
2 29
2 32
2 33
2 98
2 36
2 70
2 39
2 145
2 106
2 107
2 157
2 112
2 72
2 190
2 119
2 62
2 63
3 4
3 5
3 6
3 72
3 139
3 12
3 66
3 14
3 79
3 80
3 17
3 147
3 21
3 89
3 25
3 29
3 32
3 33
3 98
3 36
3 70
3 39
3 106
3 157
3 112
3 119
3 62
3 63
4 5
4 6
4 72
4 139
4 66
4 14
4 79
4 80
4 17
4 147
4 21
4 89
4 29
4 32
4 33
4 98
4 36
4 70
4 39
4 106
4 157
4 112
4 119
4 62
4 63
5 6
5 8
5 74
5 139
5 12
5 66
5 14
5 15
5 16
5 17
5 83
5 21
5 89
5 25
5 79
5 29
5 95
5 32
5 33
5 98
5 36
5 70
5 39
5 80
5 145
5 106
5 157
5 112
5 72
5 147
5 190
5 119
5 202
5 62
5 63
6 70
6 9
6 139
6 66
6 14
6 141
6 17
6 147
6 89
6 29
6 32
6 33
6 98
6 36
6 106
6 107
6 157
6 62
6 63
7 80
7 65
7 82
7 112
7 119
7 25
7 202
7 95
7 162
7 96
7 79
8 196
8 70
8 136
8 9
8 10
8 139
8 12
8 141
8 15
8 80
8 17
8 83
8 21
8 89
8 79
8 33
8 98
8 39
8 169
8 106
8 107
8 113
8 147
8 190
8 118
8 184
8 186
8 74
8 62
9 106
9 107
9 141
9 15
9 113
9 114
9 147
9 184
9 186
10 129
10 131
10 132
10 11
10 140
10 141
10 78
10 15
10 81
10 83
10 142
10 150
10 87
10 92
10 93
10 30
10 99
10 167
10 169
10 107
10 178
10 111
10 113
10 50
10 186
10 118
10 184
10 136
10 189
11 64
11 129
11 131
11 178
11 193
11 73
11 151
11 140
11 77
11 81
11 18
11 20
11 150
11 23
11 111
11 92
11 93
11 159
11 34
11 100
11 146
11 167
11 40
11 105
11 170
11 109
11 47
11 176
11 50
11 181
11 60
11 189
12 70
12 74
12 139
12 15
12 80
12 17
12 21
12 25
12 89
12 79
12 157
12 33
12 98
12 39
12 145
12 112
12 72
12 190
12 202
12 62
12 63
13 200
13 194
13 149
13 104
13 127
13 188
13 125
13 175
14 72
14 139
14 66
14 79
14 80
14 17
14 147
14 21
14 89
14 29
14 32
14 33
14 98
14 36
14 70
14 39
14 106
14 157
14 112
14 119
14 62
14 63
15 196
15 70
15 139
15 141
15 79
15 80
15 17
15 83
15 21
15 89
15 186
15 33
15 98
15 39
15 169
15 106
15 107
15 113
15 147
15 190
15 118
15 184
15 136
15 74
15 62
16 66
16 70
16 96
16 78
16 80
16 17
16 83
16 84
16 29
16 95
16 32
16 33
16 99
16 36
16 38
16 106
16 171
16 147
16 118
16 119
16 62
17 74
17 139
17 66
17 145
17 83
17 21
17 89
17 25
17 79
17 29
17 32
17 33
17 98
17 36
17 70
17 39
17 80
17 106
17 157
17 112
17 72
17 147
17 190
17 119
17 62
17 63
18 129
18 181
18 131
18 134
18 199
18 60
18 187
18 151
18 174
18 81
18 52
18 149
18 23
18 56
18 20
18 154
18 159
18 92
18 30
18 127
19 104
19 120
19 203
19 52
20 64
20 129
20 35
20 165
20 73
20 187
20 77
20 174
20 47
20 92
20 81
20 149
20 23
20 154
20 155
20 60
20 30
20 159
21 70
21 74
21 139
21 66
21 80
21 83
21 196
21 141
21 89
21 25
21 79
21 29
21 32
21 33
21 98
21 36
21 39
21 145
21 106
21 107
21 157
21 112
21 72
21 147
21 190
21 119
21 202
21 62
21 63
22 64
22 69
22 158
22 41
22 76
22 117
22 47
22 44
22 179
22 148
22 53
22 86
22 201
22 58
22 59
22 28
22 94
22 85
23 192
23 129
23 199
23 73
23 204
23 81
23 146
23 151
23 152
23 91
23 159
23 161
23 35
23 100
23 166
23 40
23 105
23 170
23 108
23 48
23 181
23 120
23 60
24 128
24 97
24 162
24 101
24 193
24 71
24 42
24 75
24 115
24 116
24 198
24 61
24 133
25 70
25 72
25 74
25 139
25 66
25 79
25 80
25 83
25 89
25 29
25 32
25 33
25 98
25 39
25 145
25 157
25 112
25 119
25 202
25 190
25 63
26 152
26 168
26 91
26 108
26 172
27 195
27 67
27 102
27 156
27 76
27 45
27 158
27 201
27 163
27 180
27 53
27 55
27 88
27 153
27 58
27 59
27 28
27 122
27 94
27 85
28 193
28 67
28 178
28 201
28 76
28 142
28 85
28 86
28 153
28 156
28 58
28 158
28 163
28 102
28 167
28 42
28 44
28 45
28 189
28 49
28 50
28 179
28 180
28 53
28 55
28 122
28 61
29 72
29 139
29 66
29 79
29 147
29 89
29 157
29 32
29 33
29 98
29 36
29 70
29 39
29 80
29 112
29 119
29 62
29 63
30 129
30 131
30 134
30 136
30 81
30 149
30 154
30 155
30 92
30 31
30 99
30 165
30 167
30 43
30 174
30 175
30 50
30 56
30 121
30 186
30 187
30 125
30 127
31 114
31 187
31 134
31 175
31 56
31 121
31 43
31 125
31 46
31 127
32 72
32 139
32 66
32 79
32 147
32 89
32 33
32 98
32 36
32 70
32 39
32 80
32 106
32 157
32 112
32 119
32 62
32 63
33 74
33 139
33 66
33 83
33 89
33 79
33 95
33 80
33 98
33 36
33 70
33 39
33 106
33 157
33 112
33 72
33 147
33 190
33 119
33 202
33 62
33 63
34 192
34 129
34 68
34 193
34 140
34 77
34 81
34 146
34 178
34 93
34 100
34 167
34 40
34 170
34 109
34 111
34 176
34 50
34 115
34 181
34 189
35 192
35 161
35 91
35 166
35 105
35 170
35 183
35 108
35 77
35 48
35 152
35 146
35 181
35 73
35 120
35 123
35 60
35 159
36 72
36 66
36 79
36 147
36 89
36 70
36 39
36 80
36 106
36 157
36 112
36 119
36 62
36 63
37 104
37 130
37 103
37 40
37 203
37 188
37 194
38 67
38 136
38 106
38 171
38 78
38 49
38 114
38 99
38 84
38 118
38 138
39 70
39 74
39 139
39 66
39 80
39 83
39 141
39 89
39 79
39 98
39 196
39 145
39 106
39 107
39 157
39 112
39 72
39 147
39 190
39 119
39 202
39 62
39 63
40 160
40 129
40 131
40 100
40 161
40 105
40 170
40 140
40 130
40 146
40 204
40 181
40 54
40 151
40 150
40 159
41 64
41 193
41 123
41 44
41 76
41 109
41 110
41 77
41 176
41 148
41 53
41 86
41 183
41 47
41 117
42 128
42 97
42 179
42 102
42 71
42 44
42 193
42 76
42 198
42 189
42 115
42 180
42 53
42 86
42 122
42 61
42 158
42 85
43 114
43 187
43 134
43 175
43 56
43 121
43 127
43 125
43 46
44 64
44 193
44 201
44 76
44 77
44 148
44 85
44 86
44 153
44 158
44 47
44 94
44 179
44 180
44 117
44 58
44 59
44 189
44 53
45 96
45 65
45 67
45 163
45 102
45 156
45 195
45 142
45 49
45 51
45 180
45 53
45 55
45 88
45 153
45 58
45 122
45 85
46 155
46 165
46 56
46 121
46 187
46 127
47 64
47 129
47 148
47 201
47 86
47 77
47 92
47 81
47 153
47 57
47 58
47 60
47 183
48 192
48 161
48 100
48 166
48 146
48 135
48 105
48 170
48 108
48 109
48 176
48 152
48 91
48 172
48 181
48 73
48 120
48 123
49 67
49 167
49 136
49 201
49 138
49 78
49 50
49 99
49 84
49 85
49 118
49 55
49 88
49 153
49 58
50 129
50 67
50 132
50 193
50 136
50 140
50 78
50 81
50 131
50 142
50 87
50 153
50 92
50 93
50 99
50 167
50 111
50 178
50 83
50 118
50 169
50 189
51 96
51 65
51 67
51 195
51 171
51 143
51 82
51 163
51 180
51 55
51 122
51 156
51 95
52 120
52 149
52 151
52 104
52 200
52 199
52 188
52 194
53 193
53 201
53 76
53 142
53 85
53 86
53 153
53 122
53 158
53 102
53 179
53 180
53 94
53 55
53 58
53 59
53 189
53 117
54 160
54 130
54 132
54 169
54 140
54 111
54 144
54 150
54 137
54 196
54 126
55 195
55 67
55 163
55 102
55 156
55 76
55 180
55 201
55 88
55 153
55 58
55 59
55 122
55 85
56 155
56 165
56 134
56 187
56 175
56 174
56 149
56 121
56 154
56 125
56 127
57 164
57 183
57 148
57 185
58 64
58 193
58 67
58 69
58 201
58 76
58 148
58 85
58 86
58 88
58 153
58 94
58 180
58 122
58 59
58 189
59 180
59 86
59 76
59 158
59 201
59 179
59 148
59 88
59 153
59 117
59 94
59 69
59 85
60 64
60 129
60 151
60 105
60 181
60 199
60 73
60 77
60 174
60 81
60 149
60 120
60 154
60 92
60 159
61 128
61 97
61 162
61 101
61 193
61 71
61 75
61 198
61 142
61 115
61 116
61 133
62 74
62 139
62 66
62 83
62 141
62 89
62 79
62 98
62 70
62 80
62 106
62 107
62 157
62 112
62 72
62 147
62 119
62 190
62 63
63 72
63 139
63 66
63 79
63 80
63 147
63 89
63 98
63 70
63 145
63 157
63 112
63 190
63 119
64 129
64 201
64 77
64 92
64 81
64 86
64 183
64 148
65 96
65 82
65 163
65 171
65 143
65 95
66 72
66 139
66 79
66 147
66 89
66 98
66 70
66 80
66 106
66 171
66 157
66 112
66 119
67 136
67 142
67 163
67 84
67 78
67 88
67 153
67 122
67 95
67 96
67 99
67 167
67 171
67 180
67 118
67 189
67 85
68 192
68 100
68 166
68 135
68 170
68 75
68 109
68 176
68 146
68 115
68 152
68 123
69 148
69 86
69 201
69 76
69 94
69 117
70 74
70 139
70 83
70 89
70 79
70 98
70 80
70 145
70 106
70 157
70 112
70 72
70 147
70 190
70 119
71 128
71 97
71 101
71 198
71 193
71 75
71 115
71 116
71 133
72 145
72 74
72 139
72 79
72 80
72 147
72 89
72 98
72 157
72 112
72 190
72 119
72 202
73 192
73 129
73 77
73 81
73 146
73 151
73 152
73 120
73 91
73 159
73 161
73 100
73 166
73 105
73 170
73 108
73 109
73 181
73 123
74 132
74 202
74 139
74 141
74 80
74 83
74 169
74 87
74 89
74 79
74 93
74 95
74 196
74 98
74 145
74 106
74 107
74 157
74 112
74 190
74 118
74 119
75 128
75 133
75 115
75 101
75 198
75 176
75 109
76 201
76 94
76 148
76 85
76 86
76 88
76 153
76 122
76 158
76 102
76 179
76 180
76 117
77 129
77 193
77 192
77 81
77 86
77 152
77 92
77 109
77 110
77 176
77 183
77 148
77 123
78 118
78 167
78 136
78 189
78 142
78 138
78 83
78 84
78 99
78 153
78 93
78 95
79 139
79 80
79 83
79 89
79 95
79 98
79 145
79 157
79 112
79 147
79 190
79 119
79 202
80 96
80 139
80 83
80 84
80 89
80 95
80 98
80 106
80 171
80 157
80 112
80 147
80 190
80 118
80 119
80 202
81 129
81 131
81 178
81 140
81 146
81 150
81 151
81 92
81 159
81 167
81 105
81 170
81 109
81 176
81 181
81 189
82 96
82 171
82 95
83 132
83 141
83 167
83 196
83 84
83 87
83 93
83 95
83 99
83 169
83 106
83 107
83 111
83 113
83 186
83 190
83 118
83 202
83 184
83 136
84 96
84 118
84 136
84 106
84 171
84 99
84 138
84 95
85 201
85 195
85 86
85 88
85 153
85 156
85 122
85 158
85 163
85 102
85 179
85 180
85 94
86 193
86 117
86 158
86 179
86 148
86 201
86 94
87 193
87 132
87 101
87 167
87 136
87 137
87 140
87 178
87 93
87 111
87 189
87 115
87 142
87 118
87 169
87 95
88 201
88 153
88 94
89 139
89 147
89 98
89 145
89 106
89 107
89 157
89 112
89 190
89 202
90 144
90 115
90 132
90 101
90 137
90 191
90 126
90 133
91 161
91 166
91 105
91 108
91 146
91 172
91 120
92 129
92 167
92 136
92 174
92 131
92 151
92 154
92 187
92 159
93 193
93 131
93 132
93 136
93 140
93 142
93 150
93 95
93 167
93 169
93 111
93 189
93 178
93 115
93 118
94 158
94 179
94 148
94 201
94 153
94 117
95 132
95 136
95 142
95 96
95 171
95 111
95 178
95 118
95 119
96 171
96 119
97 128
97 198
97 179
97 116
97 117
97 102
97 158
98 139
98 147
98 145
98 106
98 107
98 157
98 112
98 190
98 202
99 167
99 136
99 114
99 118
99 186
99 138
100 192
100 129
100 135
100 204
100 146
100 152
100 160
100 161
100 166
100 105
100 170
100 176
100 108
100 109
100 181
100 123
101 128
101 193
101 132
101 133
101 198
101 111
101 144
101 178
101 115
102 163
102 195
102 179
102 180
102 122
102 156
102 158
103 203
103 182
103 197
104 194
104 199
104 200
104 188
105 192
105 129
105 204
105 146
105 151
105 152
105 120
105 159
105 161
105 166
105 170
105 108
105 109
105 181
106 139
106 141
106 157
106 107
106 113
106 114
106 147
106 184
106 186
107 196
107 139
107 141
107 147
107 113
107 114
107 190
107 184
107 186
108 192
108 161
108 166
108 146
108 135
108 170
108 172
108 109
108 152
108 204
108 181
108 120
108 123
109 192
109 129
109 166
109 161
109 170
109 146
109 152
109 123
109 176
110 164
110 183
110 152
110 123
110 185
111 193
111 132
111 118
111 136
111 137
111 140
111 142
111 150
111 167
111 169
111 178
111 115
111 189
112 139
112 147
112 157
112 190
112 119
112 202
113 130
113 131
113 196
113 134
113 141
113 150
113 169
113 184
113 186
114 141
114 186
114 184
114 138
115 128
115 193
115 133
115 198
115 140
115 142
115 132
115 176
115 178
115 189
116 198
117 158
117 179
117 148
118 132
118 142
118 167
118 169
118 178
118 189
118 136
119 147
119 171
119 157
120 161
120 204
120 199
120 170
120 151
120 146
120 181
120 159
121 187
121 165
121 134
121 175
121 174
121 149
121 154
121 155
121 125
121 127
122 193
122 195
122 163
122 156
122 142
122 179
122 180
122 189
122 158
123 192
123 176
123 166
123 170
123 183
123 146
123 152
124 133
125 175
125 149
125 134
125 127
126 144
126 160
126 197
126 137
126 173
126 191
127 175
127 187
127 165
127 174
127 149
127 154
127 155
128 193
128 198
128 133
129 131
129 140
129 150
129 159
129 146
129 167
129 170
129 151
129 176
129 181
129 189
130 196
130 169
130 184
130 140
130 150
131 134
131 136
131 140
131 150
131 151
131 159
131 167
131 169
131 184
131 186
131 187
132 196
132 136
132 137
132 140
132 142
132 167
132 169
132 178
132 202
132 189
132 190
133 198
134 175
134 149
134 186
134 184
135 192
135 146
135 172
135 166
135 152
135 170
136 189
136 142
136 167
136 169
136 178
136 186
136 138
137 160
137 169
137 140
137 144
137 150
137 196
137 191
138 153
139 147
139 145
139 157
139 190
139 202
140 150
140 196
140 160
140 167
140 169
140 178
140 181
140 189
141 147
141 184
141 196
141 186
142 193
142 167
142 169
142 189
142 178
142 180
143 156
143 163
143 195
144 160
144 197
144 173
144 191
145 202
145 157
145 190
146 192
146 204
146 152
146 159
146 161
146 166
146 170
146 176
146 181
146 151
147 157
148 201
148 164
148 185
148 183
149 187
149 165
149 199
149 159
149 174
149 175
149 151
149 154
149 155
150 196
150 181
150 151
150 184
150 169
151 199
151 204
151 159
151 161
151 170
151 174
151 181
152 192
152 172
152 183
152 161
152 166
152 170
152 176
153 167
153 201
154 187
154 165
154 174
154 155
155 165
155 187
155 174
156 163
156 180
156 158
156 195
157 190
158 195
158 179
158 163
158 180
159 199
159 161
159 170
159 174
159 181
160 177
160 197
160 204
160 173
161 192
161 166
161 170
161 172
161 204
161 181
163 180
163 195
164 185
164 183
165 187
165 174
166 192
166 170
166 176
166 172
166 204
167 193
167 178
167 169
167 189
169 196
169 178
169 184
169 189
170 192
170 204
170 176
170 181
173 197
173 177
174 187
174 199
175 186
176 192
176 193
177 204
177 197
178 193
178 189
179 180
180 193
180 195
180 189
181 204
183 185
184 196
184 186
188 200
188 194
188 199
189 193
190 196
190 202
193 198
194 200
197 204
199 200
