0 1
0 2
0 3
0 4
0 5
0 6
0 193
0 8
0 9
0 11
0 140
0 18
0 19
0 21
0 153
0 27
0 29
0 158
0 31
0 32
0 163
0 164
0 40
0 48
0 49
0 52
0 53
0 184
0 185
0 189
0 64
0 65
0 69
0 198
0 71
0 74
0 80
0 56
0 89
0 90
0 91
0 93
0 95
0 111
0 202
0 126
0 149
1 64
1 2
1 3
1 4
1 5
1 6
1 193
1 8
1 9
1 10
1 11
1 140
1 80
1 184
1 18
1 19
1 21
1 89
1 90
1 111
1 29
1 158
1 69
1 96
1 163
1 164
1 198
1 40
1 93
1 48
1 49
1 52
1 53
1 202
1 56
1 95
1 200
1 74
1 126
1 149
2 3
2 4
2 5
2 6
2 193
2 8
2 9
2 11
2 140
2 18
2 19
2 21
2 153
2 27
2 29
2 158
2 31
2 32
2 163
2 164
2 40
2 173
2 49
2 52
2 53
2 54
2 56
2 185
2 189
2 64
2 65
2 69
2 198
2 71
2 74
2 80
2 90
2 91
2 93
2 95
2 102
2 110
2 111
2 202
2 122
2 126
2 149
3 4
3 5
3 6
3 193
3 8
3 9
3 11
3 140
3 18
3 19
3 21
3 153
3 27
3 29
3 158
3 31
3 32
3 163
3 164
3 40
3 173
3 49
3 52
3 53
3 56
3 185
3 189
3 64
3 65
3 69
3 198
3 71
3 74
3 76
3 80
3 90
3 91
3 93
3 95
3 102
3 111
3 202
3 122
3 126
3 149
4 5
4 6
4 135
4 8
4 9
4 11
4 14
4 18
4 21
4 24
4 153
4 27
4 29
4 158
4 31
4 32
4 163
4 164
4 193
4 173
4 49
4 52
4 53
4 54
4 56
4 185
4 189
4 65
4 69
4 71
4 202
4 90
4 91
4 93
4 95
4 100
4 102
4 103
4 110
4 122
4 126
4 149
5 69
5 6
5 193
5 8
5 9
5 10
5 140
5 130
5 80
5 18
5 19
5 21
5 202
5 90
5 95
5 96
5 97
5 163
5 198
5 195
5 40
5 64
5 172
5 111
5 49
5 53
5 56
5 191
5 74
5 126
5 149
6 193
6 8
6 9
6 11
6 140
6 18
6 19
6 21
6 153
6 27
6 29
6 158
6 31
6 32
6 163
6 164
6 40
6 173
6 49
6 52
6 53
6 54
6 56
6 185
6 189
6 64
6 65
6 69
6 198
6 71
6 74
6 80
6 90
6 91
6 93
6 95
6 102
6 110
6 111
6 202
6 122
6 126
6 149
7 33
7 35
7 135
7 8
7 43
7 45
7 14
7 49
7 163
7 20
7 86
7 152
7 122
7 184
7 95
8 64
8 9
8 10
8 12
8 141
8 142
8 184
8 18
8 19
8 21
8 90
8 69
8 96
8 98
8 163
8 164
8 40
8 41
8 193
8 45
8 140
8 47
8 49
8 50
8 53
8 54
8 56
8 95
8 189
9 193
9 11
9 140
9 18
9 19
9 21
9 153
9 27
9 29
9 158
9 31
9 32
9 163
9 164
9 40
9 173
9 49
9 52
9 53
9 56
9 185
9 189
9 64
9 65
9 69
9 198
9 71
9 74
9 76
9 80
9 90
9 91
9 93
9 95
9 102
9 111
9 202
9 122
9 126
9 149
10 64
10 198
10 74
10 139
10 140
10 13
10 142
10 80
10 81
10 19
10 85
10 98
10 184
10 69
10 95
10 96
10 34
10 99
10 40
10 41
10 106
10 45
10 46
10 111
10 48
10 200
10 128
10 182
10 160
10 57
10 58
11 69
11 65
11 202
11 76
11 66
11 144
11 17
11 18
11 163
11 21
11 164
11 153
11 24
11 25
11 27
11 29
11 158
11 31
11 32
11 91
11 100
11 71
11 173
11 93
11 49
11 52
11 53
11 56
11 185
11 159
11 126
11 149
12 141
12 104
12 50
12 54
12 39
12 95
12 23
12 189
12 98
12 47
13 64
13 128
13 139
13 204
13 142
13 143
13 81
13 85
13 57
13 30
13 96
13 34
13 99
13 41
13 106
13 45
13 46
13 116
13 182
13 169
13 160
13 121
13 58
13 127
14 67
14 69
14 136
14 17
14 18
14 147
14 149
14 22
14 24
14 89
14 184
14 28
14 29
14 158
14 33
14 35
14 100
14 163
14 135
14 49
14 52
14 183
14 56
14 122
15 75
15 166
16 131
16 198
16 168
16 202
16 76
16 144
16 27
16 114
16 149
16 185
16 187
16 126
16 191
17 67
17 135
17 136
17 202
17 144
17 163
17 149
17 22
17 24
17 89
17 29
17 158
17 31
17 35
17 100
17 44
17 49
17 52
17 117
17 56
17 125
18 193
18 140
18 19
18 21
18 24
18 153
18 29
18 158
18 31
18 32
18 163
18 164
18 40
18 173
18 49
18 52
18 53
18 54
18 56
18 185
18 189
18 65
18 69
18 198
18 71
18 74
18 80
18 184
18 90
18 91
18 93
18 95
18 102
18 103
18 110
18 111
18 202
18 122
18 126
18 149
19 193
19 64
19 139
19 140
19 98
19 142
19 80
19 81
19 85
19 89
19 184
19 69
19 96
19 34
19 163
19 198
19 40
19 41
19 106
19 45
19 46
19 111
19 48
19 128
19 53
19 56
19 95
19 200
19 74
19 160
19 149
20 33
20 203
20 68
20 37
20 165
20 200
20 41
20 43
20 45
20 142
20 81
20 115
20 147
20 86
20 152
20 184
20 124
20 101
21 193
21 140
21 149
21 153
21 27
21 29
21 158
21 31
21 32
21 163
21 164
21 173
21 49
21 52
21 53
21 56
21 185
21 189
21 65
21 69
21 198
21 71
21 74
21 76
21 80
21 90
21 91
21 93
21 95
21 102
21 111
21 202
21 126
22 33
22 67
22 100
22 135
22 136
22 42
22 125
22 112
22 35
22 183
22 24
22 122
22 28
22 29
22 158
23 50
23 118
23 54
23 39
23 104
23 153
23 103
23 189
23 110
23 47
24 66
24 67
24 135
24 136
24 163
24 29
24 158
24 31
24 35
24 100
24 173
24 49
24 52
24 183
24 56
24 122
24 125
25 91
25 131
25 71
25 185
25 27
25 76
25 159
25 126
25 31
26 144
26 66
26 187
26 125
26 71
27 65
27 71
27 202
27 76
27 66
27 131
27 91
27 93
27 31
27 32
27 164
27 102
27 173
27 53
27 185
27 159
27 126
27 149
28 33
28 83
28 67
28 165
28 51
28 135
28 73
28 42
28 203
28 108
28 162
28 115
28 82
28 35
28 183
28 190
29 69
29 65
29 136
29 202
29 66
29 163
29 164
29 158
29 31
29 32
29 35
29 100
29 135
29 173
29 110
29 49
29 52
29 53
29 56
29 122
29 125
29 149
30 128
30 34
30 99
30 169
30 106
30 204
30 46
30 143
30 116
30 85
30 182
30 121
30 58
30 127
31 65
31 69
31 71
31 136
31 202
31 76
31 66
31 164
31 163
31 158
31 159
31 32
31 91
31 100
31 103
31 135
31 173
31 110
31 93
31 49
31 53
31 56
31 185
31 122
31 126
31 149
32 65
32 118
32 71
32 76
32 66
32 173
32 153
32 90
32 158
32 91
32 164
32 102
32 103
32 193
32 171
32 110
32 93
32 47
32 49
32 53
32 54
32 185
32 122
32 189
33 35
33 43
33 108
33 135
33 82
33 51
33 86
33 183
33 122
34 64
34 128
34 197
34 139
34 142
34 143
34 81
34 85
34 57
34 96
34 99
34 40
34 41
34 106
34 45
34 46
34 116
34 182
34 160
34 121
34 58
34 127
35 67
35 100
35 49
35 136
35 73
35 135
35 125
35 163
35 52
35 183
35 122
35 158
36 83
36 82
36 51
36 108
36 162
37 152
37 115
37 68
37 101
37 120
37 147
37 203
37 124
37 165
38 141
38 109
38 182
38 119
39 104
39 84
40 193
40 64
40 160
40 140
40 98
40 142
40 141
40 80
40 81
40 85
40 90
40 69
40 96
40 198
40 41
40 106
40 45
40 46
40 111
40 48
40 53
40 182
40 184
40 95
40 200
40 74
41 64
41 128
41 139
41 140
41 98
41 142
41 80
41 81
41 85
41 152
41 184
41 95
41 96
41 99
41 106
41 45
41 46
41 48
41 200
41 182
41 160
41 121
41 74
42 67
42 83
42 183
42 162
42 190
43 86
43 120
43 152
44 144
44 52
44 117
44 70
44 89
44 187
45 64
45 160
45 140
45 98
45 142
45 80
45 81
45 85
45 152
45 95
45 96
45 106
45 46
45 48
45 200
45 182
45 184
45 74
46 64
46 128
46 197
46 139
46 142
46 143
46 81
46 85
46 57
46 96
46 99
46 106
46 116
46 182
46 169
46 160
46 121
46 58
46 127
47 193
47 98
47 164
47 150
47 102
47 95
47 141
47 189
47 50
47 148
47 53
47 54
47 153
47 90
47 91
47 93
47 63
48 68
48 69
48 198
48 64
48 139
48 140
48 142
48 80
48 81
48 149
48 89
48 154
48 184
48 96
48 163
48 167
48 107
48 111
48 177
48 114
48 147
48 52
48 117
48 56
48 57
48 186
48 200
48 74
48 202
49 140
49 153
49 158
49 164
49 193
49 135
49 173
49 136
49 52
49 53
49 56
49 189
49 65
49 69
49 198
49 71
49 74
49 80
49 184
49 163
49 89
49 90
49 91
49 93
49 95
49 100
49 110
49 111
49 202
49 122
49 126
49 149
50 193
50 98
50 133
50 102
50 141
50 54
50 153
50 90
50 63
50 189
50 95
51 82
51 83
51 183
51 108
52 69
52 135
52 136
52 74
52 140
52 80
52 147
52 89
52 184
52 198
52 149
52 144
52 163
52 111
52 114
52 53
52 56
52 200
52 202
52 117
53 193
53 140
53 153
53 158
53 163
53 164
53 173
53 54
53 56
53 185
53 189
53 64
53 65
53 69
53 198
53 71
53 74
53 76
53 80
53 90
53 91
53 93
53 95
53 102
53 111
53 202
53 122
53 126
53 149
54 65
54 193
54 153
54 93
54 158
54 95
54 164
54 103
54 110
54 118
54 122
54 189
55 97
55 130
55 166
55 199
55 60
55 75
55 172
55 175
55 146
55 179
55 188
55 61
56 135
56 140
56 144
56 158
56 163
56 164
56 184
56 185
56 202
56 64
56 193
56 69
56 198
56 200
56 74
56 80
56 89
56 95
56 111
56 114
56 117
56 136
56 126
56 149
57 128
57 197
57 200
57 74
57 139
57 204
57 143
57 80
57 85
57 58
57 167
57 107
57 177
57 121
57 186
57 138
57 127
58 128
58 197
58 167
58 106
58 139
58 204
58 143
58 177
58 85
58 138
58 121
58 186
58 127
59 146
59 131
59 132
59 179
59 195
59 199
59 188
59 172
59 94
60 97
60 130
60 166
60 199
60 75
60 172
60 175
60 146
60 179
60 188
60 61
61 160
61 97
61 130
61 166
61 75
61 199
62 180
62 151
62 201
62 92
62 77
62 79
63 97
63 195
63 133
63 102
63 193
63 172
63 178
63 179
63 148
63 150
63 88
63 90
63 94
64 193
64 139
64 140
64 142
64 80
64 81
64 85
64 160
64 98
64 184
64 69
64 96
64 163
64 198
64 106
64 111
64 200
64 128
64 95
64 74
64 149
65 193
65 118
65 71
65 76
65 66
65 153
65 90
65 91
65 158
65 164
65 102
65 103
65 171
65 173
65 110
65 93
65 185
65 122
65 189
66 171
66 100
66 71
66 173
66 145
66 185
66 158
67 161
67 135
67 72
67 73
67 78
67 183
67 136
67 125
67 117
68 197
68 147
68 167
68 200
68 177
68 74
68 107
68 81
68 115
68 152
68 89
68 154
68 184
68 124
68 101
69 140
69 202
69 158
69 163
69 164
69 184
69 189
69 193
69 198
69 200
69 74
69 80
69 89
69 90
69 93
69 95
69 96
69 111
69 126
69 149
70 117
70 72
70 89
70 154
70 155
70 78
71 202
71 76
71 91
71 93
71 158
71 164
71 171
71 173
71 185
71 159
71 126
71 149
72 115
72 165
72 73
72 155
72 78
73 115
73 162
73 165
73 203
73 183
73 155
73 78
74 139
74 140
74 142
74 80
74 184
74 89
74 149
74 96
74 191
74 163
74 198
74 167
74 111
74 114
74 147
74 186
74 95
74 200
74 202
74 117
75 130
75 166
75 175
76 202
76 131
76 91
76 93
76 164
76 102
76 171
76 173
76 185
76 159
76 126
77 168
77 92
77 79
78 161
78 155
79 201
79 92
79 151
80 139
80 140
80 142
80 184
80 89
80 96
80 191
80 163
80 198
80 167
80 111
80 114
80 128
80 186
80 95
80 200
80 202
80 149
81 197
81 200
81 142
81 147
81 85
81 152
81 96
81 106
81 182
81 184
81 121
81 124
82 162
82 83
82 86
82 183
82 108
83 183
83 108
83 162
83 190
84 104
85 128
85 139
85 142
85 143
85 96
85 99
85 106
85 116
85 182
85 160
85 121
85 127
86 115
86 165
86 203
86 120
86 152
86 108
87 105
87 138
87 196
87 157
87 186
88 97
88 178
88 195
88 133
89 136
89 177
89 140
89 149
89 154
89 184
89 144
89 163
89 198
89 167
89 107
89 111
89 114
89 147
89 117
89 200
89 202
90 141
90 195
90 153
90 91
90 93
90 94
90 133
90 98
90 164
90 102
90 193
90 95
90 189
91 158
91 131
91 148
91 150
91 153
91 93
91 94
91 164
91 102
91 193
91 171
91 173
91 110
91 185
91 159
91 189
91 126
92 151
92 180
93 153
93 118
93 158
93 164
93 102
93 103
93 193
93 171
93 173
93 110
93 185
93 122
93 189
94 131
94 132
94 133
94 102
94 172
94 178
94 179
94 148
94 195
95 141
95 189
95 184
95 96
95 98
95 163
95 164
95 193
95 142
95 140
96 198
96 193
96 139
96 140
96 142
96 141
96 152
96 98
96 160
96 99
96 106
96 200
96 182
96 184
97 160
97 130
97 195
97 133
97 199
97 172
97 178
97 179
98 193
98 160
98 142
98 141
98 109
99 128
99 142
99 106
99 160
99 143
99 116
99 182
99 169
99 121
99 181
100 136
100 145
100 173
100 125
100 110
100 183
100 122
100 103
100 135
100 158
101 152
101 197
101 115
101 120
101 147
101 203
101 124
101 165
102 193
102 131
102 148
102 150
102 153
102 164
102 195
102 171
102 185
102 189
103 164
103 173
103 110
103 189
103 118
103 153
103 122
103 158
105 196
105 138
105 186
105 157
106 128
106 139
106 142
106 116
106 182
106 160
106 121
106 127
107 197
107 167
107 200
107 138
107 177
107 147
107 186
107 123
107 154
108 183
108 162
109 160
109 181
109 119
109 141
110 153
110 158
110 164
110 171
110 173
110 118
110 122
110 189
111 139
111 140
111 184
111 149
111 163
111 198
111 167
111 114
111 147
111 202
111 186
111 191
111 200
111 126
111 117
112 145
112 174
112 125
112 161
113 170
114 198
114 167
114 177
114 139
114 140
114 168
114 117
114 186
114 191
114 200
114 202
114 149
115 203
115 147
115 124
115 165
116 181
116 182
116 169
116 121
117 144
117 163
117 136
117 147
117 149
117 187
117 202
118 164
118 173
118 189
118 153
118 122
118 158
119 182
119 141
120 203
120 152
121 128
121 197
121 139
121 204
121 143
121 182
121 169
121 127
122 164
122 163
122 153
122 158
122 135
122 173
122 189
123 192
123 177
123 138
124 197
124 165
124 152
124 147
124 203
125 144
125 135
125 136
125 145
125 161
125 174
126 187
126 131
126 198
126 164
126 163
126 159
126 191
126 140
126 172
126 185
126 202
126 149
127 128
127 196
127 197
127 167
127 139
127 204
127 143
127 186
127 138
128 130
128 196
128 197
128 139
128 204
128 143
128 186
128 167
128 138
130 196
130 166
130 199
130 172
130 139
130 140
130 198
130 160
130 186
130 191
131 172
131 195
131 179
131 185
131 188
131 159
132 146
132 179
132 133
132 195
132 199
132 188
132 178
132 175
133 179
133 195
133 178
135 136
135 163
135 158
135 183
136 202
136 144
136 149
136 158
136 161
136 163
136 183
137 156
137 148
137 150
138 196
138 167
138 139
138 204
138 143
138 177
138 186
139 196
139 198
139 200
139 140
139 143
139 186
139 167
139 177
139 191
140 193
140 142
140 184
140 202
140 191
140 163
140 198
140 172
140 186
140 200
140 149
141 160
141 193
141 182
142 160
142 152
142 200
142 182
142 184
143 197
143 169
143 204
144 163
144 202
144 187
144 149
146 179
146 166
146 188
146 199
146 175
147 197
147 167
147 200
147 177
147 184
147 154
148 150
148 153
148 156
149 158
149 163
149 164
149 184
149 185
149 202
149 193
149 198
149 200
150 153
150 156
151 201
152 184
153 193
153 158
153 164
153 171
153 173
153 189
154 177
154 167
154 200
157 196
157 204
158 202
158 164
158 163
158 173
158 189
159 185
160 181
160 182
161 174
162 183
162 190
163 164
163 184
163 202
163 193
163 198
163 200
164 202
164 173
164 193
164 185
164 189
165 170
165 203
166 175
167 197
167 200
167 177
167 186
168 187
168 191
169 204
170 203
171 173
172 198
172 195
172 199
172 188
172 191
172 179
173 185
173 189
175 179
175 178
175 199
177 197
177 200
177 186
178 179
178 195
179 199
179 188
179 195
181 182
183 190
184 200
185 202
186 196
186 198
186 191
188 199
188 191
189 193
191 198
191 199
193 198
195 199
196 204
197 200
198 202
198 200
200 202
