0 192
0 1
0 2
0 3
0 4
0 70
0 193
0 8
0 73
0 74
0 87
0 204
0 14
0 15
0 16
0 145
0 146
0 19
0 86
0 23
0 90
0 36
0 165
0 119
0 40
0 43
0 44
0 109
0 46
0 108
0 54
0 55
0 58
0 59
0 124
0 183
0 126
1 2
1 3
1 4
1 5
1 8
1 11
1 140
1 14
1 16
1 145
1 146
1 19
1 20
1 23
1 32
1 36
1 165
1 39
1 44
1 46
1 180
1 182
1 183
1 57
1 58
1 189
1 63
1 193
1 194
1 68
1 72
1 73
1 74
1 204
1 78
1 86
1 90
1 186
1 94
1 100
1 103
1 108
1 109
1 111
1 112
1 119
1 124
1 126
2 3
2 4
2 5
2 70
2 193
2 8
2 73
2 183
2 204
2 14
2 146
2 19
2 86
2 23
2 186
2 36
2 165
2 44
2 109
2 111
2 119
2 58
2 124
2 126
3 204
3 4
3 5
3 70
3 193
3 72
3 73
3 74
3 183
3 140
3 14
3 16
3 146
3 19
3 78
3 23
3 68
3 90
3 186
3 94
3 100
3 32
3 36
3 165
3 39
3 103
3 44
3 109
3 111
3 112
3 180
3 182
3 119
3 57
3 58
3 124
3 126
4 5
4 70
4 193
4 73
4 74
4 183
4 204
4 14
4 146
4 19
4 86
4 23
4 90
4 186
4 32
4 36
4 165
4 44
4 109
4 111
4 119
4 58
4 124
4 126
5 204
5 193
5 73
5 74
5 183
5 140
5 146
5 19
5 23
5 68
5 90
5 186
5 94
5 32
5 100
5 165
5 103
5 44
5 109
5 111
5 180
5 182
5 119
5 58
5 126
5 36
6 97
6 162
6 131
6 101
6 134
6 12
6 10
6 139
6 76
6 158
6 144
6 184
6 179
6 53
6 185
6 24
6 25
6 29
6 30
6 37
7 17
7 18
7 35
7 85
7 161
7 60
8 193
8 73
8 87
8 192
8 14
8 15
8 16
8 145
8 146
8 19
8 20
8 78
8 86
8 23
8 112
8 36
8 165
8 40
8 44
8 109
8 46
8 48
8 108
8 51
8 204
8 54
8 119
8 58
8 124
8 183
8 126
8 63
9 19
9 112
9 194
9 39
9 72
9 108
9 45
9 14
9 48
9 145
9 51
9 20
9 57
9 124
10 97
10 162
10 131
10 37
10 12
10 139
10 76
10 144
10 184
10 179
10 134
10 24
10 185
10 91
10 29
10 30
10 101
11 67
11 68
11 129
11 73
11 140
11 78
11 146
11 147
11 20
11 23
11 100
11 94
11 32
11 33
11 36
11 103
11 44
11 174
11 112
11 182
11 58
11 61
11 62
12 162
12 131
12 37
12 184
12 139
12 76
12 175
12 59
12 179
12 134
12 24
12 185
12 91
12 29
12 30
12 101
13 64
13 192
13 175
13 59
13 197
13 38
13 199
13 40
13 170
13 75
13 173
13 15
13 80
13 203
13 151
13 154
13 27
13 125
14 193
14 87
14 192
14 194
14 78
14 16
14 145
14 146
14 19
14 20
14 86
14 23
14 112
14 36
14 165
14 40
14 44
14 109
14 46
14 48
14 72
14 51
14 204
14 108
14 73
14 58
14 119
14 124
14 183
14 126
14 63
15 64
15 203
15 197
15 193
15 204
15 74
15 75
15 192
15 86
15 87
15 90
15 38
15 40
15 170
15 109
15 46
15 175
15 113
15 54
15 55
15 59
15 189
15 191
16 194
16 67
16 68
16 193
16 73
16 87
16 140
16 145
16 146
16 20
16 78
16 86
16 23
16 112
16 36
16 165
16 40
16 147
16 44
16 109
16 46
16 48
16 72
16 192
16 19
16 204
16 108
16 119
16 58
16 124
16 183
16 126
16 63
17 65
17 35
17 136
17 60
17 74
17 18
17 188
17 180
17 85
17 22
17 90
17 92
17 189
17 126
17 191
18 160
18 35
18 86
18 166
18 171
18 143
18 52
18 85
18 54
18 55
18 121
18 90
18 60
18 126
19 70
19 193
19 87
19 192
19 145
19 146
19 20
19 78
19 86
19 23
19 186
19 112
19 36
19 165
19 40
19 44
19 109
19 46
19 111
19 48
19 108
19 51
19 204
19 73
19 58
19 119
19 124
19 183
19 126
20 194
20 182
20 145
20 146
20 78
20 23
20 100
20 94
20 112
20 36
20 39
20 44
20 45
20 48
20 72
20 147
20 108
20 73
20 57
20 58
20 124
20 61
21 130
21 99
21 155
21 195
21 42
21 142
21 47
21 115
21 49
21 178
21 83
21 84
21 138
21 89
21 26
21 127
21 28
21 93
21 31
22 96
22 27
22 81
22 136
22 60
22 106
22 50
22 149
22 151
22 56
22 169
22 123
22 92
22 95
23 140
23 145
23 146
23 32
23 36
23 165
23 39
23 44
23 46
23 48
23 180
23 182
23 183
23 57
23 58
23 193
23 194
23 68
23 72
23 73
23 74
23 204
23 78
23 86
23 90
23 186
23 94
23 100
23 103
23 108
23 109
23 111
23 112
23 119
23 124
23 126
24 162
24 131
24 37
24 139
24 76
24 175
24 179
24 30
24 184
24 185
24 91
24 134
24 101
25 97
25 162
25 131
25 134
25 201
25 107
25 144
25 43
25 51
25 139
25 53
25 87
25 88
25 29
25 158
26 130
26 99
26 196
26 155
26 195
26 42
26 142
26 47
26 115
26 49
26 178
26 83
26 84
26 138
26 89
26 127
26 28
26 93
26 31
27 203
27 199
27 136
27 187
27 75
27 79
27 141
27 149
27 151
27 153
27 92
27 95
27 96
27 163
27 38
27 168
27 170
27 173
27 177
27 116
27 117
27 56
27 123
27 188
27 191
28 130
28 99
28 195
28 42
28 83
28 178
28 115
28 155
28 138
28 89
28 31
28 93
28 127
29 43
29 134
29 71
29 201
29 139
29 144
29 82
29 131
29 87
29 88
29 158
29 97
29 162
29 107
29 30
29 53
29 184
29 185
30 162
30 131
30 37
30 139
30 76
30 184
30 82
30 55
30 185
30 201
30 134
30 101
31 34
31 187
31 195
31 42
31 83
31 130
31 178
31 115
31 138
31 89
31 155
31 93
31 127
32 68
32 193
32 73
32 74
32 140
32 146
32 90
32 94
32 100
32 165
32 103
32 44
32 109
32 111
32 180
32 182
32 119
32 186
32 183
32 126
32 36
33 129
33 67
33 68
33 62
33 182
33 167
33 152
33 147
33 78
33 174
34 83
35 85
35 136
35 60
36 140
36 145
36 146
36 165
36 39
36 44
36 48
36 180
36 182
36 183
36 57
36 58
36 193
36 194
36 68
36 72
36 73
36 74
36 204
36 78
36 86
36 90
36 186
36 94
36 100
36 103
36 108
36 109
36 111
36 112
36 119
36 124
36 126
37 162
37 131
37 101
37 139
37 76
37 144
37 184
37 179
37 185
37 91
37 134
38 64
38 192
38 203
38 199
38 74
38 75
38 149
38 86
38 151
38 153
38 90
38 95
38 163
38 40
38 170
38 46
38 168
38 180
38 54
38 191
38 188
38 189
38 63
39 194
39 186
39 100
39 112
39 72
39 44
39 45
39 78
39 48
39 182
39 57
39 58
39 61
39 94
40 64
40 203
40 197
40 134
40 135
40 204
40 75
40 192
40 145
40 86
40 87
40 162
40 193
40 46
40 175
40 113
40 54
40 55
40 59
40 124
40 63
41 128
41 162
41 131
41 179
41 172
41 202
41 91
41 76
42 83
42 99
42 155
42 195
42 138
42 130
42 178
42 115
42 116
42 89
42 93
42 127
43 97
43 70
43 71
43 201
43 107
43 82
43 51
43 53
43 88
43 124
43 158
44 140
44 145
44 146
44 165
44 46
44 48
44 180
44 182
44 183
44 57
44 58
44 193
44 194
44 68
44 72
44 73
44 74
44 204
44 78
44 86
44 90
44 186
44 94
44 100
44 103
44 108
44 109
44 111
44 112
44 119
44 124
44 126
45 48
45 112
45 194
45 57
45 72
45 61
46 67
46 129
46 73
46 75
46 192
46 145
46 146
46 78
46 203
46 102
46 193
46 109
46 189
46 113
46 204
46 108
46 119
46 58
46 124
46 183
46 63
47 98
47 196
47 150
47 77
47 142
47 49
47 84
47 118
47 153
47 89
47 69
48 194
48 67
48 147
48 145
48 78
48 112
48 72
48 51
48 108
48 57
48 58
48 124
48 61
49 98
49 99
49 196
49 69
49 77
49 142
49 84
49 118
49 153
49 89
49 150
50 96
50 81
50 136
50 164
50 56
50 169
50 106
50 123
50 92
50 79
51 108
51 145
51 53
51 88
51 124
52 160
52 161
52 166
52 136
52 171
52 143
52 81
52 54
52 55
52 121
52 60
53 97
53 162
53 131
53 134
53 201
53 144
53 87
53 88
53 158
54 64
54 197
54 134
54 193
54 204
54 74
54 75
54 192
54 86
54 87
54 90
54 109
54 119
54 55
54 59
54 60
54 183
54 126
54 191
55 64
55 162
55 134
55 204
55 143
55 86
55 87
55 59
55 192
55 197
56 96
56 164
56 177
56 136
56 137
56 106
56 141
56 79
56 81
56 187
56 117
56 151
56 169
56 123
56 92
56 170
57 194
57 186
57 72
57 78
57 112
57 182
57 100
57 58
57 61
57 94
58 140
58 145
58 146
58 165
58 180
58 183
58 186
58 189
58 63
58 192
58 193
58 194
58 68
58 72
58 73
58 74
58 204
58 78
58 86
58 90
58 100
58 103
58 108
58 109
58 111
58 112
58 119
58 124
58 126
59 64
59 162
59 131
59 101
59 134
59 87
59 113
59 139
59 185
59 175
59 192
59 197
60 161
60 81
60 136
60 169
60 74
60 171
60 143
60 85
60 121
60 90
60 191
60 92
60 166
61 112
61 194
61 100
61 72
61 78
61 147
61 182
61 94
62 147
62 68
62 174
62 182
62 129
62 94
63 192
63 67
63 129
63 73
63 75
63 204
63 78
63 145
63 146
63 147
63 203
63 102
63 108
63 109
63 112
63 113
63 189
64 192
64 162
64 203
64 86
64 199
64 170
64 75
64 80
64 113
64 175
64 87
64 134
64 197
65 98
65 163
65 133
65 103
65 168
65 74
65 140
65 174
65 180
65 149
65 118
65 153
65 90
65 191
65 188
65 189
65 95
66 164
66 200
66 137
66 154
66 123
66 156
66 79
67 198
67 129
67 112
67 108
67 78
67 147
67 152
67 167
68 129
68 73
68 140
68 78
68 146
68 147
68 100
68 186
68 94
68 103
68 193
68 109
68 174
68 189
68 112
68 180
68 182
68 119
68 183
69 98
69 84
69 150
69 118
69 129
69 152
69 153
69 196
70 193
70 165
70 201
70 204
70 111
70 86
70 119
70 186
70 124
70 183
70 126
71 97
71 82
71 184
71 201
71 107
71 158
72 194
72 145
72 147
72 78
72 100
72 94
72 112
72 108
72 182
73 140
73 145
73 146
73 165
73 180
73 182
73 183
73 186
73 189
73 192
73 193
73 74
73 204
73 78
73 86
73 90
73 94
73 100
73 103
73 108
73 109
73 111
73 112
73 119
73 191
73 124
73 126
74 75
74 140
74 204
74 146
74 149
74 86
74 90
74 163
74 103
74 168
74 188
74 193
74 109
74 189
74 192
74 180
74 119
74 183
74 126
74 191
75 192
75 197
75 199
75 203
75 149
75 151
75 153
75 95
75 163
75 102
75 113
75 170
75 173
75 168
75 191
75 189
76 162
76 131
76 139
76 144
76 184
76 179
76 185
76 91
76 202
76 134
76 101
77 99
77 116
77 117
77 173
77 153
77 148
77 177
77 141
77 142
78 194
78 182
78 129
78 140
78 145
78 146
78 147
78 100
78 204
78 94
78 112
78 193
78 103
78 109
78 174
78 183
78 180
78 108
78 119
79 199
79 200
79 137
79 141
79 80
79 81
79 151
79 154
79 156
79 96
79 123
79 164
79 169
79 106
79 177
79 117
79 187
79 170
80 173
80 170
80 154
80 125
80 199
81 164
81 166
81 136
81 171
81 143
81 169
81 121
81 123
81 92
82 97
82 107
82 158
82 184
82 201
83 96
83 187
83 155
83 195
83 106
83 130
83 93
83 178
83 115
83 138
83 89
83 127
84 196
84 150
84 89
84 142
86 204
86 193
86 87
86 192
86 90
86 191
86 165
86 109
86 111
86 189
86 180
86 119
86 124
86 183
86 126
86 146
87 131
87 197
87 134
87 204
87 139
87 192
87 145
87 88
87 162
87 108
87 175
87 113
87 124
88 97
88 162
88 131
88 179
88 202
88 144
89 155
89 195
89 130
89 115
89 138
89 127
89 93
90 183
90 140
90 149
90 204
90 163
90 103
90 168
90 188
90 193
90 109
90 192
90 180
90 119
90 191
90 189
90 126
90 146
91 162
91 139
91 175
91 179
91 185
91 122
91 101
92 96
92 136
92 169
92 106
92 149
92 151
92 123
92 170
92 95
93 96
93 187
93 99
93 155
93 195
93 106
93 130
93 141
93 177
93 178
93 115
93 116
93 138
93 127
94 194
94 140
94 146
94 147
94 100
94 103
94 112
94 182
94 186
95 133
95 136
95 141
95 149
95 151
95 153
95 155
95 96
95 98
95 163
95 168
95 170
95 177
95 117
95 187
95 188
95 189
95 191
96 149
96 187
96 123
96 170
96 136
96 169
96 106
96 141
96 177
96 155
96 117
96 151
97 131
97 201
97 107
97 144
97 184
97 158
98 163
98 133
98 129
98 168
98 174
98 149
98 118
98 153
98 155
98 188
98 189
99 187
99 177
99 141
99 178
99 115
99 116
99 117
99 148
99 155
100 194
100 140
100 146
100 186
100 103
100 109
100 112
100 182
101 162
101 131
101 184
101 139
101 175
101 179
101 134
101 185
101 122
102 113
102 203
102 135
102 157
103 140
103 204
103 146
103 186
103 193
103 109
103 174
103 189
103 180
103 182
103 119
103 188
103 183
103 126
106 187
106 164
106 178
106 136
106 169
106 141
106 177
106 117
106 151
106 123
107 184
107 201
107 158
108 194
108 147
108 193
108 204
108 145
108 146
108 112
108 109
108 119
108 124
108 183
109 140
109 145
109 146
109 165
109 180
109 183
109 186
109 189
109 191
109 192
109 193
109 204
109 111
109 112
109 119
109 124
109 126
110 176
110 181
110 159
111 193
111 183
111 204
111 146
111 186
111 165
111 119
111 124
111 126
112 194
112 182
112 145
112 146
112 147
112 124
113 192
113 203
113 197
113 135
113 172
113 175
113 157
114 148
114 173
115 187
115 130
115 155
115 195
115 178
115 116
115 138
115 127
116 187
116 177
116 141
116 173
116 178
116 148
116 117
116 151
116 155
117 177
117 199
117 141
117 173
117 187
117 149
117 151
117 148
117 154
117 123
117 170
118 163
118 196
118 133
118 129
118 168
118 174
118 153
118 188
118 189
119 193
119 140
119 145
119 146
119 204
119 186
119 165
119 192
119 180
119 183
119 124
119 189
119 126
119 191
120 152
120 198
120 167
121 160
121 166
121 161
121 136
121 169
121 171
121 143
122 175
122 125
123 187
123 164
123 177
123 136
123 137
123 141
123 156
123 151
123 169
123 170
124 193
124 192
124 145
124 146
124 165
124 204
124 183
124 126
125 154
125 199
125 173
126 193
126 183
126 140
126 204
126 186
126 165
126 146
126 180
126 191
127 130
127 195
127 138
127 178
127 155
128 190
129 133
129 168
129 174
129 147
129 152
129 153
129 188
129 189
130 155
130 195
130 138
130 178
131 139
131 144
131 162
131 179
131 185
131 202
131 134
132 172
133 163
133 168
133 174
133 180
133 149
133 153
133 188
133 189
134 192
134 197
134 139
134 162
134 175
134 179
134 185
135 197
135 203
135 172
135 157
135 175
136 166
136 191
136 149
136 151
136 170
136 169
137 200
137 164
137 169
137 154
137 156
138 155
138 195
138 178
139 162
139 197
139 175
139 185
139 184
139 179
140 204
140 146
140 186
140 193
140 174
140 189
140 180
140 182
140 188
140 183
141 187
141 170
141 177
141 199
141 173
141 178
141 151
141 148
141 154
142 150
142 196
143 166
143 171
144 179
144 158
145 194
145 193
145 192
145 146
145 204
145 183
146 165
146 180
146 182
146 183
146 186
146 189
146 193
146 204
146 191
147 167
147 182
147 152
148 173
148 177
148 154
149 151
149 153
149 155
149 163
149 168
149 170
149 177
149 180
149 187
149 188
149 189
149 191
150 176
150 196
151 203
151 199
151 187
151 154
151 163
151 168
151 169
151 173
151 177
151 170
152 198
152 167
153 163
153 168
153 174
153 188
153 189
154 177
154 200
154 170
154 199
154 173
154 156
155 163
155 177
155 178
155 187
156 164
156 169
156 200
157 176
157 203
157 159
158 201
158 184
159 176
160 171
161 166
161 171
162 197
162 175
162 179
162 185
163 168
163 191
163 189
163 180
163 188
163 170
164 169
164 200
165 193
165 183
165 204
165 186
166 171
166 169
167 198
168 191
168 203
168 180
168 188
168 189
169 170
170 203
170 199
170 187
170 173
170 177
173 203
173 199
173 177
174 188
174 189
174 182
175 192
175 185
175 197
176 181
177 199
177 187
177 178
178 187
178 195
179 185
179 202
180 183
180 193
180 204
180 188
180 189
180 191
182 194
182 186
183 193
183 204
183 186
183 192
183 189
184 201
184 185
186 193
188 191
188 189
189 192
189 204
189 193
189 191
191 192
191 193
191 204
192 203
192 197
192 193
192 204
193 204
197 203
199 203
