0 64
0 1
0 2
0 3
0 4
0 7
0 108
0 11
0 140
0 13
0 143
0 16
0 75
0 147
0 91
0 158
0 101
0 98
0 123
0 36
0 37
0 41
0 71
0 44
0 173
0 175
0 178
0 204
0 53
0 118
0 185
0 163
0 59
0 189
0 191
1 64
1 2
1 3
1 7
1 8
1 137
1 75
1 13
1 143
1 16
1 89
1 91
1 29
1 101
1 98
1 163
1 36
1 37
1 41
1 71
1 108
1 191
1 178
1 53
1 118
1 184
1 185
1 59
1 117
1 63
2 3
2 4
2 7
2 8
2 108
2 11
2 140
2 13
2 64
2 143
2 16
2 75
2 147
2 89
2 91
2 101
2 98
2 123
2 36
2 37
2 41
2 71
2 44
2 173
2 175
2 178
2 53
2 201
2 185
2 163
2 59
2 189
2 191
3 7
3 8
3 137
3 75
3 13
3 64
3 143
3 16
3 89
3 28
3 29
3 101
3 98
3 163
3 36
3 37
3 41
3 108
3 191
3 178
3 53
3 184
3 59
3 117
3 63
4 64
4 150
4 130
4 7
4 72
4 204
4 202
4 11
4 143
4 13
4 78
4 79
4 144
4 163
4 149
4 22
4 121
4 15
4 185
4 31
4 91
4 36
4 39
4 41
4 95
4 191
4 47
4 177
4 115
4 187
4 118
4 57
4 58
4 59
4 126
4 63
5 131
5 74
5 142
5 144
5 78
5 57
5 90
5 27
5 31
5 96
5 162
5 187
5 38
5 103
5 95
5 172
5 55
5 121
5 122
5 159
5 62
5 85
6 131
6 134
6 136
6 204
6 138
6 12
6 77
6 79
6 144
6 81
6 19
6 84
6 149
6 158
6 31
6 32
6 34
6 99
6 17
6 45
6 177
6 183
6 57
6 58
6 21
7 64
7 187
7 11
7 13
7 78
7 143
7 150
7 89
7 91
7 98
7 163
7 36
7 37
7 41
7 108
7 191
7 72
7 178
7 115
7 53
7 118
7 185
7 122
7 59
7 125
7 63
8 137
8 108
8 143
8 184
8 53
8 24
8 89
8 59
8 28
8 29
8 117
9 34
9 203
9 100
9 165
9 70
9 167
9 136
9 105
9 10
9 107
9 45
9 110
9 80
9 114
9 19
9 84
9 25
9 132
9 20
9 124
9 61
10 128
10 43
10 70
10 139
10 80
10 83
10 20
10 203
10 25
10 90
10 167
10 100
10 165
10 38
10 103
10 105
10 106
10 107
10 114
10 131
10 124
10 61
11 204
11 202
11 175
11 143
11 13
11 78
11 79
11 144
11 17
11 149
11 22
11 185
11 91
11 158
11 95
11 98
11 163
11 36
11 39
11 31
11 41
11 47
11 177
11 187
11 118
11 183
11 57
11 58
11 59
11 126
11 191
12 149
12 144
12 34
12 99
12 134
12 136
12 138
12 204
12 45
12 77
12 79
12 80
12 177
12 19
12 84
12 21
12 86
12 183
12 158
12 31
13 200
13 108
13 140
13 143
13 16
13 75
13 147
13 149
13 91
13 186
13 158
13 101
13 98
13 59
13 36
13 37
13 41
13 71
13 44
13 173
13 175
13 178
13 204
13 53
13 201
13 185
13 163
13 123
13 189
13 191
14 26
14 42
14 21
15 130
15 163
15 150
15 39
15 72
15 202
15 76
15 162
15 78
15 115
15 185
15 187
15 118
15 55
15 121
15 63
15 188
15 126
15 95
16 37
16 71
16 41
16 175
16 108
16 143
16 173
16 123
16 53
16 59
16 189
16 101
17 32
17 65
17 97
17 104
17 202
17 39
17 79
17 112
17 99
17 22
17 58
17 47
17 188
17 126
17 95
18 164
18 195
18 68
19 34
19 99
19 134
19 136
19 42
19 77
19 45
19 80
19 131
19 84
19 21
19 26
19 138
19 165
20 132
20 203
20 100
20 165
20 70
20 167
20 105
20 107
20 194
20 110
20 80
20 114
20 25
20 61
21 34
21 99
21 134
21 42
21 77
21 45
21 80
21 84
21 26
21 138
21 165
22 163
22 39
22 40
22 202
22 171
22 47
22 36
22 58
22 126
23 129
23 194
23 67
23 70
23 201
23 75
23 141
23 60
23 82
23 195
23 86
23 87
23 153
23 154
23 155
23 157
23 98
23 164
23 166
23 168
23 105
23 110
23 93
23 178
23 52
23 54
23 169
23 56
23 151
24 137
24 184
24 29
24 117
25 80
25 100
25 114
25 203
25 165
25 167
25 107
25 106
26 42
26 34
27 131
27 74
27 76
27 142
27 144
27 78
27 57
27 90
27 159
27 96
27 162
27 187
27 38
27 103
27 31
27 172
27 118
27 55
27 121
27 122
27 95
27 62
27 85
28 69
28 178
28 140
28 108
28 173
28 189
28 200
28 53
28 117
28 151
28 201
28 29
28 101
29 53
29 137
29 89
29 184
29 117
29 108
30 113
30 200
30 69
30 152
30 73
30 186
30 140
30 173
30 189
31 131
31 136
31 204
31 74
31 78
31 79
31 144
31 84
31 149
31 57
31 91
31 185
31 95
31 96
31 98
31 36
31 134
31 103
31 177
31 52
31 187
31 118
31 183
31 121
31 122
31 159
31 202
31 191
32 96
32 97
32 99
32 81
32 104
32 112
32 146
32 58
32 188
32 94
32 65
33 156
33 83
33 43
33 116
34 99
34 134
34 136
34 42
34 77
34 45
34 80
34 84
34 138
34 165
35 66
35 179
35 148
35 170
35 76
35 162
35 111
36 64
36 204
36 187
36 143
36 78
36 79
36 144
36 75
36 147
36 149
36 91
36 101
36 158
36 98
36 163
36 37
36 39
36 41
36 71
36 108
36 191
36 47
36 177
36 178
36 53
36 118
36 183
36 175
36 185
36 59
36 202
36 126
36 63
37 101
37 41
37 71
37 108
37 143
37 173
37 123
37 53
37 175
37 163
37 59
37 189
38 160
38 131
38 103
38 139
38 90
38 124
38 74
38 62
38 159
39 65
39 130
39 163
39 150
39 97
39 72
39 202
39 78
39 47
39 115
39 187
39 40
39 58
39 126
39 95
40 97
40 50
40 133
40 88
40 58
40 171
40 47
41 64
41 108
41 140
41 143
41 75
41 147
41 191
41 91
41 101
41 98
41 123
41 71
41 44
41 173
41 175
41 178
41 204
41 53
41 118
41 185
41 163
41 59
41 189
41 63
42 81
42 138
42 45
42 77
43 128
43 194
43 67
43 70
43 103
43 129
43 105
43 74
43 110
43 61
43 156
43 83
43 116
43 174
43 169
43 90
43 124
44 69
44 71
44 200
44 75
44 140
44 46
44 173
44 178
44 147
44 201
44 186
44 175
44 135
44 189
44 158
44 101
45 134
45 136
45 77
45 80
45 84
45 183
45 138
45 165
46 147
46 180
46 197
46 135
46 200
46 73
46 186
46 175
46 140
46 158
47 163
47 202
47 171
47 58
47 126
48 181
49 192
49 81
49 50
49 88
49 58
49 171
49 94
50 88
50 58
50 171
50 94
51 120
51 106
51 102
52 128
52 129
52 194
52 67
52 70
52 136
52 201
52 74
52 75
52 141
52 60
52 144
52 82
52 195
52 84
52 149
52 86
52 153
52 154
52 91
52 157
52 98
52 155
52 164
52 166
52 168
52 105
52 110
52 177
52 178
52 54
52 169
52 56
52 87
52 124
52 183
52 191
53 137
53 75
53 64
53 143
53 89
53 101
53 98
53 163
53 108
53 191
53 178
53 117
53 184
53 59
53 63
54 128
54 129
54 194
54 67
54 70
54 75
54 201
54 141
54 82
54 195
54 87
54 153
54 154
54 155
54 157
54 98
54 164
54 166
54 168
54 105
54 110
54 178
54 169
54 56
54 60
55 74
55 76
55 142
55 78
55 150
55 57
55 90
55 159
55 96
55 162
55 103
55 95
55 172
55 118
55 121
55 122
55 187
55 188
55 202
55 85
56 129
56 194
56 67
56 132
56 70
56 136
56 201
56 141
56 75
56 82
56 195
56 86
56 87
56 153
56 154
56 155
56 157
56 164
56 166
56 168
56 105
56 203
56 110
56 93
56 169
56 180
56 60
57 131
57 202
57 204
57 78
57 144
57 84
57 149
57 185
57 91
57 95
57 96
57 99
57 134
57 177
57 159
57 112
57 187
57 121
57 188
57 62
57 85
58 65
58 99
58 171
58 204
58 97
58 88
58 79
58 202
58 126
59 64
59 143
59 89
59 101
59 98
59 163
59 71
59 108
59 191
59 175
59 178
59 118
59 185
59 123
59 63
60 128
60 129
60 194
60 67
60 70
60 136
60 201
60 141
60 75
60 82
60 195
60 84
60 149
60 86
60 87
60 153
60 154
60 91
60 93
60 98
60 155
60 164
60 166
60 168
60 105
60 110
60 157
60 177
60 178
60 169
60 180
60 183
61 128
61 129
61 194
61 100
61 70
61 167
61 105
61 107
61 110
61 114
61 83
61 203
61 124
62 96
62 160
62 131
62 103
62 139
62 172
62 142
62 85
62 121
62 90
62 188
62 134
62 159
63 64
63 130
63 72
63 187
63 76
63 78
63 150
63 89
63 91
63 163
63 199
63 108
63 111
63 143
63 115
63 118
63 185
63 122
63 125
63 191
64 179
64 187
64 78
64 143
64 150
64 89
64 91
64 98
64 163
64 199
64 108
64 191
64 111
64 178
64 115
64 118
64 185
64 122
64 125
65 97
65 104
65 112
65 188
65 202
65 126
66 162
66 148
67 128
67 129
67 194
67 195
67 70
67 136
67 201
67 74
67 75
67 141
67 82
67 83
67 149
67 86
67 153
67 154
67 155
67 93
67 98
67 164
67 166
67 168
67 105
67 203
67 110
67 157
67 177
67 178
67 169
67 87
67 124
67 183
68 195
68 164
69 101
69 200
69 73
69 140
69 173
69 147
69 151
69 152
69 186
69 175
69 189
70 128
70 129
70 194
70 87
70 141
70 82
70 83
70 174
70 203
70 153
70 154
70 155
70 93
70 100
70 166
70 168
70 105
70 107
70 110
70 157
70 114
70 169
70 124
70 195
71 123
71 133
71 200
71 175
71 143
71 173
71 140
71 147
71 186
71 189
71 101
72 130
72 163
72 150
72 202
72 76
72 162
72 78
72 115
72 187
72 118
72 199
72 185
72 125
72 126
72 95
73 200
73 152
73 186
74 128
74 78
74 144
74 131
74 84
74 149
74 185
74 90
74 91
74 166
74 103
74 169
74 177
74 83
74 121
74 122
74 159
74 124
74 191
75 136
75 140
75 143
75 147
75 149
75 153
75 155
75 157
75 158
75 164
75 166
75 168
75 177
75 178
75 183
75 185
75 191
75 200
75 201
75 204
75 141
75 82
75 86
75 87
75 91
75 98
75 101
75 108
75 169
76 130
76 199
76 202
76 78
76 148
76 142
76 150
76 185
76 95
76 162
76 111
76 115
76 118
76 121
76 122
76 187
76 125
77 80
77 136
77 138
78 130
78 204
78 144
78 163
78 85
78 150
78 121
78 91
78 185
78 95
78 162
78 159
78 191
78 177
78 115
78 187
78 118
78 122
78 188
78 202
78 126
79 99
79 177
79 136
79 204
79 138
79 144
79 84
79 149
79 86
79 183
79 158
80 203
80 100
80 165
80 134
80 167
80 136
80 107
80 114
80 84
80 132
80 138
81 99
81 94
82 128
82 129
82 194
82 201
82 141
82 195
82 86
82 87
82 153
82 154
82 155
82 157
82 98
82 164
82 166
82 168
82 105
82 203
82 110
82 93
82 178
82 169
83 128
83 194
83 103
83 129
83 105
83 110
83 156
83 116
83 203
83 169
83 90
83 124
84 131
84 204
84 134
84 136
84 86
84 91
84 96
84 144
84 99
84 165
84 177
84 183
84 149
85 96
85 162
85 131
85 142
85 172
85 202
85 159
85 112
85 121
85 188
85 95
86 204
86 136
86 201
86 141
86 144
86 147
86 149
86 87
86 153
86 154
86 155
86 93
86 158
86 98
86 166
86 168
86 157
86 177
86 178
86 169
86 180
86 183
86 195
87 129
87 194
87 136
87 201
87 141
87 195
87 149
87 153
87 154
87 91
87 93
87 98
87 155
87 164
87 101
87 166
87 168
87 105
87 110
87 157
87 177
87 178
87 169
87 180
87 183
88 192
88 97
88 171
88 94
89 137
89 163
89 199
89 108
89 191
89 111
89 179
89 118
89 184
89 185
89 122
89 125
89 117
90 128
90 131
90 103
90 139
90 124
90 159
91 204
91 143
91 144
91 131
91 149
91 169
91 185
91 98
91 163
91 166
91 191
91 177
91 178
91 118
91 121
91 202
91 122
91 187
91 183
92 176
93 129
93 194
93 132
93 193
93 141
93 195
93 153
93 154
93 155
93 157
93 164
93 168
93 105
93 110
93 203
93 180
95 130
95 202
95 144
95 150
95 185
95 96
95 162
95 187
95 142
95 112
95 115
95 118
95 121
95 159
95 188
95 126
96 160
96 131
96 134
96 202
96 142
96 144
96 121
96 99
96 172
96 112
96 159
96 188
97 146
97 104
98 136
98 140
98 143
98 144
98 147
98 149
98 153
98 155
98 157
98 158
98 166
98 175
98 177
98 178
98 183
98 185
98 191
98 201
98 204
98 141
98 101
98 108
98 169
99 131
99 134
100 194
100 203
100 132
100 165
100 167
100 105
100 107
100 110
100 114
101 200
101 108
101 140
101 143
101 147
101 158
101 173
101 175
101 178
101 201
101 186
101 189
102 120
102 106
103 128
103 131
103 159
103 144
103 177
103 122
103 124
104 146
104 196
104 112
104 192
105 128
105 129
105 194
105 141
105 174
105 203
105 153
105 154
105 155
105 166
105 168
105 107
105 110
105 157
105 114
105 169
105 124
105 195
106 165
106 167
106 120
106 139
107 132
107 165
107 167
107 203
107 194
107 110
107 114
108 137
108 143
108 163
108 191
108 178
108 184
108 117
109 132
109 198
110 128
110 129
110 194
110 132
110 141
110 164
110 203
110 153
110 154
110 155
110 166
110 168
110 174
110 157
110 114
110 169
110 124
110 195
111 179
111 118
111 199
111 122
111 125
112 130
112 202
112 121
112 188
114 132
114 203
114 165
114 167
114 194
115 130
115 163
115 150
115 202
115 162
115 187
115 118
115 199
115 185
115 125
115 126
116 128
116 190
116 156
116 124
116 174
117 137
117 184
118 130
118 202
118 144
118 163
118 150
118 185
118 199
118 191
118 187
118 121
118 122
118 125
118 126
119 145
119 132
119 198
119 193
121 130
121 131
121 142
121 144
121 150
121 185
121 162
121 159
121 177
121 187
121 122
121 188
121 202
122 144
122 150
122 185
122 166
122 169
122 191
122 177
122 179
122 187
122 159
123 175
123 140
123 143
123 173
123 147
123 186
123 189
123 133
124 128
124 129
124 194
124 203
124 154
124 166
124 169
125 163
125 199
125 150
126 130
126 163
126 202
126 187
126 185
126 150
127 176
127 161
127 193
128 129
128 194
128 203
128 141
128 174
128 153
128 154
128 166
128 168
128 169
129 194
129 141
129 174
129 203
129 153
129 154
129 155
129 164
129 166
129 168
129 157
129 169
129 195
130 162
130 163
130 150
130 202
130 187
130 185
130 188
131 160
131 139
131 204
131 144
131 134
131 177
131 159
131 149
132 193
132 194
132 195
132 198
132 203
132 180
133 175
133 171
134 144
134 165
134 139
134 177
134 160
135 147
135 186
135 158
135 197
136 204
136 138
136 144
136 149
136 157
136 158
136 155
136 166
136 177
136 183
136 180
137 184
138 183
139 160
139 165
140 200
140 201
140 143
140 147
140 158
140 173
140 175
140 178
140 186
140 189
141 194
141 201
141 195
141 153
141 154
141 155
141 157
141 164
141 166
141 168
141 178
141 169
142 162
142 172
142 188
142 159
143 147
143 191
143 173
143 175
143 178
143 185
143 163
144 204
144 149
144 185
144 159
144 177
144 187
144 183
144 202
144 191
145 161
145 193
145 180
145 197
146 192
146 196
147 200
147 201
147 158
147 173
147 175
147 178
147 204
147 183
147 186
147 189
148 162
148 199
149 185
149 204
149 158
149 155
149 166
149 169
149 177
149 178
149 183
149 191
150 202
150 162
150 163
150 199
150 191
150 185
150 187
151 164
151 201
152 200
152 186
153 194
153 201
153 195
153 154
153 155
153 157
153 164
153 166
153 168
153 203
153 178
153 169
154 194
154 201
154 195
154 174
154 155
154 157
154 164
154 166
154 168
154 203
154 169
155 194
155 201
155 195
155 164
155 166
155 168
155 157
155 177
155 178
155 169
155 183
157 194
157 201
157 195
157 164
157 166
157 168
157 178
157 169
157 180
158 204
158 175
158 200
158 178
158 180
158 183
158 186
159 162
159 187
159 172
159 188
159 202
161 176
161 193
162 187
162 188
163 202
163 187
163 191
163 185
164 194
164 201
164 195
164 166
164 168
164 169
165 167
165 203
166 194
166 201
166 195
166 168
166 177
166 178
166 169
166 183
166 191
167 203
168 194
168 201
168 195
168 203
168 169
169 194
169 201
169 195
169 177
169 178
169 191
172 188
173 200
173 175
173 186
173 189
174 194
174 181
174 182
174 190
175 200
175 178
175 186
175 189
177 204
177 185
177 178
177 183
177 187
177 191
178 183
178 185
178 189
178 191
178 200
178 201
178 204
179 199
180 193
180 197
180 183
181 182
181 190
182 190
183 204
185 204
185 191
185 187
185 202
186 200
186 189
187 204
187 202
187 191
187 188
188 202
189 200
189 201
191 204
191 202
192 196
193 198
194 203
194 195
195 201
195 203
200 201
202 204
