0 2
0 131
0 4
0 179
0 120
0 187
0 108
0 162
0 127
1 65
1 2
1 131
1 135
1 137
1 138
1 12
1 13
1 78
1 17
1 84
1 21
1 152
1 27
1 162
1 100
1 101
1 108
1 45
1 110
1 113
1 179
1 117
1 120
1 148
1 127
2 162
2 131
2 12
2 108
2 78
2 113
2 179
2 84
2 117
2 201
2 120
2 148
2 187
2 127
3 201
4 162
4 179
5 172
5 65
5 131
5 150
5 6
5 8
5 73
5 10
5 11
5 140
5 13
5 144
5 164
5 21
5 22
5 25
5 27
5 156
5 93
5 31
5 97
5 98
5 99
5 36
5 134
5 44
5 109
5 110
5 29
5 136
5 114
5 51
5 52
5 189
5 122
5 192
5 138
6 65
6 164
6 135
6 8
6 140
6 138
6 109
6 13
6 77
6 144
6 145
6 21
6 22
6 152
6 25
6 27
6 92
6 93
6 30
6 159
6 32
6 33
6 98
6 36
6 40
6 156
6 199
6 44
6 45
6 110
6 29
6 136
6 114
6 172
6 116
6 53
6 182
6 183
6 168
6 189
7 192
7 97
7 162
7 99
7 131
7 134
7 102
7 71
7 73
7 10
7 141
7 51
7 117
7 22
7 120
7 153
7 29
8 65
8 164
8 135
8 136
8 140
8 10
8 11
8 109
8 13
8 78
8 77
8 144
8 17
8 148
8 21
8 22
8 152
8 25
8 27
8 92
8 29
8 30
8 159
8 32
8 33
8 98
8 36
8 168
8 104
8 156
8 44
8 45
8 110
8 93
8 49
8 114
8 172
8 116
8 182
8 143
8 138
9 99
9 56
9 75
9 19
9 149
9 54
9 24
9 47
9 43
9 14
9 31
10 192
10 65
10 131
10 134
10 73
10 138
10 140
10 13
10 14
10 141
10 144
10 21
10 22
10 153
10 27
10 156
10 93
10 150
10 31
10 97
10 98
10 99
10 164
10 102
10 135
10 172
10 109
10 29
10 113
10 51
10 117
10 120
10 122
10 189
11 45
11 196
11 108
11 138
11 44
11 77
11 46
11 13
11 104
11 114
11 172
11 110
11 184
11 25
11 122
11 27
11 92
11 30
11 127
12 131
12 113
12 101
12 65
12 137
12 135
12 78
12 162
12 110
12 17
12 20
12 21
12 120
12 84
12 152
12 148
12 117
13 135
13 196
13 65
13 108
13 140
13 77
13 78
13 109
13 144
13 148
13 21
13 22
13 152
13 25
13 27
13 92
13 29
13 30
13 98
13 136
13 36
13 104
13 156
13 110
13 44
13 45
13 46
13 93
13 49
13 114
13 172
13 116
13 117
13 122
13 143
13 138
13 127
14 192
14 134
14 73
14 75
14 140
14 149
14 22
14 24
14 89
14 93
14 31
14 97
14 99
14 102
14 169
14 43
14 29
14 47
14 51
14 54
14 189
15 96
15 160
15 39
15 72
15 106
15 190
15 146
15 85
15 119
15 90
15 155
15 62
16 32
16 33
16 195
16 36
16 103
16 40
16 82
16 158
16 112
16 136
16 18
16 53
16 182
16 183
16 68
16 168
16 30
17 171
17 132
17 49
17 65
17 204
17 202
17 77
17 78
17 143
17 81
17 147
17 20
17 21
17 173
17 151
17 152
17 154
17 155
17 92
17 95
17 197
17 100
17 101
17 39
17 145
17 135
17 109
17 110
17 113
17 114
17 148
17 159
18 33
18 195
18 36
18 40
18 112
18 168
18 82
18 53
18 182
18 183
18 68
18 158
19 48
19 75
19 149
19 54
19 41
19 24
19 87
19 43
20 65
20 204
20 133
20 135
20 137
20 202
20 85
20 152
20 26
20 155
20 154
20 101
20 197
20 91
20 37
20 39
20 173
20 111
20 113
20 180
20 121
20 190
21 171
21 65
21 73
21 78
21 77
21 144
21 148
21 22
21 152
21 154
21 27
21 93
21 150
21 133
21 97
21 98
21 101
21 145
21 135
21 159
21 109
21 110
21 29
21 113
21 114
21 172
21 117
21 202
21 197
21 136
21 140
21 189
21 134
22 192
22 65
22 131
22 73
22 140
22 141
22 144
22 150
22 153
22 154
22 27
22 156
22 93
22 31
22 133
22 97
22 98
22 99
22 101
22 102
22 169
22 135
22 172
22 109
22 29
22 113
22 114
22 51
22 117
22 202
22 189
22 134
23 144
23 184
23 52
23 53
23 104
23 164
23 44
23 30
24 99
24 75
24 149
24 54
24 47
24 56
24 43
24 31
25 196
25 108
25 138
25 109
25 77
25 144
25 110
25 27
25 92
25 30
25 32
25 98
25 136
25 36
25 103
25 104
25 44
25 45
25 46
25 49
25 114
25 172
25 116
25 182
25 122
25 168
25 143
25 127
26 197
26 180
26 37
26 39
26 111
26 121
26 91
26 204
26 137
26 85
27 131
27 196
27 65
27 108
27 109
27 78
27 77
27 144
27 164
27 148
27 152
27 92
27 93
27 30
27 98
27 36
27 104
27 156
27 135
27 44
27 45
27 110
27 29
27 136
27 114
27 172
27 52
27 117
27 122
27 140
27 138
27 127
28 48
28 34
28 57
28 41
28 42
28 87
28 188
28 94
28 79
29 192
29 65
29 131
29 73
29 140
29 78
29 144
29 153
29 156
29 93
29 150
29 31
29 97
29 98
29 99
29 164
29 134
29 102
29 135
29 172
29 109
29 189
29 113
29 114
29 51
29 117
29 122
29 138
30 172
30 77
30 82
30 92
30 32
30 33
30 36
30 103
30 40
30 144
30 44
30 104
30 114
30 116
30 53
30 182
30 183
30 136
30 168
31 192
31 134
31 140
31 144
31 149
31 89
31 156
31 93
31 150
31 97
31 98
31 99
31 164
31 165
31 102
31 169
31 43
31 174
31 47
31 54
31 73
31 56
31 189
32 67
32 74
32 77
32 143
32 82
32 92
32 159
32 33
32 36
32 103
32 40
32 49
32 114
32 116
32 182
32 183
32 136
32 168
32 126
33 199
33 77
33 144
33 82
33 147
33 159
33 98
33 36
33 103
33 40
33 172
33 109
33 112
33 136
33 114
33 53
33 182
33 183
33 168
34 188
34 165
34 42
34 79
34 48
34 83
34 169
34 54
34 87
34 89
34 124
34 94
35 128
35 133
35 83
35 69
35 105
35 107
35 76
35 194
35 111
35 80
35 115
35 55
35 154
35 175
35 63
36 171
36 199
36 172
36 77
36 145
36 82
36 147
36 156
36 93
36 159
36 98
36 40
36 144
36 44
36 109
36 110
36 136
36 114
36 53
36 182
36 183
36 168
37 113
37 197
37 180
37 101
37 137
37 121
37 91
37 204
37 111
38 193
38 59
38 166
38 70
38 145
38 177
38 202
38 171
38 173
38 81
38 147
38 118
38 151
38 185
38 123
38 60
38 61
38 199
39 64
39 160
39 132
39 197
39 135
39 137
39 204
39 146
39 85
39 152
39 155
39 95
39 96
39 91
39 100
39 173
39 180
39 190
39 119
39 62
40 103
40 136
40 112
40 144
40 199
40 82
40 77
40 168
40 53
40 182
40 183
40 159
41 48
41 75
41 149
41 54
41 87
41 188
41 42
41 43
41 174
42 48
42 188
42 57
42 87
43 99
43 75
43 174
43 47
43 149
43 54
43 56
44 45
44 164
44 196
44 138
44 77
44 144
44 92
44 93
44 98
44 104
44 156
44 172
44 109
44 110
44 136
44 114
44 52
44 53
44 182
44 116
44 122
45 132
45 138
45 143
45 78
45 77
45 196
45 84
45 46
45 92
45 95
45 100
45 104
45 170
45 108
45 110
45 49
45 114
45 172
45 116
45 148
45 127
46 116
46 100
46 104
46 201
46 138
46 108
46 110
46 77
46 49
46 84
46 196
46 170
46 132
46 127
46 92
46 143
46 95
47 98
47 99
47 164
47 140
47 174
47 189
47 149
47 54
47 169
47 56
47 156
47 93
48 188
48 75
48 174
48 79
48 149
48 54
48 87
48 89
48 169
49 132
49 74
49 77
49 110
49 152
49 90
49 143
49 92
49 95
49 100
49 103
49 168
49 170
49 114
49 116
49 159
49 126
50 191
50 83
50 69
50 94
50 167
51 192
51 97
51 162
51 99
51 102
51 73
51 71
51 140
51 141
51 93
51 189
51 131
51 120
51 153
51 134
52 98
52 99
52 164
52 172
52 138
52 144
52 122
52 156
52 93
53 98
53 112
53 144
53 183
53 82
53 136
53 172
53 182
53 164
53 168
53 156
54 75
54 165
54 174
54 149
54 56
54 89
54 79
54 188
54 189
54 169
55 128
55 97
55 194
55 133
55 102
55 105
55 107
55 76
55 141
55 111
55 115
55 150
55 73
55 153
55 154
55 175
55 63
56 164
56 169
56 174
56 142
56 149
56 156
57 87
58 176
58 157
59 193
59 66
59 70
59 145
59 177
59 171
59 125
59 81
59 147
59 118
59 151
59 185
59 123
59 60
59 61
59 199
59 166
60 128
60 193
60 70
60 145
60 177
60 202
60 171
60 81
60 147
60 118
60 151
60 185
60 154
60 123
60 166
60 61
60 199
60 165
61 193
61 191
61 165
61 70
61 166
61 79
61 177
61 83
61 185
61 124
61 94
61 69
62 96
62 160
62 146
62 155
62 197
62 106
62 151
62 173
62 190
63 128
63 97
63 194
63 101
63 70
63 193
63 105
63 202
63 107
63 76
63 173
63 111
63 115
63 73
63 154
63 175
63 150
63 133
64 100
64 85
64 119
64 132
64 91
64 204
64 137
64 95
65 192
65 131
65 135
65 73
65 78
65 77
65 197
65 152
65 154
65 93
65 150
65 133
65 97
65 98
65 101
65 102
65 145
65 171
65 172
65 109
65 110
65 113
65 114
65 117
65 202
65 148
65 140
65 189
65 134
66 67
66 145
66 168
66 106
66 171
66 81
66 178
66 147
66 199
66 118
66 151
66 123
66 74
66 126
66 159
67 68
67 118
67 103
67 168
67 74
67 178
67 126
67 159
68 112
68 195
68 158
69 83
69 167
69 105
69 193
69 191
69 94
69 175
70 128
70 193
70 194
70 166
70 105
70 202
70 171
70 76
70 173
70 175
70 145
70 115
70 151
70 154
70 123
71 192
71 97
71 107
71 102
71 134
71 73
71 139
71 141
71 120
71 88
71 153
72 160
72 146
73 128
73 131
73 134
73 140
73 76
73 141
73 153
73 154
73 135
73 93
73 150
73 133
73 97
73 101
73 102
73 109
73 113
73 192
73 117
73 120
73 189
73 202
74 103
74 168
74 77
74 143
74 114
74 116
74 182
74 183
74 90
74 92
74 126
74 159
75 169
75 149
75 89
75 188
76 128
76 97
76 194
76 101
76 193
76 105
76 202
76 107
76 111
76 115
76 154
76 175
76 133
76 150
77 100
77 132
77 135
77 168
77 143
77 109
77 144
77 152
77 92
77 95
77 98
77 103
77 110
77 114
77 172
77 116
77 182
77 183
77 104
77 136
77 159
77 138
78 131
78 132
78 137
78 138
78 109
78 84
78 152
78 92
78 95
78 162
78 100
78 101
78 135
78 108
78 110
78 113
78 114
78 117
78 120
78 148
78 127
79 188
79 165
79 169
79 174
79 83
79 149
79 89
79 94
80 181
81 160
81 166
81 145
81 168
81 177
81 106
81 171
81 178
81 147
81 118
81 151
81 123
81 199
81 159
82 103
82 112
82 158
82 136
82 182
82 183
82 168
83 128
83 193
83 165
83 105
83 89
83 191
83 94
84 196
84 100
84 170
84 108
84 179
84 148
84 201
84 132
84 187
84 127
85 91
85 197
85 137
85 204
85 180
85 119
85 155
85 95
86 185
86 124
86 125
86 191
88 129
88 139
88 181
89 128
89 192
89 165
89 134
89 169
89 140
89 189
89 149
89 188
89 174
90 146
90 100
90 119
90 132
90 143
90 126
90 95
91 137
91 119
91 204
91 180
91 121
91 155
91 190
91 197
92 132
92 135
92 108
92 109
92 196
92 148
92 110
92 152
92 95
92 100
92 103
92 104
92 168
92 114
92 172
92 116
92 170
92 136
92 143
92 138
93 172
93 131
93 135
93 140
93 144
93 164
93 156
93 150
93 97
93 98
93 99
93 134
93 102
93 169
93 109
93 136
93 114
93 189
93 122
93 192
93 138
94 165
94 124
94 185
94 191
94 188
95 132
95 197
95 135
95 204
95 143
95 146
95 148
95 152
95 155
95 100
95 170
95 110
95 119
96 160
96 155
96 190
96 106
96 151
96 173
97 128
97 131
97 134
97 141
97 153
97 154
97 135
97 150
97 133
97 101
97 102
97 109
97 113
97 140
97 117
97 120
97 192
97 189
97 202
98 192
98 164
98 172
98 140
98 144
98 156
98 99
98 134
98 168
98 169
98 109
98 110
98 136
98 114
98 182
98 189
98 138
99 192
99 134
99 140
99 156
99 164
99 102
99 122
99 189
100 132
100 135
100 143
100 146
100 152
100 170
100 110
100 114
100 116
100 119
100 148
101 128
101 194
101 133
101 134
101 202
101 152
101 153
101 154
101 150
101 197
101 148
101 145
101 135
101 173
101 111
101 113
101 117
101 121
102 128
102 131
102 133
102 134
102 140
102 141
102 153
102 154
102 150
102 113
102 192
102 117
102 120
102 189
103 143
103 116
103 126
103 182
103 183
103 136
103 168
104 196
104 108
104 138
104 114
104 172
104 116
104 184
104 122
104 127
105 128
105 133
105 193
105 202
105 107
105 194
105 111
105 115
105 203
105 154
105 175
106 160
106 178
106 146
106 147
106 190
106 118
106 151
106 155
107 128
107 129
107 194
107 133
107 139
107 141
107 111
107 153
108 131
108 196
108 201
108 138
108 110
108 162
108 170
108 117
108 148
108 122
108 187
108 127
109 171
109 140
109 144
109 148
109 199
109 152
109 150
109 159
109 134
109 145
109 168
109 156
109 135
109 110
109 136
109 114
109 172
109 182
109 202
109 189
109 138
110 132
110 138
110 144
110 148
110 152
110 159
110 168
110 170
110 135
110 114
110 172
110 116
110 117
110 136
110 143
110 127
111 128
111 194
111 133
111 202
111 203
111 154
111 173
111 175
111 113
111 115
111 180
111 121
112 195
112 182
112 183
112 158
113 131
113 133
113 134
113 141
113 197
113 152
113 153
113 154
113 150
113 148
113 162
113 135
113 117
113 120
113 121
113 202
114 132
114 135
114 172
114 138
114 143
114 144
114 148
114 152
114 156
114 159
114 168
114 182
114 145
114 116
114 136
115 128
115 193
115 194
115 202
115 203
115 173
115 154
115 175
115 157
116 132
116 143
116 159
116 182
116 183
116 136
116 168
116 126
117 131
117 133
117 134
117 148
117 152
117 153
117 135
117 150
117 162
117 120
117 138
117 127
118 166
118 145
118 168
118 177
118 171
118 178
118 147
118 151
118 123
118 199
118 159
119 204
119 146
119 132
119 155
120 131
120 162
120 179
120 141
120 148
120 153
121 197
121 180
121 137
121 204
122 164
122 144
122 172
122 196
122 138
122 184
122 156
122 127
123 193
123 145
123 177
123 171
123 166
123 173
123 178
123 147
123 151
123 185
123 199
123 159
124 185
124 186
124 191
124 125
125 177
125 166
125 185
125 186
126 143
127 131
127 196
127 201
127 138
127 162
127 148
127 187
128 192
128 193
128 194
128 133
128 202
128 145
128 150
128 154
128 175
128 165
128 134
129 139
131 134
131 141
131 148
131 153
131 150
131 162
131 138
132 143
132 146
132 152
132 170
132 148
133 194
133 150
133 134
133 135
133 202
133 141
133 153
133 154
133 192
134 140
134 141
134 153
134 154
134 156
134 150
134 169
134 192
134 202
134 189
135 152
135 154
135 150
135 197
135 145
135 171
135 172
135 202
135 148
135 140
135 138
136 199
136 172
136 145
136 147
136 152
136 159
136 156
136 144
136 171
136 168
136 182
136 183
137 148
137 204
137 197
138 196
138 144
138 148
138 164
138 156
138 172
139 181
140 172
140 192
140 144
140 156
140 150
140 164
140 169
140 189
141 192
141 150
141 153
143 146
143 152
143 168
143 170
143 159
144 164
144 172
144 156
144 189
144 182
144 168
145 197
145 202
145 173
145 147
145 151
145 152
145 154
145 199
145 168
145 193
145 171
145 159
146 160
146 155
147 199
147 151
147 152
147 159
147 166
147 168
147 171
147 177
147 178
148 152
148 162
148 170
149 192
149 174
149 188
149 169
150 194
150 153
150 154
150 192
150 202
150 189
151 193
151 197
151 199
151 202
151 154
151 155
151 159
151 166
151 171
151 173
151 177
151 178
151 190
152 171
152 197
152 202
152 154
152 155
152 168
152 172
152 159
153 192
153 162
153 189
154 194
154 202
154 197
154 193
154 171
154 173
154 192
155 160
155 197
155 204
155 190
155 173
156 192
156 172
156 164
156 169
156 174
156 189
157 173
157 203
158 195
159 182
159 199
159 168
159 171
159 172
159 183
160 190
160 178
161 176
161 200
161 167
162 179
163 198
164 172
164 189
165 188
165 193
165 169
165 199
166 193
166 177
166 171
166 185
166 199
167 200
167 191
168 182
168 199
168 171
168 172
168 183
169 192
169 174
169 188
169 189
170 201
170 196
171 197
171 202
171 173
171 199
172 189
172 182
173 193
173 194
173 197
173 202
173 203
173 204
173 190
174 188
175 193
175 194
175 203
177 199
177 178
177 185
179 201
179 187
180 197
180 204
182 199
182 183
184 196
185 193
185 191
187 201
189 192
190 197
190 204
192 202
193 194
193 202
194 202
194 203
196 201
197 202
197 204
