0 64
0 128
0 130
0 195
0 5
0 198
0 129
0 62
0 194
0 142
0 144
0 17
0 146
0 20
0 21
0 88
0 160
0 91
0 199
0 96
0 161
0 168
0 193
0 135
0 45
0 49
0 51
0 53
0 119
0 56
0 84
0 58
0 123
0 126
0 117
1 2
1 67
1 4
1 7
1 72
1 73
1 13
1 146
1 21
1 89
1 92
1 157
1 162
1 36
1 165
1 167
1 18
1 46
1 111
1 200
1 179
1 116
1 181
1 54
1 122
1 189
2 3
2 4
2 165
2 7
2 73
2 106
2 167
2 46
2 18
2 67
2 116
2 21
2 118
2 179
2 92
2 189
3 7
3 73
3 106
3 55
3 146
3 189
3 18
3 179
3 116
3 53
3 118
3 119
3 167
3 199
3 21
4 67
4 165
4 7
4 73
4 167
4 46
4 18
4 179
4 116
4 92
4 189
5 64
5 130
5 70
5 193
5 194
5 128
5 204
5 126
5 14
5 190
5 17
5 146
5 99
5 91
5 198
5 199
5 95
5 96
5 161
5 34
5 35
5 164
5 6
5 177
5 107
5 111
5 113
5 19
5 155
5 117
5 119
5 180
5 58
5 123
5 62
5 191
6 132
6 70
6 136
6 177
6 10
6 204
6 14
6 82
6 152
6 90
6 155
6 156
6 95
6 33
6 34
6 99
6 164
6 134
6 39
6 42
6 107
6 108
6 112
6 113
6 180
6 120
6 185
6 59
6 188
6 191
7 199
7 73
7 144
7 146
7 67
7 21
7 89
7 92
7 157
7 161
7 167
7 168
7 18
7 46
7 111
7 179
7 116
7 54
7 119
7 189
7 62
8 80
8 192
9 132
9 134
9 136
9 172
9 10
9 11
9 15
9 90
9 156
9 29
9 31
9 33
9 59
9 36
9 39
9 42
9 107
9 108
9 110
9 157
9 48
9 200
9 115
9 120
9 185
9 127
9 188
9 63
10 172
10 132
10 136
10 11
10 15
10 90
10 156
10 29
10 31
10 33
10 59
10 36
10 134
10 39
10 42
10 107
10 108
10 110
10 157
10 48
10 200
10 115
10 120
10 185
10 127
10 188
10 63
11 65
11 132
11 134
11 136
11 203
11 140
11 79
11 90
11 29
11 31
11 162
11 163
11 36
11 39
11 43
11 110
11 115
11 120
11 59
11 127
12 19
12 128
12 83
12 35
12 20
12 195
12 41
12 148
12 141
12 78
13 162
13 67
13 36
13 165
13 102
13 65
13 72
13 46
13 190
13 179
13 21
13 54
13 89
13 122
13 155
13 92
13 157
13 62
13 181
14 198
14 131
14 139
14 204
14 82
14 19
14 148
14 176
14 152
14 26
14 154
14 158
14 95
14 35
14 34
14 99
14 164
14 70
14 103
14 107
14 174
14 112
14 113
14 57
14 191
15 132
15 87
15 156
15 93
15 159
15 33
15 166
15 40
15 28
15 42
15 108
15 29
15 48
15 172
15 120
15 185
15 59
15 188
15 125
15 63
16 98
16 201
16 68
16 133
16 105
16 42
16 203
16 77
16 81
16 115
16 183
16 90
16 61
16 30
17 64
17 130
17 195
17 198
17 71
17 128
17 62
17 194
17 142
17 146
17 19
17 20
17 91
17 199
17 96
17 161
17 34
17 35
17 129
17 193
17 135
17 45
17 49
17 51
17 117
17 119
17 160
17 84
17 58
17 123
17 126
18 54
18 73
18 144
18 146
18 67
18 21
18 89
18 92
18 157
18 161
18 167
18 168
18 106
18 199
18 46
18 111
18 179
18 116
18 181
18 118
18 119
18 189
18 62
19 64
19 128
19 194
19 131
19 198
19 71
19 145
19 139
19 195
19 20
19 148
19 91
19 135
19 158
19 96
19 34
19 35
19 164
19 49
19 193
19 103
19 113
19 117
19 84
19 58
19 123
19 126
20 64
20 194
20 195
20 198
20 129
20 76
20 128
20 142
20 78
20 91
20 96
20 161
20 35
20 41
20 193
20 135
20 58
20 123
20 126
20 85
21 64
21 73
21 144
21 67
21 89
21 91
21 92
21 32
21 97
21 102
21 167
21 168
21 161
21 199
21 146
21 46
21 111
21 179
21 116
21 181
21 54
21 119
21 58
21 189
21 62
22 149
22 130
22 75
22 101
22 169
22 171
22 87
22 178
22 56
22 50
22 51
22 84
22 53
22 55
22 88
22 121
22 60
22 94
22 117
23 192
23 145
23 186
23 148
24 129
24 85
24 184
24 41
24 76
24 142
25 32
25 97
25 37
25 102
25 144
25 54
25 181
26 192
26 176
26 131
26 164
26 103
26 145
26 139
26 204
26 112
26 113
26 82
26 148
26 174
26 152
26 57
26 154
26 158
27 57
27 202
27 139
27 52
27 174
28 48
28 159
28 188
28 166
28 40
28 172
28 125
28 93
28 63
29 172
29 132
29 134
29 136
29 90
29 156
29 157
29 31
29 33
29 59
29 36
29 39
29 42
29 107
29 108
29 48
29 200
29 115
29 120
29 185
29 127
29 188
29 63
30 80
30 98
30 68
30 133
30 81
30 105
30 201
30 183
30 61
30 77
31 65
31 162
31 36
31 134
31 39
31 43
31 110
31 79
31 163
31 120
31 132
31 59
31 127
32 144
32 97
32 179
32 54
32 168
32 74
32 102
32 37
33 172
33 132
33 136
33 204
33 82
33 90
33 156
33 93
33 70
33 39
33 42
33 107
33 108
33 191
33 48
33 115
33 120
33 185
33 59
33 188
33 134
33 63
34 64
34 128
34 194
34 139
34 204
34 190
34 99
34 152
34 91
34 198
34 95
34 96
34 161
34 35
34 164
34 70
34 103
34 107
34 174
34 112
34 113
34 155
34 62
34 57
34 58
34 123
34 126
34 191
35 64
35 128
35 194
35 131
35 198
35 71
35 145
35 78
35 148
35 91
35 135
35 96
35 195
35 49
35 193
35 103
35 113
35 83
35 117
35 84
35 123
35 126
36 67
36 132
36 134
36 65
36 72
36 140
36 89
36 92
36 162
36 39
36 46
36 157
36 136
36 181
36 120
36 122
36 59
36 200
36 190
37 97
37 144
37 102
37 54
37 168
37 74
37 184
38 176
38 173
39 65
39 203
39 132
39 70
39 72
39 90
39 155
39 156
39 95
39 162
39 99
39 42
39 107
39 108
39 110
39 136
39 115
39 190
39 120
39 185
39 59
39 188
39 134
39 191
40 48
40 125
40 159
40 172
40 93
40 63
41 128
41 129
41 195
41 142
41 76
41 109
41 78
41 141
41 83
41 85
42 172
42 68
42 70
42 203
42 82
42 132
42 90
42 156
42 107
42 108
42 48
42 115
42 120
42 185
42 59
42 188
42 61
42 134
42 63
43 65
43 163
43 100
43 197
43 137
43 138
43 140
43 110
43 203
43 124
44 131
44 182
44 71
44 169
44 171
44 204
44 176
44 49
44 50
44 180
44 117
44 150
44 75
44 60
45 96
45 194
45 171
45 195
45 49
45 193
45 71
45 135
45 51
45 84
45 117
45 56
45 88
45 123
45 60
45 160
46 67
46 72
46 73
46 89
46 92
46 157
46 162
46 165
46 167
46 111
46 200
46 179
46 116
46 54
46 189
47 200
47 127
48 172
48 132
48 188
48 156
48 125
48 115
48 159
48 120
48 185
48 59
48 93
48 63
49 160
49 130
49 195
49 71
49 194
49 84
49 88
49 135
49 96
49 193
49 171
49 50
49 51
49 117
49 182
49 56
49 123
49 60
50 193
50 130
50 199
50 135
50 75
50 84
50 149
50 87
50 88
50 94
50 160
50 101
50 177
50 119
50 169
50 106
50 171
50 178
50 51
50 180
50 53
50 55
50 56
50 121
50 123
50 60
50 117
51 160
51 130
51 171
51 135
51 119
51 84
51 199
51 88
51 94
51 96
51 178
51 193
51 71
51 53
51 55
51 56
51 123
51 60
51 117
52 112
52 164
52 139
52 148
52 174
52 103
52 57
52 78
53 160
53 130
53 178
53 199
53 193
53 135
53 106
53 119
53 146
53 88
53 84
53 55
53 56
53 116
53 60
53 94
54 67
54 73
54 144
54 89
54 92
54 97
54 102
54 167
54 168
54 161
54 199
54 146
54 179
54 181
54 119
54 58
54 189
54 62
55 160
55 106
55 178
55 56
55 119
55 88
55 60
55 94
56 160
56 135
56 193
56 84
56 88
56 60
56 94
57 99
57 164
57 155
57 198
57 103
57 170
57 139
57 112
57 113
57 174
57 158
57 95
58 64
58 194
58 196
58 198
58 193
58 128
58 142
58 190
58 144
58 146
58 89
58 91
58 96
58 161
58 155
58 164
58 102
58 168
58 170
58 199
58 62
58 119
58 123
58 126
58 181
59 172
59 132
59 136
59 90
59 156
59 134
59 107
59 108
59 110
59 157
59 200
59 115
59 120
59 185
59 127
59 188
59 63
60 193
60 130
60 171
60 71
60 75
60 84
60 149
60 87
60 88
60 94
60 160
60 101
60 178
60 169
60 135
60 180
60 117
61 98
61 201
61 68
61 133
61 104
61 105
61 203
61 77
61 81
61 82
61 115
61 183
61 90
62 64
62 194
62 198
62 128
62 190
62 144
62 89
62 91
62 96
62 161
62 102
62 168
62 193
62 199
62 146
62 111
62 179
62 181
62 119
62 123
62 126
63 132
63 90
63 79
63 156
63 93
63 159
63 172
63 115
63 120
63 185
63 188
63 125
64 129
64 194
64 195
64 198
64 135
64 128
64 160
64 142
64 144
64 146
64 91
64 96
64 161
64 102
64 168
64 193
64 199
64 119
64 84
64 123
64 126
64 181
65 162
65 99
65 69
65 134
65 72
65 140
65 110
65 136
65 181
65 122
65 155
65 190
66 203
66 100
66 197
66 86
66 104
66 137
66 138
66 187
66 124
66 202
66 175
67 72
67 73
67 146
67 89
67 92
67 157
67 162
67 165
67 167
67 111
67 200
67 179
67 116
67 181
67 122
67 189
67 190
68 81
68 201
68 77
69 72
69 122
69 147
69 140
70 132
70 113
70 136
70 204
70 82
70 152
70 90
70 156
70 95
70 164
70 134
70 107
70 108
70 177
70 180
70 185
70 188
70 191
71 96
71 194
71 131
71 195
71 193
71 135
71 84
71 117
71 182
71 160
71 123
72 162
72 134
72 136
72 140
72 181
72 89
72 122
72 92
72 157
72 190
73 200
73 146
73 89
73 92
73 157
73 165
73 167
73 106
73 199
73 111
73 179
73 116
73 118
73 119
73 189
74 144
74 168
74 184
75 130
75 180
75 101
75 171
75 108
75 178
75 177
75 169
75 117
75 87
75 88
75 121
75 204
75 94
75 149
76 128
76 129
76 195
76 85
76 184
76 142
77 81
77 98
77 133
77 151
77 201
77 183
78 128
78 196
78 139
78 109
78 174
78 141
78 83
79 115
79 163
79 151
79 110
81 98
81 203
81 133
81 105
81 183
81 115
81 151
81 201
82 107
82 204
82 176
82 113
82 154
82 152
82 185
82 90
82 191
82 156
82 95
83 148
83 141
84 130
84 171
84 128
84 160
84 194
84 146
84 88
84 91
84 199
84 96
84 195
84 129
84 193
84 135
84 119
84 123
84 126
84 117
85 128
85 129
85 195
85 184
85 142
86 100
86 197
86 104
86 137
86 138
86 203
86 175
86 112
86 187
86 124
86 202
87 130
87 108
87 149
87 88
87 94
87 101
87 166
87 106
87 172
87 114
87 111
87 180
87 177
87 178
87 116
87 118
87 121
88 193
88 130
88 135
88 149
88 94
88 160
88 101
88 178
88 119
88 171
88 199
88 123
88 117
89 190
89 144
89 92
89 157
89 97
89 165
89 102
89 167
89 168
89 161
89 199
89 146
89 111
89 179
89 181
89 119
89 189
90 203
90 132
90 136
90 156
90 95
90 163
90 107
90 110
90 115
90 120
90 185
90 188
90 134
91 130
91 195
91 198
91 129
91 128
91 160
91 194
91 142
91 144
91 146
91 155
91 199
91 96
91 161
91 102
91 168
91 193
91 135
91 191
91 177
91 119
91 123
91 126
91 181
92 157
92 162
92 165
92 167
92 111
92 200
92 179
92 116
92 189
93 159
93 188
93 166
93 172
93 125
94 130
94 199
94 149
94 101
94 169
94 106
94 171
94 178
94 180
94 118
94 121
94 119
94 117
95 198
95 136
95 177
95 139
95 204
95 185
95 152
95 155
95 156
95 99
95 164
95 107
95 174
95 112
95 113
95 190
95 134
95 191
96 130
96 195
96 198
96 128
96 194
96 142
96 146
96 199
96 160
96 161
96 129
96 193
96 135
96 117
96 119
96 123
96 126
97 144
97 179
97 168
97 102
98 133
98 151
98 201
98 183
99 198
99 139
99 164
99 136
99 170
99 107
99 191
99 190
99 112
99 113
99 174
99 155
99 134
100 163
100 197
100 104
100 137
100 138
100 203
100 110
100 175
100 187
100 124
101 130
101 171
101 166
101 169
101 178
101 180
101 149
101 121
102 196
102 198
102 161
102 144
102 146
102 168
102 170
102 190
102 126
102 181
103 192
103 131
103 145
103 139
103 164
103 112
103 113
103 174
103 152
103 148
103 154
103 158
104 137
104 202
104 203
104 175
104 105
104 187
104 124
104 138
105 203
106 130
106 199
106 119
106 157
106 114
106 166
106 167
106 111
106 178
106 116
106 118
106 121
106 189
107 132
107 136
107 203
107 204
107 152
107 155
107 156
107 164
107 108
107 177
107 112
107 113
107 115
107 180
107 120
107 185
107 188
107 134
107 191
108 130
108 132
108 200
108 204
108 111
108 156
108 166
108 172
108 157
108 177
108 178
108 180
108 118
108 120
108 185
108 188
108 134
108 191
109 196
110 203
110 132
110 134
110 136
110 163
110 115
110 137
110 120
110 185
110 124
110 138
111 130
111 178
111 200
111 146
111 156
111 157
111 161
111 167
111 199
111 177
111 114
111 172
111 116
111 118
111 119
111 180
111 189
111 191
112 164
112 139
112 175
112 113
112 174
112 152
112 155
112 158
113 198
113 131
113 139
113 204
113 148
113 152
113 155
113 154
113 158
113 176
113 164
113 174
113 191
114 189
114 178
114 116
114 166
114 118
114 121
114 172
114 157
115 203
115 132
115 134
115 136
115 156
115 163
115 120
115 185
115 188
116 146
116 157
116 178
116 167
116 199
116 179
116 118
116 119
116 189
117 160
117 130
117 131
117 204
117 194
117 171
117 177
117 169
117 193
117 135
117 180
117 182
117 123
118 178
118 199
118 166
118 167
118 119
118 189
118 121
118 157
119 130
119 178
119 194
119 160
119 126
119 193
119 179
119 161
119 167
119 168
119 199
119 146
119 177
119 123
119 189
120 172
120 132
120 136
120 127
120 156
120 134
120 157
120 200
120 185
120 188
121 166
121 178
121 149
122 162
122 140
122 165
123 130
123 131
123 198
123 194
123 128
123 160
123 126
123 146
123 199
123 161
123 195
123 177
123 193
123 135
123 180
123 191
124 163
124 197
124 137
124 138
124 203
124 175
124 187
125 159
125 166
125 172
126 194
126 195
126 196
126 198
126 129
126 128
126 142
126 144
126 146
126 199
126 161
126 164
126 168
126 193
126 135
126 155
126 181
127 200
128 194
128 195
128 196
128 198
128 129
128 161
128 193
128 135
128 142
129 194
129 195
129 184
129 135
129 160
129 142
129 193
130 160
130 194
130 135
130 204
130 146
130 193
130 149
130 199
130 191
130 177
130 171
130 178
130 180
131 192
131 145
131 148
131 182
131 154
131 158
132 172
132 136
132 156
132 191
132 157
132 200
132 185
132 188
132 134
133 151
133 201
133 183
134 203
134 155
134 156
134 162
134 157
134 136
134 185
134 188
134 190
134 191
135 195
135 160
135 194
135 193
136 203
136 155
136 156
136 162
136 190
136 185
136 188
136 191
137 197
137 138
137 140
137 175
137 187
138 163
138 197
138 203
138 175
138 187
139 164
139 148
139 174
139 158
140 147
140 162
142 194
142 195
142 184
142 160
142 168
142 193
143 153
143 170
143 147
143 196
144 168
144 161
144 146
144 179
144 181
145 192
145 154
145 148
145 182
145 186
145 158
146 198
146 160
146 161
146 167
146 168
146 194
146 193
146 199
146 177
146 179
146 189
146 181
147 153
147 170
147 190
148 192
148 174
148 154
148 158
149 171
149 166
149 169
149 178
149 180
150 169
150 171
150 182
151 183
152 176
152 164
152 204
152 191
152 154
152 158
153 170
153 196
154 192
154 204
154 176
154 158
155 198
155 190
155 164
155 170
155 174
155 181
155 191
156 172
156 204
156 191
156 177
156 157
156 180
156 185
156 188
157 162
157 167
157 200
157 177
157 172
157 188
157 189
158 192
158 176
158 164
158 204
158 174
160 195
160 168
160 194
160 199
160 193
161 194
161 198
161 190
161 168
161 193
161 199
161 177
161 181
162 200
162 181
162 190
163 203
164 198
164 170
164 174
164 190
164 191
165 179
166 172
166 178
167 199
167 179
167 189
168 199
168 179
169 171
169 182
169 180
170 198
170 196
170 181
170 190
171 178
171 180
171 182
172 200
172 177
172 178
172 180
172 185
172 188
173 176
175 197
175 203
175 187
175 202
176 192
176 204
177 199
177 204
177 194
177 178
177 180
177 191
178 199
178 180
179 181
179 189
180 204
180 191
181 198
181 190
183 201
185 203
185 191
185 188
186 192
187 197
187 202
188 200
189 199
190 198
190 191
191 198
191 204
191 194
193 195
193 198
193 194
193 199
194 195
194 198
194 199
195 198
196 198
197 202
