0 1
0 2
0 3
0 4
0 37
0 161
0 40
0 201
0 193
0 139
0 12
0 66
0 174
0 175
0 144
0 72
0 104
0 90
0 155
0 154
1 161
1 2
1 3
1 4
1 37
1 193
1 72
1 139
1 12
1 66
1 174
1 144
1 40
1 55
1 57
1 90
1 155
1 154
1 104
2 66
2 3
2 4
2 37
2 161
2 40
2 193
2 12
2 174
3 4
3 37
3 161
3 193
3 12
3 174
3 175
3 183
3 24
3 154
4 37
4 193
4 12
4 174
5 64
5 69
5 7
5 10
5 11
5 76
5 13
5 79
5 17
5 19
5 20
5 21
5 86
5 127
5 89
5 26
5 184
5 92
5 157
5 30
5 160
5 97
5 38
5 71
5 44
5 110
5 47
5 114
5 52
5 117
5 56
5 59
5 60
5 61
5 63
6 48
6 149
6 182
6 199
6 136
6 42
6 204
6 141
7 65
7 75
7 134
7 71
7 136
7 9
7 10
7 11
7 76
7 13
7 21
7 86
7 89
7 152
7 25
7 26
7 92
7 30
7 181
7 97
7 38
7 42
7 43
7 44
7 47
7 106
7 52
7 53
7 118
7 121
7 191
7 61
7 85
8 128
8 129
8 107
8 132
8 181
8 10
8 11
8 157
8 80
8 17
8 167
8 147
8 85
8 203
8 25
8 91
8 92
8 29
8 158
8 97
8 162
8 100
8 39
8 41
8 43
8 191
8 111
8 112
8 49
8 114
8 52
8 53
8 118
8 119
8 116
8 187
8 60
8 202
8 169
8 117
9 97
9 36
9 105
9 10
9 167
9 47
9 49
9 188
9 52
9 106
9 118
9 132
9 123
9 92
9 29
9 94
9 191
10 181
10 202
10 11
10 13
10 184
10 17
10 169
10 21
10 86
10 25
10 26
10 111
10 92
10 157
10 158
10 69
10 97
10 100
10 41
10 43
10 44
10 117
10 47
10 114
10 52
10 53
10 118
10 105
10 56
10 116
10 191
10 60
10 61
10 85
10 63
11 181
11 15
11 17
11 19
11 86
11 24
11 169
11 26
11 184
11 92
11 157
11 158
11 32
11 97
11 41
11 71
11 47
11 114
11 52
11 53
11 105
11 56
11 60
11 61
11 202
11 117
12 37
12 161
12 40
12 193
12 66
12 174
12 154
13 65
13 134
13 136
13 75
13 76
13 18
13 20
13 85
13 86
13 152
13 89
13 26
13 30
13 69
13 160
13 97
13 35
13 38
13 63
13 42
13 127
13 44
13 59
13 21
14 129
14 195
14 196
14 69
14 16
14 81
14 83
14 148
14 151
14 88
14 164
14 179
14 27
14 28
14 31
14 160
14 34
14 100
14 168
14 41
14 171
14 172
14 46
14 50
14 51
14 116
14 54
14 197
14 186
14 124
14 126
15 161
15 184
15 105
15 60
15 157
15 17
15 19
15 24
15 183
15 56
15 175
15 92
15 61
15 158
16 160
16 194
16 196
16 69
16 200
16 151
16 77
16 81
16 83
16 148
16 110
16 87
16 88
16 31
16 32
16 34
16 164
16 170
16 46
16 114
16 51
16 54
16 124
16 63
17 181
17 71
17 184
17 19
17 86
17 24
17 169
17 26
17 92
17 157
17 158
17 32
17 41
17 47
17 114
17 52
17 53
17 105
17 56
17 183
17 60
17 61
17 202
17 117
18 65
18 35
18 38
18 75
18 76
18 180
18 84
18 149
18 150
18 152
18 121
18 30
19 66
19 72
19 139
19 24
19 89
19 90
19 184
19 154
19 32
19 161
19 37
19 40
19 110
19 175
19 183
19 55
19 56
19 57
19 59
19 60
19 61
19 127
20 65
20 131
20 68
20 134
20 74
20 75
20 76
20 21
20 86
20 152
20 26
20 30
20 69
20 160
20 34
20 35
20 38
20 31
20 44
20 46
20 59
20 186
20 127
20 63
21 65
21 134
21 136
21 172
21 75
21 76
21 85
21 86
21 152
21 25
21 26
21 181
21 30
21 69
21 160
21 97
21 34
21 35
21 38
21 42
21 43
21 44
21 191
21 51
21 52
21 53
21 116
21 127
21 117
21 61
21 63
22 165
22 150
22 23
22 120
22 138
22 27
22 140
23 150
23 120
23 74
23 27
23 140
23 138
24 32
24 184
24 60
24 142
24 157
24 174
24 183
24 56
24 154
24 175
24 92
24 61
24 158
25 65
25 43
25 132
25 181
25 97
25 80
25 147
25 156
25 125
25 159
25 33
25 162
25 101
25 167
25 169
25 106
25 107
25 44
25 111
25 49
25 178
25 116
25 53
25 118
25 119
25 202
25 136
25 191
25 42
25 85
26 65
26 181
26 75
26 134
26 76
26 152
26 86
26 127
26 89
26 71
26 92
26 30
26 69
26 160
26 97
26 38
26 43
26 44
26 117
26 47
26 52
26 53
26 59
26 60
26 61
26 85
26 63
27 34
27 195
27 168
27 28
27 74
27 171
27 140
27 173
27 81
27 179
27 120
27 185
27 186
27 124
27 138
27 31
28 195
28 197
28 70
28 138
28 140
28 145
28 146
28 83
28 151
28 31
28 34
28 164
28 198
28 81
28 168
28 171
28 172
28 173
28 177
28 50
28 179
28 124
29 123
29 36
29 167
29 105
29 106
29 111
29 49
29 188
29 52
29 118
29 132
29 47
29 92
29 94
29 191
30 149
30 65
30 131
30 75
30 76
30 152
30 89
30 97
30 35
30 38
30 71
30 44
30 47
30 180
30 121
30 59
30 85
30 127
31 160
31 34
31 163
31 69
31 195
31 168
31 124
31 74
31 46
31 81
31 146
31 179
31 88
31 185
31 186
32 194
32 196
32 69
32 72
32 139
32 77
32 184
32 110
32 86
32 90
32 175
32 154
32 160
32 144
32 104
32 41
32 170
32 174
32 46
32 157
32 200
32 114
32 51
32 117
32 56
32 60
32 63
33 162
33 67
33 101
33 137
33 106
33 107
33 191
33 111
33 178
33 147
33 118
33 119
33 187
33 159
34 195
34 196
34 69
34 134
34 81
34 83
34 86
34 151
34 88
34 164
34 179
34 160
34 100
34 168
34 41
34 172
34 46
34 51
34 116
34 54
34 186
34 124
34 85
34 63
35 65
35 131
35 134
35 38
35 44
35 74
35 75
35 76
35 180
35 150
35 152
35 84
35 149
36 49
36 132
36 158
36 105
36 167
36 94
36 157
37 161
37 40
37 193
37 139
37 66
37 174
37 175
37 144
37 72
37 55
37 57
37 90
37 154
37 104
38 149
38 65
38 131
38 75
38 76
38 152
38 89
38 97
38 71
38 44
38 47
38 180
38 121
38 59
38 85
38 127
39 128
39 129
39 107
39 202
39 203
39 80
39 147
39 151
39 169
39 91
39 156
39 162
39 100
39 101
39 41
39 43
39 172
39 111
39 112
39 51
39 116
39 53
39 119
39 187
39 189
39 181
40 161
40 72
40 193
40 139
40 66
40 110
40 175
40 144
40 104
40 174
40 55
40 57
40 90
40 200
40 154
41 128
41 129
41 203
41 69
41 181
41 184
41 80
41 81
41 83
41 148
41 151
41 164
41 91
41 157
41 100
41 169
41 43
41 172
41 117
41 114
41 51
41 116
41 53
41 54
41 160
41 60
41 189
41 202
41 63
42 65
42 136
42 75
42 141
42 152
42 156
42 159
42 97
42 98
42 101
42 106
42 43
42 44
42 48
42 191
42 134
42 85
43 129
43 134
43 172
43 80
43 156
43 147
43 92
43 181
43 97
43 162
43 100
43 101
43 107
43 44
43 191
43 111
43 136
43 51
43 116
43 53
43 118
43 119
43 187
43 117
43 202
43 169
43 85
44 65
44 181
44 134
44 136
44 75
44 76
44 86
44 152
44 92
44 69
44 97
44 191
44 47
44 52
44 53
44 116
44 127
44 117
44 61
44 85
44 63
45 130
45 83
45 148
45 166
45 103
45 164
45 122
45 189
45 126
46 160
46 68
46 69
46 200
46 81
46 86
46 88
46 196
46 95
46 110
46 114
46 51
46 185
46 186
46 124
46 63
47 64
47 132
47 89
47 92
47 94
47 97
47 167
47 105
47 71
47 157
47 49
47 52
47 118
47 60
47 61
48 65
48 191
48 182
48 136
48 159
48 106
48 125
49 67
49 132
49 202
49 147
49 111
49 92
49 94
49 167
49 105
49 106
49 52
49 118
49 137
49 123
49 188
49 191
50 129
50 130
50 164
50 166
50 70
50 103
50 168
50 177
50 171
50 172
50 80
50 145
50 179
50 151
50 126
50 197
51 129
51 195
51 196
51 69
51 181
51 160
51 81
51 83
51 148
51 86
51 151
51 164
51 91
51 100
51 172
51 110
51 124
51 114
51 116
51 53
51 54
51 169
51 63
51 117
51 189
51 85
52 64
52 181
52 132
52 86
52 89
52 92
52 158
52 97
52 167
52 105
52 71
52 157
52 53
52 118
52 56
52 60
52 61
52 117
53 129
53 203
53 69
53 181
53 172
53 80
53 202
53 86
53 91
53 92
53 157
53 158
53 160
53 97
53 100
53 191
53 111
53 114
53 117
53 118
53 119
53 184
53 116
53 63
53 60
53 61
53 169
53 85
54 129
54 195
54 196
54 81
54 83
54 148
54 151
54 88
54 100
54 91
54 164
54 170
54 172
54 114
54 116
54 122
54 124
54 189
54 126
55 66
55 161
55 139
55 110
55 79
55 72
55 57
55 90
55 59
55 127
56 183
56 92
56 184
56 157
56 114
56 117
56 105
56 175
56 60
56 61
56 158
57 66
57 161
57 139
57 110
57 79
57 72
57 90
58 122
59 160
59 131
59 69
59 71
59 127
59 76
59 110
59 79
59 86
59 89
59 63
59 61
60 181
60 71
60 86
60 169
60 184
60 92
60 157
60 158
60 105
60 114
60 183
60 61
60 202
60 117
61 64
61 181
61 86
61 89
61 184
61 92
61 157
61 158
61 97
61 105
61 71
61 117
61 114
61 127
61 63
62 96
62 144
62 194
62 133
62 87
62 104
62 201
62 155
62 109
62 77
63 160
63 196
63 181
63 200
63 79
63 81
63 86
63 69
63 100
63 127
63 110
63 114
63 184
63 186
63 117
64 71
64 89
64 105
64 92
65 134
65 136
65 75
65 76
65 149
65 152
65 97
65 191
65 85
66 161
66 193
66 139
66 174
66 175
66 144
66 72
66 90
66 154
66 104
67 162
67 147
67 137
67 187
67 188
68 163
68 115
68 131
68 185
68 74
68 79
68 143
68 95
69 160
69 196
69 134
69 172
69 81
69 86
69 181
69 100
69 127
69 110
69 124
69 114
69 116
69 184
69 186
69 117
69 85
70 98
70 165
70 177
70 168
70 156
70 138
70 171
70 140
70 141
70 173
70 145
70 179
70 197
71 97
71 92
71 121
71 89
71 127
72 193
72 200
72 96
72 139
72 194
72 144
72 174
72 90
72 154
72 161
72 110
72 175
72 104
72 184
73 115
73 163
73 185
73 74
73 190
73 143
74 143
74 163
74 150
74 120
74 185
74 186
75 149
75 97
75 134
75 136
75 76
75 152
75 121
75 85
76 149
76 131
76 134
76 86
76 152
76 89
76 84
76 97
76 180
76 121
76 85
76 127
77 96
77 194
77 99
77 196
77 133
77 102
77 104
77 144
77 200
77 148
77 87
77 88
77 170
79 139
79 110
79 89
79 131
79 86
79 95
79 127
80 129
80 107
80 202
80 147
80 91
80 156
80 162
80 100
80 101
80 172
80 111
80 112
80 116
80 119
80 187
80 169
80 181
81 129
81 195
81 196
81 134
81 83
81 148
81 151
81 88
81 164
81 179
81 160
81 100
81 168
81 171
81 172
81 116
81 197
81 186
81 124
81 126
82 133
82 176
82 93
82 95
83 129
83 195
83 196
83 179
83 146
83 148
83 151
83 88
83 164
83 100
83 166
83 170
83 172
83 113
83 122
83 124
83 189
83 126
84 131
84 149
84 152
84 180
85 107
85 134
85 172
85 86
85 152
85 156
85 181
85 97
85 100
85 101
85 111
85 136
85 116
85 118
85 119
85 191
85 117
86 160
86 181
86 134
86 127
86 89
86 92
86 97
86 100
86 117
86 110
86 114
86 184
87 192
87 194
87 99
87 148
87 102
87 200
87 196
87 170
88 196
88 195
88 164
88 113
88 170
88 146
88 148
88 185
88 124
89 131
89 121
89 127
90 193
90 96
90 139
90 194
90 144
90 174
90 154
90 161
90 110
90 175
90 104
90 184
90 200
91 128
91 129
91 202
91 203
91 151
91 100
91 166
91 112
91 114
91 116
91 169
91 122
91 189
91 126
91 181
92 181
92 132
92 202
92 184
92 158
92 97
92 167
92 105
92 157
92 114
92 118
92 169
92 117
93 176
93 135
93 196
93 95
94 132
94 118
94 105
94 167
94 188
95 176
95 110
95 200
95 139
96 193
96 194
96 133
96 104
96 201
96 174
96 109
96 144
96 154
96 155
96 200
97 134
97 152
97 111
97 181
97 136
97 106
97 118
97 191
97 117
98 197
98 165
98 177
98 136
98 172
98 171
98 140
98 141
98 145
98 179
98 199
98 168
98 156
98 138
98 134
98 101
99 144
99 192
99 194
99 102
99 170
99 142
100 129
100 181
100 203
100 151
100 169
100 160
100 164
100 172
100 114
100 116
100 117
100 119
100 202
100 189
101 129
101 107
101 197
101 134
101 136
101 141
101 147
101 156
101 159
101 165
101 168
101 172
101 111
101 178
101 116
101 119
101 191
102 192
102 194
102 148
102 170
102 122
102 189
103 129
103 166
103 130
103 126
103 189
104 133
104 193
104 139
104 144
104 174
104 155
104 154
104 194
104 110
104 175
104 200
104 201
104 184
105 167
105 158
105 157
105 183
105 132
106 132
106 182
106 136
106 147
106 137
106 159
106 167
106 111
106 178
106 118
106 119
106 123
106 188
106 125
106 191
107 129
107 202
107 147
107 156
107 159
107 162
107 111
107 112
107 136
107 178
107 116
107 118
107 119
107 187
107 191
108 153
109 201
109 155
109 133
110 160
110 194
110 196
110 139
110 114
110 117
110 184
110 200
110 127
111 132
111 167
111 147
111 156
111 159
111 162
111 169
111 191
111 112
111 116
111 118
111 119
111 136
111 187
111 202
111 181
112 128
112 129
112 162
112 187
112 169
112 202
112 147
112 203
112 119
113 146
113 164
113 148
113 170
114 160
114 203
114 181
114 184
114 157
114 158
114 117
114 116
114 169
115 163
115 190
115 135
115 185
115 143
116 129
116 134
116 172
116 147
116 151
116 156
116 181
116 119
116 191
116 117
116 202
116 169
117 160
117 181
117 202
117 184
117 157
117 158
117 169
118 132
118 147
118 159
118 167
118 191
118 119
118 202
118 136
118 123
118 188
118 125
118 181
119 129
119 202
119 147
119 156
119 159
119 162
119 169
119 172
119 191
119 136
119 187
119 181
120 150
121 180
121 152
122 164
122 166
122 203
122 148
122 151
122 189
122 126
123 132
123 137
123 167
123 188
123 125
124 195
124 196
124 146
124 148
124 151
124 179
124 160
124 164
124 168
124 172
124 185
124 186
125 178
125 182
125 136
125 188
125 191
125 159
126 129
126 130
126 164
126 166
126 172
126 148
126 151
126 189
127 131
127 160
128 187
128 169
128 203
128 202
128 157
128 158
129 197
129 202
129 169
129 151
129 164
129 156
129 172
129 189
129 181
130 166
131 180
132 167
132 188
132 202
132 191
133 201
133 194
133 155
134 136
134 172
134 141
134 152
134 156
134 150
134 168
134 186
134 191
135 163
135 185
135 190
135 143
136 182
136 141
136 152
136 156
136 159
136 191
137 188
137 167
138 195
138 165
138 177
138 168
138 171
138 140
138 141
138 173
138 145
138 179
138 197
139 193
139 194
139 144
139 174
139 154
139 161
139 184
139 200
140 195
140 165
140 177
140 168
140 171
140 141
140 173
140 145
140 179
140 197
141 165
141 177
141 156
141 199
141 168
142 192
142 203
142 175
143 163
143 185
143 190
144 193
144 192
144 194
144 155
144 154
144 174
144 175
144 201
144 200
145 165
145 168
145 171
145 173
145 177
145 179
145 197
146 164
146 198
146 195
147 202
147 156
147 167
147 159
147 162
147 178
147 187
147 191
148 164
148 170
148 151
148 196
148 189
149 150
149 152
150 152
151 195
151 196
151 179
151 197
151 164
151 172
151 189
154 193
154 194
154 161
154 174
154 175
154 201
154 184
154 200
155 194
155 193
155 174
155 201
156 197
156 165
156 171
156 168
156 172
156 177
156 159
156 191
157 181
157 169
157 184
157 158
157 183
157 202
158 203
158 202
158 184
158 175
158 181
158 169
158 183
159 178
159 191
159 182
160 181
160 196
160 200
160 184
160 186
161 193
161 174
162 202
162 187
163 190
163 186
163 185
164 195
164 196
164 179
164 166
164 170
164 172
164 189
165 177
165 168
165 171
165 173
165 179
165 197
166 189
167 188
167 202
167 191
168 195
168 197
168 171
168 172
168 173
168 177
168 179
168 186
169 203
169 181
169 172
169 202
170 194
170 200
170 196
170 189
171 195
171 177
171 173
171 172
171 179
171 197
172 197
172 179
172 181
172 195
173 198
173 195
173 177
173 179
173 197
174 193
174 194
174 175
174 201
175 193
175 194
175 184
177 179
177 197
178 182
179 198
179 195
179 197
181 203
181 202
181 191
181 184
184 194
184 200
185 186
185 190
186 195
187 202
189 203
191 202
192 194
192 201
193 201
193 194
194 196
194 201
194 200
195 197
195 198
196 200
199 204
202 203
