0 1
0 2
0 3
0 4
0 5
0 71
0 8
0 73
0 10
0 140
0 141
0 79
0 81
0 18
0 107
0 171
0 23
0 24
0 26
0 27
0 90
0 94
0 31
0 97
0 37
0 17
0 42
0 103
0 147
0 117
0 119
0 184
0 57
0 95
1 181
1 130
1 171
1 4
1 5
1 8
1 137
1 138
1 76
1 141
1 79
1 201
1 81
1 18
1 147
1 17
1 150
1 25
1 26
1 27
1 90
1 94
1 31
1 165
1 103
1 42
1 43
1 140
1 115
1 117
1 183
1 184
1 122
1 60
1 149
2 3
2 4
2 7
2 8
2 73
2 10
2 140
2 79
2 81
2 18
2 67
2 24
2 132
2 27
2 103
2 171
2 178
2 117
2 184
2 124
2 189
2 63
3 171
3 4
3 71
3 8
3 73
3 10
3 140
3 79
3 81
3 18
3 24
3 27
3 95
3 97
3 164
3 103
3 7
3 178
3 117
3 184
3 57
3 124
3 189
4 17
4 5
4 8
4 73
4 10
4 140
4 141
4 79
4 201
4 81
4 18
4 107
4 149
4 150
4 25
4 90
4 27
4 26
4 94
4 31
4 171
4 165
4 103
4 42
4 43
4 147
4 117
4 137
4 184
4 138
4 181
5 43
5 8
5 137
5 138
5 140
5 141
5 79
5 201
5 17
5 18
5 131
5 171
5 150
5 23
5 25
5 90
5 27
5 94
5 31
5 165
5 103
5 42
5 107
5 117
5 183
5 188
5 181
6 196
6 69
6 71
6 200
6 203
6 76
6 15
6 81
6 83
6 84
6 57
6 154
6 28
6 93
6 94
6 95
6 97
6 199
6 29
6 173
6 110
6 175
6 113
6 119
6 185
7 64
7 73
7 10
7 83
7 85
7 24
7 91
7 30
7 32
7 34
7 99
7 195
7 104
7 170
7 114
7 178
7 179
7 53
7 184
7 124
8 167
8 73
8 10
8 140
8 13
8 79
8 141
8 17
8 18
8 67
8 149
8 24
8 90
8 27
8 26
8 31
8 133
8 171
8 103
8 42
8 107
8 44
8 178
8 147
8 117
8 184
8 124
8 63
9 121
9 197
9 174
9 38
9 55
10 73
10 140
10 79
10 81
10 18
10 67
10 24
10 132
10 27
10 103
10 171
10 178
10 117
10 184
10 124
10 189
10 63
11 152
11 89
11 189
12 22
12 102
12 186
12 106
12 92
12 126
12 78
13 128
13 176
13 67
13 133
13 166
13 167
13 171
13 107
13 44
13 178
13 155
13 136
13 50
13 52
13 149
13 26
13 123
13 63
14 96
14 145
14 82
14 139
14 20
14 142
14 134
14 59
14 194
14 30
14 191
15 200
15 69
15 199
15 40
15 173
15 110
15 93
15 113
15 19
15 185
15 119
15 57
15 154
15 28
15 29
15 94
16 128
16 33
16 66
16 35
16 133
16 166
16 167
16 105
16 160
16 108
16 146
16 48
16 50
16 51
16 148
16 21
16 118
16 204
16 123
16 61
16 62
17 130
17 171
17 135
17 137
17 138
17 160
17 76
17 141
17 79
17 201
17 24
17 18
17 147
17 149
17 150
17 88
17 25
17 26
17 27
17 90
17 31
17 133
17 161
17 162
17 103
17 42
17 167
17 48
17 115
17 117
17 170
17 184
17 122
17 123
17 60
17 143
17 62
17 181
18 73
18 76
18 141
18 79
18 107
18 171
18 150
18 23
18 24
18 26
18 27
18 90
18 94
18 31
18 97
18 37
18 165
18 81
18 103
18 42
18 43
18 140
18 147
18 137
18 117
18 119
18 184
18 57
18 138
19 199
19 40
19 185
19 154
19 28
19 93
19 110
20 96
20 194
20 134
20 139
20 145
20 82
20 179
20 142
20 59
20 30
20 191
21 128
21 33
21 66
21 35
21 133
21 166
21 48
21 105
21 160
21 108
21 146
21 50
21 51
21 148
21 169
21 204
21 123
21 61
22 36
22 102
22 72
22 106
22 77
22 78
22 80
22 177
22 180
22 58
22 187
22 92
22 186
22 126
23 97
23 131
23 71
23 95
23 43
23 140
23 46
23 79
23 81
23 199
23 117
23 119
23 154
23 27
23 188
23 94
23 37
24 64
24 73
24 76
24 142
24 79
24 81
24 83
24 85
24 91
24 30
24 95
24 171
24 97
24 27
24 164
24 195
24 103
24 42
24 71
24 99
24 147
24 94
24 184
24 57
24 170
24 117
25 130
25 201
25 135
25 137
25 138
25 76
25 141
25 79
25 147
25 150
25 88
25 26
25 143
25 156
25 90
25 31
25 162
25 155
25 100
25 165
25 103
25 169
25 42
25 43
25 111
25 115
25 181
25 183
25 120
25 122
25 60
26 130
26 171
26 133
26 135
26 137
26 128
26 141
26 147
26 149
26 88
26 90
26 143
26 31
26 160
26 162
26 155
26 166
26 103
26 42
26 167
26 48
26 178
26 115
26 52
26 181
26 201
26 122
26 123
26 60
26 138
26 62
27 71
27 73
27 76
27 141
27 79
27 147
27 171
27 150
27 90
27 103
27 154
27 94
27 31
27 97
27 37
27 165
27 81
27 42
27 43
27 46
27 140
27 117
27 119
27 184
27 57
27 95
27 188
28 69
28 40
28 185
28 154
28 188
28 93
28 110
29 64
29 194
29 196
29 69
29 71
29 200
29 203
29 76
29 142
29 81
29 83
29 84
29 185
29 154
29 93
29 94
29 95
29 97
29 164
29 199
29 173
29 110
29 175
29 113
29 119
29 184
29 57
30 64
30 96
30 194
30 203
30 134
30 139
30 145
30 82
30 142
30 91
30 32
30 34
30 99
30 164
30 104
30 193
30 173
30 114
30 179
30 116
30 184
30 84
30 59
30 191
31 130
31 171
31 135
31 137
31 138
31 76
31 141
31 79
31 147
31 149
31 150
31 88
31 90
31 133
31 160
31 162
31 155
31 165
31 103
31 42
31 167
31 140
31 115
31 117
31 201
31 122
31 123
31 60
31 143
31 181
32 64
32 96
32 34
32 59
32 132
32 139
32 134
32 39
32 104
32 193
32 142
32 112
32 114
32 179
32 116
32 87
32 91
32 202
32 195
33 128
33 160
33 133
33 166
33 167
33 172
33 108
33 146
33 125
33 50
33 51
33 148
33 123
33 61
33 62
34 96
34 59
34 132
34 139
34 134
34 39
34 104
34 193
34 112
34 114
34 179
34 116
34 87
34 91
34 202
34 195
35 160
35 48
35 66
35 105
35 204
35 45
35 111
35 146
35 51
35 148
35 118
35 169
35 88
35 123
35 61
35 127
36 161
36 130
36 99
36 147
36 177
36 72
36 42
36 76
36 80
36 115
36 83
36 180
36 85
36 170
36 120
36 196
36 92
36 106
36 126
37 131
37 71
37 200
37 73
37 140
37 79
37 81
37 154
37 94
37 95
37 97
37 199
37 46
37 175
37 113
37 117
37 119
37 57
37 190
38 49
38 121
38 53
38 55
38 172
38 125
38 174
39 193
39 195
39 104
39 202
39 151
39 114
39 116
39 87
39 91
39 157
39 158
40 188
40 199
40 185
40 154
40 93
40 110
41 65
42 130
42 171
42 135
42 137
42 138
42 76
42 141
42 79
42 83
42 147
42 150
42 90
42 94
42 161
42 162
42 103
42 184
42 167
42 115
42 117
42 201
42 120
42 88
42 122
42 60
42 143
42 181
43 201
43 137
43 138
43 119
43 76
43 141
43 79
43 150
43 90
43 154
43 94
43 165
43 181
43 183
43 188
43 117
44 176
44 136
44 52
44 149
44 198
44 107
44 140
44 63
45 129
45 66
45 135
45 143
45 146
45 88
45 153
45 156
45 159
45 160
45 162
45 100
45 101
45 105
45 111
45 48
45 118
45 169
45 120
45 122
45 60
45 61
45 127
46 97
46 113
46 71
46 200
46 119
46 175
46 81
46 199
46 154
46 190
46 95
47 168
47 70
48 66
48 115
48 133
48 135
48 137
48 138
48 130
48 143
48 146
48 88
48 156
48 160
48 162
48 167
48 105
48 111
48 51
48 118
48 169
48 120
48 122
48 123
48 60
48 61
48 62
49 65
49 86
49 55
49 121
49 172
49 125
49 174
50 128
50 155
50 133
50 166
50 136
50 160
50 108
50 51
50 52
50 176
50 123
50 149
51 128
51 66
51 133
51 166
51 105
51 160
51 108
51 146
51 148
51 169
51 88
51 204
51 123
51 61
52 128
52 123
52 133
52 166
52 136
52 176
52 149
52 155
53 67
53 74
53 55
53 174
53 112
53 178
53 195
53 87
53 121
53 124
53 202
53 63
54 203
54 84
54 173
55 172
55 77
55 78
55 125
55 144
55 174
55 86
55 121
55 187
55 157
56 192
56 58
56 75
56 98
56 109
57 64
57 69
57 71
57 200
57 73
57 203
57 76
57 175
57 142
57 79
57 81
57 83
57 84
57 154
57 93
57 94
57 95
57 97
57 164
57 199
57 173
57 113
57 117
57 119
57 184
57 185
58 192
58 98
58 99
58 75
58 77
58 78
58 109
58 144
58 195
58 180
58 187
58 91
58 157
59 64
59 97
59 71
59 104
59 96
59 194
59 139
59 114
59 145
59 82
59 179
59 142
59 164
59 200
59 95
60 130
60 135
60 137
60 138
60 76
60 141
60 143
60 147
60 150
60 88
60 90
60 156
60 160
60 161
60 162
60 100
60 101
60 169
60 111
60 115
60 181
60 201
60 120
60 122
61 128
61 66
61 133
61 204
61 146
61 148
61 160
61 166
61 167
61 105
61 108
61 118
61 169
61 123
61 62
61 127
62 128
62 133
62 166
62 167
62 170
62 160
62 178
62 146
62 147
62 85
62 123
63 67
63 68
63 174
63 178
63 182
63 124
64 194
64 203
64 134
64 200
64 139
64 142
64 82
64 83
64 84
64 91
64 99
64 164
64 173
64 114
64 179
64 184
64 191
65 172
65 125
66 160
66 105
66 204
66 111
66 146
66 148
66 118
66 169
66 88
66 123
66 127
67 68
67 166
67 174
67 178
67 182
67 124
68 132
68 182
68 74
68 124
68 189
69 196
69 71
69 200
69 203
69 76
69 81
69 83
69 84
69 154
69 93
69 94
69 95
69 97
69 199
69 173
69 110
69 113
69 119
69 184
69 185
70 112
70 168
70 87
71 199
71 200
71 73
71 175
71 81
71 154
71 93
71 94
71 95
71 97
71 164
71 145
71 113
71 117
71 119
71 184
71 190
72 161
72 99
72 102
72 106
72 77
72 80
72 177
72 180
72 85
72 120
72 196
72 186
72 92
72 170
72 126
73 140
73 79
73 81
73 171
73 152
73 95
73 97
73 164
73 103
73 117
73 184
73 189
74 182
75 192
75 98
75 109
76 130
76 147
76 184
76 137
76 138
76 141
76 79
76 83
76 196
76 150
76 90
76 94
76 161
76 103
76 110
76 154
76 177
76 115
76 117
76 201
76 120
76 181
77 186
77 86
77 195
77 170
77 78
77 144
77 187
77 180
77 85
77 121
77 91
77 157
78 144
78 102
78 186
78 86
78 187
78 157
79 141
79 201
79 147
79 171
79 150
79 90
79 154
79 94
79 97
79 165
79 81
79 103
79 140
79 137
79 117
79 119
79 184
79 188
79 138
79 181
80 161
80 196
80 102
80 177
80 180
80 106
80 92
80 126
81 200
81 140
81 154
81 94
81 95
81 97
81 164
81 103
81 171
81 175
81 113
81 199
81 117
81 119
81 184
82 96
82 194
82 134
82 139
82 145
82 179
82 142
82 191
83 130
83 196
83 203
83 194
83 147
83 84
83 164
83 91
83 94
83 161
83 99
83 103
83 173
83 113
83 115
83 180
83 184
83 170
84 194
84 99
84 164
84 200
84 203
84 173
84 142
84 113
84 196
84 185
84 93
84 191
85 99
85 167
85 170
85 178
85 195
85 180
85 121
85 91
85 124
86 144
86 157
86 121
86 187
86 172
86 125
87 112
87 116
87 104
87 202
87 193
87 114
88 115
88 133
88 135
88 137
88 138
88 130
88 141
88 201
88 143
88 156
88 90
88 160
88 162
88 100
88 105
88 111
88 155
88 181
88 169
88 120
88 122
88 123
89 152
89 132
89 189
90 130
90 171
90 135
90 137
90 138
90 141
90 147
90 150
90 94
90 161
90 162
90 165
90 103
90 115
90 117
90 201
90 120
90 122
90 143
90 181
91 193
91 194
91 195
91 202
91 142
91 99
91 104
91 170
91 114
91 179
91 116
92 161
92 101
92 102
92 106
92 177
92 180
92 120
92 186
92 126
92 159
93 200
93 203
93 154
93 94
93 95
93 97
93 199
93 173
93 110
93 175
93 113
93 119
93 185
94 171
94 200
94 141
94 150
94 199
94 97
94 103
94 154
94 110
94 113
94 147
94 117
94 119
94 184
94 95
94 188
95 200
95 175
95 154
95 97
95 164
95 145
95 199
95 113
95 117
95 119
95 184
95 190
96 132
96 104
96 168
96 139
96 145
96 179
96 142
96 164
97 200
97 175
97 154
97 164
97 145
97 199
97 113
97 117
97 119
97 184
97 190
98 192
98 109
99 196
99 194
99 195
99 170
99 203
99 142
99 184
99 114
99 180
100 129
100 130
100 162
100 101
100 135
100 156
100 111
100 181
100 153
100 120
100 122
100 143
100 169
101 129
101 111
101 177
101 169
101 120
101 153
101 156
101 126
101 159
102 126
102 106
102 186
103 181
103 130
103 141
103 147
103 150
103 171
103 167
103 201
103 140
103 115
103 117
103 137
103 184
103 122
103 138
103 149
104 132
104 139
104 134
104 193
104 112
104 114
104 179
104 116
104 202
104 195
105 160
105 169
105 204
105 111
105 146
105 148
105 118
105 123
105 127
106 161
106 177
106 180
106 120
106 196
106 186
106 126
107 131
107 198
107 136
107 171
107 140
107 176
107 163
107 117
108 148
108 166
108 128
108 123
108 172
109 192
110 196
110 199
110 188
110 203
110 113
110 119
110 185
110 154
111 129
111 135
111 201
111 130
111 143
111 153
111 156
111 160
111 162
111 181
111 169
111 120
111 122
112 132
112 168
112 202
112 114
112 179
112 116
113 200
113 185
113 154
113 164
113 199
113 173
113 175
113 119
113 184
114 193
114 194
114 195
114 134
114 202
114 139
114 142
114 164
114 179
114 116
115 130
115 135
115 137
115 138
115 141
115 143
115 150
115 156
115 161
115 162
115 169
115 177
115 147
115 181
115 201
115 120
115 122
116 193
116 134
116 202
116 139
116 179
117 141
117 171
117 150
117 154
117 165
117 140
117 147
117 119
117 184
118 169
118 204
118 146
118 148
118 186
118 127
119 199
119 200
119 175
119 154
119 185
119 184
119 188
120 130
120 201
120 135
120 137
120 138
120 141
120 143
120 147
120 161
120 162
120 156
120 177
120 180
120 181
120 169
120 122
120 126
121 195
121 172
121 174
121 125
121 187
121 124
121 157
122 130
122 133
122 135
122 137
122 138
122 141
122 143
122 147
122 149
122 150
122 155
122 156
122 160
122 162
122 169
122 167
122 181
122 201
122 123
123 128
123 133
123 146
123 160
123 166
123 167
123 169
123 149
124 195
124 174
124 178
124 182
124 170
125 172
125 174
126 161
126 177
126 180
126 186
126 159
127 129
127 204
127 146
127 148
127 169
127 153
128 160
128 133
128 166
128 167
128 176
128 149
129 169
129 153
129 159
130 147
130 135
130 137
130 138
130 141
130 143
130 150
130 156
130 160
130 161
130 162
130 169
130 177
130 181
130 201
131 163
131 140
132 168
132 152
132 189
133 143
133 149
133 155
133 160
133 166
133 167
133 169
133 176
134 193
134 194
134 139
134 179
134 142
134 191
135 137
135 138
135 141
135 143
135 147
135 150
135 155
135 156
135 160
135 162
135 169
135 181
135 201
136 176
136 155
136 149
137 171
137 201
137 138
137 141
137 147
137 150
137 143
137 156
137 161
137 162
137 169
137 181
138 171
138 141
138 147
138 150
138 143
138 156
138 160
138 161
138 162
138 169
138 181
138 201
139 164
139 194
139 145
139 179
139 142
139 191
140 171
140 165
140 163
141 171
141 201
141 147
141 150
141 156
141 161
141 162
141 165
141 188
141 183
141 143
141 181
142 194
142 203
142 200
142 145
142 164
142 173
142 179
142 191
143 147
143 155
143 156
143 160
143 162
143 169
143 181
143 201
144 186
144 158
144 187
144 157
145 164
145 200
145 190
145 175
145 152
146 160
146 167
146 204
146 148
146 169
146 186
147 171
147 201
147 150
147 161
147 162
147 184
147 167
147 177
147 180
147 170
147 181
148 204
149 171
149 155
149 160
149 166
149 167
149 176
150 201
150 154
150 162
150 165
150 188
150 183
150 181
151 202
151 157
151 158
152 189
153 159
153 169
153 156
154 200
154 199
154 185
154 188
155 160
155 181
155 162
155 201
155 176
156 160
156 162
156 169
156 181
156 201
157 187
157 158
160 162
160 166
160 167
160 181
160 169
161 196
161 177
161 180
162 169
162 181
162 201
163 198
164 194
164 200
164 173
164 175
164 179
164 184
165 181
165 201
165 183
165 188
166 178
166 167
166 176
167 171
167 178
167 170
169 181
170 195
170 184
170 178
170 180
171 178
171 184
172 174
173 194
173 200
173 203
173 196
173 185
173 191
175 199
175 200
175 190
177 180
177 196
177 186
178 182
178 195
179 193
179 194
179 202
180 186
180 196
181 201
181 183
183 188
183 201
184 200
185 200
185 199
185 203
186 187
188 199
190 200
191 194
193 195
193 202
194 203
195 202
196 203
199 200
