0 1
0 2
0 3
0 4
0 5
0 6
0 7
0 72
0 9
0 10
0 119
0 12
0 13
0 77
0 16
0 18
0 83
0 148
0 21
0 23
0 24
0 29
0 158
0 133
0 160
0 35
0 164
0 166
0 178
0 129
0 106
0 71
0 173
0 111
0 99
0 136
0 50
0 52
0 117
0 73
0 57
0 127
1 129
1 2
1 3
1 4
1 5
1 6
1 7
1 72
1 9
1 10
1 119
1 12
1 13
1 16
1 18
1 99
1 21
1 73
1 23
1 24
1 25
1 29
1 133
1 35
1 106
1 178
1 203
1 136
1 50
1 52
1 54
1 55
1 57
1 59
1 127
2 3
2 4
2 5
2 6
2 135
2 136
2 10
2 139
2 12
2 142
2 16
2 18
2 21
2 23
2 24
2 25
2 26
2 28
2 29
2 133
2 160
2 33
2 35
2 129
2 42
2 7
2 50
2 178
2 128
2 52
2 181
2 201
2 57
2 59
2 71
2 72
2 73
2 77
2 78
2 199
2 99
2 106
2 111
2 119
3 4
3 5
3 6
3 7
3 136
3 10
3 139
3 12
3 142
3 16
3 18
3 21
3 23
3 24
3 25
3 26
3 28
3 29
3 133
3 160
3 33
3 35
3 129
3 42
3 199
3 50
3 178
3 128
3 52
3 181
3 201
3 57
3 59
3 71
3 72
3 73
3 77
3 78
3 99
3 106
3 111
3 119
4 5
4 6
4 7
4 136
4 10
4 139
4 12
4 142
4 16
4 18
4 21
4 23
4 24
4 25
4 26
4 28
4 29
4 133
4 160
4 33
4 35
4 129
4 42
4 135
4 173
4 50
4 128
4 52
4 181
4 201
4 56
4 57
4 59
4 71
4 72
4 73
4 77
4 78
4 199
4 99
4 178
4 106
4 111
4 119
4 125
5 133
5 6
5 7
5 72
5 9
5 10
5 119
5 12
5 13
5 16
5 18
5 99
5 139
5 21
5 73
5 23
5 24
5 25
5 201
5 28
5 29
5 35
5 129
5 42
5 203
5 178
5 111
5 136
5 50
5 128
5 54
5 55
5 57
5 59
5 106
6 7
6 72
6 9
6 10
6 119
6 12
6 13
6 16
6 18
6 83
6 148
6 21
6 73
6 23
6 24
6 203
6 29
6 158
6 133
6 35
6 164
6 178
6 129
6 106
6 71
6 44
6 173
6 111
6 99
6 136
6 50
6 52
6 54
6 55
6 57
6 127
7 129
7 136
7 10
7 139
7 12
7 142
7 16
7 18
7 21
7 23
7 25
7 26
7 28
7 29
7 133
7 160
7 33
7 35
7 42
7 135
7 178
7 50
7 128
7 52
7 181
7 201
7 56
7 57
7 59
7 71
7 72
7 73
7 77
7 78
7 185
7 199
7 99
7 106
7 111
7 119
7 125
8 129
8 198
8 103
8 136
8 50
8 104
8 18
8 179
8 52
8 185
8 26
8 189
9 72
9 73
9 10
9 203
9 12
9 13
9 16
9 83
9 148
9 21
9 86
9 23
9 24
9 29
9 158
9 133
9 35
9 164
9 106
9 44
9 111
9 99
9 54
9 55
9 57
9 127
10 136
10 128
10 139
10 12
10 13
10 142
10 16
10 18
10 21
10 23
10 24
10 25
10 28
10 29
10 133
10 160
10 33
10 35
10 129
10 42
10 135
10 50
10 178
10 52
10 201
10 57
10 59
10 199
10 72
10 73
10 77
10 99
10 106
10 111
10 119
11 161
11 38
11 14
12 72
12 119
12 13
12 77
12 16
12 18
12 83
12 148
12 21
12 23
12 24
12 29
12 158
12 133
12 160
12 35
12 164
12 166
12 129
12 106
12 71
12 173
12 111
12 99
12 136
12 50
12 52
12 117
12 73
12 57
12 127
13 55
13 83
13 148
13 23
13 24
13 29
13 158
13 99
13 164
13 106
13 44
13 111
13 119
13 57
13 59
14 161
14 38
15 96
15 34
15 131
15 37
15 198
15 105
15 110
15 80
15 177
15 20
15 149
15 151
15 153
15 58
15 157
15 169
15 63
16 72
16 203
16 141
16 18
16 99
16 21
16 73
16 23
16 24
16 29
16 133
16 35
16 129
16 178
16 136
16 50
16 52
16 54
16 55
16 74
16 127
17 96
17 197
17 198
17 71
17 79
17 80
17 146
17 151
17 154
17 26
17 157
17 32
17 97
17 34
17 82
17 103
17 104
17 105
17 173
17 177
17 52
17 122
17 123
17 124
18 139
18 142
18 147
18 21
18 23
18 25
18 26
18 28
18 29
18 133
18 160
18 33
18 35
18 129
18 42
18 135
18 178
18 136
18 50
18 128
18 52
18 181
18 201
18 56
18 57
18 59
18 189
18 71
18 72
18 73
18 77
18 78
18 179
18 185
18 199
18 171
18 106
18 119
18 125
19 48
19 41
19 134
19 120
20 96
20 97
20 34
20 131
20 196
20 37
20 198
20 103
20 156
20 194
20 110
20 145
20 169
20 153
20 58
20 123
20 124
20 157
20 63
21 72
21 119
21 77
21 99
21 23
21 24
21 25
21 26
21 29
21 133
21 160
21 35
21 178
21 129
21 106
21 71
21 173
21 111
21 136
21 50
21 52
21 73
21 57
21 127
22 98
22 67
22 168
22 41
22 43
22 204
22 46
22 150
22 89
22 27
22 60
22 126
22 31
23 72
23 119
23 142
23 99
23 139
23 73
23 24
23 25
23 201
23 28
23 29
23 133
23 35
23 129
23 42
23 199
23 203
23 178
23 111
23 136
23 50
23 128
23 54
23 55
23 57
23 59
23 106
24 72
24 119
24 203
24 83
24 148
24 73
24 29
24 158
24 133
24 35
24 164
24 106
24 44
24 111
24 99
24 54
24 55
24 57
24 127
25 128
25 136
25 201
25 139
25 77
25 142
25 28
25 29
25 199
25 133
25 33
25 99
25 129
25 42
25 135
25 178
25 111
25 200
25 50
25 119
25 57
25 59
26 129
26 133
26 198
26 77
26 78
26 147
26 154
26 160
26 97
26 103
26 104
26 71
26 178
26 189
26 136
26 50
26 179
26 52
26 181
26 56
26 185
26 125
27 67
27 68
27 126
27 183
27 204
27 43
27 60
27 46
27 31
28 128
28 129
28 136
28 201
28 139
28 77
28 142
28 171
28 199
28 133
28 160
28 33
28 99
28 178
28 106
28 135
28 61
28 111
28 200
28 50
28 181
28 119
28 56
28 57
28 59
28 42
29 72
29 119
29 99
29 148
29 73
29 203
29 133
29 35
29 129
29 106
29 44
29 178
29 111
29 136
29 50
29 52
29 54
29 55
29 57
29 59
29 127
30 51
30 83
30 115
30 164
30 117
30 166
30 120
30 187
30 143
30 47
31 171
31 68
31 138
31 75
31 204
31 162
31 84
31 87
31 88
31 89
31 98
31 101
31 168
31 43
31 108
31 46
31 47
31 113
31 114
31 183
31 126
32 64
32 131
32 197
32 71
32 80
32 82
32 84
32 151
32 153
32 154
32 157
32 96
32 97
32 34
32 105
32 173
32 110
32 175
32 53
32 122
32 123
32 124
33 128
33 133
33 136
33 201
33 139
33 77
33 78
33 171
33 142
33 199
33 160
33 162
33 178
33 42
33 135
33 125
33 109
33 111
33 113
33 50
33 106
33 138
33 119
33 56
33 57
33 186
33 59
33 200
33 61
33 181
34 97
34 131
34 196
34 37
34 198
34 103
34 96
34 110
34 151
34 153
34 58
34 123
34 124
34 157
34 169
34 63
35 72
35 77
35 78
35 83
35 201
35 111
35 133
35 160
35 99
35 164
35 166
35 178
35 129
35 106
35 71
35 173
35 47
35 136
35 50
35 117
35 119
35 56
35 57
35 61
35 181
36 116
36 190
37 96
37 131
37 196
37 169
37 110
37 149
37 153
37 58
37 123
37 124
37 157
37 63
38 80
38 141
38 70
38 161
38 74
38 45
38 79
39 132
39 95
40 93
41 150
41 46
41 134
41 120
41 167
41 204
41 126
42 128
42 200
42 201
42 139
42 77
42 142
42 171
42 199
42 133
42 160
42 162
42 99
42 106
42 135
42 178
42 111
42 50
42 181
42 119
42 56
42 57
42 59
42 61
43 68
43 137
43 138
43 75
43 76
43 87
43 88
43 89
43 101
43 98
43 165
43 168
43 108
43 109
43 113
43 114
43 204
43 183
43 126
43 191
44 99
44 148
44 54
44 55
44 203
44 158
45 198
45 161
45 85
46 168
46 98
46 89
46 120
46 204
46 126
47 160
47 51
47 98
47 164
47 166
47 168
47 106
47 204
47 48
47 114
47 83
47 84
47 117
47 57
47 120
47 89
47 61
48 64
48 192
48 82
48 84
48 101
48 123
48 124
50 139
50 142
50 133
50 160
50 129
50 135
50 136
50 178
50 128
50 52
50 181
50 201
50 56
50 57
50 59
50 71
50 72
50 73
50 77
50 78
50 179
50 185
50 199
50 99
50 106
50 111
50 119
50 125
51 98
51 164
51 166
51 168
51 106
51 111
51 83
51 57
51 89
51 61
52 133
52 73
52 77
52 79
52 141
52 197
52 104
52 71
52 178
52 129
52 154
52 72
52 179
52 185
52 136
52 74
53 64
53 197
53 166
53 71
53 172
53 146
53 173
53 82
53 117
53 182
53 151
53 154
53 175
53 122
54 99
54 55
54 203
54 73
55 99
55 72
55 203
55 73
55 148
55 86
55 158
55 127
56 128
56 129
56 139
56 133
56 136
56 201
56 138
56 75
56 77
56 78
56 147
56 142
56 87
56 199
56 160
56 162
56 165
56 171
56 178
56 135
56 109
56 61
56 113
56 114
56 181
56 189
56 119
56 57
56 186
56 200
56 125
57 139
57 142
57 133
57 160
57 164
57 166
57 129
57 171
57 178
57 128
57 181
57 59
57 61
57 71
57 72
57 201
57 77
57 83
57 99
57 106
57 111
57 119
58 96
58 131
58 196
58 198
58 103
58 105
58 110
58 80
58 177
58 151
58 153
58 123
58 124
58 157
58 169
58 63
59 128
59 200
59 201
59 139
59 142
59 199
59 133
59 99
59 106
59 135
59 178
59 111
59 119
60 67
60 118
60 126
60 191
61 128
61 164
61 133
61 135
61 200
61 201
61 139
61 77
61 142
61 83
61 89
61 111
61 160
61 98
61 162
61 168
61 171
61 114
61 181
61 119
61 106
62 152
63 96
63 97
63 131
63 196
63 198
63 103
63 169
63 194
63 110
63 145
63 149
63 153
63 123
63 124
63 157
64 96
64 131
64 175
64 82
64 84
64 151
64 153
64 122
64 123
64 124
64 157
65 202
65 116
66 81
66 91
66 180
66 85
66 193
66 163
66 107
66 140
67 132
67 150
67 126
68 98
68 171
68 165
68 162
68 168
68 137
68 138
68 204
68 109
68 114
68 87
68 89
68 183
68 126
69 156
69 194
69 100
70 146
70 86
70 74
70 79
70 172
70 141
70 127
71 129
71 133
71 72
71 160
71 77
71 78
71 79
71 147
71 173
71 151
71 154
71 181
71 97
71 197
71 166
71 82
71 157
71 117
72 136
72 203
72 141
72 79
72 173
72 99
72 148
72 73
72 154
72 86
72 158
72 133
72 197
72 129
72 146
72 74
72 127
73 203
73 141
73 133
73 99
73 129
73 178
73 136
73 74
73 127
74 127
74 141
74 79
75 171
75 162
75 204
75 138
75 76
75 77
75 78
75 145
75 147
75 84
75 87
75 89
75 160
75 97
75 98
75 101
75 165
75 168
75 108
75 109
75 189
75 112
75 113
75 114
75 181
75 183
75 186
75 125
76 97
76 194
76 108
76 189
76 112
76 145
76 147
76 87
76 88
76 186
76 156
76 125
77 128
77 133
77 136
77 139
77 142
77 147
77 160
77 129
77 135
77 173
77 189
77 181
77 185
77 200
77 201
77 78
77 199
77 97
77 178
77 171
77 111
77 113
77 106
77 119
77 125
78 129
78 133
78 136
78 201
78 138
78 142
78 147
78 97
78 87
78 135
78 199
78 160
78 103
78 171
78 178
78 189
78 113
78 181
78 119
78 185
78 186
78 125
79 197
79 105
79 172
79 141
79 177
79 173
79 80
79 146
79 151
79 154
79 127
80 96
80 197
80 161
80 105
80 140
80 177
80 180
80 154
80 151
80 122
81 193
81 163
81 180
81 85
81 107
81 140
82 175
82 197
82 105
82 173
82 157
82 84
82 151
82 122
82 123
82 124
82 154
83 133
83 99
83 111
83 158
83 160
83 164
83 166
83 106
83 117
83 119
84 97
84 101
84 192
84 108
84 145
84 147
84 123
84 124
84 157
85 180
85 161
85 107
86 146
86 148
86 182
86 172
86 141
86 158
86 127
87 171
87 200
87 137
87 138
87 162
87 147
87 89
87 160
87 98
87 165
87 168
87 108
87 109
87 112
87 113
87 114
87 204
87 181
87 183
87 186
87 125
88 112
88 145
88 192
88 101
88 170
88 108
88 191
89 98
89 168
89 204
89 162
89 114
89 126
91 176
91 177
91 163
91 193
91 105
91 107
91 140
92 153
92 130
92 188
92 175
94 144
94 184
94 195
94 174
94 118
95 167
95 195
95 150
96 131
96 196
96 149
96 151
96 153
96 157
96 103
96 105
96 122
96 110
96 177
96 169
96 123
96 124
97 160
97 145
97 147
97 157
97 104
97 103
97 108
97 173
97 110
97 189
97 181
97 123
97 124
97 125
98 162
98 168
98 204
98 114
98 171
98 183
98 126
99 119
99 203
99 139
99 201
99 158
99 133
99 148
99 164
99 178
99 111
99 106
100 112
100 186
100 189
101 192
101 108
103 194
103 198
103 145
103 147
103 154
103 157
103 104
103 169
103 110
103 179
103 185
103 123
103 124
103 189
104 198
104 129
104 189
104 179
104 185
104 154
105 175
105 131
105 197
105 177
105 172
105 176
105 157
105 146
105 154
105 151
105 122
106 139
106 142
106 201
106 111
106 128
106 133
106 164
106 166
106 178
106 181
106 119
106 160
107 163
107 180
107 193
107 140
108 145
108 138
108 112
108 113
108 114
108 147
108 183
108 125
109 162
109 165
109 135
109 200
109 137
109 138
109 113
109 114
109 171
109 186
109 183
110 194
110 131
110 196
110 198
110 145
110 149
110 151
110 153
110 157
110 169
110 123
110 124
111 128
111 139
111 142
111 201
111 133
111 160
111 164
111 178
111 119
112 194
112 145
112 138
112 189
112 113
112 147
112 186
112 156
112 125
113 171
113 135
113 200
113 137
113 138
113 147
113 142
113 201
113 199
113 160
113 162
113 165
113 189
113 114
113 181
113 183
113 186
113 125
114 171
114 138
114 204
114 162
114 160
114 165
114 168
114 181
114 183
115 120
115 187
115 143
116 202
117 164
117 166
117 173
117 143
117 148
117 158
118 195
118 184
118 174
118 191
119 136
119 139
119 142
119 133
119 160
119 164
119 129
119 171
119 178
119 128
119 181
119 199
119 200
119 201
119 135
120 187
122 130
122 131
122 197
122 177
122 176
122 172
122 175
122 151
122 153
122 154
122 124
122 157
123 131
123 192
123 145
123 147
123 151
123 153
123 157
123 169
123 124
124 131
124 192
124 145
124 147
124 151
124 153
124 169
124 157
125 129
125 171
125 136
125 201
125 138
125 145
125 147
125 199
125 160
125 162
125 135
125 181
125 185
125 186
125 189
126 150
126 168
126 204
126 191
126 183
127 197
127 141
127 146
127 148
127 158
127 172
127 182
128 136
128 201
128 139
128 142
128 171
128 199
128 133
128 160
128 162
128 135
128 178
128 200
128 181
129 139
129 199
129 201
129 185
129 133
129 160
129 178
129 189
129 179
129 181
129 136
130 188
130 131
130 149
130 153
130 175
131 188
131 149
131 151
131 153
131 157
131 175
131 169
132 150
133 136
133 139
133 142
133 171
133 160
133 164
133 135
133 178
133 200
133 181
133 201
133 199
134 144
134 155
134 167
135 136
135 201
135 139
135 142
135 199
135 160
135 162
135 178
135 171
135 181
135 138
135 186
135 200
136 139
136 142
136 160
136 178
136 179
136 181
136 201
136 185
136 189
136 199
137 186
137 162
137 171
137 165
137 183
137 138
138 171
138 200
138 160
138 162
138 165
138 189
138 181
138 183
138 186
139 201
139 142
139 171
139 199
139 160
139 178
139 200
139 181
140 180
140 163
140 177
140 193
141 197
141 146
142 201
142 171
142 199
142 160
142 162
142 178
142 200
142 181
143 166
143 187
143 159
144 155
144 195
144 167
145 194
145 189
145 156
145 147
146 197
146 182
146 172
146 154
146 173
147 157
147 160
147 189
147 181
148 158
149 196
149 169
149 153
150 167
150 195
151 197
151 153
151 154
151 157
151 173
151 175
151 177
153 196
153 157
153 188
153 175
154 197
154 198
154 173
154 157
154 172
154 177
155 167
156 194
157 197
157 198
157 169
158 164
159 187
160 173
160 162
160 189
160 181
160 200
160 201
160 199
160 178
160 171
161 177
162 200
162 204
162 201
162 165
162 168
162 171
162 181
162 183
162 186
163 180
163 193
164 166
165 171
165 186
165 183
166 173
167 195
168 204
168 171
168 183
169 196
169 198
169 194
170 192
170 191
171 200
171 201
171 199
171 181
171 186
171 183
172 197
172 182
172 176
173 197
174 184
174 192
174 195
175 176
175 188
176 182
177 197
177 180
178 181
178 201
178 199
178 200
179 198
179 185
179 189
180 193
181 201
181 199
181 189
181 186
181 200
182 197
183 204
184 191
184 195
185 198
185 189
186 189
199 201
199 200
200 201
