0 1
0 2
0 3
0 4
0 6
0 39
0 10
0 11
0 45
0 43
0 20
0 116
1 43
1 2
1 3
1 4
1 6
1 39
1 116
1 10
1 11
1 45
2 3
2 4
2 6
2 39
2 116
2 10
2 11
2 45
2 43
3 11
3 4
3 6
3 39
3 10
3 43
3 45
3 20
3 116
4 6
4 39
4 10
4 11
4 45
4 43
4 116
4 42
5 64
5 33
5 36
5 37
5 198
5 161
5 105
5 106
5 175
5 79
5 16
5 113
5 50
5 119
5 202
5 153
5 201
5 27
5 170
5 62
6 102
6 70
6 7
6 9
6 10
6 11
6 45
6 15
6 43
6 116
6 66
6 56
6 47
6 28
6 42
7 66
7 11
7 70
7 104
7 9
7 42
7 43
7 140
7 47
7 116
7 182
7 183
7 56
7 15
7 28
7 102
7 197
8 193
8 67
8 136
8 137
8 203
8 13
8 79
8 80
8 18
8 131
8 85
8 86
8 151
8 153
8 33
8 163
8 101
8 103
8 41
8 107
8 44
8 109
8 46
8 111
8 113
8 83
8 180
8 201
9 66
9 11
9 70
9 104
9 42
9 43
9 140
9 47
9 116
9 182
9 183
9 56
9 15
9 28
9 102
9 197
10 39
10 42
10 11
10 45
10 15
10 43
10 20
10 22
10 116
10 60
11 70
11 66
11 15
11 20
11 22
11 28
11 102
11 39
11 42
11 43
11 45
11 47
11 116
11 56
12 65
12 195
12 68
12 133
12 76
12 81
12 147
12 149
12 89
12 167
12 158
12 145
12 196
12 171
12 93
12 49
12 179
12 94
12 55
12 187
12 189
12 190
12 63
13 129
13 67
13 137
13 151
13 109
13 17
13 82
13 83
13 21
13 86
13 87
13 24
13 153
13 203
13 96
13 33
13 34
13 99
13 100
13 101
13 38
13 103
13 41
13 107
13 44
13 18
13 46
13 173
13 72
13 131
13 118
13 201
13 163
13 126
13 85
14 32
14 35
14 196
14 166
14 40
14 173
14 126
14 78
14 93
14 72
14 19
14 52
14 21
14 54
14 120
14 25
14 168
14 200
14 29
14 30
14 31
15 65
15 66
15 139
15 197
15 70
15 140
15 135
15 17
15 82
15 20
15 171
15 22
15 28
15 99
15 100
15 102
15 39
15 104
15 42
15 43
15 45
15 47
15 116
15 182
15 183
15 56
15 126
15 127
16 64
16 161
16 105
16 202
16 143
16 110
16 79
16 48
16 50
16 51
16 150
16 119
16 201
16 27
16 37
17 129
17 196
17 133
17 135
17 137
17 139
17 140
17 145
17 19
17 21
17 24
17 25
17 29
17 30
17 31
17 34
17 38
17 168
17 171
17 46
17 52
17 182
17 183
17 184
17 65
17 68
17 197
17 72
17 203
17 76
17 78
17 81
17 82
17 86
17 91
17 93
17 96
17 99
17 100
17 104
17 109
17 118
17 126
17 127
18 129
18 67
18 73
18 203
18 80
18 83
18 85
18 86
18 151
18 24
18 153
18 201
18 96
18 33
18 34
18 163
18 131
18 101
18 38
18 103
18 41
18 107
18 44
18 109
18 46
18 118
18 137
19 129
19 196
19 182
19 72
19 78
19 25
19 26
19 93
19 30
19 31
19 32
19 34
19 35
19 166
19 38
19 40
19 173
19 29
19 104
19 52
19 54
19 183
19 184
19 168
19 126
19 21
20 135
20 99
20 100
20 139
20 39
20 136
20 45
20 176
20 82
20 116
20 22
20 60
21 65
21 196
21 118
21 129
21 72
21 96
21 76
21 173
21 81
21 82
21 78
21 86
21 89
21 24
21 25
21 182
21 29
21 30
21 31
21 32
21 34
21 38
21 40
21 145
21 171
21 109
21 46
21 93
21 168
21 52
21 94
21 54
21 137
21 184
21 126
21 127
22 176
22 99
22 100
22 139
22 39
22 136
22 135
22 45
22 82
22 163
22 203
22 60
23 194
23 203
23 135
23 139
23 77
23 81
23 152
23 153
23 90
23 91
23 96
23 33
23 36
23 145
23 170
23 175
23 176
23 113
23 115
23 62
23 118
23 190
24 65
24 107
24 196
24 129
24 72
24 137
24 139
24 145
24 109
24 82
24 131
24 86
24 153
24 203
24 135
24 29
24 30
24 96
24 33
24 34
24 99
24 100
24 101
24 38
24 81
24 168
24 41
24 103
24 44
24 46
24 173
24 118
24 126
24 85
25 196
25 72
25 78
25 93
25 30
25 31
25 32
25 34
25 35
25 166
25 40
25 173
25 29
25 168
25 52
25 54
25 120
25 126
26 182
26 104
26 78
26 40
26 52
26 53
26 54
26 183
26 168
26 30
26 31
27 64
27 33
27 36
27 198
27 161
27 105
27 106
27 79
27 113
27 50
27 119
27 202
27 153
27 201
27 175
27 170
27 62
27 37
28 65
28 66
28 70
28 104
28 42
28 43
28 140
28 47
28 139
28 171
28 182
28 183
28 56
28 197
28 102
28 127
29 192
29 65
29 196
29 182
29 129
29 72
29 96
29 78
29 173
29 86
29 87
29 92
29 93
29 30
29 31
29 32
29 34
29 35
29 38
29 40
29 109
29 46
29 168
29 52
29 54
29 137
29 184
29 126
30 129
30 196
30 182
30 72
30 78
30 184
30 93
30 31
30 32
30 34
30 35
30 166
30 38
30 40
30 173
30 168
30 52
30 54
30 120
30 126
31 196
31 182
31 72
31 78
31 184
31 93
31 32
31 34
31 35
31 166
31 40
31 173
31 104
31 52
31 54
31 120
31 168
31 126
32 192
32 129
32 72
32 78
32 184
32 87
32 92
32 35
32 38
32 40
32 173
32 168
32 52
32 54
32 120
32 126
33 64
33 131
33 198
33 137
33 202
33 119
33 79
33 152
33 85
33 86
33 153
33 201
33 156
33 203
33 37
33 96
33 161
33 163
33 36
33 101
33 103
33 41
33 106
33 107
33 44
33 109
33 46
33 175
33 113
33 50
33 115
33 118
33 105
33 151
33 170
33 62
34 129
34 131
34 133
34 135
34 137
34 139
34 103
34 38
34 168
34 171
34 44
34 173
34 46
34 52
34 184
34 65
34 196
34 72
34 203
34 76
34 81
34 82
34 85
34 86
34 93
34 96
34 99
34 100
34 101
34 145
34 107
34 109
34 118
34 126
34 127
35 129
35 38
35 40
35 184
35 192
35 72
35 52
35 54
35 87
35 120
35 168
35 92
36 198
36 161
36 201
36 202
36 203
36 77
36 79
36 152
36 153
36 91
36 106
36 175
36 176
36 113
36 115
36 119
36 170
36 62
37 64
37 161
37 198
37 71
37 105
37 106
37 151
37 110
37 50
37 128
37 84
37 119
37 169
37 201
37 156
37 202
38 96
38 135
38 131
38 129
38 72
38 137
38 203
38 109
38 82
38 83
38 86
38 87
38 92
38 100
38 101
38 103
38 168
38 41
38 107
38 44
38 46
38 99
38 136
38 52
38 184
38 163
38 126
38 85
39 139
39 116
39 135
39 136
39 45
39 176
39 82
39 99
39 100
39 60
40 192
40 196
40 182
40 72
40 78
40 126
40 168
40 52
40 54
40 120
40 184
41 129
41 67
41 73
41 203
41 80
41 83
41 85
41 86
41 151
41 153
41 201
41 96
41 163
41 131
41 101
41 103
41 107
41 44
41 109
41 46
41 118
41 137
41 125
42 66
42 70
42 104
42 43
42 140
42 47
42 116
42 183
42 56
42 102
42 197
43 70
43 66
43 102
43 116
43 56
43 47
44 129
44 67
44 73
44 151
44 109
44 82
44 83
44 85
44 86
44 87
44 153
44 201
44 96
44 99
44 131
44 101
44 103
44 107
44 203
44 46
44 111
44 180
44 118
44 137
44 163
45 139
45 136
45 135
45 176
45 177
45 99
45 100
45 60
45 116
46 129
46 67
46 135
46 137
46 203
46 109
46 81
46 82
46 107
46 86
46 87
46 153
46 92
46 96
46 99
46 100
46 101
46 103
46 173
46 163
46 72
46 131
46 118
46 201
46 184
46 136
46 126
46 85
47 66
47 70
47 104
47 116
47 183
47 56
47 102
47 197
48 64
48 50
48 51
48 142
48 150
48 80
48 160
48 146
48 110
48 143
49 187
49 196
49 138
49 189
49 178
49 179
49 149
49 55
49 89
49 154
49 94
49 93
49 158
49 63
50 64
50 161
50 128
50 105
50 106
50 151
50 143
50 110
50 79
50 51
50 150
50 119
50 201
50 198
50 202
51 64
51 80
51 73
51 160
51 146
51 142
51 143
51 110
51 150
51 151
51 88
52 192
52 129
52 196
52 182
52 72
52 78
52 87
52 184
52 92
52 173
52 104
52 54
52 120
52 168
52 126
53 114
53 166
54 192
54 184
54 78
54 126
54 72
54 87
54 120
54 168
54 92
55 65
55 195
55 68
55 133
55 76
55 145
55 147
55 149
55 89
55 93
55 158
55 167
55 104
55 196
55 171
55 140
55 179
55 94
55 182
55 183
55 187
55 63
56 66
56 70
56 104
56 140
56 116
56 182
56 183
56 102
56 197
57 144
57 162
57 84
58 179
58 154
58 159
58 178
58 95
59 181
59 98
59 69
59 121
59 186
59 125
59 61
60 194
60 99
60 100
60 139
60 135
60 77
60 176
60 177
60 82
60 91
61 80
61 98
61 69
61 134
61 186
61 125
61 181
62 175
62 203
62 198
62 161
62 201
62 106
62 119
62 77
62 79
62 113
62 152
62 153
62 170
62 202
63 65
63 195
63 68
63 133
63 76
63 183
63 145
63 147
63 149
63 89
63 93
63 158
63 197
63 167
63 104
63 196
63 171
63 140
63 94
63 182
63 187
63 127
64 128
64 161
64 198
64 105
64 106
64 151
64 143
64 110
64 79
64 150
64 119
64 201
64 202
65 66
65 171
65 68
65 133
65 135
65 145
65 139
65 76
65 81
65 82
65 147
65 89
65 91
65 93
65 94
65 197
65 100
65 195
65 104
65 196
65 167
65 168
65 140
65 190
65 182
65 127
65 183
65 126
66 197
66 70
66 104
66 140
66 139
66 171
66 182
66 183
66 102
66 127
67 193
67 131
67 101
67 134
67 103
67 107
67 111
67 80
67 83
67 148
67 85
67 86
67 87
67 180
67 163
68 195
68 133
68 135
68 76
68 139
68 81
68 147
68 149
68 196
68 91
68 167
68 197
68 145
68 171
68 177
68 140
68 127
68 189
68 190
69 97
69 98
69 181
69 186
69 125
70 102
70 104
70 116
70 183
70 197
71 128
71 161
71 84
71 198
71 169
71 105
71 106
72 192
72 96
72 196
72 129
72 137
72 78
72 173
72 86
72 87
72 184
72 92
72 109
72 168
72 120
72 126
73 160
73 98
73 131
73 164
73 107
73 110
73 80
73 150
73 151
73 88
73 122
73 125
73 191
75 132
76 171
76 133
76 135
76 145
76 139
76 140
76 81
76 82
76 147
76 89
76 91
76 93
76 94
76 197
76 195
76 104
76 196
76 167
76 189
76 190
76 182
76 183
76 126
76 127
77 194
77 135
77 170
77 203
77 177
77 175
77 176
77 113
77 152
77 153
77 91
77 124
78 196
78 93
78 104
78 182
78 183
78 184
78 168
78 126
79 163
79 103
79 161
79 170
79 203
79 175
79 143
79 113
79 119
79 153
79 201
79 202
80 160
80 193
80 98
80 134
80 83
80 125
80 150
80 88
80 186
80 143
80 151
81 152
81 133
81 135
81 139
81 82
81 196
81 90
81 91
81 93
81 94
81 96
81 145
81 171
81 109
81 115
81 190
81 118
81 137
81 126
81 127
82 135
82 171
82 129
82 136
82 137
82 139
82 163
82 86
82 153
82 91
82 92
82 96
82 99
82 100
82 101
82 145
82 103
82 109
82 203
82 176
82 184
82 127
82 126
82 85
83 192
83 129
83 134
83 193
83 131
83 148
83 85
83 86
83 87
83 92
83 157
83 165
83 101
83 103
83 107
83 111
83 180
83 125
84 161
84 198
84 105
84 106
84 144
84 115
84 117
84 169
84 152
84 90
84 123
84 156
84 202
85 129
85 193
85 137
85 203
85 86
85 151
85 153
85 96
85 99
85 100
85 101
85 103
85 107
85 109
85 111
85 163
85 113
85 180
85 131
85 201
85 136
86 129
86 137
86 151
86 109
86 203
86 87
86 153
86 92
86 96
86 99
86 100
86 101
86 103
86 107
86 111
86 163
86 180
86 131
86 118
86 201
86 184
86 136
86 126
87 192
87 129
87 148
87 92
87 131
87 101
87 107
87 109
87 111
87 184
87 180
88 160
88 98
88 164
88 142
88 146
88 110
88 150
88 151
88 122
88 125
88 191
89 195
89 196
89 133
89 145
89 93
89 158
89 166
89 167
89 168
89 171
89 179
89 94
89 182
89 187
89 190
90 144
90 115
90 117
90 118
90 152
90 123
90 156
90 190
91 194
91 203
91 133
91 135
91 139
91 152
91 100
91 99
91 145
91 170
91 171
91 176
91 177
91 153
91 127
92 129
92 192
92 111
92 184
92 180
92 126
93 196
93 133
93 158
93 145
93 190
93 94
93 187
93 166
93 168
93 171
93 182
93 126
94 195
94 196
94 133
94 147
94 167
94 158
94 145
94 171
94 179
94 187
94 189
94 190
95 179
95 178
95 154
95 159
96 129
96 107
96 135
96 137
96 151
96 109
96 131
96 153
96 203
96 99
96 100
96 101
96 103
96 173
96 115
96 118
96 201
96 126
98 181
98 134
98 186
98 125
99 129
99 107
99 135
99 136
99 137
99 139
99 109
99 153
99 163
99 100
99 101
99 103
99 203
99 176
99 126
99 127
100 171
100 129
100 136
100 137
100 139
100 109
100 163
100 153
100 135
100 101
100 103
100 203
100 176
100 126
100 127
101 129
101 137
101 151
101 109
101 173
101 153
101 203
101 163
101 103
101 107
101 111
101 180
101 131
101 118
101 201
101 126
102 104
102 140
102 116
102 183
102 197
103 129
103 193
103 137
103 203
103 109
103 151
103 153
103 107
103 111
103 163
103 113
103 180
103 131
103 201
103 136
104 171
104 196
104 133
104 183
104 197
104 145
104 168
104 167
104 140
104 182
104 127
104 126
105 128
105 198
105 201
105 202
105 151
105 169
105 156
105 160
105 161
105 106
105 110
105 115
105 119
105 122
106 198
106 128
106 161
106 175
106 115
106 119
106 169
106 156
106 202
107 129
107 193
107 151
107 173
107 153
107 201
107 203
107 131
107 109
107 111
107 180
107 137
107 163
108 162
108 159
109 129
109 135
109 137
109 151
109 173
109 131
109 153
109 203
109 115
109 118
109 201
109 163
109 126
110 151
110 146
110 142
110 143
110 150
110 160
111 192
111 193
111 134
111 148
111 180
111 165
113 161
113 201
113 202
113 203
113 153
113 163
113 170
113 175
113 176
113 136
113 119
114 138
114 187
114 166
115 198
115 137
115 144
115 151
115 152
115 153
115 156
115 117
115 118
115 201
115 123
115 170
115 190
117 144
117 130
117 118
117 152
117 185
117 123
117 156
117 190
118 129
118 131
118 145
118 137
118 203
118 173
118 152
118 153
118 156
118 190
119 198
119 161
119 143
119 175
119 151
119 153
119 201
119 202
120 192
120 173
120 200
121 186
122 160
122 151
122 156
122 185
122 191
123 144
123 130
123 185
123 156
124 194
124 170
125 160
125 134
125 151
125 186
126 129
126 133
126 135
126 137
126 139
126 140
126 171
126 183
126 184
126 196
126 182
126 197
126 145
126 168
126 127
127 171
127 133
127 135
127 145
127 139
127 140
127 195
127 196
127 197
127 167
127 176
127 177
127 182
127 183
128 161
128 198
128 202
128 169
129 131
129 135
129 137
129 203
129 168
129 173
129 136
129 184
129 163
131 151
131 173
131 153
131 201
131 163
131 203
131 180
131 137
133 171
133 197
133 135
133 139
133 147
133 195
133 145
133 196
133 167
133 140
133 190
133 182
133 189
134 193
134 165
134 148
134 181
134 180
135 203
135 136
135 139
135 153
135 197
135 145
135 170
135 171
135 176
135 177
136 203
136 176
136 163
136 139
137 201
137 203
137 151
137 153
137 173
137 163
138 179
138 166
138 187
138 158
139 140
139 203
139 197
139 145
139 171
139 176
139 177
140 171
140 145
140 195
140 196
140 197
140 167
140 182
140 183
142 160
142 146
142 150
143 150
143 201
144 169
144 152
144 156
144 190
145 171
145 147
145 182
145 195
145 196
145 167
145 190
145 197
145 189
146 160
146 150
147 195
147 167
147 171
147 149
147 189
148 193
148 180
148 165
148 157
149 179
149 195
149 167
149 189
150 160
150 151
151 160
151 201
151 156
152 194
152 170
152 190
152 153
153 202
153 203
153 163
153 201
153 170
153 175
153 161
153 176
154 178
154 179
154 158
155 204
156 160
156 198
156 185
157 192
157 165
158 196
158 166
158 178
158 179
158 190
158 187
161 198
161 201
161 202
161 175
161 170
161 169
163 193
163 203
163 176
163 180
163 201
164 172
164 173
164 191
165 181
165 180
166 200
166 187
167 195
167 183
167 196
167 197
167 171
167 182
167 189
168 196
168 182
168 171
168 173
168 183
168 184
169 198
170 194
170 201
170 202
170 203
170 175
170 176
171 195
171 197
171 196
171 182
171 183
172 173
172 191
174 199
175 203
175 201
175 176
175 202
176 203
176 177
177 194
178 179
178 187
179 187
180 193
182 196
182 183
182 197
183 196
183 197
184 192
187 196
189 195
189 190
190 196
195 197
198 201
198 202
201 202
201 203
