0 128
0 1
0 2
0 3
0 4
0 129
0 8
0 10
0 11
0 15
0 16
0 17
0 18
0 19
0 149
0 151
0 26
0 160
0 34
0 35
0 36
0 38
0 167
0 40
0 43
0 174
0 46
0 136
0 51
0 53
0 185
0 59
0 138
0 62
0 192
0 139
0 72
0 79
0 86
0 88
0 98
0 101
0 103
0 104
0 107
0 108
0 111
0 114
0 115
1 128
1 2
1 3
1 4
1 129
1 8
1 10
1 11
1 15
1 16
1 17
1 18
1 19
1 46
1 23
1 24
1 26
1 32
1 34
1 35
1 36
1 167
1 40
1 174
1 136
1 51
1 53
1 59
1 138
1 62
1 192
1 160
1 139
1 72
1 177
1 77
1 86
1 88
1 101
1 103
1 107
1 108
1 111
1 115
2 3
2 4
2 129
2 8
2 128
2 11
2 15
2 16
2 17
2 18
2 19
2 46
2 23
2 24
2 26
2 32
2 34
2 35
2 36
2 167
2 40
2 193
2 174
2 136
2 51
2 53
2 138
2 59
2 10
2 62
2 192
2 160
2 139
2 72
2 177
2 77
2 86
2 88
2 101
2 103
2 107
2 108
2 111
2 115
3 4
3 129
3 8
3 128
3 11
3 15
3 16
3 17
3 18
3 19
3 149
3 23
3 26
3 32
3 34
3 35
3 36
3 167
3 40
3 174
3 46
3 136
3 51
3 53
3 138
3 59
3 10
3 62
3 192
3 160
3 139
3 72
3 86
3 88
3 101
3 103
3 107
3 108
3 111
3 114
3 115
3 116
4 129
4 8
4 128
4 11
4 15
4 16
4 17
4 18
4 19
4 46
4 23
4 24
4 26
4 32
4 34
4 35
4 36
4 167
4 40
4 193
4 174
4 177
4 51
4 53
4 138
4 59
4 10
4 192
4 160
4 139
4 72
4 77
4 86
4 101
4 103
4 107
4 108
4 111
4 115
4 136
5 64
5 66
5 196
5 199
5 201
5 12
5 80
5 145
5 149
5 27
5 156
5 31
5 161
5 37
5 81
5 169
5 170
5 44
5 112
5 50
5 116
5 122
5 85
6 112
6 191
6 100
6 150
6 161
6 41
6 170
6 183
6 140
6 182
6 47
6 80
6 81
6 21
6 118
6 9
6 123
6 156
6 199
6 117
7 146
7 180
7 22
8 133
8 129
8 136
8 128
8 11
8 15
8 16
8 17
8 18
8 19
8 149
8 151
8 26
8 160
8 34
8 35
8 36
8 38
8 167
8 40
8 43
8 174
8 46
8 51
8 53
8 138
8 185
8 59
8 10
8 62
8 139
8 72
8 79
8 86
8 88
8 98
8 101
8 103
8 104
8 107
8 108
8 111
8 114
8 115
9 196
9 69
9 199
9 140
9 80
9 81
9 21
9 150
9 155
9 182
9 161
9 100
9 41
9 170
9 44
9 47
9 112
9 116
9 118
9 183
9 123
9 191
10 133
10 129
10 128
10 11
10 15
10 16
10 17
10 18
10 19
10 174
10 23
10 26
10 167
10 32
10 34
10 35
10 36
10 38
10 39
10 40
10 193
10 172
10 46
10 136
10 51
10 53
10 54
10 59
10 151
10 62
10 160
10 139
10 72
10 204
10 79
10 86
10 98
10 101
10 103
10 107
10 108
10 111
10 115
11 129
11 128
11 139
11 15
11 16
11 17
11 18
11 19
11 174
11 23
11 24
11 26
11 32
11 34
11 35
11 36
11 167
11 40
11 193
11 46
11 136
11 51
11 53
11 138
11 59
11 62
11 192
11 160
11 72
11 177
11 77
11 86
11 88
11 99
11 101
11 103
11 107
11 108
11 111
11 115
12 64
12 149
12 66
12 132
12 113
12 169
12 170
12 71
12 44
12 112
12 81
12 50
12 196
12 116
12 85
12 201
12 153
12 122
12 156
12 95
13 113
13 178
13 198
13 71
13 153
13 30
13 95
14 96
14 176
14 82
14 52
14 102
14 87
14 60
14 75
14 76
14 109
15 129
15 128
15 16
15 17
15 18
15 19
15 149
15 23
15 26
15 32
15 34
15 35
15 36
15 38
15 167
15 40
15 174
15 46
15 136
15 51
15 53
15 138
15 59
15 151
15 62
15 192
15 160
15 139
15 72
15 86
15 88
15 101
15 103
15 107
15 108
15 111
15 114
15 115
16 128
16 129
16 177
16 192
16 77
16 115
16 17
16 18
16 19
16 139
16 174
16 86
16 23
16 88
16 32
16 34
16 35
16 36
16 101
16 103
16 40
16 107
16 46
16 111
16 99
16 72
16 114
16 51
16 53
16 160
16 136
16 59
16 138
16 62
17 129
17 128
17 18
17 19
17 46
17 23
17 26
17 32
17 34
17 35
17 36
17 167
17 40
17 174
17 136
17 51
17 53
17 138
17 59
17 62
17 192
17 160
17 139
17 72
17 177
17 86
17 88
17 99
17 101
17 103
17 107
17 108
17 111
17 114
17 115
18 133
18 128
18 129
18 172
18 204
18 167
18 19
18 139
18 174
18 86
18 24
18 26
18 90
18 107
18 34
18 35
18 101
18 38
18 39
18 40
18 193
18 103
18 108
18 46
18 111
18 72
18 115
18 53
18 54
18 160
18 136
18 59
19 129
19 128
19 174
19 23
19 26
19 32
19 34
19 35
19 36
19 167
19 40
19 46
19 136
19 51
19 53
19 138
19 59
19 62
19 192
19 160
19 139
19 72
19 177
19 77
19 86
19 88
19 99
19 101
19 103
19 107
19 108
19 111
19 114
19 115
20 147
21 112
21 100
21 150
21 161
21 170
21 199
21 80
21 81
21 114
21 116
21 118
21 183
21 123
22 146
22 180
22 190
22 134
23 128
23 129
23 72
23 177
23 192
23 77
23 174
23 86
23 32
23 34
23 35
23 36
23 101
23 103
23 40
23 193
23 107
23 115
23 46
23 111
23 99
23 136
23 51
23 53
23 160
23 59
23 138
23 181
24 107
24 35
24 101
24 129
24 40
24 128
24 136
24 72
24 51
24 139
24 55
24 36
24 90
25 197
25 135
25 28
25 202
25 173
25 144
25 145
25 83
25 148
25 56
25 57
25 188
26 133
26 129
26 128
26 141
26 46
26 151
26 39
26 160
26 34
26 35
26 38
26 167
26 40
26 172
26 174
26 48
26 136
26 53
26 54
26 59
26 193
26 139
26 72
26 204
26 79
26 86
26 98
26 101
26 103
26 107
26 108
26 111
26 115
27 83
27 37
27 134
27 42
27 145
27 50
27 179
27 57
27 28
27 202
27 31
28 197
28 132
28 37
28 71
28 73
28 202
28 145
28 83
28 117
28 57
28 179
28 156
28 31
29 97
29 70
29 102
29 152
29 45
29 142
30 178
30 132
30 71
30 153
30 137
30 124
30 78
30 95
31 134
31 73
31 42
31 145
31 50
31 83
31 57
31 179
31 202
31 37
32 128
32 129
32 72
32 177
32 192
32 77
32 174
32 86
32 160
32 34
32 35
32 36
32 101
32 103
32 40
32 193
32 107
32 115
32 46
32 111
32 99
32 136
32 51
32 53
32 59
32 138
32 181
33 176
33 42
33 74
33 110
34 129
34 128
34 46
34 160
34 35
34 36
34 167
34 40
34 193
34 174
34 49
34 51
34 53
34 138
34 59
34 62
34 192
34 194
34 139
34 72
34 86
34 88
34 99
34 101
34 103
34 107
34 108
34 111
34 115
35 128
35 129
35 77
35 139
35 86
35 169
35 155
35 167
35 36
35 101
35 38
35 103
35 40
35 64
35 107
35 174
35 115
35 72
35 51
35 55
35 160
35 136
35 59
35 138
36 128
36 129
36 177
36 192
36 77
36 139
36 86
36 155
36 101
36 103
36 40
36 107
36 174
36 115
36 72
36 183
36 51
36 118
36 55
36 160
36 136
36 59
36 138
37 161
37 134
37 73
37 42
37 176
37 110
37 112
37 145
37 50
37 83
37 117
37 182
37 57
37 179
37 202
38 128
38 67
38 133
38 129
38 172
38 139
38 143
38 141
38 85
38 86
38 151
38 79
38 90
38 94
38 159
38 98
38 101
38 166
38 39
38 40
38 167
38 171
38 107
38 108
38 154
38 48
38 136
38 204
38 54
38 186
39 67
39 133
39 136
39 172
39 139
39 204
39 141
39 143
39 85
39 86
39 90
39 154
39 94
39 159
39 166
39 167
39 40
39 171
39 108
39 48
39 54
39 186
40 133
40 129
40 128
40 174
40 167
40 193
40 172
40 46
40 136
40 51
40 53
40 138
40 59
40 62
40 160
40 139
40 72
40 86
40 88
40 101
40 103
40 107
40 108
40 111
40 115
41 65
41 69
41 161
41 183
41 140
41 191
41 47
41 80
41 150
41 55
41 155
41 182
41 157
41 199
41 127
42 134
42 168
42 74
42 110
42 145
42 190
42 202
42 121
42 93
42 126
43 98
43 195
43 141
43 79
43 48
43 151
43 120
43 185
43 187
43 92
44 64
44 112
44 66
44 201
44 196
44 161
44 170
44 199
44 80
44 81
44 50
44 116
44 85
44 118
44 169
44 122
44 156
44 149
45 96
45 97
45 162
45 70
45 89
45 142
46 128
46 129
46 192
46 194
46 86
46 160
46 99
46 103
46 193
46 167
46 108
46 174
46 111
46 49
46 115
46 53
46 72
46 58
46 59
46 138
47 65
47 69
47 161
47 183
47 140
47 191
47 80
47 150
47 55
47 155
47 182
47 157
47 199
47 127
48 98
48 67
48 133
48 204
48 187
48 172
48 141
48 143
48 167
48 171
48 54
48 151
48 79
48 166
48 154
48 159
49 53
49 58
49 194
49 111
50 64
50 66
50 196
50 199
50 201
50 80
50 145
50 149
50 156
50 161
50 81
50 169
50 170
50 112
50 116
50 118
50 122
50 85
51 128
51 129
51 177
51 192
51 77
51 139
51 155
51 101
51 103
51 107
51 174
51 99
51 72
51 114
51 115
51 181
51 118
51 160
51 88
51 136
51 59
51 138
51 62
52 82
52 182
52 87
52 60
52 76
52 61
52 109
53 133
53 128
53 129
53 192
53 194
53 139
53 174
53 86
53 160
53 103
53 193
53 167
53 108
53 111
53 115
53 72
53 58
53 59
54 67
54 133
54 172
54 139
54 108
54 143
54 204
54 171
54 86
54 186
54 90
54 167
54 159
55 65
55 69
55 107
55 140
55 191
55 80
55 150
55 183
55 155
55 157
55 101
56 131
56 132
56 197
56 135
56 200
56 173
56 144
56 83
56 148
56 57
56 188
57 197
57 135
57 73
57 74
57 173
57 110
57 144
57 145
57 83
57 179
57 93
57 202
58 193
58 111
59 129
59 128
59 174
59 167
59 193
59 136
59 138
59 151
59 62
59 192
59 160
59 194
59 139
59 72
59 86
59 88
59 99
59 101
59 103
59 107
59 108
59 111
59 114
59 115
60 176
60 82
60 117
60 182
60 87
60 75
60 76
60 109
61 76
61 82
61 75
61 87
62 68
62 128
62 129
62 192
62 151
62 88
62 79
62 185
62 160
62 98
62 103
62 194
62 174
62 72
62 114
62 104
62 138
63 154
63 171
63 166
63 94
63 186
64 129
64 66
64 196
64 136
64 201
64 80
64 81
64 149
64 156
64 101
64 169
64 170
64 107
64 112
64 116
64 118
64 122
64 85
65 163
65 165
65 127
65 140
65 191
65 183
65 150
65 155
65 157
65 69
66 201
66 196
66 170
66 112
66 81
66 116
66 85
66 119
66 169
66 122
66 156
66 94
66 149
67 166
67 204
67 171
67 172
67 141
67 143
67 85
67 186
67 90
67 154
67 94
67 159
68 104
68 195
68 198
68 120
68 88
68 185
69 163
69 165
69 183
69 140
69 191
69 177
69 150
69 155
69 157
69 127
70 89
70 162
70 97
71 130
71 132
71 178
71 137
71 78
71 113
71 156
71 83
71 201
71 153
71 95
72 129
72 128
72 174
72 167
72 193
72 136
72 138
72 192
72 160
72 139
72 177
72 77
72 86
72 88
72 99
72 101
72 103
72 107
72 108
72 111
72 115
73 112
73 145
73 156
73 83
73 202
73 179
73 117
74 202
74 184
74 93
74 110
74 125
75 96
75 82
75 162
75 76
76 82
76 87
76 109
77 128
77 115
77 138
77 192
77 99
77 155
77 165
77 103
77 174
77 177
77 181
78 130
78 132
78 137
78 124
78 178
78 95
79 133
79 139
79 141
79 143
79 151
79 88
79 92
79 154
79 159
79 98
79 166
79 167
79 172
79 120
79 185
79 187
80 196
80 199
80 183
80 140
80 81
80 150
80 169
80 155
80 156
80 182
80 161
80 170
80 112
80 116
80 118
80 122
80 191
81 196
81 199
81 153
81 156
81 161
81 169
81 170
81 112
81 113
81 114
81 116
81 118
81 201
81 122
81 149
82 87
82 109
83 197
83 132
83 202
83 135
83 173
83 144
83 145
83 179
84 203
85 196
85 143
85 201
85 204
85 186
85 149
85 119
85 169
85 122
85 154
85 94
86 133
86 129
86 128
86 167
86 193
86 172
86 174
86 136
86 151
86 160
86 139
86 204
86 101
86 103
86 107
86 108
86 111
86 115
87 109
88 129
88 138
88 192
88 149
88 151
88 185
88 160
88 98
88 103
88 114
88 116
88 118
88 104
89 97
89 162
89 105
90 136
90 204
90 171
90 172
90 143
90 139
90 186
91 184
91 158
92 98
92 195
92 130
92 141
92 178
92 120
92 185
92 187
92 124
92 95
93 121
93 202
93 110
93 125
94 166
94 171
94 204
94 141
94 143
94 119
94 154
94 186
94 159
95 130
95 132
95 198
95 113
95 178
95 201
95 120
95 153
95 124
96 97
96 102
97 102
97 152
97 142
98 139
98 133
98 167
98 141
98 120
98 195
98 151
98 185
98 187
99 192
99 160
99 115
99 138
99 174
99 103
99 111
99 177
99 114
99 181
100 118
100 123
100 150
101 129
101 128
101 149
101 155
101 167
101 169
101 174
101 136
101 138
101 160
101 139
101 196
101 103
101 107
101 115
101 116
102 117
102 142
102 176
103 129
103 128
103 174
103 167
103 136
103 138
103 192
103 160
103 139
103 177
103 107
103 108
103 111
103 114
103 115
104 114
104 195
104 198
104 185
104 120
105 162
105 189
106 147
106 119
107 128
107 129
107 139
107 169
107 155
107 167
107 174
107 115
107 160
107 136
107 138
108 133
108 128
108 129
108 139
108 174
108 151
108 167
108 160
108 193
108 172
108 111
108 115
108 136
109 176
109 117
109 182
110 176
110 179
110 145
110 184
110 202
111 128
111 129
111 192
111 194
111 174
111 160
111 193
111 167
111 115
111 138
112 196
112 199
112 149
112 150
112 201
112 156
112 182
112 161
112 169
112 170
112 116
112 117
112 118
112 122
113 132
113 198
113 201
113 178
113 116
113 149
113 153
113 122
113 156
114 192
114 138
114 160
114 116
114 118
114 123
115 128
115 129
115 177
115 192
115 139
115 174
115 193
115 160
115 136
115 138
116 196
116 199
116 149
116 156
116 161
116 169
116 170
116 118
116 201
116 122
117 161
117 199
117 176
117 179
117 182
117 156
118 196
118 199
118 150
118 155
118 156
118 161
118 169
118 170
118 183
118 122
118 123
118 149
119 147
119 186
120 195
120 198
120 178
120 185
120 124
121 164
121 190
121 134
121 168
121 126
122 196
122 170
122 169
122 153
122 201
122 156
122 149
124 130
124 178
125 184
126 164
126 134
126 168
126 190
127 191
127 163
127 150
127 183
127 155
127 140
127 165
128 129
128 174
128 167
128 193
128 172
128 136
128 138
128 192
128 160
128 139
128 177
129 174
129 167
129 169
129 172
129 136
129 138
129 160
129 139
130 178
130 132
130 137
130 201
131 144
131 200
131 132
131 148
131 197
131 137
131 188
131 173
132 137
132 201
132 153
133 193
133 139
133 204
133 141
133 151
133 143
133 159
133 167
133 172
134 146
134 164
134 168
134 190
135 144
135 197
135 202
135 188
135 173
136 149
136 167
136 169
136 172
136 174
136 138
136 160
136 139
136 204
138 177
138 192
138 174
138 155
138 165
138 181
138 160
139 151
139 167
139 160
139 169
139 172
139 174
139 204
140 161
140 183
140 191
140 150
140 155
140 182
140 157
140 199
141 172
141 166
141 167
141 187
141 151
141 143
141 154
141 159
142 176
142 152
143 204
143 171
143 167
143 172
143 186
143 187
143 166
143 154
143 159
144 148
144 197
144 202
144 188
144 173
145 179
145 202
146 180
146 157
146 190
147 186
148 200
148 197
148 188
148 173
149 196
149 201
149 156
149 169
149 170
150 199
150 183
150 155
150 161
150 165
150 170
150 182
150 191
151 195
151 172
151 160
151 187
151 167
151 185
153 198
153 201
153 178
153 156
154 166
154 187
154 171
154 204
154 186
154 159
155 199
155 183
155 157
155 165
155 177
155 191
156 196
156 161
156 169
156 170
156 199
156 201
157 180
157 191
157 183
158 184
159 204
159 187
159 167
159 172
159 171
159 186
159 166
160 174
160 167
160 192
160 193
160 194
161 196
161 199
161 170
161 182
161 191
163 181
163 165
164 168
164 190
165 183
165 177
165 181
166 171
166 187
166 186
167 174
167 172
167 193
167 204
168 190
169 196
169 201
169 170
170 196
170 199
170 201
171 204
171 186
172 193
172 204
173 197
173 202
173 188
174 193
174 177
174 192
175 189
175 198
176 179
177 192
177 181
178 198
178 185
179 202
181 192
182 199
182 191
183 199
183 191
185 195
185 198
186 204
188 197
191 199
196 199
196 201
197 202
