0 1
0 5
0 129
0 8
0 13
0 144
0 174
0 151
0 155
0 28
0 158
0 31
0 161
0 162
0 41
0 171
0 45
0 46
0 52
0 53
0 54
0 57
0 58
0 187
0 188
0 181
0 66
0 68
0 76
0 97
0 101
0 103
0 108
0 110
0 112
1 64
1 130
1 135
1 8
1 137
1 10
1 76
1 194
1 144
1 82
1 110
1 22
1 151
1 24
1 175
1 28
1 29
1 31
1 97
1 162
1 99
1 101
1 103
1 107
1 108
1 46
1 111
1 114
1 187
1 180
1 53
1 184
1 57
1 58
1 123
2 17
3 129
3 194
3 196
3 70
3 135
3 8
3 141
3 18
3 20
3 22
3 88
3 154
3 91
3 28
3 29
3 123
3 100
3 101
3 40
3 41
3 107
3 108
3 45
3 136
3 114
3 187
3 54
3 184
3 58
3 59
3 127
4 192
4 193
4 11
4 164
4 133
4 134
4 49
4 72
4 9
4 106
4 43
4 172
4 17
4 147
4 85
4 121
4 25
4 26
4 197
5 129
5 130
5 150
5 7
5 137
5 140
5 141
5 14
5 145
5 146
5 20
5 22
5 24
5 196
5 154
5 28
5 29
5 158
5 31
5 32
5 161
5 162
5 35
5 37
5 39
5 40
5 135
5 44
5 45
5 174
5 175
5 51
5 180
5 53
5 54
5 184
5 57
5 58
5 190
5 64
5 195
5 68
5 76
5 77
5 82
5 83
5 87
5 88
5 89
5 99
5 101
5 103
5 107
5 108
5 110
5 111
5 168
5 114
5 115
5 118
5 123
5 124
5 127
7 161
7 146
7 195
7 56
7 158
8 130
8 129
8 136
8 142
8 143
8 144
8 18
8 21
8 151
8 28
8 158
8 31
8 161
8 35
8 163
8 168
8 46
8 179
8 57
8 59
8 60
8 65
8 74
8 77
8 78
8 80
8 82
8 83
8 89
8 94
8 96
8 187
8 103
8 104
8 108
8 110
9 164
9 133
9 25
9 43
10 194
10 196
10 155
10 70
10 140
10 76
10 141
10 80
10 82
10 163
10 20
10 88
10 154
10 91
10 28
10 29
10 99
10 101
10 40
10 41
10 107
10 46
10 112
10 52
10 57
10 58
12 66
12 13
13 66
13 76
13 130
13 14
13 80
13 81
13 82
13 163
13 155
13 31
13 33
13 99
13 145
13 144
13 176
13 110
13 112
13 115
13 52
13 56
13 57
13 170
14 81
14 115
14 118
14 161
14 145
14 158
15 68
15 70
15 135
15 151
15 140
15 141
15 20
15 23
15 88
15 196
15 154
15 91
15 28
15 32
15 187
15 103
15 40
15 41
15 199
15 108
15 45
15 174
15 114
15 54
15 184
15 58
15 123
15 125
15 127
16 194
16 196
16 70
16 140
16 20
16 142
16 91
16 92
16 29
16 107
16 108
16 45
16 58
16 127
17 49
17 73
18 68
18 70
18 140
18 20
18 88
18 196
18 154
18 91
18 28
18 32
18 100
18 101
18 40
18 108
18 45
18 174
18 179
18 54
18 58
18 187
18 189
18 127
19 34
19 36
19 102
19 135
19 184
19 120
19 90
19 186
20 130
20 132
20 135
20 136
20 21
20 22
20 23
20 153
20 155
20 28
20 29
20 31
20 32
20 163
20 156
20 198
20 38
20 41
20 173
20 174
20 175
20 178
20 179
20 54
20 184
20 57
20 186
20 59
20 189
20 160
20 68
20 69
20 70
20 199
20 74
20 76
20 182
20 78
20 80
20 82
20 90
20 143
20 92
20 94
20 95
20 100
20 102
20 104
20 105
20 110
20 114
20 123
20 125
20 126
21 129
21 194
21 69
21 135
21 74
21 140
21 141
21 124
21 22
21 88
21 91
21 29
21 96
21 187
21 41
21 108
21 114
21 54
21 59
21 60
22 132
22 138
22 141
22 153
22 155
22 156
22 158
22 161
22 34
22 27
22 36
22 38
22 28
22 173
22 46
22 178
22 179
22 52
22 186
22 189
22 69
22 198
22 74
22 78
22 88
22 90
22 91
22 94
22 95
22 96
22 97
22 100
22 105
22 112
22 117
23 194
23 199
23 107
23 125
23 29
24 66
24 137
24 130
24 79
24 80
24 82
24 163
24 110
24 185
24 28
24 158
24 97
24 98
24 99
24 171
24 46
24 175
24 180
24 181
24 57
24 188
25 192
25 164
25 85
25 121
25 26
25 43
25 133
26 134
27 91
27 199
27 119
27 114
27 184
27 123
27 125
28 130
28 129
28 137
28 142
28 144
28 151
28 154
28 156
28 158
28 32
28 162
28 35
28 198
28 38
28 40
28 41
28 135
28 45
28 46
28 175
28 180
28 53
28 54
28 57
28 58
28 59
28 60
28 64
28 65
28 68
28 70
28 71
28 143
28 76
28 84
28 89
28 91
28 92
28 93
28 95
28 97
28 187
28 101
28 103
28 108
28 110
28 111
28 112
28 113
28 114
28 119
28 125
28 127
29 130
29 136
29 140
29 141
29 142
29 143
29 131
29 154
29 175
29 156
29 158
29 31
29 160
29 161
29 198
29 38
29 40
29 199
29 47
29 57
29 60
29 189
29 64
29 65
29 196
29 69
29 70
29 71
29 74
29 76
29 88
29 91
29 92
29 94
29 95
29 96
29 100
29 104
29 105
29 109
29 110
29 125
29 127
30 159
31 129
31 137
31 144
31 174
31 154
31 32
31 162
31 163
31 40
31 41
31 44
31 46
31 52
31 53
31 54
31 58
31 187
31 190
31 66
31 196
31 70
31 194
31 80
31 82
31 97
31 99
31 101
31 103
31 112
31 127
32 130
32 161
32 136
32 77
32 78
32 144
32 92
32 83
32 110
32 155
32 143
32 158
32 99
32 100
32 163
32 142
32 41
32 82
32 46
32 179
32 52
32 54
32 57
32 189
33 98
33 37
33 39
33 170
33 171
33 79
33 176
33 181
33 185
33 188
34 36
34 102
34 70
34 135
34 41
34 141
34 173
34 120
34 114
34 88
34 153
34 91
34 124
34 127
35 129
35 68
35 103
35 108
35 151
35 161
35 83
35 89
35 57
35 58
35 187
35 158
35 101
36 132
36 102
36 70
36 135
36 41
36 173
36 114
36 178
36 120
36 153
36 90
36 123
36 186
36 126
36 182
37 176
37 161
37 56
37 170
37 158
38 198
38 194
38 123
38 196
38 101
38 70
38 41
38 107
38 140
38 184
38 156
38 127
38 58
38 91
38 95
39 195
39 161
39 170
39 139
39 176
39 146
39 51
39 87
39 157
39 158
40 130
40 142
40 154
40 155
40 158
40 160
40 161
40 156
40 46
40 178
40 52
40 182
40 57
40 59
40 60
40 189
40 65
40 194
40 69
40 198
40 74
40 76
40 91
40 92
40 95
40 100
40 104
40 110
40 112
40 143
40 126
41 130
41 142
41 144
41 153
41 155
41 163
41 156
41 42
41 173
41 46
41 175
41 179
41 52
41 54
41 186
41 59
41 60
41 64
41 65
41 69
41 71
41 74
41 160
41 78
41 80
41 82
41 84
41 143
41 93
41 95
41 96
41 99
41 100
41 102
41 104
41 110
41 112
41 119
42 88
42 117
42 70
42 124
42 141
43 192
43 164
43 85
43 121
43 133
44 129
44 68
44 83
44 151
44 89
44 101
44 103
44 168
44 108
44 45
44 54
44 57
44 58
44 187
45 130
45 131
45 155
45 158
45 161
45 163
45 199
45 46
45 47
45 52
45 54
45 57
45 59
45 189
45 190
45 64
45 65
45 68
45 69
45 70
45 71
45 74
45 77
45 78
45 80
45 82
45 89
45 143
45 96
45 144
45 100
45 109
45 110
45 112
45 125
46 130
46 129
46 137
46 140
46 141
46 144
46 151
46 154
46 162
46 135
46 174
46 175
46 180
46 53
46 54
46 184
46 57
46 187
46 64
46 66
46 68
46 70
46 76
46 80
46 88
46 91
46 97
46 103
46 108
46 110
46 111
46 114
46 123
46 124
46 127
47 107
47 101
47 71
47 109
47 141
47 54
47 88
47 58
47 91
47 60
48 67
48 116
48 149
48 191
50 169
50 122
51 56
51 161
52 64
52 66
52 68
52 70
52 140
52 76
52 79
52 80
52 141
52 174
52 88
52 196
52 154
52 155
52 130
52 144
52 162
52 163
52 110
52 175
52 114
52 53
52 57
52 124
53 64
53 130
53 79
53 144
53 163
53 110
53 158
53 97
53 162
53 99
53 80
53 175
53 57
54 136
54 175
54 144
54 131
54 155
54 158
54 161
54 163
54 179
54 57
54 59
54 60
54 189
54 190
54 64
54 65
54 68
54 69
54 70
54 74
54 77
54 78
54 80
54 82
54 96
54 99
54 100
54 105
54 109
54 174
54 112
54 125
55 66
55 145
55 171
55 98
55 81
55 115
55 181
55 118
55 183
55 188
56 66
56 171
56 195
56 139
56 98
56 146
56 181
56 150
56 87
56 185
56 79
56 188
56 157
57 129
57 137
57 140
57 144
57 155
57 161
57 162
57 163
57 171
57 180
57 58
57 188
57 190
57 181
57 194
57 196
57 76
57 79
57 80
57 83
57 88
57 89
57 91
57 97
57 99
57 101
57 107
57 112
57 168
57 127
58 130
58 131
58 175
58 158
58 160
58 161
58 163
58 168
58 156
58 199
58 59
58 60
58 189
58 190
58 64
58 65
58 69
58 198
58 97
58 76
58 77
58 80
58 82
58 83
58 89
58 143
58 95
58 144
58 99
58 101
58 109
58 110
58 125
59 68
59 69
59 70
59 74
59 140
59 78
59 154
59 94
59 100
59 101
59 108
59 174
59 136
59 179
59 105
59 187
59 189
60 129
60 194
60 131
60 196
60 69
60 70
60 140
60 154
60 91
60 94
60 187
60 127
62 128
62 152
62 148
62 167
64 66
64 196
64 70
64 175
64 140
64 141
64 161
64 151
64 91
64 158
64 155
64 101
64 103
64 107
64 108
64 111
64 112
64 180
64 127
65 129
65 196
65 70
65 140
65 141
65 109
65 88
65 154
65 91
65 101
65 108
65 187
65 127
66 130
66 175
66 76
66 79
66 144
66 81
66 155
66 176
66 162
66 180
66 145
66 110
66 111
66 112
66 115
66 118
66 137
66 183
67 177
67 149
67 166
68 100
68 130
68 112
68 136
68 77
68 78
68 80
68 83
68 110
68 89
68 155
68 143
68 158
68 144
68 82
68 163
68 142
68 104
68 92
68 199
68 99
68 168
68 179
68 161
68 189
68 190
69 194
69 196
69 74
69 140
69 124
69 88
69 154
69 96
69 101
69 184
69 123
69 127
70 132
70 136
70 142
70 174
70 153
70 155
70 156
70 175
70 179
70 186
70 189
70 194
70 198
70 160
70 78
70 173
70 84
70 90
70 143
70 92
70 93
70 95
70 144
70 100
70 102
70 104
70 107
70 112
70 113
70 119
71 129
71 194
71 131
71 103
71 107
71 109
71 187
71 151
71 91
71 127
72 193
72 147
72 197
72 86
74 194
74 196
74 140
74 141
74 88
74 154
74 96
74 107
74 108
74 114
74 187
74 184
74 123
74 124
74 127
75 169
75 122
76 155
76 161
76 194
76 140
76 79
76 185
76 141
76 82
76 163
76 171
76 151
76 88
76 154
76 91
76 158
76 97
76 98
76 99
76 101
76 188
76 144
76 107
76 108
76 112
76 181
76 124
76 127
77 129
77 83
77 174
77 151
77 89
77 158
77 161
77 101
77 103
77 168
77 110
77 187
78 129
78 135
78 88
78 154
78 91
78 123
78 100
78 174
78 136
78 114
78 179
78 187
78 189
78 127
79 80
79 81
79 82
79 163
79 155
79 162
79 99
79 170
79 176
79 112
79 180
79 115
79 118
80 129
80 130
80 162
80 137
80 110
80 151
80 155
80 185
80 97
80 180
80 101
80 103
80 171
80 108
80 112
80 187
80 188
80 181
81 161
81 183
81 98
81 145
81 118
81 185
81 158
82 129
82 161
82 158
82 97
82 98
82 162
82 101
82 171
82 108
82 174
82 111
82 185
82 187
82 188
83 129
83 151
83 89
83 158
83 161
83 101
83 103
83 168
83 108
83 174
83 187
83 190
84 113
85 164
85 133
86 193
86 147
86 165
86 172
86 197
87 161
87 139
87 157
87 158
88 135
88 136
88 155
88 158
88 161
88 179
88 184
88 186
88 194
88 91
88 96
88 102
88 105
88 107
88 109
88 112
88 114
88 119
88 123
89 129
89 103
89 108
89 174
89 168
89 151
89 187
89 190
89 101
90 182
90 135
90 141
90 184
90 114
90 178
90 120
90 154
90 123
90 124
90 126
90 127
91 135
91 136
91 140
91 141
91 142
91 131
91 153
91 154
91 158
91 161
91 173
91 179
91 184
91 186
91 138
91 175
91 196
91 194
91 143
91 94
91 96
91 100
91 102
91 104
91 105
91 107
91 109
91 189
91 114
91 117
91 119
91 123
91 127
92 194
92 140
92 142
92 143
92 196
92 154
92 107
92 108
92 174
92 104
92 187
92 127
94 129
94 194
94 196
94 135
94 140
94 151
94 103
94 105
94 107
94 114
94 184
94 123
94 127
95 160
95 198
95 194
95 196
95 135
95 107
95 140
95 114
95 127
95 101
96 129
96 194
96 196
96 135
96 140
96 151
96 154
96 187
96 103
96 108
96 114
96 184
96 123
96 124
96 127
97 130
97 194
97 137
97 135
97 163
97 110
97 151
97 175
97 162
97 99
97 101
97 103
97 129
97 107
97 111
97 184
97 123
98 183
98 144
98 145
98 99
98 111
98 115
98 180
98 118
99 130
99 161
99 137
99 185
99 158
99 162
99 101
99 171
99 174
99 111
99 180
99 188
99 181
100 194
100 136
100 140
100 151
100 196
100 123
100 107
100 174
100 114
100 179
100 184
100 127
101 130
101 143
101 144
101 131
101 175
101 160
101 161
101 163
101 168
101 156
101 189
101 190
101 198
101 199
101 109
101 110
101 125
102 123
102 135
102 184
102 173
102 114
102 120
102 153
102 186
103 130
103 161
103 151
103 144
103 110
103 163
103 129
103 105
103 175
103 187
103 168
103 109
104 140
104 142
104 143
104 196
104 107
104 108
104 174
105 194
105 108
105 141
105 187
105 151
105 127
107 140
107 141
107 142
107 143
107 131
107 154
107 175
107 156
107 158
107 160
107 161
107 198
107 199
107 189
107 196
107 110
107 124
107 127
108 130
108 129
108 161
108 143
108 158
108 110
108 163
108 144
108 175
108 187
109 194
109 129
109 131
109 151
109 124
110 129
110 140
110 144
110 151
110 196
110 154
110 155
110 162
110 163
110 174
110 180
110 187
110 194
110 112
110 127
111 137
111 163
111 158
111 171
111 175
111 181
111 185
111 188
112 135
112 140
112 130
112 174
112 154
112 144
112 163
112 175
112 114
112 184
112 123
112 124
114 135
114 136
114 138
114 141
114 153
114 155
114 158
114 160
114 161
114 156
114 173
114 178
114 179
114 182
114 186
114 189
114 198
114 117
114 120
114 124
114 126
115 161
115 171
115 145
115 181
115 118
115 188
115 183
115 158
116 177
116 166
116 191
117 184
117 135
117 119
117 125
118 145
118 171
118 181
118 185
118 188
118 183
119 124
119 138
120 135
120 132
120 173
120 178
120 182
120 184
120 153
120 123
120 186
120 126
121 164
121 133
123 135
123 136
123 141
123 155
123 189
123 178
123 179
123 182
123 124
123 138
123 126
124 135
124 141
124 173
124 131
124 155
124 158
124 161
124 184
124 186
125 194
125 138
126 135
126 140
126 178
126 184
126 182
126 196
126 154
126 127
127 130
127 132
127 136
127 142
127 156
127 158
127 160
127 161
127 173
127 175
127 178
127 179
127 182
127 186
127 189
127 194
127 143
128 167
129 130
129 144
129 158
129 163
129 168
129 175
129 136
129 187
129 190
130 161
130 163
130 174
130 151
130 155
130 158
130 162
130 194
130 180
130 187
131 141
132 140
132 196
132 154
133 164
133 192
135 158
135 136
135 138
135 160
135 141
135 184
135 153
135 155
135 178
135 161
135 173
135 179
135 182
135 186
136 174
136 179
136 187
136 184
136 189
137 161
137 163
137 180
137 158
138 184
138 199
140 142
140 154
140 155
140 156
140 158
140 160
140 161
140 178
140 189
140 194
140 196
140 198
140 143
141 194
141 175
141 153
141 158
141 161
141 155
141 173
141 184
141 186
142 194
142 143
142 196
142 154
142 174
142 187
143 194
143 196
143 154
143 187
144 185
144 151
144 155
144 158
144 161
144 162
144 171
144 174
144 187
144 188
144 181
145 161
145 171
145 185
145 188
145 183
145 158
146 195
147 165
147 172
147 197
149 166
149 191
150 176
150 161
150 170
150 158
151 163
151 175
151 187
151 168
151 189
151 190
152 167
153 173
153 186
154 155
154 156
154 158
154 160
154 161
154 178
154 179
154 182
154 189
154 194
154 196
154 198
155 174
155 162
155 163
155 175
155 184
156 198
156 194
156 196
158 162
158 174
158 175
158 180
158 187
158 190
158 168
160 194
160 196
161 196
161 174
161 175
161 187
161 194
161 168
162 163
163 174
163 180
163 171
163 187
163 188
164 192
165 197
166 177
168 190
168 187
170 176
171 183
171 181
171 188
171 180
172 193
172 197
173 186
174 179
174 189
175 194
175 180
178 182
178 196
179 187
179 189
180 185
180 181
180 188
182 184
182 196
187 190
189 194
189 196
193 197
194 198
194 199
194 196
196 198
