0 1
0 66
0 132
0 197
0 134
0 65
0 9
0 11
0 12
0 144
0 17
0 146
0 19
0 21
0 23
0 24
0 196
0 71
0 158
0 31
0 32
0 35
0 70
0 168
0 110
0 123
0 53
0 87
1 128
1 139
1 4
1 22
1 198
1 129
1 72
1 75
1 76
1 13
1 142
1 15
1 124
1 82
1 171
1 86
1 25
1 91
1 159
1 33
1 98
1 102
1 113
1 40
1 112
1 107
1 48
1 49
1 115
1 182
1 120
1 57
1 186
1 187
1 60
1 189
1 63
2 160
2 37
2 39
2 11
2 93
2 77
3 129
3 130
3 22
3 198
3 7
3 8
3 13
3 15
3 16
3 120
3 82
3 84
3 86
3 91
3 156
3 159
3 33
3 98
3 164
3 38
3 124
3 171
3 112
3 49
3 178
3 115
3 181
3 182
3 72
3 57
3 136
3 187
3 60
3 63
4 66
4 132
4 134
4 194
4 73
4 130
4 16
4 19
4 23
4 196
4 95
4 35
4 169
4 172
4 173
4 179
4 183
4 189
5 180
5 51
5 52
5 118
5 137
5 89
5 106
5 141
5 30
6 139
6 102
6 104
6 140
6 138
6 75
6 76
6 14
6 145
6 18
6 188
6 91
6 60
6 189
7 130
7 97
7 69
7 71
7 12
7 16
7 146
7 163
7 23
7 24
7 132
7 27
7 28
7 199
7 31
7 133
7 80
7 197
7 35
7 176
7 114
7 116
7 53
7 183
7 59
7 125
8 197
8 38
8 20
8 53
8 156
9 75
9 73
9 10
9 139
9 76
9 15
9 143
9 91
9 100
9 102
9 167
9 104
9 103
9 172
9 45
9 140
9 179
9 182
9 138
9 191
10 102
10 145
10 104
10 76
10 15
10 48
10 49
10 86
10 56
10 25
10 159
11 129
11 68
11 198
11 77
11 184
11 148
11 85
11 153
11 25
11 91
11 92
11 186
11 159
11 96
11 155
11 36
11 37
11 40
11 156
11 42
11 46
11 175
11 48
11 72
11 50
11 115
11 182
11 119
11 56
11 57
11 136
11 187
12 98
12 19
12 182
12 136
12 91
12 146
12 15
13 130
13 133
13 193
13 138
13 14
13 143
13 16
13 145
13 18
13 147
13 148
13 21
13 22
13 151
13 153
13 26
13 175
13 28
13 29
13 150
13 33
13 163
13 39
13 40
13 43
13 45
13 46
13 47
13 48
13 49
13 178
13 179
13 53
13 183
13 56
13 57
13 186
13 60
13 62
13 63
13 65
13 194
13 177
13 76
13 80
13 173
13 82
13 86
13 88
13 144
13 102
13 104
13 188
13 171
13 167
13 110
13 112
13 157
13 119
13 191
13 124
13 127
14 128
14 75
14 140
14 25
14 175
14 33
14 36
14 124
14 45
14 111
14 112
14 49
14 178
14 138
14 60
14 74
14 190
15 149
15 196
15 133
15 65
15 151
15 144
15 146
15 19
15 21
15 87
15 88
15 26
15 28
15 154
15 95
15 80
15 98
15 35
15 100
15 163
15 102
15 103
15 176
15 45
15 76
15 83
15 53
15 197
15 195
15 127
16 128
16 68
16 133
16 136
16 74
16 75
16 142
16 80
16 81
16 148
16 22
16 151
16 175
16 28
16 199
16 197
16 33
16 98
16 163
16 36
16 92
16 107
16 174
16 111
16 113
16 114
16 53
16 120
16 60
16 189
16 190
17 98
17 164
17 41
17 132
17 91
17 156
17 189
18 68
18 150
18 72
18 74
18 140
18 81
18 148
18 22
18 175
18 98
18 36
18 102
18 174
18 49
18 187
18 138
18 190
19 64
19 139
19 70
19 71
19 136
19 75
19 24
19 27
19 31
19 32
19 98
19 35
19 168
19 170
19 182
19 123
20 193
20 68
20 177
20 77
20 184
20 120
20 82
20 93
20 84
20 85
20 22
20 153
20 156
20 92
20 29
20 94
20 112
20 136
20 164
20 39
20 105
20 42
20 46
20 47
20 48
20 49
20 117
20 119
20 56
20 122
20 60
20 62
20 181
21 65
21 72
21 128
21 139
21 144
21 81
21 91
21 33
21 113
21 40
21 124
21 174
21 111
21 48
21 49
21 186
21 187
21 60
21 190
22 133
22 74
22 140
22 142
22 81
22 82
22 188
22 124
22 28
22 197
22 160
22 33
22 105
22 107
22 45
22 174
22 111
22 112
22 113
22 178
22 53
22 120
22 60
22 138
22 190
23 91
23 139
23 182
23 136
23 75
23 189
24 32
24 91
24 97
24 69
24 64
24 168
24 170
24 136
24 146
24 116
24 58
24 27
24 101
25 130
25 145
25 147
25 148
25 149
25 150
25 153
25 154
25 47
25 29
25 158
25 160
25 163
25 36
25 39
25 43
25 175
25 50
25 183
25 56
25 62
25 193
25 194
25 68
25 199
25 74
25 76
25 80
25 184
25 83
25 100
25 102
25 103
25 104
25 105
25 117
25 119
26 128
26 98
26 195
26 102
26 113
26 74
26 107
26 76
26 142
26 111
26 81
26 174
26 190
26 127
27 35
27 146
27 182
27 91
28 128
28 130
28 133
28 136
28 74
28 75
28 194
28 148
28 151
28 175
28 92
28 33
28 36
28 38
28 124
28 43
28 178
28 111
28 112
28 114
28 183
28 56
28 60
28 190
29 128
29 142
29 56
29 152
29 33
29 162
29 36
29 37
29 166
29 39
29 50
29 46
29 175
29 48
29 178
29 54
29 184
29 185
29 187
29 60
29 61
29 190
29 68
29 72
29 74
29 77
29 79
29 81
29 85
29 90
29 91
29 92
29 107
29 109
29 111
29 113
29 119
29 148
29 122
29 124
30 192
30 161
30 99
30 135
30 106
30 141
30 180
30 118
30 55
30 89
31 32
31 35
31 70
31 136
31 64
31 170
31 71
31 168
31 146
31 182
31 91
31 123
32 64
32 69
32 70
32 71
32 146
32 78
32 91
32 131
32 182
32 58
32 125
33 128
33 130
33 193
33 145
33 147
33 150
33 153
33 40
33 46
33 47
33 48
33 178
33 53
33 186
33 187
33 190
33 65
33 194
33 197
33 72
33 74
33 76
33 82
33 142
33 144
33 102
33 107
33 111
33 113
33 117
33 119
33 124
34 160
34 108
34 121
34 39
34 105
34 44
35 59
35 70
35 136
35 71
35 168
35 146
35 139
35 123
35 189
36 128
36 130
36 107
36 133
36 199
36 76
36 194
36 80
36 83
36 148
36 154
36 103
36 100
36 102
36 39
36 104
36 45
36 110
36 50
36 183
36 184
36 188
36 74
36 149
37 160
37 39
37 105
37 77
37 46
37 50
37 85
37 119
37 61
37 153
37 122
37 155
37 93
38 133
38 39
38 105
38 53
38 197
39 184
39 147
39 174
39 153
39 155
39 156
39 41
39 42
39 44
39 46
39 47
39 136
39 50
39 56
39 185
39 61
39 62
39 193
39 175
39 67
39 68
39 74
39 162
39 79
39 81
39 82
39 84
39 85
39 164
39 90
39 92
39 93
39 96
39 148
39 112
39 113
39 117
39 119
39 120
39 121
39 124
40 107
40 197
40 140
40 138
40 76
40 142
40 81
40 83
40 154
40 158
40 100
40 102
40 103
40 174
40 45
40 110
40 111
40 112
40 113
40 178
40 53
40 120
40 186
40 60
40 190
40 149
41 197
41 164
41 53
41 196
41 94
41 181
42 160
42 162
42 105
42 61
42 185
42 122
42 79
42 90
43 128
43 68
43 197
43 72
43 81
43 82
43 91
43 113
43 171
43 174
43 48
43 49
43 115
43 53
43 182
43 56
43 57
43 187
44 108
45 139
45 68
45 150
45 72
45 74
45 75
45 120
45 148
45 91
45 92
45 98
45 102
45 145
45 82
45 175
45 48
45 104
45 56
45 186
45 187
45 60
45 138
46 177
46 74
46 77
46 184
46 85
46 93
46 178
46 113
46 50
46 120
46 62
47 113
47 74
47 79
47 81
47 153
47 159
47 160
47 105
47 171
47 174
47 49
47 178
47 115
47 119
47 57
47 122
47 124
47 61
47 63
48 65
48 184
48 193
48 151
48 154
48 199
48 163
48 100
48 103
48 144
48 112
48 177
48 50
48 147
48 117
48 120
48 138
48 62
49 128
49 142
49 197
49 65
49 145
49 140
49 190
49 144
49 81
49 83
49 150
49 151
49 111
49 158
49 107
49 100
49 103
49 104
49 193
49 174
49 110
49 177
49 114
49 53
49 188
49 138
49 62
49 117
50 68
50 72
50 77
50 85
50 153
50 152
50 90
50 92
50 185
50 160
50 162
50 166
50 105
50 175
50 54
50 119
50 56
50 148
50 122
50 187
50 61
51 137
51 106
52 118
52 180
53 128
53 130
53 107
53 74
53 142
53 82
53 84
53 151
53 91
53 156
53 186
53 163
53 164
53 113
53 178
53 174
53 111
53 194
53 158
53 183
53 136
54 166
54 109
54 177
54 184
54 62
55 180
56 107
56 133
56 76
56 145
56 83
56 142
56 150
56 103
56 158
56 160
56 100
56 102
56 105
56 110
56 111
56 184
56 138
56 190
56 149
57 74
57 80
57 147
57 149
57 86
57 151
57 154
57 158
57 163
57 110
57 177
57 114
57 117
57 62
58 64
58 69
58 97
58 168
58 170
58 101
59 136
59 123
60 128
60 133
60 143
60 151
60 153
60 150
60 160
60 163
60 167
60 169
60 172
60 179
60 186
60 187
60 190
60 191
60 65
60 199
60 72
60 73
60 74
60 80
60 173
60 142
60 144
60 104
60 107
60 112
60 119
60 120
61 193
61 147
61 122
61 62
62 72
62 177
62 74
62 142
62 86
62 153
62 90
62 91
62 185
62 160
62 162
62 105
62 107
62 111
62 115
62 119
62 122
62 187
62 190
62 63
63 198
63 129
63 80
63 147
63 149
63 151
63 154
63 158
63 163
63 102
63 104
63 193
63 199
63 110
63 177
63 114
63 83
64 97
64 123
64 69
64 70
64 168
64 170
64 116
64 91
64 101
64 125
65 128
65 72
65 142
65 91
65 98
65 178
65 182
65 120
65 124
66 139
66 182
66 134
66 91
67 160
67 121
67 105
67 108
68 130
68 199
68 140
68 74
68 76
68 194
68 80
68 163
68 151
68 92
68 158
68 160
68 102
68 105
68 110
68 114
68 183
68 184
68 188
68 138
69 131
69 101
69 70
69 97
69 136
69 78
69 168
69 116
69 126
69 165
70 123
70 71
70 168
70 146
70 182
70 91
71 123
71 136
71 170
71 168
71 146
71 182
71 91
72 74
72 140
72 80
72 188
72 199
72 114
72 178
72 124
72 144
72 112
72 120
72 138
73 139
73 102
73 104
73 74
73 76
73 173
73 143
73 112
73 189
73 179
73 91
73 138
74 133
74 138
74 140
74 147
74 148
74 174
74 151
74 175
74 159
74 160
74 169
74 157
74 178
74 187
74 191
74 193
74 194
74 195
74 197
74 76
74 190
74 81
74 82
74 86
74 92
74 144
74 104
74 188
74 167
74 177
74 112
74 113
74 114
74 117
74 120
74 124
74 127
75 130
75 132
75 133
75 194
75 143
75 146
75 196
75 95
75 102
75 145
75 104
75 179
75 183
76 175
76 195
76 83
76 148
76 149
76 88
76 143
76 92
76 154
76 100
76 98
76 102
76 103
76 169
76 167
76 172
76 173
76 157
76 178
76 179
76 186
76 191
76 124
76 127
77 96
77 105
77 85
77 119
77 184
77 153
77 155
77 93
78 97
78 131
78 116
78 165
79 160
79 193
79 105
79 177
79 147
80 129
80 194
80 197
80 198
80 142
80 82
80 148
80 86
80 151
80 199
80 159
80 163
80 92
80 107
80 136
80 114
80 183
80 187
80 190
81 128
81 130
81 138
81 140
81 142
81 153
81 160
81 174
81 178
81 183
81 186
81 188
81 190
81 193
81 194
81 197
81 82
81 86
81 105
81 107
81 111
81 113
81 117
81 119
81 120
81 124
81 127
82 128
82 133
82 199
82 140
82 142
82 174
82 151
82 111
82 158
82 197
82 160
82 163
82 105
82 107
82 110
82 113
82 114
82 138
82 190
83 129
83 198
83 145
83 148
83 150
83 102
83 171
83 175
83 115
83 104
83 186
84 160
84 132
84 105
84 196
84 197
84 95
85 105
85 119
85 184
86 128
86 199
86 142
86 190
86 151
86 163
86 100
86 174
86 111
86 177
86 114
86 117
87 98
87 182
87 136
87 91
87 146
88 98
88 195
88 102
88 104
88 145
88 150
88 127
89 106
89 180
90 177
90 162
91 132
91 144
91 146
91 134
91 167
91 168
91 169
91 170
91 172
91 157
91 176
91 177
91 151
91 191
91 196
91 197
91 101
91 110
91 114
92 130
92 133
92 199
92 194
92 151
92 160
92 163
92 114
92 102
92 105
92 183
92 184
93 96
93 160
93 105
93 119
93 153
93 155
94 160
94 132
94 181
94 105
94 95
95 98
95 139
95 181
95 164
96 160
96 155
96 105
97 131
97 165
97 168
97 116
97 123
97 125
97 126
97 101
98 130
98 132
98 133
98 140
98 138
98 151
98 194
98 195
98 149
98 196
98 154
98 197
98 163
98 102
98 144
98 176
98 114
98 183
98 188
98 146
99 106
99 180
100 102
100 148
100 186
100 175
100 159
101 170
101 168
101 126
101 165
102 129
102 140
102 148
102 149
102 175
102 154
102 167
102 169
102 171
102 172
102 157
102 178
102 179
102 186
102 188
102 138
102 190
102 195
102 198
102 173
102 143
102 103
102 111
102 112
102 113
102 115
102 120
102 191
102 124
102 127
103 148
103 186
103 175
104 128
104 129
104 171
104 179
104 142
104 143
104 148
104 149
104 173
104 154
104 157
104 198
104 195
104 113
104 169
104 167
104 172
104 174
104 111
104 112
104 115
104 138
104 120
104 191
104 190
105 128
105 162
105 184
105 190
105 142
105 147
105 155
105 156
105 160
105 164
105 177
105 174
105 136
105 181
105 193
105 107
105 111
105 112
105 113
105 117
105 120
105 148
106 161
106 137
106 141
107 128
107 130
107 133
107 144
107 148
107 151
107 159
107 160
107 163
107 177
107 174
107 175
107 178
107 183
107 186
107 194
107 199
107 114
107 124
107 127
108 121
109 177
109 166
109 152
110 129
110 133
110 148
110 158
110 175
110 115
110 182
111 130
111 150
111 138
111 145
111 188
111 148
111 133
111 163
111 177
111 174
111 175
111 178
111 197
111 112
111 120
111 124
111 127
112 130
112 133
112 143
112 144
112 145
112 151
112 150
112 160
112 169
112 172
112 174
112 186
112 190
112 191
112 167
112 113
112 114
112 119
112 120
113 128
113 140
113 197
113 160
113 174
113 178
113 120
113 186
113 127
113 124
113 138
113 190
113 117
114 129
114 130
114 133
114 148
114 151
114 159
114 163
114 171
114 183
114 187
114 190
114 194
114 197
114 198
114 199
114 115
115 147
115 198
115 193
115 158
115 151
116 131
116 136
116 168
116 123
116 125
116 126
116 165
117 129
117 198
117 153
117 160
117 171
117 174
117 178
117 119
117 124
118 180
119 193
119 147
119 184
119 174
119 177
119 120
120 130
120 183
120 194
120 174
120 151
120 153
120 160
120 144
120 186
120 187
120 190
122 193
122 177
122 184
123 165
123 146
123 182
123 125
123 126
124 128
124 130
124 142
124 133
124 144
124 150
124 197
124 194
124 145
124 183
124 187
125 136
125 170
125 168
127 195
127 142
127 174
127 190
128 130
128 133
128 140
128 145
128 148
128 150
128 151
128 163
128 177
128 174
128 175
128 178
128 183
128 197
128 199
128 142
128 144
129 149
129 147
129 198
129 193
129 199
129 151
129 154
129 158
130 133
130 136
130 142
130 190
130 139
130 151
130 175
130 197
130 178
130 174
131 168
131 170
132 139
132 196
132 181
132 182
132 164
132 136
132 156
132 189
133 136
133 148
133 142
133 151
133 158
133 178
133 194
133 183
133 190
134 139
134 189
135 180
136 194
136 146
136 160
136 197
136 163
136 199
136 176
136 183
138 140
138 143
138 169
138 173
138 157
138 145
138 167
138 172
138 179
138 186
138 187
138 188
138 190
139 194
139 183
139 143
139 173
139 146
139 157
139 169
139 172
139 179
139 191
140 150
140 148
140 142
140 145
140 174
140 186
140 187
140 188
142 194
142 148
142 160
142 197
142 163
142 144
142 174
142 175
142 178
142 183
142 159
143 173
143 179
143 169
144 187
144 178
144 182
145 195
145 149
145 150
145 154
145 178
145 190
146 168
146 176
146 182
147 198
147 193
147 153
147 159
147 171
147 178
148 194
148 199
148 151
148 175
148 158
148 160
148 163
148 190
148 183
148 184
148 188
149 198
149 171
149 175
149 186
150 188
150 178
150 190
151 171
151 198
151 159
151 187
152 166
153 193
153 184
153 174
153 177
154 198
154 171
154 175
155 160
156 160
156 197
156 196
158 198
158 197
158 171
158 182
159 193
159 199
159 174
160 162
160 164
160 184
160 174
160 177
160 181
162 177
162 185
162 184
163 194
163 199
163 183
163 190
164 197
164 196
166 177
166 184
167 169
167 191
168 182
169 173
169 189
169 179
169 191
171 198
171 199
171 193
172 191
173 189
174 183
174 194
174 197
174 178
174 186
174 188
175 199
175 194
175 190
175 183
175 184
175 188
177 185
177 190
177 187
178 193
178 197
178 194
178 183
178 186
178 187
178 190
179 189
180 192
183 197
183 189
186 197
186 190
187 199
187 188
188 190
189 194
189 196
190 197
190 199
193 198
194 199
194 197
197 199
198 199
