0 98
0 133
0 140
0 188
1 129
1 131
1 4
1 5
1 6
1 7
1 72
1 9
1 11
1 143
1 152
1 147
1 21
1 151
1 24
1 91
1 31
1 34
1 164
1 134
1 41
1 106
1 71
1 172
1 125
1 113
1 52
1 53
1 120
1 186
1 159
1 170
1 190
2 115
2 167
2 16
2 51
2 84
2 54
2 58
2 28
3 129
3 5
3 6
3 135
3 8
3 138
3 151
3 13
3 16
3 18
3 19
3 20
3 22
3 152
3 25
3 26
3 28
3 29
3 30
3 31
3 160
3 33
3 34
3 180
3 146
3 42
3 43
3 172
3 173
3 174
3 48
3 49
3 178
3 179
3 52
3 158
3 55
3 176
3 187
3 62
3 63
3 64
3 67
3 68
3 72
3 74
3 162
3 80
3 81
3 83
3 84
3 88
3 92
3 96
3 144
3 99
3 100
3 101
3 103
3 104
3 105
3 109
3 110
3 113
3 114
3 150
3 118
3 119
3 153
3 123
3 124
4 68
4 197
4 6
4 7
4 14
4 16
4 155
4 28
4 30
4 32
4 39
4 157
4 56
4 185
5 64
5 34
5 68
5 167
5 8
5 106
5 139
5 76
5 78
5 48
5 136
5 178
5 52
5 84
6 66
6 134
6 71
6 8
6 9
6 139
6 12
6 16
6 84
6 151
6 24
6 68
6 26
6 28
6 31
6 96
6 164
6 37
6 167
6 129
6 170
6 172
6 76
6 116
6 54
6 60
7 197
7 75
7 12
7 14
7 86
7 28
7 157
7 164
7 101
7 174
7 111
7 48
7 178
7 56
7 185
7 60
8 130
8 132
8 9
8 138
8 11
8 12
8 13
8 14
8 16
8 131
8 20
8 22
8 23
8 26
8 28
8 158
8 160
8 33
8 34
8 36
8 37
8 167
8 169
8 42
8 173
8 174
8 175
8 176
8 177
8 179
8 52
8 54
8 55
8 57
8 60
8 62
8 64
8 198
8 194
8 139
8 70
8 161
8 73
8 74
8 183
8 76
8 162
8 81
8 82
8 87
8 88
8 95
8 96
8 144
8 101
8 104
8 109
8 110
8 116
8 119
8 120
8 123
8 126
9 68
9 139
9 76
9 14
9 18
9 84
9 101
9 37
9 167
9 174
9 48
9 178
9 116
9 54
9 56
9 60
10 128
10 65
10 195
10 12
10 15
10 16
10 18
10 85
10 100
10 32
10 36
10 38
10 102
10 40
10 41
10 107
10 182
10 121
10 59
11 192
11 130
11 132
11 198
11 135
11 139
11 12
11 161
11 16
11 83
11 84
11 149
11 25
11 154
11 28
11 93
11 160
11 144
11 187
11 100
11 37
11 105
11 127
11 18
11 177
11 116
11 183
11 184
11 122
11 123
11 60
11 62
11 63
12 129
12 131
12 13
12 143
12 146
12 19
12 22
12 23
12 27
12 156
12 158
12 41
12 42
12 45
12 47
12 48
12 178
12 51
12 57
12 61
12 194
12 68
12 88
12 89
12 91
12 95
12 99
12 189
12 115
12 125
13 68
13 138
13 76
13 173
13 18
13 20
13 88
13 196
13 27
13 93
13 30
13 35
13 104
13 42
13 45
13 29
13 48
13 99
13 178
13 116
13 180
13 184
13 84
13 187
13 60
13 189
13 127
14 84
14 48
14 163
14 76
14 142
14 125
14 16
14 20
14 68
14 91
14 143
14 190
15 112
15 94
15 41
15 28
15 46
15 191
16 129
16 150
16 19
16 22
16 24
16 155
16 156
16 159
16 33
16 164
16 168
16 41
16 42
16 43
16 175
16 48
16 49
16 178
16 51
16 180
16 53
16 56
16 186
16 194
16 68
16 197
16 70
16 74
16 75
16 76
16 81
16 84
16 86
16 87
16 92
16 95
16 99
16 131
16 101
16 104
16 109
16 110
16 114
16 115
16 169
16 124
16 126
17 192
17 87
17 88
17 92
17 159
17 33
17 99
17 100
17 114
17 41
17 109
17 110
17 50
17 53
17 186
17 126
18 178
18 173
18 19
18 149
18 22
18 23
18 153
18 27
18 156
18 29
18 159
18 32
18 35
18 164
18 41
18 42
18 44
18 45
18 47
18 48
18 50
18 180
18 57
18 186
18 138
18 67
18 196
18 199
18 76
18 77
18 141
18 80
18 84
18 89
18 79
18 97
18 99
18 131
18 103
18 189
18 118
19 68
19 76
19 84
19 149
19 88
19 29
19 30
19 80
19 99
19 93
19 116
19 180
19 60
20 130
20 196
20 138
20 173
20 144
20 150
20 24
20 132
20 29
20 30
20 33
20 162
20 35
20 164
20 177
20 42
20 43
20 45
20 174
20 47
20 48
20 49
20 50
20 179
20 180
20 53
20 55
20 186
20 189
20 62
20 63
20 68
20 198
20 161
20 73
20 183
20 76
20 77
20 80
20 81
20 84
20 87
20 89
20 92
20 199
20 97
20 178
20 110
20 114
20 119
20 123
20 124
20 126
21 134
21 129
21 136
21 139
21 76
21 78
21 84
21 151
21 152
21 31
21 37
21 166
21 167
21 170
21 54
21 58
22 68
22 76
22 178
23 80
23 180
23 68
23 84
23 76
24 132
24 197
24 71
24 75
24 190
24 142
24 143
24 163
24 25
24 91
24 28
24 93
24 30
24 160
24 144
24 155
24 39
24 129
24 105
24 127
24 174
24 125
24 157
24 177
24 179
24 116
24 181
24 119
24 184
24 185
24 123
24 60
24 62
24 63
25 97
25 74
25 77
25 80
25 81
25 131
25 150
25 87
25 27
25 92
25 93
25 30
25 160
25 33
25 187
25 178
25 104
25 169
25 127
25 109
25 110
25 47
25 48
25 50
25 179
25 199
25 88
25 123
25 124
25 62
25 63
26 66
26 68
26 134
26 172
26 170
26 76
26 152
26 178
26 84
26 151
26 120
26 28
26 31
27 196
27 135
27 138
27 119
27 77
27 144
27 82
27 89
27 154
27 160
27 161
27 35
27 42
27 43
27 45
27 47
27 176
27 189
27 179
27 116
27 55
27 122
27 60
27 183
27 62
28 129
28 172
28 131
28 151
28 31
28 34
28 134
28 38
28 40
28 41
28 170
28 159
28 46
28 48
28 178
28 186
28 168
28 64
28 65
28 194
28 68
28 70
28 76
28 84
28 96
28 112
28 113
28 115
28 120
28 121
29 138
29 45
29 149
29 150
29 154
29 158
29 32
29 33
29 162
29 169
29 42
29 173
29 47
29 176
29 180
29 55
29 189
29 196
29 199
29 73
29 74
29 81
29 82
29 83
29 88
29 92
29 100
29 104
29 122
29 124
30 135
30 73
30 183
30 173
30 80
30 81
30 82
30 164
30 92
30 93
30 33
30 162
30 99
30 131
30 178
30 104
30 161
30 42
30 43
30 109
30 48
30 49
30 114
30 187
30 55
30 88
30 122
30 127
30 63
31 96
31 166
31 136
31 78
31 151
31 58
32 80
32 81
32 150
32 87
32 88
32 156
32 33
32 99
32 164
32 104
32 41
32 42
32 43
32 109
32 110
32 50
32 180
32 53
32 169
32 186
32 124
32 126
33 68
33 82
33 149
33 92
33 176
33 162
33 35
33 178
33 105
33 42
33 109
33 93
33 48
33 50
33 180
33 55
33 63
34 64
34 166
34 113
34 167
34 76
34 78
34 48
34 72
34 178
34 147
34 84
34 54
34 148
34 58
35 196
35 135
35 183
35 74
35 119
35 79
35 141
35 81
35 82
35 87
35 88
35 169
35 160
35 162
35 104
35 161
35 42
35 43
35 45
35 189
35 176
35 49
35 114
35 179
35 126
35 55
35 123
35 124
35 138
35 62
36 84
36 41
36 156
37 129
37 131
37 66
37 84
37 91
37 134
37 113
37 168
37 175
37 115
37 52
37 53
37 186
38 128
38 65
38 171
38 165
38 137
38 107
38 117
38 182
38 41
38 121
38 90
38 156
39 48
39 108
39 75
39 76
39 111
39 178
39 86
39 185
39 164
39 155
40 41
40 156
41 128
41 195
41 68
41 65
41 85
41 100
41 90
41 102
41 156
41 107
41 48
41 178
41 116
41 117
41 121
41 59
41 60
41 192
41 63
42 138
42 150
42 43
42 47
42 48
42 178
42 180
42 184
42 60
42 196
42 199
42 74
42 76
42 77
42 141
42 80
42 84
42 87
42 89
42 79
42 92
42 93
42 97
42 50
42 109
42 116
42 124
42 126
43 130
43 132
43 135
43 141
43 149
43 196
43 160
43 161
43 162
43 45
43 47
43 177
43 178
43 179
43 55
43 189
43 63
43 192
43 68
43 198
43 199
43 73
43 183
43 79
43 80
43 89
43 97
43 50
43 100
43 144
43 119
43 123
44 48
44 116
44 68
44 60
44 178
45 196
45 135
45 73
45 74
45 183
45 161
45 80
45 81
45 141
45 176
45 79
45 199
45 97
45 173
45 49
45 114
45 116
45 189
45 55
45 180
45 60
45 138
46 191
46 94
47 132
47 141
47 79
47 144
47 196
47 160
47 105
47 179
47 116
47 119
47 180
47 123
47 60
47 189
47 62
47 63
48 49
48 51
48 53
48 55
48 56
48 60
48 61
48 63
48 67
48 68
48 71
48 73
48 74
48 81
48 83
48 86
48 87
48 91
48 92
48 93
48 96
48 100
48 101
48 103
48 105
48 108
48 109
48 110
48 116
48 118
48 122
48 124
48 127
48 135
48 138
48 143
48 144
48 146
48 149
48 154
48 157
48 162
48 163
48 173
48 174
48 176
48 181
48 184
48 185
48 187
48 190
48 197
49 192
49 196
49 83
49 149
49 93
49 80
49 162
49 100
49 114
49 178
49 180
49 55
49 184
49 127
49 189
49 63
50 130
50 132
50 138
50 144
50 149
50 150
50 158
50 160
50 162
50 169
50 173
50 179
50 55
50 62
50 192
50 161
50 73
50 74
50 183
50 81
50 82
50 83
50 88
50 99
50 100
50 104
50 105
50 110
50 114
50 119
50 123
50 126
51 68
51 70
51 194
51 175
51 178
51 116
51 60
51 95
52 68
52 113
52 139
52 76
52 72
52 54
52 167
53 192
53 68
53 135
53 139
53 76
53 78
53 149
53 122
53 166
53 167
53 178
53 54
53 55
53 148
53 58
54 64
54 129
54 68
54 71
54 139
54 76
54 66
54 142
54 147
54 84
54 91
54 163
54 70
54 113
54 168
54 194
54 106
54 167
54 72
54 115
54 120
54 61
54 134
55 135
55 150
55 154
55 159
55 162
55 177
55 179
55 180
55 183
55 186
55 189
55 196
55 161
55 74
55 76
55 79
55 81
55 84
55 92
55 109
55 114
55 122
55 124
55 126
56 187
56 71
56 125
56 178
56 93
56 143
56 184
56 164
56 91
56 61
56 127
57 116
57 68
57 76
58 64
58 175
58 142
58 143
58 91
58 159
58 163
58 170
58 172
58 61
58 168
58 115
58 120
58 186
58 95
58 125
58 190
59 195
59 156
60 129
60 67
60 68
60 138
60 76
60 77
60 173
60 196
60 89
60 97
60 131
60 103
60 199
60 178
60 118
61 129
61 163
61 101
61 167
61 136
61 174
61 143
61 116
61 142
61 125
61 190
62 130
62 132
62 198
62 77
62 131
62 89
62 162
62 177
62 123
62 119
63 97
63 74
63 77
63 79
63 80
63 81
63 131
63 141
63 199
63 92
63 93
63 99
63 169
63 104
63 144
63 178
63 110
63 114
63 187
63 89
63 119
63 184
63 88
63 123
63 124
63 126
63 127
64 68
64 166
64 113
64 72
64 139
64 76
64 136
64 147
64 84
64 148
64 167
65 156
66 96
66 68
66 129
66 139
66 76
66 78
66 167
66 84
66 148
66 166
67 68
67 103
67 178
67 84
67 118
67 153
67 116
68 129
68 138
68 153
68 150
68 159
68 164
68 134
68 167
68 173
68 174
68 178
68 186
68 158
68 72
68 74
68 81
68 91
68 92
68 144
68 101
68 195
68 103
68 104
68 106
68 108
68 109
68 110
68 111
68 113
68 147
68 116
68 118
68 119
68 120
68 124
69 98
69 188
70 167
70 76
70 178
70 84
70 116
71 136
71 139
71 178
71 116
71 148
72 167
72 106
72 113
72 147
73 130
73 131
73 196
73 150
73 198
73 135
73 77
73 79
73 80
73 81
73 154
73 159
73 177
73 180
73 122
73 124
73 189
74 135
74 76
74 80
74 82
74 196
74 154
74 105
74 176
74 93
74 187
74 184
74 122
74 127
74 189
75 108
75 181
76 129
76 138
76 192
76 155
76 150
76 159
76 134
76 168
76 173
76 174
76 181
76 197
76 194
76 81
76 83
76 84
76 185
76 96
76 144
76 99
76 100
76 101
76 103
76 106
76 167
76 108
76 146
76 123
76 124
76 149
77 132
77 135
77 141
77 79
77 196
77 89
77 154
77 160
77 162
77 105
77 176
77 177
77 116
77 122
77 189
78 172
78 159
78 151
78 120
78 186
78 91
79 196
79 135
79 161
79 144
79 89
79 154
79 199
79 97
79 105
79 189
79 116
79 119
79 122
79 183
80 196
80 135
80 81
80 154
80 161
80 99
80 105
80 114
80 158
80 183
81 135
81 183
81 161
81 82
81 84
81 196
81 154
81 162
81 178
81 105
81 176
81 93
81 180
81 122
82 187
82 130
82 198
82 141
82 131
82 89
82 160
82 114
82 179
82 180
82 126
82 184
82 119
82 124
82 189
83 109
83 131
83 92
83 99
83 100
83 178
83 114
83 180
84 129
84 132
84 150
84 153
84 158
84 160
84 167
84 168
84 173
84 174
84 177
84 179
84 198
84 194
84 162
84 139
84 87
84 88
84 130
84 95
84 96
84 131
84 101
84 103
84 104
84 115
84 118
84 119
84 120
84 134
84 123
84 124
84 126
85 156
86 178
86 108
86 111
87 192
87 149
87 176
87 162
87 105
87 110
87 178
87 184
87 187
87 127
88 192
88 138
88 149
88 105
88 173
88 99
88 116
88 180
89 130
89 196
89 198
89 135
89 183
89 141
89 144
89 162
89 161
89 176
89 179
89 116
89 119
89 123
89 189
90 128
90 117
90 137
90 171
90 165
91 167
91 136
91 139
91 174
91 178
91 116
91 148
91 101
92 192
92 149
92 178
92 180
93 131
93 184
93 162
93 99
93 164
93 169
93 176
93 178
93 110
93 114
93 138
93 126
94 191
95 167
95 116
96 129
96 134
96 151
96 120
97 180
97 196
97 189
98 193
98 140
98 133
99 192
99 138
99 149
99 187
99 100
99 104
99 173
99 180
99 184
100 178
100 192
100 131
100 114
100 109
100 180
100 149
101 129
101 142
101 143
101 163
101 174
101 125
101 190
102 156
103 178
103 118
103 153
104 192
104 138
104 149
104 105
104 173
104 180
105 130
105 132
105 150
105 198
105 131
105 141
105 160
105 144
105 178
105 169
105 109
105 110
105 177
105 179
105 126
105 119
105 123
105 124
106 167
106 139
106 113
106 147
107 156
107 182
108 181
109 192
109 149
109 178
109 184
109 187
109 127
110 192
110 149
110 162
110 169
110 126
111 197
111 178
111 181
111 185
111 155
111 157
112 191
113 167
113 139
113 147
114 192
114 162
114 176
114 184
114 189
114 127
115 167
115 168
115 139
115 116
116 129
116 131
116 138
116 142
116 141
116 146
116 196
116 163
116 168
116 173
116 175
116 178
116 189
116 194
117 137
117 156
118 153
118 178
119 141
119 131
119 160
119 162
119 176
119 179
120 167
120 136
120 151
121 156
122 132
122 135
122 131
122 141
122 159
122 161
122 177
122 178
122 186
122 183
123 130
123 198
123 141
123 144
123 131
123 160
123 179
124 196
124 176
124 162
124 178
124 180
124 187
124 184
124 127
124 189
125 163
125 167
125 142
125 174
126 192
126 149
126 169
126 176
126 162
126 178
126 180
126 187
126 127
127 173
127 184
127 131
127 150
127 162
127 178
127 138
128 165
128 137
128 156
129 139
129 142
129 151
129 167
129 174
129 178
129 134
130 132
130 198
130 144
130 161
130 178
130 177
130 179
130 183
131 132
131 161
131 139
131 154
131 160
131 144
131 162
131 187
131 176
131 177
131 179
131 183
132 144
132 154
132 160
132 161
132 162
132 177
132 179
132 183
134 139
135 196
135 141
135 186
135 159
135 161
135 189
135 178
135 183
136 170
136 159
136 142
136 152
136 151
136 186
137 171
137 165
138 196
138 178
138 180
138 184
138 187
139 151
139 175
139 186
139 170
140 193
141 196
141 183
141 144
141 154
141 199
141 162
142 163
142 143
143 163
143 167
143 174
143 190
144 198
144 160
144 177
144 179
145 156
146 178
147 167
148 172
148 170
148 159
148 151
148 186
149 178
149 180
150 183
150 154
150 161
150 178
150 180
150 184
150 187
151 166
151 170
151 172
151 152
152 166
152 170
154 159
154 161
154 177
154 178
154 186
154 183
155 178
155 185
155 157
156 182
157 178
157 181
157 185
157 164
158 180
159 192
159 186
159 161
159 166
159 178
159 183
160 176
160 179
161 198
161 189
161 180
161 183
162 198
162 177
162 169
162 178
162 179
162 184
162 187
163 167
163 178
163 190
164 181
164 185
165 171
166 172
166 170
166 186
167 175
167 168
167 194
167 190
169 192
169 178
169 180
173 196
173 180
173 184
173 187
173 189
174 190
176 196
176 198
176 178
176 179
176 180
176 184
176 187
176 189
177 198
178 184
178 198
178 185
178 187
178 181
178 197
179 198
180 196
180 183
180 199
180 189
181 185
183 198
183 196
183 186
183 189
185 197
186 192
189 196
189 199
196 199
