0 172
0 1
0 194
0 67
0 4
0 5
0 198
0 9
0 160
0 141
0 150
0 145
0 18
0 22
0 87
0 24
0 89
0 26
0 91
0 28
0 154
0 30
0 95
0 133
0 162
0 41
0 170
0 44
0 111
0 176
0 113
0 50
0 51
0 52
0 117
0 118
0 122
0 61
1 129
1 130
1 131
1 6
1 151
1 12
1 141
1 142
1 144
1 19
1 21
1 23
1 25
1 27
1 157
1 158
1 159
1 34
1 35
1 165
1 38
1 169
1 42
1 171
1 47
1 155
1 182
1 55
1 59
1 60
1 62
1 72
1 75
1 79
1 80
1 82
1 85
1 86
1 187
1 166
1 183
1 120
1 170
2 112
2 114
2 99
2 4
2 121
2 9
2 107
2 172
3 5
3 199
3 138
3 139
3 152
3 18
3 147
3 87
3 88
3 153
3 93
3 94
3 37
3 96
3 100
3 101
3 39
3 105
3 103
3 173
3 175
3 48
3 49
3 116
3 63
4 145
4 150
4 194
4 44
4 18
4 46
4 61
5 118
5 135
5 145
5 9
5 14
5 143
5 81
5 18
5 22
5 89
5 91
5 28
5 95
5 160
5 112
5 162
5 99
5 103
5 41
5 172
5 114
5 46
5 111
5 48
5 49
5 50
5 117
5 54
5 121
5 122
5 61
6 130
6 196
6 129
6 8
6 11
6 144
6 17
6 19
6 21
6 23
6 25
6 155
6 156
6 29
6 158
6 159
6 33
6 34
6 163
6 164
6 165
6 38
6 40
6 169
6 170
6 45
6 174
6 157
6 136
6 53
6 55
6 57
6 59
6 60
6 190
6 191
6 65
6 66
6 68
6 161
6 72
6 77
6 78
6 80
6 193
6 85
6 90
6 97
6 98
6 187
6 166
6 188
6 151
6 109
6 110
6 168
6 115
6 120
6 123
6 149
7 128
7 66
7 195
7 8
7 77
7 15
7 146
7 157
7 159
7 161
7 38
7 42
7 43
7 110
7 47
7 136
7 180
7 182
7 57
7 59
7 106
8 64
8 192
8 131
8 68
8 73
8 140
8 141
8 16
8 184
8 82
8 19
8 21
8 23
8 137
8 132
8 155
8 29
8 144
8 98
8 35
8 165
8 38
8 106
8 166
8 178
8 115
8 181
8 56
8 58
8 123
8 170
8 149
9 112
9 51
9 198
9 87
9 67
9 172
9 46
10 130
10 132
10 12
10 13
10 142
10 149
10 151
10 25
10 27
10 161
10 155
10 164
10 168
10 169
10 171
10 47
10 178
10 53
10 182
10 55
10 56
10 58
10 59
10 60
10 62
10 191
10 195
10 68
10 72
10 74
10 75
10 79
10 80
10 184
10 82
10 86
10 187
10 110
10 40
10 115
10 123
10 183
11 64
11 66
11 68
11 76
11 140
11 144
11 184
11 149
11 36
11 186
11 32
11 16
11 164
11 134
11 102
11 178
11 115
11 56
11 58
12 64
12 131
12 73
12 140
12 82
12 19
12 21
12 151
12 29
12 35
12 166
12 38
12 178
12 115
12 56
12 58
12 192
12 74
12 62
13 65
13 131
13 80
13 195
13 85
13 86
13 23
13 79
13 159
13 33
13 98
13 35
13 165
13 16
13 144
13 43
13 45
13 110
13 47
13 27
13 181
13 182
13 55
13 56
13 124
14 197
14 67
14 100
14 104
14 119
14 49
14 18
14 179
14 148
14 87
14 24
14 122
14 127
15 64
15 192
15 195
15 68
15 69
15 73
15 140
15 149
15 164
15 29
15 32
15 161
15 36
15 165
15 38
15 106
15 115
15 180
15 181
15 137
15 184
15 186
15 123
15 124
15 74
16 128
16 129
16 142
16 17
16 146
16 19
16 23
16 27
16 156
16 159
16 33
16 34
16 163
16 166
16 167
16 43
16 174
16 47
16 136
16 182
16 183
16 57
16 59
16 151
16 190
16 191
16 66
16 196
16 55
16 77
16 79
16 83
16 84
16 86
16 90
16 188
16 97
16 187
16 60
16 109
16 125
17 69
17 45
17 56
17 186
18 139
18 141
18 145
18 148
18 22
18 24
18 179
18 162
18 37
18 41
18 170
18 46
18 175
18 48
18 49
18 51
18 61
18 62
18 63
18 198
18 199
18 78
18 88
18 91
18 94
18 99
18 101
18 103
18 105
18 189
18 112
18 116
18 119
18 120
18 122
18 126
18 127
19 130
19 132
19 129
19 141
19 142
19 21
19 151
19 155
19 159
19 34
19 164
19 165
19 38
19 170
19 178
19 55
19 58
19 187
19 60
19 192
19 191
19 64
19 73
19 74
19 78
19 83
19 84
19 36
19 144
19 98
19 106
19 140
19 115
19 120
19 123
19 124
20 96
20 103
20 199
20 175
20 48
20 49
20 147
20 116
21 131
21 75
21 141
21 78
21 83
21 84
21 142
21 23
21 27
21 158
21 159
21 171
21 35
21 166
21 167
21 168
21 170
21 43
21 151
21 183
21 155
21 181
21 55
21 59
21 124
21 74
21 62
22 100
22 39
22 173
22 111
22 113
22 118
22 153
22 89
22 28
22 30
22 197
23 69
23 74
23 76
23 141
23 82
23 134
23 151
23 25
23 155
23 29
23 158
23 159
23 32
23 144
23 98
23 36
23 102
23 38
23 168
23 169
23 42
23 178
23 186
23 55
23 58
23 170
23 62
23 165
24 67
24 104
24 119
24 148
24 87
24 122
24 189
24 127
25 64
25 131
25 140
25 82
25 132
25 159
25 98
25 165
25 169
25 106
25 43
25 178
25 115
25 184
25 58
25 124
25 62
25 149
26 81
26 118
26 54
26 87
26 41
26 135
26 28
26 143
26 117
27 131
27 78
27 141
27 56
27 82
27 155
27 29
27 35
27 38
27 171
27 178
27 181
27 55
27 120
27 58
27 183
27 124
27 74
27 62
28 41
28 91
29 192
29 171
29 73
29 75
29 141
29 142
29 80
29 83
29 84
29 85
29 157
29 159
29 144
29 98
29 165
29 38
29 167
29 40
29 170
29 43
29 110
29 53
29 183
29 195
30 67
30 87
31 96
31 67
31 71
31 177
31 103
31 108
31 49
31 147
31 87
31 88
31 185
31 92
31 126
32 65
32 66
32 131
32 69
32 134
32 97
32 77
32 80
32 195
32 33
32 163
32 40
32 161
32 109
32 186
32 188
33 97
33 98
33 163
33 102
33 65
33 74
33 76
33 178
33 144
33 56
33 188
33 165
34 64
34 74
34 140
34 141
34 151
34 144
34 165
34 166
34 170
34 178
34 115
34 56
34 58
34 187
34 191
35 130
35 131
35 134
35 142
35 141
35 157
35 158
35 36
35 167
35 42
35 47
35 178
35 53
35 58
35 59
35 69
35 72
35 74
35 76
35 78
35 79
35 82
35 83
35 84
35 85
35 86
35 186
35 120
35 123
35 170
36 128
36 66
36 131
36 70
36 136
36 77
36 80
36 146
36 85
36 155
36 156
36 195
36 40
36 109
36 110
36 55
36 57
36 151
37 96
37 175
37 49
37 147
37 126
37 88
37 116
37 152
37 93
37 94
38 132
38 137
38 151
38 141
38 144
38 149
38 159
38 155
38 164
38 165
38 166
38 43
38 47
38 178
38 180
38 182
38 55
38 184
38 192
38 64
38 68
38 73
38 74
38 75
38 79
38 86
38 98
38 106
38 140
38 183
39 162
39 100
39 197
39 41
39 122
39 91
40 69
40 76
40 141
40 144
40 186
40 165
40 134
40 102
40 170
40 178
40 181
40 58
40 124
40 74
41 160
41 67
41 113
41 138
41 81
41 147
41 87
41 88
41 89
41 118
41 96
41 100
41 101
41 135
41 173
41 111
41 49
41 50
41 117
41 54
41 153
41 126
42 64
42 131
42 68
42 137
42 74
42 140
42 141
42 144
42 149
42 132
42 159
42 98
42 164
42 165
42 106
42 43
42 59
42 115
42 180
42 56
42 123
42 170
43 192
43 134
43 140
43 151
43 158
43 159
43 164
43 165
43 168
43 169
43 180
43 56
43 186
43 59
43 62
43 191
43 64
43 68
43 69
43 73
43 74
43 78
43 184
43 144
43 98
43 187
43 106
43 120
43 123
43 170
43 149
44 194
44 67
44 133
44 46
44 145
44 52
44 150
44 154
45 192
45 193
45 68
45 73
45 74
45 140
45 144
45 196
45 132
45 90
45 98
45 174
45 178
45 115
45 56
45 123
45 190
46 133
46 172
46 194
46 99
46 176
46 145
46 67
46 52
46 150
46 87
46 154
46 95
47 64
47 131
47 73
47 76
47 80
47 102
47 106
47 178
47 140
47 115
47 180
47 181
47 137
47 56
47 58
47 123
47 124
47 192
48 96
48 49
48 103
48 147
48 199
48 101
49 139
49 67
49 153
49 92
49 94
49 96
49 101
49 175
49 177
49 147
49 116
49 105
49 185
49 122
49 63
50 160
50 162
50 54
50 143
50 118
50 91
51 99
51 121
51 107
51 172
51 114
52 194
52 67
52 133
52 145
52 150
52 87
52 154
52 61
53 192
53 131
53 68
53 69
53 73
53 144
53 85
53 186
53 132
53 165
53 98
53 164
53 134
53 106
53 110
53 157
53 178
53 181
53 137
53 58
53 124
53 74
54 160
54 143
54 117
55 130
55 132
55 129
55 151
55 134
55 166
55 170
55 178
55 181
55 183
55 184
55 58
55 187
55 62
55 191
55 68
55 72
55 74
55 75
55 78
55 141
55 82
55 186
55 144
55 98
55 123
55 124
55 149
56 129
56 66
56 75
56 196
56 130
56 193
56 79
56 84
56 171
56 90
56 156
56 159
56 131
56 167
56 124
56 174
56 181
56 182
56 183
56 60
56 125
56 190
56 191
57 98
57 136
57 74
57 76
57 77
57 109
57 146
57 180
57 106
57 70
57 102
57 134
58 131
58 142
58 146
58 156
58 157
58 158
58 167
58 169
58 171
58 136
58 178
58 155
58 182
58 59
58 151
58 181
58 70
58 72
58 74
58 75
58 79
58 80
58 82
58 83
58 84
58 85
58 86
58 166
58 110
58 168
59 192
59 115
59 68
59 73
59 140
59 78
59 184
59 82
59 131
59 132
59 159
59 144
59 98
59 164
59 106
59 178
59 180
59 181
59 137
59 120
59 123
59 74
59 149
60 130
60 131
60 129
60 141
60 155
60 159
60 144
60 181
60 124
60 170
61 176
61 87
61 95
62 192
62 171
62 73
62 141
62 78
62 84
62 158
62 159
62 98
62 155
62 165
62 168
62 169
62 106
62 82
62 142
62 183
62 181
62 120
62 170
63 103
63 105
63 139
63 116
63 94
63 199
63 88
63 126
64 129
64 142
64 144
64 151
64 155
64 156
64 158
64 159
64 161
64 165
64 167
64 182
64 66
64 195
64 78
64 79
64 83
64 86
64 98
64 115
64 120
65 98
65 163
65 69
65 74
65 186
65 165
66 68
66 69
66 73
66 74
66 76
66 156
66 165
66 98
66 134
66 102
66 106
66 178
66 140
66 115
66 137
66 186
67 194
67 199
67 133
67 113
67 150
67 87
67 89
67 154
67 135
67 160
67 176
67 99
67 103
67 107
67 114
67 111
67 112
67 121
67 122
68 195
68 130
68 144
68 151
68 79
68 157
68 159
68 161
68 98
68 155
68 165
68 72
68 182
68 120
68 124
68 181
69 195
69 196
69 134
69 136
69 76
69 80
69 163
69 90
69 156
69 157
69 193
69 110
69 155
69 186
69 188
69 125
69 190
70 136
70 137
70 74
70 178
70 180
71 88
71 92
71 126
72 192
72 130
72 73
72 141
72 144
72 151
72 132
72 155
72 98
72 165
72 166
72 178
72 123
72 124
73 128
73 129
73 77
73 78
73 84
73 85
73 151
73 158
73 159
73 161
73 166
73 157
73 182
73 120
73 136
73 109
73 191
74 128
74 129
74 131
74 136
74 151
74 142
74 146
74 157
74 158
74 159
74 163
74 167
74 178
74 155
74 182
74 188
74 181
74 195
74 161
74 77
74 80
74 82
74 83
74 84
74 85
74 97
74 166
74 171
74 109
74 110
74 124
75 183
75 141
75 78
75 155
75 178
75 120
76 131
76 134
76 136
76 80
76 86
76 156
76 102
76 182
76 186
77 144
77 98
77 165
77 136
77 192
77 178
77 180
77 106
77 137
77 102
77 134
78 123
78 115
78 192
78 142
78 144
78 82
78 84
78 151
78 132
78 159
78 171
78 98
78 165
78 166
78 167
78 106
78 140
78 83
78 155
78 184
78 183
78 149
79 131
79 134
79 140
79 184
79 149
79 86
79 132
79 164
79 102
79 192
79 106
79 178
79 115
79 181
79 182
79 137
79 123
79 124
79 170
80 141
80 144
80 186
80 98
80 165
80 102
80 170
80 181
80 124
81 87
81 117
82 144
82 83
82 84
82 142
82 158
82 159
82 98
82 167
82 168
82 170
82 171
82 178
82 155
82 181
82 120
83 131
83 140
83 120
83 84
83 151
83 181
83 124
84 192
84 131
84 120
84 151
84 166
84 167
84 178
84 115
84 181
84 124
85 192
85 131
85 144
85 110
85 157
85 178
85 124
85 181
86 131
86 170
86 178
86 140
86 115
86 180
86 182
86 137
86 123
87 135
87 143
87 89
87 154
87 95
87 160
87 104
87 172
87 111
87 176
87 113
87 117
87 122
88 139
88 108
88 175
88 177
88 105
88 185
88 92
88 93
89 162
89 91
90 144
90 134
91 160
91 100
91 113
91 118
91 153
92 96
92 177
92 103
92 108
92 199
92 185
92 126
93 152
93 116
93 139
93 126
93 175
94 96
94 175
94 147
94 101
95 145
95 133
96 175
96 116
96 101
97 98
97 144
97 186
97 165
98 130
98 196
98 129
98 151
98 140
98 144
98 158
98 159
98 168
98 169
98 157
98 195
98 161
98 141
98 187
98 166
98 109
98 110
98 115
98 170
98 120
98 123
99 198
100 197
100 138
100 153
101 116
101 147
102 195
102 134
102 161
102 136
102 131
102 156
103 139
103 153
103 175
103 147
103 116
104 179
104 148
104 122
104 119
104 189
104 127
105 139
105 175
105 116
105 152
105 126
106 128
106 151
106 157
106 159
106 161
106 187
106 166
106 168
106 109
106 110
106 136
106 180
106 182
106 120
107 198
107 121
108 126
109 144
109 165
109 136
109 192
109 178
110 192
110 131
110 132
110 144
110 186
110 164
110 165
110 157
110 178
110 180
110 137
110 184
110 149
111 162
112 198
112 114
112 172
113 162
114 198
114 121
115 129
115 195
115 140
115 144
115 142
115 151
115 156
115 158
115 161
115 187
115 165
115 166
115 167
115 168
115 124
115 181
115 182
115 169
115 120
115 191
116 139
116 175
116 147
116 152
116 199
117 135
117 118
117 143
118 162
119 179
119 189
119 127
120 171
120 141
120 142
120 144
120 149
120 151
120 132
120 164
120 165
120 166
120 159
120 140
120 183
120 184
120 170
121 198
122 138
122 173
122 153
123 130
123 131
123 144
123 149
123 151
123 132
123 156
123 159
123 161
123 164
123 166
123 124
123 155
123 187
123 182
123 184
123 195
123 191
124 130
124 142
124 149
124 157
124 161
124 155
124 166
124 169
124 178
124 187
124 191
124 195
124 184
125 144
125 196
125 186
125 134
126 139
126 175
126 152
126 185
127 189
128 192
128 137
128 178
128 180
129 140
129 141
129 151
129 155
129 166
129 170
129 178
129 187
129 192
129 191
130 131
130 141
130 184
130 149
130 151
130 132
130 155
130 164
130 165
130 166
130 170
130 187
130 181
130 191
131 134
131 142
131 141
131 157
131 167
131 168
131 169
131 171
131 178
131 182
131 187
132 144
132 151
132 157
132 158
132 159
132 166
132 168
132 169
132 155
132 181
133 145
133 150
134 193
134 161
134 163
134 156
134 157
134 159
134 174
134 155
134 186
134 190
134 195
136 192
136 146
136 178
136 180
136 137
137 195
137 146
137 157
137 161
137 182
138 197
139 199
139 175
139 152
140 195
140 144
140 142
140 151
140 156
140 159
140 161
140 155
140 165
140 167
140 168
140 169
140 182
140 166
141 151
141 158
141 159
141 144
141 165
141 171
141 157
141 155
141 187
141 168
141 183
141 191
142 151
142 166
142 178
142 181
143 160
144 196
144 155
144 156
144 159
144 165
144 174
144 157
144 190
144 191
144 187
144 188
144 151
144 170
145 194
145 176
145 150
145 154
146 180
147 199
147 175
148 179
148 189
149 184
149 156
149 157
149 158
149 159
149 166
149 168
149 169
149 155
149 181
150 154
151 155
151 159
151 164
151 165
151 167
151 178
151 181
151 187
151 192
151 191
151 166
152 175
153 162
153 197
153 199
155 164
155 166
155 170
155 171
155 178
155 181
155 183
155 184
155 186
155 187
156 184
156 178
156 186
156 164
157 192
157 170
157 186
157 181
157 165
157 164
157 178
157 180
157 184
158 192
158 159
158 164
158 165
158 178
158 181
158 184
159 164
159 168
159 169
159 180
159 192
159 184
159 166
159 170
161 192
161 195
161 181
164 166
165 196
165 169
165 187
165 191
165 166
165 188
165 170
166 192
166 184
166 187
166 191
166 181
166 170
167 178
167 181
168 178
168 170
169 178
169 181
169 184
170 171
170 191
170 187
170 182
171 178
171 183
172 198
174 193
174 186
175 199
178 182
178 181
178 183
179 189
180 182
181 187
181 184
181 195
181 191
182 192
186 195
186 196
186 193
186 188
191 192
192 195
