0 64
0 97
0 98
0 3
0 36
0 133
0 104
0 77
0 176
0 56
0 146
0 24
0 132
0 156
0 31
1 128
1 69
1 134
1 71
1 8
1 10
1 141
1 143
1 99
1 20
1 85
1 22
1 89
1 27
1 29
1 35
1 198
1 38
1 167
1 157
1 57
1 122
1 62
2 129
2 130
2 135
2 139
2 12
2 142
2 143
2 16
2 17
2 18
2 19
2 20
2 21
2 151
2 26
2 27
2 29
2 32
2 161
2 162
2 37
2 177
2 41
2 44
2 47
2 49
2 180
2 53
2 182
2 57
2 186
2 61
2 192
2 194
2 68
2 69
2 198
2 73
2 88
2 90
2 144
2 99
2 105
2 108
2 189
2 126
3 51
3 132
3 77
3 4
3 165
3 42
3 45
3 110
3 112
3 178
3 115
4 196
4 133
4 72
4 41
4 42
4 77
4 176
4 17
4 146
4 19
4 56
4 186
4 124
4 138
5 64
5 193
5 196
5 9
5 138
5 17
5 19
5 84
5 21
5 151
5 91
5 28
5 96
5 37
5 104
5 108
5 45
5 51
5 117
5 118
5 186
5 124
6 192
6 68
6 8
6 139
6 141
6 17
6 21
6 151
6 152
6 175
6 28
6 162
6 37
6 41
6 43
6 47
6 50
6 179
6 52
6 53
6 118
6 185
6 186
6 191
6 126
6 127
7 198
7 9
7 16
7 18
7 22
7 87
7 27
7 35
7 41
7 108
7 83
7 54
7 59
8 130
8 22
8 135
8 9
8 151
8 18
8 148
8 150
8 23
8 155
8 162
8 167
8 169
8 53
8 182
8 57
8 188
8 61
8 191
8 65
8 194
8 73
8 75
8 63
8 107
8 41
8 119
8 124
9 130
9 134
9 11
9 175
9 143
9 195
9 148
9 152
9 153
9 155
9 29
9 30
9 162
9 180
9 164
9 37
9 38
9 167
9 43
9 174
9 47
9 48
9 49
9 50
9 52
9 53
9 54
9 183
9 57
9 58
9 59
9 60
9 62
9 63
9 192
9 66
9 139
9 68
9 69
9 70
9 74
9 83
9 85
9 92
9 103
9 188
9 107
9 157
9 115
9 117
9 118
9 119
9 191
9 126
9 127
10 128
10 14
10 80
10 17
10 18
10 87
10 92
10 34
10 171
10 109
10 174
10 48
10 49
10 54
10 137
10 186
10 60
11 66
11 74
11 77
11 16
11 147
11 21
11 87
11 152
11 91
11 28
11 93
11 162
11 39
11 40
11 47
11 53
11 118
11 187
11 188
11 181
12 49
12 168
12 75
12 122
12 23
12 57
12 26
12 90
13 64
13 77
13 15
13 147
13 156
13 93
13 94
13 95
13 97
13 39
13 45
13 46
13 111
13 116
13 55
13 31
14 134
14 38
14 168
14 109
14 157
14 48
14 49
14 18
14 83
14 89
14 26
14 92
14 90
15 96
15 98
15 36
15 197
15 42
15 45
15 111
15 156
16 75
16 198
16 137
16 66
16 17
16 18
16 83
16 23
16 27
16 28
16 186
16 91
16 92
16 174
16 48
16 118
16 121
16 58
17 151
17 130
17 142
17 21
17 150
17 23
17 155
17 27
17 28
17 157
17 30
17 162
17 35
17 37
17 168
17 44
17 49
17 52
17 53
17 182
17 57
17 187
17 63
17 198
17 70
17 71
17 73
17 163
17 84
17 90
17 99
17 115
17 117
17 118
17 119
18 137
18 130
18 20
18 21
18 22
18 152
18 153
18 26
18 155
18 157
18 34
18 168
18 43
18 44
18 174
18 47
18 48
18 49
18 179
18 52
18 183
18 180
18 187
18 68
18 75
18 141
18 83
18 84
18 185
18 89
18 90
18 91
18 92
18 109
18 117
18 118
18 121
18 126
18 127
19 128
19 135
19 142
19 148
19 21
19 22
19 23
19 25
19 27
19 29
19 30
19 33
19 155
19 167
19 169
19 171
19 174
19 48
19 180
19 182
19 183
19 59
19 60
19 61
19 62
19 63
19 193
19 195
19 73
19 75
19 141
19 88
19 89
19 99
19 107
19 122
19 124
19 127
20 22
20 134
20 75
20 140
20 173
20 82
20 85
20 86
20 89
20 90
20 27
20 26
20 32
20 35
20 198
20 38
20 168
20 29
20 113
20 160
20 123
20 190
21 128
21 65
21 193
21 75
21 148
21 89
21 188
21 162
21 195
21 169
21 171
21 108
21 49
21 53
21 58
21 191
21 124
21 117
22 134
22 137
22 138
22 175
22 152
22 153
22 26
22 27
22 28
22 29
22 30
22 161
22 34
22 38
22 167
22 129
22 48
22 49
22 180
22 54
22 59
22 189
22 196
22 198
22 177
22 83
22 84
22 90
22 91
22 92
22 105
22 107
22 109
22 168
22 117
22 118
22 122
22 123
22 124
22 127
23 135
23 141
23 151
23 196
23 26
23 27
23 28
23 49
23 168
23 41
23 43
23 44
23 177
23 179
23 182
23 185
23 186
23 63
23 192
23 194
23 68
23 73
23 79
23 57
23 88
23 91
23 105
23 108
23 118
23 122
23 123
23 124
23 127
24 132
24 133
24 146
24 93
24 31
24 97
24 36
24 165
24 39
24 104
24 42
24 176
24 110
24 112
24 178
24 55
25 193
25 130
25 196
25 138
25 150
25 151
25 152
25 26
25 155
25 91
25 41
25 47
25 52
25 180
25 187
25 124
25 126
26 128
26 151
26 27
26 33
26 34
26 35
26 177
26 41
26 171
26 49
26 182
26 57
26 187
26 61
26 169
26 65
26 195
26 198
26 71
26 73
26 75
26 84
26 142
26 89
26 99
26 161
26 102
26 105
26 117
26 119
26 148
26 123
27 128
27 107
27 134
27 75
27 192
27 85
27 92
27 90
27 198
27 80
27 139
27 168
27 171
27 44
27 48
27 54
27 153
27 186
27 59
27 124
27 62
28 139
28 68
28 74
28 91
28 118
28 169
28 186
28 89
28 185
28 58
29 196
29 134
29 193
29 138
29 151
29 141
29 83
29 87
29 89
29 38
29 41
29 108
29 122
29 124
30 128
30 175
30 150
30 75
30 130
30 141
30 151
30 152
30 89
30 186
30 155
30 122
30 33
30 102
30 40
30 41
30 171
30 108
30 47
30 50
30 179
30 180
30 169
30 87
30 124
31 98
31 132
31 104
31 96
31 170
31 46
31 45
31 112
31 120
31 111
32 144
32 70
32 171
32 80
32 49
32 83
32 87
33 129
33 141
33 84
33 152
33 91
33 162
33 37
33 169
33 108
33 47
33 50
33 179
33 180
33 117
33 118
33 122
33 189
33 126
33 53
34 168
34 75
34 109
34 157
34 49
34 89
34 90
34 127
35 186
35 168
35 92
35 183
35 174
35 48
35 54
35 153
35 121
35 59
35 60
35 90
36 64
36 66
36 133
36 76
36 115
36 184
36 146
36 170
36 156
36 158
36 159
36 96
36 98
36 101
36 40
36 42
36 197
36 45
36 112
36 104
36 51
36 181
36 55
36 120
36 106
37 128
37 193
37 195
37 196
37 74
37 75
37 141
37 188
37 84
37 122
37 162
37 40
37 169
37 171
37 179
37 53
37 148
37 58
37 191
37 124
37 138
37 181
38 69
38 198
38 75
38 85
38 89
38 92
38 123
38 48
38 54
39 132
39 40
39 74
39 111
39 51
39 181
39 170
39 120
39 93
40 192
40 129
40 66
40 139
40 68
40 72
40 74
40 77
40 147
40 152
40 175
40 79
40 93
40 165
40 162
40 43
40 44
40 178
40 110
40 50
40 180
40 53
40 111
40 185
40 58
40 191
40 188
40 181
41 137
41 138
41 151
41 130
41 143
41 152
41 180
41 134
41 167
41 171
41 174
41 49
41 179
41 52
41 54
41 183
41 57
41 59
41 62
41 193
41 69
41 187
41 141
41 83
41 84
41 89
41 90
41 99
41 107
41 108
41 117
41 153
41 122
41 124
41 126
41 127
42 133
42 199
42 77
42 146
42 156
42 94
42 159
42 97
42 166
42 104
42 176
42 45
42 112
42 51
42 116
42 56
42 125
43 128
43 74
43 75
43 80
43 87
43 161
43 105
43 171
43 177
44 198
44 74
44 75
44 66
44 85
44 91
44 186
44 161
44 167
44 58
44 123
44 62
45 132
45 76
45 77
45 146
45 67
45 78
45 154
45 156
45 93
45 95
45 133
45 97
45 98
45 101
45 176
45 110
45 46
45 111
45 112
45 116
45 55
45 56
46 64
46 96
46 98
46 132
46 197
46 97
46 170
46 112
46 51
46 116
46 55
46 56
46 120
46 111
47 128
47 65
47 150
47 129
47 136
47 74
47 75
47 81
47 195
47 148
47 149
47 89
47 130
47 102
47 171
47 175
47 181
47 58
47 189
48 196
48 134
48 71
48 157
48 161
48 198
48 108
48 174
48 123
48 124
48 138
49 128
49 151
49 144
49 157
49 161
49 171
49 52
49 182
49 57
49 187
49 63
49 194
49 70
49 73
49 75
49 80
49 142
49 87
49 88
49 89
49 91
49 99
49 109
49 113
49 117
49 118
49 119
49 123
49 126
50 65
50 131
50 136
50 75
50 81
50 149
50 152
50 89
50 175
50 145
50 169
50 181
51 176
51 98
51 77
51 112
51 178
51 147
51 55
51 56
51 111
51 156
51 165
52 65
52 141
52 80
52 151
52 90
52 102
52 168
52 187
53 74
53 75
53 66
53 195
53 148
53 87
53 186
53 169
53 108
53 181
53 58
53 127
54 134
54 71
54 80
54 59
54 83
54 137
54 89
54 151
54 157
54 153
55 64
55 77
55 98
55 97
55 72
55 132
55 111
55 78
55 93
56 64
56 110
56 133
56 178
56 104
56 176
56 115
56 146
56 97
56 156
56 165
57 75
57 141
57 80
57 83
57 122
57 90
57 168
57 108
57 179
57 186
57 182
57 87
57 119
57 151
57 63
58 181
58 74
58 77
58 84
58 152
58 91
58 93
58 165
58 162
58 191
58 110
58 178
58 117
58 118
58 180
58 187
58 188
58 126
59 193
59 196
59 198
59 71
59 138
59 89
59 157
59 105
59 108
59 177
59 123
59 124
60 151
60 161
60 80
60 87
60 108
60 123
61 128
61 193
61 134
61 75
61 151
61 90
61 99
61 168
61 171
61 108
61 83
61 119
61 127
61 124
61 63
62 68
62 198
62 108
62 138
62 75
62 79
62 80
62 196
62 151
62 89
62 185
62 124
63 193
63 196
63 69
63 134
63 138
63 141
63 143
63 80
63 87
63 90
63 186
63 99
63 164
63 103
63 168
63 119
63 122
63 124
63 127
64 97
64 98
64 72
64 77
65 129
65 130
65 131
65 186
65 175
65 141
65 145
65 84
65 151
65 91
65 90
65 102
65 168
65 117
65 118
65 180
65 122
65 187
65 189
65 126
65 127
66 80
66 162
66 74
66 77
66 118
66 87
66 152
66 91
67 101
67 72
67 78
67 77
67 184
67 154
67 111
67 95
68 128
68 74
68 171
68 85
68 118
68 185
68 181
69 128
69 134
69 135
69 75
69 194
69 142
69 83
69 87
69 88
69 89
69 99
69 171
69 182
69 186
69 119
69 151
70 144
70 163
70 100
70 134
70 75
70 172
70 114
70 173
70 80
70 82
70 83
70 113
70 86
70 87
70 186
71 134
71 92
71 183
71 174
71 83
71 137
72 199
72 74
72 78
72 132
72 154
72 94
72 159
72 98
72 101
72 166
72 106
72 115
72 181
72 184
72 125
73 128
73 193
73 138
73 141
73 143
73 90
73 164
73 103
73 168
73 171
73 108
73 179
73 182
73 186
73 124
73 127
74 192
74 129
74 139
74 130
74 77
74 80
74 150
74 87
74 152
74 79
74 93
74 165
74 162
74 91
74 178
74 155
74 111
74 185
74 191
74 188
74 189
74 181
75 128
75 129
75 135
75 138
75 139
75 141
75 142
75 152
75 161
75 167
75 168
75 179
75 180
75 192
75 175
75 196
75 177
75 162
75 79
75 83
75 85
75 185
75 88
75 90
75 99
75 103
75 107
75 108
75 109
75 189
75 122
75 123
75 126
75 127
76 96
76 197
76 101
76 106
76 77
76 78
76 184
76 120
76 170
76 158
76 95
77 133
77 115
77 146
77 132
77 156
77 95
77 96
77 176
77 98
77 112
77 104
77 181
77 170
78 96
78 98
78 101
78 170
78 184
78 120
78 154
78 197
79 107
79 171
79 85
79 118
79 91
79 181
80 139
80 144
80 157
80 161
80 163
80 164
80 198
80 167
80 174
80 183
80 192
80 177
80 85
80 86
80 87
80 91
80 103
80 105
80 107
80 119
80 123
81 129
81 108
81 180
81 90
81 189
81 126
82 87
82 172
83 107
83 143
83 164
83 85
83 121
83 137
83 89
83 92
83 144
83 161
83 167
83 173
83 113
83 153
83 123
83 151
84 195
84 169
84 151
84 148
84 117
85 198
85 89
85 87
85 185
86 87
87 130
87 137
87 139
87 143
87 144
87 150
87 153
87 155
87 160
87 163
87 164
87 172
87 173
87 174
87 157
87 183
87 192
87 91
87 92
87 103
87 113
87 114
87 118
87 119
87 121
88 164
88 108
88 141
88 143
88 122
89 130
89 134
89 129
89 137
89 138
89 141
89 150
89 151
89 152
89 153
89 161
89 155
89 167
89 168
89 174
89 179
89 180
89 189
89 193
89 175
89 196
89 198
89 91
89 105
89 107
89 108
89 109
89 117
89 118
89 121
89 123
90 128
90 131
90 135
90 145
90 149
90 151
90 182
90 186
90 187
90 192
90 198
90 102
90 171
90 108
90 109
90 119
90 123
90 126
91 139
91 195
91 148
91 118
91 185
92 161
92 198
92 108
92 123
92 174
93 132
93 133
93 146
93 147
93 197
93 96
93 110
93 111
93 176
93 181
94 96
94 120
94 197
94 170
94 159
95 96
95 101
95 170
95 184
95 120
95 154
95 158
96 199
96 146
96 147
96 133
96 166
96 159
96 110
96 116
96 125
97 132
97 197
97 104
97 112
97 120
98 199
98 132
98 104
98 116
98 159
98 125
99 128
99 141
99 143
99 151
99 186
99 164
99 103
99 108
99 179
99 119
99 122
99 127
101 106
101 184
101 154
101 158
102 129
102 168
102 108
102 189
102 151
102 152
102 180
102 126
103 128
103 194
103 134
103 164
103 171
103 108
103 182
104 176
104 116
104 132
104 156
105 139
105 134
105 137
105 177
105 153
106 184
106 154
107 193
107 179
107 198
107 108
107 138
107 141
107 151
107 167
107 185
107 122
107 127
108 128
108 171
108 137
108 151
108 143
108 150
108 152
108 153
108 155
108 162
108 167
108 168
108 135
108 174
108 180
108 182
108 183
108 194
108 195
108 188
108 169
108 121
108 123
109 168
109 157
109 122
109 127
110 197
110 133
110 170
110 176
110 146
110 120
110 165
111 147
111 156
111 112
111 181
112 132
112 133
112 146
112 156
112 176
113 128
113 171
113 173
115 193
115 138
115 176
115 196
115 186
115 124
116 132
116 120
116 156
117 148
117 186
117 151
117 169
118 139
118 195
118 148
118 169
118 186
118 185
119 134
119 141
119 168
119 179
119 186
119 122
119 127
120 132
120 133
120 146
120 147
120 197
121 123
121 198
121 137
121 151
121 157
122 130
122 195
122 141
122 142
122 155
122 135
122 188
122 162
122 167
122 191
122 187
122 182
122 151
122 126
123 192
123 139
123 174
123 183
123 153
124 130
124 198
124 155
124 167
124 174
124 150
124 182
124 183
125 199
126 128
126 131
126 136
126 141
126 195
126 148
126 149
126 151
126 145
126 168
126 171
126 179
126 169
127 130
127 191
127 155
127 188
127 167
127 182
127 151
128 171
128 135
128 139
128 143
128 144
128 151
128 152
128 164
128 173
128 180
128 182
128 186
128 168
128 192
128 198
128 189
129 136
129 149
129 152
129 169
129 171
130 195
130 196
130 193
130 141
130 148
130 150
130 155
130 179
130 180
130 181
130 138
131 175
132 197
132 147
132 156
132 170
132 176
133 146
133 156
133 178
133 170
134 143
134 151
134 161
134 164
134 198
134 177
135 171
135 142
135 186
135 168
136 180
136 149
136 152
136 175
137 161
137 151
137 177
137 157
138 182
138 151
139 192
139 171
139 161
139 177
139 168
139 181
140 160
140 190
141 195
141 194
141 148
141 150
141 155
141 167
141 179
141 187
142 179
142 186
143 182
143 171
143 194
144 171
145 168
145 175
146 197
146 178
146 170
146 156
147 197
147 181
148 193
148 195
148 152
148 162
148 155
148 180
148 191
148 188
148 189
149 152
149 168
149 175
150 152
150 155
150 179
150 180
150 186
151 193
151 167
151 168
151 171
151 174
151 179
151 183
151 186
151 187
151 196
151 153
152 195
152 155
152 171
152 175
152 181
152 189
153 161
153 198
153 157
154 158
155 193
155 186
155 179
156 176
157 174
157 183
157 186
158 184
159 166
160 190
161 192
161 171
161 174
162 195
162 169
162 181
162 186
164 171
164 182
165 178
165 176
165 181
166 170
167 179
167 193
167 185
168 198
168 171
168 182
168 186
168 187
169 175
169 179
169 191
169 188
169 189
170 176
171 198
171 173
171 180
171 182
175 180
175 181
176 178
176 197
178 181
179 195
179 182
180 189
180 195
181 192
181 185
181 188
181 191
182 193
182 196
182 186
186 188
186 191
188 195
188 191
189 195
191 195
192 198
193 195
