0 66
0 3
0 70
0 162
0 11
0 101
0 80
0 147
0 78
0 151
0 164
0 28
0 93
0 95
0 165
0 34
0 35
0 100
0 37
0 39
0 104
0 106
0 107
0 174
0 176
0 177
0 50
0 53
0 186
0 170
0 62
0 63
1 2
1 67
1 133
1 134
1 73
1 138
1 77
1 142
1 131
1 85
1 22
1 92
1 98
1 106
1 45
1 118
1 137
1 189
2 66
2 69
2 134
2 10
2 76
2 142
2 80
2 75
2 84
2 21
2 137
2 155
2 29
2 95
2 160
2 97
2 100
2 37
2 165
2 93
2 50
2 53
2 148
2 114
2 74
2 126
3 195
3 133
3 198
3 113
3 10
3 75
3 66
3 77
3 16
3 147
3 149
3 87
3 92
3 29
3 96
3 98
3 81
3 40
3 111
3 49
3 114
3 116
3 117
3 119
3 120
3 58
3 123
3 124
3 63
4 194
4 135
4 137
4 23
4 77
4 16
4 146
4 21
4 22
4 155
4 92
4 31
4 98
4 163
4 117
4 123
4 60
5 68
5 72
5 44
5 10
5 139
5 14
5 79
5 16
5 87
5 158
5 96
5 33
5 39
5 104
5 188
5 108
5 173
5 180
5 62
5 151
5 74
5 126
5 127
6 193
6 68
6 198
6 135
6 79
6 16
6 17
6 22
6 87
6 153
6 90
6 94
6 31
6 96
6 144
6 187
6 103
6 40
6 199
6 108
6 109
6 46
6 113
6 116
6 117
6 180
6 122
6 159
6 60
7 128
7 99
7 182
7 71
7 41
7 140
7 19
7 181
7 54
7 183
7 152
7 91
7 125
7 30
8 67
8 37
8 83
8 85
8 22
8 184
8 189
9 176
9 70
9 177
9 106
9 12
9 16
9 113
9 20
9 117
9 22
9 87
9 116
9 122
10 137
10 15
10 17
10 148
10 28
10 157
10 31
10 163
10 37
10 38
10 39
10 40
10 173
10 49
10 180
10 58
10 188
10 62
10 198
10 199
10 74
10 77
10 80
10 81
10 86
10 96
10 60
10 108
10 124
10 126
11 65
11 66
11 164
11 130
11 136
11 77
11 195
11 20
11 154
11 89
11 26
11 163
11 36
11 165
11 38
11 168
11 170
11 107
11 174
11 50
11 53
11 55
11 56
11 185
11 186
11 191
11 63
12 65
12 34
12 164
12 130
12 129
12 107
12 66
12 145
12 26
12 191
12 186
12 63
13 162
13 164
13 37
13 70
13 78
13 177
13 53
13 86
13 95
14 139
14 97
14 74
14 75
14 15
14 147
14 148
14 28
14 157
14 158
14 69
14 33
14 35
14 39
14 104
14 44
14 111
14 114
14 121
14 188
14 126
15 28
15 29
15 158
15 160
15 161
15 163
15 38
15 39
15 40
15 156
15 171
15 173
15 47
15 176
15 52
15 180
15 60
15 68
15 198
15 33
15 72
15 74
15 75
15 79
15 142
15 87
15 199
15 101
15 104
15 167
15 121
15 122
15 127
16 146
16 20
16 23
16 24
16 25
16 27
16 32
16 166
16 175
16 51
16 52
16 69
16 76
16 80
16 84
16 86
16 87
16 97
16 100
16 102
16 112
16 116
16 117
16 121
17 132
17 135
17 80
17 21
17 86
17 25
17 90
17 79
17 31
17 96
17 144
17 100
17 37
17 102
17 173
17 52
17 187
18 118
18 83
18 84
18 37
18 88
18 73
18 76
18 45
19 128
19 181
19 54
19 140
19 182
20 70
20 81
20 93
20 95
20 162
20 165
20 177
20 60
20 48
20 49
20 50
20 116
20 53
20 119
20 185
20 58
20 124
21 133
21 198
21 135
21 137
21 194
21 142
21 79
21 149
21 92
21 31
21 96
21 161
21 98
21 38
21 40
21 156
21 171
21 173
21 175
21 180
22 141
22 143
22 146
22 150
22 23
22 132
22 157
22 34
22 164
22 37
22 166
22 42
22 172
22 45
22 174
22 175
22 51
22 189
22 134
22 66
22 69
22 194
22 73
22 78
22 80
22 84
22 85
22 86
22 100
22 102
22 106
22 25
22 170
23 192
23 194
23 133
23 137
23 77
23 142
23 146
23 149
23 87
23 24
23 98
23 163
23 166
23 38
23 106
23 171
23 175
23 113
23 116
23 117
23 122
23 123
24 192
24 133
24 199
24 77
24 142
24 146
24 149
24 87
24 92
24 161
24 98
24 38
24 171
24 173
24 113
24 116
24 117
24 180
24 123
25 96
25 68
25 198
25 135
25 72
25 87
25 27
25 156
25 31
25 32
25 113
25 40
25 42
25 108
25 173
25 49
25 51
25 119
25 122
25 59
25 60
25 106
25 127
26 65
26 162
26 70
26 177
26 50
26 53
26 191
26 93
26 95
27 113
27 116
27 117
27 87
27 59
28 139
28 97
28 172
28 75
28 147
28 148
28 87
28 160
28 35
28 102
28 188
28 44
28 157
28 112
28 113
28 114
28 126
28 151
28 74
28 62
29 132
29 137
29 148
29 149
29 156
29 160
29 33
29 35
29 37
29 40
29 47
29 188
29 68
29 69
29 198
29 74
29 80
29 92
29 96
29 97
29 100
29 102
29 104
29 119
29 123
29 126
30 99
30 152
30 91
30 181
30 54
30 71
30 43
30 183
31 194
31 199
31 73
31 75
31 79
31 155
31 156
31 96
31 173
31 175
31 114
31 52
31 108
31 180
31 60
31 127
32 176
32 122
32 101
32 42
32 106
33 66
33 139
33 132
33 75
33 148
33 151
33 158
33 160
33 39
33 104
33 47
33 157
33 52
33 121
33 188
33 74
34 66
34 195
34 86
34 70
34 76
34 56
34 147
34 162
34 36
34 37
34 106
34 111
34 176
34 55
34 122
34 63
35 75
35 139
35 147
35 151
35 111
35 160
35 39
35 47
35 114
35 188
35 62
36 100
36 37
36 162
36 80
36 55
37 131
37 133
37 137
37 142
37 143
37 141
37 147
37 149
37 184
37 160
37 45
37 176
37 136
37 180
37 56
37 58
37 60
37 138
37 66
37 67
37 68
37 197
37 199
37 73
37 75
37 76
37 79
37 173
37 83
37 84
37 85
37 86
37 88
37 92
37 96
37 98
37 101
37 106
37 108
37 189
37 114
37 118
37 119
37 122
38 133
38 137
38 141
38 146
38 147
38 155
38 157
38 161
38 162
38 163
38 166
38 168
38 171
38 44
38 45
38 172
38 53
38 55
38 138
38 69
38 73
38 75
38 97
38 98
38 112
39 66
39 139
39 132
39 97
39 75
39 142
39 151
39 157
39 158
39 69
39 102
39 104
39 188
39 171
39 172
39 47
39 112
39 114
39 60
39 62
40 132
40 131
40 153
40 155
40 160
40 169
40 172
40 45
40 46
40 48
40 49
40 178
40 57
40 58
40 138
40 69
40 73
40 75
40 80
40 81
40 84
40 85
40 94
40 97
40 100
40 102
40 103
40 105
40 108
40 189
40 112
40 114
40 115
40 119
40 121
40 124
40 127
41 91
41 71
41 181
42 51
42 150
42 122
43 181
44 192
44 66
44 135
44 137
44 139
44 77
44 147
44 142
44 87
44 111
44 92
44 158
44 98
44 163
44 104
44 47
44 52
44 121
44 123
44 60
45 198
45 67
45 134
45 137
45 83
45 149
45 88
45 92
45 122
45 98
45 163
45 167
45 171
45 108
45 48
45 49
45 115
45 118
45 119
45 184
45 58
45 124
45 127
46 49
46 81
46 109
46 79
46 180
46 190
46 119
46 153
46 94
47 66
47 139
47 69
47 97
47 75
47 147
47 151
47 160
47 102
47 111
47 114
47 52
48 198
48 72
48 73
48 80
48 85
48 90
48 159
48 144
48 100
48 167
48 108
48 49
48 115
48 119
48 57
48 187
48 189
48 127
49 193
49 178
49 198
49 76
49 80
49 81
49 82
49 110
49 121
49 94
49 159
49 160
49 144
49 100
49 103
49 169
49 108
49 114
49 115
49 84
49 124
50 129
50 130
50 66
50 77
50 147
50 164
50 107
50 111
50 55
50 56
50 186
51 113
51 116
51 117
51 122
51 150
52 97
52 172
52 74
52 126
52 121
52 157
52 199
52 148
52 102
52 113
52 188
52 135
52 173
52 112
52 117
52 119
52 104
52 60
52 62
53 65
53 66
53 133
53 162
53 136
53 137
53 142
53 77
53 149
53 92
53 197
53 98
53 163
53 171
53 111
53 56
53 123
53 191
54 181
55 192
55 195
55 137
55 98
55 78
55 77
55 149
55 164
55 92
55 93
55 95
55 170
55 107
55 120
55 185
55 186
55 123
56 165
56 164
56 130
56 170
56 76
56 162
56 78
56 174
56 80
56 185
56 186
56 93
56 63
57 64
57 68
57 198
57 167
57 156
57 72
57 115
57 180
57 58
57 124
57 127
58 196
58 198
58 72
58 73
58 80
58 82
58 84
58 169
58 90
58 94
58 159
58 144
58 100
58 105
58 108
58 110
58 178
58 179
58 119
58 187
58 61
59 113
59 117
59 87
60 194
60 135
60 75
60 76
60 175
60 155
60 160
60 157
60 114
60 126
61 196
61 105
61 109
61 179
61 153
61 124
61 190
62 139
62 111
62 112
62 121
62 188
62 126
63 66
63 70
63 162
63 80
63 145
63 130
63 93
63 101
63 100
63 165
63 168
63 177
63 185
64 180
64 68
64 119
64 156
64 79
65 162
65 70
65 93
65 145
65 89
65 154
65 191
65 95
66 137
66 145
66 147
66 148
66 149
66 158
66 162
66 170
66 174
66 177
66 185
66 186
66 188
66 192
66 70
66 76
66 78
66 86
66 92
66 93
66 95
66 165
66 98
66 100
66 104
66 106
66 107
66 122
67 131
67 134
67 73
67 138
67 76
67 141
67 84
67 85
67 86
67 184
67 189
68 132
68 135
68 75
68 76
68 86
68 121
68 156
68 69
68 160
68 97
68 157
68 114
69 133
69 137
69 148
69 149
69 151
69 156
69 160
69 161
69 163
69 171
69 176
69 75
69 142
69 92
69 96
69 101
69 104
69 106
69 113
69 126
70 130
70 195
70 129
70 78
70 154
70 170
70 174
70 177
70 120
70 191
71 183
71 99
71 181
71 182
71 152
71 91
71 125
72 76
72 86
72 157
72 97
72 103
72 105
72 167
72 127
73 86
73 137
73 142
73 81
73 83
73 149
73 88
73 122
73 133
73 161
73 98
73 163
73 171
73 115
73 184
73 123
73 124
74 160
74 97
74 137
74 75
74 142
74 132
74 158
74 133
74 102
74 104
74 92
74 172
74 111
74 112
74 113
74 126
74 157
74 121
74 188
74 149
75 133
75 135
75 137
75 148
75 149
75 157
75 158
75 156
75 172
75 198
75 76
75 79
75 80
75 163
75 142
75 86
75 87
75 92
75 97
75 98
75 100
75 102
75 104
75 188
75 112
75 113
75 116
75 117
75 126
76 136
76 137
76 130
76 142
76 156
76 167
76 180
76 197
76 184
76 83
76 85
76 86
76 87
76 88
76 79
76 92
76 98
76 108
76 113
76 114
76 116
76 117
76 118
76 119
76 127
77 194
77 134
77 97
77 146
77 86
77 160
77 80
77 162
77 165
77 166
77 168
77 175
77 185
77 126
78 130
78 136
78 145
78 147
78 164
78 93
78 162
78 168
78 170
78 107
78 174
78 111
78 177
78 122
79 193
79 199
79 80
79 86
79 153
79 94
79 144
79 100
79 109
79 114
79 159
79 190
80 133
80 137
80 147
80 149
80 160
80 167
80 170
80 180
80 195
80 198
80 199
80 81
80 87
80 164
80 92
80 98
80 106
80 108
80 111
80 113
80 114
80 115
80 117
80 122
80 123
80 124
80 127
81 193
81 198
81 144
81 131
81 90
81 94
81 159
81 100
81 103
81 109
81 119
81 84
81 187
81 138
82 196
82 198
82 103
82 110
82 178
82 119
82 169
83 131
83 138
83 141
83 84
83 85
83 86
83 88
83 143
83 118
84 198
84 133
84 134
84 142
84 149
84 87
84 88
84 92
84 98
84 113
84 116
84 117
84 118
84 119
84 184
84 124
85 134
85 138
85 141
85 143
85 86
85 101
85 106
85 176
85 115
85 122
86 130
86 136
86 142
86 156
86 161
86 167
86 171
86 176
86 180
86 184
86 189
86 192
86 197
86 87
86 96
86 101
86 106
86 108
86 113
86 114
86 117
86 118
86 119
86 122
86 124
86 127
87 97
87 146
87 157
87 150
87 100
87 166
87 102
87 175
87 112
87 121
89 162
89 129
89 191
90 199
90 144
90 94
90 96
90 169
90 173
90 110
90 115
90 119
90 187
90 124
91 181
91 152
91 140
91 125
92 134
92 172
92 194
92 142
92 132
92 155
92 133
92 97
92 100
92 168
92 175
92 112
92 102
92 160
92 126
92 149
93 129
93 137
93 192
93 162
93 164
93 168
93 170
93 191
93 174
93 111
93 186
93 123
94 103
94 144
94 180
94 119
94 187
94 124
95 133
95 130
95 129
95 136
95 137
95 149
95 154
95 197
95 161
95 98
95 162
95 168
95 171
95 111
95 191
96 132
96 135
96 144
96 155
96 97
96 187
96 100
96 102
96 199
96 172
96 112
96 159
97 132
97 133
97 135
97 137
97 148
97 149
97 156
97 158
97 160
97 163
97 171
97 172
97 188
97 192
97 198
97 142
97 98
97 102
97 104
97 167
97 108
97 112
97 113
97 117
97 123
97 126
97 127
98 133
98 134
98 194
98 142
98 160
98 163
98 100
98 175
98 112
98 114
98 172
98 148
98 166
98 102
98 126
98 149
99 183
99 181
100 133
100 137
100 149
100 160
100 170
100 173
100 176
100 180
100 192
100 195
100 199
100 106
100 113
100 114
100 115
100 116
100 117
100 119
100 124
101 132
101 138
101 146
101 157
101 150
101 102
101 106
101 111
101 122
101 166
101 189
102 160
102 133
102 198
102 172
102 148
102 149
102 106
102 108
102 173
102 112
102 113
102 117
102 122
103 198
103 105
103 167
103 110
103 180
103 119
103 169
103 127
104 139
104 148
104 157
104 114
104 121
104 188
104 126
105 196
105 198
105 169
105 167
105 108
105 178
105 110
105 179
105 119
105 127
106 164
106 132
106 134
106 146
106 147
106 157
106 150
106 176
106 172
106 112
106 122
106 189
106 166
107 147
107 186
107 130
107 162
107 165
107 168
107 170
107 111
107 185
107 122
108 198
108 135
108 109
108 178
108 124
109 193
109 198
109 169
109 179
109 180
109 110
109 119
110 178
110 119
110 124
111 139
111 126
111 147
111 148
111 151
111 158
111 165
111 164
111 170
111 142
111 176
111 185
111 186
112 133
112 198
112 126
112 142
112 149
112 171
112 172
112 113
112 121
112 116
112 122
113 132
113 150
113 148
113 175
113 121
113 126
114 133
114 137
114 139
114 188
114 149
114 158
114 156
114 135
114 180
114 119
115 198
115 167
115 119
115 159
115 189
115 127
116 194
116 146
116 150
116 132
116 166
116 172
116 121
117 194
117 150
117 146
117 172
117 175
117 121
118 134
119 193
119 178
119 179
119 198
119 121
119 159
119 160
119 169
119 153
119 187
119 124
119 190
120 168
120 162
120 177
120 195
121 198
121 172
121 139
121 126
121 132
121 157
121 158
121 156
121 199
121 173
121 151
122 131
122 150
122 138
122 146
122 147
122 170
122 157
122 176
122 164
122 172
122 174
122 175
122 189
122 186
122 166
123 146
123 148
123 160
123 162
123 165
123 166
123 168
124 196
124 198
124 159
124 144
124 169
124 179
124 187
125 182
126 192
126 137
126 147
126 148
126 142
126 151
126 158
126 160
126 161
126 188
126 171
126 172
126 157
126 149
127 198
127 135
127 167
127 157
128 140
128 181
129 165
129 177
129 145
129 185
129 154
130 170
130 145
130 174
130 185
131 198
131 138
131 184
131 134
132 160
132 137
132 148
132 163
132 161
132 199
132 173
132 176
133 134
133 142
133 146
133 148
133 155
133 160
133 161
133 163
133 168
133 171
133 172
133 175
133 194
133 149
134 137
134 138
134 142
134 149
134 161
134 171
134 184
134 189
135 194
135 199
135 155
135 173
135 175
136 174
137 194
137 142
137 146
137 148
137 155
137 160
137 168
137 171
137 165
138 198
138 161
138 171
138 142
138 176
138 189
139 160
139 188
139 158
139 151
140 181
141 163
141 184
141 189
141 142
142 162
142 147
142 155
142 172
142 149
143 189
144 187
144 169
144 199
144 180
144 159
145 170
145 174
146 192
146 194
146 149
146 163
146 175
146 176
147 148
147 151
147 186
147 171
147 176
147 164
147 174
147 163
147 170
147 165
148 192
148 160
148 188
148 149
149 160
149 155
149 166
149 168
149 172
149 175
150 176
151 188
151 172
152 181
153 193
153 196
153 198
153 179
153 180
153 190
154 162
154 177
154 191
155 198
155 194
155 199
155 171
155 173
155 175
155 180
156 157
156 160
157 171
157 198
157 161
157 188
157 158
157 163
157 167
157 173
157 176
157 180
158 188
159 169
159 199
159 173
159 180
160 192
160 198
160 188
161 194
161 162
161 163
161 166
161 172
161 175
162 195
162 197
162 192
162 165
162 168
162 170
162 191
162 174
162 185
162 186
163 194
163 175
164 186
164 165
164 168
164 174
164 177
164 185
165 192
165 191
168 192
168 195
168 170
168 174
168 185
168 186
169 178
169 198
169 187
170 197
170 186
170 176
171 172
172 198
173 199
174 197
174 177
175 192
176 189
177 195
177 186
177 191
179 190
180 190
181 182
181 183
185 186
187 199
189 198
190 193
190 196
190 198
192 194
193 198
