0 199
0 10
0 142
0 80
0 147
0 85
0 22
0 88
0 153
0 26
0 155
0 157
0 94
0 69
0 160
0 39
0 40
0 170
0 167
0 108
0 110
0 174
0 180
0 158
0 56
0 137
0 138
0 190
0 191
1 129
1 131
1 4
1 135
1 15
1 144
1 26
1 28
1 29
1 166
1 168
1 169
1 172
1 173
1 157
1 60
1 61
1 62
1 63
1 194
1 72
1 74
1 75
1 79
1 80
1 85
1 92
1 95
1 100
1 106
1 189
1 113
1 114
1 116
1 120
1 121
1 122
2 149
2 130
2 163
2 132
2 54
2 103
2 72
2 105
2 197
2 141
2 17
2 82
2 20
2 22
2 95
3 22
3 74
3 111
4 39
4 73
4 135
4 110
4 189
4 144
4 138
4 28
4 61
5 193
5 131
5 132
5 197
5 141
5 21
5 22
5 153
5 155
5 94
5 69
5 96
5 54
5 84
5 95
5 149
6 130
6 198
6 71
6 81
6 86
6 27
6 30
6 162
6 113
6 46
6 49
6 191
7 195
7 68
7 133
7 72
7 151
7 12
7 78
7 81
7 19
7 148
7 87
7 179
7 185
7 35
7 36
7 47
7 112
7 51
7 53
7 182
7 183
7 186
7 59
7 188
7 125
7 181
8 132
8 134
8 9
8 140
8 14
8 144
8 17
8 19
8 151
8 155
8 161
8 35
8 165
8 44
8 45
8 180
8 182
8 68
8 69
8 72
8 163
8 108
9 193
9 131
9 132
9 70
9 140
9 17
9 19
9 84
9 142
9 88
9 155
9 94
9 69
9 163
9 113
9 167
9 49
9 158
9 54
9 55
9 56
10 149
10 15
10 21
10 150
10 152
10 25
10 27
10 37
10 47
10 52
10 57
10 186
10 187
10 188
10 62
10 63
10 164
10 197
10 70
10 74
10 80
10 81
10 82
10 91
10 93
10 105
10 106
10 111
10 115
10 127
11 75
11 71
11 27
12 91
12 100
12 72
12 111
12 172
12 15
12 181
12 22
12 120
12 47
13 130
13 82
13 65
13 199
13 50
13 46
13 18
13 20
14 129
14 133
14 141
14 194
14 143
14 144
14 20
14 22
14 151
14 152
14 150
14 161
14 37
14 38
14 168
14 169
14 172
14 52
14 182
14 185
14 187
14 60
14 62
14 64
14 66
14 72
14 87
14 95
14 101
14 105
14 114
14 117
14 166
15 130
15 72
15 144
15 82
15 20
15 89
15 156
15 164
15 40
15 109
15 112
15 115
15 116
15 138
15 120
15 57
15 188
15 125
15 127
16 128
16 67
16 199
16 141
16 18
16 20
16 28
16 40
16 174
16 48
16 119
16 184
17 131
17 132
17 142
17 143
17 19
17 23
17 25
17 155
17 158
17 160
17 34
17 167
17 40
17 42
17 46
17 49
17 180
17 54
17 55
17 58
17 59
17 68
17 69
17 70
17 76
17 78
17 86
17 87
17 88
17 104
17 108
17 121
17 136
18 128
18 35
18 70
18 199
18 104
18 107
18 79
18 139
18 176
19 192
19 193
19 132
19 197
19 70
19 74
19 163
19 84
19 21
19 24
19 91
19 95
19 96
19 155
19 103
19 40
19 111
19 178
19 54
19 55
19 88
19 191
19 149
20 135
20 139
20 140
20 23
20 156
20 160
20 34
20 35
20 180
20 56
20 59
20 61
20 63
20 130
20 72
20 75
20 162
20 87
20 94
20 97
20 104
20 108
20 115
20 120
20 122
20 126
21 140
21 149
21 151
21 158
21 133
21 160
21 33
21 34
21 35
21 41
21 159
21 173
21 176
21 189
21 180
21 53
21 182
21 185
21 59
21 138
21 65
21 194
21 68
21 197
21 79
21 81
21 87
21 90
21 96
21 97
21 187
21 103
21 105
21 108
21 61
21 126
22 129
22 151
22 145
22 195
22 148
22 171
22 150
22 23
22 196
22 28
22 185
22 159
22 33
22 34
22 35
22 36
22 37
22 168
22 41
22 42
22 43
22 44
22 45
22 48
22 51
22 52
22 53
22 56
22 176
22 186
22 59
22 60
22 190
22 62
22 181
22 64
22 164
22 68
22 70
22 72
22 140
22 75
22 78
22 79
22 87
22 88
22 89
22 90
22 94
22 165
22 98
22 99
22 101
22 102
22 104
22 108
22 180
22 116
22 117
22 118
22 124
22 125
23 130
23 69
23 74
23 141
23 82
23 147
23 24
23 179
23 155
23 156
23 163
23 38
23 40
23 46
23 178
23 115
23 183
23 148
23 59
23 127
24 131
24 132
24 71
24 183
24 95
24 163
24 49
24 103
24 113
24 178
24 179
24 54
24 55
24 148
24 59
24 191
25 66
25 136
25 141
25 194
25 143
25 144
25 81
25 151
25 185
25 96
25 161
25 163
25 166
25 38
25 103
25 40
25 105
25 106
25 172
25 173
25 47
25 114
25 181
25 182
25 169
25 120
25 121
25 138
26 130
26 133
26 138
26 81
26 88
26 152
26 27
26 93
26 157
26 115
26 187
26 127
27 32
27 162
27 198
27 40
27 75
27 77
27 157
27 146
27 138
27 56
27 122
27 30
27 63
28 67
28 133
28 134
28 97
28 141
28 81
28 156
28 33
28 34
28 35
28 165
28 38
28 104
28 144
28 107
28 44
28 45
28 48
28 115
28 126
28 127
29 132
29 133
29 138
29 144
29 161
29 36
29 166
29 129
29 43
29 193
29 81
29 84
29 91
29 95
29 106
29 111
29 114
29 121
30 177
30 162
30 198
30 154
30 75
31 49
31 83
31 84
31 113
31 86
31 55
31 136
31 58
31 71
31 76
32 123
32 146
33 149
33 65
33 35
33 82
33 197
33 38
33 104
33 79
33 176
33 50
33 126
33 53
34 128
34 130
34 67
34 86
34 71
34 73
34 76
34 141
34 79
34 83
34 95
34 96
34 197
34 35
34 163
34 38
34 40
34 107
34 189
34 176
34 49
34 53
34 54
34 184
34 104
34 149
35 128
35 149
35 130
35 131
35 132
35 134
35 141
35 165
35 38
35 40
35 135
35 44
35 45
35 175
35 176
35 50
35 54
35 55
35 192
35 193
35 67
35 197
35 199
35 73
35 74
35 79
35 82
35 84
35 95
35 96
35 97
35 105
35 107
35 110
35 189
35 113
35 126
35 127
36 64
36 194
36 43
36 71
36 81
36 151
36 91
36 150
36 161
36 100
36 37
36 166
36 169
36 172
36 173
36 112
36 185
36 117
36 138
36 121
36 74
36 62
37 161
37 72
37 138
37 47
37 112
37 81
37 144
37 116
37 151
37 185
37 186
37 62
38 65
38 66
38 134
38 72
38 108
38 139
38 140
38 190
38 148
38 143
38 165
38 114
38 106
38 44
38 176
38 180
38 50
38 116
38 53
38 170
38 121
38 183
38 138
38 126
39 67
39 70
39 73
39 79
39 110
39 88
39 92
39 107
39 174
39 175
39 176
39 189
39 53
39 119
39 184
39 61
40 132
40 136
40 140
40 148
40 157
40 158
40 160
40 163
40 166
40 42
40 172
40 49
40 178
40 53
40 54
40 183
40 56
40 59
40 190
40 63
40 66
40 68
40 70
40 76
40 83
40 86
40 87
40 143
40 93
40 94
40 99
40 100
40 104
40 106
40 108
40 114
40 120
40 121
40 122
40 170
41 48
41 98
41 197
41 159
41 149
42 132
42 69
42 78
42 99
42 84
42 91
42 163
42 46
42 155
42 124
42 191
43 64
43 129
43 194
43 72
43 138
43 150
43 151
43 182
43 164
43 168
43 169
43 173
43 47
43 112
43 116
43 181
43 89
43 185
43 186
43 60
44 192
44 130
44 131
44 141
44 79
44 82
44 84
44 86
44 49
44 189
44 136
44 113
44 50
44 54
44 55
44 58
44 61
45 193
45 132
45 86
45 134
45 76
45 141
45 79
45 83
45 176
45 49
45 104
45 189
45 136
45 113
45 54
45 55
45 58
45 61
46 198
46 132
46 179
46 70
46 71
46 136
46 139
46 78
46 162
46 99
46 171
46 178
46 83
46 54
46 55
46 88
46 58
46 59
46 124
47 64
47 66
47 150
47 72
47 173
47 101
47 161
47 164
47 106
47 109
47 111
47 112
47 52
47 117
47 138
47 121
47 60
47 74
48 128
48 135
48 79
48 90
48 159
48 96
48 102
48 103
48 104
48 189
48 176
48 53
48 105
48 95
48 61
49 198
49 162
49 78
49 147
49 142
49 153
49 155
49 69
49 165
49 134
49 167
49 178
49 94
49 54
49 137
49 191
50 96
50 197
50 97
50 105
50 103
50 174
50 141
50 139
50 119
50 149
50 126
50 95
51 74
51 195
52 100
52 182
52 72
52 172
52 74
52 138
52 116
52 181
53 97
53 197
53 73
53 74
53 141
53 176
53 91
53 95
53 163
53 107
53 111
53 189
53 184
53 61
53 126
53 149
54 132
54 134
54 136
54 140
54 142
54 151
54 155
54 133
54 167
54 170
54 178
54 182
54 55
54 185
54 193
54 69
54 70
54 71
54 76
54 78
54 81
54 163
54 84
54 86
54 87
54 88
54 94
54 99
54 113
54 114
54 147
54 124
55 132
55 134
55 75
55 140
55 78
55 142
55 151
55 153
55 94
55 165
55 163
55 167
55 108
55 178
55 147
55 137
55 185
55 190
56 149
56 130
56 69
56 138
56 160
56 142
56 82
56 88
56 158
56 96
56 167
56 105
56 115
56 137
56 127
57 100
57 138
57 111
57 151
57 120
57 91
57 188
58 132
58 134
58 71
58 76
58 143
58 83
58 163
58 165
58 166
58 106
58 114
58 121
59 130
59 197
59 74
59 82
59 149
59 91
59 95
59 163
59 111
59 115
59 191
60 187
60 100
60 72
60 172
60 138
60 144
60 81
60 116
60 181
60 151
60 152
60 185
61 130
61 73
61 92
61 95
61 96
61 176
61 156
61 103
61 189
61 149
62 194
62 72
62 144
62 152
62 161
62 169
62 172
62 112
62 116
62 181
62 120
62 186
62 138
63 130
63 144
63 88
63 138
63 127
64 150
64 138
64 112
64 117
64 186
64 181
65 67
65 69
65 97
65 137
65 139
65 142
65 147
65 153
65 155
65 95
65 96
65 197
65 103
65 105
65 174
65 119
65 184
65 126
66 132
66 133
66 76
66 141
66 143
66 144
66 83
66 152
66 163
66 100
66 81
66 112
66 116
66 181
66 187
67 128
67 73
67 107
67 184
68 130
68 132
68 82
68 88
68 91
68 96
68 163
68 105
68 111
68 72
68 149
69 132
69 78
69 163
69 142
69 86
69 94
69 160
69 99
69 167
69 108
69 170
70 132
70 142
70 155
70 160
70 163
70 167
70 110
70 174
70 147
70 119
70 122
70 138
70 85
71 132
71 75
71 162
71 83
71 186
71 163
71 198
71 112
71 114
71 121
71 191
72 131
72 133
72 130
72 144
72 152
72 150
72 164
72 129
72 172
72 181
72 187
72 74
72 141
72 81
72 82
72 87
72 95
72 101
72 103
72 105
72 109
72 111
72 168
72 116
72 125
73 135
73 174
73 79
73 176
73 189
73 119
73 184
73 175
73 92
73 199
74 187
74 151
74 140
74 78
74 144
74 81
74 152
74 185
74 101
74 195
74 104
74 171
74 108
74 109
74 112
74 182
74 180
74 124
74 138
74 190
75 149
75 76
75 144
75 83
75 86
75 152
75 156
75 93
75 95
75 96
75 133
75 103
75 105
75 193
75 177
75 192
75 84
75 187
75 138
75 127
76 134
76 136
76 143
76 83
76 163
76 165
76 166
76 121
78 193
78 132
78 86
78 136
78 142
78 147
78 84
78 91
78 99
78 163
78 167
78 111
78 113
78 155
78 124
78 191
79 197
79 141
79 144
79 199
79 95
79 103
79 110
79 174
79 189
79 126
79 149
80 130
80 133
80 144
80 81
80 85
80 138
81 129
81 133
81 143
81 175
81 161
81 168
81 173
81 157
81 186
81 187
81 138
81 197
81 89
81 91
81 92
81 111
81 114
81 116
81 149
82 130
82 120
82 148
82 156
82 122
82 158
82 160
82 100
82 104
82 157
82 189
82 179
82 138
82 183
82 87
82 127
83 132
83 191
83 121
83 143
84 132
84 134
84 140
84 173
84 99
84 151
84 153
84 182
84 147
84 165
84 167
84 113
84 178
84 137
84 185
84 124
85 133
85 88
85 144
86 198
86 132
86 140
86 162
86 163
86 153
86 155
86 94
86 165
86 99
86 134
86 167
86 108
86 180
86 137
86 124
86 190
86 191
87 130
87 132
87 197
87 88
87 91
87 156
87 95
87 103
87 111
87 115
87 127
88 199
88 142
88 158
88 160
88 163
88 167
88 174
88 147
88 119
88 191
88 138
89 138
89 144
89 100
89 172
89 112
89 116
89 117
89 120
89 187
90 96
90 197
90 103
90 105
90 149
90 95
91 133
91 151
91 148
91 152
91 185
91 99
91 173
91 187
91 138
91 186
91 188
91 125
91 181
92 130
92 133
92 134
92 144
92 152
92 165
92 110
92 189
92 187
93 157
93 162
93 198
93 138
94 132
94 141
94 142
94 147
94 155
94 163
94 170
94 167
94 113
95 138
95 140
95 144
95 148
95 151
95 169
95 170
95 173
95 178
95 180
95 185
95 190
95 194
95 108
95 116
96 158
96 160
96 106
96 116
96 170
96 180
97 149
97 197
97 139
97 141
98 149
99 192
99 193
99 155
99 132
99 113
99 191
99 111
99 163
100 194
100 151
100 130
100 144
100 188
100 156
100 116
100 161
100 106
100 168
100 115
100 186
100 127
101 172
101 181
101 120
102 145
102 196
103 182
103 140
103 144
103 197
103 161
103 105
103 106
103 176
103 108
103 178
103 189
103 180
103 138
103 190
103 149
104 130
104 134
104 141
104 163
104 165
104 156
104 107
104 115
104 119
104 127
105 197
105 158
105 160
105 176
105 106
105 116
105 138
105 149
106 194
106 136
106 141
106 144
106 151
106 161
106 172
106 173
106 181
106 169
106 185
106 138
107 199
107 110
107 174
108 131
108 132
108 141
108 155
108 197
108 163
108 190
108 149
109 120
110 135
110 174
110 189
110 119
110 175
111 133
111 138
111 151
111 148
111 185
111 188
111 161
111 169
111 171
111 173
111 112
111 179
111 182
111 186
111 124
111 125
111 181
112 164
112 150
112 151
112 161
112 181
112 120
112 185
112 186
112 138
113 192
113 132
113 182
113 193
113 140
113 144
113 153
113 165
113 162
113 198
113 167
113 170
113 178
113 147
113 137
113 185
113 124
114 194
114 132
114 133
114 136
114 141
114 186
114 152
114 182
114 169
114 173
114 116
114 181
114 187
115 130
115 120
115 157
115 158
115 160
115 156
115 127
115 172
115 138
115 122
116 164
116 129
116 130
116 161
116 141
116 151
116 143
116 185
116 144
116 166
116 168
116 172
116 117
116 182
116 121
117 129
117 164
117 150
117 161
117 168
117 181
117 186
117 185
117 182
119 128
119 176
120 130
120 151
120 144
120 173
120 164
120 182
120 188
120 125
120 127
121 194
121 186
121 151
121 161
121 163
121 166
121 169
121 182
121 185
122 130
122 144
122 127
124 163
124 132
124 147
124 137
124 191
125 181
125 172
126 149
126 130
126 197
126 176
127 156
127 157
127 160
127 172
127 183
128 141
128 174
129 194
129 133
129 138
129 144
129 151
129 161
129 169
129 172
129 182
129 185
130 139
130 160
130 198
130 189
130 148
131 132
131 134
131 140
131 144
131 147
131 151
131 153
131 165
131 163
131 170
131 178
131 180
131 182
131 185
131 190
131 191
132 140
132 194
132 142
132 143
132 155
132 133
132 161
132 169
132 136
132 178
132 180
132 191
132 192
132 193
132 152
132 137
132 170
133 149
133 197
133 143
133 175
133 152
133 161
133 164
133 135
133 173
133 157
133 194
133 169
133 187
134 193
134 141
134 165
134 175
135 144
135 175
135 189
135 152
135 187
136 163
136 143
136 191
137 193
137 192
137 153
137 158
137 160
138 188
138 150
138 151
138 152
138 156
138 158
138 160
138 169
138 173
138 157
138 182
138 164
138 197
138 185
138 149
139 199
139 191
139 141
140 192
140 141
140 197
140 167
140 149
141 143
141 165
141 176
141 170
141 190
142 155
142 163
142 167
143 144
143 152
143 163
143 172
143 181
143 187
144 194
144 151
144 175
144 164
144 169
144 157
144 176
144 182
144 185
144 189
147 193
147 192
147 158
147 160
147 163
148 149
148 163
148 178
148 179
148 183
149 151
149 152
149 158
149 159
149 161
149 170
149 180
149 182
149 183
149 185
149 190
149 160
149 187
149 189
150 161
150 182
150 151
150 185
150 186
150 181
151 197
151 164
151 166
151 186
151 182
151 188
152 168
152 175
153 193
153 170
153 192
153 163
154 177
154 162
154 198
155 163
155 167
155 170
156 158
156 160
156 172
156 189
157 187
158 163
159 197
160 197
160 163
161 181
161 194
161 192
161 166
161 168
161 169
161 172
161 173
161 186
162 198
162 177
162 191
163 166
163 167
163 178
163 180
163 183
164 185
164 182
164 181
165 192
165 175
166 194
166 186
166 185
166 169
166 173
166 181
166 182
168 194
168 182
168 169
168 172
169 192
169 194
169 193
169 197
169 172
169 186
170 193
171 191
172 194
172 188
172 173
173 192
173 193
173 197
173 181
173 186
174 176
175 189
175 187
176 197
176 199
176 189
178 192
178 193
178 183
178 179
178 191
180 197
182 197
182 186
182 188
183 191
185 192
185 197
185 188
185 186
186 187
187 197
192 194
193 194
194 197
