0 133
0 198
0 158
0 72
0 78
0 18
0 19
0 142
0 22
0 90
0 150
0 32
0 34
0 109
0 110
0 136
0 178
0 51
0 116
0 62
0 54
0 185
0 186
0 126
0 149
1 129
1 2
1 5
1 6
1 7
1 137
1 11
1 15
1 144
1 150
1 25
1 24
1 153
1 32
1 34
1 168
1 169
1 45
1 174
1 48
1 50
1 52
1 53
1 56
1 180
1 187
1 189
1 71
1 72
1 73
1 75
1 82
1 90
1 101
1 105
1 108
1 117
2 196
2 133
2 198
2 199
2 136
2 9
2 13
2 142
2 18
2 84
2 23
2 106
2 172
2 109
2 178
2 51
2 116
2 54
2 185
2 186
2 127
3 161
3 83
3 35
3 26
4 65
4 150
4 72
4 140
4 77
4 146
4 107
4 149
4 86
4 137
4 26
4 90
4 35
4 37
4 166
4 39
4 104
4 176
4 180
4 55
4 56
4 58
4 61
4 62
5 195
5 69
5 198
5 136
5 9
5 13
5 142
5 18
5 23
5 92
5 185
5 163
5 106
5 109
5 113
5 117
5 54
5 184
5 121
5 186
5 125
6 195
6 196
6 133
6 199
6 136
6 142
6 18
6 19
6 84
6 159
6 106
6 172
6 109
6 178
6 51
6 116
6 54
6 121
6 186
6 127
7 128
7 139
7 197
7 65
7 119
7 12
7 77
7 16
7 149
7 26
7 143
7 118
7 95
7 176
7 163
7 102
7 171
7 83
7 55
7 186
7 189
7 62
7 191
8 19
8 199
8 9
8 43
8 172
8 178
8 51
8 84
8 54
8 23
8 116
8 186
8 159
8 127
9 11
9 12
9 15
9 17
9 18
9 20
9 22
9 24
9 28
9 30
9 31
9 32
9 33
9 34
9 38
9 41
9 43
9 44
9 46
9 48
9 50
9 51
9 52
9 53
9 60
9 62
9 64
9 75
9 80
9 89
9 90
9 96
9 99
9 101
9 105
9 109
9 110
9 112
9 116
9 119
9 124
9 126
9 130
9 133
9 136
9 137
9 140
9 144
9 145
9 149
9 151
9 152
9 160
9 165
9 174
9 175
9 188
9 189
9 192
9 196
9 197
9 198
10 193
10 131
10 196
10 133
10 198
10 136
10 12
10 142
10 17
10 18
10 19
10 159
10 164
10 109
10 177
10 178
10 51
10 116
10 119
10 120
10 185
10 190
10 127
11 195
11 133
11 199
11 136
11 178
11 18
11 121
11 116
11 52
12 128
12 129
12 131
12 149
12 136
12 139
12 141
12 142
12 143
12 16
12 17
12 18
12 19
12 21
12 150
12 25
12 32
12 34
12 49
12 51
12 180
12 183
12 187
12 191
12 68
12 197
12 198
12 199
12 72
12 73
12 76
12 80
12 88
12 98
12 105
12 109
12 119
12 120
12 127
13 139
13 134
13 76
13 15
13 149
13 22
13 23
13 24
13 71
13 92
13 158
13 69
13 197
13 163
13 107
13 108
13 110
13 189
13 113
13 180
13 117
13 184
13 125
13 126
13 53
14 196
14 182
14 198
14 199
14 136
14 80
14 18
14 19
14 21
14 91
14 157
14 159
14 33
14 41
14 109
14 54
14 119
14 185
14 186
14 127
15 163
15 69
15 199
15 106
15 195
15 54
15 23
15 121
15 186
15 92
15 125
16 128
16 139
16 143
16 152
16 18
16 84
16 149
16 150
16 88
16 30
16 33
16 107
16 110
16 116
16 119
16 56
16 180
16 189
16 62
16 191
17 193
17 131
17 196
17 22
17 199
17 56
17 149
17 150
17 32
17 33
17 164
17 110
17 177
17 62
17 119
17 120
17 60
17 190
17 127
18 128
18 131
18 130
18 21
18 24
18 154
18 133
18 160
18 33
18 162
18 164
18 168
18 41
18 170
18 199
18 172
18 45
18 48
18 49
18 178
18 53
18 183
18 60
18 138
18 66
18 70
18 71
18 72
18 73
18 78
18 141
18 80
18 82
18 84
18 88
18 93
18 144
18 98
18 101
18 194
18 108
18 112
18 116
18 117
18 119
18 120
19 192
19 131
19 145
19 148
19 21
19 25
19 175
19 156
19 157
19 30
19 159
19 32
19 162
19 180
19 164
19 165
19 38
19 43
19 44
19 46
19 47
19 177
19 50
19 51
19 52
19 53
19 54
19 183
19 57
19 186
19 187
19 60
19 138
19 62
19 63
19 64
19 66
19 70
19 158
19 78
19 79
19 81
19 88
19 135
19 94
19 96
19 97
19 98
19 108
19 110
19 115
19 190
19 120
19 126
19 149
20 130
20 101
20 199
20 106
20 174
20 48
20 52
20 153
20 121
20 169
21 196
21 133
21 199
21 80
21 88
21 84
21 87
21 152
21 30
21 41
21 172
21 178
21 51
21 116
21 119
22 195
22 69
22 199
22 141
22 23
22 92
22 158
22 173
22 184
22 121
22 186
23 134
23 135
23 139
23 158
23 145
23 148
23 151
23 24
23 175
23 29
23 150
23 31
23 32
23 165
23 38
23 43
23 44
23 46
23 47
23 53
23 56
23 188
23 63
23 160
23 69
23 76
23 81
23 89
23 92
23 96
23 97
23 99
23 108
23 110
23 112
23 117
23 124
23 125
24 195
24 133
24 134
24 199
24 142
24 84
24 185
24 159
24 198
24 106
24 172
24 109
24 113
24 51
24 54
24 184
24 186
25 133
25 183
25 141
25 78
25 83
25 84
25 86
25 26
25 186
25 159
25 98
25 162
25 102
25 106
25 171
25 172
25 178
25 49
25 114
25 116
25 54
25 119
25 121
25 58
25 187
25 61
26 65
26 68
26 197
26 72
26 73
26 139
26 76
26 77
26 146
26 83
26 85
26 86
26 137
26 90
26 27
26 95
26 107
26 187
26 102
26 39
26 129
26 105
26 171
26 103
26 111
26 189
26 140
26 180
26 118
26 55
26 59
26 61
26 62
26 149
27 65
27 67
27 118
27 102
27 104
27 103
27 61
27 83
27 171
27 86
27 55
27 111
27 59
27 166
27 58
27 95
28 199
29 64
29 167
29 199
29 47
29 79
29 115
29 54
29 186
29 123
29 94
30 66
30 132
30 133
30 199
30 136
30 142
30 80
30 84
30 150
30 87
30 152
30 196
30 159
30 33
30 36
30 172
30 51
30 54
30 119
30 56
30 186
30 60
30 127
31 199
31 38
32 195
32 196
32 199
32 141
32 88
32 159
32 106
32 173
32 49
32 114
32 51
32 119
33 128
33 129
33 133
33 198
33 199
33 136
33 141
33 173
33 142
33 88
33 152
33 159
33 34
33 178
33 105
33 109
33 49
33 114
33 51
33 116
33 54
33 186
33 60
34 195
34 118
34 65
34 55
34 83
34 86
34 90
34 186
34 95
34 102
34 106
34 171
34 54
34 119
34 121
34 58
34 61
35 161
35 146
35 166
35 103
35 104
35 58
35 39
35 111
36 182
36 152
36 57
36 66
36 157
37 171
37 68
37 197
37 73
37 139
37 76
37 83
37 149
37 39
37 102
37 166
37 103
37 107
37 111
37 176
37 180
37 62
37 58
37 59
38 188
38 97
38 165
38 135
38 151
38 44
38 175
38 148
38 89
38 186
38 156
39 65
39 83
39 67
39 102
39 161
39 104
39 171
39 77
39 176
39 86
39 55
39 111
39 58
40 50
40 154
40 82
41 196
41 198
41 142
41 136
41 199
41 109
41 80
41 54
41 87
41 185
41 186
41 127
42 196
42 100
42 179
42 74
42 82
42 109
42 51
42 181
42 185
42 122
42 154
42 127
43 172
43 196
43 133
43 199
43 159
43 51
43 84
43 63
43 127
44 96
44 97
44 165
44 135
44 199
44 175
44 81
44 89
44 156
44 159
45 198
45 168
45 109
45 142
45 54
45 186
46 145
46 99
46 54
46 186
46 199
46 159
47 54
47 186
47 159
48 130
48 195
48 133
48 198
48 199
48 136
48 142
48 84
48 185
48 52
48 106
48 172
48 109
48 174
48 178
48 51
48 116
48 121
49 68
49 198
49 162
49 136
49 73
49 183
49 141
49 78
49 84
49 142
49 150
49 98
49 196
49 172
49 109
49 114
49 119
49 56
49 185
49 187
49 127
50 195
50 100
50 199
50 106
50 168
50 181
50 54
50 186
50 121
50 122
50 155
50 74
50 159
51 193
51 130
51 152
51 150
51 154
51 157
51 159
51 162
51 164
51 177
51 179
51 54
51 57
51 186
51 60
51 190
51 63
51 160
51 66
51 68
51 70
51 199
51 72
51 73
51 78
51 80
51 93
51 101
51 194
51 108
51 117
51 119
51 120
51 170
52 101
52 106
52 174
52 54
52 153
52 121
52 186
52 170
52 159
53 133
53 134
53 199
53 136
53 142
53 92
53 69
53 160
53 163
53 198
53 172
53 109
53 178
53 116
53 184
53 185
53 186
53 159
53 125
53 127
54 129
54 137
54 138
54 140
54 141
54 145
54 159
54 160
54 167
54 168
54 147
54 187
54 63
54 192
54 68
54 197
54 158
54 73
54 162
54 78
54 79
54 80
54 173
54 85
54 87
54 88
54 93
54 94
54 98
54 99
54 108
54 110
54 115
54 117
54 123
54 126
55 129
55 68
55 197
55 72
55 137
55 98
55 78
55 83
55 149
55 90
55 161
55 162
55 166
55 102
55 103
55 104
55 105
55 111
55 189
55 180
55 183
55 58
55 61
56 199
56 141
56 143
56 150
56 88
56 196
56 152
56 186
56 161
56 106
56 173
56 114
56 119
56 58
56 191
56 127
57 132
57 159
57 196
57 182
57 91
57 157
57 127
58 67
58 68
58 98
58 72
58 73
58 139
58 77
58 86
58 90
58 161
58 103
58 176
58 183
58 59
58 61
58 62
59 65
59 67
59 102
59 103
59 77
59 176
59 83
59 118
59 95
60 131
60 196
60 198
60 199
60 142
60 84
60 88
60 152
60 159
60 164
60 172
60 109
60 177
60 119
60 120
60 185
60 127
61 65
61 67
61 68
61 129
61 72
61 73
61 83
61 85
61 86
61 137
61 95
61 166
61 102
61 104
61 105
61 171
61 103
61 111
61 118
61 187
62 65
62 139
62 69
62 134
62 119
62 83
62 149
62 143
62 199
62 197
62 161
62 163
62 107
62 189
62 176
62 113
62 180
62 118
62 184
62 125
63 196
63 133
63 199
63 84
63 159
63 127
64 186
64 159
65 67
65 197
65 73
65 139
65 98
65 78
65 83
65 149
65 90
65 107
65 161
65 187
65 162
65 102
65 104
65 103
65 111
65 189
65 180
65 118
65 183
66 132
66 133
66 198
66 136
66 142
66 84
66 88
66 196
66 91
66 159
66 172
66 109
66 178
66 116
66 185
66 127
67 166
67 104
67 103
67 111
67 118
67 95
68 196
68 72
68 73
68 77
68 142
68 141
68 173
68 83
68 86
68 186
68 136
68 102
68 106
68 171
68 109
68 114
68 121
68 127
69 134
69 139
69 149
69 92
69 197
69 107
69 180
69 189
69 126
69 117
70 82
70 136
70 142
70 196
70 159
70 93
71 195
71 133
71 134
71 199
71 84
71 92
71 163
71 106
71 172
71 109
71 113
71 178
71 116
71 184
71 121
72 133
72 119
72 83
72 84
72 196
72 86
72 186
72 161
72 102
72 178
72 171
72 172
72 173
72 114
72 116
72 127
73 133
73 198
73 136
73 77
73 142
73 141
73 173
73 83
73 196
73 186
73 95
73 102
73 178
73 171
73 172
73 109
73 176
73 114
73 116
73 119
73 185
73 127
74 179
74 154
74 122
74 82
74 93
75 196
75 153
75 127
75 199
76 128
76 134
76 149
76 86
76 92
76 163
76 176
76 113
76 180
76 184
76 125
76 191
77 161
77 107
77 166
77 103
77 189
77 104
77 83
77 180
77 149
78 195
78 196
78 136
78 128
78 141
78 142
78 143
78 173
78 86
78 95
78 98
78 191
78 109
78 114
78 119
78 121
78 159
78 127
79 186
79 123
79 94
79 159
80 196
80 133
80 199
80 136
80 142
80 88
80 87
80 152
80 109
80 178
80 116
80 119
80 186
80 127
81 96
81 188
81 165
81 156
81 151
81 159
82 196
82 133
82 84
82 186
82 155
82 93
82 100
82 106
82 172
82 178
82 122
82 138
83 197
83 183
83 146
83 149
83 86
83 137
83 90
83 95
83 187
83 166
83 104
83 103
83 189
83 176
83 180
83 118
84 128
84 131
84 133
84 130
84 142
84 143
84 152
84 157
84 160
84 164
84 177
84 170
84 173
84 178
84 183
84 187
84 141
84 93
84 144
84 98
84 194
84 108
84 114
84 116
84 120
84 136
84 191
85 119
85 186
85 86
86 129
86 107
86 137
86 139
86 162
86 90
86 161
86 166
86 102
86 103
86 104
86 105
86 171
86 111
86 187
86 149
87 199
87 88
87 186
88 128
88 150
88 198
88 136
88 142
88 158
88 159
88 109
88 110
88 178
88 116
88 185
88 186
88 191
88 126
88 127
89 96
89 199
89 188
89 151
89 175
89 156
89 159
90 137
90 199
90 95
90 161
90 102
90 129
90 105
90 171
90 118
90 119
92 134
92 149
92 158
92 160
92 163
92 110
92 112
92 113
92 180
92 184
92 126
93 196
93 198
93 172
93 109
93 185
93 122
93 138
93 127
94 115
94 167
94 186
94 159
95 197
95 149
95 102
95 189
95 180
95 118
96 97
96 165
96 135
96 199
96 175
96 148
96 156
97 188
97 165
97 156
97 151
97 159
98 195
98 133
98 136
98 141
98 173
98 142
98 186
98 159
98 162
98 178
98 106
98 171
98 172
98 114
98 119
98 121
98 187
98 183
99 192
99 145
99 147
99 186
99 199
100 181
100 154
101 195
101 198
101 199
101 136
101 109
101 142
101 185
101 121
101 127
102 171
102 197
102 146
102 187
102 166
102 104
102 105
102 103
102 111
102 189
102 180
102 118
103 161
103 171
103 176
104 161
104 171
104 166
105 171
105 106
105 119
105 161
105 195
105 186
105 121
105 199
106 129
106 194
106 112
106 170
106 108
106 174
106 117
106 183
107 161
107 119
107 176
108 195
108 199
108 185
108 159
108 172
108 109
108 121
108 186
108 127
109 128
109 141
109 143
109 144
109 133
109 160
109 162
109 199
109 179
109 183
109 185
109 191
109 198
109 173
109 112
109 114
109 117
109 119
110 128
110 134
110 143
110 159
110 173
110 113
110 114
110 184
110 186
110 125
110 126
111 171
111 176
111 166
112 195
112 133
112 134
112 199
112 136
112 142
112 185
112 160
112 172
112 178
112 116
112 184
112 121
112 127
113 160
113 117
113 158
113 126
113 125
114 198
114 141
114 173
114 172
114 183
114 185
114 186
114 187
115 186
115 159
116 141
116 160
116 199
116 178
116 120
117 195
117 196
117 134
117 142
117 185
117 198
117 184
117 121
117 186
117 127
118 197
118 171
118 162
118 189
118 180
118 149
119 129
119 139
119 140
119 149
119 150
119 173
119 137
119 187
119 196
119 198
119 162
119 120
119 127
120 131
120 164
120 133
120 177
120 172
120 178
120 196
120 159
120 127
121 129
121 130
121 194
121 162
121 150
121 158
121 168
121 170
121 183
121 187
122 179
122 154
123 167
123 186
123 159
124 199
125 134
125 139
125 149
125 160
125 163
125 180
125 184
126 134
126 141
126 143
126 159
126 173
126 184
126 186
126 191
127 196
127 193
127 141
127 152
127 153
127 154
127 164
127 177
127 186
127 138
127 160
127 199
127 169
128 197
128 136
128 139
128 142
128 172
128 180
128 189
129 195
129 137
129 161
129 140
129 186
130 194
130 195
130 199
130 172
130 170
131 196
131 172
131 159
132 152
132 157
133 142
133 141
133 152
133 185
133 160
133 198
133 144
133 199
133 183
134 149
134 160
134 158
135 165
135 156
136 162
136 141
136 152
136 143
136 144
136 199
136 172
136 183
136 138
136 191
137 195
137 161
137 186
138 196
138 142
138 186
138 159
139 143
139 149
139 197
139 163
139 189
139 176
139 180
139 191
140 199
140 186
140 161
141 198
141 162
141 173
141 142
141 150
141 178
141 196
141 172
141 158
141 183
141 186
141 187
142 162
142 183
142 152
142 143
142 191
143 198
143 150
143 162
143 172
143 180
143 185
143 149
144 172
144 178
145 186
145 199
145 159
146 161
146 171
149 176
149 163
149 199
149 180
149 184
149 159
149 191
150 152
150 161
150 173
150 186
150 191
151 188
151 175
151 199
152 199
152 196
152 172
152 182
153 196
153 169
153 174
154 179
154 196
154 155
156 199
156 175
156 159
157 196
157 159
158 195
158 199
158 184
158 186
158 159
159 192
159 175
159 162
159 180
159 164
159 165
159 167
159 177
159 183
159 186
159 187
159 190
159 197
159 189
160 195
160 196
160 199
160 163
160 198
160 178
160 184
160 186
161 166
161 176
162 196
162 198
162 173
162 187
162 191
162 186
162 183
163 197
163 189
163 180
163 184
164 193
164 196
164 177
164 190
165 199
166 171
166 176
167 186
168 195
168 186
169 196
169 174
170 195
170 174
171 197
171 176
171 180
171 187
172 173
172 178
172 183
172 187
173 198
173 183
173 185
173 186
174 194
174 199
175 199
175 188
176 197
176 180
176 189
177 193
177 196
178 199
178 187
178 183
179 198
179 185
179 181
180 199
180 186
180 191
183 198
183 185
183 187
186 196
186 187
186 189
186 197
187 195
189 197
189 199
190 193
191 198
192 199
193 196
196 199
197 199
198 199
