0 1
0 194
0 138
0 139
0 140
0 21
0 151
0 89
0 90
0 100
0 103
0 168
0 41
0 106
0 108
0 110
0 114
0 179
0 181
0 118
0 55
0 184
0 57
0 119
0 183
0 85
1 130
1 4
1 197
1 6
1 138
1 194
1 15
1 36
1 29
1 94
1 98
1 100
1 166
1 38
1 40
1 44
1 48
1 51
1 118
1 186
1 63
2 198
2 72
2 11
2 15
2 144
2 17
2 19
2 78
2 86
2 88
2 157
2 166
2 172
2 48
2 54
3 128
3 192
3 131
3 5
3 9
3 11
3 13
3 143
3 16
3 19
3 150
3 24
3 154
3 155
3 158
3 159
3 169
3 42
3 199
3 45
3 47
3 49
3 51
3 53
3 54
3 55
3 56
3 61
3 64
3 65
3 182
3 71
3 74
3 141
3 80
3 173
3 87
3 89
3 95
3 96
3 102
3 104
3 109
3 110
3 113
3 115
3 117
3 119
3 125
3 127
4 133
4 7
4 9
4 138
4 13
4 18
4 23
4 152
4 155
4 28
4 33
4 35
4 156
4 170
4 43
4 45
4 46
4 50
4 52
4 54
4 137
4 185
4 59
4 61
4 190
4 196
4 69
4 70
4 73
4 187
4 78
4 83
4 99
4 111
4 117
4 122
4 126
5 128
5 134
5 136
5 141
5 15
5 145
5 146
5 131
5 149
5 25
5 29
5 158
5 34
5 163
5 164
5 167
5 42
5 171
5 44
5 173
5 174
5 47
5 48
5 49
5 182
5 58
5 60
5 189
5 191
5 67
5 69
5 177
5 80
5 84
5 92
5 186
5 95
5 188
5 98
5 104
5 105
5 112
5 120
5 127
6 70
6 73
6 138
6 76
6 77
6 14
6 79
6 152
6 82
6 20
6 78
6 23
6 24
6 153
6 28
6 29
6 161
6 35
6 165
6 156
6 175
6 169
6 190
6 53
6 121
6 122
6 125
6 62
7 100
7 130
7 139
7 179
7 193
7 183
7 140
7 142
7 15
7 21
7 22
7 151
7 89
7 90
7 29
7 94
7 197
7 123
7 36
7 166
7 40
7 106
7 108
7 110
7 48
7 168
7 114
7 51
7 180
7 181
7 55
7 56
7 63
7 85
8 81
8 67
8 116
8 97
8 91
8 141
8 101
9 133
9 11
9 14
9 15
9 147
9 150
9 31
9 34
9 35
9 165
9 166
9 41
9 42
9 47
9 48
9 179
9 52
9 53
9 182
9 56
9 58
9 61
9 64
9 69
9 71
9 74
9 87
9 143
9 95
9 96
9 102
9 105
9 109
9 111
9 125
9 127
10 81
10 146
10 68
10 129
10 91
10 101
11 69
11 70
11 71
11 13
11 35
11 78
11 86
11 23
11 153
11 27
11 150
11 34
11 99
11 162
11 165
11 195
11 169
11 42
11 47
11 115
11 54
11 73
12 179
12 184
12 21
12 151
12 89
12 90
12 27
12 31
12 33
12 34
12 42
12 109
12 110
12 51
12 106
12 55
12 56
12 61
12 126
12 181
13 51
13 69
13 71
13 169
13 74
13 53
13 24
13 121
14 99
14 37
14 162
14 44
14 195
14 115
14 88
14 19
14 150
14 56
14 98
14 28
14 186
14 159
15 192
15 107
15 74
15 141
15 81
15 150
15 91
15 30
15 31
15 162
15 101
15 166
15 17
15 129
15 41
15 71
15 48
15 179
15 183
15 56
15 88
15 58
15 159
15 138
16 192
16 65
16 69
16 198
16 199
16 17
16 151
16 90
16 184
16 154
16 31
16 96
16 33
16 170
16 43
16 47
16 113
16 51
16 181
16 54
16 56
16 59
16 61
16 126
17 195
17 69
17 166
17 54
17 87
17 27
17 61
18 96
18 33
18 170
18 61
18 126
18 31
19 128
19 133
19 144
19 147
19 23
19 24
19 27
19 34
19 165
19 169
19 42
19 47
19 48
19 50
19 52
19 53
19 54
19 185
19 58
19 62
19 64
19 195
19 196
19 69
19 70
19 71
19 72
19 73
19 74
19 75
19 76
19 162
19 78
19 79
19 80
19 86
19 102
19 105
19 109
19 111
19 125
19 127
20 72
20 75
20 184
20 21
20 23
20 89
20 90
20 29
20 31
20 39
20 106
20 110
20 52
20 181
20 56
21 132
21 133
21 142
21 147
21 22
21 152
21 27
21 156
21 29
21 158
21 197
21 34
21 41
21 44
21 48
21 180
21 54
21 183
21 184
21 59
21 61
21 64
21 193
21 196
21 182
21 72
21 77
21 80
21 85
21 95
21 102
21 103
21 104
21 105
21 108
21 111
22 106
22 183
22 77
22 110
22 184
22 193
22 41
22 152
22 123
22 156
22 190
23 75
23 133
23 71
23 76
23 78
23 79
23 88
23 82
23 147
23 153
23 162
23 195
23 169
23 196
23 50
23 51
23 52
23 53
23 54
23 56
23 185
23 125
23 62
24 71
24 86
24 166
24 82
24 47
24 48
24 52
24 54
24 185
24 58
24 127
25 66
25 141
26 163
26 164
26 101
26 167
26 112
26 120
26 91
26 92
26 30
27 65
27 107
27 74
27 141
27 150
27 151
27 89
27 90
27 155
27 154
27 159
27 101
27 119
27 41
27 43
27 110
27 179
27 181
27 54
27 55
27 184
27 59
27 126
28 54
28 165
29 138
29 144
29 147
29 153
29 156
29 30
29 133
29 35
29 37
29 129
29 41
29 44
29 175
29 50
29 179
29 181
29 55
29 184
29 186
29 187
29 63
29 196
29 72
29 75
29 77
29 78
29 81
29 89
29 90
29 91
29 94
29 98
29 101
29 107
29 110
29 119
29 122
29 183
30 64
30 67
30 177
30 98
30 80
30 131
30 84
30 186
30 94
30 160
30 34
30 163
30 164
30 37
30 166
30 167
30 42
30 44
30 47
30 112
30 49
30 158
30 120
30 58
30 127
31 128
31 192
31 150
31 154
31 159
31 34
31 166
31 39
31 170
31 43
31 45
31 46
31 47
31 52
31 182
31 58
31 59
31 61
31 62
31 64
31 65
31 69
31 199
31 72
31 75
31 76
31 79
31 82
31 83
31 86
31 87
31 143
31 95
31 96
31 102
31 105
31 109
31 113
31 115
31 117
31 127
32 145
32 189
32 135
32 136
32 191
32 93
32 141
33 64
33 65
33 131
33 69
33 128
33 80
33 154
33 34
33 105
33 47
33 49
33 51
33 61
33 127
34 129
34 141
34 150
34 151
34 154
34 42
34 43
34 181
34 54
34 184
34 159
34 61
34 192
34 69
34 71
34 81
34 90
34 199
34 96
34 59
34 102
34 107
34 109
34 110
34 113
34 115
34 121
34 126
35 51
35 150
35 115
35 54
35 56
35 153
35 159
36 197
36 40
36 41
36 55
36 110
36 179
36 119
36 183
37 129
37 196
37 133
37 138
37 76
37 141
37 79
37 81
37 147
37 101
37 41
37 107
37 111
37 50
37 179
37 185
37 62
38 187
38 197
38 103
38 40
38 137
38 138
38 108
38 77
38 161
38 175
38 168
38 114
38 85
38 152
38 122
38 140
38 190
39 192
39 179
39 71
39 144
39 89
39 157
39 96
39 41
39 199
39 172
39 110
39 113
39 51
39 54
39 55
39 56
40 132
40 137
40 119
40 152
40 89
40 161
40 103
40 168
40 41
40 108
40 110
40 179
40 55
40 184
40 57
40 122
40 187
40 183
40 190
40 85
41 132
41 150
41 193
41 139
41 142
41 151
41 159
41 197
41 42
41 44
41 48
41 178
41 179
41 180
41 181
41 54
41 55
41 184
41 58
41 59
41 61
41 65
41 69
41 82
41 85
41 89
41 90
41 186
41 108
41 115
41 119
42 128
42 65
42 129
42 141
42 143
42 80
42 81
42 150
42 87
42 154
42 91
42 69
42 101
42 102
42 104
42 107
42 109
42 173
42 179
42 54
42 105
42 56
42 59
43 96
43 192
43 102
43 199
43 45
43 109
43 113
43 117
43 87
43 59
43 61
44 137
44 119
44 76
44 79
44 141
44 81
44 151
44 152
44 89
44 186
44 156
44 161
44 98
44 106
44 175
44 179
44 52
44 181
44 55
44 184
44 122
44 187
44 190
44 62
45 69
46 96
46 65
46 83
46 51
46 113
46 56
46 154
46 199
46 192
47 192
47 129
47 71
47 141
47 143
47 81
47 150
47 87
47 91
47 69
47 96
47 101
47 169
47 125
47 113
47 115
47 53
47 121
47 126
47 127
48 195
48 71
48 74
48 119
48 138
48 141
48 88
48 89
48 184
48 162
48 166
48 106
48 110
48 183
48 179
48 53
48 54
48 169
48 56
48 58
48 125
49 192
49 141
49 81
49 131
49 69
49 96
49 107
49 184
49 121
49 125
49 126
50 192
50 199
50 75
50 76
50 184
50 89
50 96
50 196
50 111
50 51
50 52
50 53
50 121
50 62
51 196
51 69
51 70
51 87
51 78
51 77
51 82
51 83
51 86
51 153
51 155
51 143
51 133
51 111
51 147
51 52
51 190
51 59
51 61
51 126
52 192
52 133
52 71
52 72
52 75
52 76
52 79
52 144
52 82
52 147
52 150
52 196
52 179
52 94
52 96
52 98
52 199
52 111
52 113
52 185
52 54
52 169
52 56
52 148
52 186
52 62
52 63
53 196
53 133
53 111
53 182
53 155
53 147
53 54
53 185
53 58
53 127
54 128
54 143
54 153
54 179
54 182
54 55
54 184
54 185
54 59
54 169
54 64
54 196
54 69
54 70
54 71
54 73
54 74
54 75
54 162
54 78
54 82
54 87
54 88
54 89
54 95
54 99
54 102
54 105
54 106
54 109
54 110
54 119
54 121
54 125
54 127
55 179
55 72
55 137
55 75
55 77
55 144
55 82
55 148
55 186
55 152
55 89
55 154
55 197
55 161
55 65
55 110
55 175
55 172
55 190
55 183
55 122
55 187
55 62
56 128
56 133
56 147
56 153
56 154
56 155
56 156
56 157
56 159
56 165
56 166
56 172
56 182
56 183
56 185
56 58
56 59
56 64
56 65
56 196
56 69
56 72
56 77
56 82
56 83
56 87
56 143
56 95
56 144
56 102
56 105
56 111
56 115
56 117
56 148
56 122
57 130
57 140
57 151
57 152
57 90
57 100
57 175
57 114
57 179
57 181
57 118
57 184
57 122
57 187
58 192
58 179
58 71
58 138
58 77
58 81
58 150
58 199
58 169
58 152
58 91
58 156
58 96
58 161
58 187
58 101
58 129
58 107
58 175
58 113
58 115
58 121
58 122
58 159
58 190
59 192
59 65
59 115
59 69
59 198
59 199
59 184
59 74
59 143
59 150
59 87
59 154
59 96
59 102
59 109
59 179
59 113
59 106
59 170
59 61
59 126
59 127
60 171
60 188
60 124
60 141
60 174
60 101
61 192
61 65
61 150
61 199
61 74
61 151
61 179
61 87
61 90
61 154
61 96
61 102
61 106
61 109
61 113
61 184
61 170
61 126
61 127
62 192
62 199
62 76
62 94
62 96
62 98
62 185
62 186
62 63
63 133
63 137
63 138
63 76
63 77
63 79
63 141
63 152
63 91
63 161
63 101
63 129
63 107
63 175
63 190
63 183
63 185
63 122
63 187
64 192
64 129
64 69
64 199
64 81
64 150
64 90
64 91
64 106
64 107
64 115
64 181
64 159
64 126
65 110
65 87
65 154
65 109
65 113
65 179
65 126
66 136
66 93
66 145
67 81
67 129
67 107
67 141
68 81
68 146
68 84
68 91
68 141
69 128
69 131
69 143
69 150
69 154
69 155
69 158
69 159
69 182
69 198
69 71
69 74
69 179
69 86
69 87
69 89
69 104
69 109
69 110
69 115
69 117
69 121
69 125
69 126
69 127
70 99
70 165
71 82
71 86
71 75
71 150
71 159
71 155
71 166
71 102
71 169
71 109
71 115
72 192
72 195
72 199
72 75
72 144
72 82
72 151
72 88
72 106
72 172
72 110
72 157
72 148
72 119
74 155
74 88
74 86
75 196
75 144
75 89
75 185
75 96
75 169
75 199
75 110
75 111
75 113
75 147
75 119
75 148
76 196
76 133
76 199
76 79
76 147
76 88
76 96
76 98
76 111
76 185
76 186
77 193
77 130
77 139
77 108
77 119
77 184
77 132
77 186
77 89
77 156
77 98
77 100
77 103
77 178
77 180
78 115
78 150
78 162
78 88
78 159
79 96
79 133
79 98
79 147
79 110
79 185
79 186
79 94
80 96
80 199
80 126
80 141
80 81
80 184
80 91
81 128
81 129
81 131
81 146
81 149
81 158
81 167
81 173
81 177
81 84
81 91
81 186
81 94
81 95
81 97
81 98
81 101
81 102
81 104
81 105
81 112
81 116
81 124
81 127
82 179
82 119
82 148
82 89
82 172
82 110
82 169
83 96
83 192
83 113
83 154
84 107
84 129
84 141
85 139
85 197
85 106
85 103
85 108
85 168
85 179
85 183
85 184
85 122
86 96
86 195
86 113
86 169
86 192
86 88
86 199
87 192
87 199
87 150
87 151
87 90
87 154
87 96
87 198
87 159
87 113
87 115
87 181
87 106
87 126
87 127
88 198
88 195
88 166
88 162
88 165
89 133
89 147
89 152
89 154
89 156
89 197
89 161
89 185
89 186
89 190
89 196
89 98
89 102
89 110
89 111
89 122
89 183
90 98
90 172
90 128
90 151
90 143
90 144
90 103
90 148
90 183
90 186
90 123
91 134
91 149
91 101
91 94
91 160
91 176
91 163
91 166
91 102
91 171
91 109
91 112
91 177
91 120
91 127
92 160
92 176
92 163
92 164
92 129
92 120
92 107
93 145
93 135
93 136
93 191
94 137
94 138
94 141
94 152
94 156
94 161
94 101
94 107
94 175
94 122
94 187
95 192
95 199
95 141
95 150
95 184
95 96
95 101
95 110
95 159
95 125
95 126
96 128
96 133
96 143
96 147
96 150
96 158
96 170
96 159
96 173
96 182
96 185
96 196
96 131
96 105
96 109
96 111
96 115
96 117
96 127
98 129
98 137
98 138
98 156
98 106
98 179
98 187
99 165
100 139
100 168
100 138
100 103
100 108
100 156
101 134
101 188
101 166
101 124
101 171
101 174
101 127
102 192
102 184
102 106
102 154
102 199
102 159
102 113
102 115
103 130
103 132
103 197
103 139
103 140
103 151
103 152
103 161
103 106
103 168
103 114
103 180
103 181
103 184
103 122
103 187
103 190
104 192
104 141
104 184
104 121
105 128
105 199
105 141
105 150
105 184
105 113
105 115
105 121
105 159
106 132
106 108
106 142
106 143
106 144
106 152
106 161
106 123
106 193
106 175
106 178
106 180
106 186
106 190
107 129
107 177
107 149
107 166
107 167
107 112
107 158
107 127
108 130
108 132
108 197
108 137
108 139
108 140
108 156
108 178
108 175
108 168
108 114
108 187
109 192
109 199
109 113
109 121
110 142
110 147
110 154
110 133
110 144
110 197
110 123
110 193
110 172
110 111
110 157
110 148
110 119
111 184
111 196
111 185
111 125
112 160
112 129
112 141
112 176
113 172
113 143
113 148
113 150
113 157
113 166
113 159
113 173
113 196
113 199
113 144
113 115
113 127
114 161
114 194
114 137
114 175
114 140
114 118
114 183
114 152
114 122
114 187
114 190
115 128
115 192
115 147
115 153
115 159
115 165
115 166
115 199
115 179
115 182
115 121
115 127
118 197
118 161
118 137
118 138
118 175
118 156
118 190
119 197
119 144
119 156
119 161
119 175
119 187
119 190
120 164
121 128
121 131
121 196
121 173
121 155
121 158
121 159
121 166
121 185
121 127
122 193
122 132
122 139
122 142
122 152
122 186
122 161
122 123
122 178
122 175
122 168
122 180
122 190
123 161
123 137
123 183
123 175
123 193
123 142
123 151
123 152
123 187
123 190
123 181
124 134
124 188
124 171
124 174
125 133
125 131
125 182
125 158
125 155
125 159
125 185
125 127
126 143
126 154
126 170
126 182
126 127
127 129
127 199
127 143
127 169
128 192
128 151
128 159
129 146
129 131
129 167
130 156
130 139
130 183
130 138
131 141
131 158
132 139
132 197
132 179
132 184
133 184
133 150
133 185
134 141
135 145
135 189
135 141
136 191
136 189
137 194
137 139
137 142
137 186
137 152
137 187
138 197
138 194
138 186
139 152
139 161
139 178
139 179
139 180
139 183
139 187
139 190
140 168
140 183
141 149
141 158
141 166
141 167
141 171
141 173
141 174
141 189
141 177
142 187
142 175
142 184
142 179
142 152
143 192
143 151
143 154
143 159
143 181
144 195
144 151
144 162
145 189
147 184
147 150
147 159
148 192
148 199
148 181
148 151
150 192
150 182
150 165
150 199
151 172
151 157
151 179
151 181
151 183
152 193
152 194
152 197
152 161
152 187
152 175
152 168
152 184
153 159
155 169
156 193
156 194
156 184
156 186
157 195
157 199
157 162
157 181
158 199
158 184
159 179
159 165
159 199
159 192
159 182
160 176
160 167
161 193
161 194
161 168
161 184
162 198
162 195
162 166
162 165
163 164
163 167
165 195
166 192
166 195
166 179
166 198
166 183
166 169
168 178
168 179
168 180
168 183
168 190
169 185
170 192
170 199
172 181
172 199
173 192
173 199
173 184
175 186
178 179
178 183
178 184
179 180
179 181
179 184
179 183
180 183
180 184
181 183
182 192
182 184
183 193
183 197
183 184
184 197
184 190
184 193
184 196
184 185
185 192
185 199
187 194
189 191
190 193
190 194
190 197
195 198
