0 65
0 132
0 68
0 5
0 199
0 8
0 73
0 12
0 77
0 109
0 141
0 81
0 146
0 148
0 173
0 23
0 137
0 89
0 94
0 69
0 161
0 99
0 165
0 38
0 168
0 170
0 45
0 176
0 181
0 118
0 55
0 120
1 68
1 161
1 72
1 74
1 119
1 77
1 14
1 141
1 144
1 17
1 83
1 148
1 173
1 4
1 95
1 33
1 38
1 103
1 41
1 109
1 114
1 180
1 53
1 118
1 55
1 190
2 65
2 130
2 3
2 129
2 10
2 76
2 15
2 81
2 147
2 84
2 85
2 35
2 164
2 38
2 145
2 199
2 176
2 109
3 129
3 195
3 132
3 12
3 141
3 79
3 144
3 145
3 19
3 84
3 85
3 23
3 152
3 94
3 99
3 164
3 165
3 168
3 171
3 173
3 147
3 52
3 119
3 120
3 148
3 188
3 63
4 139
4 68
4 75
4 13
4 14
4 15
4 17
4 195
4 21
4 87
4 96
4 33
4 35
4 37
4 40
4 49
4 52
4 117
4 191
5 150
5 10
5 11
5 14
5 21
5 22
5 151
5 154
5 27
5 32
5 162
5 37
5 40
5 42
5 43
5 46
5 51
5 183
5 56
5 57
5 187
5 60
5 63
5 192
5 193
5 67
5 71
5 80
5 184
5 82
5 185
5 94
5 102
5 188
5 107
5 110
5 115
5 117
5 120
5 191
5 124
5 126
6 96
6 188
6 49
6 8
6 137
6 78
6 111
6 136
6 83
6 121
6 53
6 89
6 68
6 100
6 63
7 128
7 130
7 196
7 198
7 135
7 76
7 143
7 82
7 87
7 158
7 37
7 39
7 167
7 44
7 18
7 175
7 178
7 30
7 58
7 189
8 131
8 10
8 14
8 15
8 17
8 18
8 19
8 149
8 150
8 25
8 156
8 162
8 35
8 176
8 49
8 51
8 54
8 185
8 186
8 65
8 70
8 76
8 77
8 82
8 92
8 106
8 111
9 32
9 192
9 107
9 197
9 22
9 43
9 46
10 129
10 171
10 68
10 69
10 198
10 135
10 73
10 139
10 79
10 145
10 146
10 147
10 84
10 85
10 86
10 152
10 89
10 30
10 160
10 163
10 164
10 165
10 195
10 39
10 170
10 167
10 44
10 178
10 52
10 181
10 137
10 59
10 188
10 189
10 63
11 71
11 60
11 79
11 88
11 146
11 152
11 91
11 69
11 99
11 165
11 169
11 48
11 52
11 181
11 57
11 188
11 63
12 66
12 132
12 134
12 15
12 16
12 131
12 149
12 23
12 95
12 34
12 43
12 51
12 126
12 119
12 122
12 159
12 62
13 65
13 69
13 134
13 199
13 77
13 14
13 45
13 81
13 94
13 99
13 101
13 38
13 109
13 114
13 179
13 118
13 188
13 62
13 63
14 137
14 17
14 150
14 25
14 154
14 33
14 36
14 165
14 38
14 40
14 170
14 45
14 176
14 49
14 180
14 181
14 55
14 185
14 188
14 63
14 65
14 67
14 68
14 70
14 199
14 72
14 73
14 74
14 75
14 81
14 89
14 95
14 97
14 99
14 100
14 101
14 103
14 109
14 111
14 117
14 136
14 191
14 124
15 128
15 179
15 135
15 137
15 139
15 143
15 24
15 19
15 148
15 152
15 196
15 156
15 30
15 38
15 41
15 170
15 171
15 44
15 174
15 175
15 176
15 178
15 172
15 52
15 158
15 55
15 189
15 64
15 194
15 68
15 198
15 199
15 73
15 77
15 84
15 85
15 86
15 89
15 90
15 92
15 109
15 114
15 116
16 68
16 161
16 75
16 141
16 190
16 144
16 148
16 27
16 94
16 33
16 99
16 101
16 40
16 170
16 173
16 117
16 120
16 187
16 188
16 126
16 63
17 68
17 179
17 73
17 81
17 149
17 89
17 95
17 96
17 162
17 100
17 38
17 41
17 170
17 109
17 114
17 51
17 126
17 118
17 137
17 121
17 188
17 62
18 128
18 132
18 68
18 137
18 194
18 79
18 163
18 85
18 86
18 23
18 89
18 30
18 35
18 37
18 39
18 168
18 170
18 44
18 178
18 63
19 130
19 137
19 139
19 43
19 131
19 20
19 22
19 152
19 28
19 31
19 32
19 197
19 35
19 37
19 42
19 171
19 46
19 52
19 54
19 56
19 57
19 60
19 192
19 66
19 195
19 182
19 77
19 93
19 98
19 107
19 125
20 68
20 182
20 73
20 106
20 156
20 54
20 89
20 92
20 30
21 68
21 165
21 99
21 100
21 73
21 146
21 181
21 121
21 120
21 63
21 188
21 94
21 69
22 193
22 66
22 43
22 132
22 151
22 80
22 46
22 23
22 153
22 94
22 32
22 98
22 99
22 102
22 104
22 110
22 168
22 50
22 115
22 181
22 184
22 123
22 188
22 63
23 192
23 132
23 197
23 134
23 71
23 190
23 144
23 107
23 148
23 87
23 91
23 29
23 31
23 162
23 168
23 43
23 159
23 82
23 51
23 126
23 119
23 56
23 57
23 95
23 62
24 35
24 37
24 198
24 39
24 76
24 116
24 87
24 135
25 68
25 73
25 109
25 81
25 146
25 149
25 137
25 89
25 165
25 38
25 170
25 179
25 181
25 118
25 55
25 185
25 159
25 188
25 169
25 63
26 66
26 46
26 113
26 50
26 56
26 29
27 134
27 73
27 77
27 109
27 81
27 137
27 89
27 100
27 165
27 38
27 41
27 45
27 176
27 114
27 179
27 126
27 118
27 55
27 121
27 187
27 188
27 62
28 99
28 68
28 69
28 167
28 73
28 138
28 156
28 155
28 30
28 120
28 59
28 188
28 94
28 63
29 188
29 99
29 132
29 197
29 156
29 119
29 108
29 144
29 113
29 146
29 107
29 169
29 92
29 69
29 63
30 64
30 128
30 130
30 196
30 182
30 76
30 82
30 86
30 87
30 143
30 93
30 35
30 37
30 172
30 177
30 116
30 54
31 144
31 132
31 168
31 105
31 119
31 108
31 48
31 113
31 88
31 61
32 43
32 132
32 144
32 88
32 153
32 92
32 157
32 197
32 165
32 104
32 107
32 108
32 48
32 181
32 119
32 122
32 123
32 188
32 63
33 69
33 126
33 78
33 146
33 83
33 94
33 133
33 96
33 99
33 134
33 169
33 142
33 111
33 112
33 49
33 53
33 120
33 121
33 186
33 188
33 62
33 63
34 161
34 66
34 102
34 193
34 110
34 79
34 113
34 50
34 148
34 151
34 122
35 68
35 195
35 73
35 138
35 139
35 130
35 79
35 85
35 89
35 143
35 196
35 155
35 100
35 39
35 170
35 171
35 174
35 47
35 158
35 137
35 175
35 121
36 97
36 70
36 103
36 136
36 74
36 77
36 49
36 55
37 128
37 137
37 138
37 140
37 143
37 160
37 163
37 165
37 38
37 39
37 41
37 170
37 135
37 44
37 45
37 174
37 175
37 176
37 177
37 178
37 179
37 158
37 55
37 58
37 59
37 188
37 189
37 64
37 181
37 194
37 68
37 69
37 198
37 199
37 73
37 84
37 86
37 89
37 100
37 167
37 109
37 114
37 118
37 121
37 127
38 75
38 147
38 85
38 150
38 87
38 92
38 95
38 156
38 101
38 185
38 187
39 64
39 130
39 196
39 198
39 76
39 140
39 143
39 82
39 86
39 160
39 174
39 175
39 116
39 58
39 189
40 68
40 65
40 126
40 199
40 77
40 169
40 89
40 179
40 94
40 69
40 162
40 100
40 41
40 45
40 176
40 51
40 117
40 55
40 121
40 159
40 188
40 62
40 191
41 195
41 129
41 72
41 74
41 75
41 79
41 81
41 84
41 150
41 87
41 152
41 154
41 101
41 185
41 164
41 145
41 103
41 179
41 52
41 117
41 180
41 187
41 124
41 191
42 113
42 132
42 181
42 168
42 108
42 165
43 192
43 195
43 144
43 148
43 152
43 153
43 102
43 104
43 188
43 171
43 110
43 50
43 52
43 123
43 151
43 63
44 64
44 130
44 76
44 194
44 82
44 86
44 90
44 155
44 163
44 167
44 47
44 178
44 138
44 127
45 139
45 73
45 74
45 75
45 84
45 85
45 150
45 152
45 185
45 101
45 171
45 79
45 52
45 117
45 89
45 55
45 180
45 187
46 192
46 88
46 153
46 156
46 94
46 69
46 99
46 92
46 107
46 48
46 113
46 123
46 188
46 63
47 128
47 160
47 198
47 135
47 140
47 178
47 82
47 163
47 58
47 189
48 166
48 71
48 88
48 50
48 115
48 183
48 56
48 184
48 60
49 67
49 68
49 70
49 72
49 73
49 89
49 154
49 186
49 96
49 100
49 103
49 170
49 180
49 137
49 136
49 124
50 192
50 197
50 104
50 108
50 66
50 157
50 113
50 88
50 122
51 67
51 119
51 144
51 146
51 149
51 68
51 69
51 162
51 165
51 103
51 169
51 170
51 191
51 117
51 137
51 159
51 181
52 199
52 76
52 77
52 156
52 171
52 152
52 114
53 96
53 99
53 69
53 134
53 111
53 146
53 188
53 186
53 63
54 161
54 131
54 68
54 170
54 73
54 106
54 173
54 182
54 137
54 89
54 93
55 67
55 68
55 129
55 74
55 75
55 164
55 150
55 87
55 152
55 154
55 101
55 95
55 97
55 180
55 117
55 185
55 187
55 124
55 191
56 195
56 132
56 139
56 79
56 144
56 152
56 88
56 92
56 94
56 69
56 99
56 165
56 168
56 108
56 113
56 181
56 119
56 120
56 188
56 63
57 132
57 71
57 144
57 92
57 91
57 156
57 94
57 69
57 99
57 165
57 168
57 169
57 119
57 120
57 188
57 63
58 64
58 76
58 82
58 116
58 59
58 167
58 127
59 64
59 128
59 196
59 140
59 76
59 143
59 86
59 90
59 160
59 163
59 167
59 177
59 178
59 127
60 71
60 181
60 88
60 91
60 188
60 63
62 67
62 132
62 69
62 161
62 72
62 75
62 78
62 146
62 83
62 148
62 154
62 94
62 188
62 99
62 101
62 103
62 124
62 168
62 169
62 191
62 117
62 190
62 63
63 130
63 154
63 150
63 197
63 180
63 134
63 191
63 192
63 67
63 69
63 71
63 72
63 75
63 78
63 82
63 142
63 91
63 94
63 165
63 96
63 98
63 99
63 188
63 107
63 146
63 111
63 117
63 120
63 124
63 126
64 128
64 130
64 198
64 135
64 140
64 163
64 167
64 178
64 116
65 129
65 67
65 77
65 73
65 147
65 84
65 85
65 150
65 89
65 154
65 92
65 101
65 164
65 156
65 170
65 117
65 137
66 193
66 152
66 98
66 79
66 80
66 88
66 92
66 157
66 161
66 166
66 156
66 108
66 110
66 113
66 115
66 183
66 184
66 122
66 190
67 179
67 74
67 77
67 81
67 149
67 154
67 69
67 162
67 176
67 114
67 180
67 95
67 188
68 130
68 131
68 137
68 150
68 159
68 162
68 185
68 187
68 191
68 73
68 76
68 77
68 82
68 87
68 89
68 93
68 95
68 96
68 106
68 111
68 117
68 121
68 136
68 125
68 126
69 134
69 146
69 150
69 159
69 162
69 169
69 188
69 71
69 75
69 76
69 82
69 83
69 185
69 94
69 99
69 101
69 120
69 126
69 149
70 96
70 133
70 103
70 136
70 73
70 170
70 78
70 111
70 83
70 142
70 89
70 137
71 144
71 132
71 168
71 79
71 120
71 181
71 88
71 119
72 134
72 81
72 74
72 114
72 179
72 180
72 118
72 188
72 95
73 131
73 182
73 136
73 76
73 77
73 82
73 150
73 87
73 93
73 159
73 162
73 106
73 176
73 185
73 187
73 125
73 126
73 149
74 199
74 77
74 154
74 95
74 176
74 114
74 179
74 180
74 118
74 136
75 199
75 77
75 109
75 81
75 146
75 169
75 99
75 114
75 179
75 118
75 188
75 126
76 128
76 129
76 137
76 139
76 140
76 143
76 144
76 145
76 146
76 147
76 196
76 160
76 163
76 164
76 167
76 168
76 169
76 170
76 174
76 175
76 177
76 178
76 172
76 188
76 189
76 194
76 152
76 79
76 84
76 85
76 86
76 89
76 90
76 94
76 99
76 195
76 119
77 129
77 137
77 145
77 152
77 154
77 156
77 164
77 170
77 171
77 176
77 180
77 187
77 199
77 79
77 84
77 85
77 87
77 89
77 95
77 97
77 101
77 147
77 117
77 191
78 96
78 134
78 136
78 188
78 111
78 83
78 186
79 130
79 81
79 82
79 195
79 139
79 87
79 152
79 157
79 199
79 171
79 114
79 179
79 118
79 122
80 192
80 166
80 108
80 184
80 181
80 88
80 122
80 157
80 165
81 129
81 145
81 84
81 85
81 92
81 95
81 97
81 164
81 101
81 103
81 114
81 179
81 180
81 117
81 118
81 185
81 187
82 181
82 171
82 198
82 138
82 139
82 140
82 146
82 86
82 89
82 155
82 167
82 94
82 160
82 165
82 169
82 170
82 135
82 178
82 137
82 120
82 188
82 189
83 96
83 99
83 142
83 136
83 169
83 111
83 112
83 146
83 120
83 133
83 186
83 134
83 95
84 145
84 199
84 147
84 118
84 179
85 130
85 129
85 145
85 147
85 87
85 164
85 199
85 176
85 109
86 130
86 196
86 143
86 163
86 167
86 174
86 175
86 178
86 116
87 132
87 141
87 143
87 144
87 196
87 156
87 161
87 168
87 135
87 174
87 175
87 179
87 158
87 189
87 194
87 198
87 199
87 90
87 92
87 100
87 109
87 114
87 118
87 121
87 127
88 166
88 193
88 184
88 115
88 151
88 91
88 183
89 130
89 131
89 149
89 150
89 176
89 182
89 185
89 199
89 93
89 106
89 111
89 125
89 126
90 128
90 130
90 163
90 167
90 178
90 177
90 172
91 168
91 156
91 188
91 181
91 92
92 131
92 182
92 130
92 137
92 139
92 106
92 109
92 170
93 131
93 170
93 137
93 125
94 181
94 126
94 120
94 146
94 98
94 101
94 169
94 117
94 188
94 192
95 133
95 119
95 141
95 148
95 142
95 132
95 154
95 161
95 100
95 168
95 103
95 173
95 114
95 180
95 118
95 121
95 124
95 190
96 136
96 142
96 111
96 112
97 103
97 136
97 180
98 192
98 157
98 165
98 183
98 120
98 122
99 192
99 126
99 150
99 134
99 169
99 188
100 186
101 134
101 199
101 176
101 179
101 118
101 120
101 188
101 126
102 192
102 107
102 104
102 110
102 181
102 151
102 197
102 157
102 165
103 162
103 134
103 136
103 114
103 180
103 149
103 118
103 179
103 159
104 192
104 107
104 151
104 193
104 110
106 182
106 170
106 156
106 137
107 192
107 193
107 132
107 151
107 165
107 168
107 115
107 181
107 119
107 123
107 183
108 184
108 115
108 183
109 187
109 156
109 147
109 150
109 185
110 192
110 193
110 181
110 151
110 197
110 165
111 137
111 170
111 136
111 186
111 188
112 136
113 122
114 129
114 152
114 154
114 164
114 171
114 117
114 180
114 124
114 191
115 192
115 197
115 181
115 122
115 165
116 160
116 130
116 196
116 198
116 140
116 135
116 178
116 143
116 189
117 134
117 149
117 179
117 181
117 159
117 165
117 176
117 126
117 118
117 120
118 139
118 129
118 150
118 152
118 154
118 145
118 171
118 180
118 185
118 124
118 191
119 132
119 197
119 134
119 148
119 149
119 161
119 162
119 168
119 159
119 173
119 126
119 190
120 165
120 169
120 146
120 191
120 188
121 187
122 161
122 166
122 148
122 141
122 183
122 184
122 173
123 192
123 197
124 134
124 149
124 176
124 179
124 180
124 181
124 159
124 188
125 156
125 131
126 132
126 141
126 146
126 148
126 165
126 169
126 144
126 173
126 168
126 187
126 188
127 128
127 163
127 198
127 135
127 140
127 178
127 189
128 130
128 194
128 167
128 163
128 155
129 179
129 176
129 147
130 172
130 194
130 163
130 168
130 156
130 167
130 177
130 178
130 147
130 188
131 161
131 182
131 170
131 156
131 137
132 192
132 197
132 134
132 190
132 141
132 173
132 148
132 149
132 161
132 168
132 159
133 136
134 161
134 187
134 141
134 144
134 148
134 154
134 191
134 168
134 169
134 173
134 190
135 198
135 174
135 189
135 158
136 142
136 180
136 137
136 186
137 182
137 149
137 150
137 159
137 162
137 156
137 176
137 185
137 187
138 196
138 178
138 172
138 175
138 143
138 177
138 163
138 155
139 199
139 171
139 152
139 156
141 182
141 161
141 144
141 157
141 173
142 188
143 155
144 197
144 148
144 149
144 161
144 162
144 168
144 173
144 190
145 179
146 149
146 159
146 185
146 188
147 164
147 176
147 199
148 157
148 168
148 159
149 150
149 154
149 162
149 169
149 170
149 191
149 190
149 181
150 199
150 170
150 176
150 179
150 181
150 188
151 192
151 197
151 165
152 171
152 195
152 179
154 159
154 176
154 179
154 180
154 188
155 196
155 172
155 178
155 174
155 177
155 163
156 195
156 171
156 170
157 166
157 183
157 184
157 190
158 198
158 189
159 162
159 169
159 170
159 168
159 191
159 190
159 181
160 167
161 182
161 173
162 168
162 181
163 167
163 194
163 178
163 177
163 172
164 179
164 199
164 176
165 166
165 183
165 184
165 185
165 187
165 188
165 192
165 197
165 191
166 181
167 196
167 172
167 177
167 178
168 197
168 190
168 173
169 185
169 188
170 182
170 176
170 185
170 186
171 199
171 195
172 194
173 182
174 198
174 189
176 180
176 191
177 194
178 194
179 185
179 191
180 199
180 188
181 184
181 188
181 193
181 197
181 183
181 185
181 191
183 197
185 199
187 199
188 192
192 193
192 197
193 197
