0 1
0 130
0 131
0 5
0 7
0 8
0 9
0 10
0 140
0 143
0 16
0 19
0 152
0 26
0 158
0 35
0 164
0 37
0 39
0 40
0 42
0 171
0 46
0 175
0 48
0 49
0 181
0 58
0 59
0 60
0 61
0 62
0 194
0 195
0 68
0 199
0 72
0 74
0 76
0 80
0 90
0 94
0 97
0 103
0 104
0 110
0 114
0 147
0 124
0 125
0 126
1 128
1 2
1 131
1 4
1 6
1 12
1 13
1 15
1 16
1 18
1 148
1 157
1 158
1 159
1 32
1 164
1 41
1 170
1 173
1 174
1 189
1 179
1 52
1 183
1 184
1 180
1 186
1 61
1 71
1 80
1 83
1 185
1 95
1 99
1 100
1 111
1 122
2 50
2 116
2 49
2 146
2 31
3 68
3 6
3 71
3 10
3 12
3 17
3 25
3 157
3 159
3 96
3 38
3 104
3 41
3 111
3 180
3 60
4 194
4 131
4 71
4 8
4 11
4 16
4 171
4 87
4 122
4 95
4 165
4 38
4 49
4 41
4 135
4 112
4 51
4 186
4 53
4 58
4 61
4 190
5 44
5 142
5 67
5 149
5 151
5 24
5 154
5 155
5 156
5 197
5 160
5 161
5 35
5 166
5 39
5 168
5 172
5 48
5 182
5 183
5 56
5 57
5 66
5 195
5 54
5 199
5 78
5 163
5 89
5 109
5 114
5 117
5 119
6 64
6 66
6 68
6 198
6 129
6 77
6 109
6 144
6 67
6 20
6 149
6 90
6 27
6 29
6 159
6 160
6 39
6 169
6 108
6 45
6 119
6 57
6 60
6 63
7 131
7 128
7 16
7 145
7 147
7 20
7 21
7 153
7 154
7 155
7 32
7 167
7 41
7 172
7 173
7 46
7 47
7 179
7 182
7 57
7 60
7 10
7 66
7 68
7 75
7 79
7 81
7 83
7 90
7 93
7 97
7 98
7 17
7 106
7 169
7 122
7 149
8 130
8 75
8 79
8 145
8 21
8 153
8 154
8 155
8 81
8 105
8 170
8 167
8 172
8 173
8 174
8 55
8 56
8 185
8 122
8 183
8 126
9 183
9 56
9 80
9 55
9 172
9 61
9 158
10 128
10 11
10 145
10 21
10 153
10 154
10 155
10 157
10 159
10 32
10 35
10 164
10 166
10 39
10 46
10 51
10 182
10 184
10 57
10 59
10 60
10 191
10 66
10 67
10 199
10 76
10 78
10 81
10 83
10 139
10 185
10 98
10 167
10 110
10 174
10 149
11 64
11 129
11 130
11 69
11 97
11 75
11 76
11 126
11 109
11 147
11 21
11 23
11 24
11 27
11 29
11 96
11 33
11 187
11 40
11 161
11 106
11 43
11 49
11 52
11 117
11 119
11 160
11 74
11 62
12 149
12 66
12 130
12 139
12 77
12 144
12 81
12 82
12 21
12 24
12 153
12 92
12 29
12 161
12 167
12 40
12 28
12 109
12 117
12 119
12 57
12 63
12 61
12 85
13 105
13 75
13 61
13 21
14 68
14 197
14 136
14 141
14 142
14 84
14 150
14 89
14 26
14 91
14 156
14 93
14 34
14 163
14 36
14 90
14 169
14 107
14 176
14 178
14 54
14 123
14 60
15 130
15 131
15 97
15 40
15 106
15 76
15 46
15 189
15 16
15 148
15 59
15 61
16 130
16 131
16 148
16 97
16 155
16 164
16 106
16 172
16 46
16 49
16 182
16 55
16 56
16 122
16 59
16 189
16 126
17 128
17 66
17 147
17 69
17 130
17 83
17 76
17 77
17 144
17 82
17 67
17 148
17 149
17 68
17 90
17 28
17 93
17 95
17 196
17 98
17 164
17 40
17 169
17 106
17 46
17 176
17 49
17 51
17 126
17 57
17 189
17 62
17 63
18 99
18 135
18 138
18 87
18 172
18 190
18 55
18 122
18 61
18 126
19 195
19 199
19 137
19 55
19 78
19 150
19 151
19 166
19 39
19 42
19 110
19 48
19 118
19 183
19 56
19 122
19 60
20 137
20 148
20 21
20 24
20 153
20 26
20 157
20 161
20 164
20 134
20 38
20 167
20 169
20 45
20 178
20 179
20 180
20 184
20 60
20 189
20 62
20 64
20 65
20 68
20 69
20 198
20 71
20 75
20 77
20 81
20 83
20 86
20 90
20 93
20 95
20 102
20 105
20 109
20 111
20 113
20 117
20 118
21 195
21 68
21 118
21 137
21 141
21 199
21 22
21 23
21 25
21 90
21 93
21 30
21 96
21 176
21 148
21 100
21 37
21 39
21 169
21 43
21 151
21 110
21 48
21 52
21 121
21 60
21 74
21 62
21 191
22 161
22 41
22 49
22 52
22 24
22 121
22 117
23 81
23 115
23 105
23 153
23 73
23 187
23 43
23 191
24 199
24 141
24 151
24 25
24 27
24 92
24 118
24 150
24 166
24 38
24 39
24 104
24 109
24 93
24 176
24 53
24 54
24 121
24 186
24 191
25 64
25 129
25 66
25 196
25 69
25 70
25 193
25 74
25 75
25 77
25 109
25 144
25 81
25 82
25 188
25 139
25 27
25 198
25 29
25 149
25 160
25 33
25 101
25 167
25 119
25 92
25 108
25 45
25 117
25 105
25 88
25 63
25 60
25 62
25 85
26 195
26 68
26 150
26 134
26 74
26 141
26 79
26 145
26 86
26 90
26 91
26 93
26 182
26 176
26 155
26 36
26 102
26 169
26 170
26 154
26 173
26 48
26 54
26 183
26 56
26 122
26 123
26 62
26 127
27 96
27 141
27 90
27 157
27 159
27 32
27 41
27 109
27 93
27 111
27 176
27 180
27 169
27 52
28 32
28 196
28 101
28 38
28 71
28 41
28 53
28 92
28 85
29 195
29 71
29 157
29 95
29 96
29 98
29 166
29 38
29 39
29 199
29 109
29 111
29 179
29 52
29 53
29 180
29 186
29 159
29 191
30 105
30 75
31 146
31 49
32 68
32 70
32 76
32 77
32 82
32 147
32 148
32 85
32 90
32 93
32 193
32 33
32 164
32 101
32 166
32 39
32 92
32 97
32 199
32 110
32 46
32 189
32 48
32 49
32 106
32 169
32 59
32 60
32 61
32 126
32 63
33 96
33 193
33 111
33 52
33 121
33 184
33 157
33 159
34 150
34 169
34 178
34 54
34 151
34 90
34 123
35 195
35 68
35 137
35 140
35 48
35 54
35 151
35 118
35 60
35 42
35 150
36 195
36 134
36 102
36 136
36 48
36 113
36 178
36 86
36 123
36 127
37 130
37 171
37 167
37 75
37 112
37 81
37 153
37 58
37 126
38 64
38 129
38 198
38 69
38 70
38 161
38 139
38 77
38 109
38 82
38 85
38 196
38 90
38 133
38 160
38 144
38 101
38 177
38 169
38 108
38 45
38 176
38 49
38 117
38 119
38 57
38 61
39 129
39 184
39 142
39 145
39 154
39 155
39 161
39 163
39 168
39 41
39 42
39 47
39 180
39 54
39 56
39 185
39 62
39 64
39 65
39 68
39 69
39 160
39 79
39 81
39 84
39 89
39 91
39 182
39 105
39 107
39 111
39 157
39 117
39 118
39 119
39 170
40 128
40 98
40 41
40 112
40 49
40 51
40 61
40 191
41 144
41 147
41 149
41 164
41 198
41 166
41 169
41 45
41 46
41 48
41 52
41 57
41 59
41 60
41 61
41 62
41 193
41 66
41 196
41 70
41 199
41 74
41 76
41 77
41 82
41 85
41 96
41 101
41 106
41 108
41 110
41 121
41 126
42 68
42 195
42 74
42 110
42 48
42 60
42 62
43 115
43 81
43 105
43 75
43 167
43 191
44 163
44 166
44 104
44 140
44 110
44 175
44 114
44 181
45 176
45 180
45 48
45 157
45 195
45 169
45 184
45 90
45 191
45 93
45 159
46 128
46 131
46 179
46 83
46 148
46 169
46 90
46 95
46 98
46 164
46 172
46 189
46 51
46 55
46 122
46 60
46 74
47 195
47 140
47 145
47 171
47 175
47 48
47 114
47 181
47 183
47 56
47 58
47 60
47 61
48 134
48 137
48 140
48 173
48 145
48 150
48 151
48 153
48 156
48 197
48 198
48 167
48 174
48 54
48 55
48 185
48 65
48 69
48 70
48 183
48 78
48 79
48 163
48 84
48 91
48 102
48 104
48 154
48 113
48 118
48 122
49 131
49 130
49 145
49 148
49 154
49 155
49 157
49 164
49 170
49 172
49 173
49 174
49 179
49 52
49 182
49 55
49 184
49 185
49 61
49 191
49 71
49 79
49 83
49 94
49 95
49 96
49 100
49 103
49 189
49 116
49 121
49 122
49 126
50 192
51 130
51 68
51 74
51 76
51 77
51 141
51 148
51 90
51 95
51 97
51 98
51 61
51 176
51 179
51 126
51 57
51 59
51 60
51 62
52 75
52 69
52 193
52 144
52 81
52 139
52 57
52 153
52 96
52 167
52 105
52 121
52 61
52 191
53 66
53 69
53 77
53 81
53 82
53 85
53 196
53 92
53 88
53 133
53 160
53 161
53 101
53 167
53 119
53 57
53 186
53 188
53 61
53 126
54 149
54 65
54 66
54 67
54 178
54 134
54 199
54 137
54 140
54 78
54 86
54 175
54 156
54 90
54 197
54 166
54 102
54 104
54 169
54 109
54 110
54 93
54 114
54 118
54 123
55 131
55 76
55 120
55 152
55 175
55 94
55 162
55 195
55 103
55 124
55 171
55 125
55 147
55 189
55 183
55 56
55 58
55 59
55 60
55 61
56 131
56 140
56 175
56 143
56 148
56 152
56 154
56 155
56 158
56 162
56 165
56 166
56 170
56 171
56 172
56 173
56 174
56 185
56 189
56 194
56 199
56 72
56 74
56 183
56 104
56 110
56 112
56 120
56 122
56 124
57 128
57 67
57 68
57 76
57 179
57 151
57 169
57 90
57 118
57 95
57 96
57 98
57 164
57 104
57 140
57 114
57 137
57 180
57 186
57 59
57 60
57 189
57 181
58 194
58 72
58 183
58 79
58 145
58 154
58 165
58 170
58 172
58 173
58 174
58 112
58 185
58 122
58 126
59 67
59 68
59 179
59 83
59 169
59 90
59 93
59 95
59 172
59 122
59 60
59 189
59 191
60 139
60 141
60 144
60 154
60 159
60 164
60 167
60 172
60 173
60 178
60 180
60 184
60 189
60 62
60 66
60 67
60 68
60 75
60 76
60 78
60 81
60 90
60 93
60 95
60 97
60 105
60 106
60 111
60 147
60 169
60 148
60 123
60 170
61 130
61 148
61 152
61 155
61 157
61 158
61 159
61 162
61 164
61 170
61 172
61 173
61 182
61 184
61 180
61 186
61 189
61 190
61 71
61 80
61 143
61 94
61 96
61 99
61 111
61 120
61 122
61 124
61 125
61 126
62 128
62 179
62 141
62 145
62 154
62 164
62 166
62 157
62 176
62 178
62 180
62 183
62 184
62 191
62 67
62 199
62 74
62 79
62 83
62 90
62 93
62 97
62 98
62 110
62 111
62 169
62 148
62 123
62 149
63 71
63 169
63 111
63 82
63 180
63 90
63 159
64 180
64 169
64 108
64 157
64 184
64 90
64 191
64 70
64 93
64 159
65 176
65 137
65 199
65 141
65 110
65 118
65 151
65 169
65 90
65 91
65 93
65 150
66 68
66 140
66 148
66 150
66 151
66 175
66 159
66 164
66 71
66 111
66 114
66 180
66 186
66 189
67 71
67 137
67 76
67 118
67 147
67 150
67 151
67 90
67 175
67 93
67 159
67 169
67 106
67 114
67 180
67 181
67 74
68 179
68 141
68 145
68 154
68 155
68 159
68 164
68 169
68 174
68 176
68 178
68 180
68 182
68 184
68 189
68 191
68 76
68 78
68 83
68 185
68 90
68 93
68 95
68 98
68 110
68 111
68 157
68 148
68 123
68 170
68 149
69 195
69 71
69 93
69 96
69 166
69 199
69 109
69 110
69 111
69 180
69 191
70 195
70 71
70 108
71 149
71 139
71 77
71 141
71 82
71 85
71 88
71 130
71 101
71 177
71 92
71 93
71 188
71 126
72 130
72 165
72 171
72 194
72 112
72 183
72 126
74 128
74 145
74 147
74 148
74 154
74 166
74 167
74 157
74 178
74 179
74 180
74 199
74 76
74 81
74 83
74 95
74 98
74 106
74 110
74 111
74 123
75 164
75 141
75 90
75 96
75 100
75 169
75 176
75 148
75 191
76 128
76 179
76 83
76 93
76 95
76 131
76 172
76 189
76 122
76 191
77 128
77 129
77 179
77 160
77 141
77 83
77 90
77 93
77 95
77 161
77 98
77 176
77 109
77 111
77 157
77 180
77 119
77 184
77 186
77 159
78 195
78 104
78 137
78 140
78 114
78 151
78 118
78 150
79 131
79 195
79 171
79 152
79 155
79 94
79 164
79 103
79 170
79 174
79 173
79 110
79 182
79 183
79 185
80 103
80 143
80 124
80 94
81 164
81 141
81 195
81 90
81 96
81 176
81 100
81 169
81 186
82 109
82 111
82 157
82 186
82 184
82 90
82 93
83 179
83 141
83 93
83 148
83 164
84 123
84 199
84 110
84 166
84 107
84 195
85 196
85 169
85 186
86 137
86 141
86 93
86 176
86 118
86 169
86 127
87 99
87 172
87 190
88 196
88 101
88 188
88 186
88 92
89 104
89 107
90 196
90 179
90 141
90 150
90 153
90 156
90 157
90 159
90 164
90 134
90 167
90 176
90 178
90 180
90 184
90 197
90 198
90 91
90 92
90 95
90 101
90 102
90 105
90 106
90 108
90 109
90 111
90 113
90 118
90 148
90 123
91 195
91 137
91 176
91 141
91 93
91 118
91 151
91 150
92 161
92 101
92 133
92 169
92 160
92 109
92 177
92 186
92 117
93 128
93 137
93 141
93 157
93 159
93 161
93 164
93 134
93 167
93 176
93 178
93 179
93 184
93 95
93 97
93 98
93 102
93 105
93 108
93 109
93 118
93 123
94 145
94 183
94 172
94 182
94 154
94 155
94 122
94 158
95 128
95 97
95 98
95 169
95 148
95 176
95 189
95 126
96 144
96 193
96 139
96 105
96 191
97 131
97 147
97 148
97 164
97 169
97 106
97 189
97 191
98 128
98 130
98 164
99 190
99 126
100 105
100 167
101 177
101 188
101 169
102 176
102 136
102 137
102 141
102 118
102 151
102 150
103 183
103 172
103 154
103 155
103 158
104 118
104 139
104 140
104 144
104 145
104 142
104 150
104 151
104 163
104 168
104 107
104 109
104 175
104 114
104 181
104 183
104 122
105 199
105 141
105 148
105 164
105 166
105 169
105 110
105 176
105 189
106 131
106 148
106 189
106 169
106 122
106 191
107 166
107 199
107 140
107 175
107 114
107 181
107 123
108 110
108 111
108 157
108 180
108 169
108 159
109 175
109 151
109 169
109 157
109 114
109 180
109 111
109 159
109 191
110 183
110 142
110 145
110 118
110 150
110 151
110 161
110 163
110 166
110 168
110 199
110 117
111 198
111 193
111 141
111 149
111 169
111 144
111 176
112 130
112 171
112 194
112 183
112 126
112 165
113 176
113 195
113 136
113 127
114 140
114 142
114 185
114 175
114 118
114 163
114 174
114 168
114 181
114 183
114 122
114 149
117 141
117 176
117 119
117 121
117 186
117 191
118 150
118 134
118 137
118 140
118 141
118 151
118 176
118 169
118 178
118 175
118 181
118 195
119 129
119 159
119 161
119 184
119 121
119 186
119 191
120 183
120 158
121 160
121 129
121 161
122 131
122 140
122 164
122 171
122 175
122 147
122 181
122 183
122 126
123 137
123 141
123 142
123 150
123 151
123 163
123 168
123 169
123 176
124 183
124 143
124 172
124 125
125 172
125 183
126 194
126 131
126 132
126 138
126 171
126 186
126 165
126 135
126 172
126 191
127 134
128 164
128 130
128 189
128 148
129 160
129 186
129 184
129 157
129 191
130 194
130 131
130 165
130 171
130 191
131 183
131 145
131 147
131 148
131 154
131 155
131 164
131 172
131 182
131 189
134 176
134 195
134 136
134 137
134 141
134 169
134 150
136 195
137 141
137 151
137 150
137 166
137 195
139 180
140 195
140 172
140 163
140 142
140 175
140 170
140 173
140 183
141 179
141 148
141 161
141 189
141 178
141 169
142 178
142 175
142 181
143 183
143 158
144 180
144 184
144 186
144 159
145 195
145 148
145 171
145 152
145 154
145 164
145 174
145 173
145 185
145 189
147 164
147 172
147 189
147 191
148 179
148 169
148 176
148 183
148 149
149 150
149 151
149 159
149 164
149 180
149 189
150 197
150 199
150 166
150 169
150 178
150 195
151 169
151 195
151 178
152 154
152 183
152 172
153 164
153 169
154 195
154 171
154 199
154 164
154 166
154 183
155 199
155 166
155 170
155 173
155 182
155 183
155 185
156 169
156 197
157 198
157 160
157 193
157 184
158 162
158 183
159 193
159 160
159 198
159 169
160 186
160 184
161 186
161 176
161 191
161 199
161 166
162 183
162 172
163 195
163 166
163 199
163 178
163 175
163 181
164 167
164 169
164 170
164 172
164 173
164 179
165 183
165 171
166 199
166 183
166 182
167 169
167 195
167 186
168 181
168 178
168 175
169 196
169 176
169 178
169 180
169 189
169 198
170 171
170 181
170 182
171 194
171 172
171 173
171 174
171 183
171 185
172 190
172 175
172 181
172 189
172 183
173 195
173 181
173 182
173 183
174 181
174 182
174 183
174 185
175 183
175 181
175 185
176 198
176 179
176 178
176 180
177 196
179 189
180 198
181 185
181 183
182 199
182 183
183 185
183 189
183 194
183 199
184 198
184 193
185 195
186 196
186 188
188 196
191 198
