0 96
0 129
0 98
0 131
0 165
0 175
0 146
0 46
0 45
0 173
0 114
0 115
0 153
0 15
0 28
0 157
1 34
1 3
1 86
1 169
1 74
1 82
1 18
1 52
1 85
1 22
1 59
1 157
1 127
2 128
2 131
2 132
2 141
2 18
2 147
2 20
2 149
2 152
2 27
2 28
2 159
2 34
2 38
2 39
2 168
2 45
2 174
2 49
2 178
2 51
2 53
2 54
2 55
2 66
2 68
2 70
2 74
2 75
2 77
2 82
2 83
2 86
2 98
2 99
2 100
2 101
2 102
2 105
2 106
2 108
2 110
2 115
2 121
2 125
3 149
3 67
3 70
3 7
3 136
3 74
3 76
3 15
3 115
3 17
3 82
3 147
3 21
3 100
3 90
3 28
3 154
3 101
3 34
3 99
3 36
3 37
3 38
3 43
3 108
3 18
3 125
3 51
3 117
3 159
3 146
3 102
3 127
4 34
4 36
4 70
4 71
4 41
4 74
4 173
4 174
4 175
4 113
4 115
4 52
4 90
4 126
5 131
5 6
5 135
5 8
5 9
5 10
5 11
5 14
5 15
5 24
5 146
5 20
5 149
5 151
5 152
5 154
5 28
5 29
5 158
5 159
5 162
5 163
5 37
5 39
5 168
5 172
5 45
5 50
5 51
5 67
5 69
5 70
5 76
5 82
5 92
5 165
5 97
5 99
5 100
5 105
5 107
5 110
5 115
5 117
5 125
6 65
6 131
6 100
6 133
6 102
6 135
6 8
6 41
6 178
6 111
6 18
6 147
6 166
7 128
7 65
7 147
7 70
7 136
7 9
7 75
7 13
7 15
7 124
7 82
7 107
7 148
7 110
7 22
7 152
7 28
7 159
7 96
7 177
7 99
7 37
7 38
7 113
7 40
7 41
7 106
7 43
7 44
7 173
7 46
7 111
7 112
7 108
7 50
7 51
7 52
7 117
7 118
7 105
7 60
7 127
8 149
8 17
8 56
8 40
8 177
8 42
8 107
8 118
8 125
9 136
9 137
9 11
9 13
9 142
9 18
9 20
9 121
9 152
9 90
9 94
9 95
9 100
9 105
9 42
9 108
9 173
9 110
9 112
9 178
9 41
9 55
9 58
9 106
9 126
9 63
10 66
10 131
10 39
10 44
10 78
10 47
10 112
10 115
10 55
10 154
10 15
10 28
10 93
10 165
11 66
11 67
11 132
11 135
11 136
11 138
11 151
11 76
11 162
11 18
11 83
11 147
11 23
11 88
11 28
11 29
11 98
11 40
11 105
11 43
11 178
11 46
11 47
11 157
11 50
11 115
11 56
11 127
12 102
13 96
13 66
13 82
13 136
13 41
13 74
13 43
13 44
13 77
13 173
13 108
13 18
13 115
13 148
13 86
13 59
13 42
13 159
14 149
14 97
14 101
14 113
14 76
14 37
14 69
15 128
15 132
15 136
15 141
15 173
15 18
15 131
15 20
15 151
15 24
15 26
15 29
15 30
15 133
15 38
15 39
15 40
15 41
15 42
15 43
15 44
15 45
15 46
15 157
15 177
15 178
15 159
15 67
15 147
15 69
15 70
15 75
15 76
15 80
15 82
15 86
15 87
15 95
15 97
15 99
15 102
15 105
15 108
15 111
15 168
15 115
15 125
15 127
16 65
16 35
16 37
16 38
16 49
16 136
16 137
16 138
16 108
16 177
16 17
16 115
16 25
16 90
16 59
16 62
16 127
17 34
17 47
17 168
17 50
17 99
17 20
17 149
17 22
17 24
17 90
17 126
18 128
18 133
18 147
18 149
18 29
18 158
18 32
18 34
18 35
18 37
18 38
18 168
18 169
18 42
18 43
18 44
18 45
18 157
18 177
18 50
18 51
18 54
18 62
18 67
18 130
18 71
18 75
18 76
18 162
18 80
18 173
18 82
18 163
18 84
18 89
18 90
18 165
18 96
18 98
18 99
18 166
18 102
18 178
18 105
18 114
18 115
18 117
18 127
19 40
19 157
20 51
20 70
20 129
20 136
20 138
20 147
20 23
20 90
20 93
20 159
20 96
20 49
20 105
20 39
20 44
20 173
20 174
20 112
20 113
20 178
20 115
20 108
20 41
20 56
21 168
21 50
21 148
21 22
21 177
21 152
21 74
21 75
21 77
21 159
22 32
22 168
22 133
22 39
22 40
22 41
22 128
22 43
22 173
22 78
22 50
22 153
22 136
22 159
22 94
22 127
23 107
23 67
23 37
23 135
23 40
23 41
23 78
23 115
23 178
23 35
23 158
23 24
23 90
23 154
23 94
23 165
24 107
24 136
24 74
24 139
24 76
24 110
24 90
24 156
24 29
24 158
24 97
24 165
24 102
24 39
24 168
24 43
24 172
24 46
24 47
24 48
24 177
24 120
24 57
24 59
24 127
25 168
25 50
25 98
25 141
26 129
26 162
26 43
26 39
26 71
26 77
26 148
26 158
26 118
26 57
26 154
26 159
26 30
26 127
27 67
27 37
27 177
27 40
27 169
27 42
27 75
27 76
27 49
27 115
27 117
27 118
27 90
27 63
27 138
27 158
27 95
28 149
28 70
28 108
28 76
28 77
28 78
28 82
28 67
28 84
28 142
28 92
28 29
28 96
28 34
28 131
28 105
28 107
28 44
28 45
28 110
28 111
28 49
28 178
28 51
28 117
28 138
28 58
28 74
28 127
29 96
29 131
29 70
29 136
29 74
29 76
29 77
29 88
29 147
29 85
29 105
29 152
29 157
29 159
29 32
29 97
29 110
29 35
29 100
29 38
29 39
29 92
29 107
29 44
29 82
29 46
29 111
29 48
29 113
29 51
29 180
29 55
29 57
29 151
29 126
29 127
30 82
30 51
30 180
30 118
30 168
30 143
30 111
31 130
31 54
32 128
32 51
32 117
32 108
32 133
33 90
33 36
34 118
34 78
34 110
34 90
34 133
34 165
34 37
34 102
34 167
34 41
34 106
34 43
34 108
34 46
34 113
34 50
34 51
34 54
34 105
34 159
35 128
35 43
35 133
35 71
35 136
35 74
35 78
35 80
35 131
35 85
35 90
35 165
35 37
35 177
35 40
35 41
35 107
35 108
35 45
35 174
35 111
35 157
35 168
35 178
35 51
35 118
35 121
35 124
35 127
36 128
36 133
36 134
36 136
36 74
36 141
36 82
36 163
36 110
36 152
36 90
36 92
36 154
36 101
36 96
36 162
36 99
36 37
36 38
36 39
36 40
36 41
36 42
36 107
36 172
36 46
36 157
36 52
36 57
36 159
36 138
37 65
37 130
37 75
37 76
37 141
37 152
37 89
37 90
37 154
37 95
37 102
37 39
37 106
37 43
37 108
37 82
37 110
37 111
37 157
37 50
37 159
37 125
37 127
38 129
38 132
38 74
38 75
38 76
38 66
38 142
38 141
38 171
38 85
38 151
38 91
38 92
38 159
38 162
38 168
38 105
38 106
38 43
38 44
38 45
38 174
38 113
38 117
38 138
39 128
39 136
39 147
39 151
39 152
39 158
39 133
39 162
39 40
39 169
39 42
39 43
39 173
39 157
39 178
39 55
39 58
39 159
39 62
39 74
39 75
39 76
39 82
39 98
39 99
39 102
39 107
39 108
39 110
39 112
39 168
39 115
39 41
39 127
40 128
40 65
40 178
40 86
40 70
40 177
40 76
40 77
40 170
40 169
40 92
40 167
40 158
40 98
40 102
40 41
40 106
40 43
40 108
40 173
40 46
40 49
40 50
40 105
40 113
40 54
40 55
40 57
40 136
40 60
40 125
40 117
41 128
41 66
41 131
41 133
41 136
41 138
41 75
41 76
41 82
41 99
41 92
41 94
41 165
41 105
41 107
41 108
41 110
41 111
41 112
41 113
41 114
41 115
41 168
41 124
41 127
42 128
42 65
42 133
42 76
42 152
42 100
42 165
42 102
42 106
42 107
42 108
42 82
42 136
42 51
43 128
43 152
43 147
43 149
43 151
43 154
43 171
43 44
43 47
43 157
43 51
43 54
43 57
43 62
43 66
43 67
43 177
43 74
43 75
43 141
43 82
43 98
43 131
43 105
43 108
43 111
43 112
43 168
43 115
43 125
43 127
44 129
44 67
44 69
44 76
44 77
44 144
44 83
44 86
44 71
44 133
44 96
44 97
44 99
44 100
44 165
44 161
44 106
44 159
44 82
44 46
44 154
44 157
44 50
44 52
44 54
44 123
44 124
44 138
44 126
44 107
45 128
45 67
45 70
45 136
45 77
45 173
45 99
45 85
45 87
45 90
45 91
45 158
45 133
45 96
45 97
45 162
45 100
45 101
45 105
45 106
45 107
45 125
45 146
45 111
45 112
45 178
45 51
45 131
45 118
45 121
45 166
45 102
45 127
46 129
46 130
46 67
46 177
46 98
46 75
46 84
46 171
46 151
46 154
46 158
46 101
46 102
46 167
46 105
46 107
46 173
46 110
46 111
46 112
46 157
46 178
46 115
46 54
46 57
47 66
47 70
47 136
47 75
47 77
47 82
47 107
47 130
47 159
47 163
47 101
47 177
47 168
47 173
47 49
47 178
47 127
48 82
49 67
49 133
49 70
49 136
49 74
49 75
49 76
49 162
49 82
49 149
49 152
49 95
49 98
49 163
49 139
49 105
49 173
49 110
49 114
49 58
49 127
50 128
50 129
50 147
50 149
50 108
50 138
50 75
50 76
50 173
50 82
50 131
50 148
50 152
50 90
50 86
50 118
50 172
50 99
50 102
50 105
50 171
50 110
50 174
50 112
50 113
50 115
50 117
50 54
50 163
50 168
50 146
51 128
51 129
51 137
51 142
51 149
51 133
51 167
51 156
51 172
51 178
51 52
51 56
51 57
51 70
51 74
51 75
51 76
51 82
51 86
51 90
51 92
51 94
51 102
51 103
51 105
51 107
51 108
51 110
51 113
51 117
51 169
51 123
51 124
51 127
52 128
52 130
52 133
52 162
52 78
52 147
52 148
52 152
52 90
52 156
52 94
52 98
52 99
52 129
52 105
52 168
52 54
52 57
53 164
53 132
54 107
54 70
54 74
54 174
54 152
54 90
54 91
54 156
54 94
54 161
54 99
54 101
54 102
54 105
54 57
54 159
54 125
54 62
55 96
55 67
55 133
55 75
55 114
55 111
55 112
55 157
55 82
55 173
55 154
55 168
55 95
56 96
56 97
56 133
56 166
56 75
56 108
56 178
56 84
56 117
56 57
56 154
57 133
57 136
57 76
57 173
57 131
57 148
57 110
57 86
57 164
57 90
57 94
57 159
57 96
57 165
57 178
57 105
57 107
57 108
57 109
57 112
57 177
57 114
57 126
58 157
58 162
58 113
58 93
58 110
58 127
59 101
59 65
59 168
59 137
59 138
59 75
59 76
59 113
59 114
59 127
62 128
62 136
62 76
62 107
62 108
62 113
62 63
63 97
63 158
63 141
63 110
63 117
64 108
65 128
65 133
65 136
65 138
65 75
65 80
65 148
65 154
65 158
65 165
65 99
65 102
65 105
65 173
65 177
65 115
65 125
65 127
66 128
66 133
66 71
66 172
66 75
66 141
66 151
66 88
66 99
66 102
66 103
66 168
66 106
66 108
66 115
66 169
67 128
67 70
67 71
67 172
67 75
67 110
67 90
67 159
67 96
67 101
67 105
67 178
67 125
67 127
68 82
68 118
69 165
69 147
69 75
69 77
70 172
70 75
70 76
70 77
70 78
70 82
70 86
70 111
70 159
70 99
70 165
70 105
70 71
70 108
70 112
70 178
70 168
71 105
71 82
71 117
71 86
71 90
71 91
71 127
72 112
72 110
72 102
72 94
72 133
73 105
74 149
74 118
74 136
74 132
74 143
74 115
74 152
74 82
74 99
74 148
74 100
74 90
74 159
74 107
74 98
74 168
74 105
74 108
74 174
74 157
74 114
74 131
74 127
74 125
74 85
75 131
75 133
75 136
75 137
75 130
75 148
75 152
75 154
75 157
75 159
75 168
75 178
75 177
75 76
75 82
75 167
75 94
75 96
75 97
75 98
75 100
75 101
75 105
75 107
75 108
75 110
75 111
75 114
75 115
75 125
76 128
76 130
76 132
76 136
76 138
76 141
76 131
76 159
76 173
76 177
76 168
76 77
76 82
76 86
76 92
76 94
76 165
76 96
76 97
76 99
76 100
76 102
76 178
76 105
76 107
76 108
76 110
76 113
76 115
76 117
76 118
76 122
76 125
76 127
77 146
77 147
77 86
77 158
77 159
77 96
77 177
77 170
77 171
77 168
77 178
77 94
77 124
78 133
78 135
78 108
78 146
78 110
78 138
78 82
78 154
78 159
78 125
78 127
79 128
79 141
80 132
80 94
81 105
81 86
81 127
82 128
82 136
82 137
82 149
82 153
82 154
82 133
82 162
82 163
82 178
82 177
82 88
82 90
82 98
82 99
82 102
82 105
82 167
82 146
82 110
82 157
82 115
82 118
83 133
83 162
83 174
83 146
83 94
83 173
84 173
84 115
84 105
84 125
84 141
85 132
85 136
85 105
85 115
85 151
85 138
86 128
86 115
86 133
86 136
86 108
86 151
86 121
86 90
86 92
86 94
86 95
86 161
86 162
86 100
86 102
86 177
86 106
86 171
86 178
86 113
86 158
86 159
86 127
87 177
87 178
88 131
88 168
88 137
88 171
88 108
88 115
88 117
88 89
89 108
89 162
90 128
90 133
90 136
90 138
90 173
90 157
90 158
90 160
90 168
90 174
90 175
90 155
90 163
90 164
90 152
90 95
90 96
90 144
90 101
90 102
90 110
90 111
90 116
90 117
90 165
90 127
91 115
91 122
91 107
91 108
91 149
92 131
92 133
92 141
92 152
92 100
92 154
92 93
92 94
92 98
92 101
92 177
92 173
92 111
92 113
92 124
92 127
94 128
94 156
94 152
94 158
94 159
94 98
94 106
94 107
94 114
94 117
94 127
95 128
95 162
95 132
95 174
95 175
95 110
95 112
95 146
95 117
95 152
95 158
95 165
96 128
96 133
96 136
96 141
96 173
96 151
96 99
96 102
96 157
96 112
96 117
97 128
97 148
97 151
97 159
97 98
97 106
97 177
97 178
97 115
97 117
97 125
98 128
98 161
98 136
98 177
98 130
98 147
98 149
98 157
98 133
98 101
98 165
98 105
98 106
98 113
98 121
98 127
99 128
99 136
99 108
99 145
99 147
99 148
99 173
99 151
99 157
99 158
99 161
99 165
99 102
99 106
99 177
99 105
99 138
100 168
100 157
100 138
100 147
100 105
100 173
100 159
101 118
101 136
101 138
101 110
101 158
101 159
101 165
101 172
101 112
101 114
101 115
102 128
102 133
102 136
102 138
102 139
102 144
102 149
102 152
102 156
102 159
102 177
102 162
102 173
102 165
102 178
102 106
102 107
102 108
102 110
102 168
102 117
102 121
102 122
102 123
102 127
104 158
105 128
105 136
105 138
105 174
105 152
105 133
105 165
105 157
105 159
105 162
105 178
105 107
105 168
105 111
105 113
105 117
105 118
105 124
105 127
106 172
106 136
106 138
106 173
106 147
106 152
106 156
106 157
106 165
106 162
106 107
106 113
106 115
106 158
106 108
106 127
107 128
107 132
107 151
107 141
107 173
107 152
107 147
107 148
107 174
107 133
107 165
107 168
107 136
107 159
107 157
107 167
107 108
107 110
107 112
107 115
107 117
107 118
107 125
107 126
108 128
108 179
108 136
108 138
108 142
108 131
108 151
108 154
108 158
108 159
108 172
108 173
108 177
108 162
108 141
108 165
108 178
108 110
108 112
108 147
108 127
109 162
110 138
110 130
110 154
110 156
110 158
110 159
110 162
110 168
110 173
110 141
110 178
110 113
110 115
110 121
110 127
111 128
111 133
111 138
111 141
111 147
111 158
111 166
111 168
111 157
111 176
111 178
111 117
111 125
111 127
112 128
112 132
112 133
112 177
112 158
112 148
112 136
112 115
112 159
112 138
112 126
113 115
113 136
113 174
113 122
113 152
113 155
113 158
113 162
113 171
113 172
113 173
113 157
113 168
113 117
114 131
114 177
114 158
115 128
115 136
115 152
115 159
115 162
115 163
115 151
115 138
115 139
115 126
116 151
117 128
117 134
117 136
117 138
117 144
117 147
117 148
117 149
117 151
117 157
117 158
117 159
117 133
117 162
117 165
117 167
117 173
117 174
117 168
117 178
117 118
118 157
118 159
118 174
118 136
118 125
119 131
121 128
121 136
121 125
123 136
124 138
124 151
124 177
124 154
124 127
125 128
125 132
125 161
125 171
125 156
125 165
125 148
125 177
125 136
126 178
126 157
127 128
127 136
127 138
127 131
127 159
127 129
127 173
127 178
127 177
127 135
127 139
127 165
127 157
128 131
128 133
128 136
128 149
128 154
128 157
128 161
128 162
128 172
128 174
128 177
128 173
128 178
129 165
129 133
129 178
129 169
129 173
129 174
130 136
130 152
130 148
130 143
131 135
131 158
131 178
132 154
133 136
133 147
133 154
133 158
133 165
133 178
134 136
135 152
136 157
136 142
136 149
136 154
136 161
136 172
136 174
136 178
136 177
136 141
136 163
136 148
138 143
138 154
138 161
138 173
139 172
139 157
141 152
141 173
141 177
141 178
142 172
142 178
144 168
144 171
146 151
146 159
147 172
147 156
147 166
147 168
147 169
147 178
147 148
148 153
148 159
149 162
149 159
149 177
151 163
151 164
151 173
151 157
152 165
152 163
152 177
152 169
152 159
153 178
154 177
157 172
157 173
158 178
158 174
158 177
158 173
159 172
159 177
159 167
159 165
161 171
162 174
162 178
163 167
163 171
163 173
165 178
166 168
166 178
168 177
168 174
168 172
168 178
169 173
173 177
174 178
