0 107
0 129
0 34
0 3
0 131
0 98
0 40
0 75
0 45
0 109
0 11
0 136
0 82
0 67
0 148
0 94
0 163
0 24
0 26
0 168
0 30
1 112
1 2
1 37
1 28
1 76
1 77
2 128
2 66
2 131
2 178
2 5
2 70
2 7
2 136
2 74
2 75
2 76
2 15
2 18
2 83
2 21
2 22
2 24
2 90
2 157
2 94
2 69
2 133
2 171
2 98
2 35
2 101
2 38
2 39
2 105
2 106
2 107
2 108
2 173
2 110
2 50
2 147
2 117
2 138
2 57
2 122
2 125
2 63
3 66
3 133
3 71
3 9
3 162
3 98
3 15
3 18
3 99
3 20
3 110
3 100
3 157
3 97
3 34
3 35
3 82
3 102
3 105
3 107
3 44
3 45
3 46
3 174
3 178
3 147
3 117
3 55
3 146
4 97
4 67
4 165
4 166
4 7
4 8
4 105
4 138
4 75
4 44
4 15
4 112
4 108
4 18
4 131
4 151
4 25
4 90
4 111
4 124
4 125
5 67
5 147
5 69
5 7
5 75
5 9
5 74
5 11
5 141
5 173
5 144
5 18
5 131
5 151
5 88
5 90
5 91
5 165
5 102
5 41
5 171
5 45
5 110
5 112
5 49
5 178
5 115
5 52
5 117
5 57
5 136
6 113
6 90
6 115
6 147
7 128
7 129
7 131
7 135
7 8
7 13
7 15
7 18
7 20
7 152
7 25
7 29
7 133
7 162
7 36
7 165
7 38
7 40
7 173
7 136
7 178
7 54
7 56
7 69
7 71
7 74
7 75
7 76
7 78
7 141
7 82
7 90
7 95
7 97
7 98
7 105
7 106
7 107
7 108
7 146
7 110
7 111
7 112
7 168
7 114
7 117
7 148
7 122
7 126
7 127
8 105
8 154
8 108
9 128
9 66
9 136
9 74
9 11
9 76
9 141
9 15
9 67
9 22
9 101
9 165
9 102
9 38
9 45
9 111
9 177
9 51
9 54
9 55
9 59
9 126
10 99
10 70
10 103
10 136
10 105
10 170
10 107
10 173
10 110
10 43
10 115
10 117
10 118
10 73
10 24
10 121
10 154
10 126
11 172
11 130
11 67
11 136
11 13
11 15
11 173
11 82
11 24
11 92
11 162
11 35
11 37
11 105
11 44
11 18
11 111
11 112
11 50
11 51
11 55
11 57
11 124
11 127
12 43
12 108
12 22
13 162
13 99
13 102
13 41
13 106
13 76
13 173
13 142
13 79
13 49
13 51
13 117
13 23
13 127
13 25
13 47
13 159
13 39
13 95
14 128
14 100
14 136
14 76
15 128
15 129
15 133
15 136
15 141
15 18
15 131
15 148
15 149
15 152
15 28
15 159
15 164
15 165
15 38
15 39
15 40
15 41
15 43
15 44
15 173
15 174
15 178
15 172
15 55
15 57
15 59
15 62
15 75
15 76
15 156
15 86
15 90
15 92
15 105
15 107
15 108
15 110
15 111
15 112
15 168
15 147
15 117
15 124
15 125
15 127
16 112
16 157
16 50
16 51
16 133
16 130
16 71
16 26
16 107
16 125
16 146
17 32
17 177
17 50
17 37
17 142
17 105
17 90
17 76
17 61
17 110
18 128
18 66
18 78
18 82
18 99
18 147
18 22
18 127
18 89
18 159
18 86
18 157
18 30
18 69
18 35
18 36
18 40
18 92
18 107
18 108
18 46
18 174
18 49
18 50
18 51
18 158
18 55
18 56
18 57
18 59
18 125
18 63
19 61
19 117
20 129
20 132
20 133
20 70
20 73
20 75
20 98
20 78
20 35
20 24
20 159
20 34
20 99
20 102
20 38
20 167
20 42
20 108
20 175
20 120
20 58
20 59
20 62
20 127
21 35
21 36
21 39
21 168
21 75
21 44
21 162
21 82
21 163
21 94
21 86
21 89
21 28
21 125
21 62
21 149
22 43
22 133
22 74
22 77
22 147
22 84
22 151
22 157
22 158
22 97
22 102
22 178
22 40
22 107
22 108
22 45
22 50
22 51
22 148
22 127
23 136
23 35
23 84
23 171
23 102
23 24
23 36
23 154
23 123
24 65
24 107
24 136
24 76
24 82
24 83
24 29
24 94
24 165
24 96
24 97
24 162
24 99
24 100
24 37
24 38
24 168
24 41
24 43
24 108
24 173
24 110
24 157
24 112
24 113
24 128
24 117
24 105
24 56
24 121
24 166
24 138
24 127
25 113
25 115
25 37
25 38
25 119
25 105
25 75
25 159
26 82
26 115
26 133
26 158
26 136
26 172
26 77
26 142
26 157
27 96
27 97
27 115
27 165
27 129
27 42
27 75
27 108
27 173
27 157
27 112
27 167
27 51
27 126
27 138
27 120
27 154
27 159
27 74
27 94
27 149
28 128
28 131
28 132
28 133
28 75
28 82
28 86
28 152
28 99
28 37
28 102
28 105
28 43
28 45
28 111
28 112
28 178
28 115
28 117
28 121
28 124
29 171
29 69
29 136
29 108
29 75
29 76
29 77
29 78
29 144
29 82
29 147
29 148
29 110
29 151
29 158
29 95
29 96
29 133
29 35
29 36
29 39
29 40
29 105
29 43
29 44
29 46
29 111
29 113
29 178
29 51
29 169
29 56
29 57
29 159
29 125
29 127
30 128
30 177
30 69
30 118
30 161
30 105
30 78
31 89
31 50
31 84
32 50
32 179
32 106
32 154
32 152
32 90
32 43
32 66
33 137
33 42
33 50
33 94
34 97
34 66
34 132
34 70
34 136
34 137
34 74
34 125
34 178
34 51
34 138
34 153
34 56
34 57
34 127
34 106
34 84
35 128
35 132
35 133
35 136
35 141
35 78
35 173
35 82
35 131
35 159
35 96
35 99
35 36
35 37
35 38
35 113
35 40
35 43
35 157
35 112
35 49
35 178
35 147
35 117
35 118
35 57
35 168
36 172
36 67
36 147
36 108
36 74
36 151
36 78
36 109
36 152
36 82
36 99
36 173
36 110
36 91
36 98
36 100
36 165
36 105
36 43
36 44
36 46
36 112
36 50
36 115
36 118
36 124
36 63
37 75
37 70
37 136
37 74
37 76
37 156
37 82
37 99
37 91
37 157
37 158
37 97
37 102
37 38
37 40
37 105
37 106
37 107
37 112
37 113
37 50
37 52
37 118
37 169
37 58
37 168
37 124
37 125
37 127
38 67
38 133
38 70
38 136
38 75
38 76
38 66
38 115
38 173
38 82
38 99
38 85
38 86
38 91
38 94
38 160
38 131
38 39
38 41
38 42
38 107
38 172
38 146
38 110
38 174
38 49
38 178
38 51
38 53
38 105
38 125
38 62
38 117
39 67
39 133
39 70
39 136
39 108
39 138
39 75
39 78
39 82
39 86
39 151
39 152
39 92
39 130
39 165
39 162
39 99
39 100
39 101
39 40
39 41
39 42
39 44
39 146
39 110
39 125
39 157
39 113
39 50
39 51
39 117
39 118
39 55
39 159
39 102
39 149
40 131
40 115
40 136
40 73
40 74
40 76
40 174
40 99
40 148
40 110
40 152
40 103
40 156
40 95
40 162
40 100
40 102
40 105
40 171
40 71
40 108
40 178
40 46
40 111
40 49
40 143
40 51
40 113
40 118
40 56
40 127
40 138
40 117
41 130
41 132
41 172
41 74
41 111
41 76
41 82
41 147
41 150
41 91
41 158
41 133
41 165
41 102
41 43
41 44
41 45
41 110
41 47
41 51
41 117
41 54
41 55
41 57
41 159
42 128
42 115
42 97
42 136
42 142
42 82
42 83
42 157
42 159
42 163
42 164
42 168
42 172
42 46
42 51
42 148
42 122
42 127
43 130
43 131
43 132
43 76
43 75
43 78
43 82
43 142
43 89
43 90
43 166
43 168
43 107
43 44
43 46
43 112
43 178
43 115
43 105
43 58
43 126
44 128
44 83
44 67
44 74
44 76
44 173
44 139
44 152
44 90
44 92
44 97
44 100
44 102
44 108
44 45
44 46
44 111
44 51
44 105
44 148
44 127
45 128
45 136
45 73
45 75
45 77
45 156
45 84
45 152
45 90
45 154
45 165
45 98
45 99
45 166
45 174
45 111
45 157
45 108
45 51
45 116
45 117
45 118
45 55
45 120
45 125
46 70
46 71
46 136
46 108
46 75
46 76
46 147
46 154
46 151
46 137
46 90
46 94
46 98
46 99
46 105
46 82
46 174
46 112
46 50
46 117
46 119
46 121
46 127
47 96
47 128
47 98
47 99
47 178
47 162
47 136
47 170
47 174
47 50
47 131
47 149
47 121
47 158
48 114
48 76
48 94
48 95
49 128
49 65
49 175
49 131
49 70
49 71
49 74
49 75
49 76
49 141
49 82
49 87
49 90
49 91
49 92
49 158
49 102
49 105
49 106
49 111
49 177
49 50
49 115
49 155
49 117
49 122
50 128
50 129
50 136
50 148
50 174
50 151
50 154
50 159
50 162
50 163
50 169
50 178
50 52
50 57
50 160
50 69
50 177
50 76
50 79
50 82
50 88
50 90
50 92
50 94
50 95
50 100
50 101
50 105
50 108
50 112
50 115
50 121
50 127
51 131
51 136
51 173
51 147
51 148
51 149
51 151
51 154
51 158
51 171
51 157
51 178
51 52
51 53
51 137
51 58
51 63
51 65
51 66
51 139
51 70
51 72
51 76
51 162
51 141
51 82
51 90
51 95
51 99
51 101
51 105
51 107
51 110
51 111
51 168
51 114
51 115
51 117
51 169
51 125
52 171
52 71
52 136
52 138
52 76
52 82
52 152
52 154
52 118
52 165
52 96
52 99
52 102
52 177
52 107
52 174
52 176
52 113
52 115
52 54
52 124
52 127
53 113
53 67
53 90
53 127
54 164
54 105
54 107
54 135
54 141
54 82
54 91
54 92
54 157
54 159
55 136
55 74
55 76
55 78
55 149
55 86
55 75
55 157
55 158
55 159
55 166
55 107
55 169
55 56
55 125
56 65
56 70
56 136
56 76
56 162
56 147
56 151
56 94
56 106
56 108
56 111
56 112
56 62
56 118
56 126
56 127
57 136
57 141
57 78
57 173
57 82
57 147
57 85
57 152
57 95
57 163
57 102
57 177
57 106
57 107
57 174
57 157
57 113
58 178
58 168
58 74
58 108
58 174
58 159
59 172
59 97
59 98
59 102
59 107
59 108
59 178
59 110
59 83
59 92
59 158
59 63
60 71
61 160
62 70
62 136
62 172
62 111
62 113
62 178
62 115
62 118
62 117
63 99
63 107
63 167
63 121
63 90
64 105
65 98
65 99
65 100
65 165
65 136
65 169
65 107
65 178
66 132
66 69
66 162
66 141
66 98
66 133
66 105
66 106
66 107
66 108
66 110
66 111
66 177
66 178
66 117
66 118
66 159
67 75
67 71
67 136
67 77
67 147
67 148
67 157
67 158
67 159
67 102
67 110
67 111
67 177
67 115
67 124
67 125
67 127
69 141
69 147
69 98
69 127
70 71
70 75
70 130
70 147
70 110
70 91
70 93
70 158
70 159
70 99
70 168
70 169
70 107
70 111
70 178
70 117
70 148
70 163
70 102
71 107
71 75
71 76
71 141
71 86
72 169
72 178
72 158
74 128
74 132
74 136
74 147
74 148
74 157
74 94
74 133
74 96
74 98
74 113
74 105
74 177
74 107
74 178
74 110
74 114
74 172
74 162
74 168
75 128
75 136
75 130
75 152
75 159
75 162
75 178
75 177
75 173
75 86
75 90
75 91
75 96
75 97
75 98
75 100
75 103
75 105
75 106
75 107
75 108
75 110
75 174
75 112
75 113
75 114
75 117
75 125
75 127
76 128
76 133
76 172
76 136
76 147
76 148
76 149
76 156
76 159
76 177
76 173
76 168
76 82
76 86
76 87
76 90
76 174
76 94
76 95
76 99
76 166
76 102
76 178
76 105
76 107
76 108
76 110
76 111
76 113
76 118
76 122
76 124
77 98
77 99
77 114
77 130
77 110
77 79
77 173
77 82
77 174
77 121
77 90
77 175
77 165
77 158
77 159
78 100
78 133
78 172
78 178
78 111
78 115
78 99
78 154
78 91
78 151
79 173
80 152
81 144
81 151
82 128
82 149
82 136
82 141
82 131
82 148
82 151
82 155
82 158
82 159
82 129
82 172
82 173
82 168
82 177
82 85
82 91
82 95
82 96
82 99
82 102
82 178
82 105
82 107
82 108
82 110
82 113
82 117
82 127
83 131
83 98
83 124
83 90
83 158
83 133
84 145
84 94
85 112
85 133
85 178
85 168
85 146
85 173
86 130
86 131
86 141
86 149
86 151
86 94
86 173
86 111
86 112
86 177
86 178
86 115
86 127
87 99
87 115
87 152
87 157
87 173
88 128
88 169
89 149
89 157
90 172
90 171
90 136
90 108
90 138
90 158
90 141
90 152
90 157
90 94
90 159
90 163
90 165
90 102
90 105
90 106
90 111
90 118
90 127
90 117
91 131
91 113
91 168
91 112
92 178
92 136
92 172
92 147
92 148
92 151
92 118
92 94
92 95
92 99
92 101
92 173
92 111
92 112
92 113
92 122
93 98
93 174
94 153
94 154
94 96
94 162
94 163
94 168
94 178
94 110
94 174
94 177
94 138
95 162
95 115
95 133
95 172
95 110
95 157
95 173
95 125
96 128
96 133
96 136
96 162
96 148
96 111
96 159
96 97
96 98
96 101
96 109
96 110
96 112
96 113
96 118
96 127
97 108
97 139
97 159
97 105
97 107
97 173
97 111
97 113
97 178
97 115
98 141
98 174
98 152
98 111
98 159
98 105
98 107
98 108
98 177
98 115
98 117
98 125
99 128
99 133
99 136
99 168
99 115
99 141
99 174
99 111
99 101
99 162
99 113
99 178
99 118
99 127
99 166
99 138
100 177
100 133
100 136
100 108
100 151
100 156
100 157
100 159
100 162
100 101
100 166
100 105
100 107
100 110
100 112
100 168
100 125
100 126
100 127
101 112
101 165
101 136
101 173
101 174
101 115
101 117
101 158
101 149
102 172
102 113
102 141
102 149
102 152
102 159
102 157
102 133
102 165
102 148
102 162
102 173
102 177
102 112
102 178
102 147
102 117
102 105
102 121
104 144
105 133
105 134
105 141
105 131
105 174
105 151
105 155
105 163
105 178
105 158
105 152
105 147
105 165
105 166
105 107
105 108
105 109
105 111
105 114
105 115
105 117
105 118
105 136
105 127
106 171
106 110
106 149
106 121
106 154
107 128
107 132
107 133
107 136
107 141
107 147
107 171
107 154
107 158
107 164
107 174
107 175
107 165
107 111
107 112
107 113
107 117
107 120
107 127
108 133
108 134
108 172
108 130
108 151
108 159
108 163
108 136
108 177
108 168
108 110
108 111
108 113
108 117
108 127
110 128
110 132
110 136
110 130
110 159
110 165
110 170
110 171
110 178
110 152
110 168
110 115
110 117
110 118
110 127
111 172
111 131
111 136
111 147
111 148
111 151
111 158
111 163
111 165
111 177
111 171
111 178
111 173
111 113
111 115
111 121
111 125
111 127
112 136
112 141
112 113
112 163
112 122
112 125
113 128
113 136
113 172
113 142
113 159
113 173
113 168
113 117
114 115
114 154
114 161
114 127
115 128
115 162
115 173
115 142
115 154
115 178
115 157
115 120
115 165
117 128
117 136
117 143
117 147
117 174
117 133
117 162
117 165
117 171
117 159
117 177
117 168
117 141
117 173
117 131
118 160
118 133
118 177
118 130
118 148
118 149
118 153
118 157
118 159
118 162
118 166
118 168
118 178
118 147
121 171
122 165
122 177
123 157
124 127
125 151
125 156
125 168
125 174
125 178
125 159
125 127
126 129
126 178
126 147
126 169
127 128
127 133
127 136
127 174
127 151
127 152
127 156
127 158
127 159
127 163
127 164
127 167
127 173
127 165
127 178
127 168
128 171
128 133
128 162
128 149
128 173
128 151
128 157
128 161
128 158
128 168
129 165
130 162
130 169
130 152
130 154
130 133
131 149
131 152
131 177
132 133
132 177
132 158
133 136
133 161
133 177
133 178
133 166
135 167
135 141
136 141
136 174
136 154
136 153
136 158
136 157
136 159
136 138
136 177
136 173
136 142
136 166
137 170
137 162
138 177
138 178
138 147
138 154
139 141
141 162
141 159
143 173
146 162
146 148
146 173
146 175
147 168
148 172
148 165
148 178
148 169
148 171
148 168
149 168
149 173
149 174
149 177
149 178
151 172
151 156
151 158
151 159
151 162
151 157
152 162
152 154
152 165
152 177
153 168
153 177
154 174
154 157
154 168
156 165
156 177
156 158
157 173
157 165
157 162
157 164
157 171
157 159
157 177
157 178
157 163
158 173
159 172
159 173
159 174
159 177
159 178
160 177
161 162
162 178
162 177
162 168
163 178
163 174
163 177
165 173
165 178
166 173
166 168
168 173
168 174
171 172
171 173
172 177
173 178
175 177
