0 115
0 4
0 69
0 7
0 9
0 13
0 17
0 82
0 84
0 24
0 154
0 5
0 93
0 95
0 98
0 162
0 37
0 38
0 113
0 168
0 44
0 45
0 46
0 29
0 157
0 108
0 178
0 51
0 57
0 159
0 102
1 128
1 129
1 146
1 5
1 166
1 72
1 172
1 75
1 156
1 78
1 117
2 128
2 135
2 43
2 4
2 71
2 172
2 13
2 142
2 15
2 141
2 173
2 82
2 20
2 21
2 154
2 28
2 95
2 32
2 161
2 162
2 35
2 37
2 38
2 40
2 107
2 108
2 45
2 174
2 111
2 112
2 113
2 178
2 51
2 117
2 56
2 159
2 126
2 165
3 128
3 51
3 11
3 132
3 75
3 162
3 15
3 144
3 152
3 18
3 84
3 151
3 88
3 164
3 29
3 32
3 148
3 36
3 167
3 105
3 45
3 110
3 111
3 157
3 177
3 115
3 52
3 20
3 59
3 126
3 63
4 64
4 131
4 70
4 11
4 145
4 18
4 149
4 156
4 51
4 98
4 99
4 165
4 40
4 105
4 171
4 45
4 115
4 118
4 159
4 127
5 67
5 133
5 134
5 136
5 96
5 74
5 75
5 76
5 141
5 158
5 82
5 147
5 21
5 86
5 24
5 28
5 122
5 94
5 101
5 32
5 97
5 37
5 38
5 168
5 105
5 42
5 43
5 44
5 146
5 46
5 157
5 113
5 115
5 117
5 118
5 56
5 58
5 127
6 69
6 7
6 105
6 43
6 16
6 113
6 82
6 147
6 30
6 29
6 94
6 85
7 133
7 136
7 13
7 142
7 15
7 152
7 18
7 147
7 20
7 149
7 22
7 24
7 154
7 28
7 157
7 30
7 159
7 32
7 37
7 39
7 168
7 42
7 43
7 44
7 173
7 174
7 49
7 50
7 51
7 52
7 55
7 57
7 65
7 66
7 74
7 75
7 76
7 78
7 81
7 82
7 88
7 90
7 91
7 94
7 165
7 98
7 100
7 101
7 178
7 105
7 106
7 107
7 108
7 110
7 111
7 121
7 126
7 127
8 97
8 115
8 38
8 102
8 9
8 76
8 141
8 44
8 51
8 20
8 88
8 79
8 133
9 162
9 99
9 82
9 101
9 11
9 44
9 50
9 174
9 157
9 164
9 18
9 115
9 86
9 121
9 57
9 91
9 151
9 29
10 96
10 133
10 76
10 74
10 108
10 173
10 111
10 144
10 51
10 117
10 54
10 125
10 95
11 128
11 65
11 86
11 69
11 130
11 71
11 74
11 75
11 77
11 78
11 79
11 82
11 147
11 148
11 22
11 88
11 98
11 27
11 28
11 96
11 34
11 99
11 165
11 39
11 40
11 41
11 43
11 108
11 45
11 177
11 111
11 49
11 178
11 115
11 155
11 105
11 57
11 59
11 125
11 63
12 18
13 160
13 147
13 101
13 102
13 74
13 171
13 66
13 78
13 45
13 16
13 115
13 86
13 152
13 57
13 59
13 30
14 41
14 178
14 83
14 57
14 15
15 128
15 136
15 138
15 139
15 141
15 18
15 19
15 171
15 24
15 154
15 28
15 29
15 30
15 31
15 35
15 165
15 38
15 39
15 40
15 41
15 43
15 44
15 45
15 174
15 49
15 178
15 51
15 52
15 56
15 57
15 58
15 65
15 66
15 70
15 71
15 177
15 76
15 77
15 80
15 156
15 163
15 142
15 90
15 96
15 98
15 99
15 101
15 102
15 105
15 106
15 167
15 108
15 112
15 168
15 114
15 147
15 166
15 125
15 127
16 51
16 70
16 55
16 76
16 78
16 148
16 22
16 30
16 98
16 38
16 178
16 40
16 44
16 109
16 110
16 111
16 168
16 102
16 115
16 117
16 119
16 125
17 32
17 34
17 43
17 132
17 133
17 162
17 40
17 105
17 138
17 75
17 76
17 45
17 173
17 178
17 57
17 165
18 133
18 136
18 147
18 148
18 22
18 152
18 157
18 30
18 35
18 36
18 37
18 166
18 177
18 41
18 173
18 49
18 50
18 51
18 54
18 137
18 57
18 163
18 66
18 76
18 77
18 82
18 83
18 85
18 88
18 95
18 96
18 98
18 102
18 178
18 105
18 107
18 108
18 110
18 111
18 112
18 113
18 115
18 117
18 121
18 125
19 112
20 162
20 133
20 67
20 141
20 173
20 112
20 115
20 51
20 148
20 57
20 136
20 28
20 63
21 105
21 166
21 55
21 136
21 57
21 75
21 172
21 78
21 149
22 66
22 107
22 133
22 136
22 138
22 141
22 148
22 171
22 152
22 154
22 35
22 39
22 43
22 108
22 110
22 50
22 117
22 127
23 32
23 97
23 98
23 133
23 65
23 136
23 105
23 42
23 107
23 76
23 82
23 174
23 49
23 50
23 117
23 118
23 90
24 67
24 136
24 109
24 141
24 154
24 149
24 86
24 152
24 90
24 111
24 156
24 29
24 95
24 32
24 97
24 34
24 36
24 39
24 40
24 41
24 106
24 171
24 108
24 45
24 47
24 112
24 49
24 162
24 105
24 56
24 159
24 127
25 96
25 177
25 130
25 51
25 106
25 178
25 127
26 172
26 67
26 102
26 168
26 156
26 106
26 107
26 44
26 110
26 111
26 75
26 115
26 46
26 154
26 28
26 174
27 165
27 162
27 36
27 102
27 70
27 42
27 75
27 44
27 173
27 107
27 85
27 152
27 100
27 163
27 127
27 62
27 101
28 128
28 66
28 107
28 136
28 108
28 76
28 85
28 86
28 151
28 92
28 159
28 98
28 165
28 102
28 177
28 105
28 43
28 44
28 45
28 110
28 174
28 113
28 172
28 117
29 139
29 141
29 147
29 151
29 156
29 158
29 159
29 34
29 35
29 36
29 37
29 40
29 45
29 46
29 177
29 178
29 51
29 52
29 59
29 66
29 67
29 71
29 75
29 76
29 78
29 173
29 82
29 86
29 90
29 165
29 97
29 98
29 99
29 102
29 105
29 107
29 108
29 111
29 168
29 118
30 128
30 66
30 131
30 133
30 105
30 171
30 107
30 114
30 149
30 152
30 92
31 76
31 165
32 66
32 136
32 39
32 172
32 45
32 109
32 173
32 35
32 43
32 168
32 118
32 95
33 128
33 178
33 51
33 100
33 56
33 157
34 96
34 128
34 131
34 133
34 70
34 167
34 74
34 146
34 78
34 125
34 157
34 114
34 86
34 126
35 128
35 96
35 132
35 133
35 136
35 76
35 66
35 173
35 110
35 164
35 90
35 91
35 159
35 98
35 99
35 82
35 101
35 39
35 40
35 105
35 42
35 108
35 45
35 46
35 49
35 143
35 51
35 117
35 121
35 122
35 106
35 126
36 149
36 133
36 70
36 173
36 115
36 145
36 147
36 85
36 153
36 159
36 99
36 163
36 178
36 40
36 41
36 42
36 43
36 44
36 45
36 110
36 112
36 177
36 50
36 51
36 52
36 117
36 118
36 105
36 57
36 124
36 62
36 127
37 65
37 171
37 51
37 74
37 77
37 141
37 82
37 163
37 90
37 156
37 94
37 128
37 99
37 165
37 102
37 129
37 105
37 107
37 46
37 113
37 178
37 115
37 59
37 127
38 172
38 75
38 77
38 141
38 82
38 152
38 90
38 154
38 94
38 159
38 97
38 102
38 39
38 41
38 107
38 44
38 178
38 177
38 113
38 50
38 116
38 136
38 127
39 128
39 96
39 75
39 73
39 74
39 76
39 141
39 142
39 82
39 147
39 85
39 153
39 90
39 111
39 154
39 95
39 97
39 98
39 100
39 166
39 167
39 40
39 42
39 44
39 45
39 47
39 49
39 178
39 115
39 159
39 149
40 129
40 133
40 136
40 141
40 142
40 167
40 147
40 174
40 154
40 162
40 41
40 44
40 45
40 46
40 48
40 49
40 50
40 51
40 54
40 66
40 70
40 71
40 177
40 74
40 75
40 82
40 86
40 98
40 99
40 102
40 178
40 107
40 108
40 111
40 113
40 127
41 149
41 65
41 67
41 133
41 77
41 152
41 82
41 142
41 86
41 151
41 154
41 75
41 157
41 94
41 163
41 178
41 106
41 43
41 108
41 46
41 49
41 50
41 158
41 57
41 168
41 146
41 127
42 128
42 67
42 70
42 136
42 172
42 138
42 78
42 82
42 46
42 154
42 103
42 106
42 44
42 110
42 178
42 117
42 54
42 126
42 149
43 128
43 107
43 74
43 162
43 78
43 82
43 131
43 142
43 90
43 154
43 69
43 97
43 98
43 70
43 102
43 168
43 106
43 71
43 108
43 174
43 111
43 115
43 117
43 159
43 126
43 127
44 67
44 178
44 75
44 82
44 100
44 158
44 69
44 99
44 102
44 105
44 171
44 108
44 173
44 110
44 111
44 50
44 172
44 117
44 159
44 127
45 128
45 135
45 138
45 144
45 149
45 153
45 159
45 165
45 156
45 173
45 178
45 51
45 55
45 64
45 65
45 70
45 71
45 74
45 75
45 76
45 78
45 86
45 88
45 93
45 102
45 105
45 108
45 110
45 111
45 168
45 114
45 125
45 127
46 132
46 137
46 141
46 147
46 148
46 86
46 87
46 90
46 154
46 92
46 96
46 177
46 107
46 108
46 110
46 111
46 49
46 50
46 52
46 168
47 128
47 97
47 98
47 100
47 101
47 171
47 110
47 111
47 177
47 82
47 147
47 85
48 107
48 82
48 67
48 121
49 171
49 147
49 136
49 77
49 145
49 99
49 152
49 158
49 159
49 165
49 98
49 101
49 135
49 108
49 112
49 168
49 178
49 83
49 54
49 105
49 57
49 125
50 115
50 132
50 86
50 70
50 136
50 141
50 78
50 173
50 82
50 148
50 85
50 164
50 90
50 92
50 157
50 158
50 133
50 110
50 102
50 171
50 107
50 111
50 177
50 51
50 118
50 105
50 57
50 62
51 132
51 142
51 147
51 152
51 154
51 156
51 158
51 159
51 162
51 157
51 136
51 62
51 66
51 70
51 71
51 74
51 75
51 76
51 78
51 173
51 82
51 163
51 84
51 86
51 90
51 165
51 101
51 102
51 178
51 105
51 106
51 110
51 111
51 117
51 148
51 125
51 127
52 162
52 136
52 107
52 172
52 78
52 83
52 118
52 58
52 156
52 149
53 94
53 78
54 98
54 67
54 113
54 105
54 75
54 76
54 159
54 107
54 85
54 137
54 91
54 158
54 95
55 96
55 65
55 66
55 178
55 150
55 74
55 82
55 86
55 90
55 156
55 159
56 128
56 65
56 132
56 70
56 97
56 74
56 76
56 152
56 82
56 83
56 149
56 133
56 98
56 102
56 168
56 105
56 159
56 112
56 178
56 118
56 59
56 127
57 128
57 69
57 138
57 82
57 173
57 100
57 154
57 94
57 133
57 98
57 99
57 166
57 177
57 107
57 110
57 118
57 148
57 159
57 125
58 65
58 162
58 124
58 108
58 157
59 98
59 102
59 136
59 107
59 66
59 157
59 173
59 95
60 117
62 95
62 133
62 129
62 156
62 74
62 76
62 115
62 148
62 86
62 92
62 127
63 177
63 130
63 70
63 106
63 77
64 172
64 93
65 71
65 168
65 74
65 110
65 151
65 95
66 128
66 129
66 132
66 70
66 168
66 77
66 79
66 149
66 86
66 151
66 177
66 107
66 174
66 157
66 113
66 178
66 125
67 128
67 123
67 136
67 107
67 157
67 111
67 88
67 152
67 106
67 86
67 117
68 105
68 75
69 102
69 168
69 170
69 149
69 90
69 117
70 136
70 141
70 173
70 147
70 156
70 95
70 105
70 107
70 172
70 113
70 118
70 121
71 101
71 112
71 78
71 99
71 141
71 82
71 84
71 117
71 173
71 151
71 163
71 95
73 131
73 165
74 128
74 130
74 107
74 177
74 137
74 76
74 141
74 149
74 86
74 151
74 90
74 154
74 95
74 133
74 97
74 99
74 102
74 169
74 108
74 110
74 168
74 178
74 159
74 125
75 128
75 132
75 136
75 142
75 143
75 148
75 149
75 154
75 152
75 133
75 165
75 171
75 177
75 178
75 159
75 76
75 80
75 85
75 88
75 90
75 91
75 96
75 98
75 105
75 107
75 108
75 111
75 115
75 118
75 169
75 123
76 128
76 130
76 137
76 139
76 148
76 149
76 154
76 158
76 162
76 165
76 168
76 171
76 172
76 157
76 136
76 178
76 159
76 77
76 82
76 83
76 90
76 91
76 92
76 94
76 98
76 99
76 102
76 105
76 108
76 111
76 117
76 121
76 124
76 127
77 128
77 97
77 113
77 129
77 177
77 149
77 121
77 127
78 133
78 136
78 142
78 83
78 90
78 102
78 105
78 107
78 108
78 110
78 113
78 118
82 172
82 171
82 136
82 155
82 156
82 173
82 177
82 86
82 90
82 91
82 92
82 95
82 98
82 99
82 102
82 105
82 106
82 108
82 110
82 111
82 157
82 168
82 115
82 123
82 124
82 125
83 177
83 107
83 108
83 111
83 122
83 127
85 129
85 178
85 157
85 95
85 96
85 99
85 105
85 107
85 172
85 173
85 112
85 115
85 118
86 128
86 178
86 152
86 139
86 110
86 154
86 92
86 94
86 159
86 101
86 177
86 107
86 108
86 168
86 148
86 127
87 178
87 131
88 100
88 138
89 98
89 133
89 102
90 128
90 107
90 142
90 136
90 141
90 115
90 110
90 92
90 94
90 159
90 161
90 156
90 106
90 125
90 178
90 111
90 113
90 165
90 102
90 127
91 129
91 132
91 138
91 141
91 152
91 124
91 93
91 95
92 110
92 132
92 102
92 162
92 178
92 107
92 111
92 149
93 111
94 128
94 130
94 171
94 132
94 133
94 146
94 160
94 98
94 168
94 107
94 110
94 112
94 166
95 156
95 157
95 162
95 102
95 168
95 178
95 115
95 117
95 118
96 136
96 98
96 142
96 154
96 168
96 110
96 108
96 173
96 174
97 141
97 157
97 98
97 163
97 100
97 101
97 108
97 173
97 110
97 118
98 128
98 136
98 142
98 148
98 158
98 159
98 129
98 173
98 168
98 99
98 105
98 144
98 108
98 125
98 157
98 115
98 121
98 124
98 106
98 127
99 129
99 133
99 136
99 144
99 163
99 150
99 151
99 177
99 107
99 110
99 112
99 178
99 115
99 124
99 126
100 128
100 136
100 151
100 141
100 142
100 147
100 157
100 105
100 108
100 114
100 172
100 111
100 121
100 125
101 131
101 132
101 171
101 111
101 157
101 159
101 168
101 106
101 108
101 110
101 113
101 178
101 117
102 128
102 130
102 131
102 129
102 172
102 138
102 152
102 174
102 157
102 136
102 168
102 173
102 178
102 105
102 108
102 110
102 111
102 113
102 115
102 118
103 121
105 149
105 129
105 136
105 138
105 141
105 147
105 133
105 162
105 156
105 171
105 157
105 159
105 173
105 152
105 143
105 165
105 178
105 107
105 112
105 113
105 115
105 117
105 118
105 169
105 127
106 132
106 133
106 163
106 149
106 158
106 171
106 161
106 177
106 168
106 107
106 172
106 110
106 113
106 115
106 117
107 131
107 133
107 139
107 130
107 142
107 147
107 152
107 159
107 161
107 172
107 173
107 157
107 177
107 158
107 166
107 113
107 117
107 127
108 128
108 133
108 141
108 147
108 159
108 161
108 129
108 135
108 178
108 110
108 111
108 113
108 117
108 122
108 126
109 152
110 128
110 141
110 173
110 164
110 154
110 133
110 178
110 157
110 117
111 172
111 136
111 137
111 142
111 173
111 131
111 174
111 158
111 161
111 164
111 170
111 177
111 138
111 144
111 157
111 113
111 114
112 136
112 142
112 148
112 121
112 154
112 157
112 173
112 178
112 126
112 127
113 132
113 136
113 138
113 154
113 152
113 156
113 158
113 173
113 174
113 157
113 114
113 123
114 115
115 162
115 138
115 141
115 173
115 147
115 158
115 133
115 178
115 168
115 117
115 118
115 121
115 159
115 149
117 128
117 131
117 139
117 141
117 142
117 147
117 149
117 152
117 157
117 133
117 169
117 173
117 178
117 118
117 123
117 127
118 128
118 149
118 130
118 147
118 163
118 165
118 178
118 168
118 173
118 175
118 177
118 121
118 133
120 136
121 133
121 142
121 144
121 151
121 159
121 169
121 173
121 174
124 136
124 158
124 125
125 131
125 130
125 173
125 152
125 178
126 165
126 137
126 178
126 148
127 128
127 172
127 173
127 156
127 147
127 151
127 154
127 158
127 133
127 165
127 171
127 178
127 159
128 133
128 162
128 136
128 141
128 142
128 171
128 152
128 158
128 174
128 178
128 165
129 152
130 171
130 173
131 138
131 173
131 178
131 148
131 159
132 147
132 173
132 148
132 174
133 151
133 159
133 165
133 168
133 173
133 136
133 138
133 178
136 151
136 152
136 157
136 167
136 159
136 173
136 174
136 168
136 163
136 178
136 177
136 148
136 149
137 165
138 173
138 148
138 156
138 158
138 159
139 171
140 157
141 172
141 144
141 152
141 158
141 165
141 173
141 177
142 162
142 177
146 153
146 171
147 149
147 155
147 173
147 178
148 154
148 158
148 165
148 168
149 159
149 165
151 162
151 168
151 159
152 177
152 169
152 178
154 179
154 158
154 173
154 178
156 157
156 168
156 171
156 178
157 162
157 173
157 158
157 168
157 159
158 171
158 163
158 168
158 174
159 172
159 173
159 162
159 165
159 168
159 178
161 164
162 165
163 178
163 168
165 174
165 178
166 173
167 168
168 171
168 178
171 173
173 174
173 177
177 178
