0 129
0 86
0 75
0 76
0 173
0 22
0 23
0 152
0 157
0 158
0 101
0 97
0 98
0 36
0 165
0 102
0 167
0 107
0 45
0 110
0 29
0 94
1 136
1 146
1 35
1 15
1 105
1 95
1 43
1 29
1 174
1 77
2 129
2 3
2 133
2 7
2 136
2 9
2 74
2 75
2 76
2 13
2 15
2 20
2 149
2 24
2 29
2 159
2 35
2 100
2 106
2 108
2 174
2 178
2 117
2 148
2 59
2 10
3 172
3 115
3 4
3 5
3 136
3 9
3 11
3 158
3 173
3 16
3 82
3 83
3 151
3 24
3 156
3 92
3 94
3 133
3 165
3 18
3 35
3 37
3 38
3 39
3 40
3 41
3 171
3 44
3 45
3 111
3 112
3 108
3 50
3 51
3 53
3 127
4 65
4 37
4 159
4 173
4 47
4 80
4 149
4 54
4 55
4 90
4 91
4 154
4 150
4 85
5 128
5 179
5 8
5 9
5 11
5 13
5 15
5 18
5 148
5 24
5 154
5 161
5 162
5 165
5 167
5 42
5 43
5 45
5 46
5 47
5 49
5 50
5 51
5 63
5 65
5 69
5 71
5 177
5 75
5 76
5 141
5 173
5 82
5 86
5 91
5 95
5 99
5 102
5 105
5 107
5 108
5 113
5 115
5 121
5 136
6 130
6 131
6 39
6 106
6 11
6 76
6 15
6 178
6 148
6 125
6 126
6 159
7 128
7 132
7 134
7 135
7 136
7 10
7 141
7 15
7 144
7 152
7 20
7 149
7 127
7 26
7 155
7 28
7 154
7 30
7 37
7 44
7 173
7 46
7 47
7 157
7 50
7 51
7 59
7 175
7 69
7 75
7 76
7 82
7 86
7 90
7 174
7 96
7 98
7 102
7 106
7 107
7 108
7 110
7 111
7 112
7 113
7 115
7 148
7 123
7 21
8 177
8 162
8 117
8 111
8 172
8 174
9 136
9 74
9 79
9 173
9 146
9 148
9 110
9 22
9 121
9 25
9 27
9 159
9 36
9 165
9 105
9 44
9 45
9 46
9 174
9 178
9 51
9 52
9 117
9 57
10 32
10 97
10 35
10 36
10 101
10 168
10 151
10 66
10 110
10 173
10 178
10 83
10 117
10 54
10 23
10 149
11 128
11 66
11 136
11 137
11 157
11 15
11 173
11 18
11 83
11 86
11 152
11 90
11 28
11 118
11 30
11 159
11 165
11 162
11 35
11 37
11 146
11 39
11 171
11 172
11 45
11 111
11 48
11 114
11 50
11 147
11 117
11 54
11 58
11 163
11 63
12 97
12 52
13 112
13 100
13 86
13 178
13 42
13 107
13 102
13 117
14 136
14 43
14 29
15 131
15 136
15 138
15 130
15 17
15 18
15 171
15 148
15 149
15 24
15 26
15 156
15 28
15 133
15 162
15 36
15 165
15 38
15 39
15 129
15 41
15 43
15 173
15 46
15 49
15 50
15 51
15 56
15 57
15 159
15 74
15 76
15 77
15 82
15 86
15 88
15 89
15 152
15 92
15 96
15 97
15 99
15 100
15 102
15 178
15 105
15 106
15 107
15 110
15 174
15 168
15 114
15 115
15 117
15 124
16 112
16 178
16 51
16 166
16 118
16 151
16 29
17 128
17 34
17 98
17 74
17 171
17 108
17 162
17 174
17 51
17 25
17 121
17 157
17 165
18 132
18 136
18 138
18 152
18 147
18 20
18 22
18 151
18 24
18 25
18 28
18 29
18 158
18 159
18 34
18 35
18 38
18 39
18 40
18 41
18 44
18 45
18 174
18 157
18 50
18 51
18 52
18 55
18 168
18 63
18 67
18 74
18 75
18 76
18 162
18 173
18 156
18 84
18 94
18 96
18 97
18 101
18 102
18 178
18 105
18 107
18 113
18 117
18 118
18 148
19 152
19 51
20 128
20 141
20 148
20 151
20 88
20 92
20 157
20 165
20 96
20 163
20 36
20 102
20 38
20 39
20 108
20 173
20 110
20 111
20 113
20 178
20 127
21 96
21 177
21 82
21 147
21 38
21 121
21 178
22 72
22 74
22 55
22 76
22 81
22 110
22 137
22 152
22 157
22 94
22 95
22 161
22 35
22 105
22 170
22 171
22 46
22 111
22 177
22 117
22 119
22 57
22 127
23 34
23 131
23 136
23 108
23 46
23 111
23 113
23 82
23 54
23 28
24 136
24 140
24 26
24 156
24 29
24 133
24 162
24 164
24 113
24 168
24 169
24 170
24 172
24 173
24 50
24 51
24 55
24 57
24 159
24 63
24 65
24 66
24 67
24 75
24 77
24 78
24 82
24 90
24 94
24 97
24 98
24 101
24 102
24 107
24 108
24 111
24 112
24 40
24 115
24 117
24 118
25 38
25 113
25 107
25 76
25 82
25 173
25 108
25 58
25 92
26 163
26 133
26 40
26 138
26 75
26 78
26 145
26 118
26 90
26 135
26 125
26 127
27 43
27 38
27 73
27 107
27 76
27 173
27 157
27 145
27 30
27 86
27 169
27 58
27 156
27 154
27 62
27 95
28 128
28 67
28 147
28 72
28 168
28 78
28 173
28 82
28 131
28 148
28 142
28 86
28 88
28 90
28 155
28 154
28 159
28 96
28 97
28 99
28 100
28 177
28 40
28 41
28 43
28 45
28 49
28 123
28 105
28 118
28 55
28 59
29 171
29 130
29 136
29 108
29 77
29 45
29 82
29 78
29 151
29 90
29 91
29 149
29 96
29 165
29 102
29 178
29 168
29 127
29 44
29 174
29 112
29 177
29 50
29 172
29 117
29 59
29 146
29 125
29 85
30 129
30 107
30 70
30 136
30 110
30 115
30 167
30 35
30 52
30 151
30 71
30 125
30 158
31 82
31 43
31 108
31 77
31 173
32 96
32 37
32 102
32 71
32 76
32 75
32 108
32 117
32 90
32 124
32 42
32 158
33 130
33 76
33 110
33 70
34 128
34 171
34 136
34 73
34 173
34 99
34 154
34 92
34 37
34 97
34 162
34 35
34 101
34 105
34 107
34 45
34 55
34 56
34 163
34 95
34 125
35 66
35 178
35 133
35 70
35 129
35 136
35 98
35 141
35 67
35 149
35 154
35 156
35 157
35 130
35 162
35 113
35 168
35 41
35 107
35 108
35 82
35 110
35 49
35 50
35 115
35 117
35 105
35 122
36 65
36 66
36 131
36 69
36 128
36 135
36 75
36 78
36 82
36 84
36 85
36 86
36 151
36 89
36 90
36 155
36 133
36 96
36 165
36 37
36 102
36 142
36 168
36 105
36 146
36 46
36 111
36 178
36 51
36 52
36 117
37 128
37 133
37 136
37 43
37 149
37 152
37 89
37 90
37 95
37 99
37 39
37 40
37 106
37 107
37 45
37 110
37 111
37 112
37 50
37 115
37 117
37 54
37 126
37 63
38 130
38 133
38 70
38 172
38 76
38 45
38 78
38 141
38 173
38 82
38 86
38 152
38 90
38 156
38 157
38 158
38 159
38 97
38 100
38 40
38 105
38 106
38 107
38 44
38 110
38 112
38 113
38 50
38 51
38 121
38 109
38 127
39 128
39 133
39 74
39 76
39 142
39 124
39 86
39 152
39 154
39 157
39 159
39 165
39 102
39 49
39 105
39 106
39 107
39 178
39 110
39 113
39 50
39 115
39 56
39 70
39 125
40 130
40 133
40 177
40 75
40 76
40 158
40 171
40 149
40 151
40 93
40 94
40 96
40 98
40 167
40 41
40 106
40 43
40 174
40 157
40 112
40 49
40 52
40 117
40 125
40 127
41 65
41 68
41 133
41 51
41 142
41 179
41 173
41 82
41 86
41 151
41 90
41 158
41 95
41 97
41 100
41 165
41 102
41 107
41 44
41 111
41 115
41 52
41 118
41 159
41 127
42 51
42 98
42 163
42 100
42 102
42 107
42 108
42 111
42 115
42 158
42 154
42 156
42 126
42 130
43 128
43 132
43 136
43 138
43 141
43 152
43 153
43 158
43 133
43 168
43 156
43 173
43 175
43 49
43 54
43 159
43 71
43 74
43 55
43 76
43 82
43 142
43 86
43 99
43 101
43 105
43 106
43 108
43 110
43 111
43 112
43 113
43 118
43 119
43 121
43 59
44 178
44 133
44 70
44 136
44 74
44 76
44 77
44 45
44 115
44 82
44 107
44 148
44 86
44 151
44 95
44 98
44 99
44 100
44 167
44 71
44 174
44 111
44 112
44 50
44 51
44 54
44 105
44 123
44 146
44 127
45 128
45 130
45 129
45 76
45 77
45 82
45 154
45 153
45 90
45 75
45 97
45 162
45 105
45 107
45 174
45 111
45 157
45 114
45 118
45 55
45 123
45 62
46 128
46 131
46 158
46 75
46 78
46 173
46 82
46 139
46 149
46 152
46 86
46 94
46 69
46 101
46 102
46 107
46 172
46 146
46 114
46 115
46 117
46 56
46 57
46 127
47 96
47 114
47 105
47 178
47 92
47 157
47 127
48 125
48 102
49 131
49 171
49 113
49 105
49 74
49 75
49 77
49 78
49 82
49 107
49 126
49 111
49 138
49 94
50 70
50 136
50 76
50 152
50 99
50 171
50 86
50 158
50 162
50 100
50 102
50 169
50 107
50 173
50 157
50 115
50 117
50 124
50 126
50 127
51 128
51 136
51 147
51 148
51 155
51 157
51 133
51 173
51 177
51 52
51 55
51 57
51 59
51 64
51 152
51 74
51 75
51 76
51 77
51 81
51 83
51 86
51 90
51 159
51 95
51 96
51 99
51 102
51 105
51 106
51 107
51 110
51 111
51 113
51 118
52 128
52 129
52 171
52 133
52 138
52 142
52 148
52 154
52 157
52 158
52 95
52 165
52 107
52 111
54 97
54 151
54 156
54 75
54 141
54 110
54 157
54 174
54 152
54 90
54 92
54 125
54 62
55 139
55 70
55 71
55 74
55 75
55 76
55 77
55 78
55 144
55 154
55 92
55 157
55 82
55 165
55 105
55 172
55 112
55 56
55 127
55 126
55 117
56 65
56 70
56 102
56 97
56 75
56 77
56 141
56 142
56 176
56 154
56 159
57 128
57 67
57 147
57 71
57 74
57 76
57 80
57 82
57 83
57 148
57 90
57 94
57 159
57 160
57 97
57 99
57 168
57 108
57 173
57 178
57 115
57 158
57 58
57 127
58 115
58 75
58 71
58 168
58 108
58 85
59 67
59 133
59 168
59 105
59 76
59 137
59 163
59 159
60 133
60 94
60 165
62 115
62 66
62 133
62 178
62 75
62 159
63 73
63 76
63 114
63 110
63 113
63 159
63 125
64 74
64 98
65 128
65 98
65 102
65 177
65 168
65 138
65 141
65 114
65 151
65 95
65 157
65 101
66 128
66 69
66 70
66 136
66 77
66 142
66 147
66 148
66 151
66 153
66 90
66 97
66 105
66 110
66 115
66 74
67 128
67 165
67 102
67 124
67 138
67 107
67 108
67 142
67 112
67 113
67 147
67 117
67 151
67 158
68 133
69 158
69 70
69 142
69 108
70 128
70 97
70 75
70 77
70 144
70 146
70 99
70 86
70 90
70 157
70 133
70 163
70 107
70 111
70 113
70 114
70 118
70 159
70 124
70 166
71 129
71 108
71 75
71 76
71 148
71 169
71 90
71 94
71 99
71 165
71 105
71 106
71 111
71 177
71 118
71 127
72 97
72 162
72 177
72 90
72 178
73 95
74 128
74 107
74 118
74 162
74 136
74 85
74 121
74 137
74 103
74 157
74 133
74 98
74 99
74 101
74 102
74 174
74 110
74 111
74 114
74 108
74 159
74 166
74 149
75 128
75 136
75 173
75 147
75 158
75 159
75 177
75 171
75 178
75 168
75 76
75 78
75 82
75 86
75 87
75 88
75 94
75 95
75 99
75 105
75 106
75 107
75 108
75 110
75 111
75 112
75 113
75 114
75 115
75 117
75 121
76 131
76 136
76 172
76 130
76 142
76 144
76 147
76 151
76 154
76 133
76 162
76 168
76 135
76 141
76 82
76 86
76 90
76 92
76 159
76 94
76 102
76 178
76 105
76 106
76 107
76 108
76 110
76 113
76 114
76 115
76 117
76 124
76 126
76 127
77 99
77 147
77 102
77 97
77 157
77 173
77 90
77 165
78 147
78 138
78 141
78 142
78 152
78 83
78 85
78 151
78 98
78 99
78 102
78 103
78 105
78 172
78 113
78 115
78 117
79 167
80 132
80 177
82 128
82 136
82 142
82 152
82 147
82 158
82 162
82 165
82 177
82 168
82 178
82 159
82 173
82 85
82 90
82 94
82 95
82 99
82 100
82 166
82 102
82 103
82 105
82 108
82 112
82 115
82 117
82 118
82 169
82 121
82 124
82 149
83 91
83 100
83 152
83 92
83 178
84 96
84 132
85 130
85 133
85 178
85 146
85 157
85 159
86 132
86 136
86 92
86 141
86 139
86 90
86 157
86 94
86 95
86 101
86 168
86 111
86 177
86 117
86 105
86 121
86 159
86 125
86 127
87 162
88 159
88 139
88 157
89 97
89 151
89 152
89 173
90 128
90 133
90 136
90 141
90 147
90 159
90 168
90 172
90 173
90 157
90 177
90 178
90 180
90 165
90 96
90 97
90 105
90 107
90 110
90 111
90 112
91 173
91 177
91 168
91 110
91 133
92 133
92 132
92 105
92 111
92 99
92 108
92 164
92 115
92 127
93 136
93 114
93 167
93 170
93 108
93 111
94 177
94 171
94 110
94 151
94 136
94 159
95 128
95 149
95 151
95 133
95 99
95 164
95 101
95 129
95 107
95 177
95 126
95 127
96 133
96 148
96 151
96 111
96 158
96 107
96 172
96 174
96 178
97 118
97 98
97 156
97 149
97 133
97 172
97 110
97 113
97 178
97 115
97 136
97 159
97 138
98 130
98 132
98 133
98 137
98 128
98 141
98 99
98 147
98 154
98 100
98 101
98 105
98 173
98 110
98 168
98 115
98 161
98 123
98 149
99 128
99 171
99 108
99 151
99 154
99 165
99 100
99 178
99 113
99 117
99 118
99 105
99 159
99 125
99 127
100 132
100 141
100 147
100 158
100 172
100 112
100 177
100 115
100 117
101 139
101 142
101 144
101 110
101 157
101 158
101 168
101 105
101 106
101 178
101 112
101 128
101 169
101 125
102 128
102 136
102 141
102 150
102 151
102 133
102 110
102 174
102 111
102 162
102 105
102 159
102 124
102 125
102 127
103 149
105 128
105 130
105 172
105 136
105 148
105 151
105 158
105 159
105 156
105 178
105 162
105 173
105 164
105 107
105 108
105 111
105 113
105 117
105 118
105 169
105 125
105 127
106 128
106 129
106 158
106 159
106 161
106 172
106 110
106 168
106 117
107 128
107 132
107 138
107 142
107 152
107 147
107 174
107 151
107 133
107 164
107 158
107 177
107 162
107 173
107 178
107 108
107 146
107 111
107 113
107 115
107 117
107 169
107 127
108 128
108 129
108 132
108 136
108 147
108 149
108 158
108 157
108 177
108 159
108 113
108 114
108 115
108 117
108 118
108 148
108 125
108 127
110 128
110 131
110 152
110 156
110 157
110 158
110 159
110 173
110 178
110 137
110 165
110 111
110 114
110 148
110 125
110 127
111 177
111 172
111 115
111 165
111 151
111 113
111 168
111 112
111 136
111 124
112 145
112 148
112 162
112 167
112 168
112 178
112 147
112 131
112 118
112 126
113 128
113 132
113 136
113 177
113 144
113 142
113 159
113 173
113 178
113 127
114 136
114 173
114 159
114 151
115 128
115 136
115 175
115 133
115 165
115 177
115 118
115 159
115 127
116 147
117 128
117 173
117 171
117 154
117 158
117 159
117 136
117 168
117 127
118 128
118 141
118 142
118 149
118 151
118 158
118 166
118 121
118 138
119 147
121 147
121 136
121 131
121 152
122 152
123 171
124 128
124 132
124 136
124 138
125 130
125 138
125 162
125 142
125 152
125 161
125 178
125 158
125 169
126 165
126 163
126 132
126 172
126 173
126 154
126 133
127 128
127 130
127 147
127 136
127 152
128 130
128 131
128 136
128 141
128 147
128 149
128 151
128 153
128 154
128 160
128 161
128 163
128 168
128 177
128 165
129 133
129 131
129 149
129 180
130 153
131 165
131 161
131 169
131 141
131 178
131 152
132 136
132 142
132 159
133 139
133 147
133 148
133 152
133 154
133 158
133 159
133 162
133 173
133 178
133 166
133 165
136 147
136 148
136 153
136 154
136 156
136 159
136 173
136 157
136 177
136 137
136 151
136 178
137 158
137 157
138 165
138 177
138 178
138 155
138 159
139 158
141 154
141 173
141 177
141 148
142 158
142 170
142 179
144 169
144 157
144 149
145 171
146 148
147 149
147 159
147 165
147 156
148 173
148 152
148 156
148 162
148 178
148 159
149 177
149 162
149 157
149 168
151 173
152 178
152 156
152 168
152 169
153 155
153 165
153 156
154 158
154 165
154 166
154 168
156 158
157 172
157 158
157 165
157 171
158 162
158 168
159 168
159 177
159 178
159 169
160 178
162 166
162 177
163 178
165 168
166 168
166 172
167 178
168 171
168 173
168 172
168 177
168 178
171 179
172 177
173 177
177 178
