0 68
0 76
0 75
0 12
0 14
0 16
0 148
0 22
0 152
0 89
0 91
0 92
0 31
0 162
0 100
0 39
0 168
0 28
0 107
0 44
0 110
0 113
0 51
0 117
0 54
0 56
1 97
1 2
1 99
1 101
1 54
1 105
1 171
1 11
1 44
1 18
1 127
2 66
2 43
2 133
2 71
2 136
2 172
2 10
2 130
2 15
2 152
2 18
2 131
2 20
2 24
2 90
2 28
2 154
2 159
2 162
2 39
2 107
2 108
2 45
2 110
2 47
2 178
2 51
2 117
2 74
3 65
3 4
3 5
3 6
3 7
3 75
3 77
3 15
3 152
3 82
3 20
3 149
3 22
3 24
3 132
3 28
3 37
3 94
3 69
3 102
3 38
3 177
3 171
3 172
3 110
3 111
3 157
3 113
3 115
3 117
3 56
3 148
3 58
4 128
4 130
4 39
4 159
4 105
4 106
4 75
4 76
4 15
4 168
4 156
4 117
4 22
4 24
4 89
4 27
4 28
4 29
4 149
5 128
5 129
5 69
5 70
5 136
5 131
5 76
5 77
5 15
5 173
5 18
5 99
5 148
5 110
5 22
5 105
5 169
5 27
5 94
5 159
5 96
5 97
5 98
5 35
5 82
5 37
5 38
5 40
5 41
5 42
5 171
5 45
5 46
5 111
5 168
5 178
5 51
5 117
5 54
5 55
5 125
5 62
6 96
6 102
6 39
6 75
6 15
6 178
6 148
6 7
6 90
6 91
6 29
6 159
7 133
7 136
7 9
7 11
7 76
7 141
7 78
7 15
7 173
7 75
7 149
7 22
7 24
7 89
7 90
7 156
7 92
7 125
7 159
7 165
7 36
7 70
7 38
7 40
7 105
7 107
7 44
7 45
7 110
7 111
7 157
7 177
7 50
7 115
7 52
7 117
7 54
7 57
7 123
7 102
7 126
8 178
8 132
8 167
8 153
8 90
8 13
8 125
8 77
8 111
9 149
9 166
9 133
9 102
9 40
9 105
9 43
9 76
9 82
9 110
9 136
9 50
9 117
9 24
9 152
9 123
9 28
9 146
10 67
10 100
10 102
10 38
10 43
10 34
10 142
10 77
10 99
10 173
10 50
10 51
10 23
10 152
10 121
10 63
10 157
10 95
11 66
11 171
11 75
11 28
11 15
11 20
11 151
11 24
11 92
11 29
11 159
11 99
11 100
11 102
11 40
11 41
11 43
11 173
11 110
11 120
12 34
12 158
13 107
13 112
13 35
13 69
13 128
13 71
13 106
13 75
13 151
13 15
13 16
13 157
13 99
13 20
13 117
13 23
13 90
13 92
13 122
13 127
14 17
14 18
14 131
14 135
14 75
14 44
14 50
14 15
15 128
15 136
15 173
15 18
15 147
15 21
15 23
15 132
15 155
15 159
15 34
15 162
15 37
15 38
15 40
15 44
15 45
15 49
15 178
15 51
15 55
15 151
15 146
15 66
15 70
15 74
15 75
15 76
15 77
15 80
15 82
15 86
15 90
15 92
15 165
15 97
15 100
15 166
15 102
15 105
15 107
15 109
15 111
15 168
15 115
15 117
15 121
15 127
16 96
16 34
16 102
16 168
16 105
16 74
16 43
16 46
16 178
16 128
16 20
16 86
16 90
17 49
17 130
17 99
17 52
17 102
17 95
17 174
17 94
17 63
18 128
18 171
18 70
18 172
18 75
18 76
18 82
18 148
18 174
18 23
18 25
18 90
18 118
18 28
18 29
18 158
18 69
18 96
18 133
18 99
18 37
18 102
18 39
18 92
18 167
18 44
18 45
18 110
18 157
18 113
18 51
18 117
18 54
18 121
18 95
18 166
18 62
18 165
19 159
19 151
20 128
20 69
20 134
20 66
20 115
20 75
20 67
20 156
20 92
20 157
20 159
20 98
20 99
20 131
20 102
20 167
20 41
20 43
20 172
20 109
20 112
20 178
20 51
20 118
20 55
20 58
20 127
21 105
21 50
21 117
21 86
22 131
22 132
22 38
22 105
22 42
22 76
22 108
22 50
22 113
22 106
22 121
22 57
22 90
22 127
22 102
22 36
23 128
23 147
23 37
23 70
23 71
23 42
23 76
23 45
23 110
23 51
23 25
23 28
24 128
24 149
24 133
24 70
24 73
24 74
24 161
24 82
24 99
24 85
24 151
24 152
24 89
24 157
24 159
24 96
24 97
24 35
24 164
24 163
24 107
24 41
24 43
24 108
24 112
24 114
24 153
24 55
24 138
24 126
24 127
25 76
25 117
26 71
26 136
26 75
26 78
26 77
26 110
26 173
26 114
26 147
26 85
26 151
26 88
26 57
26 157
26 126
26 159
27 133
27 98
27 40
27 44
27 138
27 43
27 108
27 45
27 110
27 49
27 178
27 149
27 124
27 56
27 28
27 127
28 128
28 133
28 136
28 66
28 78
28 75
28 35
28 149
28 86
28 153
28 29
28 159
28 32
28 99
28 163
28 102
28 177
28 40
28 105
28 107
28 47
28 168
28 50
28 151
28 126
28 127
29 129
29 66
29 133
29 71
29 72
29 74
29 98
29 143
29 147
29 174
29 90
29 158
29 159
29 97
29 34
29 35
29 100
29 37
29 102
29 40
29 107
29 44
29 110
29 49
29 178
29 51
29 54
30 114
30 135
30 56
30 41
30 162
30 110
30 159
31 49
31 126
31 153
32 99
32 165
32 38
32 136
32 137
32 74
32 107
32 77
32 110
32 144
32 168
32 115
32 46
32 154
32 149
33 128
33 82
33 100
33 117
33 121
33 75
33 159
34 131
34 136
34 78
34 82
34 174
34 154
34 87
34 90
34 159
34 95
34 97
34 100
34 38
34 105
34 42
34 108
34 110
34 157
34 115
34 59
34 74
35 128
35 130
35 136
35 74
35 75
35 152
35 149
35 89
35 90
35 92
35 133
35 97
35 98
35 166
35 38
35 168
35 105
35 106
35 108
35 110
35 157
35 115
35 52
35 117
35 159
35 138
35 126
35 127
36 128
36 129
36 67
36 147
36 74
36 76
36 158
36 144
36 131
36 85
36 91
36 157
36 94
36 96
36 97
36 99
36 102
36 39
36 168
36 105
36 42
36 43
36 108
36 45
36 46
36 178
36 51
36 53
36 56
36 125
37 128
37 135
37 75
37 162
37 43
37 82
37 83
37 139
37 54
37 159
37 99
37 49
37 41
37 107
37 172
37 45
37 157
37 113
37 178
37 118
37 105
37 57
38 128
38 148
38 152
38 154
38 158
38 165
38 166
38 168
38 44
38 173
38 46
38 47
38 48
38 178
38 51
38 40
38 57
38 59
38 66
38 67
38 76
38 78
38 82
38 86
38 88
38 90
38 96
38 99
38 107
38 108
38 110
38 112
38 113
38 115
38 118
38 121
39 149
39 131
39 108
39 75
39 76
39 77
39 78
39 109
39 141
39 173
39 147
39 148
39 66
39 90
39 157
39 159
39 98
39 165
39 166
39 105
39 106
39 107
39 44
39 45
39 46
39 111
39 112
39 113
39 50
39 51
39 137
39 59
39 124
39 63
40 128
40 136
40 147
40 154
40 133
40 165
40 168
40 41
40 173
40 157
40 49
40 50
40 52
40 54
40 55
40 63
40 66
40 67
40 69
40 75
40 76
40 77
40 139
40 90
40 91
40 94
40 96
40 105
40 108
40 111
40 114
40 115
40 117
40 169
40 122
40 123
41 128
41 67
41 136
41 73
41 138
41 77
41 78
41 141
41 82
41 157
41 159
41 97
41 98
41 99
41 100
41 102
41 105
41 43
41 47
41 168
41 115
41 117
41 125
41 127
42 161
42 131
42 102
42 136
42 105
42 159
42 141
42 158
42 111
42 113
42 85
42 88
42 123
42 165
42 94
42 133
43 71
43 75
43 76
43 78
43 83
43 151
43 90
43 92
43 158
43 159
43 178
43 108
43 173
43 174
43 111
43 112
43 177
43 50
43 51
43 131
43 118
43 140
43 138
44 70
44 138
44 173
44 163
44 149
44 86
44 158
44 159
44 99
44 100
44 165
44 105
44 106
44 107
44 108
44 45
44 174
44 157
44 49
44 178
44 54
44 124
44 126
45 128
45 131
45 136
45 151
45 130
45 149
45 152
45 154
45 157
45 158
45 173
45 46
45 48
45 50
45 54
45 57
45 70
45 73
45 75
45 76
45 77
45 78
45 82
45 90
45 94
45 99
45 102
45 178
45 105
45 106
45 107
45 108
45 110
45 111
45 112
45 115
45 118
45 127
46 128
46 66
46 136
46 74
46 75
46 78
46 82
46 83
46 148
46 142
46 157
46 94
46 162
46 177
46 178
46 126
47 96
47 99
47 113
47 138
47 173
47 109
47 141
47 49
47 123
47 118
47 59
47 127
48 50
48 136
48 74
48 78
49 128
49 68
49 70
49 125
49 177
49 74
49 111
49 77
49 78
49 82
49 83
49 178
49 92
49 97
49 165
49 167
49 105
49 114
49 110
49 157
49 136
49 50
49 57
49 61
49 62
49 127
50 64
50 128
50 178
50 75
50 76
50 82
50 86
50 152
50 154
50 157
50 133
50 96
50 163
50 113
50 146
50 105
50 108
50 110
50 114
50 115
50 117
50 168
50 74
50 127
51 67
51 136
51 177
51 75
51 76
51 77
51 78
51 152
51 149
51 86
51 88
51 154
51 92
51 159
51 163
51 102
51 105
51 174
51 82
51 110
51 111
51 113
51 138
51 117
51 118
51 56
51 146
51 125
51 127
52 66
52 164
52 133
52 73
52 74
52 107
52 76
52 111
52 75
52 147
52 117
52 108
52 156
52 106
52 159
53 142
53 102
54 172
54 72
54 168
54 75
54 173
54 82
54 57
54 152
54 90
54 158
54 166
54 106
54 136
54 115
54 116
54 119
54 55
54 59
55 132
55 76
55 178
55 113
55 114
55 149
55 153
55 159
55 86
55 157
55 133
56 97
56 162
56 136
56 105
56 76
56 77
56 112
56 108
56 82
56 118
56 151
56 90
56 91
56 127
57 65
57 70
57 177
57 74
57 76
57 77
57 82
57 101
57 159
57 162
57 167
57 168
57 105
57 108
57 110
57 178
57 117
58 113
58 166
58 118
58 136
58 152
58 76
58 110
59 99
59 133
59 86
59 98
59 111
59 141
59 171
59 151
59 70
62 128
62 161
62 177
62 113
62 136
62 76
62 108
62 178
62 110
62 85
62 152
62 158
63 177
63 75
63 77
63 78
63 114
63 93
63 158
63 127
64 136
64 168
65 161
65 133
65 178
65 106
65 75
65 108
65 146
65 113
65 82
65 147
65 180
65 159
66 133
66 172
66 149
66 88
66 97
66 98
66 156
66 106
66 107
66 108
66 173
66 168
66 148
66 125
67 165
67 98
67 70
67 135
67 105
67 108
67 141
67 173
67 168
67 118
67 157
67 94
67 127
68 133
68 112
68 105
69 105
69 172
69 141
69 131
69 149
69 159
70 76
70 162
70 82
70 157
70 158
70 101
70 102
70 169
70 111
70 112
70 117
70 166
71 139
71 100
71 133
71 105
71 74
71 76
71 157
71 113
71 114
71 124
71 173
71 92
71 159
73 128
73 97
73 171
74 128
74 131
74 76
74 82
74 163
74 110
74 86
74 151
74 90
74 166
74 105
74 172
74 125
74 149
75 128
75 171
75 154
75 162
75 156
75 174
75 157
75 76
75 78
75 141
75 173
75 82
75 86
75 90
75 94
75 165
75 97
75 102
75 178
75 105
75 107
75 108
75 111
75 168
75 118
75 125
76 128
76 136
76 138
76 142
76 149
76 152
76 154
76 157
76 133
76 165
76 159
76 168
76 173
76 82
76 83
76 164
76 90
76 97
76 99
76 100
76 101
76 178
76 105
76 107
76 108
76 110
76 113
76 115
76 117
76 118
76 166
76 125
76 127
77 177
77 78
77 173
77 149
77 151
77 133
77 97
77 163
77 164
77 167
77 113
78 115
78 132
78 136
78 82
78 90
78 99
78 100
78 165
78 106
78 172
78 114
78 117
78 105
78 127
80 137
80 99
82 128
82 132
82 136
82 147
82 151
82 156
82 157
82 158
82 133
82 163
82 177
82 170
82 159
82 162
82 85
82 86
82 90
82 92
82 94
82 95
82 165
82 99
82 100
82 166
82 178
82 105
82 107
82 110
82 111
82 112
82 113
82 115
82 117
82 118
82 126
82 127
83 163
83 136
83 157
83 149
83 86
83 118
83 150
83 101
84 107
84 156
84 133
84 86
84 158
85 161
85 178
85 115
85 121
85 125
85 94
86 149
86 147
86 108
86 154
86 93
86 159
86 161
86 162
86 100
86 101
86 105
86 173
86 110
86 117
86 138
86 166
86 102
86 127
87 127
88 115
88 147
88 105
88 108
88 110
89 133
89 109
90 128
90 131
90 138
90 151
90 156
90 158
90 159
90 174
90 136
90 178
90 162
90 92
90 96
90 98
90 99
90 100
90 105
90 108
90 111
90 168
90 115
90 124
90 125
90 127
91 128
91 99
91 178
91 173
91 142
91 111
91 146
91 147
92 133
92 173
92 151
92 159
92 162
92 165
92 103
92 168
92 107
92 178
93 95
93 102
94 128
94 136
94 137
94 162
94 142
94 148
94 100
94 156
94 158
94 98
94 101
94 102
94 124
94 127
95 128
95 133
95 102
95 113
95 136
95 105
95 157
95 115
95 120
95 166
95 159
96 130
96 136
96 138
96 141
96 152
96 163
96 159
96 99
96 169
96 108
96 173
96 110
96 126
96 127
97 177
97 147
97 149
97 153
97 98
97 158
97 163
97 113
97 168
97 106
97 110
97 111
97 112
97 114
97 117
97 157
97 121
98 136
98 141
98 159
98 165
98 102
98 168
98 167
98 108
98 173
98 113
99 128
99 151
99 157
99 133
99 162
99 165
99 168
99 177
99 100
99 102
99 105
99 107
99 108
99 112
99 113
99 117
99 118
99 125
100 130
100 132
100 136
100 172
100 159
100 106
100 171
100 110
100 157
100 114
100 117
100 121
101 128
101 131
101 147
101 136
101 111
101 113
101 148
101 117
101 118
101 122
101 168
101 157
102 130
102 136
102 141
102 147
102 133
102 167
102 168
102 115
102 177
102 113
102 138
102 105
102 148
102 159
102 125
103 153
103 106
104 173
105 128
105 136
105 151
105 179
105 133
105 171
105 174
105 137
105 168
105 129
105 162
105 173
105 178
105 107
105 108
105 177
105 111
105 113
105 115
105 118
105 170
105 127
106 131
106 118
106 136
106 172
106 142
106 173
106 152
106 154
106 159
106 165
106 111
106 115
107 128
107 132
107 133
107 138
107 130
107 142
107 141
107 152
107 156
107 158
107 159
107 161
107 173
107 157
107 178
107 108
107 113
107 117
107 125
107 126
107 127
108 128
108 131
108 133
108 136
108 173
108 152
108 147
108 171
108 151
108 153
108 154
108 158
108 165
108 177
108 163
108 178
108 110
108 168
108 114
108 117
108 118
108 127
109 139
109 151
110 128
110 136
110 144
110 133
110 168
110 172
110 157
110 159
110 151
110 178
110 113
110 117
110 118
110 127
111 177
111 141
111 161
111 173
111 139
111 151
111 152
111 154
111 158
111 159
111 162
111 113
111 172
111 157
111 117
111 148
111 136
111 127
112 128
112 131
112 136
112 142
112 141
112 173
112 157
112 159
112 166
112 170
112 172
112 177
112 114
113 136
113 137
113 128
113 141
113 173
113 131
113 170
113 149
113 152
113 157
113 129
113 177
113 126
114 133
114 159
115 130
115 136
115 173
115 163
115 161
115 167
115 172
115 117
115 148
115 159
115 125
115 127
116 133
116 158
117 128
117 136
117 138
117 142
117 147
117 157
117 133
117 162
117 165
117 174
117 177
117 143
117 121
118 133
118 136
118 162
118 174
118 165
118 139
118 121
118 127
119 126
120 136
121 128
121 130
121 136
121 172
121 178
121 142
121 177
121 127
122 123
123 125
124 132
124 149
124 136
124 157
125 128
125 152
125 156
125 167
125 172
125 174
125 178
126 130
127 128
127 136
127 138
127 158
127 162
127 163
127 166
127 177
127 168
127 141
127 178
127 169
128 136
128 152
128 147
128 154
128 133
128 168
128 171
128 172
128 159
128 141
128 163
128 144
128 165
128 178
130 147
130 159
131 132
131 154
131 178
132 133
132 171
132 174
132 151
132 147
133 136
133 154
133 159
133 164
133 172
133 173
133 174
133 177
133 163
133 178
135 159
136 147
136 148
136 174
136 153
136 157
136 158
136 177
136 171
136 172
136 178
136 159
136 173
136 169
137 148
138 163
138 171
139 146
139 148
141 160
141 168
141 172
141 173
142 173
142 157
142 177
142 174
142 147
142 152
146 178
147 152
147 149
147 158
147 165
147 162
147 177
148 158
148 157
148 149
148 163
149 159
149 168
149 178
151 171
151 172
151 159
151 168
151 177
152 178
153 168
153 158
154 178
154 162
154 173
154 165
156 178
157 167
157 158
157 159
157 168
157 164
158 173
158 159
158 162
158 177
158 178
159 162
159 173
159 177
159 178
159 163
159 164
159 165
162 165
162 168
162 173
162 178
162 163
163 177
165 179
165 167
165 177
165 172
165 168
166 178
166 177
168 178
168 171
168 173
168 177
169 174
171 177
171 172
172 174
172 173
172 178
173 174
174 177
