0 129
0 69
0 71
0 159
0 74
0 139
0 141
0 82
0 84
0 91
0 101
0 157
0 95
0 32
0 133
0 34
0 100
0 37
0 38
0 178
0 40
0 108
0 45
0 50
0 51
0 118
0 56
0 59
0 62
0 127
1 96
1 98
1 115
1 162
1 21
1 39
1 56
1 159
1 92
1 29
1 149
2 128
2 66
2 131
2 7
2 72
2 75
2 76
2 77
2 15
2 156
2 147
2 20
2 22
2 24
2 100
2 154
2 135
2 36
2 102
2 39
2 105
2 107
2 172
2 47
2 177
2 178
2 115
2 169
2 56
3 107
3 179
3 75
3 109
3 77
3 158
3 15
3 173
3 18
3 21
3 154
3 90
3 28
3 29
3 94
3 95
3 96
3 97
3 34
3 99
3 146
3 170
3 43
3 45
3 110
3 177
3 178
3 51
3 30
3 118
3 121
3 159
3 117
4 32
4 66
4 131
4 100
4 69
4 102
4 162
4 168
4 105
4 108
4 98
4 13
4 141
4 49
4 82
4 164
4 26
4 15
4 125
4 63
5 66
5 6
5 7
5 136
5 9
5 75
5 76
5 77
5 15
5 16
5 17
5 18
5 83
5 86
5 24
5 25
5 92
5 157
5 32
5 82
5 38
5 39
5 168
5 41
5 42
5 43
5 44
5 45
5 46
5 173
5 112
5 108
5 172
5 52
5 126
5 118
5 135
5 56
5 106
5 62
6 123
6 148
6 86
6 23
6 136
6 90
6 111
6 151
6 141
6 21
7 128
7 172
7 132
7 134
7 135
7 9
7 11
7 13
7 15
7 18
7 147
7 174
7 22
7 151
7 29
7 30
7 133
7 160
7 33
7 34
7 35
7 37
7 38
7 167
7 40
7 41
7 42
7 43
7 44
7 45
7 46
7 49
7 51
7 52
7 158
7 159
7 62
7 71
7 168
7 74
7 76
7 82
7 84
7 86
7 90
7 92
7 95
7 96
7 101
7 102
7 105
7 107
7 108
7 146
7 110
7 111
7 113
7 115
7 123
7 125
7 127
8 128
8 49
8 35
8 20
8 21
8 136
8 10
8 43
8 58
8 30
8 173
9 128
9 131
9 102
9 40
9 105
9 171
9 44
9 174
9 15
9 112
9 108
9 82
9 84
9 22
9 24
9 90
9 27
10 128
10 133
10 76
10 98
10 78
10 13
10 82
10 148
10 142
10 86
10 92
10 157
10 165
10 34
10 101
10 102
10 40
10 107
10 108
10 45
10 47
10 112
10 178
10 149
11 128
11 172
11 133
11 136
11 73
11 76
11 141
11 15
11 173
11 82
11 19
11 24
11 25
11 90
11 93
11 94
11 159
11 97
11 162
11 99
11 37
11 38
11 105
11 43
11 44
11 45
11 157
11 113
11 51
11 52
11 158
11 121
11 125
13 136
13 75
13 76
13 142
13 15
13 24
13 78
13 23
13 88
13 94
13 97
13 162
13 99
13 172
13 50
13 51
13 117
13 118
13 151
13 62
14 168
14 172
14 28
14 95
15 128
15 136
15 173
15 152
15 146
15 20
15 21
15 151
15 24
15 28
15 29
15 159
15 35
15 37
15 39
15 168
15 44
15 45
15 157
15 50
15 54
15 56
15 57
15 139
15 63
15 67
15 69
15 70
15 76
15 78
15 82
15 84
15 90
15 91
15 92
15 95
15 99
15 102
15 178
15 106
15 107
15 108
15 110
15 111
15 113
15 117
15 123
15 125
16 97
16 34
16 107
16 102
16 75
16 173
16 50
16 142
16 111
16 17
16 82
16 131
16 117
16 22
16 151
16 127
16 121
16 38
16 37
17 97
17 34
17 164
17 136
17 137
17 173
17 78
17 24
17 127
17 29
17 159
18 128
18 136
18 74
18 75
18 76
18 99
18 23
18 26
18 157
18 95
18 160
18 98
18 35
18 131
18 166
18 38
18 105
18 42
18 171
18 159
18 174
18 178
18 51
18 52
18 117
18 57
18 127
18 151
18 126
18 63
19 36
20 128
20 101
20 38
20 39
20 40
20 125
20 76
20 82
20 159
20 77
20 50
20 172
20 117
20 29
20 133
21 112
21 98
21 165
21 40
21 77
21 126
22 67
22 82
22 171
22 110
22 86
22 23
22 152
22 71
22 91
22 92
22 90
22 30
22 159
22 165
22 37
22 167
22 170
22 43
22 108
22 46
22 157
22 177
22 114
22 158
22 54
23 128
23 35
23 165
23 178
23 74
23 115
23 50
23 51
23 24
23 111
23 30
23 63
24 128
24 161
24 75
24 142
24 90
24 27
24 92
24 154
24 94
24 101
24 96
24 97
24 99
24 37
24 102
24 39
24 40
24 42
24 173
24 174
24 157
24 113
24 51
24 118
24 56
24 57
25 51
25 152
25 138
25 91
26 51
26 102
26 135
26 168
26 151
26 173
26 78
26 47
26 49
26 115
26 55
26 29
26 127
27 128
27 51
27 37
27 74
27 139
27 108
27 158
27 111
27 83
27 149
27 86
27 174
27 126
28 178
28 156
28 75
28 98
28 78
28 152
28 82
28 107
28 148
28 86
28 110
28 90
28 143
28 92
28 93
28 158
28 97
28 34
28 35
28 163
28 39
28 40
28 105
28 43
28 108
28 45
28 46
28 29
28 168
28 50
28 51
28 117
29 128
29 132
29 108
29 74
29 149
29 86
29 152
29 157
29 159
29 98
29 113
29 37
29 39
29 168
29 105
29 71
29 44
29 45
29 177
29 111
29 49
29 178
29 51
29 117
29 55
29 57
29 127
30 70
30 38
30 171
30 108
30 111
30 168
30 50
30 67
30 117
30 125
31 108
32 165
32 50
32 59
32 173
32 111
33 159
33 44
33 118
34 128
34 133
34 136
34 75
34 76
34 131
34 149
34 150
34 157
34 96
34 161
34 162
34 163
34 100
34 102
34 178
34 41
34 173
34 50
34 117
34 54
34 74
34 127
35 128
35 129
35 132
35 139
35 141
35 152
35 157
35 159
35 162
35 164
35 40
35 42
35 172
35 173
35 174
35 49
35 178
35 52
35 59
35 62
35 65
35 67
35 75
35 76
35 45
35 82
35 87
35 36
35 94
35 98
35 99
35 101
35 105
35 107
35 109
35 111
35 168
35 114
36 65
36 133
36 136
36 73
36 148
36 149
36 89
36 90
36 157
36 158
36 160
36 164
36 165
36 102
36 177
36 42
36 43
36 44
36 45
36 110
36 111
36 113
36 178
36 51
36 54
37 129
37 178
37 137
37 173
37 82
37 163
37 148
37 86
37 158
37 162
37 99
37 102
37 177
37 168
37 105
37 106
37 43
37 108
37 146
37 46
37 49
37 50
37 52
37 117
37 124
38 158
38 130
38 137
38 74
38 76
38 78
38 173
38 110
38 121
38 164
38 174
38 95
38 96
38 144
38 100
38 101
38 39
38 40
38 41
38 167
38 108
38 45
38 46
38 111
38 112
38 49
38 115
38 113
38 105
38 57
38 119
38 125
39 128
39 107
39 147
39 130
39 71
39 172
39 76
39 77
39 78
39 82
39 131
39 94
39 95
39 133
39 99
39 102
39 177
39 40
39 169
39 43
39 44
39 178
39 111
39 113
39 50
39 51
39 55
39 148
39 58
39 168
39 166
40 128
40 115
40 133
40 76
40 141
40 173
40 82
40 147
40 90
40 154
40 166
40 159
40 97
40 98
40 101
40 129
40 105
40 43
40 165
40 110
40 112
40 177
40 51
40 74
40 117
40 121
40 123
40 124
40 102
40 149
41 65
41 115
41 108
41 75
41 76
41 77
41 82
41 139
41 154
41 157
41 94
41 133
41 96
41 100
41 102
41 107
41 44
41 46
41 111
41 49
41 51
41 52
41 57
41 58
41 159
41 125
41 166
42 128
42 78
42 149
42 133
42 96
42 165
42 102
42 105
42 106
42 45
42 46
42 50
42 117
42 118
42 169
42 122
43 172
43 74
43 76
43 162
43 78
43 82
43 67
43 84
43 86
43 121
43 153
43 91
43 90
43 133
43 96
43 97
43 148
43 163
43 105
43 103
43 108
43 178
43 110
43 154
43 112
43 114
43 57
43 159
43 151
43 126
44 66
44 107
44 177
44 74
44 76
44 141
44 82
44 147
44 148
44 85
44 156
44 92
44 99
44 166
44 102
44 97
44 106
44 108
44 46
44 174
44 49
44 50
44 113
44 105
44 121
44 126
44 149
45 128
45 66
45 147
45 72
45 76
45 75
45 99
45 170
45 149
45 154
45 90
45 94
45 159
45 97
45 105
45 171
45 173
45 111
45 157
45 113
45 51
45 52
45 53
45 55
45 56
45 57
45 127
45 74
45 117
46 128
46 131
46 177
46 108
46 75
46 141
46 82
46 147
46 139
46 92
46 157
46 94
46 165
46 96
46 100
46 103
46 107
46 110
46 111
46 49
46 50
46 51
46 158
46 105
46 56
46 63
47 177
47 51
47 85
47 168
47 76
47 149
48 97
48 98
48 86
48 155
48 141
48 78
49 133
49 70
49 108
49 75
49 76
49 145
49 174
49 83
49 110
49 151
49 152
49 90
49 158
49 101
49 165
49 178
49 168
49 173
49 112
49 157
49 50
49 118
49 57
49 60
49 102
50 65
50 130
50 177
50 71
50 136
50 96
50 128
50 76
50 157
50 159
50 102
50 105
50 171
50 173
50 112
50 178
50 172
50 94
50 54
50 55
50 57
50 122
50 117
51 133
51 136
51 173
51 144
51 147
51 158
51 159
51 161
51 162
51 163
51 165
51 171
51 172
51 178
51 56
51 57
51 58
51 151
51 69
51 71
51 74
51 76
51 78
51 95
51 98
51 99
51 100
51 102
51 105
51 108
51 110
51 111
51 114
51 115
51 117
51 118
51 153
51 121
51 125
51 126
52 132
52 76
52 77
52 173
52 82
52 163
52 149
52 86
52 91
52 157
52 159
52 168
52 107
52 112
52 178
52 117
52 59
53 90
53 131
53 178
54 75
54 108
54 148
54 86
54 56
54 57
54 90
54 125
54 132
54 101
55 130
55 99
55 102
55 168
55 74
55 107
55 172
55 110
55 173
55 144
55 139
55 148
55 57
55 127
56 70
56 129
56 136
56 76
56 66
56 86
56 98
56 102
56 105
56 106
56 113
56 115
56 118
57 128
57 129
57 67
57 133
57 172
57 75
57 76
57 115
57 147
57 86
57 121
57 159
57 165
57 98
57 102
57 177
57 107
57 108
57 173
57 112
57 105
57 122
57 126
58 82
58 151
58 146
58 78
58 173
59 70
59 97
59 168
59 135
59 76
59 99
59 62
59 118
59 126
60 162
60 159
62 162
62 168
62 105
62 107
62 108
62 110
62 79
62 76
62 178
62 148
62 157
62 158
63 101
63 102
63 107
63 111
63 144
63 149
63 118
65 97
65 166
65 136
65 74
65 107
65 76
65 173
65 111
65 168
65 115
65 86
65 100
65 90
65 157
65 158
66 165
66 67
66 74
66 76
66 142
66 173
66 112
66 177
66 82
66 117
66 154
66 159
67 132
67 70
67 136
67 74
67 75
67 144
67 159
67 101
67 102
67 178
67 111
67 113
67 114
67 115
67 124
68 136
68 124
68 111
69 117
69 106
69 159
69 173
70 177
70 76
70 148
70 171
70 86
70 152
70 90
70 159
70 99
70 100
70 165
70 168
70 107
70 108
70 110
70 113
70 115
71 130
71 178
71 133
71 136
71 149
71 90
71 157
71 97
71 102
71 168
71 106
71 108
71 114
71 115
71 121
72 91
72 131
72 133
73 147
74 133
74 136
74 128
74 75
74 130
74 78
74 143
74 115
74 173
74 107
74 149
74 88
74 90
74 92
74 94
74 144
74 82
74 102
74 105
74 106
74 111
74 157
74 117
74 176
74 127
75 128
75 142
75 147
75 174
75 154
75 157
75 133
75 165
75 177
75 178
75 159
75 76
75 162
75 78
75 141
75 81
75 82
75 84
75 90
75 98
75 100
75 101
75 102
75 105
75 106
75 146
75 112
75 115
75 117
75 118
75 127
76 128
76 131
76 136
76 137
76 141
76 147
76 149
76 151
76 156
76 159
76 164
76 165
76 138
76 168
76 79
76 173
76 92
76 97
76 98
76 99
76 101
76 102
76 178
76 105
76 171
76 107
76 108
76 110
76 111
76 112
76 113
76 115
76 121
76 124
76 127
77 136
77 137
77 130
77 141
77 82
77 86
77 153
77 90
77 92
77 162
77 166
77 107
77 173
77 111
77 112
77 169
78 171
78 86
78 157
78 102
78 156
78 172
78 166
78 110
78 125
78 112
78 117
78 124
78 106
78 127
80 136
80 90
81 169
82 131
82 136
82 142
82 145
82 147
82 174
82 158
82 133
82 173
82 177
82 178
82 172
82 159
82 139
82 168
82 163
82 88
82 92
82 95
82 98
82 99
82 101
82 105
82 106
82 108
82 111
82 113
82 115
82 117
82 127
83 167
83 129
83 136
83 105
83 125
84 130
84 133
85 112
85 99
85 131
85 165
85 168
85 172
85 90
85 127
85 170
86 107
86 136
86 138
86 141
86 118
86 142
86 151
86 88
86 90
86 133
86 100
86 106
86 173
86 154
86 113
86 159
86 125
87 113
87 162
87 166
87 136
87 91
88 117
88 159
88 133
89 168
89 105
89 133
90 128
90 133
90 136
90 131
90 148
90 149
90 152
90 153
90 159
90 177
90 139
90 173
90 94
90 97
90 99
90 100
90 102
90 105
90 171
90 107
90 108
90 111
90 168
90 125
91 106
91 107
91 108
91 110
91 136
92 128
92 136
92 142
92 141
92 174
92 159
92 166
92 105
92 178
92 179
92 138
92 127
93 105
93 157
93 118
94 130
94 173
94 154
94 101
94 102
94 168
94 108
94 114
94 127
94 166
95 107
95 98
95 178
95 102
95 106
95 108
95 99
95 142
95 118
95 174
95 130
96 128
96 133
96 136
96 138
96 146
96 110
96 158
96 159
96 160
96 97
96 99
96 165
96 114
97 136
97 108
97 173
97 147
97 148
97 159
97 144
97 162
97 165
97 178
97 111
97 168
97 114
97 172
97 118
97 125
97 127
98 128
98 133
98 136
98 141
98 173
98 151
98 165
98 103
98 105
98 107
98 117
98 159
98 127
99 147
99 136
99 131
99 148
99 157
99 165
99 102
99 171
99 111
99 117
99 122
100 173
100 147
100 153
100 165
100 109
100 111
100 177
100 115
100 117
100 126
101 147
101 157
101 162
101 177
101 112
101 127
102 128
102 133
102 141
102 152
102 132
102 154
102 159
102 161
102 173
102 177
102 162
102 165
102 178
102 105
102 110
102 111
102 168
103 113
105 131
105 133
105 136
105 173
105 145
105 147
105 171
105 150
105 152
105 159
105 156
105 157
105 177
105 163
105 168
105 165
105 107
105 108
105 110
105 111
105 112
105 113
105 117
105 124
105 127
106 128
106 141
106 147
106 149
106 157
106 167
106 107
106 109
106 174
106 111
106 112
106 113
106 124
106 125
106 126
107 128
107 133
107 136
107 142
107 147
107 149
107 151
107 152
107 157
107 158
107 162
107 165
107 178
107 156
107 108
107 110
107 111
107 112
107 114
107 115
107 117
107 121
107 124
107 125
107 126
108 128
108 131
108 136
108 147
108 148
108 171
108 151
108 162
108 129
108 173
108 178
108 137
108 159
108 110
108 111
108 112
108 168
108 118
108 127
109 112
109 152
109 159
110 128
110 147
110 136
110 156
110 146
110 158
110 159
110 163
110 173
110 117
110 168
110 125
111 128
111 129
111 131
111 133
111 136
111 138
111 147
111 149
111 159
111 162
111 165
111 158
111 127
112 128
112 173
112 148
112 151
112 133
112 118
113 128
113 132
113 133
113 172
113 152
113 178
113 139
113 149
113 153
113 154
113 173
113 159
113 160
113 165
113 157
113 114
113 115
113 117
113 151
113 125
114 136
114 173
114 168
114 157
115 136
115 152
115 159
115 177
115 178
115 169
115 127
116 168
116 154
116 159
117 128
117 130
117 137
117 152
117 147
117 156
117 133
117 165
117 178
117 157
117 168
118 128
118 141
118 156
118 162
118 168
118 174
118 127
119 159
120 125
121 151
121 124
121 157
122 168
122 152
122 141
123 159
124 128
124 177
124 171
125 133
125 136
125 132
125 156
125 159
125 163
125 164
125 172
126 128
126 173
126 177
126 159
127 135
127 133
127 136
127 172
127 141
127 148
127 154
127 151
127 152
127 173
127 168
127 174
127 177
128 133
128 152
128 158
128 159
128 164
128 171
128 157
128 136
128 168
128 138
128 177
128 178
129 175
129 162
130 165
130 136
130 173
130 147
130 151
131 153
131 165
131 168
131 136
132 162
132 133
132 136
132 137
132 177
132 151
132 168
133 136
133 138
133 152
133 154
133 156
133 157
133 165
133 172
133 173
133 178
133 177
134 166
135 177
136 138
136 147
136 148
136 151
136 157
136 165
136 167
136 171
136 173
136 174
136 177
136 159
136 141
136 178
137 172
138 156
138 141
138 174
138 146
138 147
138 158
139 157
141 146
141 157
141 169
141 171
141 177
142 152
142 147
142 171
143 177
146 168
147 161
147 172
147 171
147 177
147 157
147 158
147 159
148 149
148 156
148 157
148 159
148 168
148 172
149 171
149 173
149 159
149 160
149 166
149 178
149 168
151 154
151 159
151 173
152 171
152 167
152 157
153 163
153 173
154 157
154 158
154 165
154 177
154 173
154 174
154 178
156 157
156 177
157 174
157 177
157 168
157 159
157 164
157 178
158 177
158 178
159 164
159 174
159 168
159 178
160 178
162 172
162 168
162 177
162 165
163 171
164 178
165 178
166 170
166 168
167 173
168 172
168 173
168 178
168 177
172 173
173 178
174 178
174 180
177 178
178 180
