0 65
0 133
0 7
0 136
0 138
0 75
0 162
0 15
0 82
0 149
0 22
0 152
0 164
0 90
0 28
0 154
0 69
0 96
0 165
0 98
0 36
0 37
0 38
0 40
0 105
0 42
0 71
0 173
0 157
0 113
0 57
0 159
1 128
1 36
1 102
1 70
1 89
1 26
1 172
1 74
1 94
2 128
2 130
2 3
2 22
2 7
2 10
2 11
2 17
2 82
2 83
2 110
2 86
2 152
2 100
2 90
2 175
2 157
2 30
2 34
2 35
2 36
2 165
2 166
2 105
2 107
2 172
2 46
2 111
2 112
2 113
2 147
2 116
2 118
2 127
3 4
3 133
3 70
3 136
3 75
3 76
3 14
3 15
3 152
3 82
3 149
3 173
3 24
3 132
3 90
3 91
3 28
3 95
3 96
3 97
3 36
3 37
3 168
3 105
3 107
3 108
3 45
3 46
3 113
3 50
3 115
3 54
3 55
3 159
3 127
4 34
4 7
4 136
4 105
4 42
4 76
4 98
4 110
4 15
4 141
4 152
4 120
4 90
5 139
5 178
5 133
5 6
5 7
5 136
5 137
5 75
5 76
5 135
5 78
5 15
5 145
5 82
5 147
5 84
5 21
5 173
5 151
5 90
5 111
5 28
5 157
5 158
5 95
5 97
5 98
5 35
5 162
5 113
5 40
5 41
5 107
5 18
5 47
5 49
5 50
5 105
5 148
5 59
5 124
5 125
6 97
6 99
6 100
6 71
6 40
6 9
6 140
6 82
6 142
6 152
6 50
6 172
6 56
6 62
6 159
7 128
7 136
7 10
7 11
7 130
7 15
7 16
7 152
7 18
7 147
7 148
7 22
7 24
7 27
7 156
7 29
7 34
7 37
7 38
7 177
7 168
7 169
7 44
7 45
7 157
7 49
7 178
7 55
7 57
7 138
7 67
7 74
7 76
7 77
7 78
7 141
7 82
7 85
7 86
7 91
7 165
7 96
7 97
7 98
7 105
7 106
7 108
7 110
7 113
7 115
7 117
7 118
8 136
8 34
8 164
8 40
8 121
8 138
8 91
9 149
9 97
9 132
9 106
9 11
9 159
9 109
9 111
9 51
9 94
9 15
9 29
9 126
9 127
10 32
10 35
10 68
10 138
10 108
10 141
10 111
10 17
10 113
10 22
10 26
10 159
10 156
10 93
10 117
11 132
11 133
11 13
11 78
11 77
11 16
11 82
11 83
11 20
11 142
11 148
11 24
11 89
11 71
11 156
11 90
11 94
11 159
11 97
11 18
11 99
11 162
11 39
11 40
11 43
11 172
11 45
11 110
11 168
11 178
11 147
11 118
11 56
11 121
11 125
11 127
12 75
13 96
13 99
13 18
13 102
13 86
13 43
13 123
13 115
14 34
14 158
15 128
15 136
15 138
15 151
15 173
15 152
15 18
15 131
15 20
15 149
15 23
15 24
15 132
15 27
15 28
15 29
15 158
15 159
15 35
15 164
15 165
15 38
15 39
15 40
15 41
15 172
15 45
15 157
15 50
15 56
15 57
15 147
15 70
15 71
15 74
15 75
15 76
15 77
15 156
15 82
15 163
15 85
15 90
15 92
15 97
15 98
15 99
15 102
15 178
15 105
15 106
15 167
15 108
15 112
15 113
15 115
15 118
15 148
15 125
16 66
16 100
16 133
16 102
16 40
16 75
16 108
16 126
16 141
16 173
16 178
16 131
16 52
16 117
16 151
16 94
16 95
17 128
17 37
17 177
17 136
17 172
17 45
17 78
17 47
17 173
17 82
17 118
17 90
17 28
17 122
17 62
17 159
18 132
18 136
18 138
18 142
18 24
18 20
18 149
18 23
18 152
18 154
18 157
18 158
18 133
18 162
18 36
18 38
18 39
18 42
18 174
18 177
18 50
18 51
18 52
18 54
18 57
18 59
18 65
18 66
18 75
18 76
18 83
18 90
18 97
18 98
18 99
18 101
18 102
18 105
18 107
18 108
18 109
18 113
18 127
19 35
20 128
20 66
20 132
20 70
20 71
20 77
20 147
20 25
20 152
20 89
20 111
20 29
20 130
20 97
20 99
20 164
20 38
20 39
20 105
20 109
20 47
20 157
20 51
20 151
20 125
21 128
21 173
21 147
21 148
21 136
21 76
21 45
21 94
21 149
22 133
22 130
22 136
22 177
22 76
22 66
22 77
22 148
22 86
22 90
22 91
22 92
22 99
22 37
22 39
22 168
22 105
22 106
22 107
22 45
22 111
22 112
22 113
22 178
22 115
22 52
22 53
22 54
22 42
22 126
23 129
23 130
23 38
23 41
23 76
23 177
23 51
23 151
23 24
23 90
23 92
23 62
24 128
24 138
24 77
24 141
24 82
24 83
24 75
24 28
24 157
24 158
24 159
24 96
24 34
24 35
24 40
24 105
24 107
24 172
24 110
24 111
24 168
24 50
24 52
24 117
24 118
24 123
24 151
25 112
25 97
25 118
25 102
25 158
25 30
25 143
26 66
26 99
26 172
26 173
26 174
26 144
26 178
26 84
26 149
26 57
26 153
26 42
26 62
27 35
27 83
27 99
27 100
27 39
27 177
27 173
27 47
27 43
27 51
27 117
27 111
27 90
28 128
28 70
28 136
28 108
28 75
28 141
28 82
28 85
28 90
28 156
28 37
28 165
28 100
28 101
28 38
28 39
28 41
28 107
28 44
28 110
28 111
28 113
28 117
28 57
28 123
28 102
29 128
29 115
29 72
29 74
29 75
29 77
29 82
29 149
29 152
29 154
29 175
29 94
29 159
29 32
29 97
29 34
29 100
29 38
29 42
29 43
29 108
29 125
29 49
29 51
29 55
29 136
29 124
29 106
30 96
30 65
30 36
30 100
30 39
30 60
30 75
30 173
30 51
30 86
30 169
30 160
30 159
30 92
30 127
31 177
31 86
32 42
32 168
32 74
32 45
32 142
32 111
32 51
32 154
32 47
32 159
33 107
34 105
34 74
34 66
34 77
34 157
34 168
34 178
34 177
34 52
34 110
34 86
34 36
34 111
34 149
35 128
35 67
35 113
35 177
35 75
35 76
35 141
35 78
35 152
35 82
35 149
35 86
35 100
35 157
35 133
35 107
35 162
35 36
35 37
35 38
35 103
35 40
35 43
35 174
35 45
35 110
35 111
35 49
35 138
35 57
35 159
35 102
35 127
36 147
36 162
36 177
36 128
36 78
36 77
36 82
36 107
36 154
36 92
36 98
36 166
36 102
36 167
36 41
36 42
36 43
36 46
36 113
36 178
36 115
36 105
36 127
37 132
37 74
37 142
37 82
37 148
37 85
37 152
37 90
37 154
37 158
37 96
37 97
37 99
37 100
37 38
37 40
37 41
37 107
37 44
37 113
37 56
38 128
38 172
38 151
38 174
38 152
38 158
38 161
38 162
38 166
38 39
38 40
38 41
38 43
38 44
38 46
38 49
38 178
38 51
38 52
38 56
38 63
38 67
38 74
38 75
38 80
38 82
38 91
38 101
38 102
38 105
38 106
38 107
38 108
38 110
38 111
38 115
38 118
38 148
38 123
38 127
39 128
39 67
39 178
39 118
39 161
39 136
39 137
39 138
39 75
39 77
39 156
39 90
39 154
39 94
39 159
39 97
39 98
39 162
39 101
39 113
39 40
39 105
39 107
39 108
39 114
39 174
39 49
39 50
39 54
39 57
39 146
39 125
39 126
39 63
40 128
40 131
40 138
40 148
40 133
40 165
40 168
40 41
40 44
40 45
40 136
40 51
40 55
40 177
40 74
40 75
40 77
40 78
40 82
40 163
40 91
40 93
40 94
40 98
40 99
40 105
40 107
40 110
40 111
40 117
40 121
40 125
41 128
41 66
41 67
41 70
41 71
41 72
41 76
41 82
41 86
41 152
41 95
41 96
41 133
41 98
41 105
41 108
41 46
41 111
41 50
41 115
41 117
41 54
41 127
42 96
42 132
42 133
42 128
42 145
42 85
42 158
42 101
42 178
42 105
42 43
42 82
42 50
42 115
42 126
43 65
43 130
43 118
43 71
43 136
43 108
43 75
43 76
43 78
43 82
43 99
43 86
43 151
43 152
43 156
43 150
43 95
43 96
43 97
43 165
43 169
43 44
43 178
43 110
43 111
43 50
43 115
43 117
43 54
43 133
44 64
44 67
44 136
44 75
44 76
44 77
44 115
44 146
44 148
44 90
44 91
44 158
44 101
44 162
44 99
44 167
44 124
44 106
44 108
44 173
44 110
44 113
44 178
44 51
44 54
44 56
44 168
44 60
44 102
44 62
44 127
45 129
45 133
45 134
45 137
45 141
45 147
45 152
45 156
45 157
45 158
45 159
45 162
45 165
45 178
45 174
45 177
45 50
45 51
45 168
45 62
45 63
45 66
45 70
45 74
45 75
45 76
45 82
45 90
45 143
45 97
45 98
45 99
45 105
45 107
45 108
45 110
45 113
45 118
45 121
45 125
45 127
46 128
46 132
46 133
46 71
46 136
46 76
46 77
46 86
46 87
46 154
46 159
46 96
46 178
46 107
46 173
46 110
46 47
46 50
46 117
46 169
46 125
46 126
47 66
47 131
47 102
47 177
47 74
47 108
47 77
47 173
47 112
47 110
47 118
47 92
47 157
47 117
48 111
49 128
49 129
49 130
49 138
49 147
49 71
49 135
49 95
49 102
49 104
49 107
49 168
49 50
49 51
49 55
49 56
49 166
49 127
50 128
50 136
50 73
50 75
50 98
50 78
50 82
50 107
50 110
50 86
50 151
50 89
50 154
50 167
50 157
50 133
50 160
50 165
50 131
50 101
50 102
50 111
50 178
50 147
50 52
50 117
50 54
50 105
50 57
51 128
51 129
51 131
51 133
51 136
51 173
51 153
51 154
51 159
51 177
51 168
51 170
51 174
51 52
51 55
51 60
51 65
51 66
51 69
51 71
51 74
51 76
51 82
51 90
51 94
51 95
51 97
51 98
51 102
51 105
51 107
51 110
51 114
51 115
52 66
52 131
52 102
52 71
52 138
52 107
52 108
52 141
52 162
52 159
52 118
52 158
52 127
53 178
53 158
54 107
54 97
54 99
54 102
54 72
54 110
54 115
54 136
55 64
55 67
55 133
55 136
55 172
55 75
55 76
55 77
55 153
55 158
55 97
55 162
55 165
55 166
55 113
55 105
55 167
55 108
55 173
56 129
56 107
56 142
56 71
56 76
56 78
56 82
56 115
56 94
56 124
56 62
56 159
57 64
57 66
57 107
57 133
57 128
57 130
57 86
57 152
57 90
57 165
57 105
57 71
57 172
57 173
57 125
57 118
57 74
58 128
58 74
58 99
58 174
59 96
59 163
59 75
59 110
59 111
59 157
59 117
59 91
59 124
59 93
59 127
60 95
61 136
62 77
62 107
62 110
62 111
62 115
62 124
63 133
63 152
63 107
63 143
63 110
63 111
64 129
64 98
64 105
64 173
65 97
65 129
65 105
65 75
65 77
65 113
65 121
65 122
65 127
66 128
66 131
66 132
66 136
66 75
66 76
66 162
66 82
66 83
66 86
66 151
66 169
66 92
66 90
66 96
66 102
66 106
66 172
66 174
66 112
66 113
66 117
66 157
66 105
67 138
67 75
67 76
67 141
67 78
67 82
67 86
67 90
67 159
67 100
67 166
67 106
67 173
67 113
67 178
67 115
67 117
67 105
68 154
69 96
69 156
69 97
69 121
69 108
69 173
70 130
70 74
70 141
70 82
70 152
70 90
70 94
70 161
70 98
70 99
70 100
70 108
70 110
70 113
70 178
70 115
70 116
70 124
70 138
71 128
71 75
71 133
71 136
71 142
71 149
71 154
71 162
71 112
71 118
72 158
73 151
73 95
74 128
74 133
74 136
74 138
74 139
74 141
74 149
74 151
74 158
74 159
74 129
74 173
74 174
74 178
74 168
74 76
74 78
74 90
74 92
74 99
74 105
74 107
74 108
74 110
74 111
74 118
74 121
74 122
74 127
75 128
75 136
75 172
75 147
75 171
75 133
75 169
75 174
75 157
75 76
75 173
75 82
75 86
75 91
75 159
75 95
75 99
75 102
75 178
75 105
75 106
75 107
75 111
75 112
75 117
75 118
75 126
75 127
76 128
76 136
76 151
76 141
76 147
76 148
76 154
76 157
76 133
76 160
76 162
76 165
76 166
76 168
76 178
76 159
76 77
76 78
76 82
76 90
76 174
76 94
76 171
76 97
76 98
76 100
76 102
76 105
76 106
76 108
76 110
76 111
76 112
76 113
76 117
76 169
76 125
76 127
77 171
77 133
77 137
77 144
77 151
77 100
77 90
77 91
77 159
77 102
77 105
77 107
77 172
77 111
77 143
78 136
78 79
78 82
78 83
78 152
78 93
78 95
78 102
78 117
78 138
78 127
79 159
80 112
80 101
81 130
82 144
82 146
82 149
82 153
82 133
82 157
82 159
82 168
82 135
82 152
82 86
82 90
82 92
82 94
82 95
82 165
82 100
82 101
82 107
82 108
82 109
82 111
82 113
82 121
83 128
83 129
83 138
83 107
83 143
83 171
84 105
84 172
85 97
85 154
85 86
85 151
85 141
86 128
86 133
86 136
86 152
86 99
86 107
86 171
86 98
86 106
86 108
86 177
86 117
86 105
86 149
87 170
87 157
88 154
89 177
89 111
90 129
90 136
90 130
90 149
90 152
90 156
90 157
90 158
90 168
90 169
90 178
90 173
90 96
90 105
90 108
90 114
90 117
90 118
90 121
91 168
91 174
91 114
91 117
91 92
91 159
91 146
92 128
92 160
92 167
92 105
92 173
92 116
92 158
92 106
92 127
93 96
93 113
93 105
93 157
94 131
94 141
94 151
94 98
94 165
94 173
94 111
94 115
94 117
94 159
94 126
94 127
95 162
95 136
95 106
95 108
95 178
95 121
95 125
96 128
96 158
96 152
96 147
96 148
96 149
96 162
96 177
96 108
96 173
96 113
96 117
97 128
97 136
97 149
97 142
97 173
97 118
97 101
97 98
97 162
97 168
97 106
97 108
97 110
97 111
97 113
97 114
97 148
97 170
97 159
97 125
97 127
98 136
98 128
98 142
98 173
98 148
98 178
98 152
98 100
98 159
98 99
98 102
98 171
98 108
98 110
98 113
98 117
98 105
98 168
99 129
99 108
99 147
99 152
99 154
99 133
99 163
99 100
99 102
99 105
99 110
99 111
99 157
99 113
99 115
99 168
99 138
100 128
100 154
100 165
100 161
100 167
100 108
100 110
100 113
100 121
100 163
100 125
101 178
101 108
101 148
101 117
101 154
102 133
102 142
102 149
102 151
102 158
102 159
102 164
102 168
102 171
102 178
102 163
102 105
102 107
102 108
102 110
102 111
102 113
102 117
102 126
102 127
103 117
105 128
105 136
105 138
105 141
105 142
105 152
105 147
105 159
105 173
105 178
105 107
105 108
105 111
105 113
105 115
105 117
105 118
105 148
105 126
105 127
106 136
106 147
106 149
106 152
106 153
106 163
106 166
106 156
106 107
106 174
106 178
106 117
106 125
107 128
107 129
107 136
107 138
107 141
107 173
107 148
107 149
107 151
107 179
107 159
107 162
107 164
107 165
107 178
107 113
107 115
107 117
108 130
108 136
108 141
108 158
108 159
108 161
108 168
108 177
108 178
108 167
108 110
108 111
108 157
108 113
108 114
108 115
108 117
108 124
108 127
109 113
109 121
109 159
110 128
110 115
110 136
110 141
110 149
110 111
110 157
110 127
110 159
110 156
110 171
110 121
111 128
111 142
111 152
111 147
111 149
111 151
111 158
111 165
111 178
111 177
111 137
111 112
111 113
111 115
111 118
111 122
111 125
112 128
112 136
112 139
112 149
112 152
112 157
112 158
112 162
112 177
112 168
112 171
112 113
112 178
112 115
113 128
113 136
113 172
113 141
113 149
113 154
113 158
113 159
113 156
113 177
113 173
113 115
113 127
114 128
114 146
114 117
114 137
114 133
115 132
115 133
115 157
115 158
115 148
115 171
115 154
115 173
115 178
115 126
115 125
117 128
117 160
117 178
117 133
117 173
117 142
117 154
117 168
117 149
118 132
118 154
118 156
118 159
118 165
118 168
118 174
118 138
118 166
121 128
121 166
121 177
121 178
121 149
121 154
122 148
123 128
124 128
124 127
124 177
124 159
125 129
125 132
125 137
125 173
125 147
125 168
125 127
127 128
127 177
127 133
127 129
127 136
127 159
127 168
127 135
127 147
127 165
128 149
128 131
128 133
128 136
128 138
128 147
128 153
128 158
128 162
128 163
128 171
128 157
128 168
128 129
128 152
128 165
129 131
129 177
129 158
130 163
130 132
130 177
130 173
130 158
131 133
131 166
131 177
131 173
131 136
131 151
132 136
132 149
132 158
132 159
133 136
133 142
133 173
133 147
133 152
133 158
133 159
133 165
133 171
133 178
133 168
135 168
135 171
136 137
136 142
136 152
136 162
136 165
136 156
136 170
136 173
136 157
136 159
136 171
136 178
136 174
137 141
138 157
138 166
138 172
138 146
138 178
138 169
139 152
141 173
141 152
141 177
141 171
141 149
142 160
142 143
142 149
143 157
144 158
144 178
146 156
147 149
147 152
147 158
147 178
147 168
147 174
147 148
148 152
148 157
148 158
148 174
148 168
149 163
149 174
149 166
150 151
151 154
151 172
151 177
152 158
152 161
152 177
154 173
154 157
156 158
157 173
157 165
157 178
157 168
159 177
159 178
159 173
162 172
162 173
162 165
162 168
163 172
165 166
165 178
165 168
166 174
167 171
167 178
167 177
168 173
168 178
171 172
173 177
