0 2
0 11
0 136
0 74
0 75
0 77
0 15
0 82
0 23
0 90
0 91
0 28
0 29
0 98
0 99
0 37
0 38
0 39
0 42
0 171
0 44
0 178
0 157
0 112
0 114
0 115
0 118
0 56
0 59
0 102
0 62
0 63
1 144
1 162
1 67
1 44
1 45
2 51
2 132
2 136
2 11
2 76
2 144
2 82
2 84
2 25
2 4
2 92
2 163
2 100
2 38
2 39
2 40
2 105
2 108
2 173
2 178
2 115
2 117
2 118
2 151
2 126
2 127
3 133
3 70
3 7
3 136
3 74
3 76
3 13
3 15
3 82
3 86
3 152
3 90
3 29
3 100
3 101
3 38
3 39
3 168
3 146
3 110
3 157
3 112
3 177
3 178
3 52
3 58
3 127
4 75
4 71
4 136
4 9
4 138
4 11
4 76
4 77
4 28
4 18
4 147
4 100
4 92
4 95
4 96
4 36
4 37
4 41
4 7
4 44
4 111
4 113
4 172
5 66
5 107
5 22
5 70
5 7
5 8
5 177
5 138
5 75
5 130
5 15
5 141
5 152
5 82
5 131
5 86
5 87
5 24
5 25
5 90
5 92
5 133
5 97
5 98
5 35
5 101
5 103
5 105
5 71
5 172
5 173
5 110
5 111
5 112
5 113
5 169
5 121
5 163
5 39
5 127
6 177
6 178
6 51
6 165
6 11
6 110
6 15
7 128
7 135
7 9
7 140
7 13
7 142
7 173
7 18
7 28
7 158
7 133
7 162
7 35
7 36
7 38
7 39
7 40
7 42
7 171
7 45
7 46
7 49
7 50
7 51
7 52
7 53
7 54
7 55
7 56
7 57
7 60
7 69
7 70
7 74
7 78
7 83
7 91
7 95
7 100
7 105
7 107
7 108
7 168
7 117
8 82
8 51
8 38
8 39
8 152
8 105
8 74
8 135
8 149
9 96
9 98
9 133
9 105
9 107
9 108
9 141
9 112
9 17
9 172
9 162
9 54
9 36
9 27
9 92
9 159
9 62
9 127
10 51
10 99
10 41
10 111
10 17
10 67
10 52
10 151
10 56
10 154
10 15
10 125
10 94
10 127
11 128
11 107
11 74
11 75
11 76
11 98
11 78
11 173
11 18
11 86
11 91
11 29
11 101
11 165
11 34
11 35
11 70
11 38
11 40
11 105
11 43
11 159
11 45
11 112
11 177
11 50
11 117
11 138
11 55
11 59
11 102
11 126
11 127
13 128
13 66
13 70
13 75
13 77
13 17
13 18
13 147
13 87
13 26
13 29
13 159
13 98
13 35
13 101
13 171
13 108
13 45
13 110
13 113
13 51
13 121
14 27
14 157
14 38
15 128
15 136
15 137
15 172
15 142
15 16
15 18
15 171
15 22
15 152
15 26
15 28
15 157
15 133
15 34
15 165
15 38
15 39
15 41
15 43
15 44
15 45
15 175
15 49
15 50
15 51
15 52
15 53
15 55
15 56
15 57
15 159
15 70
15 71
15 76
15 77
15 82
15 85
15 86
15 90
15 92
15 94
15 144
15 99
15 105
15 106
15 107
15 108
15 146
15 110
15 111
15 112
15 113
15 115
15 117
15 121
15 125
15 127
16 64
16 101
16 166
16 177
16 168
16 105
16 74
16 107
16 44
16 77
16 28
16 141
16 113
16 51
16 85
16 157
16 137
16 152
16 92
16 106
17 66
17 91
17 127
17 121
17 111
17 59
17 110
17 45
18 67
18 118
18 136
18 108
18 76
18 78
18 115
18 173
18 167
18 131
18 20
18 147
18 86
18 132
18 135
18 157
18 158
18 165
18 97
18 98
18 114
18 39
18 40
18 178
18 43
18 44
18 45
18 110
18 47
18 49
18 50
18 51
18 54
18 57
19 177
19 35
19 53
20 51
20 141
20 82
20 151
20 24
20 32
20 98
20 35
20 100
20 37
20 167
20 168
20 41
20 108
20 45
20 111
20 178
20 115
20 117
20 105
20 57
21 133
21 178
21 37
21 22
21 136
21 95
21 43
21 44
21 77
21 47
22 128
22 130
22 135
22 163
22 28
22 97
22 99
22 177
22 40
22 42
22 107
22 108
22 173
22 112
22 104
22 50
22 115
22 54
22 168
23 128
23 98
23 132
23 38
23 102
23 178
23 105
23 42
23 172
23 82
23 177
23 114
23 51
23 138
23 165
24 51
24 66
24 67
24 129
24 136
24 76
24 77
24 142
24 82
24 83
24 152
24 90
24 91
24 29
24 158
24 133
24 98
24 27
24 165
24 39
24 168
24 105
24 43
24 108
24 178
24 113
24 114
24 115
24 159
24 127
25 112
25 157
25 35
25 165
25 159
25 34
25 110
25 117
26 128
26 177
26 37
26 38
26 168
26 40
26 41
26 75
26 76
26 78
26 157
26 113
26 50
26 110
26 111
26 102
26 117
27 172
27 97
27 35
27 36
27 101
27 102
27 135
27 147
27 171
27 76
27 77
27 78
27 44
27 50
27 83
27 57
27 79
28 160
28 66
28 67
28 136
28 73
28 75
28 140
28 162
28 146
28 151
28 152
28 90
28 94
28 159
28 96
28 98
28 35
28 165
28 178
28 40
28 105
28 42
28 45
28 46
28 47
28 112
28 50
28 117
28 170
28 124
28 125
28 62
29 128
29 67
29 178
29 113
29 136
29 137
29 74
29 76
29 141
29 115
29 82
29 84
29 85
29 151
29 75
29 92
29 157
29 165
29 99
29 139
29 39
29 173
29 110
29 175
29 49
29 50
29 51
29 116
29 53
29 62
29 117
30 128
30 165
30 35
30 131
30 133
30 91
30 43
30 77
30 111
30 168
30 50
30 51
30 117
30 59
30 127
31 178
31 91
32 35
32 99
32 69
32 150
32 119
32 151
32 76
32 141
32 173
33 152
33 177
33 138
33 171
33 110
34 129
34 130
34 75
34 69
34 90
34 94
34 133
34 165
34 102
34 167
34 42
34 44
34 110
34 112
34 113
34 106
34 56
34 121
34 125
35 128
35 171
35 142
35 173
35 146
35 147
35 149
35 151
35 152
35 166
35 177
35 40
35 42
35 43
35 172
35 45
35 49
35 178
35 51
35 54
35 55
35 57
35 59
35 70
35 76
35 141
35 85
35 92
35 100
35 101
35 102
35 106
35 108
35 110
35 112
35 117
35 170
35 125
36 70
36 74
36 76
36 82
36 147
36 90
36 157
36 94
36 165
36 96
36 97
36 102
36 38
36 40
36 44
36 112
36 113
36 115
36 168
36 124
36 63
37 65
37 66
37 67
37 133
37 149
37 136
37 172
37 128
37 151
37 76
37 77
37 173
37 115
37 82
37 147
37 105
37 152
37 92
37 154
37 158
37 97
37 102
37 38
37 178
37 41
37 107
37 44
37 45
37 110
37 157
37 50
37 51
37 55
37 56
37 127
37 124
37 63
38 132
38 133
38 141
38 131
38 148
38 157
38 158
38 165
38 168
38 172
38 173
38 136
38 178
38 51
38 52
38 54
38 55
38 65
38 66
38 139
38 75
38 78
38 82
38 90
38 93
38 94
38 100
38 102
38 106
38 108
38 110
38 111
38 117
38 127
39 108
39 76
39 130
39 142
39 141
39 173
39 82
39 85
39 86
39 135
39 95
39 133
39 97
39 98
39 99
39 100
39 168
39 105
39 43
39 44
39 157
39 177
39 50
39 137
39 56
39 59
39 126
39 149
40 128
40 65
40 75
40 108
40 138
40 76
40 135
40 115
40 82
40 85
40 86
40 151
40 157
40 96
40 110
40 102
40 167
40 41
40 71
40 44
40 46
40 111
40 112
40 178
40 51
40 118
40 57
40 126
41 128
41 67
41 118
41 70
41 136
41 76
41 82
41 83
41 85
41 86
41 92
41 90
41 94
41 133
41 162
41 102
41 105
41 107
41 173
41 154
41 112
41 113
41 178
41 54
41 169
41 159
41 125
41 127
42 130
42 98
42 75
42 76
42 77
42 99
42 152
42 157
42 161
42 168
42 171
42 110
42 49
42 51
42 54
42 57
43 130
43 115
43 133
43 136
43 137
43 74
43 162
43 78
43 173
43 82
43 86
43 151
43 89
43 91
43 159
43 165
43 100
43 101
43 107
43 108
43 45
43 110
43 177
43 51
43 118
43 149
44 67
44 149
44 137
44 128
44 75
44 76
44 77
44 78
44 115
44 82
44 147
44 90
44 157
44 95
44 165
44 99
44 102
44 177
44 108
44 110
44 113
44 51
44 121
44 168
44 124
44 125
44 127
45 133
45 76
45 77
45 78
45 141
45 82
45 131
45 149
45 152
45 90
45 158
45 165
45 96
45 102
45 105
45 71
45 46
45 49
45 54
45 160
45 57
46 66
46 139
46 133
46 136
46 75
46 141
46 78
46 173
46 144
46 152
46 91
46 157
46 94
46 95
46 160
46 98
46 99
46 158
46 165
46 102
46 174
46 178
46 117
46 118
46 121
46 159
47 67
47 100
47 178
47 138
47 50
47 111
47 52
47 59
47 126
48 111
48 63
49 67
49 147
49 133
49 70
49 136
49 74
49 76
49 141
49 173
49 131
49 148
49 149
49 86
49 90
49 159
49 100
49 165
49 102
49 105
49 174
49 178
49 51
49 118
49 55
50 69
50 136
50 172
50 74
50 75
50 76
50 156
50 115
50 173
50 82
50 99
50 149
50 152
50 90
50 91
50 95
50 133
50 144
50 102
50 105
50 106
50 51
50 159
50 126
51 133
51 137
51 151
51 152
51 149
51 154
51 155
51 159
51 162
51 173
51 157
51 172
51 158
51 168
51 70
51 74
51 77
51 82
51 90
51 96
51 97
51 148
51 102
51 178
51 105
51 106
51 107
51 108
51 110
51 111
51 113
51 115
51 117
51 121
52 96
52 133
52 159
52 171
52 108
52 173
52 111
52 136
52 82
52 172
52 117
52 152
52 156
52 74
52 127
54 136
54 75
54 83
54 95
54 164
54 168
54 105
54 108
54 174
54 113
54 178
54 117
54 127
55 128
55 162
55 132
55 105
55 75
55 76
55 110
55 82
55 177
55 108
55 71
55 59
55 70
55 90
56 132
56 72
56 75
56 76
56 141
56 82
56 86
56 159
56 95
56 96
56 163
56 100
56 102
56 108
56 110
56 112
56 136
56 178
56 117
56 59
57 128
57 66
57 75
57 76
57 78
57 82
57 147
57 142
57 86
57 164
57 154
57 92
57 159
57 98
57 100
57 146
57 169
57 108
57 110
57 113
57 148
57 106
58 105
58 108
58 118
59 177
59 171
59 173
59 110
59 147
59 149
59 86
59 127
61 138
61 67
61 165
62 128
62 136
62 105
62 139
62 146
62 82
62 115
62 174
62 90
62 92
63 118
63 100
63 128
63 111
64 177
65 97
65 75
65 107
65 76
65 168
65 149
65 152
65 125
65 159
66 128
66 132
66 71
66 75
66 145
66 82
66 147
66 152
66 95
66 96
66 165
66 98
66 162
66 102
66 168
66 173
66 121
66 159
66 127
67 128
67 132
67 136
67 137
67 77
67 141
67 83
67 84
67 90
67 158
67 97
67 98
67 99
67 102
67 167
67 146
67 110
67 112
67 74
68 157
68 102
69 117
69 83
69 82
69 111
70 129
70 177
70 74
70 100
70 157
70 159
70 102
70 113
70 168
70 173
70 112
70 178
70 117
71 128
71 75
71 102
71 162
71 105
71 107
71 108
71 136
71 148
71 169
71 154
71 168
72 161
72 74
72 90
72 142
73 97
73 98
73 85
73 166
73 161
73 173
73 133
74 172
74 82
74 139
74 171
74 115
74 153
74 159
74 165
74 98
74 101
74 167
74 105
74 107
74 108
74 173
74 177
74 111
74 117
74 118
74 136
75 128
75 130
75 135
75 136
75 172
75 147
75 148
75 174
75 151
75 152
75 133
75 171
75 173
75 157
75 177
75 168
75 139
75 76
75 78
75 141
75 82
75 86
75 88
75 97
75 98
75 99
75 178
75 105
75 107
75 108
75 112
75 113
75 115
75 117
75 119
75 121
75 125
75 127
76 128
76 133
76 136
76 137
76 138
76 130
76 147
76 151
76 159
76 161
76 174
76 157
76 168
76 177
76 77
76 173
76 82
76 84
76 86
76 94
76 96
76 98
76 100
76 101
76 178
76 105
76 107
76 108
76 110
76 111
76 112
76 113
76 114
76 115
76 117
76 125
76 127
77 128
77 136
77 78
77 115
77 82
77 152
77 92
77 157
77 94
77 159
77 165
77 102
77 168
77 142
77 111
77 178
77 123
77 109
77 85
78 142
78 173
78 83
78 110
78 157
78 95
78 98
78 101
78 168
78 107
78 108
78 125
78 122
78 102
79 129
79 111
80 90
82 138
82 151
82 152
82 131
82 149
82 153
82 156
82 158
82 159
82 162
82 157
82 136
82 147
82 177
82 173
82 86
82 164
82 90
82 95
82 97
82 99
82 165
82 105
82 106
82 107
82 108
82 111
82 115
82 117
82 118
82 148
82 125
82 126
83 97
83 168
83 172
83 113
83 117
83 124
83 126
84 136
84 88
84 174
85 96
85 177
85 113
85 86
85 121
85 127
86 128
86 132
86 113
86 136
86 177
86 138
86 173
86 139
86 151
86 89
86 90
86 167
86 100
86 102
86 171
86 110
86 112
86 115
86 117
86 118
86 125
87 128
87 98
87 100
87 178
87 168
88 117
88 127
88 105
88 159
88 111
89 112
89 133
89 169
89 170
90 128
90 136
90 172
90 152
90 147
90 151
90 133
90 161
90 163
90 165
90 168
90 92
90 94
90 97
90 99
90 102
90 178
90 105
90 108
90 110
90 115
90 124
90 125
90 127
91 128
91 168
91 106
91 178
91 174
91 107
91 118
91 151
91 94
92 99
92 151
92 132
92 96
92 162
92 168
92 107
92 113
92 105
93 113
93 157
93 158
94 128
94 148
94 157
94 158
94 165
94 96
94 101
94 177
94 107
94 172
94 178
94 125
94 113
94 138
94 115
94 117
94 118
94 105
94 102
95 128
95 171
95 105
95 106
95 144
95 152
96 131
96 133
96 130
96 141
96 156
96 148
96 154
96 97
96 98
96 165
96 102
96 105
96 115
96 117
96 118
96 121
96 124
97 128
97 136
97 138
97 162
97 173
97 148
97 149
97 154
97 133
97 98
97 163
97 107
97 108
97 111
97 157
97 177
97 178
97 117
97 125
98 128
98 162
98 152
98 110
98 133
98 148
98 139
98 164
98 121
98 102
98 168
98 105
98 108
98 178
98 125
99 128
99 133
99 149
99 110
99 159
99 162
99 163
99 101
99 102
99 168
99 105
99 107
99 178
99 177
99 117
99 127
100 128
100 136
100 164
100 111
100 162
100 113
100 165
100 105
100 174
100 118
101 147
101 157
101 158
101 165
101 102
101 177
101 106
101 173
101 110
101 113
101 127
102 129
102 130
102 135
102 136
102 154
102 160
102 167
102 171
102 157
102 162
102 168
102 151
102 164
102 165
102 178
102 105
102 106
102 107
102 110
102 111
102 113
102 115
102 116
102 117
102 118
102 125
104 157
105 128
105 132
105 138
105 130
105 142
105 152
105 153
105 156
105 157
105 133
105 162
105 163
105 168
105 159
105 173
105 143
105 165
105 178
105 107
105 108
105 110
105 111
105 114
105 118
105 121
105 136
105 123
105 127
106 128
106 165
106 178
106 135
106 172
106 117
106 151
107 171
107 136
107 142
107 147
107 153
107 157
107 158
107 159
107 162
107 166
107 168
107 170
107 173
107 178
107 165
107 110
107 111
107 115
107 118
107 169
107 127
108 128
108 132
108 133
108 136
108 138
108 152
108 151
108 153
108 157
108 159
108 162
108 165
108 174
108 177
108 178
108 148
108 110
108 111
108 112
108 168
108 115
108 117
108 121
108 127
109 115
109 151
110 136
110 159
110 173
110 174
110 163
110 113
110 115
110 117
110 121
110 124
110 125
110 127
111 136
111 144
111 153
111 155
111 158
111 133
111 162
111 165
111 171
111 172
111 173
111 174
111 177
111 159
111 143
111 166
111 112
111 115
111 117
111 120
111 148
111 125
112 129
112 131
112 164
112 149
112 154
112 159
112 166
112 177
112 168
112 115
112 117
112 138
112 126
113 128
113 172
113 131
113 136
113 137
113 138
113 151
113 152
113 154
113 158
113 133
113 165
113 168
113 159
113 117
113 118
114 152
114 117
114 159
115 172
115 141
115 152
115 158
115 159
115 160
115 162
115 163
115 165
115 146
115 167
115 173
115 174
115 178
115 125
116 171
117 128
117 133
117 141
117 144
117 152
117 156
117 171
117 177
117 178
118 129
118 132
118 133
118 135
118 136
118 141
118 148
118 174
118 152
118 127
118 124
118 125
119 138
119 141
121 152
121 162
121 163
124 165
125 133
125 162
125 136
125 163
125 148
125 142
125 151
125 174
125 159
125 168
125 173
125 127
126 147
126 146
126 130
126 178
127 128
127 136
127 153
127 159
127 165
127 178
127 157
127 138
128 133
128 136
128 147
128 159
128 173
128 178
128 168
128 165
129 148
130 173
130 170
130 138
131 172
132 164
132 162
132 154
133 136
133 142
133 145
133 147
133 153
133 157
133 168
133 173
133 165
133 178
133 167
133 177
133 169
133 149
136 149
136 141
136 152
136 156
136 158
136 159
136 162
136 168
136 173
136 165
136 178
136 146
137 141
137 178
137 152
137 159
138 177
138 141
138 167
139 177
141 153
141 156
141 168
142 161
142 162
142 165
142 149
142 159
144 157
144 173
146 165
146 173
146 158
147 173
147 163
147 164
147 159
147 158
147 166
148 172
148 173
148 159
149 171
149 173
149 152
149 157
149 165
149 168
151 164
152 156
152 165
152 178
152 168
152 171
152 175
152 169
153 159
154 162
154 173
154 165
154 157
154 159
156 159
157 172
157 158
157 159
157 173
157 178
157 165
157 174
157 170
158 177
158 162
158 173
158 168
159 168
159 170
159 172
159 173
159 178
160 173
162 167
162 173
162 174
163 173
165 177
167 177
168 177
173 178
177 178
