0 128
0 65
0 4
0 102
0 7
0 8
0 74
0 71
0 15
0 157
0 113
0 147
0 158
0 136
0 59
0 29
0 94
0 159
1 17
1 50
1 133
1 39
1 152
1 109
1 15
2 3
2 22
2 137
2 77
2 13
2 82
2 67
2 86
2 29
2 158
2 133
2 99
2 102
2 38
2 40
2 105
2 108
2 110
2 157
2 113
2 50
2 147
2 118
2 56
2 122
2 159
2 126
3 128
3 4
3 5
3 70
3 136
3 11
3 76
3 77
3 18
3 22
3 90
3 175
3 86
3 26
3 95
3 97
3 98
3 163
3 36
3 101
3 102
3 28
3 42
3 171
3 82
3 29
3 177
3 50
3 51
3 117
3 105
3 57
3 159
3 166
4 32
4 5
4 171
4 71
4 40
4 137
4 106
4 75
4 13
4 110
4 111
4 51
4 142
4 138
4 159
4 28
4 125
4 127
5 128
5 130
5 7
5 136
5 10
5 75
5 76
5 78
5 173
5 144
5 120
5 82
5 148
5 142
5 151
5 152
5 89
5 90
5 94
5 95
5 97
5 99
5 165
5 38
5 177
5 168
5 105
5 106
5 107
5 45
5 110
5 111
5 113
5 50
5 180
5 117
5 56
5 57
5 159
5 125
5 166
6 128
6 98
6 75
6 37
6 170
6 107
6 44
6 148
6 56
6 153
6 157
6 158
7 149
7 130
7 132
7 136
7 15
7 18
7 21
7 22
7 151
7 152
7 25
7 156
7 29
7 158
7 133
7 32
7 162
7 36
7 165
7 40
7 43
7 159
7 45
7 174
7 157
7 49
7 50
7 51
7 52
7 59
7 67
7 70
7 74
7 75
7 76
7 173
7 91
7 92
7 98
7 99
7 100
7 101
7 102
7 105
7 108
7 146
7 110
7 112
7 113
7 117
7 125
7 127
8 80
8 91
8 96
9 128
9 133
9 108
9 75
9 15
9 16
9 18
9 83
9 87
9 154
9 155
9 28
9 33
9 38
9 40
9 105
9 42
9 171
9 44
9 173
9 50
9 172
9 52
9 116
10 105
10 143
10 46
10 111
10 82
10 83
10 174
10 55
10 90
10 95
10 124
10 127
11 67
11 147
11 133
11 71
11 136
11 138
11 76
11 162
11 78
11 15
11 16
11 115
11 85
11 86
11 151
11 24
11 90
11 29
11 158
11 159
11 96
11 165
11 98
11 35
11 131
11 101
11 102
11 39
11 168
11 172
11 110
11 152
11 48
11 163
11 178
11 51
11 56
11 58
11 149
12 37
13 65
13 67
13 71
13 168
13 106
13 43
13 77
13 173
13 152
13 82
13 51
13 24
13 100
13 156
13 159
14 112
14 34
14 43
14 50
15 131
15 132
15 128
15 142
15 22
15 151
15 27
15 28
15 157
15 34
15 165
15 39
15 172
15 173
15 49
15 50
15 51
15 54
15 56
15 65
15 139
15 70
15 75
15 76
15 77
15 82
15 84
15 86
15 90
15 92
15 94
15 99
15 101
15 102
15 178
15 105
15 106
15 110
15 111
15 113
15 117
15 124
15 125
15 127
16 96
16 172
16 36
16 101
16 76
16 46
16 44
16 112
16 177
16 82
16 51
16 147
16 105
16 24
16 59
16 92
16 29
17 98
17 103
17 105
17 76
17 45
17 110
17 86
17 151
17 122
17 29
17 159
18 172
18 133
18 136
18 141
18 147
18 22
18 151
18 154
18 28
18 29
18 159
18 37
18 38
18 39
18 40
18 169
18 135
18 44
18 173
18 177
18 51
18 52
18 55
18 56
18 168
18 69
18 74
18 75
18 77
18 78
18 82
18 85
18 86
18 88
18 90
18 165
18 98
18 99
18 131
18 102
18 105
18 108
18 112
18 113
18 117
18 125
18 127
19 121
19 98
19 174
20 96
20 66
20 102
20 39
20 168
20 41
20 74
20 75
20 44
20 173
20 146
20 51
20 158
20 151
20 121
20 94
20 127
21 161
21 142
21 37
21 102
21 39
21 40
21 75
21 77
21 110
21 82
21 147
21 85
21 57
21 165
21 157
21 63
22 133
22 75
22 76
22 66
22 78
22 82
22 147
22 90
22 161
22 98
22 105
22 106
22 108
22 46
22 115
22 117
22 126
23 128
23 129
23 67
23 131
23 69
23 70
23 43
23 110
23 51
23 85
23 92
23 29
24 131
24 132
24 136
24 138
24 77
24 173
24 82
24 147
24 139
24 86
24 151
24 29
24 158
24 159
24 96
24 165
24 162
24 100
24 101
24 38
24 177
24 41
24 108
24 45
24 113
24 52
24 117
24 148
25 113
25 82
25 52
25 126
25 102
25 106
25 75
25 46
26 97
26 98
26 122
26 70
26 105
26 57
26 74
26 91
26 45
26 158
27 49
27 82
27 86
27 129
27 74
27 44
27 110
28 128
28 129
28 172
28 75
28 76
28 67
28 147
28 151
28 31
28 165
28 99
28 36
28 37
28 168
28 107
28 44
28 178
28 174
28 112
28 49
28 50
28 115
28 116
28 53
28 55
28 121
28 123
29 128
29 76
29 66
29 77
29 83
29 139
29 173
29 90
29 75
29 92
29 158
29 95
29 112
29 35
29 37
29 38
29 40
29 161
29 107
29 172
29 146
29 46
29 111
29 99
29 178
29 51
29 57
29 159
29 127
30 173
30 74
30 149
30 54
30 95
31 46
32 144
32 98
32 51
32 117
32 102
32 105
32 131
32 167
32 127
33 147
33 45
34 97
34 99
34 113
34 38
34 70
34 103
34 40
34 106
34 173
34 49
34 67
34 152
35 132
35 69
35 70
35 136
35 172
35 138
35 76
35 79
35 80
35 120
35 85
35 90
35 96
35 98
35 100
35 39
35 168
35 105
35 107
35 108
35 177
35 111
35 113
35 178
35 52
35 117
35 56
35 121
36 172
36 130
36 147
36 108
36 74
36 75
36 76
36 82
36 67
36 148
36 85
36 88
36 95
36 97
36 99
36 38
36 102
36 105
36 43
36 44
36 177
36 178
36 51
36 117
36 55
36 57
36 127
37 149
37 65
37 70
37 136
37 76
37 77
37 141
37 173
37 147
37 101
37 38
37 39
37 40
37 41
37 107
37 108
37 45
37 110
37 168
37 178
37 118
37 105
37 58
37 159
37 146
37 102
37 85
38 128
38 172
38 67
38 136
38 74
38 75
38 76
38 98
38 159
38 147
38 139
38 90
38 118
38 92
38 133
38 165
38 99
38 39
38 105
38 148
38 44
38 82
38 177
38 112
38 113
38 51
38 54
38 56
38 121
38 59
38 124
38 125
38 127
39 128
39 66
39 75
39 133
39 136
39 139
39 162
39 147
39 84
39 57
39 90
39 91
39 156
39 101
39 110
39 177
39 41
39 171
39 107
39 45
39 46
39 111
39 121
39 49
39 178
39 115
39 126
39 118
39 105
39 58
39 102
39 62
39 149
40 128
40 131
40 136
40 148
40 154
40 158
40 159
40 162
40 165
40 167
40 168
40 169
40 42
40 43
40 172
40 49
40 50
40 51
40 54
40 65
40 67
40 71
40 76
40 83
40 90
40 99
40 101
40 102
40 105
40 107
40 146
40 111
40 113
40 118
40 121
40 127
41 65
41 73
41 74
41 76
41 77
41 78
41 141
41 149
41 151
41 153
41 90
41 157
41 99
41 100
41 168
41 105
41 106
41 108
41 45
41 46
41 113
41 50
41 172
41 57
41 114
42 133
42 76
42 77
42 78
42 141
42 82
42 131
42 151
42 152
42 154
42 91
42 98
42 165
42 168
42 44
42 173
42 108
42 56
42 57
43 128
43 130
43 132
43 133
43 136
43 177
43 162
43 151
43 76
43 141
43 83
43 142
43 86
43 100
43 154
43 111
43 158
43 161
43 98
43 102
43 113
43 105
43 107
43 108
43 45
43 110
43 47
43 49
43 51
43 117
43 55
43 59
43 169
43 127
44 118
44 74
44 76
44 173
44 147
44 158
44 133
44 96
44 144
44 99
44 165
44 105
44 107
44 45
44 111
44 49
44 50
44 115
44 82
44 54
44 55
44 57
44 59
45 67
45 132
45 136
45 108
45 75
45 76
45 141
45 82
45 107
45 148
45 110
45 150
45 153
45 167
45 92
45 157
45 158
45 133
45 96
45 99
45 100
45 102
45 177
45 173
45 46
45 180
45 113
45 52
45 131
45 56
45 57
45 159
46 128
46 133
46 71
46 136
46 177
46 76
46 162
46 142
46 157
46 148
46 149
46 105
46 97
46 98
46 99
46 107
46 159
46 111
46 112
46 113
46 50
46 51
46 54
46 55
46 57
46 58
46 59
46 124
46 74
46 126
47 113
47 180
47 62
47 105
47 106
47 75
47 157
47 78
48 115
48 157
49 131
49 75
49 76
49 148
49 171
49 86
49 152
49 71
49 92
49 157
49 96
49 102
49 110
49 111
49 112
49 113
49 117
49 118
49 56
49 57
49 168
49 126
49 127
50 132
50 70
50 138
50 130
50 115
50 145
50 82
50 148
50 85
50 173
50 90
50 174
50 94
50 162
50 101
50 102
50 107
50 146
50 111
50 168
50 114
50 51
50 117
50 105
50 123
50 127
51 128
51 136
51 138
51 142
51 152
51 132
51 158
51 159
51 162
51 180
51 173
51 177
51 52
51 57
51 62
51 67
51 71
51 75
51 82
51 91
51 97
51 102
51 178
51 105
51 107
51 108
51 146
51 110
51 168
51 148
51 125
51 127
52 128
52 72
52 75
52 76
52 142
52 163
52 149
52 156
52 96
52 168
52 105
52 172
52 110
52 177
52 121
52 122
53 90
53 101
54 64
54 128
54 130
54 70
54 108
54 74
54 86
54 154
54 97
54 101
54 103
54 105
54 106
54 168
54 62
54 127
55 67
55 137
55 178
55 113
55 115
55 142
56 147
56 153
56 91
56 92
56 157
56 69
56 96
56 105
56 110
56 120
56 59
56 106
56 127
57 128
57 83
57 67
57 70
57 71
57 74
57 75
57 76
57 173
57 153
57 158
57 133
57 110
57 165
57 102
57 174
57 122
57 138
57 127
58 67
58 136
58 108
58 167
58 165
59 128
59 66
59 99
59 136
59 105
59 173
59 82
59 131
59 153
59 157
59 158
60 62
62 144
62 66
62 100
62 165
62 105
62 83
62 77
62 110
62 141
62 91
63 82
63 100
63 73
63 148
63 126
63 111
64 112
65 128
65 178
65 75
65 173
65 82
65 148
65 90
65 125
65 158
66 133
66 74
66 107
66 76
66 173
66 82
66 152
66 90
66 92
67 128
67 70
67 75
67 77
67 92
67 157
67 159
67 163
67 102
67 178
67 171
67 109
67 110
67 114
67 151
68 97
69 128
69 162
69 132
69 177
69 106
69 77
69 110
69 174
69 152
69 91
70 128
70 130
70 136
70 75
70 76
70 82
70 90
70 149
70 148
70 93
70 94
70 159
70 97
70 103
70 168
70 171
70 107
70 172
70 178
70 111
70 157
70 177
70 117
70 121
70 126
70 127
71 128
71 75
71 133
71 136
71 76
71 142
71 90
71 156
71 96
71 98
71 99
71 165
71 177
71 107
71 173
71 122
72 75
73 83
73 105
74 128
74 131
74 133
74 108
74 161
74 142
74 173
74 82
74 157
74 159
74 97
74 102
74 107
74 177
74 158
74 105
74 146
74 127
75 128
75 129
75 130
75 136
75 141
75 142
75 152
75 159
75 168
75 156
75 178
75 77
75 173
75 82
75 86
75 88
75 90
75 101
75 102
75 105
75 107
75 108
75 111
75 113
75 118
75 148
75 125
75 127
76 128
76 129
76 130
76 136
76 172
76 141
76 142
76 131
76 149
76 151
76 152
76 154
76 133
76 162
76 157
76 159
76 168
76 173
76 82
76 90
76 91
76 165
76 97
76 98
76 100
76 102
76 105
76 106
76 107
76 108
76 113
76 117
76 124
76 127
77 136
77 78
77 154
77 151
77 90
77 92
77 94
77 101
77 96
77 133
77 166
77 107
77 146
77 174
77 113
77 83
77 118
78 128
78 97
78 171
78 100
78 133
78 115
78 170
78 117
78 105
78 88
78 90
78 125
78 127
79 163
79 151
81 174
82 172
82 129
82 132
82 136
82 137
82 131
82 151
82 154
82 157
82 158
82 159
82 163
82 165
82 168
82 177
82 138
82 173
82 86
82 98
82 178
82 105
82 107
82 111
82 112
82 117
82 125
82 127
83 131
83 172
83 168
83 91
83 159
84 132
84 94
84 173
84 126
85 105
85 171
85 139
85 86
85 121
85 127
85 117
86 128
86 149
86 132
86 133
86 135
86 107
86 139
86 151
86 89
86 90
86 94
86 95
86 162
86 99
86 101
86 102
86 113
86 105
86 108
86 110
86 169
86 159
86 127
87 158
88 128
88 169
88 132
88 154
88 172
88 178
89 98
89 108
90 128
90 130
90 136
90 141
90 144
90 131
90 152
90 154
90 162
90 172
90 173
90 174
90 96
90 97
90 99
90 102
90 106
90 108
90 111
90 113
90 119
90 121
91 128
91 108
91 110
91 168
91 178
91 93
91 101
92 128
92 151
92 173
92 96
92 166
92 177
92 106
92 108
92 111
92 112
92 115
92 118
92 123
92 125
93 165
93 152
93 166
93 110
93 127
94 97
94 98
94 99
94 100
94 177
94 128
94 113
94 131
94 178
94 165
94 138
94 127
95 133
95 102
95 135
95 172
95 173
95 174
95 125
95 157
95 163
96 132
96 172
96 99
96 157
96 158
96 165
96 101
96 166
96 168
96 105
96 110
96 178
96 147
96 148
96 136
96 124
96 127
97 131
97 137
97 139
97 162
97 159
97 151
97 133
97 165
97 142
97 108
97 173
97 110
97 157
97 177
97 178
97 115
97 158
97 121
97 123
98 128
98 133
98 136
98 149
98 152
98 167
98 105
98 112
98 177
98 147
98 118
98 126
99 128
99 136
99 172
99 153
99 154
99 159
99 167
99 168
99 169
99 173
99 157
99 177
99 178
99 113
99 102
99 105
99 106
99 107
99 110
99 111
99 112
99 117
99 126
100 128
100 138
100 162
100 168
100 177
100 114
100 116
100 117
100 118
100 126
101 160
101 178
101 133
101 137
101 152
101 171
101 151
101 102
101 135
101 173
101 110
101 111
101 125
102 133
102 136
102 144
102 147
102 152
102 156
102 157
102 159
102 162
102 135
102 173
102 178
102 105
102 106
102 107
102 108
102 168
102 115
102 117
102 148
103 136
104 110
105 128
105 136
105 147
105 148
105 151
105 154
105 158
105 133
105 173
105 177
105 138
105 146
105 167
105 159
105 178
105 107
105 108
105 109
105 110
105 111
105 157
105 115
105 118
105 169
105 126
105 127
106 128
106 132
106 175
106 147
106 149
106 118
106 165
106 178
106 170
106 172
106 109
106 110
106 111
106 177
106 114
106 117
106 159
106 126
106 127
107 128
107 136
107 147
107 174
107 151
107 133
107 173
107 177
107 168
107 165
107 178
107 110
107 111
107 113
107 115
107 117
107 121
107 125
107 126
107 127
108 128
108 152
108 136
108 161
108 145
108 159
108 162
108 178
108 168
108 172
108 111
108 114
108 121
108 166
108 125
108 146
109 152
110 137
110 138
110 156
110 158
110 133
110 162
110 163
110 168
110 159
110 177
110 165
110 111
110 113
110 115
110 117
110 121
110 124
110 125
111 113
111 136
111 141
111 148
111 151
111 152
111 159
111 168
111 162
111 157
111 147
111 117
111 163
111 127
112 131
112 133
112 136
112 142
112 148
112 152
112 168
112 174
112 113
112 178
112 121
112 127
113 128
113 142
113 152
113 154
113 156
113 158
113 133
113 165
113 171
113 172
113 173
113 179
113 117
113 127
114 171
114 165
114 151
114 156
114 155
115 128
115 136
115 141
115 159
115 162
115 165
115 127
117 128
117 177
117 138
117 141
117 154
117 156
117 157
117 133
117 162
117 165
117 168
117 174
117 118
117 146
118 131
118 158
120 174
121 128
121 133
121 146
121 158
121 162
121 177
121 178
121 125
121 127
122 159
123 159
124 128
124 165
124 173
124 133
125 139
125 133
125 148
125 171
125 132
125 159
125 157
125 168
126 133
126 168
126 152
127 128
127 129
127 130
127 131
127 136
127 137
127 144
127 171
127 156
127 158
127 159
127 173
127 157
127 168
127 138
128 129
128 139
128 144
128 147
128 154
128 158
128 133
128 162
128 165
128 169
128 159
128 177
128 151
129 173
129 167
130 165
130 136
130 178
130 144
130 151
131 136
131 137
131 166
131 169
131 172
131 147
131 138
132 171
132 151
132 157
132 158
132 159
132 178
132 168
133 136
133 141
133 173
133 174
133 167
133 158
133 159
133 165
133 168
135 152
135 173
136 141
136 173
136 149
136 153
136 154
136 157
136 158
136 169
136 159
136 178
137 177
137 139
138 168
138 172
138 154
139 178
141 172
141 151
141 157
142 144
142 147
142 159
142 169
142 170
142 174
143 148
143 159
144 157
146 167
147 171
147 154
147 157
147 168
147 174
147 178
148 149
148 161
148 163
149 157
149 165
149 163
149 166
149 171
149 173
149 178
151 171
151 152
151 158
151 159
151 163
151 173
151 174
152 173
152 161
152 163
152 178
152 159
153 178
154 161
157 171
157 178
158 173
158 159
158 164
158 178
159 178
159 173
159 168
162 172
162 163
165 172
165 167
165 170
165 168
168 177
168 171
168 173
171 177
173 178
177 178
