0 3
0 68
0 75
0 162
0 78
0 13
0 11
0 18
0 131
0 22
0 152
0 154
0 97
0 34
0 163
0 36
0 41
0 174
0 111
0 147
0 118
0 105
1 149
1 35
1 20
1 101
1 136
1 28
1 131
1 123
1 76
1 95
2 67
2 4
2 5
2 71
2 136
2 10
2 11
2 76
2 13
2 17
2 131
2 178
2 22
2 24
2 91
2 92
2 29
2 158
2 159
2 96
2 165
2 98
2 99
2 37
2 102
2 177
2 105
2 107
2 108
2 114
2 174
2 49
2 50
2 115
2 138
2 63
3 132
3 86
3 71
3 136
3 10
3 11
3 77
3 15
3 152
3 148
3 149
3 22
3 24
3 159
3 96
3 162
3 40
3 105
3 106
3 107
3 172
3 174
3 111
3 51
3 117
3 54
3 57
3 124
3 126
4 107
4 100
4 101
4 70
4 71
4 136
4 75
4 162
4 78
4 152
4 178
4 83
4 55
4 56
4 159
4 102
4 133
5 128
5 131
5 133
5 6
5 135
5 136
5 10
5 13
5 15
5 147
5 25
5 154
5 28
5 29
5 159
5 32
5 35
5 37
5 39
5 40
5 41
5 173
5 157
5 49
5 50
5 51
5 66
5 177
5 75
5 77
5 85
5 90
5 165
5 97
5 99
5 102
5 178
5 105
5 106
5 108
5 110
5 111
5 168
5 115
5 117
5 127
6 128
6 114
6 134
6 136
6 89
7 128
7 136
7 10
7 151
7 14
7 15
7 144
7 167
7 148
7 21
7 23
7 24
7 157
7 158
7 159
7 32
7 162
7 35
7 165
7 38
7 39
7 40
7 41
7 172
7 45
7 174
7 49
7 178
7 51
7 52
7 63
7 70
7 71
7 177
7 75
7 76
7 77
7 78
7 173
7 82
7 142
7 92
7 95
7 99
7 166
7 102
7 105
7 107
7 108
7 112
7 168
7 117
7 124
7 127
8 51
8 83
8 113
8 57
8 118
8 105
8 136
8 41
8 108
8 127
9 128
9 160
9 162
9 35
9 100
9 38
9 178
9 137
9 74
9 43
9 44
9 173
9 110
9 113
9 82
9 115
9 46
9 28
9 94
9 117
10 97
10 178
10 106
10 43
10 44
10 13
10 173
10 115
10 82
10 99
10 52
10 149
10 152
10 59
10 93
11 128
11 132
11 70
11 136
11 138
11 76
11 13
11 142
11 15
11 141
11 82
11 147
11 148
11 23
11 91
11 125
11 158
11 165
11 96
11 34
11 37
11 38
11 105
11 43
11 44
11 173
11 110
11 111
11 112
11 178
11 115
11 118
11 55
11 56
11 121
11 102
12 108
12 90
12 44
13 100
13 177
13 124
13 108
13 141
13 110
13 15
13 152
13 82
13 149
13 151
13 56
13 127
13 60
13 158
13 101
14 75
14 67
15 128
15 172
15 144
15 17
15 20
15 22
15 23
15 152
15 153
15 154
15 156
15 29
15 158
15 35
15 37
15 38
15 40
15 170
15 43
15 44
15 173
15 157
15 177
15 51
15 52
15 55
15 65
15 69
15 70
15 74
15 75
15 76
15 141
15 82
15 92
15 93
15 165
15 96
15 97
15 98
15 101
15 102
15 105
15 106
15 108
15 110
15 113
15 148
15 123
15 166
15 126
15 127
16 128
16 34
16 35
16 101
16 168
16 106
16 141
16 46
16 79
16 113
16 147
16 78
16 90
16 91
17 96
17 37
17 38
17 136
17 106
17 107
17 46
17 111
17 174
17 57
17 170
17 62
17 159
18 128
18 131
18 132
18 133
18 136
18 138
18 146
18 20
18 171
18 152
18 29
18 34
18 164
18 37
18 39
18 40
18 41
18 43
18 44
18 45
18 174
18 47
18 48
18 49
18 57
18 168
18 62
18 65
18 66
18 70
18 74
18 75
18 76
18 86
18 90
18 94
18 95
18 96
18 97
18 102
18 108
18 110
18 157
18 113
18 114
18 115
18 148
19 38
20 128
20 130
20 131
20 133
20 137
20 74
20 78
20 146
20 21
20 152
20 89
20 90
20 159
20 35
20 105
20 43
20 108
20 113
20 117
20 63
21 97
21 56
21 105
21 75
21 159
21 141
21 111
22 65
22 70
22 136
22 96
22 128
22 130
22 115
22 85
22 153
22 90
22 27
22 29
22 94
22 32
22 97
22 37
22 40
22 105
22 106
22 43
22 108
22 173
22 157
22 112
22 177
22 51
22 121
22 127
23 162
23 102
23 38
23 75
23 76
23 173
23 78
23 113
23 85
23 57
23 71
23 90
23 117
24 128
24 172
24 133
24 70
24 108
24 76
24 144
24 131
24 150
24 71
24 154
24 94
24 159
24 34
24 163
24 36
24 165
24 40
24 42
24 107
24 44
24 47
24 112
24 177
24 51
24 52
24 137
24 106
24 127
25 128
25 132
25 26
25 171
25 159
26 168
26 58
26 115
26 139
27 67
27 40
27 41
27 75
27 111
27 51
27 52
27 117
27 105
27 57
27 90
27 29
27 94
27 159
28 131
28 74
28 76
28 77
28 82
28 99
28 46
28 151
28 153
28 90
28 156
28 29
28 159
28 96
28 35
28 36
28 165
28 38
28 171
28 107
28 178
28 110
28 111
28 112
28 50
28 147
28 52
28 117
28 55
28 124
28 62
28 149
29 128
29 129
29 43
29 136
29 177
29 138
29 78
29 82
29 131
29 148
29 151
29 92
29 93
29 158
29 133
29 97
29 163
29 165
29 38
29 113
29 168
29 105
29 107
29 125
29 45
29 110
29 111
29 112
29 49
29 50
29 51
29 117
29 61
29 126
29 127
30 147
30 70
30 86
30 39
30 168
30 172
30 45
30 159
31 113
31 37
32 97
32 98
32 59
32 37
32 105
32 43
32 117
33 90
33 171
33 45
34 67
34 69
34 70
34 136
34 74
34 173
34 82
34 147
34 139
34 86
34 157
34 159
34 99
34 102
34 105
34 43
34 45
34 50
34 125
35 128
35 171
35 136
35 75
35 76
35 173
35 82
35 152
35 111
35 157
35 133
35 98
35 163
35 100
35 38
35 40
35 92
35 42
35 43
35 44
35 45
35 110
35 47
35 108
35 126
35 54
35 105
35 57
35 58
35 159
35 146
35 62
35 65
36 128
36 43
36 132
36 54
36 136
36 77
36 143
36 83
36 110
36 171
36 97
36 178
36 177
36 40
36 105
36 106
36 107
36 174
36 173
36 46
36 111
36 49
36 114
36 51
36 118
36 55
36 121
36 126
37 128
37 115
37 70
37 138
37 141
37 78
37 144
37 147
37 90
37 92
37 118
37 161
37 98
37 101
37 146
37 39
37 168
37 42
37 45
37 174
37 113
37 50
37 51
37 117
37 54
37 55
37 114
37 159
37 134
37 127
38 128
38 133
38 136
38 148
38 156
38 165
38 39
38 40
38 44
38 45
38 174
38 177
38 50
38 172
38 56
38 57
38 66
38 67
38 69
38 78
38 49
38 90
38 94
38 97
38 102
38 178
38 105
38 106
38 107
38 108
38 110
38 112
38 117
38 118
39 128
39 66
39 131
39 75
39 77
39 78
39 143
39 82
39 139
39 110
39 151
39 152
39 154
39 91
39 159
39 133
39 165
39 41
39 107
39 108
39 45
39 46
39 50
39 51
39 158
39 55
39 56
39 59
39 102
39 149
40 128
40 76
40 141
40 78
40 82
40 100
40 154
40 92
40 157
40 158
40 165
40 96
40 97
40 98
40 102
40 168
40 44
40 111
40 177
40 115
40 52
40 117
40 54
40 125
40 127
41 67
41 132
41 70
41 162
41 142
41 107
41 148
41 149
41 90
41 91
41 93
41 98
41 100
41 165
41 146
41 168
41 43
41 44
41 109
41 111
41 112
41 49
41 50
41 115
41 131
41 54
41 136
41 125
41 62
41 63
42 102
42 136
42 105
42 107
42 77
42 111
42 51
42 171
42 54
42 58
42 143
42 94
42 159
43 128
43 131
43 132
43 133
43 136
43 141
43 142
43 147
43 151
43 167
43 168
43 171
43 173
43 174
43 157
43 52
43 137
43 63
43 139
43 74
43 77
43 82
43 86
43 164
43 90
43 92
43 94
43 99
43 100
43 105
43 107
43 108
43 110
43 111
43 115
43 117
43 118
43 125
43 127
44 128
44 131
44 133
44 71
44 142
44 152
44 82
44 147
44 149
44 151
44 157
44 158
44 95
44 96
44 108
44 110
44 49
44 50
44 52
44 118
44 137
44 56
44 125
44 146
45 128
45 115
45 137
45 76
45 142
45 173
45 82
45 131
45 148
45 174
45 152
45 156
45 92
45 95
45 160
45 105
45 108
45 46
45 111
45 112
45 177
45 51
45 117
45 118
45 57
45 124
45 102
45 127
46 128
46 67
46 138
46 76
46 162
46 173
46 81
46 82
46 85
46 100
46 154
46 158
46 159
46 96
46 98
46 99
46 102
46 105
46 107
46 108
46 111
46 112
46 178
46 117
46 118
46 169
46 125
47 171
47 67
47 99
47 178
47 74
47 75
47 162
47 110
47 85
47 159
48 65
48 51
48 117
48 113
49 128
49 172
49 70
49 108
49 76
49 173
49 82
49 148
49 86
49 152
49 165
49 96
49 102
49 106
49 171
49 110
49 111
49 51
49 52
49 105
49 121
49 125
49 127
50 129
50 139
50 178
50 71
50 136
50 108
50 74
50 75
50 76
50 77
50 148
50 149
50 90
50 158
50 133
50 99
50 162
50 168
50 173
50 157
50 114
50 51
50 117
50 137
50 57
50 159
50 125
50 127
51 129
51 138
51 167
51 147
51 151
51 133
51 162
51 168
51 52
51 56
51 57
51 58
51 62
51 66
51 67
51 74
51 75
51 76
51 173
51 86
51 164
51 90
51 93
51 165
51 97
51 178
51 107
51 108
51 110
51 111
51 113
51 117
52 128
52 133
52 70
52 136
52 75
52 77
52 78
52 147
52 149
52 90
52 158
52 159
52 98
52 99
52 156
52 106
52 173
52 174
52 111
52 112
52 57
53 105
53 115
54 132
54 133
54 71
54 136
54 173
54 146
54 69
54 152
54 68
54 90
54 94
54 95
54 96
54 161
54 107
54 82
54 111
54 168
54 178
54 158
54 159
55 138
55 76
55 147
55 148
55 150
55 151
55 91
55 99
55 165
55 173
55 111
55 178
55 118
55 143
55 63
56 128
56 66
56 75
56 136
56 82
56 148
56 86
56 156
56 159
56 99
56 111
56 113
56 125
56 126
57 128
57 133
57 137
57 76
57 115
57 82
57 147
57 152
57 156
57 102
57 168
57 105
57 106
57 174
57 111
57 112
57 113
57 122
57 125
58 66
58 105
58 159
59 130
59 133
59 169
59 110
59 82
59 152
59 89
59 154
59 124
61 173
62 178
62 168
62 74
62 114
62 78
62 111
62 117
62 156
63 165
63 136
63 71
63 84
63 171
63 152
63 159
64 90
64 102
65 128
65 162
65 105
65 171
65 173
65 78
65 163
65 122
66 161
66 98
66 99
66 132
66 75
66 162
66 110
66 157
66 113
66 142
66 121
66 159
66 93
66 133
67 128
67 168
67 105
67 110
67 146
67 78
67 152
67 169
67 159
68 131
69 157
69 173
69 159
69 108
69 117
69 94
70 128
70 75
70 77
70 147
70 148
70 90
70 143
70 92
70 154
70 96
70 161
70 99
70 100
70 102
70 177
70 107
70 173
70 110
70 112
70 178
70 162
70 125
70 127
71 101
71 98
71 173
71 117
71 100
71 154
71 127
71 157
73 92
74 128
74 130
74 171
74 178
74 133
74 136
74 75
74 77
74 141
74 173
74 82
74 154
74 175
74 159
74 102
74 103
74 105
74 172
74 177
74 121
74 125
75 128
75 131
75 136
75 151
75 141
75 144
75 147
75 152
75 167
75 158
75 159
75 162
75 165
75 166
75 168
75 173
75 76
75 83
75 91
75 95
75 96
75 98
75 99
75 178
75 106
75 107
75 108
75 109
75 111
75 115
75 117
75 149
76 128
76 179
76 133
76 136
76 141
76 147
76 149
76 152
76 154
76 157
76 159
76 169
76 135
76 151
76 77
76 173
76 82
76 91
76 94
76 95
76 96
76 97
76 99
76 100
76 101
76 102
76 178
76 105
76 108
76 111
76 168
76 127
77 136
77 152
77 90
77 163
77 100
77 168
77 105
77 108
77 112
77 117
78 136
78 177
78 87
78 83
78 86
78 94
78 159
78 162
78 100
78 107
78 173
78 110
78 111
78 113
78 147
78 117
78 148
78 151
78 102
78 127
79 88
79 128
79 85
80 171
80 159
82 128
82 133
82 136
82 148
82 149
82 154
82 156
82 159
82 157
82 178
82 177
82 162
82 173
82 99
82 101
82 102
82 105
82 106
82 107
82 108
82 111
82 168
82 115
82 117
82 118
82 121
82 125
83 162
83 107
83 101
83 171
83 111
84 157
84 153
84 117
85 179
85 107
85 158
85 106
85 117
86 133
86 162
86 136
86 98
86 141
86 115
86 131
86 157
86 165
86 97
86 101
86 177
86 168
86 173
86 112
86 178
86 94
86 121
87 98
87 164
87 110
87 158
87 149
88 165
88 105
88 172
88 173
88 159
89 177
89 178
89 102
89 91
89 118
89 165
90 107
90 136
90 137
90 138
90 142
90 131
90 154
90 118
90 133
90 91
90 172
90 178
90 110
90 157
90 113
90 117
90 105
90 159
90 166
90 102
90 165
91 100
91 102
91 130
91 157
91 163
91 137
91 93
92 141
92 99
92 149
92 154
92 157
92 98
92 162
92 178
92 174
92 111
92 114
92 118
92 125
93 115
93 157
93 94
94 128
94 118
94 141
94 173
94 151
94 156
94 158
94 162
94 101
94 107
94 108
94 109
94 112
94 113
94 115
94 136
95 171
95 164
95 133
95 136
95 138
95 111
95 178
95 152
95 143
95 157
95 158
95 101
96 128
96 108
96 138
96 141
96 142
96 147
96 110
96 154
96 157
96 159
96 107
97 128
97 132
97 136
97 168
97 145
97 151
97 100
97 133
97 162
97 99
97 165
97 177
97 108
97 173
97 157
97 112
97 113
97 117
97 153
97 159
98 128
98 141
98 156
98 147
98 110
98 174
98 158
98 162
98 100
98 108
98 173
98 111
98 112
98 105
98 127
99 128
99 136
99 110
99 105
99 152
99 111
99 158
99 133
99 100
99 165
99 173
99 177
99 162
99 118
99 126
100 171
100 136
100 138
100 110
100 151
100 132
100 153
100 127
101 162
101 168
101 169
101 110
101 153
101 157
102 128
102 129
102 141
102 144
102 152
102 159
102 151
102 177
102 162
102 166
102 104
102 105
102 107
102 108
102 112
102 114
102 115
102 118
102 123
102 125
103 125
105 128
105 137
105 138
105 151
105 154
105 156
105 133
105 161
105 165
105 177
105 168
105 172
105 157
105 159
105 107
105 108
105 109
105 111
105 112
105 113
105 114
105 117
105 170
105 148
105 136
105 124
105 125
105 127
106 128
106 131
106 161
106 144
106 163
106 177
106 107
106 173
106 111
106 178
106 147
107 128
107 133
107 136
107 130
107 142
107 146
107 147
107 171
107 159
107 160
107 162
107 177
107 141
107 166
107 145
107 108
107 109
107 110
107 111
107 112
107 113
107 114
107 116
107 117
107 118
107 170
108 128
108 171
108 137
108 130
108 141
108 145
108 153
108 154
108 156
108 157
108 133
108 159
108 173
108 146
108 111
108 112
108 113
108 117
108 118
108 136
108 124
108 125
108 127
109 155
109 156
109 173
109 127
110 149
110 147
110 162
110 136
110 142
110 154
110 152
110 168
110 171
110 114
110 166
110 127
111 128
111 135
111 136
111 142
111 147
111 148
111 158
111 159
111 165
111 177
111 178
111 156
111 112
111 168
111 118
111 121
111 149
112 135
112 142
112 173
112 144
112 152
112 174
112 149
112 133
112 162
112 168
112 157
112 178
112 115
112 126
112 165
113 128
113 131
113 133
113 173
113 154
113 152
113 166
113 167
113 168
113 146
113 157
113 177
113 178
113 158
114 178
114 136
114 172
114 168
114 174
115 128
115 132
115 147
115 151
115 169
115 172
115 177
115 137
115 125
115 127
117 128
117 173
117 152
117 156
117 159
117 133
117 163
117 171
117 172
117 118
117 121
118 128
118 133
118 141
118 152
118 159
118 178
121 128
121 161
121 125
121 127
122 138
123 128
123 178
123 173
124 128
124 178
124 168
125 136
125 137
125 154
125 167
125 159
125 166
125 175
125 168
125 138
126 163
126 167
126 177
126 127
127 128
127 130
127 138
127 141
127 173
127 148
127 143
127 133
127 178
127 157
127 162
127 136
127 168
128 136
128 152
128 158
128 133
128 162
128 168
128 173
128 163
128 139
128 166
129 133
130 155
130 136
131 134
131 156
131 178
131 169
132 160
132 167
132 173
132 148
133 171
133 138
133 142
133 143
133 144
133 153
133 154
133 155
133 162
133 163
135 157
136 138
136 142
136 147
136 171
136 152
136 168
136 178
136 157
136 162
136 169
137 171
137 147
137 142
137 154
138 139
138 173
138 146
138 169
138 168
138 172
139 148
139 152
141 154
141 173
141 178
141 147
142 162
143 147
144 171
147 162
147 148
147 174
147 159
147 177
148 151
148 159
148 162
149 172
149 154
149 157
149 171
151 162
151 163
151 178
152 157
152 162
152 168
153 162
153 174
153 177
153 158
154 162
154 166
154 171
154 173
154 169
155 157
155 163
156 171
157 178
157 159
157 177
157 174
158 173
158 168
159 168
159 171
159 174
162 177
164 173
165 177
165 168
166 172
166 178
168 170
172 178
172 177
173 177
173 178
174 177
177 179
