0 128
0 65
0 2
0 3
0 4
0 5
0 6
0 129
0 42
0 149
0 76
0 141
0 51
0 117
0 118
0 57
0 127
0 60
0 167
0 69
0 36
1 51
1 117
1 172
1 75
1 92
1 173
1 15
2 3
2 133
2 70
2 7
2 136
2 74
2 76
2 15
2 82
2 148
2 24
2 25
2 29
2 158
2 98
2 35
2 100
2 102
2 38
2 39
2 105
2 42
2 18
2 108
2 45
2 174
2 113
2 50
2 51
2 117
2 138
2 106
3 54
3 7
3 73
3 74
3 13
3 15
3 174
3 110
3 23
3 152
3 25
3 154
3 157
3 95
3 133
3 98
3 105
3 106
3 71
3 44
3 45
3 46
3 111
3 49
3 51
3 108
3 159
3 127
4 35
4 133
4 7
4 136
4 177
4 107
4 141
4 48
4 40
4 18
4 147
4 171
4 90
4 165
5 96
5 133
5 128
5 136
5 177
5 74
5 75
5 78
5 148
5 86
5 90
5 91
5 95
5 32
5 99
5 164
5 38
5 102
5 113
5 105
5 108
5 45
5 110
5 112
5 49
5 178
5 51
5 117
5 56
5 127
6 96
6 35
6 38
6 7
6 40
6 74
6 151
6 76
6 115
6 51
6 55
6 90
7 128
7 8
7 137
7 11
7 13
7 142
7 15
7 16
7 152
7 20
7 151
7 148
7 156
7 29
7 30
7 159
7 34
7 35
7 134
7 40
7 43
7 172
7 173
7 174
7 136
7 50
7 158
7 54
7 168
7 71
7 74
7 75
7 162
7 141
7 82
7 90
7 94
7 98
7 102
7 105
7 107
7 108
7 111
7 112
7 113
7 114
7 117
7 118
7 121
7 124
7 126
8 96
8 108
8 128
8 41
8 106
8 76
9 136
9 74
9 75
9 76
9 78
9 16
9 18
9 85
9 23
9 24
9 90
9 29
9 159
9 102
9 169
9 107
9 110
9 174
9 49
9 50
9 51
9 126
10 67
10 101
10 102
10 142
10 136
10 167
10 110
10 15
10 48
10 82
10 51
10 117
10 154
10 93
11 128
11 66
11 132
11 133
11 70
11 74
11 99
11 22
11 71
11 92
11 90
11 159
11 162
11 35
11 165
11 38
11 104
11 156
11 107
11 172
11 45
11 110
11 117
11 56
11 121
11 62
11 127
12 133
13 129
13 66
13 36
13 38
13 41
13 107
13 44
13 46
13 111
13 16
13 49
13 50
13 117
13 55
13 59
13 151
13 127
14 113
14 35
14 38
15 128
15 133
15 173
15 18
15 131
15 20
15 149
15 22
15 151
15 24
15 28
15 29
15 31
15 34
15 35
15 39
15 168
15 41
15 43
15 172
15 45
15 157
15 177
15 50
15 52
15 54
15 159
15 62
15 74
15 75
15 76
15 78
15 156
15 84
15 94
15 171
15 99
15 102
15 105
15 106
15 107
15 108
15 110
15 117
15 148
15 127
16 96
16 82
16 43
16 116
16 75
16 156
16 94
17 133
17 113
17 162
17 37
17 151
17 42
17 76
17 45
17 85
18 65
18 133
18 70
18 162
18 136
18 75
18 76
18 66
18 141
18 152
18 82
18 20
18 22
18 23
18 24
18 89
18 29
18 95
18 160
18 34
18 35
18 37
18 38
18 113
18 105
18 107
18 44
18 178
18 46
18 112
18 49
18 50
18 115
18 137
18 57
18 159
18 102
18 169
18 127
19 167
20 97
20 34
20 35
20 100
20 118
20 136
20 41
20 43
20 141
20 110
20 49
20 51
20 24
20 105
20 56
20 133
21 177
21 50
21 51
21 164
21 105
21 173
22 96
22 97
22 107
22 165
22 38
22 40
22 74
22 76
22 82
22 110
22 112
22 136
22 90
22 106
23 130
23 131
23 71
23 74
23 171
23 108
23 50
23 67
23 86
23 29
24 132
24 133
24 136
24 75
24 76
24 144
24 83
24 84
24 85
24 86
24 57
24 152
24 90
24 158
24 96
24 97
24 162
24 36
24 38
24 113
24 40
24 105
24 106
24 107
24 44
24 45
24 111
24 112
24 49
24 178
24 115
24 82
24 108
25 128
25 173
25 55
25 111
25 159
25 43
25 76
25 157
25 47
26 128
26 50
26 67
26 158
26 70
26 105
26 74
26 47
26 62
26 63
27 173
27 51
27 54
27 135
27 168
27 90
27 75
27 125
27 127
28 131
28 69
28 136
28 172
28 138
28 109
28 141
28 173
28 82
28 84
28 90
28 29
28 93
28 158
28 133
28 161
28 34
28 99
28 38
28 39
28 40
28 107
28 108
28 45
28 110
28 111
28 112
28 177
28 51
28 124
28 62
29 65
29 115
29 147
29 136
29 75
29 76
29 66
29 131
29 93
29 95
29 165
29 99
29 101
29 102
29 178
29 40
29 107
29 172
29 45
29 110
29 47
29 177
29 50
29 51
29 55
29 57
30 128
30 39
30 168
30 41
30 74
30 108
30 45
30 49
30 51
30 54
30 92
31 34
31 86
31 136
31 43
31 173
31 46
32 133
32 35
32 86
32 71
32 136
32 108
32 77
32 125
33 82
33 115
33 149
33 136
33 44
33 173
34 70
34 136
34 172
34 158
34 88
34 94
34 35
34 37
34 177
34 40
34 107
34 44
34 114
34 113
34 50
34 117
34 121
34 59
35 96
35 67
35 133
35 72
35 172
35 141
35 173
35 83
35 78
35 121
35 90
35 156
35 95
35 165
35 36
35 101
35 142
35 104
35 147
35 44
35 45
35 46
35 114
35 51
35 117
35 57
35 159
35 151
35 127
36 51
36 70
36 78
36 141
36 152
36 148
36 86
36 90
36 92
36 38
36 40
36 105
36 173
36 109
36 46
36 47
36 113
36 115
36 52
36 117
36 57
36 168
37 65
37 67
37 118
37 162
37 74
37 75
37 98
37 141
37 82
37 85
37 86
37 110
37 157
37 133
37 97
37 165
37 38
37 39
37 40
37 170
37 45
37 46
37 174
37 49
37 178
37 115
37 54
37 56
37 127
37 124
37 125
37 63
38 128
38 65
38 67
38 161
38 74
38 76
38 143
38 92
38 173
38 82
38 78
38 97
38 163
38 102
38 167
38 40
38 41
38 110
38 176
38 168
38 50
38 115
38 117
38 105
38 114
38 166
39 128
39 67
39 133
39 136
39 74
39 75
39 76
39 66
39 77
39 152
39 147
39 149
39 88
39 89
39 94
39 96
39 161
39 171
39 167
39 168
39 105
39 106
39 43
39 108
39 110
39 113
39 138
39 55
39 56
39 57
39 58
39 61
39 117
40 67
40 133
40 136
40 108
40 74
40 75
40 76
40 141
40 78
40 138
40 174
40 132
40 158
40 95
40 168
40 43
40 44
40 173
40 110
40 51
40 52
40 118
40 55
40 159
40 125
41 70
41 137
41 76
41 147
41 110
41 86
41 151
41 88
41 90
41 91
41 97
41 100
41 101
41 177
41 104
41 44
41 173
41 46
41 136
41 178
41 51
41 52
41 55
41 148
41 124
41 149
42 67
42 165
42 102
42 113
42 106
42 76
42 174
42 115
42 158
42 118
42 151
42 170
42 62
43 128
43 130
43 132
43 136
43 168
43 75
43 77
43 85
43 90
43 92
43 158
43 96
43 97
43 98
43 99
43 100
43 165
43 102
43 156
43 107
43 44
43 173
43 46
43 111
43 49
43 50
43 115
43 117
43 148
43 127
43 125
43 63
44 128
44 149
44 98
44 71
44 136
44 177
44 75
44 76
44 67
44 85
44 86
44 90
44 154
44 94
44 95
44 107
44 97
44 171
44 45
44 99
44 168
44 178
44 51
44 54
44 127
45 136
45 138
45 130
45 154
45 156
45 133
45 177
45 171
45 173
45 49
45 178
45 51
45 54
45 56
45 57
45 64
45 70
45 71
45 75
45 82
45 89
45 152
45 100
45 105
45 108
45 110
45 113
45 115
45 117
45 118
45 169
45 121
46 65
46 66
46 132
46 136
46 151
46 78
46 141
46 67
46 84
46 147
46 57
46 111
46 168
46 106
46 173
46 47
46 51
46 117
46 121
47 99
47 101
47 74
47 107
47 76
47 173
47 174
47 52
47 142
47 138
47 152
47 158
49 70
49 71
49 136
49 75
49 76
49 78
49 141
49 83
49 121
49 91
49 157
49 165
49 67
49 99
49 102
49 178
49 168
49 50
49 115
49 57
49 139
49 127
49 63
50 107
50 133
50 74
50 76
50 141
50 82
50 152
50 90
50 165
50 95
50 96
50 97
50 163
50 102
50 161
50 108
50 157
50 178
50 52
50 55
50 57
50 124
50 146
51 136
51 130
51 142
51 143
51 151
51 133
51 162
51 163
51 166
51 157
51 177
51 128
51 158
51 54
51 56
51 57
51 149
51 67
51 70
51 73
51 74
51 75
51 76
51 77
51 141
51 173
51 83
51 87
51 165
51 99
51 101
51 102
51 105
51 107
51 108
51 111
51 115
51 117
51 127
52 149
52 165
52 99
52 118
52 105
52 171
52 76
52 113
52 86
52 55
52 152
52 136
52 117
53 82
53 83
53 108
53 90
53 111
54 129
54 66
54 78
54 173
54 147
54 84
54 165
54 96
54 97
54 99
54 102
54 105
54 110
54 111
54 113
54 114
54 55
54 127
55 132
55 70
55 136
55 138
55 76
55 147
55 148
55 155
55 108
55 157
55 113
55 126
56 65
56 130
56 138
56 173
56 152
56 157
56 165
56 96
56 98
56 100
56 171
56 108
56 110
56 111
56 178
56 117
56 57
56 59
57 65
57 66
57 133
57 75
57 78
57 173
57 152
57 148
57 89
57 100
57 90
57 96
57 102
57 106
57 111
57 118
57 146
58 136
58 123
58 76
59 161
59 82
59 70
59 162
59 111
59 77
60 165
60 70
60 111
61 173
62 124
62 130
62 90
62 101
62 86
62 105
63 162
63 131
63 102
63 177
63 108
63 141
63 110
63 175
63 146
63 158
65 96
65 98
65 99
65 167
65 156
65 107
65 114
65 111
65 112
65 113
65 124
65 133
66 131
66 133
66 74
66 76
66 77
66 152
66 147
66 86
66 88
66 90
66 92
66 165
66 97
66 101
66 156
66 173
66 157
66 178
66 115
66 117
67 115
67 133
67 70
67 74
67 151
67 76
67 77
67 82
67 110
67 152
67 90
67 101
67 178
67 112
67 168
67 102
68 75
69 70
69 118
69 151
69 159
69 111
70 128
70 130
70 74
70 75
70 98
70 141
70 173
70 147
70 148
70 149
70 92
70 90
70 159
70 113
70 108
70 110
70 157
70 112
70 82
70 118
70 127
71 102
71 136
71 172
71 78
71 180
71 114
71 139
71 149
71 121
71 122
71 92
72 123
72 127
73 148
73 149
74 129
74 136
74 147
74 148
74 157
74 159
74 172
74 173
74 168
74 75
74 76
74 79
74 82
74 83
74 92
74 95
74 96
74 131
74 105
74 106
74 107
74 108
74 113
74 114
74 125
75 128
75 130
75 138
75 139
75 152
75 147
75 148
75 154
75 159
75 174
75 168
75 177
75 85
75 86
75 165
75 96
75 144
75 99
75 105
75 107
75 108
75 110
75 112
75 113
75 114
75 115
75 117
75 123
75 125
76 128
76 132
76 133
76 138
76 141
76 147
76 149
76 156
76 159
76 134
76 173
76 78
76 86
76 87
76 92
76 137
76 95
76 165
76 101
76 105
76 108
76 146
76 110
76 111
76 115
76 116
76 117
76 121
76 136
77 149
77 173
77 110
77 174
77 112
77 82
77 85
77 86
77 153
77 120
77 121
77 92
77 158
77 117
78 97
78 82
78 156
78 105
78 90
78 111
78 92
78 124
80 177
81 147
82 128
82 129
82 136
82 142
82 173
82 148
82 151
82 152
82 158
82 159
82 165
82 168
82 172
82 174
82 177
82 89
82 90
82 144
82 99
82 102
82 178
82 105
82 106
82 107
82 146
82 111
82 113
82 115
82 117
83 162
83 137
83 141
83 156
83 158
83 159
84 164
84 110
84 108
84 173
85 128
85 99
85 105
85 108
85 115
85 117
85 89
85 159
86 96
86 172
86 138
86 141
86 152
86 90
86 91
86 157
86 158
86 162
86 99
86 111
86 113
86 115
86 117
86 118
86 151
86 127
87 96
87 173
88 128
88 173
88 115
88 131
88 171
88 157
89 128
89 102
89 98
89 159
89 138
90 128
90 171
90 136
90 141
90 146
90 147
90 148
90 151
90 152
90 133
90 161
90 168
90 178
90 177
90 172
90 159
90 92
90 98
90 102
90 107
90 108
90 112
90 113
90 117
90 118
91 162
91 132
91 177
91 105
91 107
91 117
91 149
91 152
91 159
91 124
91 127
92 171
92 147
92 156
92 158
92 159
92 165
92 105
92 111
92 95
93 130
93 99
93 131
94 128
94 133
94 144
94 147
94 151
94 152
94 167
94 95
94 99
94 105
94 107
94 108
94 173
94 111
94 178
94 115
95 131
95 166
95 107
95 106
95 152
96 128
96 141
96 167
96 99
96 149
96 155
96 157
96 97
96 110
96 147
97 133
97 136
97 163
97 162
97 99
97 168
97 111
97 112
97 177
97 169
98 128
98 132
98 138
98 107
98 157
98 159
98 162
98 163
98 100
98 102
98 105
98 173
98 110
98 175
98 178
98 117
98 121
99 118
99 108
99 141
99 156
99 115
99 131
99 152
99 133
99 163
99 165
99 113
99 168
99 105
99 171
99 178
99 157
99 114
99 136
99 159
99 125
100 139
100 107
100 108
100 131
100 111
101 128
101 147
101 133
101 142
101 110
101 115
101 157
101 117
101 152
101 111
101 159
102 129
102 136
102 142
102 115
102 173
102 171
102 149
102 151
102 133
102 114
102 113
102 168
102 105
102 159
102 146
102 170
103 149
105 128
105 136
105 159
105 133
105 168
105 174
105 177
105 173
105 121
105 107
105 108
105 111
105 112
105 113
105 117
105 148
105 127
106 177
106 172
106 144
106 157
106 166
106 108
106 111
106 113
106 178
106 117
106 118
106 125
107 128
107 129
107 138
107 143
107 148
107 158
107 159
107 177
107 168
107 178
107 157
107 108
107 110
107 111
107 112
107 124
107 125
108 128
108 129
108 139
108 141
108 152
108 147
108 148
108 157
108 133
108 162
108 165
108 136
108 178
108 110
108 113
108 114
108 125
108 127
109 129
109 136
109 111
110 128
110 135
110 141
110 147
110 151
110 152
110 158
110 159
110 133
110 162
110 157
110 177
110 178
110 112
110 168
110 114
110 127
111 128
111 129
111 136
111 138
111 142
111 171
111 149
111 157
111 159
111 178
111 115
111 117
111 118
111 125
111 127
112 136
112 137
112 143
112 144
112 174
112 157
112 159
112 177
112 129
112 173
112 175
112 168
112 116
113 131
113 136
113 130
113 173
113 144
113 147
113 142
113 154
113 158
113 159
113 168
113 135
113 178
113 115
113 127
114 131
114 173
114 157
114 115
114 174
114 138
115 178
115 133
115 177
115 131
115 139
115 168
115 159
115 148
115 127
115 117
117 131
117 136
117 128
117 146
117 174
117 155
117 133
117 161
117 178
117 138
117 141
117 163
117 124
117 125
117 127
118 136
118 139
118 157
118 158
118 159
118 177
118 178
118 126
118 127
119 157
121 165
121 171
121 151
122 130
122 157
123 126
124 158
124 166
124 177
124 167
124 165
125 128
125 162
125 167
125 168
125 157
125 159
125 148
125 127
126 168
126 133
126 137
126 127
127 128
127 136
127 138
127 142
127 147
127 148
127 157
127 133
127 165
127 168
127 171
127 173
127 174
127 177
127 178
128 129
128 131
128 172
128 141
128 149
128 151
128 152
128 156
128 157
128 133
128 165
128 173
129 162
129 174
129 149
130 164
130 168
130 174
130 173
130 149
131 149
131 159
131 165
131 172
131 173
132 139
132 146
132 148
132 159
133 142
133 157
133 158
133 164
133 172
133 173
133 148
135 152
136 171
136 141
136 173
136 152
136 147
136 154
136 158
136 157
136 178
136 159
136 138
136 168
136 162
136 177
136 148
137 144
137 174
137 178
138 147
138 151
138 168
139 156
139 152
139 178
141 177
141 156
141 147
141 178
142 162
142 159
142 146
142 148
145 157
146 160
146 178
146 168
146 172
147 148
147 155
147 162
147 168
147 173
148 172
148 151
148 173
149 165
149 177
150 178
151 154
151 159
151 168
151 158
152 164
152 157
152 165
152 177
152 159
153 178
154 162
154 165
154 172
154 173
154 168
154 157
157 172
157 171
157 158
157 178
157 168
157 159
158 159
158 172
159 165
159 166
159 171
159 172
159 173
159 174
159 176
159 177
159 178
161 169
162 172
162 164
162 178
163 168
163 174
164 165
165 172
165 166
165 168
165 173
167 173
167 178
168 174
170 173
172 176
173 175
173 178
174 178
175 177
