0 128
0 130
0 3
0 74
0 75
0 77
0 142
0 79
0 82
0 57
0 152
0 25
0 167
0 29
0 96
0 162
0 36
0 39
0 105
0 107
0 173
0 46
0 125
0 49
0 114
0 118
0 121
0 151
0 10
0 62
0 127
1 75
1 3
1 108
1 5
1 151
2 130
2 86
2 7
2 77
2 14
2 99
2 148
2 22
2 169
2 157
2 165
2 35
2 37
2 102
2 40
2 41
2 107
2 178
2 112
2 113
2 50
2 117
2 105
2 58
2 168
2 127
3 130
3 132
3 5
3 71
3 9
3 138
3 75
3 76
3 77
3 148
3 149
3 86
3 87
3 152
3 22
3 27
3 28
3 90
3 158
3 69
3 162
3 35
3 102
3 178
3 41
3 42
3 107
3 173
3 46
3 112
3 113
3 50
3 105
3 57
4 67
4 75
4 141
4 147
4 22
4 157
4 159
4 32
4 162
4 99
4 36
4 101
4 38
4 177
4 168
4 42
4 107
4 173
4 110
4 47
4 49
4 50
4 115
4 117
4 55
5 128
5 7
5 136
5 11
5 141
5 15
5 24
5 148
5 22
5 152
5 157
5 31
5 37
5 40
5 44
5 45
5 46
5 48
5 178
5 51
5 180
5 55
5 58
5 159
5 62
5 66
5 71
5 74
5 75
5 76
5 78
5 82
5 92
5 97
5 99
5 100
5 105
5 106
5 108
5 168
5 114
5 115
5 117
5 124
5 127
6 173
6 66
6 52
6 78
6 178
6 168
6 57
6 59
6 110
6 62
6 159
7 128
7 136
7 172
7 15
7 17
7 18
7 21
7 152
7 154
7 27
7 29
7 133
7 162
7 38
7 39
7 40
7 44
7 45
7 24
7 177
7 178
7 52
7 56
7 57
7 159
7 66
7 74
7 76
7 77
7 78
7 173
7 82
7 86
7 90
7 92
7 95
7 96
7 99
7 101
7 102
7 105
7 107
7 108
7 109
7 111
7 157
7 168
7 118
7 121
7 127
8 105
8 51
8 148
9 165
9 36
9 118
9 168
9 74
9 159
9 78
9 111
9 49
9 174
9 51
9 20
9 106
9 22
9 56
9 26
9 27
9 28
9 61
9 117
10 133
10 11
10 162
10 13
10 173
10 18
10 22
10 151
10 92
10 158
10 159
10 98
10 35
10 40
10 105
10 43
10 45
10 112
10 177
10 178
10 95
11 128
11 67
11 75
11 98
11 173
11 152
11 82
11 147
11 86
11 18
11 90
11 156
11 94
11 31
11 32
11 97
11 34
11 99
11 166
11 102
11 177
11 40
11 41
11 43
11 45
11 110
11 112
11 49
11 178
11 115
11 117
11 57
11 159
11 133
12 29
13 35
13 38
13 39
13 73
13 74
13 172
13 49
13 131
13 151
13 56
13 26
13 92
14 128
14 50
14 165
14 102
14 171
14 18
14 98
14 15
14 82
14 149
14 28
14 157
15 130
15 131
15 138
15 141
15 173
15 144
15 147
15 152
15 154
15 27
15 28
15 157
15 133
15 32
15 34
15 37
15 38
15 39
15 40
15 41
15 42
15 45
15 46
15 49
15 178
15 51
15 52
15 58
15 159
15 65
15 67
15 74
15 75
15 76
15 78
15 85
15 88
15 90
15 94
15 95
15 96
15 98
15 100
15 102
15 105
15 106
15 107
15 168
15 114
15 115
15 117
15 118
15 121
15 125
15 127
16 34
16 99
16 166
16 167
16 40
16 28
16 138
16 98
16 45
16 115
16 173
16 83
16 148
16 24
16 92
16 30
17 129
17 75
17 51
17 20
17 117
17 24
17 105
17 55
17 156
17 29
18 128
18 132
18 136
18 141
18 149
18 152
18 26
18 28
18 157
18 32
18 162
18 163
18 164
18 166
18 40
18 41
18 173
18 174
18 47
18 50
18 51
18 54
18 55
18 168
18 66
18 67
18 70
18 75
18 76
18 77
18 82
18 83
18 36
18 94
18 95
18 98
18 100
18 105
18 108
18 113
18 117
18 121
18 127
19 38
20 128
20 160
20 67
20 69
20 172
20 71
20 74
20 76
20 152
20 21
20 22
20 24
20 90
20 156
20 158
20 133
20 96
20 161
20 34
20 40
20 105
20 107
20 44
20 45
20 110
20 111
20 113
20 178
20 51
20 41
20 168
21 112
21 51
21 118
21 148
21 172
21 127
22 128
22 51
22 35
22 70
22 39
22 107
22 76
22 77
22 108
22 82
22 151
22 91
22 29
22 166
23 129
23 130
23 99
23 101
23 40
23 172
23 42
23 43
23 76
23 141
23 113
23 178
23 85
23 55
23 121
23 133
24 66
24 67
24 70
24 136
24 44
24 130
24 131
24 157
24 37
24 165
24 35
24 101
24 39
24 40
24 42
24 43
24 108
24 173
24 174
24 112
24 168
24 106
24 118
24 163
24 159
24 125
25 26
25 98
25 111
26 32
26 113
26 147
26 41
26 172
26 108
26 159
27 70
27 138
27 146
27 131
27 89
27 90
27 91
27 97
27 162
27 100
27 37
27 39
27 41
27 106
27 43
27 115
27 54
27 127
28 96
28 133
28 71
28 86
28 151
28 153
28 157
28 32
28 144
28 34
28 99
28 36
28 168
28 105
28 43
28 110
28 111
28 177
28 51
28 118
28 56
28 57
28 124
28 127
29 65
29 66
29 171
29 130
29 136
29 76
29 74
29 75
29 77
29 78
29 83
29 86
29 90
29 154
29 133
29 96
29 98
29 99
29 162
29 102
29 38
29 41
29 42
29 107
29 114
29 157
29 50
29 147
29 117
29 105
29 120
29 57
29 159
29 106
29 63
30 35
30 42
30 108
30 173
30 46
30 141
30 82
30 115
30 174
30 154
30 74
32 136
32 105
32 43
32 172
32 45
32 115
32 86
32 157
33 133
33 173
34 132
34 136
34 172
34 76
34 79
34 151
34 93
34 158
34 159
34 99
34 102
34 168
34 107
34 108
34 110
34 52
34 94
35 133
35 146
35 152
35 157
35 159
35 161
35 165
35 38
35 40
35 171
35 44
35 173
35 46
35 177
35 50
35 51
35 56
35 138
35 65
35 66
35 74
35 76
35 77
35 82
35 90
35 94
35 98
35 99
35 100
35 166
35 105
35 110
35 112
35 113
35 117
35 125
35 126
36 130
36 115
36 70
36 71
36 136
36 75
36 77
36 156
36 144
36 86
36 91
36 94
36 101
36 165
36 98
36 164
36 37
36 39
36 40
36 105
36 43
36 146
36 49
36 51
36 117
36 56
36 159
36 126
37 67
37 78
37 152
37 142
37 150
37 151
37 154
37 157
37 165
37 99
37 101
37 38
37 168
37 42
37 107
37 178
37 111
37 112
37 177
37 114
37 115
37 52
37 123
37 62
37 127
38 128
38 129
38 133
38 136
38 172
38 149
38 156
38 158
38 159
38 40
38 43
38 44
38 45
38 157
38 55
38 56
38 57
38 71
38 73
38 74
38 75
38 76
38 78
38 79
38 82
38 86
38 87
38 90
38 94
38 95
38 101
38 106
38 107
38 108
38 118
38 119
38 127
39 128
39 131
39 132
39 136
39 168
39 74
39 75
39 76
39 142
39 82
39 149
39 159
39 98
39 99
39 102
39 178
39 129
39 105
39 106
39 43
39 108
39 45
39 46
39 47
39 113
39 50
39 51
39 117
39 118
39 59
39 170
39 127
40 171
40 136
40 172
40 141
40 152
40 147
40 153
40 157
40 158
40 133
40 161
40 165
40 168
40 41
40 43
40 44
40 45
40 174
40 50
40 52
40 56
40 57
40 59
40 151
40 66
40 77
40 90
40 91
40 92
40 148
40 99
40 166
40 102
40 107
40 108
40 110
40 111
40 113
40 117
40 118
40 121
40 127
41 172
41 75
41 76
41 77
41 131
41 86
41 121
41 158
41 95
41 99
41 100
41 165
41 102
41 43
41 108
41 157
41 178
41 117
41 54
41 57
41 159
41 63
42 133
42 76
42 67
42 147
42 156
42 165
42 98
42 99
42 177
42 106
42 107
42 172
42 46
42 113
42 115
42 158
42 55
42 56
42 163
42 125
42 62
43 149
43 75
43 133
43 70
43 71
43 172
43 76
43 142
43 115
43 85
43 153
43 157
43 94
43 97
43 99
43 106
43 108
43 45
43 177
43 47
43 112
43 168
43 178
43 51
43 105
43 117
43 55
43 111
43 59
43 74
43 127
44 64
44 66
44 67
44 70
44 173
44 115
44 83
44 84
44 174
44 93
44 158
44 159
44 96
44 97
44 98
44 102
44 178
44 105
44 172
44 45
44 110
44 113
44 50
44 51
44 117
44 118
44 56
44 127
45 128
45 129
45 136
45 147
45 149
45 150
45 151
45 154
45 157
45 158
45 133
45 165
45 178
45 174
45 177
45 50
45 51
45 159
45 68
45 75
45 78
45 90
45 98
45 102
45 104
45 107
45 108
45 110
45 111
45 113
45 117
45 118
45 148
45 124
45 127
46 132
46 72
46 75
46 141
46 82
46 147
46 152
46 156
46 92
46 95
46 101
46 105
46 107
46 159
46 111
46 49
46 178
46 51
46 52
46 158
46 59
47 168
47 106
47 114
47 111
47 145
47 147
47 151
47 164
47 125
47 63
48 136
48 66
48 165
49 128
49 133
49 129
49 136
49 74
49 76
49 77
49 78
49 80
49 90
49 154
49 159
49 102
49 172
49 173
49 157
49 51
49 118
49 55
49 127
50 128
50 131
50 133
50 149
50 159
50 162
50 171
50 173
50 174
50 157
50 177
50 178
50 54
50 64
50 67
50 75
50 76
50 77
50 78
50 81
50 82
50 90
50 94
50 97
50 98
50 100
50 105
50 167
50 108
50 110
50 117
50 125
50 126
51 128
51 138
51 147
51 151
51 154
51 157
51 133
51 161
51 156
51 178
51 56
51 74
51 75
51 76
51 173
51 82
51 86
51 143
51 94
51 97
51 148
51 99
51 102
51 105
51 106
51 107
51 108
51 110
51 111
51 112
51 113
51 115
51 118
51 121
51 136
51 125
51 126
51 127
52 136
52 75
52 76
52 149
52 86
52 90
52 96
52 100
52 177
52 172
52 173
52 111
52 113
52 115
52 117
53 105
53 59
53 62
54 128
54 65
54 132
54 164
54 100
54 102
54 162
54 106
54 107
54 172
54 142
54 117
54 137
54 89
54 127
55 67
55 136
55 106
55 147
55 90
55 97
55 98
55 101
55 173
55 174
55 111
55 117
55 57
55 125
55 127
56 128
56 171
56 136
56 75
56 146
56 148
56 97
56 71
56 173
56 110
56 113
56 168
56 106
57 128
57 132
57 133
57 72
57 138
57 141
57 143
57 94
57 159
57 96
57 162
57 99
57 107
57 108
57 173
57 111
57 177
57 178
57 118
58 128
58 97
58 99
58 101
58 178
58 62
59 128
59 158
59 133
59 111
59 95
59 134
59 127
60 97
61 159
62 129
62 77
62 142
62 82
62 78
62 86
62 153
62 90
62 91
62 157
62 94
62 162
62 101
62 167
62 107
62 109
62 177
62 115
62 126
63 133
63 66
63 118
63 102
63 178
63 136
63 107
63 110
64 171
64 102
65 133
65 75
65 108
65 173
65 113
65 131
65 118
65 92
66 128
66 131
66 132
66 136
66 79
66 82
66 99
66 95
66 97
66 98
66 101
66 177
66 107
66 111
66 113
66 147
66 168
66 124
67 128
67 74
67 76
67 173
67 149
67 94
67 98
67 107
67 82
67 110
67 111
67 177
67 118
67 123
69 168
69 76
69 171
70 128
70 107
70 132
70 86
70 73
70 75
70 84
70 149
70 90
70 157
70 158
70 96
70 176
70 98
70 112
70 177
71 168
71 156
71 76
71 110
71 174
71 82
71 149
71 132
71 125
71 127
73 96
73 165
73 94
73 101
73 76
73 78
73 93
74 128
74 132
74 136
74 75
74 76
74 141
74 145
74 82
74 99
74 149
74 143
74 92
74 94
74 133
74 107
74 102
74 105
74 177
74 172
74 110
74 157
74 118
74 163
74 123
74 125
74 117
75 136
75 128
75 147
75 149
75 151
75 153
75 133
75 162
75 170
75 157
75 177
75 159
75 77
75 173
75 82
75 85
75 90
75 92
75 95
75 97
75 98
75 102
75 178
75 105
75 107
75 111
75 112
75 113
75 115
75 169
75 124
75 126
75 127
76 128
76 137
76 138
76 151
76 131
76 153
76 133
76 168
76 172
76 159
76 177
76 162
76 78
76 82
76 86
76 88
76 90
76 95
76 96
76 98
76 101
76 102
76 105
76 106
76 108
76 146
76 110
76 111
76 114
76 147
76 118
76 127
77 128
77 159
77 97
77 108
77 178
77 111
77 157
77 115
77 105
77 120
77 125
78 131
78 136
78 92
78 99
78 177
78 168
78 112
78 125
80 158
82 128
82 130
82 132
82 136
82 137
82 141
82 148
82 149
82 154
82 157
82 133
82 160
82 164
82 165
82 168
82 174
82 173
82 177
82 158
82 159
82 94
82 95
82 96
82 98
82 178
82 107
82 108
82 110
82 111
82 113
82 118
83 112
83 115
83 106
83 173
84 112
84 178
85 177
85 130
85 135
85 143
85 127
86 133
86 136
86 138
86 130
86 131
86 149
86 151
86 179
86 91
86 92
86 94
86 98
86 102
86 177
86 107
86 109
86 111
86 112
86 113
86 105
86 124
86 125
86 127
87 105
88 136
88 130
88 133
89 162
89 148
90 177
90 133
90 136
90 137
90 141
90 142
90 171
90 152
90 159
90 97
90 164
90 165
90 113
90 105
90 107
90 174
90 168
90 111
90 112
90 115
90 118
90 157
90 125
91 96
91 99
91 102
91 105
91 108
91 174
91 136
92 105
92 108
92 136
92 94
92 133
93 138
93 165
94 132
94 136
94 173
94 147
94 148
94 157
94 102
94 168
94 105
94 113
94 138
95 128
95 129
95 133
95 173
95 147
95 110
95 157
95 98
95 100
95 103
95 106
95 167
95 111
95 112
95 117
95 125
96 133
96 162
96 147
96 121
96 97
96 148
96 166
96 102
96 106
96 111
96 112
96 108
96 114
96 115
96 117
96 127
97 152
97 154
97 159
97 178
97 105
97 106
97 173
97 113
97 125
98 100
98 133
98 136
98 172
98 147
98 151
98 154
98 102
98 169
98 107
98 113
98 106
99 128
99 172
99 136
99 168
99 101
99 102
99 108
99 112
99 113
99 105
99 119
99 124
99 138
99 127
100 102
100 136
100 138
100 168
100 163
100 105
100 122
101 162
101 173
101 153
101 115
101 105
101 151
102 128
102 172
102 141
102 144
102 149
102 159
102 157
102 178
102 139
102 177
102 162
102 104
102 106
102 108
102 110
102 111
102 117
102 118
102 169
102 125
102 127
103 111
103 174
104 135
105 128
105 172
105 141
105 142
105 149
105 152
105 158
105 133
105 129
105 169
105 157
105 136
105 159
105 138
105 167
105 177
105 107
105 108
105 110
105 111
105 168
105 116
105 117
105 148
105 125
105 127
106 128
106 130
106 115
106 147
106 136
106 111
106 144
106 151
106 108
106 173
106 177
106 112
106 157
106 166
107 133
107 136
107 138
107 141
107 149
107 167
107 171
107 177
107 178
107 173
107 166
107 108
107 110
107 111
107 168
107 118
107 123
107 124
108 131
108 136
108 173
108 152
108 154
108 133
108 172
108 177
108 158
108 159
108 166
108 111
108 112
108 115
108 118
108 125
108 127
109 110
109 115
110 129
110 133
110 137
110 141
110 142
110 115
110 173
110 155
110 162
110 174
110 111
110 168
110 117
110 118
110 127
111 128
111 171
111 133
111 134
111 136
111 141
111 142
111 173
111 152
111 159
111 166
111 177
111 165
111 113
111 117
111 148
111 127
112 128
112 136
112 130
112 165
112 169
112 178
112 119
112 127
113 128
113 133
113 161
113 136
113 142
113 173
113 149
113 152
113 153
113 154
113 159
113 177
113 114
113 162
113 151
113 125
113 127
114 128
114 159
114 115
115 129
115 136
115 142
115 132
115 168
115 177
115 118
115 159
116 136
116 161
117 131
117 136
117 147
117 148
117 137
117 132
117 152
117 118
117 157
117 177
117 159
117 124
117 125
117 126
117 127
118 133
119 166
119 159
120 139
121 138
121 139
121 136
121 159
121 127
123 147
124 173
124 154
124 126
125 128
125 154
125 165
125 173
125 126
125 127
126 178
126 141
126 127
127 128
127 136
127 138
127 152
127 153
127 158
127 175
127 178
127 168
127 146
127 149
128 136
128 172
128 141
128 173
128 151
128 158
128 133
128 159
128 178
130 171
130 173
130 152
130 156
130 158
131 175
131 159
132 161
132 133
132 136
132 149
133 171
133 136
133 142
133 145
133 158
133 159
133 174
133 157
133 151
133 178
135 178
136 138
136 141
136 173
136 152
136 154
136 163
136 165
136 157
136 178
136 159
136 168
136 162
136 146
136 177
138 147
138 141
138 148
138 143
138 158
139 152
139 149
141 171
141 148
141 159
141 162
141 177
141 158
142 145
143 159
145 165
145 163
147 173
147 154
147 165
147 172
148 165
148 157
149 177
149 151
149 158
149 159
149 168
151 178
151 159
152 174
152 177
152 173
152 178
152 169
152 168
153 162
153 157
154 178
156 177
156 178
156 159
157 168
157 173
157 177
157 174
157 159
158 167
158 178
159 161
159 172
159 162
159 173
159 166
159 178
159 167
161 178
161 162
162 174
162 167
162 168
162 171
163 178
165 172
165 178
168 171
168 177
169 177
173 177
177 178
