0 100
0 107
0 36
0 101
0 39
0 41
0 158
0 75
0 108
0 77
0 28
0 174
0 16
0 115
0 110
0 121
0 137
0 89
0 92
0 157
0 62
1 112
1 129
1 152
1 133
2 128
2 65
2 66
2 5
2 70
2 135
2 136
2 137
2 10
2 76
2 77
2 152
2 24
2 100
2 91
2 125
2 98
2 35
2 36
2 165
2 113
2 41
2 107
2 44
2 45
2 174
2 111
2 157
2 49
2 50
2 115
2 74
2 127
3 69
3 7
3 9
3 138
3 76
3 141
3 142
3 20
3 149
3 22
3 151
3 152
3 92
3 93
3 159
3 96
3 98
3 36
3 102
3 39
3 168
3 42
3 43
3 173
3 29
3 157
3 113
3 179
3 162
3 57
3 58
3 125
3 127
4 128
4 67
4 5
4 70
4 7
4 136
4 75
4 76
4 17
4 147
4 21
4 29
4 32
4 102
4 106
4 71
4 46
4 50
4 115
4 170
4 85
4 127
5 131
5 7
5 136
5 138
5 139
5 15
5 144
5 24
5 18
5 148
5 151
5 152
5 132
5 29
5 30
5 159
5 35
5 40
5 42
5 44
5 173
5 157
5 49
5 178
5 54
5 56
5 168
5 67
5 71
5 75
5 82
5 90
5 92
5 99
5 101
5 102
5 105
5 107
5 108
5 112
5 113
5 114
5 118
5 125
5 127
6 128
6 70
6 7
6 151
6 77
6 111
6 112
6 173
6 148
6 55
6 24
6 15
6 159
7 128
7 172
7 130
7 136
7 9
7 138
7 11
7 15
7 16
7 18
7 131
7 20
7 151
7 152
7 27
7 28
7 29
7 133
7 162
7 36
7 38
7 40
7 41
7 42
7 43
7 44
7 45
7 46
7 49
7 50
7 51
7 54
7 137
7 66
7 67
7 70
7 75
7 76
7 79
7 173
7 85
7 90
7 94
7 97
7 100
7 101
7 178
7 105
7 106
7 108
7 110
7 111
7 114
7 117
7 124
7 126
7 127
8 146
8 165
8 102
8 167
8 24
8 26
8 75
8 108
9 67
9 100
9 37
9 71
9 72
9 10
9 75
9 108
9 173
9 152
9 112
9 115
9 21
9 86
9 23
9 136
9 159
9 118
9 133
10 99
10 102
10 136
10 41
10 107
10 143
10 40
10 118
10 151
10 127
11 66
11 115
11 136
11 75
11 13
11 78
11 15
11 17
11 82
11 99
11 173
11 169
11 28
11 29
11 159
11 97
11 35
11 100
11 102
11 178
11 168
11 105
11 106
11 44
11 45
11 111
11 112
11 50
11 51
11 55
11 56
11 57
13 67
13 108
13 75
13 76
13 115
13 18
13 22
13 24
13 152
13 27
13 94
13 32
13 162
13 35
13 36
13 37
13 38
13 107
13 44
13 110
13 111
13 113
13 178
13 51
14 175
14 149
14 157
15 128
15 129
15 171
15 136
15 141
15 146
15 147
15 149
15 151
15 152
15 27
15 156
15 157
15 158
15 133
15 35
15 36
15 177
15 42
15 43
15 44
15 173
15 46
15 175
15 49
15 50
15 51
15 56
15 57
15 159
15 62
15 63
15 70
15 71
15 74
15 75
15 78
15 82
15 86
15 87
15 88
15 90
15 174
15 94
15 95
15 98
15 101
15 102
15 105
15 109
15 110
15 111
15 115
15 117
16 65
16 133
16 162
16 142
16 141
16 173
16 86
16 23
16 153
16 90
16 91
16 28
16 157
16 98
16 37
16 40
16 105
16 44
16 45
16 177
17 133
17 38
17 141
17 177
17 50
17 19
17 52
17 21
17 85
17 117
18 128
18 136
18 172
18 142
18 24
18 148
18 152
18 27
18 28
18 159
18 162
18 37
18 38
18 177
18 168
18 42
18 44
18 45
18 174
18 49
18 50
18 51
18 52
18 54
18 55
18 57
18 66
18 67
18 71
18 74
18 75
18 76
18 82
18 90
18 91
18 94
18 96
18 99
18 166
18 102
18 178
18 105
18 108
18 113
18 117
18 118
18 125
18 127
19 48
19 66
20 128
20 136
20 172
20 162
20 142
20 173
20 82
20 22
20 154
20 28
20 157
20 97
20 34
20 35
20 105
20 42
20 107
20 44
20 45
20 110
20 178
20 115
20 56
20 170
20 127
21 131
21 101
21 105
21 138
21 75
21 47
21 86
21 36
21 92
22 128
22 162
22 136
22 75
22 142
22 110
22 86
22 28
22 159
22 32
22 34
22 35
22 101
22 102
22 178
22 168
22 107
22 108
22 173
22 46
22 174
22 113
22 50
22 52
23 99
23 37
23 138
23 107
23 45
23 142
23 47
23 173
23 118
23 28
23 157
24 128
24 71
24 75
24 76
24 66
24 142
24 147
24 26
24 27
24 101
24 29
24 69
24 162
24 99
24 37
24 102
24 178
24 168
24 41
24 44
24 45
24 47
24 136
24 49
24 50
24 117
24 118
24 105
24 114
24 166
24 157
24 127
25 136
25 108
25 173
26 64
26 165
26 102
26 39
26 138
26 76
26 114
26 121
26 31
26 156
26 125
26 95
27 51
27 130
27 136
27 74
27 75
27 76
27 78
27 92
27 34
27 28
27 102
27 105
27 107
27 45
27 110
27 177
27 50
27 115
27 125
27 62
28 65
28 73
28 75
28 171
28 29
28 158
28 33
28 35
28 168
28 105
28 106
28 71
28 108
28 173
28 157
28 49
28 50
28 115
28 52
28 118
28 151
29 128
29 67
29 136
29 74
29 148
29 85
29 132
29 90
29 92
29 158
29 160
29 161
29 36
29 37
29 39
29 168
29 41
29 147
29 167
29 108
29 173
29 48
29 178
29 51
29 54
29 57
29 127
30 173
30 171
30 39
30 44
30 127
30 76
30 110
30 78
30 111
31 170
32 54
32 102
32 71
32 108
32 78
32 111
32 114
32 116
32 90
33 72
33 45
33 157
34 130
34 99
34 132
34 86
34 70
34 168
34 105
34 74
34 107
34 44
34 154
34 49
34 152
34 90
34 93
34 159
35 128
35 136
35 172
35 75
35 78
35 77
35 115
35 141
35 149
35 152
35 86
35 157
35 159
35 160
35 97
35 99
35 100
35 37
35 102
35 39
35 40
35 42
35 125
35 173
35 110
35 111
35 168
35 178
35 51
35 52
35 105
35 106
35 127
36 128
36 141
36 82
36 67
36 86
36 153
36 156
36 158
36 99
36 102
36 167
36 41
36 106
36 107
36 44
36 45
36 47
36 157
36 113
36 115
36 52
36 54
36 55
36 123
36 127
37 65
37 67
37 179
37 70
37 135
37 75
37 152
37 154
37 90
37 97
37 38
37 177
37 104
37 41
37 171
37 44
37 110
37 112
37 49
37 178
37 115
37 52
37 118
37 57
37 127
38 128
38 66
38 67
38 133
38 70
38 136
38 75
38 115
38 82
38 107
38 86
38 167
38 157
38 159
38 97
38 99
38 100
38 102
38 39
38 40
38 105
38 43
38 44
38 174
38 111
38 49
38 178
38 51
38 56
38 122
38 127
38 63
39 71
39 136
39 172
39 74
39 75
39 76
39 162
39 157
39 82
39 67
39 148
39 110
39 86
39 152
39 89
39 90
39 111
39 95
39 98
39 177
39 168
39 105
39 42
39 171
39 108
39 173
39 46
39 112
39 113
39 178
39 138
39 56
39 159
39 125
40 128
40 130
40 131
40 136
40 44
40 142
40 146
40 147
40 149
40 162
40 165
40 43
40 172
40 174
40 178
40 52
40 54
40 137
40 163
40 66
40 67
40 70
40 71
40 74
40 75
40 76
40 82
40 83
40 89
40 94
40 97
40 144
40 107
40 108
40 109
40 112
40 118
40 126
41 129
41 67
41 132
41 133
41 172
41 75
41 76
41 115
41 163
41 110
41 86
41 87
41 155
41 159
41 99
41 102
41 168
41 105
41 108
41 45
41 46
41 111
41 112
41 49
41 178
41 51
41 52
41 55
41 151
41 74
41 127
42 136
42 75
42 141
42 82
42 152
42 154
42 102
42 106
42 46
42 113
42 56
42 57
42 125
42 63
43 149
43 133
43 70
43 138
43 76
43 78
43 115
43 173
43 82
43 148
43 46
43 152
43 71
43 154
43 158
43 97
43 99
43 177
43 107
43 44
43 45
43 110
43 111
43 112
43 113
43 50
43 51
43 117
43 63
44 128
44 136
44 147
44 151
44 152
44 133
44 162
44 170
44 172
44 45
44 178
44 51
44 55
44 159
44 66
44 139
44 76
44 173
44 90
44 95
44 165
44 98
44 102
44 105
44 107
44 146
44 110
44 113
44 117
44 148
44 127
45 134
45 136
45 108
45 74
45 75
45 76
45 77
45 67
45 110
45 86
45 153
45 90
45 157
45 94
45 159
45 107
45 99
45 166
45 102
45 82
45 46
45 177
45 131
45 52
45 117
45 105
45 148
45 87
45 125
46 128
46 136
46 177
46 75
46 77
46 142
46 82
46 163
46 90
46 167
46 97
46 98
46 99
46 102
46 104
46 49
46 51
46 118
46 168
46 124
46 106
47 136
47 82
47 102
47 151
47 117
48 144
48 165
48 136
48 105
48 75
48 108
49 136
49 138
49 77
49 147
49 142
49 154
49 98
49 92
49 90
49 133
49 96
49 178
49 168
49 107
49 82
49 174
49 50
49 115
49 59
49 62
49 166
50 128
50 133
50 130
50 72
50 75
50 76
50 77
50 142
50 107
50 148
50 85
50 132
50 71
50 154
50 95
50 98
50 131
50 177
50 168
50 105
50 171
50 108
50 82
50 110
50 157
50 115
50 57
50 159
50 124
51 128
51 171
51 133
51 136
51 142
51 141
51 159
51 162
51 165
51 167
51 168
51 157
51 178
51 54
51 56
51 57
51 67
51 75
51 143
51 135
51 79
51 82
51 87
51 91
51 92
51 93
51 95
51 97
51 98
51 99
51 101
51 102
51 104
51 105
51 106
51 108
51 166
51 111
51 112
51 113
51 114
51 117
51 118
51 124
51 125
51 127
52 97
52 71
52 106
52 174
52 151
52 136
52 154
53 178
54 75
54 83
54 149
54 89
54 154
54 92
54 90
54 100
54 165
54 105
54 173
54 113
54 57
54 127
55 172
55 65
55 67
55 133
55 129
55 108
55 77
55 78
55 147
55 84
55 86
55 157
55 97
55 99
55 107
55 111
55 177
55 115
55 105
55 148
55 125
56 133
56 70
56 138
56 75
56 76
56 82
56 86
56 152
56 90
56 154
56 108
56 111
56 177
56 178
56 57
56 63
56 127
57 66
57 136
57 76
57 84
57 154
57 75
57 165
57 97
57 162
57 102
57 108
57 178
57 110
57 157
57 121
57 127
58 114
58 100
58 85
58 70
58 136
58 171
58 157
58 111
59 96
59 178
59 99
59 149
59 70
59 90
59 76
59 166
59 110
59 127
61 121
62 149
62 74
62 127
62 108
62 111
62 178
62 117
62 121
62 136
62 95
63 128
63 86
63 151
63 105
63 77
64 105
64 90
65 134
65 87
65 108
65 141
65 110
65 174
65 118
65 88
65 158
65 159
66 67
66 133
66 136
66 149
66 75
66 162
66 100
66 102
66 105
66 106
66 112
66 178
66 115
67 115
67 109
67 141
67 131
67 148
67 147
67 86
67 105
67 152
67 89
67 154
67 94
67 98
67 99
67 82
67 157
67 117
67 125
68 171
68 133
68 149
69 115
69 168
69 177
69 90
69 108
69 125
69 94
70 129
70 133
70 136
70 168
70 98
70 142
70 82
70 85
70 86
70 151
70 90
70 159
70 165
70 99
70 110
70 111
70 113
70 178
70 117
70 118
70 125
71 128
71 136
71 75
71 78
71 178
71 91
71 82
71 110
71 175
71 117
71 127
72 112
72 110
73 144
73 105
73 178
73 133
74 129
74 133
74 172
74 75
74 76
74 162
74 142
74 173
74 148
74 174
74 86
74 164
74 154
74 94
74 163
74 100
74 106
74 171
74 108
74 110
74 111
74 157
74 114
74 105
74 175
74 119
75 128
75 130
75 131
75 134
75 138
75 151
75 132
75 172
75 136
75 129
75 141
75 173
75 83
75 86
75 89
75 174
75 97
75 98
75 178
75 105
75 107
75 146
75 111
75 112
75 114
75 115
75 118
76 128
76 133
76 136
76 137
76 138
76 140
76 173
76 152
76 131
76 148
76 171
76 157
76 159
76 161
76 165
76 166
76 174
76 177
76 172
76 158
76 77
76 78
76 85
76 96
76 100
76 101
76 102
76 178
76 105
76 108
76 109
76 110
76 168
76 147
76 117
76 118
76 124
76 127
77 100
77 171
77 148
77 78
77 127
77 117
77 159
78 158
78 114
78 136
78 168
78 110
78 91
78 85
78 169
78 94
78 165
79 118
80 83
82 128
82 130
82 134
82 138
82 142
82 147
82 149
82 151
82 156
82 133
82 165
82 174
82 159
82 177
82 83
82 86
82 90
82 94
82 98
82 100
82 101
82 102
82 105
82 107
82 108
82 110
82 111
82 148
82 123
83 136
83 108
83 173
83 143
84 171
84 158
85 102
85 136
85 178
85 125
85 112
86 128
86 105
86 100
86 168
86 107
86 108
86 117
87 117
88 136
88 141
88 89
89 139
90 128
90 107
90 136
90 98
90 141
90 147
90 149
90 151
90 152
90 174
90 94
90 165
90 162
90 168
90 105
90 111
90 124
90 125
90 127
91 100
91 168
91 138
91 103
91 108
91 174
91 158
91 159
92 128
92 136
92 177
92 138
92 139
92 141
92 152
92 162
92 99
92 102
92 169
92 108
92 111
92 113
92 118
93 148
93 94
94 128
94 139
94 173
94 131
94 156
94 133
94 98
94 108
94 157
94 147
94 117
94 118
95 148
95 108
95 159
95 157
96 128
96 133
96 101
96 113
96 168
96 105
96 108
96 114
96 173
96 147
96 148
96 159
96 127
97 128
97 133
97 134
97 136
97 172
97 163
97 149
97 169
97 160
97 162
97 105
97 107
97 108
97 111
97 113
97 178
97 168
97 127
98 172
98 136
98 138
98 162
98 142
98 131
98 174
98 157
98 159
98 107
98 108
99 128
99 135
99 172
99 173
99 115
99 163
99 171
99 154
99 159
99 161
99 100
99 168
99 108
99 111
99 112
99 178
99 105
99 117
99 121
99 151
99 127
100 128
100 136
100 102
100 169
100 107
100 173
100 111
100 147
100 117
101 102
101 128
101 157
101 177
101 118
102 128
102 130
102 172
102 142
102 147
102 174
102 132
102 156
102 154
102 159
102 162
102 136
102 178
102 105
102 112
102 113
102 115
102 121
102 125
103 178
103 156
105 128
105 149
105 132
105 172
105 136
105 137
105 141
105 142
105 152
105 151
105 154
105 157
105 159
105 171
105 162
105 173
105 178
105 107
105 108
105 111
105 117
105 118
105 125
105 126
105 127
106 133
106 136
106 172
106 173
106 149
106 152
106 159
106 162
106 168
106 108
106 110
106 174
106 178
106 127
107 132
107 136
107 130
107 142
107 173
107 144
107 152
107 154
107 158
107 159
107 165
107 174
107 178
107 108
107 111
107 112
107 117
107 118
107 148
107 127
108 128
108 130
108 173
108 162
108 165
108 166
108 174
108 157
108 136
108 178
108 110
108 113
108 118
109 114
109 178
110 178
110 133
110 141
110 173
110 149
110 152
110 128
110 168
110 112
110 113
110 123
110 118
110 114
110 125
110 127
111 128
111 129
111 136
111 137
111 142
111 147
111 153
111 154
111 157
111 162
111 165
111 168
111 172
111 173
111 174
111 141
111 113
111 115
111 117
111 125
111 126
111 127
112 177
112 157
112 173
112 174
112 113
112 178
112 136
112 127
113 128
113 129
113 135
113 138
113 141
113 115
113 151
113 159
113 162
113 165
113 168
113 161
113 177
113 178
113 117
113 125
114 164
114 144
115 149
115 143
115 144
115 157
115 133
115 178
115 125
115 173
115 177
115 117
115 127
116 167
117 129
117 132
117 133
117 136
117 172
117 139
117 173
117 147
117 157
117 161
117 165
117 168
117 178
117 169
117 127
118 149
118 136
118 152
118 133
118 161
118 164
118 178
118 127
119 124
119 143
120 135
121 162
121 131
121 150
121 136
122 131
122 147
123 154
123 173
124 131
124 133
124 157
125 128
125 148
125 156
125 158
125 178
126 136
126 146
126 132
126 174
126 177
126 158
127 141
127 142
127 147
127 171
127 159
127 162
127 167
127 135
127 176
127 158
127 165
127 148
128 133
128 136
128 141
128 174
128 152
128 154
128 158
128 165
128 177
128 168
129 136
129 159
130 136
130 173
130 159
131 136
131 147
131 168
132 135
132 158
132 144
133 134
133 147
133 153
133 157
133 159
133 162
133 165
133 177
133 168
133 172
133 173
133 174
136 152
136 147
136 158
136 159
136 160
136 165
136 178
136 157
136 173
136 168
137 162
138 156
138 171
138 173
138 159
139 148
139 159
140 151
141 159
141 173
142 157
143 159
144 152
146 178
146 175
147 154
147 162
147 177
147 168
148 178
149 154
149 159
149 177
151 172
151 159
151 165
151 177
151 178
152 165
152 163
153 156
154 168
154 173
154 163
156 161
156 157
157 160
157 162
157 165
157 159
157 173
157 178
158 162
158 177
159 162
159 165
159 168
159 177
159 173
159 166
159 178
161 172
161 168
161 166
162 171
162 167
162 173
162 177
163 165
163 171
165 178
168 178
171 172
172 179
173 174
173 178
174 176
174 178
