0 97
0 35
0 4
0 5
0 165
0 7
0 41
0 74
0 43
0 108
0 13
0 110
0 15
0 177
0 51
0 118
0 151
0 90
0 159
0 158
0 133
1 32
1 97
1 2
1 3
1 100
1 110
1 15
1 147
1 78
1 122
1 157
1 159
2 128
2 3
2 5
2 13
2 82
2 35
2 23
2 154
2 133
2 96
2 97
2 98
2 99
2 102
2 38
2 167
2 40
2 105
2 42
2 44
2 45
2 111
2 112
2 49
2 178
2 54
2 126
3 131
3 69
3 70
3 139
3 82
3 147
3 148
3 151
3 29
3 159
3 162
3 102
3 38
3 39
3 168
3 105
3 42
3 108
3 173
3 174
3 157
3 178
3 51
3 55
3 126
3 127
4 165
4 130
4 99
4 37
4 73
4 43
4 76
4 141
4 110
4 15
4 163
4 23
4 58
4 159
4 151
4 125
4 94
4 63
5 128
5 67
5 69
5 70
5 7
5 72
5 74
5 11
5 15
5 115
5 75
5 21
5 23
5 164
5 26
5 27
5 157
5 133
5 162
5 35
5 82
5 102
5 39
5 40
5 41
5 42
5 107
5 45
5 110
5 174
5 48
5 136
5 50
5 51
5 52
5 117
5 118
5 105
5 159
5 126
5 146
6 49
6 18
6 37
6 177
6 136
6 41
6 75
6 174
6 61
6 168
6 117
7 65
7 107
7 128
7 177
7 74
7 75
7 162
7 15
7 16
7 115
7 82
7 20
7 22
7 105
7 24
7 29
7 94
7 133
7 97
7 98
7 35
7 100
7 37
7 38
7 39
7 41
7 43
7 108
7 110
7 47
7 157
7 113
7 51
7 52
7 118
7 55
7 148
7 102
7 165
8 111
8 90
8 75
8 76
8 173
8 159
9 66
9 171
9 69
9 70
9 136
9 137
9 98
9 15
9 18
9 147
9 20
9 149
9 152
9 90
9 29
9 130
9 33
9 34
9 99
9 36
9 146
9 168
9 43
9 108
9 82
9 174
9 177
9 118
9 159
10 133
10 67
10 37
10 70
10 40
10 170
10 172
10 110
10 15
10 20
10 117
10 54
10 28
10 157
10 94
10 127
11 65
11 74
11 75
11 76
11 162
11 16
11 18
11 147
11 84
11 22
11 24
11 92
11 150
11 97
11 34
11 35
11 37
11 168
11 106
11 107
11 178
11 51
11 117
11 125
12 45
12 95
13 128
13 50
13 36
13 39
13 105
13 106
13 173
13 66
13 15
13 16
13 141
13 82
13 21
13 118
13 100
13 159
13 63
14 177
14 74
14 140
14 122
14 110
15 131
15 136
15 151
15 152
15 18
15 20
15 23
15 24
15 132
15 179
15 28
15 29
15 30
15 133
15 35
15 165
15 166
15 39
15 40
15 41
15 42
15 171
15 173
15 174
15 157
15 177
15 50
15 128
15 55
15 56
15 57
15 159
15 67
15 74
15 75
15 76
15 77
15 82
15 163
15 84
15 90
15 92
15 94
15 96
15 97
15 100
15 102
15 178
15 105
15 108
15 110
15 111
15 113
15 169
15 121
15 124
16 133
16 97
16 113
16 37
16 38
16 43
16 77
16 49
16 178
16 115
16 139
16 86
16 92
16 63
17 128
17 113
17 125
17 99
17 178
17 40
17 159
17 47
17 108
17 93
17 63
18 128
18 107
18 70
18 136
18 77
18 152
18 125
18 147
18 20
18 22
18 121
18 137
18 90
18 91
18 28
18 29
18 151
18 148
18 100
18 37
18 38
18 40
18 92
18 43
18 44
18 45
18 111
18 157
18 108
18 50
18 54
18 105
18 120
18 57
18 124
18 102
18 62
19 104
19 90
20 139
20 168
20 74
20 107
20 82
20 46
20 29
20 141
20 153
20 124
20 127
21 67
21 36
21 133
21 45
21 110
21 173
21 178
21 117
21 22
21 56
21 156
22 66
22 136
22 75
22 76
22 77
22 143
22 81
22 148
22 86
22 28
22 95
22 36
22 105
22 106
22 43
22 173
22 46
22 59
22 127
23 131
23 100
23 77
23 46
23 177
23 94
23 153
23 36
23 90
23 59
23 124
23 125
23 159
24 128
24 129
24 130
24 171
24 132
24 69
24 76
24 162
24 78
24 120
24 82
24 147
24 86
24 118
24 92
24 29
24 133
24 97
24 98
24 165
24 102
24 177
24 40
24 41
24 107
24 108
24 45
24 174
24 157
24 113
24 50
24 52
24 117
24 54
24 56
24 159
24 125
25 66
25 147
25 117
25 39
25 76
25 82
26 128
26 98
26 43
26 136
26 41
26 75
26 28
26 111
26 113
26 178
26 86
26 92
26 37
27 96
27 65
27 149
27 132
27 38
27 97
27 129
27 172
27 75
27 76
27 101
27 78
27 49
27 178
27 46
27 118
27 160
27 70
27 30
27 37
28 51
28 130
28 172
28 74
28 139
28 141
28 147
28 170
28 86
28 79
28 29
28 94
28 162
28 99
28 100
28 165
28 41
28 106
28 171
28 44
28 157
28 113
28 115
28 105
28 125
29 128
29 130
29 74
29 77
29 78
29 99
29 86
29 105
29 90
29 96
29 97
29 35
29 36
29 101
29 107
29 39
29 40
29 92
29 42
29 43
29 108
29 46
29 47
29 163
29 177
29 117
29 55
29 57
29 121
29 63
30 96
30 66
30 133
30 102
30 39
30 136
30 75
30 46
30 51
30 119
30 134
31 32
32 174
32 70
32 129
32 40
32 74
32 159
32 110
33 105
33 108
33 55
34 37
34 134
34 113
34 43
34 76
34 45
34 110
34 111
34 141
34 49
34 50
34 105
34 174
34 86
34 55
34 152
34 91
34 157
34 127
35 128
35 107
35 147
35 70
35 76
35 66
35 82
35 83
35 149
35 86
35 71
35 154
35 94
35 133
35 171
35 161
35 98
35 36
35 37
35 38
35 177
35 105
35 106
35 43
35 125
35 173
35 111
35 113
35 178
35 115
35 52
35 54
35 56
35 121
35 159
35 102
36 177
36 118
36 139
36 76
36 77
36 147
36 152
36 92
36 96
36 100
36 165
36 113
36 40
36 106
36 43
36 44
36 46
36 48
36 108
36 50
36 51
36 54
36 56
36 127
37 128
37 66
37 139
37 77
37 161
37 83
37 148
37 147
37 90
37 97
37 100
37 38
37 177
37 112
37 44
37 82
37 111
37 99
37 157
37 51
37 117
37 54
37 121
37 125
37 127
38 128
38 129
38 147
38 136
38 77
38 145
38 107
38 148
38 87
38 39
38 90
38 156
38 157
38 94
38 103
38 168
38 41
38 43
38 146
38 46
38 111
38 112
38 49
38 178
38 51
38 52
38 117
38 56
38 121
39 128
39 149
39 66
39 74
39 111
39 77
39 115
39 146
39 85
39 86
39 90
39 91
39 92
39 159
39 165
39 102
39 105
39 114
39 110
39 47
39 50
39 51
39 52
39 94
39 118
39 124
39 125
39 127
40 128
40 136
40 44
40 151
40 163
40 165
40 168
40 42
40 172
40 45
40 157
40 49
40 56
40 62
40 63
40 75
40 76
40 78
40 173
40 83
40 90
40 92
40 93
40 98
40 100
40 102
40 107
40 146
40 110
40 113
40 117
40 121
40 126
40 127
41 67
41 70
41 72
41 75
41 76
41 141
41 144
41 148
41 171
41 86
41 92
41 157
41 95
41 162
41 163
41 106
41 107
41 45
41 112
41 136
41 115
41 117
41 55
41 159
41 102
42 66
42 130
42 147
42 90
42 93
42 96
42 107
42 177
42 169
42 43
42 108
42 174
42 47
42 49
42 178
42 52
42 57
42 125
43 149
43 179
43 69
43 136
43 75
43 77
43 163
43 85
43 86
43 158
43 95
43 165
43 168
43 92
43 107
43 108
43 45
43 110
43 47
43 157
43 178
43 172
43 54
43 137
43 159
43 63
44 65
44 67
44 133
44 76
44 173
44 149
44 152
44 90
44 158
44 159
44 97
44 107
44 82
44 112
44 177
44 114
44 115
44 127
45 128
45 75
45 168
45 136
45 76
45 74
45 55
45 82
45 107
45 148
45 154
45 94
45 133
45 100
45 114
45 167
45 106
45 108
45 46
45 111
45 112
45 49
45 50
45 131
45 117
45 105
45 122
45 159
46 68
46 133
46 136
46 141
46 83
46 86
46 159
46 98
46 99
46 101
46 105
46 107
46 108
46 111
46 51
46 158
47 96
47 68
47 136
47 111
47 112
47 118
47 151
47 164
47 92
48 102
48 147
48 54
49 71
49 136
49 66
49 78
49 152
49 148
49 88
49 90
49 154
49 159
49 161
49 100
49 102
49 169
49 135
49 172
49 157
49 51
49 162
49 55
49 57
49 165
49 127
50 162
50 65
50 71
50 136
50 74
50 75
50 152
50 86
50 151
50 100
50 98
50 91
50 167
50 158
50 159
50 96
50 97
50 107
50 110
50 113
50 178
50 115
50 52
50 82
50 57
50 59
50 124
50 138
51 128
51 147
51 151
51 133
51 162
51 163
51 129
51 178
51 52
51 55
51 159
51 66
51 69
51 70
51 73
51 75
51 76
51 77
51 79
51 88
51 93
51 94
51 165
51 59
51 102
51 105
51 107
51 110
51 112
51 113
51 117
51 118
52 66
52 105
52 82
52 177
52 113
52 67
52 59
52 158
52 165
53 74
53 90
53 54
54 129
54 139
54 133
54 70
54 136
54 75
54 76
54 66
54 99
54 156
54 157
54 159
54 97
54 168
54 111
54 178
54 56
54 125
55 136
55 119
55 76
55 98
55 78
55 115
55 173
55 148
55 142
55 99
55 102
55 168
55 117
55 118
55 105
55 56
55 109
56 128
56 133
56 136
56 75
56 152
56 99
56 156
56 158
56 95
56 160
56 102
56 92
56 159
56 62
56 127
57 149
57 177
57 71
57 172
57 74
57 76
57 78
57 173
57 82
57 85
57 86
57 151
57 90
57 94
57 165
57 142
57 105
57 108
57 110
57 111
57 117
57 127
58 162
58 149
58 107
58 92
58 157
59 96
59 97
59 70
59 169
59 172
59 113
59 117
59 157
61 162
62 128
62 83
62 70
62 136
62 107
62 76
62 110
63 98
63 166
63 110
63 147
63 118
63 127
64 76
65 128
65 99
65 70
65 105
65 113
65 155
65 151
65 154
65 91
65 156
65 158
66 86
66 78
66 77
66 163
66 151
66 90
66 92
66 157
66 162
66 100
66 167
66 172
66 111
66 178
66 158
66 125
67 128
67 74
67 75
67 144
67 147
67 90
67 133
67 100
67 173
67 110
67 112
67 177
67 178
67 118
67 105
67 121
67 138
68 111
69 148
69 86
69 113
69 90
69 165
70 135
70 136
70 142
70 151
70 156
70 159
70 161
70 107
70 110
70 177
70 117
70 105
71 130
71 102
71 136
71 82
71 173
71 163
71 154
71 124
71 125
72 128
73 133
73 105
73 138
73 75
73 141
73 157
74 128
74 178
74 141
74 144
74 75
74 83
74 174
74 88
74 90
74 92
74 159
74 98
74 162
74 165
74 110
74 111
74 157
74 105
75 128
75 171
75 132
75 138
75 142
75 146
75 149
75 156
75 154
75 133
75 157
75 158
75 76
75 78
75 173
75 82
75 143
75 92
75 94
75 95
75 96
75 97
75 98
75 99
75 102
75 178
75 105
75 109
75 111
75 168
75 117
76 128
76 133
76 137
76 138
76 141
76 152
76 148
76 149
76 151
76 161
76 165
76 174
76 136
76 178
76 173
76 82
76 163
76 86
76 90
76 91
76 94
76 97
76 99
76 101
76 102
76 105
76 106
76 107
76 111
76 113
76 115
76 117
76 123
76 124
76 127
77 133
77 138
77 141
77 131
77 154
77 91
77 159
77 105
77 170
77 107
77 146
77 111
77 112
77 115
78 128
78 129
78 136
78 143
78 147
78 169
78 157
78 99
78 163
78 177
78 105
78 108
78 173
78 111
78 115
79 159
81 99
82 128
82 136
82 130
82 147
82 149
82 152
82 157
82 158
82 133
82 171
82 174
82 177
82 87
82 90
82 92
82 165
82 97
82 98
82 99
82 131
82 105
82 108
82 110
82 111
82 112
82 115
82 118
82 121
83 114
83 172
83 159
84 111
85 180
85 136
85 125
85 94
85 95
86 128
86 107
86 152
86 167
86 99
86 110
86 92
86 159
86 97
86 111
86 147
86 117
86 118
86 105
86 124
86 125
86 149
87 147
87 118
87 107
87 173
87 174
88 126
88 135
89 166
90 131
90 147
90 113
90 149
90 154
90 133
90 96
90 177
90 99
90 100
90 105
90 107
90 110
90 115
90 138
90 136
90 102
90 117
91 128
91 133
91 102
91 105
91 167
91 111
91 147
91 149
92 147
92 161
92 154
92 141
92 173
92 107
92 149
92 111
92 95
92 97
92 163
92 102
92 171
92 108
92 168
92 115
92 159
93 157
94 131
94 141
94 99
94 148
94 152
94 159
94 164
94 163
94 105
94 107
94 174
94 114
94 117
95 168
95 135
95 136
95 177
95 107
95 173
95 142
95 111
95 115
95 153
95 123
95 158
95 117
96 129
96 133
96 136
96 147
96 149
96 159
96 101
96 105
96 107
96 108
96 177
97 172
97 130
97 141
97 147
97 158
97 165
97 163
97 168
97 105
97 171
97 173
97 174
97 115
97 127
98 133
98 136
98 173
98 144
98 152
98 99
98 150
98 151
98 154
98 162
98 164
98 163
98 102
98 109
98 177
98 115
99 128
99 133
99 110
99 152
99 159
99 163
99 164
99 108
99 111
99 112
99 178
99 115
99 149
100 131
100 154
100 101
100 167
100 135
100 111
100 157
100 147
100 119
100 127
101 142
101 168
101 138
101 110
101 174
101 159
101 115
101 118
101 170
101 117
102 128
102 132
102 136
102 162
102 115
102 107
102 157
102 159
102 112
102 131
102 172
102 173
102 174
102 111
102 178
102 124
102 143
102 127
103 107
105 128
105 136
105 142
105 131
105 148
105 152
105 158
105 133
105 162
105 165
105 168
105 156
105 177
105 178
105 159
105 141
105 107
105 108
105 110
105 111
105 112
105 113
105 115
105 117
105 121
105 127
106 128
106 133
106 167
106 136
106 108
106 107
106 147
106 171
106 111
107 130
107 178
107 172
107 142
107 173
107 147
107 174
107 158
107 159
107 161
107 162
107 165
107 177
107 148
107 166
107 108
107 111
107 112
107 168
107 115
107 121
107 124
107 125
107 127
108 128
108 138
108 148
108 110
108 173
108 154
108 155
108 159
108 163
108 168
108 111
108 112
108 147
108 123
108 127
109 153
110 131
110 134
110 136
110 141
110 148
110 154
110 156
110 158
110 133
110 165
110 177
110 111
110 113
110 114
110 115
110 118
110 125
110 149
111 131
111 133
111 138
111 130
111 149
111 159
111 136
111 173
111 112
111 113
111 115
111 127
112 128
112 172
112 132
112 115
112 131
112 152
112 159
112 114
112 146
112 126
112 127
113 131
113 136
113 129
113 174
113 154
113 133
113 159
113 157
113 177
113 117
113 122
113 126
114 128
114 133
114 166
114 168
114 172
114 138
114 173
114 177
114 151
115 128
115 136
115 167
115 148
115 153
115 156
115 154
115 158
115 133
115 117
115 159
115 125
116 178
116 117
117 131
117 136
117 173
117 146
117 148
117 151
117 133
117 162
117 168
117 157
117 178
117 159
117 139
117 118
117 169
117 126
117 127
118 128
118 136
118 142
118 154
118 156
118 159
118 172
118 177
118 178
118 127
119 168
119 172
121 130
121 147
121 173
121 159
121 166
121 158
121 133
122 133
123 177
123 158
124 146
125 128
125 171
125 141
125 159
125 172
125 173
125 177
126 132
126 138
126 174
126 149
126 151
127 128
127 129
127 133
127 136
127 141
127 144
127 131
127 149
127 151
127 152
127 157
127 158
127 159
127 168
128 132
128 140
128 147
128 148
128 151
128 158
128 133
128 162
128 174
128 157
128 177
128 159
128 173
128 165
128 146
128 168
129 173
129 159
130 159
131 136
131 159
131 157
132 162
132 166
132 136
132 173
132 148
132 158
132 159
133 136
133 147
133 148
133 154
133 159
133 162
133 165
133 168
133 138
133 173
135 147
135 165
136 154
136 162
136 164
136 165
136 177
136 178
137 157
138 144
138 146
138 178
138 174
138 141
138 173
138 157
139 168
139 159
139 173
141 156
141 147
141 152
141 159
141 174
141 173
142 152
143 178
143 159
144 157
144 174
144 158
146 168
147 173
147 149
147 159
147 174
147 178
147 165
148 158
148 168
149 151
149 152
149 157
149 162
151 158
151 171
152 154
152 157
152 166
153 173
153 167
153 159
153 172
154 173
154 159
154 168
154 180
157 177
157 173
157 158
157 178
157 168
158 159
158 178
159 172
159 174
159 162
159 165
159 177
159 173
159 178
159 169
161 165
165 168
165 171
165 172
165 178
167 173
168 173
168 171
168 174
171 178
171 173
172 173
173 177
173 178
