0 96
0 35
0 5
0 102
0 74
0 75
0 45
0 110
0 18
0 147
0 149
0 153
0 57
0 125
0 159
1 32
1 35
1 133
1 39
1 58
1 76
1 141
2 65
2 4
2 7
2 177
2 74
2 75
2 76
2 141
2 78
2 15
2 145
2 20
2 21
2 90
2 28
2 29
2 95
2 96
2 97
2 163
2 103
2 168
2 171
2 44
2 173
2 113
2 50
2 115
2 52
2 55
2 159
2 138
3 130
3 69
3 6
3 7
3 74
3 76
3 15
3 82
3 149
3 86
3 152
3 90
3 28
3 30
3 165
3 97
3 98
3 37
3 178
3 168
3 156
3 108
3 18
3 174
3 111
3 177
3 50
3 51
3 54
3 55
4 82
4 70
4 38
4 7
4 40
4 105
4 10
4 71
4 76
4 66
4 78
4 49
4 18
4 51
4 147
4 26
4 28
4 90
5 67
5 133
5 70
5 7
5 9
5 151
5 76
5 142
5 173
5 82
5 83
5 148
5 149
5 23
5 152
5 159
5 92
5 29
5 158
5 95
5 96
5 107
5 34
5 102
5 39
5 168
5 105
5 106
5 43
5 108
5 45
5 46
5 111
5 113
5 178
5 147
5 118
5 55
5 57
5 123
5 125
6 128
6 33
6 101
6 97
6 137
6 10
6 11
6 108
6 13
6 112
6 49
6 19
6 85
6 86
6 152
6 90
6 138
6 30
7 128
7 149
7 135
7 136
7 10
7 142
7 15
7 18
7 131
7 21
7 151
7 152
7 158
7 159
7 34
7 35
7 165
7 39
7 40
7 43
7 44
7 45
7 47
7 49
7 51
7 52
7 57
7 59
7 67
7 69
7 70
7 74
7 75
7 76
7 162
7 82
7 86
7 90
7 91
7 94
7 96
7 100
7 102
7 107
7 108
7 146
7 110
7 111
7 112
7 113
7 114
7 147
7 127
8 83
8 147
8 37
8 22
8 168
8 10
8 75
8 133
9 43
9 70
9 71
9 11
9 44
9 178
9 112
9 50
9 51
9 171
9 22
9 90
9 159
9 166
9 102
9 62
9 133
10 130
10 75
10 13
10 16
10 22
10 23
10 24
10 91
10 97
10 27
10 37
10 38
10 39
10 42
10 44
10 110
10 117
10 151
10 127
11 149
11 66
11 115
11 177
11 109
11 78
11 15
11 82
11 99
11 170
11 110
11 86
11 151
11 90
11 27
11 28
11 30
11 165
11 34
11 91
11 37
11 38
11 167
11 40
11 41
11 42
11 43
11 108
11 18
11 46
11 111
11 49
11 178
11 51
11 180
11 118
11 105
11 56
11 168
11 102
11 127
12 76
12 44
13 38
13 71
13 105
13 107
13 76
13 45
13 18
13 22
13 59
13 157
14 37
14 71
15 128
15 132
15 133
15 136
15 138
15 130
15 141
15 131
15 171
15 23
15 24
15 154
15 156
15 29
15 30
15 159
15 32
15 177
15 40
15 42
15 43
15 44
15 173
15 157
15 49
15 51
15 52
15 54
15 55
15 56
15 57
15 59
15 151
15 61
15 63
15 65
15 147
15 70
15 74
15 76
15 77
15 79
15 82
15 94
15 97
15 101
15 102
15 105
15 108
15 110
15 111
15 113
15 115
15 119
15 127
16 128
16 97
16 147
16 133
16 82
16 110
16 173
16 48
16 177
16 50
16 51
16 21
16 86
16 121
16 56
16 57
16 90
16 26
17 97
17 37
17 51
17 39
17 92
17 43
17 111
17 146
17 115
17 91
17 70
17 167
17 95
18 133
18 137
18 142
18 173
18 151
18 152
18 154
18 28
18 158
18 161
18 36
18 37
18 38
18 40
18 42
18 43
18 172
18 45
18 174
18 50
18 51
18 52
18 59
18 63
18 74
18 77
18 78
18 89
18 90
18 95
18 96
18 97
18 98
18 99
18 101
18 102
18 105
18 106
18 107
18 110
18 111
18 117
18 125
18 127
19 57
19 133
20 131
20 70
20 44
20 74
20 77
20 90
20 111
20 29
20 96
20 35
20 102
20 38
20 39
20 40
20 107
20 108
20 45
20 177
20 47
20 157
20 168
20 51
20 127
20 125
20 63
21 49
21 149
21 24
21 76
21 44
21 82
21 120
21 127
22 96
22 33
22 171
22 102
22 129
22 139
22 108
22 177
22 60
22 173
22 105
22 24
22 57
22 111
22 92
22 159
22 127
23 34
23 66
23 169
23 107
23 108
23 98
23 110
23 112
23 173
23 178
23 115
23 52
23 142
23 55
23 27
23 158
24 128
24 115
24 70
24 71
24 136
24 177
24 82
24 147
24 148
24 86
24 90
24 29
24 94
24 95
24 97
24 98
24 99
24 102
24 39
24 40
24 105
24 171
24 107
24 44
24 173
24 110
24 111
24 157
24 113
24 50
24 51
24 52
24 126
24 149
25 112
25 144
25 162
25 45
25 78
26 98
26 99
26 39
26 136
26 43
26 108
26 46
26 115
26 67
26 55
26 159
26 125
26 95
27 65
27 132
27 70
27 76
27 151
27 154
27 92
27 157
27 162
27 36
27 37
27 38
27 106
27 172
27 173
27 110
27 29
27 52
27 117
27 58
27 138
28 128
28 96
28 133
28 137
28 74
28 76
28 78
28 82
28 83
28 84
28 147
28 90
28 75
28 92
28 159
28 32
28 178
28 162
28 99
28 36
28 167
28 104
28 105
28 42
28 107
28 46
28 111
28 112
28 113
28 50
28 51
28 53
28 127
29 128
29 68
29 136
29 73
29 74
29 75
29 77
29 142
29 82
29 90
29 154
29 69
29 96
29 133
29 98
29 35
29 36
29 37
29 102
29 39
29 42
29 107
29 173
29 177
29 111
29 157
29 113
29 50
29 115
29 52
29 56
30 32
30 161
30 40
30 141
30 51
30 121
30 125
30 159
31 51
32 133
32 35
32 37
32 165
32 42
32 107
32 76
32 113
32 82
32 131
32 55
32 91
32 74
32 62
32 117
33 168
33 174
34 172
34 105
34 44
34 46
34 111
34 112
34 49
34 125
34 51
34 117
34 86
34 127
34 92
34 61
34 63
35 137
35 128
35 151
35 152
35 158
35 39
35 129
35 41
35 43
35 47
35 157
35 50
35 51
35 180
35 53
35 54
35 55
35 57
35 62
35 65
35 70
35 73
35 76
35 82
35 85
35 86
35 90
35 93
35 99
35 100
35 101
35 102
35 105
35 106
35 109
35 112
35 168
35 117
35 127
36 128
36 131
36 138
36 141
36 173
36 82
36 88
36 169
36 90
36 158
36 95
36 100
36 102
36 105
36 42
36 172
36 109
36 49
36 50
36 115
36 52
36 117
36 55
36 159
37 128
37 65
37 66
37 178
37 108
37 76
37 143
37 85
37 173
37 152
37 91
37 158
37 98
37 101
37 177
37 41
37 44
37 109
37 46
37 157
37 113
37 114
37 117
37 105
37 121
37 136
37 74
37 127
38 128
38 136
38 172
38 74
38 75
38 76
38 80
38 147
38 149
38 88
38 159
38 96
38 97
38 99
38 100
38 170
38 102
38 105
38 106
38 107
38 44
38 173
38 110
38 112
38 178
38 51
38 55
38 148
39 152
39 168
39 76
39 77
39 82
39 154
39 153
39 90
39 92
39 94
39 133
39 102
39 167
39 40
39 105
39 43
39 108
39 173
39 157
39 113
39 178
39 115
39 158
39 118
39 119
39 56
39 159
39 138
39 126
39 127
40 128
40 139
40 136
40 74
40 76
40 141
40 85
40 86
40 88
40 152
40 155
40 92
40 154
40 97
40 99
40 82
40 146
40 41
40 106
40 107
40 44
40 45
40 174
40 157
40 113
40 178
40 158
40 118
40 55
40 59
40 138
41 128
41 130
41 147
41 133
41 76
41 162
41 82
41 99
41 151
41 90
41 157
41 159
41 97
41 98
41 165
41 103
41 105
41 107
41 173
41 110
41 49
41 51
41 117
41 56
41 57
41 59
41 125
42 136
42 74
42 77
42 152
42 159
42 97
42 163
42 165
42 168
42 43
42 108
42 173
42 178
42 121
42 124
42 127
43 129
43 130
43 132
43 147
43 152
43 158
43 159
43 162
43 168
43 169
43 174
43 50
43 51
43 57
43 65
43 71
43 74
43 75
43 76
43 93
43 96
43 97
43 98
43 102
43 106
43 108
43 146
43 114
43 117
43 118
43 119
43 124
43 125
44 132
44 98
44 75
44 77
44 141
44 152
44 173
44 111
44 92
44 157
44 133
44 144
44 99
44 105
44 171
44 108
44 110
44 46
44 47
44 112
44 113
44 115
44 73
45 128
45 136
45 137
45 147
45 149
45 133
45 161
45 164
45 165
45 166
45 46
45 50
45 179
45 56
45 159
45 62
45 69
45 71
45 73
45 75
45 76
45 78
45 80
45 85
45 94
45 99
45 102
45 105
45 108
45 110
45 174
45 168
45 115
45 148
45 125
45 127
46 128
46 129
46 67
46 71
46 78
46 82
46 171
46 151
46 91
46 165
46 166
46 107
46 108
46 113
46 178
46 54
46 56
46 125
46 62
47 164
47 136
47 107
47 76
47 141
47 173
47 75
47 56
47 52
48 168
48 107
48 95
49 69
49 72
49 177
49 74
49 75
49 76
49 77
49 115
49 82
49 131
49 86
49 152
49 156
49 92
49 118
49 133
49 165
49 101
49 167
49 168
49 113
49 51
49 162
49 54
49 56
49 57
49 136
49 59
49 125
50 128
50 132
50 133
50 136
50 138
50 130
50 143
50 148
50 149
50 156
50 158
50 159
50 166
50 157
50 177
50 51
50 57
50 63
50 67
50 69
50 74
50 75
50 173
50 82
50 85
50 90
50 92
50 96
50 102
50 106
50 107
50 108
50 110
50 113
50 127
51 128
51 133
51 136
51 142
51 157
51 177
51 173
51 55
51 57
51 62
51 66
51 71
51 72
51 74
51 75
51 76
51 82
51 84
51 92
51 137
51 99
51 102
51 105
51 107
51 108
51 111
51 113
51 114
51 115
51 121
51 122
51 123
52 128
52 131
52 75
52 100
52 90
52 79
52 98
52 99
52 102
52 121
52 87
52 127
53 57
54 128
54 133
54 135
54 138
54 76
54 147
54 84
54 149
54 95
54 96
54 107
54 111
54 83
54 117
54 148
54 122
54 59
55 128
55 75
55 76
55 78
55 148
55 174
55 152
55 90
55 165
55 102
55 105
55 108
55 110
55 112
55 168
55 178
55 117
55 59
56 128
56 65
56 75
56 113
56 69
56 157
56 118
56 86
56 105
57 128
57 70
57 74
57 76
57 82
57 90
57 156
57 92
57 157
57 159
57 97
57 162
57 101
57 102
57 177
57 168
57 118
57 165
57 62
57 127
58 111
58 149
58 105
59 70
59 75
59 77
59 110
59 159
59 157
59 158
59 127
60 165
62 97
62 69
62 133
62 173
62 177
62 146
62 94
62 63
63 162
63 84
63 107
64 105
64 82
64 111
65 75
65 105
65 74
65 177
65 82
65 67
65 139
65 86
65 151
65 111
65 106
65 158
66 133
66 162
66 137
66 138
66 108
66 141
66 78
66 111
66 176
66 148
66 149
66 86
66 152
66 90
66 174
66 95
67 133
67 70
67 136
67 142
67 151
67 152
67 97
67 98
67 163
67 101
67 165
67 113
67 105
67 167
67 178
67 72
67 121
67 95
67 166
68 97
69 178
69 101
69 138
69 172
69 159
70 128
70 136
70 75
70 76
70 141
70 142
70 82
70 163
70 151
70 157
70 96
70 102
70 107
70 108
70 173
70 113
70 116
70 125
71 131
71 77
71 144
71 141
71 78
71 173
71 154
71 157
71 100
71 105
71 171
71 113
71 118
71 125
73 113
74 133
74 136
74 130
74 147
74 151
74 159
74 162
74 91
74 173
74 174
74 175
74 75
74 76
74 141
74 84
74 86
74 90
74 79
74 98
74 105
74 106
74 107
74 111
74 148
74 126
74 127
75 128
75 133
75 172
75 130
75 142
75 173
75 144
75 148
75 151
75 159
75 165
75 76
75 141
75 82
75 95
75 96
75 100
75 101
75 178
75 105
75 107
75 111
75 112
75 117
75 118
75 136
75 124
75 125
75 127
76 128
76 136
76 137
76 146
76 147
76 157
76 133
76 162
76 178
76 180
76 159
76 177
76 129
76 78
76 141
76 82
76 86
76 88
76 89
76 90
76 130
76 97
76 98
76 100
76 105
76 106
76 108
76 109
76 168
76 111
76 112
76 113
76 115
76 121
76 123
76 124
76 125
77 99
77 133
77 125
77 105
77 173
77 168
77 115
77 174
77 118
77 152
78 96
78 107
78 177
78 118
78 125
78 158
78 159
79 107
82 130
82 136
82 141
82 148
82 133
82 163
82 173
82 157
82 159
82 139
82 177
82 83
82 85
82 86
82 91
82 92
82 95
82 96
82 97
82 98
82 99
82 165
82 178
82 105
82 144
82 107
82 111
82 168
82 114
82 115
82 118
82 125
82 126
82 127
83 165
83 102
83 105
83 172
83 85
83 127
83 118
84 105
85 97
85 99
85 108
85 174
85 90
86 147
86 133
86 136
86 162
86 99
86 151
86 92
86 160
86 163
86 102
86 156
86 106
86 172
86 173
86 111
86 112
86 178
86 115
86 117
86 168
86 127
87 107
87 112
87 91
88 97
88 177
88 108
88 94
89 147
89 159
90 128
90 131
90 138
90 130
90 156
90 159
90 161
90 162
90 171
90 178
90 115
90 96
90 99
90 102
90 105
90 111
90 147
90 117
90 118
90 148
90 122
91 100
91 93
91 143
92 128
92 171
92 147
92 151
92 157
92 96
92 156
92 107
92 108
92 173
92 110
92 168
92 127
93 99
93 152
93 159
93 143
94 165
94 102
94 136
94 105
94 108
94 174
94 115
94 126
94 173
94 152
94 168
94 159
95 128
95 173
95 152
95 159
95 105
95 107
95 108
95 110
95 113
95 117
96 128
96 132
96 142
96 118
96 102
96 105
96 106
96 110
96 157
96 112
96 115
96 117
96 166
96 170
96 127
97 128
97 136
97 141
97 154
97 156
97 159
97 165
97 98
97 102
97 110
97 112
97 177
97 178
97 147
97 117
97 105
97 125
98 172
98 151
98 141
98 142
98 148
98 149
98 154
98 158
98 165
98 131
98 102
98 168
98 110
98 111
98 147
98 169
98 121
98 123
99 128
99 149
99 132
99 133
99 136
99 142
99 173
99 156
99 102
99 107
99 111
99 117
99 118
99 120
99 127
100 171
100 133
100 136
100 137
100 148
100 151
100 154
100 157
100 162
100 110
100 112
100 178
100 115
100 118
101 149
101 165
101 162
101 132
101 142
101 111
101 157
101 147
101 127
101 125
101 158
102 128
102 149
102 152
102 156
102 158
102 133
102 162
102 163
102 135
102 177
102 159
102 178
102 110
102 111
102 113
102 118
102 148
102 126
105 128
105 129
105 136
105 152
105 147
105 148
105 149
105 158
105 133
105 168
105 178
105 141
105 173
105 143
105 165
105 106
105 107
105 108
105 110
105 111
105 115
105 118
105 123
105 126
105 127
106 147
106 110
106 113
106 107
106 153
106 126
106 133
107 128
107 136
107 138
107 151
107 141
107 152
107 154
107 158
107 159
107 167
107 157
107 168
107 166
107 108
107 110
107 111
107 112
107 113
107 117
107 121
107 125
107 126
107 127
108 130
108 132
108 172
108 142
108 174
108 159
108 162
108 177
108 151
108 173
108 178
108 110
108 112
108 117
108 118
108 125
108 126
108 127
109 128
109 156
109 154
109 173
110 128
110 159
110 141
110 142
110 157
110 178
110 168
110 174
110 111
110 113
110 115
110 117
110 114
110 165
110 146
111 136
111 138
111 144
111 151
111 153
111 133
111 168
111 156
111 175
111 177
111 159
111 152
111 121
111 118
111 148
112 172
112 133
112 141
112 167
112 137
112 155
112 157
112 159
112 113
112 115
112 153
112 151
113 147
113 136
113 152
113 174
113 151
113 133
113 178
113 157
113 159
113 171
113 125
113 166
115 133
115 136
115 172
115 142
115 147
115 173
115 159
115 162
115 178
115 157
115 125
116 178
117 128
117 133
117 135
117 136
117 162
117 138
117 171
117 164
117 156
117 157
117 168
117 170
117 173
117 174
117 125
117 127
118 132
118 143
118 148
118 158
118 133
118 159
119 123
120 136
121 168
121 157
122 158
122 178
123 152
123 126
124 172
124 175
124 159
125 128
125 136
125 138
125 167
125 133
125 163
125 168
125 148
125 127
126 177
127 128
127 133
127 141
127 152
127 158
127 167
127 168
127 173
127 174
127 177
127 138
127 165
128 131
128 136
128 138
128 141
128 152
128 174
128 151
128 154
128 155
128 159
128 171
128 172
128 157
128 156
128 166
128 178
128 168
128 165
129 141
130 177
130 136
130 144
130 147
130 148
130 173
131 171
131 133
131 137
131 172
131 141
131 174
131 178
132 168
132 173
133 138
133 153
133 158
133 168
133 174
133 143
133 169
135 167
135 151
135 141
136 138
136 146
136 147
136 149
136 151
136 152
136 159
136 162
136 163
136 167
136 166
136 178
136 157
137 178
138 141
138 146
138 148
138 165
138 178
138 159
139 161
139 152
141 171
141 164
141 170
141 173
141 168
141 178
142 168
142 178
142 167
143 174
146 178
146 159
147 162
147 152
147 149
147 157
147 159
147 167
147 172
148 162
148 173
148 161
148 170
148 171
149 152
149 178
149 172
149 159
149 166
151 157
151 165
151 178
152 168
152 162
152 157
154 159
156 157
156 158
156 159
157 168
157 159
157 165
157 162
157 175
158 159
159 163
159 165
159 172
159 173
159 178
159 169
161 178
161 168
162 168
162 173
163 172
166 168
168 174
168 177
168 178
172 178
173 177
