0 192
0 1
0 194
0 4
0 70
0 145
0 140
0 76
0 77
0 15
0 17
0 146
0 174
0 151
0 88
0 68
0 159
0 176
0 103
0 40
0 105
0 170
0 107
0 125
0 45
0 110
0 24
0 48
0 50
0 52
0 169
0 121
0 188
0 109
0 62
0 127
1 129
1 2
1 7
1 8
1 9
1 13
1 14
1 143
1 16
1 18
1 131
1 148
1 149
1 26
1 27
1 28
1 32
1 33
1 162
1 155
1 36
1 38
1 156
1 170
1 135
1 172
1 174
1 175
1 56
1 187
1 188
1 63
1 192
1 65
1 147
1 84
1 85
1 89
1 101
1 106
1 112
1 19
1 169
1 122
1 125
2 3
2 132
2 138
2 11
2 140
2 15
2 145
2 146
2 107
2 20
2 22
2 151
2 24
2 4
2 154
2 159
2 176
2 180
2 37
2 40
2 170
2 44
2 45
2 174
2 48
2 49
2 50
2 179
2 52
2 181
2 182
2 57
2 188
2 192
2 193
2 194
2 68
2 197
2 76
2 77
2 78
2 79
2 88
2 153
2 152
2 92
2 98
2 17
2 105
2 103
2 109
2 110
2 115
2 120
2 121
2 124
2 125
2 127
3 35
3 5
3 134
3 103
3 184
3 170
3 197
3 174
3 125
3 113
3 52
3 22
3 56
3 91
3 166
3 93
3 63
4 179
4 135
4 8
4 138
4 11
4 140
4 147
4 21
4 152
4 154
4 27
4 30
4 33
4 155
4 177
4 169
4 193
4 44
4 46
4 136
4 178
4 115
4 180
4 158
4 55
4 56
4 58
4 60
4 190
4 63
4 181
4 195
4 70
4 71
4 12
4 78
4 90
4 186
4 98
4 111
4 113
4 19
4 120
4 124
5 197
5 70
5 184
5 140
5 76
5 77
5 45
5 152
5 174
5 151
5 88
5 153
5 154
5 79
5 93
5 185
5 159
5 176
5 35
5 134
5 166
5 41
5 42
5 109
5 110
5 48
5 50
5 115
5 180
5 170
5 120
5 121
5 91
5 125
5 62
5 127
6 97
6 50
6 85
6 7
6 26
6 151
6 45
6 79
7 97
7 71
7 8
7 188
7 12
7 111
7 113
7 178
7 19
7 52
7 21
7 56
7 148
7 58
7 155
7 60
8 128
8 138
8 11
8 13
8 15
8 17
8 24
8 29
8 160
8 180
8 37
8 38
8 40
8 48
8 49
8 50
8 52
8 181
8 57
8 188
8 189
8 66
8 70
8 75
8 76
8 77
8 83
8 88
8 152
8 94
8 102
8 145
8 107
8 109
8 110
8 127
9 70
9 193
9 138
9 11
9 162
9 78
9 75
9 83
9 150
9 151
9 152
9 89
9 156
9 161
9 98
9 180
9 100
9 114
9 102
9 103
9 188
9 45
9 176
9 49
9 50
9 179
9 52
9 120
9 57
9 124
11 128
11 138
11 12
11 14
11 148
11 150
11 154
11 155
11 156
11 160
11 37
11 42
11 44
11 176
11 49
11 50
11 179
11 181
11 184
11 57
11 60
11 189
11 63
11 66
11 70
11 140
11 75
11 79
11 83
11 91
11 98
11 111
11 113
11 115
11 136
11 124
12 193
12 67
12 70
12 140
12 13
12 79
12 82
12 83
12 85
12 86
12 151
12 152
12 75
12 29
12 94
12 160
12 161
12 100
12 102
12 38
12 45
12 176
12 50
12 115
12 180
12 181
12 120
12 114
12 189
13 196
13 22
13 129
13 175
13 143
13 131
13 84
13 149
13 86
13 89
13 155
13 162
13 100
13 103
13 188
13 167
13 111
13 113
13 114
13 52
13 53
13 56
13 148
13 122
13 187
13 60
14 98
14 179
14 52
14 190
14 193
14 188
14 124
14 78
15 169
15 77
15 18
15 19
15 148
15 56
15 90
15 155
15 28
15 93
15 30
15 63
16 132
16 68
16 70
16 65
16 140
16 79
16 18
16 19
16 20
16 21
16 22
16 151
16 152
16 92
16 158
16 34
16 36
16 165
16 146
16 103
16 105
16 147
16 135
16 45
16 50
16 115
16 52
16 181
16 182
16 180
16 123
16 188
17 195
17 68
17 76
17 77
17 194
17 88
17 19
17 20
17 24
17 132
17 90
17 155
17 30
17 159
17 32
17 112
17 36
17 101
17 146
17 145
17 105
17 107
17 109
17 110
17 48
17 169
17 56
17 148
17 186
17 127
17 63
18 107
18 145
18 146
18 19
18 21
18 22
18 24
18 154
18 30
18 33
18 165
18 45
18 48
18 180
18 52
18 188
18 65
18 194
18 68
18 70
18 72
18 76
18 77
18 85
18 88
18 152
18 105
18 103
18 109
18 120
18 121
18 123
18 127
19 107
19 140
19 145
19 147
19 21
19 22
19 24
19 132
19 154
19 27
19 28
19 30
19 32
19 33
19 34
19 165
19 40
19 135
19 172
19 45
19 50
19 52
19 158
19 186
19 188
19 181
19 194
19 70
19 72
19 76
19 79
19 85
19 90
19 92
19 101
19 106
19 103
19 146
19 112
19 115
19 123
20 145
20 40
20 107
20 194
20 21
20 63
21 65
21 195
21 70
21 72
21 79
21 85
21 22
21 151
21 152
21 132
21 26
21 28
21 90
21 30
21 165
21 32
21 33
21 101
21 103
21 92
21 106
21 176
21 172
21 45
21 154
21 112
21 50
21 115
21 52
21 181
21 182
21 120
21 180
21 186
21 123
22 192
22 129
22 196
22 197
22 135
22 72
22 143
22 84
22 153
22 175
22 28
22 167
22 131
22 165
22 38
22 103
22 169
22 170
22 67
22 46
22 174
22 123
22 125
22 149
23 141
24 65
24 195
24 68
24 194
24 145
24 148
24 90
24 155
24 30
24 165
24 32
24 33
24 101
24 113
24 169
24 106
24 107
24 72
24 56
24 186
24 123
24 63
25 183
26 36
26 97
26 46
26 111
26 177
26 178
26 52
26 56
26 58
26 60
26 158
27 195
27 70
27 72
27 140
27 152
27 90
27 28
27 154
27 30
27 32
27 33
27 103
27 45
27 115
27 180
27 181
27 120
27 186
27 188
28 68
28 65
28 76
28 77
28 79
28 146
28 88
28 103
28 105
28 135
28 45
28 176
28 50
28 52
28 123
28 188
29 177
29 111
29 113
29 178
29 188
29 56
29 58
29 155
29 60
30 194
30 195
30 68
30 140
30 79
30 151
30 76
30 77
30 121
30 158
30 33
30 165
30 40
30 105
30 176
30 45
30 46
30 50
30 147
30 181
30 88
30 186
30 123
30 109
30 127
31 191
32 194
32 68
32 135
32 145
32 146
32 147
32 34
32 36
32 101
32 40
32 105
32 106
32 107
32 172
32 45
32 112
32 188
33 195
33 68
33 70
33 135
33 140
33 79
33 152
33 90
33 154
33 36
33 165
33 103
33 40
33 105
33 147
33 45
33 115
33 52
33 120
33 180
33 186
33 123
33 188
34 112
34 101
34 103
34 40
34 135
34 172
34 45
34 46
34 52
34 36
35 193
35 98
35 134
35 41
35 109
35 78
35 48
35 179
35 185
35 190
35 153
35 121
35 159
35 93
35 62
35 127
36 194
36 195
36 135
36 72
36 90
36 145
36 40
36 106
36 107
36 45
36 46
36 52
36 158
36 186
36 188
37 113
37 49
37 148
37 56
37 57
37 155
37 63
38 71
38 177
38 103
38 111
38 113
38 178
38 188
38 52
38 56
38 148
38 58
38 155
38 60
39 117
39 199
40 195
40 132
40 76
40 88
40 146
40 110
40 90
40 155
40 92
40 159
40 101
40 169
40 106
40 148
40 46
40 48
40 113
40 158
40 182
40 56
40 121
40 186
40 127
40 62
40 63
41 76
41 174
41 88
41 91
41 159
41 166
41 42
41 110
41 48
41 184
41 121
41 170
41 62
41 127
42 192
42 193
42 134
42 76
42 88
42 91
42 93
42 159
42 98
42 170
42 197
42 109
42 174
42 179
42 185
42 124
42 125
42 62
43 128
43 160
43 193
43 136
43 73
43 78
43 96
43 98
43 50
43 179
43 116
43 118
43 55
43 124
43 189
43 190
44 193
44 179
44 70
44 138
44 140
44 78
44 79
44 120
44 151
44 152
44 156
44 98
44 60
44 45
44 176
44 113
44 115
44 180
44 181
44 56
44 124
44 190
44 63
45 135
45 138
45 165
45 156
45 172
45 46
45 177
45 178
45 158
45 56
45 58
45 60
45 63
45 65
45 195
45 71
45 72
45 90
45 186
45 97
45 101
45 106
45 111
45 112
45 147
45 123
46 70
46 135
46 140
46 79
46 152
46 90
46 103
46 50
46 180
46 181
46 120
47 130
47 51
47 69
47 157
48 195
48 134
48 194
48 184
48 148
48 90
48 91
48 93
48 166
48 109
48 113
48 155
48 169
48 56
48 185
48 186
48 123
49 193
49 78
49 113
49 156
49 148
49 56
49 155
49 124
49 190
49 63
50 171
50 135
50 148
50 150
50 151
50 155
50 160
50 163
50 168
50 156
50 173
50 176
50 177
50 178
50 158
50 55
50 56
50 58
50 59
50 60
50 189
50 190
50 63
50 193
50 66
50 71
50 72
50 73
50 75
50 78
50 79
50 83
50 90
50 186
50 96
50 97
50 102
50 116
50 118
51 157
51 130
52 129
52 196
52 143
52 131
52 148
52 153
52 155
52 165
52 167
52 156
52 170
52 135
52 174
52 175
52 53
52 56
52 187
52 63
52 192
52 65
52 67
52 147
52 72
52 162
52 85
52 89
52 94
52 113
52 169
52 122
52 123
52 125
53 131
53 103
53 188
53 60
54 108
55 193
55 179
55 70
55 75
55 140
55 78
55 79
55 120
55 83
55 150
55 151
55 154
55 102
55 168
55 176
55 115
55 180
55 181
55 56
55 124
55 190
56 128
56 136
56 138
56 140
56 146
56 196
56 154
56 153
56 159
56 160
56 163
56 170
56 171
56 174
56 181
56 180
56 59
56 188
56 189
56 62
56 66
56 67
56 68
56 197
56 73
56 75
56 76
56 77
56 79
56 173
56 82
56 85
56 88
56 152
56 92
56 94
56 95
56 96
56 102
56 145
56 105
56 107
56 115
56 116
56 118
56 121
56 125
57 193
57 78
57 113
57 179
57 148
57 124
57 190
57 63
58 70
58 140
58 79
58 176
58 115
58 85
58 154
58 151
58 120
58 181
59 160
59 66
59 70
59 79
59 176
59 83
59 180
59 151
59 152
59 189
60 129
60 138
60 140
60 173
60 149
60 154
60 152
60 160
60 161
60 162
60 167
60 171
60 175
60 179
60 180
60 187
60 189
60 190
60 66
60 67
60 196
60 70
60 73
60 75
60 78
60 79
60 82
60 84
60 85
60 86
60 89
60 94
60 95
60 96
60 98
60 100
60 102
60 115
60 116
60 120
60 122
60 124
62 65
62 134
62 145
62 90
62 184
62 93
62 166
62 169
62 63
63 138
63 140
63 146
63 132
63 159
63 170
63 174
63 176
63 181
63 182
63 188
63 192
63 193
63 194
63 197
63 70
63 76
63 77
63 78
63 79
63 88
63 152
63 92
63 145
63 107
63 109
63 115
63 190
63 120
63 124
63 125
65 140
65 152
65 68
65 159
65 165
65 103
65 105
65 115
65 120
65 180
65 123
66 75
66 78
66 79
66 150
66 160
66 98
66 163
66 102
66 124
66 111
66 179
66 116
66 118
66 189
66 190
67 103
67 111
67 82
67 94
68 195
68 72
68 194
68 165
68 101
68 145
68 105
68 106
68 107
68 146
68 169
68 186
68 123
69 157
70 128
70 135
70 138
70 148
70 156
70 158
70 155
70 165
70 177
70 169
70 136
70 178
70 179
70 190
70 193
70 71
70 73
70 78
70 163
70 96
70 98
70 111
70 113
70 140
70 147
70 118
70 123
70 124
71 152
71 180
71 85
71 120
71 181
72 135
72 140
72 90
72 165
72 146
72 103
72 105
72 147
72 123
72 188
73 193
73 179
73 75
73 78
73 79
73 83
73 150
73 151
73 154
73 95
73 160
73 98
73 102
73 168
73 173
73 115
73 116
73 120
73 180
73 124
73 189
73 190
75 128
75 160
75 79
75 148
75 151
75 155
75 156
75 95
75 96
75 98
75 171
75 111
75 176
75 113
75 116
75 136
75 124
75 189
75 190
76 195
76 134
76 194
76 145
76 148
76 90
76 155
76 93
76 165
76 107
76 113
76 169
76 185
76 123
77 195
77 134
77 145
77 148
77 90
77 155
77 107
77 186
77 123
78 128
78 136
78 79
78 83
78 150
78 151
78 156
78 160
78 166
78 102
78 168
78 111
78 176
78 181
78 184
78 189
79 138
79 148
79 151
79 160
79 156
79 171
79 173
79 176
79 179
79 158
79 189
79 190
79 195
79 83
79 186
79 95
79 98
79 102
79 111
79 113
79 116
79 118
79 124
80 81
81 137
81 87
82 100
82 113
82 114
82 148
82 86
82 196
82 155
83 128
83 193
83 151
83 156
83 95
83 171
83 173
83 111
83 176
83 113
83 116
83 118
83 136
83 190
84 100
84 103
84 188
84 175
84 86
84 94
85 97
85 113
85 165
85 103
85 177
85 178
85 123
86 161
86 114
86 175
86 94
87 104
87 144
88 195
88 134
88 145
88 148
88 155
88 93
88 165
88 107
88 113
88 169
88 185
88 186
88 123
89 188
89 94
90 194
90 140
90 146
90 158
90 159
90 110
90 145
90 147
90 181
90 109
90 127
91 192
91 193
91 134
91 110
91 185
91 153
91 93
91 98
91 109
91 174
91 179
91 170
91 121
91 124
91 125
91 190
91 127
92 107
92 194
93 98
93 109
93 110
93 121
93 124
93 159
93 127
94 196
94 143
94 131
94 155
94 161
94 162
94 100
94 167
94 175
94 113
94 114
94 148
94 122
94 187
95 102
95 176
95 120
95 150
95 151
96 102
96 168
96 176
96 120
96 115
96 180
96 150
96 151
96 152
96 154
97 176
97 151
98 128
98 136
98 138
98 150
98 156
98 160
98 102
98 113
98 151
98 111
98 176
98 181
98 189
100 175
100 111
101 105
101 194
101 146
101 188
102 128
102 160
102 193
102 148
102 151
102 155
102 156
102 173
102 111
102 176
102 113
102 179
102 116
102 136
102 124
102 189
102 190
103 129
103 135
103 143
103 147
103 149
103 153
103 158
103 165
103 156
103 170
103 175
103 187
103 192
103 197
103 131
103 174
103 169
103 122
103 123
103 125
105 195
105 194
105 145
105 146
105 169
105 107
105 172
105 112
105 186
106 146
106 188
107 194
107 155
107 165
107 172
107 146
107 112
107 113
107 169
107 148
107 123
109 195
109 194
109 148
109 165
109 166
109 169
109 127
109 110
109 113
109 155
109 121
109 186
109 123
110 195
110 134
110 194
110 148
110 121
110 169
110 113
110 185
110 186
110 127
111 193
111 140
111 151
111 196
111 160
111 161
111 176
111 114
111 179
111 181
111 124
111 189
111 190
112 145
112 194
113 128
113 136
113 138
113 140
113 145
113 146
113 151
113 153
113 154
113 160
113 176
113 180
113 181
113 152
113 115
113 120
113 121
113 124
113 127
114 156
115 128
115 135
115 136
115 140
115 138
115 158
115 165
115 116
115 181
115 118
115 123
116 160
116 168
116 120
116 150
116 152
116 189
117 139
118 160
118 168
118 189
118 176
118 120
118 180
118 150
118 151
118 152
118 154
120 128
120 135
120 136
120 138
120 147
120 148
120 152
120 155
120 156
120 158
120 165
120 171
120 173
120 177
120 178
120 181
120 140
120 123
121 195
121 134
121 166
121 169
121 184
121 185
121 186
122 156
123 195
123 145
123 154
123 146
123 180
123 186
124 128
124 136
124 138
124 140
124 150
124 151
124 156
124 160
124 166
124 168
124 176
124 181
124 184
125 134
125 188
125 184
125 166
126 137
127 134
127 194
127 148
127 155
127 166
127 184
127 185
127 186
128 193
128 179
128 140
128 148
128 150
128 151
128 152
128 154
128 155
128 168
128 176
128 180
128 190
129 149
129 188
131 187
131 188
131 143
132 194
133 191
133 198
134 192
134 174
134 153
134 197
134 166
134 184
134 170
135 140
135 152
135 154
135 158
135 181
135 180
136 140
136 150
136 152
136 154
136 168
136 179
136 180
136 181
137 144
137 164
138 179
138 140
138 148
138 151
138 154
138 155
138 156
138 176
138 180
138 181
139 199
140 148
140 152
140 154
140 155
140 169
140 158
140 195
140 186
140 181
140 147
143 187
143 188
144 164
145 194
145 155
145 159
145 148
145 172
145 146
145 182
145 169
146 195
146 194
146 165
146 169
146 186
147 152
147 154
147 181
147 180
147 188
148 194
148 152
148 181
148 176
148 180
148 188
149 188
150 160
150 193
150 156
150 171
150 173
150 179
150 189
150 190
151 160
151 163
151 171
151 173
151 179
151 158
151 190
151 193
151 186
152 155
152 156
152 177
152 178
152 181
152 163
153 192
153 184
153 170
153 197
153 174
153 188
153 166
154 158
154 165
154 181
155 160
155 180
155 181
155 188
156 196
156 162
156 161
156 188
156 167
156 176
156 179
156 190
158 176
158 181
158 186
159 194
159 195
159 186
160 171
160 168
160 176
160 179
160 189
160 190
161 175
163 180
163 189
165 195
165 180
165 186
166 193
166 174
166 179
166 185
166 190
168 193
168 190
169 194
169 176
169 181
169 188
170 192
170 188
170 197
171 176
171 180
171 189
172 194
173 176
174 184
175 188
176 179
176 190
176 193
177 180
177 181
178 180
178 181
179 181
179 184
179 189
180 181
181 190
181 193
181 195
181 186
184 193
184 190
184 185
187 188
188 196
189 193
189 190
192 197
