0 139
0 74
0 11
0 17
0 19
0 23
0 89
0 157
0 158
0 160
0 162
0 102
0 40
0 170
0 171
0 113
0 115
0 183
0 72
0 121
0 151
0 63
1 4
1 7
1 145
1 137
1 75
1 77
1 78
1 80
1 120
1 18
1 86
1 88
1 26
1 29
1 36
1 37
1 97
1 47
1 50
1 181
1 56
1 90
1 59
1 190
2 34
2 68
2 198
2 104
2 92
2 196
2 12
2 13
2 112
2 177
2 116
2 85
2 4
2 90
2 155
2 28
2 122
2 169
3 4
3 86
3 199
3 72
3 9
3 10
3 140
3 79
3 17
3 188
3 22
3 23
3 24
3 25
3 26
3 90
3 133
3 161
3 197
3 35
3 100
3 102
3 38
3 124
3 171
3 159
3 178
3 157
3 114
3 117
3 185
3 123
3 60
4 103
4 8
4 169
4 199
4 12
4 162
4 114
4 22
4 122
5 194
5 139
5 6
5 72
5 74
5 11
5 76
5 17
5 19
5 110
5 23
5 157
5 158
5 160
5 163
5 102
5 39
5 40
5 105
5 106
5 171
5 195
5 46
5 113
5 183
5 115
5 185
5 170
5 120
5 121
5 87
5 151
5 125
5 190
5 127
6 128
6 129
6 130
6 8
6 137
6 10
6 11
6 140
6 17
6 22
6 24
6 25
6 179
6 156
6 31
6 38
6 167
6 199
6 44
6 45
6 174
6 49
6 172
6 53
6 185
6 159
6 188
6 63
6 67
6 71
6 73
6 77
6 79
6 152
6 82
6 139
6 87
6 89
6 90
6 91
6 95
6 96
6 144
6 166
6 105
6 106
6 111
6 153
6 136
6 123
6 125
6 126
7 144
7 139
7 72
7 11
7 126
8 192
8 129
8 115
8 132
8 197
8 74
8 131
8 20
8 152
8 27
8 93
8 158
8 160
8 161
8 162
8 35
8 134
8 195
8 39
8 168
8 51
8 182
8 121
8 63
8 127
9 132
9 137
9 141
9 142
9 16
9 18
9 147
9 148
9 21
9 151
9 152
9 26
9 47
9 158
9 160
9 33
9 39
9 170
9 175
9 176
9 49
9 30
9 182
9 56
9 59
9 53
9 64
9 32
9 181
9 74
9 82
9 84
9 91
9 94
9 97
9 101
9 103
9 113
9 115
10 160
10 132
10 39
10 170
10 103
10 44
10 79
10 115
10 114
10 51
10 117
10 151
10 25
10 127
11 160
11 130
11 131
11 136
11 151
11 77
11 14
11 16
11 87
11 152
11 89
11 103
11 197
11 96
11 144
11 102
11 39
11 105
11 170
11 43
11 113
11 115
11 182
12 169
12 196
12 86
13 180
13 70
13 104
13 41
13 34
13 116
13 68
13 155
13 92
14 128
14 130
14 43
14 135
14 136
14 141
14 143
14 19
14 149
14 22
14 23
14 26
14 29
14 31
14 163
14 166
14 39
14 170
14 171
14 173
14 157
14 48
14 179
14 53
14 183
14 185
14 181
14 64
14 67
14 71
14 72
14 75
14 45
14 82
14 139
14 89
14 199
14 96
14 98
14 100
14 113
14 118
15 128
15 135
15 72
15 75
15 78
15 81
15 18
15 147
15 23
15 26
15 29
15 98
15 37
15 166
15 173
15 47
15 48
15 157
15 50
15 181
15 126
16 128
16 17
16 147
16 21
16 22
16 23
16 26
16 175
16 29
16 158
16 31
16 32
16 33
16 162
16 171
16 157
16 50
16 179
16 181
16 183
16 184
16 185
16 58
16 59
16 61
16 63
16 193
16 195
16 199
16 72
16 80
16 84
16 98
16 145
16 146
16 189
16 121
16 126
16 127
17 137
17 76
17 131
17 152
17 197
17 161
17 35
17 102
17 103
17 40
17 105
17 106
17 110
17 176
17 168
17 114
17 52
17 182
17 121
17 125
17 126
17 191
18 128
18 135
18 136
18 141
18 142
18 145
18 147
18 21
18 152
18 154
18 156
18 29
18 31
18 32
18 37
18 166
18 167
18 172
18 48
18 49
18 50
18 179
18 53
18 137
18 56
18 59
18 62
18 64
18 71
18 75
18 80
18 81
18 82
18 88
18 94
18 165
18 96
18 98
18 187
18 100
18 111
18 119
18 149
19 160
19 130
19 151
19 192
19 143
19 107
19 87
19 153
19 154
19 91
19 93
19 133
19 96
19 27
19 131
19 165
19 167
19 105
19 42
19 43
19 172
19 46
19 111
19 113
19 115
19 170
19 124
19 106
19 149
20 192
20 195
20 134
20 139
20 23
20 89
20 157
20 185
20 162
20 39
20 170
20 171
20 113
20 51
20 183
20 72
20 121
20 63
20 42
20 127
21 75
21 94
21 141
21 142
21 84
21 152
21 29
21 30
21 101
21 97
21 98
21 100
21 37
21 39
21 170
21 148
21 45
21 175
21 176
21 49
21 53
21 182
21 137
21 56
21 57
21 59
22 130
22 67
22 71
22 136
22 137
22 43
22 167
22 149
22 86
22 151
22 152
22 153
22 91
22 93
22 199
22 133
22 160
22 27
22 131
22 42
22 103
22 115
22 113
22 114
22 51
22 54
22 170
23 129
23 131
23 152
23 158
23 197
23 161
23 170
23 183
23 187
23 62
23 67
23 69
23 74
23 77
23 87
23 103
23 113
23 119
23 121
24 51
24 114
24 121
24 103
24 25
24 174
24 79
25 38
25 103
25 73
25 44
25 178
25 174
25 79
25 114
25 188
25 117
25 121
25 186
25 140
25 60
25 159
26 67
26 71
26 152
26 153
26 95
26 91
26 103
26 176
26 114
26 51
26 182
26 119
26 137
26 187
26 62
27 129
27 163
27 132
27 39
27 74
27 199
27 113
27 190
27 120
27 127
27 170
27 158
27 63
28 112
29 32
29 187
29 80
29 176
29 143
29 141
29 152
29 147
29 182
29 119
29 137
29 91
29 62
29 95
30 64
30 65
30 33
30 141
30 82
30 148
30 32
30 97
30 108
30 53
30 59
31 130
31 136
31 137
31 138
31 143
31 147
31 151
31 152
31 153
31 33
31 39
31 170
31 43
31 172
31 45
31 47
31 54
31 184
31 57
31 58
31 187
31 62
31 65
31 66
31 67
31 160
31 83
31 91
31 96
31 99
31 108
31 111
31 113
31 118
31 121
32 66
32 67
32 71
32 75
32 78
32 173
32 145
32 84
32 176
32 152
32 143
32 135
32 80
32 100
32 97
32 43
32 48
32 50
32 179
32 182
32 137
32 57
32 58
32 95
32 189
32 62
33 142
33 82
33 84
33 152
33 175
33 94
33 97
33 99
33 100
33 101
33 176
33 108
33 47
33 48
33 49
33 179
33 53
33 182
33 137
33 56
33 59
35 161
35 197
35 139
35 102
35 168
35 114
35 51
35 52
35 72
35 89
35 157
35 126
35 191
36 144
36 121
36 39
36 183
36 77
36 89
37 187
37 176
37 94
37 82
37 142
37 152
37 182
37 119
37 56
37 88
37 59
37 62
37 53
38 39
38 73
38 74
38 103
38 174
38 113
38 178
38 188
38 121
38 186
38 159
38 60
38 170
38 158
39 192
39 131
39 134
39 135
39 140
39 141
39 143
39 144
39 195
39 153
39 156
39 157
39 170
39 171
39 159
39 45
39 48
39 49
39 178
39 179
39 54
39 185
39 186
39 59
39 60
39 190
39 64
39 67
39 71
39 72
39 74
39 77
39 79
39 173
39 139
39 142
39 87
39 89
39 91
39 93
39 199
39 95
39 100
39 166
39 188
39 107
39 111
39 120
39 121
39 123
39 127
40 121
40 72
40 171
40 157
40 144
40 131
40 89
40 87
40 102
40 126
40 191
41 177
42 51
42 163
42 133
42 199
42 114
43 64
43 67
43 199
43 141
43 144
43 89
43 163
43 45
43 147
43 53
43 190
44 73
44 117
44 159
45 130
45 132
45 138
45 195
45 153
45 156
45 154
45 160
45 165
45 172
45 47
45 48
45 189
45 51
45 181
45 54
45 57
45 187
45 61
45 62
45 65
45 66
45 67
45 71
45 75
45 83
45 91
45 95
45 96
45 98
45 167
45 109
45 111
45 115
45 127
46 190
46 87
46 120
46 126
46 191
47 128
47 66
47 65
47 82
47 83
47 100
47 166
47 146
47 193
47 109
47 189
47 48
47 49
47 179
47 184
47 58
47 187
47 61
47 62
48 65
48 66
48 67
48 71
48 143
48 91
48 99
48 193
48 108
48 113
48 119
48 184
48 61
49 193
49 66
49 67
49 143
49 83
49 121
49 160
49 99
49 100
49 195
49 82
49 113
49 115
49 53
49 184
49 57
49 58
49 127
50 176
50 82
50 147
50 53
50 182
50 152
51 129
51 171
51 133
51 181
51 73
51 79
51 157
51 197
51 95
51 161
51 162
51 168
51 107
51 174
51 72
51 117
51 185
51 124
51 63
52 131
52 69
52 137
52 76
52 110
52 152
52 102
52 105
52 62
52 119
52 126
52 191
53 130
53 67
53 97
53 136
53 143
53 108
53 145
53 84
53 100
53 91
53 95
53 96
53 148
53 99
53 82
53 165
53 78
53 111
53 172
53 118
53 121
53 59
54 67
54 179
54 199
54 143
54 195
54 154
54 95
54 167
54 111
54 113
54 115
54 121
55 177
55 164
55 70
55 150
55 180
56 66
56 132
56 97
56 74
56 75
56 80
56 81
56 82
56 84
56 151
56 88
56 158
56 101
56 160
56 98
56 99
56 100
56 146
56 193
56 108
56 175
56 189
56 184
56 57
56 58
56 61
56 127
57 64
57 65
57 66
57 179
57 193
57 128
57 141
57 142
57 184
57 82
57 83
57 94
57 95
57 147
57 58
57 59
57 61
58 64
58 128
58 135
58 137
58 142
58 184
58 147
58 152
58 94
58 95
58 100
58 166
58 193
58 173
58 176
58 179
58 59
58 61
59 195
59 97
59 65
59 74
59 75
59 158
59 189
59 82
59 193
59 84
59 151
59 152
59 132
59 160
59 98
59 99
59 100
59 146
59 170
59 148
59 108
59 175
59 176
59 113
59 115
59 182
59 137
59 184
59 61
59 127
60 140
60 113
60 114
61 173
61 147
61 94
61 95
61 176
61 179
61 182
62 128
62 75
62 80
62 81
62 147
62 84
62 175
62 101
62 97
62 183
62 187
62 126
62 191
63 176
63 182
63 137
63 168
63 131
63 86
63 152
63 121
63 90
63 197
64 66
64 67
64 132
64 136
64 74
64 130
64 141
64 80
64 148
64 149
64 96
64 99
64 101
64 108
64 82
64 175
64 189
64 115
64 158
64 118
64 138
65 128
65 135
65 141
65 173
65 148
65 175
65 95
65 97
65 101
65 166
65 179
65 84
66 179
66 142
66 147
66 141
66 95
66 94
67 130
67 135
67 136
67 141
67 173
67 147
67 149
67 153
67 157
67 163
67 166
67 179
67 183
67 185
67 181
67 72
67 75
67 89
67 95
67 96
67 98
67 100
67 118
67 121
68 155
69 144
69 183
69 139
69 72
69 89
69 171
69 157
69 185
69 191
70 177
71 128
71 135
71 72
71 147
71 153
71 156
71 154
71 95
71 165
71 166
71 167
71 172
71 111
71 157
71 181
72 129
72 137
72 152
72 133
72 161
72 197
72 170
72 176
72 182
72 187
72 168
72 76
72 77
72 87
72 103
72 105
72 107
72 113
72 114
72 121
72 124
72 125
73 140
73 174
73 121
73 123
73 188
73 159
74 141
74 152
74 154
74 156
74 158
74 159
74 165
74 171
74 172
74 183
74 185
74 188
74 190
74 95
74 100
74 167
74 115
74 123
75 137
75 141
75 143
75 152
75 91
75 95
75 187
75 182
75 119
76 157
76 126
76 191
77 132
77 139
77 195
77 89
77 157
77 158
77 160
77 170
77 171
77 113
77 115
77 185
77 183
77 121
77 151
77 127
78 137
78 81
78 82
78 147
78 119
78 88
79 132
79 170
79 103
79 195
79 115
79 113
79 114
79 117
79 121
79 151
79 158
79 127
80 137
80 176
80 141
80 143
80 152
80 182
80 187
81 94
81 119
81 187
82 97
82 94
82 175
82 145
82 121
82 88
82 91
82 101
82 96
82 99
82 100
82 108
82 142
83 138
83 109
83 179
83 95
84 141
84 147
84 97
84 99
84 108
84 182
84 137
86 162
86 196
86 103
86 169
86 199
86 131
86 122
87 194
87 139
87 144
87 89
87 157
87 183
87 120
87 121
87 190
88 187
88 142
88 94
89 129
89 103
89 137
89 143
89 131
89 91
89 197
89 96
89 161
89 102
89 170
89 113
90 103
90 162
90 114
90 131
90 121
90 122
91 128
91 195
91 199
91 141
91 144
91 181
91 96
91 163
91 100
91 170
91 115
91 183
91 121
91 127
92 116
93 129
93 162
93 163
93 199
94 193
94 195
94 142
94 151
94 101
94 160
94 99
94 100
94 146
94 175
94 189
94 115
94 184
94 127
95 132
95 118
95 136
95 96
95 138
95 109
95 146
95 149
95 121
95 153
95 143
95 158
95 98
95 193
95 189
95 184
95 181
96 128
96 179
96 141
96 143
96 144
96 139
96 163
96 147
96 120
96 121
96 190
97 187
97 147
97 152
97 99
97 100
97 101
97 175
97 137
97 148
98 176
98 147
98 182
98 119
98 152
98 187
99 128
99 141
99 142
99 100
99 101
99 166
99 108
99 173
99 175
99 179
100 160
100 147
100 181
100 175
100 143
100 151
100 158
100 113
100 101
100 146
100 170
100 127
100 108
100 142
100 114
100 115
101 142
101 147
101 152
101 108
101 176
101 182
101 137
101 187
102 144
102 131
102 139
102 197
102 103
102 168
102 171
102 114
102 185
102 126
102 191
103 171
103 199
103 140
103 144
103 133
103 161
103 197
103 168
103 107
103 157
103 117
103 185
103 124
103 181
105 139
105 190
105 121
105 157
105 126
105 191
106 163
106 157
106 120
106 125
106 190
107 163
107 114
107 120
107 157
107 190
108 128
108 135
108 141
108 142
108 173
108 175
108 179
108 148
110 120
110 163
110 157
110 126
110 190
111 195
111 179
111 151
111 153
111 156
111 158
111 170
111 113
111 115
111 121
111 190
113 128
113 131
113 129
113 140
113 144
113 171
113 157
113 135
113 179
113 183
113 190
113 139
113 199
113 166
113 120
113 123
114 133
114 199
114 140
114 188
114 171
114 159
114 161
114 197
114 168
114 124
114 157
114 117
114 185
114 186
114 181
115 129
115 131
115 132
115 140
115 141
115 142
115 154
115 156
115 158
115 163
115 165
115 167
115 179
115 137
115 199
115 123
115 127
117 174
118 199
118 141
118 143
118 179
118 139
118 121
119 128
119 157
119 166
119 171
119 181
119 183
119 185
119 126
119 191
120 130
120 195
120 132
120 172
120 194
120 156
120 158
120 165
120 170
120 125
120 121
120 124
120 127
121 129
121 137
121 141
121 174
121 156
121 157
121 162
121 163
121 171
121 178
121 179
121 185
121 186
121 159
121 188
121 190
121 194
121 182
121 199
121 153
121 144
121 136
121 123
121 125
123 132
123 151
123 195
123 170
123 158
123 127
124 163
124 129
124 190
125 163
125 157
126 194
126 137
126 152
126 176
126 168
126 191
127 129
127 132
127 137
127 140
127 142
127 151
127 152
127 154
127 158
127 160
127 171
127 176
127 182
127 185
127 188
127 195
128 137
128 152
128 170
128 176
128 182
128 184
128 189
129 192
129 132
129 134
129 139
129 144
129 195
129 158
129 160
129 162
129 170
129 171
129 151
129 157
129 183
130 179
130 199
130 143
130 139
130 190
131 139
131 132
131 199
131 144
131 160
131 162
131 163
131 170
131 171
131 185
131 191
131 151
132 172
132 140
132 195
132 141
132 151
132 152
132 154
132 160
132 165
132 167
132 159
132 137
132 188
132 190
133 163
133 199
133 157
134 192
134 163
135 173
135 146
135 147
135 193
135 184
136 163
136 199
136 141
136 143
136 179
136 139
137 144
137 147
137 151
137 160
137 162
137 157
137 179
137 181
137 189
137 195
137 199
137 146
137 191
138 179
138 141
139 149
139 152
139 182
139 161
139 197
139 168
139 170
139 176
140 160
140 195
140 170
140 151
141 143
141 148
141 175
141 158
141 160
141 151
141 149
142 195
142 151
142 160
142 146
142 170
142 175
142 189
143 179
143 149
143 144
143 163
143 147
143 181
144 170
145 147
145 182
145 152
145 176
146 173
146 147
146 152
146 166
146 176
147 175
147 152
147 166
147 173
147 176
147 189
147 179
147 182
147 187
149 163
149 199
149 179
150 177
151 153
151 154
151 156
151 165
151 163
151 195
151 179
151 158
152 175
152 158
152 162
152 171
152 157
152 176
152 179
152 181
152 182
152 183
152 185
152 189
152 199
152 195
152 191
153 154
153 199
153 160
153 195
153 170
153 167
153 172
153 179
153 181
154 163
154 165
154 167
154 172
156 160
156 195
156 170
156 190
157 170
157 176
157 182
157 168
158 195
158 160
158 171
158 159
158 176
158 183
158 188
158 190
159 188
160 199
160 163
160 179
161 191
161 171
161 168
161 183
161 185
162 182
162 197
163 192
163 165
163 167
163 172
163 170
165 167
165 190
166 170
167 199
167 172
168 197
169 196
170 171
170 173
170 179
170 183
170 185
170 199
171 195
171 176
171 182
172 190
173 193
173 189
173 184
175 176
175 187
175 182
176 193
176 181
176 189
176 184
176 185
179 193
181 182
182 193
182 185
182 195
182 189
182 184
183 197
183 187
185 195
187 191
188 195
190 194
190 195
191 194
191 197
