0 1
0 131
0 132
0 6
0 7
0 12
0 14
0 15
0 17
0 19
0 171
0 22
0 176
0 38
0 39
0 41
0 42
0 135
0 44
0 45
0 48
0 183
0 185
0 192
0 196
0 71
0 73
0 75
0 76
0 78
0 173
0 83
0 84
0 98
0 105
0 110
0 114
0 117
0 119
0 123
0 127
1 129
1 3
1 133
1 7
1 136
1 9
1 138
1 11
1 146
1 147
1 149
1 150
1 23
1 25
1 154
1 184
1 30
1 31
1 160
1 34
1 36
1 165
1 42
1 197
1 172
1 47
1 48
1 53
1 182
1 56
1 57
1 151
1 181
1 193
1 66
1 67
1 68
1 69
1 198
1 80
1 81
1 85
1 86
1 87
1 89
1 91
1 94
1 95
1 99
1 195
1 103
1 188
1 107
1 115
1 120
2 65
2 162
2 186
2 101
2 137
2 140
2 46
2 18
2 180
2 55
2 90
2 187
2 60
2 93
2 62
3 192
3 66
3 171
3 7
3 9
3 139
3 14
3 15
3 80
3 19
3 150
3 26
3 155
3 122
3 112
3 38
3 104
3 42
3 127
3 111
3 76
3 177
3 50
3 83
3 117
3 183
3 58
3 123
3 63
4 67
4 134
4 161
4 138
4 21
4 22
4 151
4 97
4 35
4 37
4 168
4 169
4 108
4 54
4 58
4 85
5 33
5 118
5 166
5 136
5 9
5 83
5 12
5 157
5 76
5 50
5 19
5 22
5 185
5 26
5 125
6 130
6 165
6 10
6 141
6 79
6 80
6 146
6 115
6 53
6 150
6 56
6 156
6 182
7 68
7 69
7 130
7 129
7 136
7 9
7 10
7 13
7 77
7 141
7 146
7 147
7 21
7 86
7 87
7 153
7 79
7 28
7 159
7 97
7 168
7 156
7 107
7 174
7 47
7 178
7 115
7 53
7 121
7 56
7 57
7 74
7 181
8 192
8 12
8 76
8 15
8 163
8 26
8 27
8 155
8 100
8 38
8 115
8 116
8 53
8 182
8 58
9 130
9 70
9 194
9 10
9 13
9 14
9 77
9 141
9 195
9 20
9 86
9 87
9 91
9 156
9 198
9 171
9 47
9 189
9 52
9 53
9 184
9 148
9 61
10 193
10 130
10 132
10 133
10 11
10 66
10 142
10 13
10 80
10 81
10 141
10 150
10 95
10 160
10 165
10 103
10 42
10 43
10 117
10 124
11 77
11 19
11 22
11 156
11 157
11 94
11 160
11 33
11 166
11 178
11 114
11 118
11 185
11 123
11 125
12 171
12 139
12 13
12 146
12 19
12 150
12 23
12 153
12 26
12 27
12 157
12 31
12 34
12 167
12 43
12 172
12 174
12 47
12 48
12 49
12 50
12 182
12 183
12 56
12 63
12 197
12 199
12 80
12 83
12 89
12 99
12 100
12 104
12 107
12 111
12 113
12 114
12 115
12 121
12 122
12 123
12 124
12 125
13 192
13 130
13 136
13 77
13 15
13 141
13 19
13 155
13 92
13 122
13 33
13 163
13 37
13 178
13 42
13 114
13 125
13 157
13 177
13 50
13 83
13 116
13 183
13 58
13 123
13 106
13 127
14 15
14 145
14 146
14 131
14 149
14 150
14 26
14 155
14 29
14 31
14 33
14 35
14 38
14 169
14 43
14 172
14 174
14 177
14 50
14 179
14 53
14 56
14 58
14 159
14 192
14 66
14 72
14 74
14 76
14 80
14 163
14 92
14 99
14 166
14 105
14 106
14 107
14 116
14 121
14 124
14 127
15 134
15 17
15 150
15 26
15 27
15 28
15 159
15 161
15 35
15 164
15 165
15 167
15 41
15 170
15 171
15 44
15 45
15 47
15 176
15 179
15 53
15 182
15 56
15 169
15 48
15 54
15 199
15 75
15 142
15 89
15 105
15 108
15 113
15 115
15 119
16 67
16 97
16 73
16 138
16 145
16 131
16 22
16 26
16 28
16 33
16 37
16 168
16 92
16 106
16 107
16 53
16 185
17 37
17 107
17 115
17 53
17 182
17 56
17 58
17 21
18 96
18 102
18 40
18 140
18 162
18 46
18 109
18 152
18 186
18 59
18 158
18 191
19 142
19 143
19 20
19 21
19 150
19 153
19 25
19 154
19 28
19 29
19 159
19 165
19 168
19 41
19 47
19 53
19 56
19 188
19 189
19 67
19 198
19 72
19 74
19 79
19 80
19 85
19 86
19 87
19 91
19 97
19 115
19 124
20 33
20 66
20 68
20 166
20 136
20 42
20 83
20 114
20 157
20 50
20 22
20 185
20 123
21 131
21 134
21 145
21 73
21 183
21 84
21 22
21 39
21 104
21 41
21 42
21 135
21 108
21 111
21 112
21 114
21 54
21 119
21 122
21 123
21 63
22 192
22 134
22 136
22 23
22 24
22 153
22 154
22 27
22 30
22 133
22 160
22 33
22 34
22 35
22 36
22 38
22 168
22 41
22 170
22 43
22 172
22 45
22 174
22 48
22 49
22 53
22 54
22 56
22 185
22 189
22 63
22 64
22 66
22 139
22 196
22 182
22 70
22 161
22 75
22 76
22 83
22 85
22 176
22 164
22 94
22 97
22 98
22 100
22 103
22 104
22 107
22 108
22 111
22 112
22 113
22 114
22 115
22 197
22 118
22 120
22 121
22 122
22 124
22 126
22 127
23 64
23 66
23 72
23 76
23 143
23 84
23 29
23 33
23 164
23 38
23 105
23 42
23 44
23 176
23 136
23 179
23 118
23 41
23 185
23 192
24 33
24 166
24 50
24 118
24 185
24 122
24 125
24 63
25 131
25 136
25 83
25 145
25 73
25 87
25 123
25 183
26 145
26 146
26 131
26 171
26 150
26 27
26 28
26 30
26 33
26 34
26 35
26 36
26 37
26 38
26 167
26 41
26 170
26 43
26 48
26 177
26 155
26 53
26 182
26 189
26 192
26 66
26 196
26 199
26 73
26 74
26 76
26 79
26 80
26 163
26 142
26 89
26 92
26 165
26 98
26 100
26 106
26 107
26 113
26 115
26 116
26 169
26 120
26 124
26 127
27 37
27 167
27 106
27 199
27 76
27 113
27 185
27 92
27 58
28 67
28 69
28 72
28 73
28 138
28 75
28 145
28 84
28 85
28 151
28 164
28 143
28 92
28 29
28 98
28 131
28 37
28 41
28 171
28 45
28 176
28 58
28 123
28 63
29 194
29 67
29 179
29 70
29 74
29 151
29 144
29 82
29 84
29 85
29 185
29 159
29 97
29 148
29 164
29 168
29 105
29 44
29 114
29 83
29 52
29 53
29 118
29 183
29 57
29 123
29 138
29 181
30 99
30 36
30 33
30 172
30 149
30 118
30 120
30 185
31 192
31 38
31 76
31 127
32 182
32 153
32 56
32 121
32 107
32 174
33 154
33 133
33 160
33 164
33 38
33 41
33 170
33 171
33 47
33 181
33 57
33 61
33 192
33 194
33 195
33 196
33 70
33 75
33 76
33 80
33 81
33 82
33 36
33 94
33 95
33 98
33 189
33 150
33 120
33 148
33 126
34 197
34 76
34 77
34 83
34 104
34 111
34 112
34 114
34 185
34 122
34 63
35 97
35 67
35 54
35 134
35 169
35 171
35 108
35 85
35 151
35 185
37 64
37 135
37 75
37 84
37 196
37 89
37 159
37 98
37 164
37 39
37 41
37 170
37 44
37 45
37 47
37 179
37 105
37 119
38 192
38 194
38 70
38 199
38 144
38 82
38 148
38 149
38 99
38 167
38 171
38 107
38 172
38 52
39 97
39 67
39 135
39 168
39 106
39 151
39 92
39 138
40 101
40 102
40 109
40 46
40 175
40 93
40 158
40 191
41 129
41 146
41 147
41 153
41 157
41 159
41 166
41 44
41 174
41 176
41 50
41 179
41 53
41 182
41 56
41 57
41 58
41 181
41 69
41 70
41 74
41 79
41 82
41 83
41 84
41 185
41 92
41 105
41 106
41 107
41 111
41 112
41 114
41 115
41 118
41 121
41 123
42 194
42 70
42 142
42 77
42 80
42 141
42 82
42 195
42 150
42 91
42 156
42 144
42 165
42 107
42 47
42 189
42 178
42 52
42 53
42 184
42 148
42 61
42 190
43 130
43 76
43 139
43 141
43 77
43 156
43 157
43 104
43 171
43 178
43 111
43 112
43 49
43 50
43 185
43 122
43 125
43 63
44 64
44 194
44 69
44 70
44 129
44 144
44 82
44 148
44 85
44 92
44 164
44 166
44 106
44 157
44 50
44 52
44 58
44 125
44 63
45 64
45 153
45 159
45 107
45 146
45 176
45 179
45 52
45 105
45 56
45 185
45 58
46 96
46 152
46 102
46 158
46 109
47 68
47 139
47 77
47 141
47 83
47 157
47 163
47 166
47 104
47 112
47 125
47 111
47 76
47 49
47 50
47 116
47 183
47 58
47 123
47 106
47 127
48 118
48 167
48 107
48 76
48 113
48 53
48 56
48 185
49 150
49 76
49 139
49 142
49 80
49 95
49 165
49 53
49 105
49 185
50 81
50 146
50 171
50 121
50 153
50 179
50 95
50 160
50 174
50 115
50 53
50 105
50 56
50 84
50 189
50 126
51 152
51 90
51 59
51 60
51 62
51 175
52 192
52 66
52 68
52 70
52 194
52 148
52 163
52 164
52 105
52 176
52 179
52 116
52 84
52 127
53 132
53 139
53 155
53 163
53 164
53 167
53 171
53 183
53 185
53 63
53 192
53 196
53 199
53 177
53 75
53 83
53 92
53 98
53 136
53 100
53 104
53 106
53 114
53 116
53 117
53 118
53 122
53 123
53 170
53 127
54 147
54 97
54 181
54 129
54 169
54 138
54 185
54 57
54 58
54 118
54 85
55 101
55 152
55 90
55 59
55 60
55 93
55 62
55 175
56 153
56 176
56 164
56 166
56 171
56 174
56 179
56 183
56 185
56 196
56 71
56 173
56 83
56 84
56 105
56 110
56 113
56 114
56 115
56 118
56 121
56 125
57 134
57 74
57 161
57 83
57 84
57 159
57 108
57 114
57 183
57 123
58 134
58 113
58 73
58 74
58 75
58 79
58 80
58 131
58 84
58 171
58 150
58 89
58 164
58 199
58 196
58 100
58 167
58 170
58 135
58 176
58 108
58 179
58 105
58 169
59 65
59 162
59 186
59 101
59 137
59 140
59 180
59 90
59 187
59 60
59 93
59 62
60 96
60 65
60 187
60 140
60 162
60 175
60 152
60 180
60 88
60 90
60 93
60 62
61 66
61 68
62 137
62 175
62 152
62 180
62 88
62 93
63 74
63 76
63 79
63 80
63 84
63 185
63 153
63 95
63 104
63 174
63 112
63 121
63 159
63 124
63 126
64 72
64 105
64 179
64 84
64 185
64 92
64 118
65 162
65 152
66 194
66 70
66 77
66 80
66 82
66 195
66 87
66 144
66 165
66 171
66 189
66 184
66 148
66 188
66 190
67 118
67 134
67 75
67 85
67 151
67 196
67 159
67 98
67 169
67 170
67 185
67 138
68 194
68 195
68 70
68 171
68 144
68 82
68 87
68 148
69 131
69 105
69 145
69 84
69 73
69 159
70 192
70 136
70 194
70 144
70 82
70 148
70 185
70 155
70 163
70 105
70 177
70 179
70 118
70 116
70 127
71 128
71 115
71 174
71 182
71 153
71 121
71 107
71 110
72 164
72 92
72 106
72 171
72 79
72 176
72 114
72 84
72 123
72 183
72 159
73 129
73 196
73 198
73 74
73 75
73 79
73 145
73 147
73 86
73 87
73 91
73 159
73 170
73 107
73 174
73 115
73 181
73 153
74 181
74 132
74 138
74 79
74 145
74 83
74 85
74 151
74 97
74 131
74 168
74 171
74 114
74 117
74 183
74 123
75 182
75 97
75 145
75 131
75 85
75 153
75 168
75 106
75 107
75 174
75 115
75 118
75 121
76 139
76 149
76 157
76 150
76 165
76 166
76 167
76 171
76 185
76 197
76 199
76 80
76 83
76 142
76 89
76 100
76 104
76 107
76 111
76 113
76 118
76 122
76 124
76 125
77 197
77 142
77 80
77 150
77 94
77 95
77 103
77 124
78 146
78 115
78 182
78 153
78 121
78 107
78 174
79 129
79 132
79 143
79 83
79 85
79 151
79 122
79 181
79 97
79 164
79 176
79 114
79 117
79 183
79 123
79 138
80 136
80 139
80 141
80 171
80 122
80 130
80 163
80 166
80 177
80 104
80 127
80 83
80 116
80 183
80 123
80 125
81 130
81 178
81 166
81 141
81 157
81 193
81 154
81 156
82 192
82 136
82 84
82 164
83 86
83 146
83 188
83 87
83 197
83 143
83 150
83 182
83 107
83 115
83 185
83 124
83 153
83 85
84 129
84 138
84 143
84 144
84 146
84 147
84 148
84 153
84 159
84 164
84 166
84 168
84 174
84 157
84 181
84 182
84 194
84 85
84 92
84 97
84 104
84 106
84 107
84 112
84 115
84 121
84 122
84 125
85 118
85 134
85 161
85 151
85 159
85 97
85 168
85 169
85 108
85 114
85 183
85 185
85 123
85 138
86 131
86 198
86 87
86 145
86 184
86 91
86 188
86 190
87 123
87 198
87 136
87 145
87 114
87 131
87 184
87 188
87 183
87 190
88 152
88 90
88 93
88 175
89 100
89 167
89 106
89 199
89 113
89 118
89 185
89 92
90 101
90 102
90 137
90 109
90 152
90 180
90 158
90 191
91 131
91 136
91 145
91 114
91 184
91 190
92 196
92 135
92 108
92 143
92 159
92 161
92 98
92 170
92 171
92 179
92 105
92 119
93 109
93 152
93 180
93 158
93 191
94 130
94 166
94 125
94 141
94 118
94 185
94 154
94 157
95 118
95 104
95 139
95 111
95 112
95 185
95 122
96 102
96 152
96 140
96 186
96 162
97 196
97 98
97 169
97 135
98 168
98 106
98 107
98 171
98 151
98 138
99 118
99 149
100 118
100 167
100 199
100 113
100 185
101 152
101 102
101 109
101 158
101 191
102 162
102 137
102 140
102 109
102 175
102 180
102 186
102 158
102 191
103 130
103 141
103 178
103 154
103 156
103 125
104 150
104 142
104 197
104 165
104 112
104 118
104 124
105 171
105 129
105 148
105 122
105 153
105 179
105 182
105 176
105 164
105 166
105 106
105 107
105 111
105 112
105 157
105 125
106 196
106 143
106 159
106 170
106 171
106 179
106 119
107 128
107 131
107 155
107 164
107 171
107 173
107 176
107 177
107 179
107 183
107 185
107 196
107 135
107 110
107 114
107 116
107 118
107 119
107 127
108 147
108 129
108 134
108 161
108 169
108 138
108 181
108 151
109 175
110 146
110 115
110 182
110 174
111 118
111 197
111 185
111 122
111 124
112 150
112 142
112 197
112 165
112 179
112 118
112 185
112 122
112 124
113 192
113 182
113 146
113 153
113 185
113 155
113 167
113 174
113 177
113 115
113 118
113 121
113 127
114 181
114 197
114 198
114 184
114 188
114 154
114 185
114 115
114 118
114 124
114 189
114 190
115 128
115 131
115 132
115 179
115 167
115 199
115 145
115 173
115 117
115 183
115 123
116 171
116 199
116 148
116 150
116 163
116 165
116 167
116 118
116 185
116 149
117 130
117 146
117 182
117 153
117 121
117 159
118 134
118 149
118 154
118 133
118 160
118 176
118 164
118 163
118 177
118 168
118 172
118 155
118 185
118 151
118 197
118 169
118 120
118 123
118 124
118 126
118 127
119 138
120 185
121 128
121 131
121 132
121 146
121 153
121 157
121 166
121 171
121 173
121 174
121 183
121 123
121 125
122 150
122 146
122 153
122 179
122 174
122 182
122 197
122 126
123 182
123 181
123 154
123 185
123 183
123 124
123 189
124 130
124 156
124 171
124 178
124 183
124 185
125 160
125 193
125 146
125 142
125 150
125 154
125 174
125 126
126 157
126 185
126 166
127 142
127 171
127 149
127 172
127 185
128 146
128 182
129 131
129 179
129 134
129 161
129 147
130 193
130 132
130 133
130 142
130 150
130 154
130 160
130 165
131 171
131 196
131 184
131 146
131 147
131 159
131 170
131 174
131 182
131 153
131 190
132 178
132 141
132 174
132 146
132 182
132 156
133 157
133 185
133 154
134 147
134 161
134 181
134 169
134 138
134 151
134 185
135 168
136 198
136 142
136 165
136 171
136 184
136 188
136 189
136 190
137 180
137 152
137 175
138 151
138 159
138 161
138 169
138 170
139 165
139 142
139 185
139 150
140 186
141 193
141 160
141 165
142 155
142 156
142 157
142 163
142 166
142 177
142 178
143 183
143 159
144 192
144 148
144 194
145 196
145 198
145 146
145 159
145 171
145 182
145 153
145 188
146 153
146 157
146 164
146 166
146 171
146 176
147 161
147 179
147 159
148 192
148 163
149 192
149 177
149 163
149 185
150 156
150 163
150 166
150 171
150 157
150 178
150 183
151 159
151 161
151 169
151 185
152 162
152 186
152 175
152 180
152 187
153 196
153 179
153 173
153 157
153 164
153 170
153 174
154 160
154 166
154 193
154 157
154 183
154 185
155 199
155 165
155 167
155 171
155 177
155 185
156 160
156 193
156 165
156 178
157 193
157 171
157 160
157 165
157 174
157 189
159 181
159 164
159 183
160 166
160 185
161 169
162 187
163 199
163 171
163 165
164 179
164 185
165 178
166 193
166 171
166 174
166 179
166 189
167 192
167 182
168 196
168 170
168 185
169 171
169 185
170 182
171 172
171 174
171 179
171 192
171 197
172 192
172 185
173 182
173 174
174 183
175 180
175 191
176 179
177 185
178 193
179 194
179 182
181 183
182 196
182 183
183 198
183 188
183 189
184 190
185 189
185 197
192 194
