0 1
0 130
0 3
0 5
0 8
0 11
0 13
0 15
0 16
0 174
0 150
0 23
0 26
0 30
0 31
0 32
0 33
0 34
0 36
0 165
0 39
0 41
0 46
0 49
0 178
0 181
0 56
0 159
0 61
0 62
0 192
0 193
0 199
0 72
0 77
0 80
0 184
0 88
0 164
0 92
0 93
0 95
0 144
0 167
0 189
0 116
0 169
0 124
1 66
1 135
1 142
1 79
1 19
1 20
1 85
1 15
1 94
1 33
1 59
1 37
1 40
1 173
1 115
1 55
1 123
1 125
1 63
2 66
2 139
2 135
2 72
2 10
2 75
2 77
2 142
2 80
2 18
2 92
2 93
2 94
2 95
2 33
2 37
2 165
2 28
2 170
2 146
2 176
2 116
2 56
2 121
3 19
3 70
3 193
3 8
3 169
3 192
3 178
3 51
3 85
3 184
3 59
4 79
4 73
4 26
4 59
4 63
5 196
5 134
5 136
5 137
5 13
5 15
5 16
5 17
5 20
5 23
5 25
5 26
5 27
5 159
5 160
5 197
5 40
5 41
5 48
5 179
5 54
5 59
5 61
5 62
5 63
5 65
5 194
5 67
5 68
5 182
5 74
5 76
5 79
5 81
5 85
5 87
5 98
5 99
5 102
5 145
5 104
5 111
5 112
5 118
5 153
5 148
5 123
5 125
6 65
6 197
6 199
6 9
6 151
6 76
6 162
6 15
6 16
6 19
6 148
6 86
6 87
6 153
6 79
6 31
6 98
6 163
6 36
6 145
6 168
6 109
6 110
6 124
6 48
6 113
6 189
6 186
6 59
6 60
6 61
6 63
7 128
7 171
7 133
7 137
7 74
7 12
7 141
7 147
7 20
7 21
7 156
7 31
7 97
7 187
7 195
7 103
7 40
7 188
7 42
7 107
7 47
7 50
7 115
7 180
7 117
7 54
7 120
7 122
7 59
7 124
8 19
8 85
8 79
8 193
8 26
8 59
8 125
9 138
9 141
9 18
9 156
9 30
9 31
9 34
9 175
9 52
9 53
9 59
9 63
9 77
9 85
9 88
9 95
9 105
9 107
9 146
9 116
9 117
9 121
9 122
9 124
9 170
10 32
10 162
10 69
10 38
10 110
10 98
10 78
10 79
10 17
10 85
10 183
10 185
10 59
10 63
11 192
11 193
11 19
11 26
11 59
11 125
11 63
12 76
12 79
12 16
12 83
12 85
12 86
12 87
12 25
12 15
12 29
12 172
12 109
12 113
12 179
12 117
12 153
12 186
12 59
12 61
13 129
13 140
13 14
13 144
13 88
13 82
13 150
13 24
13 120
13 90
13 122
13 31
13 34
13 165
13 146
13 167
13 170
13 18
13 189
13 114
13 56
13 58
13 159
13 124
13 125
13 62
14 133
14 172
14 74
14 76
14 16
14 19
14 85
14 86
14 153
14 25
14 159
14 97
14 99
14 163
14 44
14 109
14 113
14 54
14 187
14 61
14 62
15 129
15 18
15 19
15 21
15 22
15 24
15 31
15 133
15 161
15 34
15 42
15 43
15 174
15 56
15 58
15 59
15 63
15 199
15 72
15 77
15 79
15 84
15 85
15 90
15 187
15 107
15 146
15 170
15 120
15 121
15 122
15 124
15 125
15 126
16 128
16 171
16 132
16 143
16 17
16 19
16 23
16 157
16 158
16 133
16 162
16 35
16 36
16 166
16 168
16 42
16 43
16 45
16 175
16 48
16 49
16 52
16 181
16 183
16 180
16 58
16 187
16 60
16 61
16 63
16 65
16 194
16 197
16 199
16 140
16 76
16 79
16 85
16 185
16 90
16 96
16 101
16 102
16 145
16 108
16 117
16 125
17 139
17 75
17 76
17 88
17 82
17 86
17 121
17 24
17 92
17 163
17 165
17 146
17 177
17 168
17 170
17 18
17 113
17 116
17 57
17 60
17 61
17 190
18 172
18 131
18 147
18 20
18 149
18 23
18 137
18 153
18 155
18 29
18 159
18 38
18 44
18 176
18 49
18 179
18 181
18 183
18 56
18 185
18 186
18 62
18 69
18 89
18 92
18 97
18 99
18 112
18 123
18 127
19 20
19 21
19 22
19 23
19 24
19 26
19 29
19 30
19 33
19 36
19 40
19 43
19 44
19 45
19 47
19 48
19 49
19 54
19 56
19 60
19 65
19 67
19 68
19 70
19 71
19 72
19 74
19 75
19 77
19 78
19 80
19 81
19 83
19 84
19 85
19 87
19 94
19 95
19 96
19 97
19 98
19 99
19 100
19 102
19 104
19 105
19 108
19 110
19 111
19 112
19 115
19 117
19 119
19 120
19 126
19 129
19 130
19 132
19 133
19 139
19 140
19 145
19 153
19 160
19 168
19 169
19 172
19 174
19 178
19 179
19 181
19 182
19 184
19 190
19 191
19 193
19 194
19 195
19 196
19 197
19 199
20 67
20 136
20 109
20 120
20 90
20 27
20 158
20 133
20 161
20 35
20 36
20 129
20 105
20 106
20 199
20 45
20 168
20 50
20 116
20 118
20 56
20 121
20 60
21 67
21 68
21 72
21 77
21 79
21 196
21 87
21 153
21 29
21 95
21 160
21 34
21 107
21 159
21 109
21 174
21 136
21 122
21 59
21 125
21 62
21 63
22 160
22 27
22 68
22 134
22 111
22 79
22 104
22 85
22 182
22 119
22 126
22 63
23 194
23 76
23 79
23 81
23 85
23 88
23 92
23 165
23 102
23 108
23 125
23 116
23 181
23 183
23 56
23 185
23 59
23 61
23 63
24 67
24 68
24 182
24 136
24 79
24 82
24 148
24 85
24 151
24 152
24 196
24 27
24 159
24 160
24 162
24 41
24 111
24 114
24 118
24 119
24 59
24 62
24 63
25 128
25 129
25 171
25 71
25 140
25 79
25 179
25 85
25 121
25 88
25 90
25 143
25 92
25 31
25 96
25 180
25 101
25 43
25 146
25 47
25 52
25 117
25 56
25 116
25 58
25 189
25 63
26 192
26 193
26 73
26 79
26 85
26 91
26 164
26 169
26 46
26 178
26 51
26 184
26 59
26 125
26 63
27 129
27 130
27 68
27 74
27 77
27 144
27 90
27 182
27 118
27 30
27 95
27 160
27 161
27 34
27 99
27 42
27 174
27 111
27 115
27 54
27 119
27 84
27 122
27 126
28 144
28 34
28 33
28 72
28 42
28 107
28 174
28 77
28 80
28 116
28 150
28 55
28 56
28 122
28 92
28 94
28 95
29 129
29 133
29 138
29 140
29 144
29 150
29 153
29 155
29 158
29 161
29 35
29 36
29 165
29 168
29 43
29 45
29 175
29 176
29 50
29 56
29 58
29 59
29 60
29 199
29 72
29 79
29 85
29 93
29 107
29 116
29 117
29 120
29 122
30 66
30 67
30 198
30 72
30 130
30 85
30 131
30 37
30 106
30 136
30 186
30 127
31 179
31 74
31 146
31 88
31 79
31 159
31 36
31 165
31 40
31 199
31 44
31 168
31 172
31 54
31 121
31 186
31 60
31 125
31 62
31 63
32 139
32 75
32 79
32 49
32 181
32 59
32 125
32 190
33 69
33 135
33 66
33 142
33 85
33 59
33 125
33 63
34 198
34 72
34 79
34 151
34 66
34 142
34 87
34 186
34 95
34 41
34 106
34 109
34 174
34 136
34 118
34 55
34 122
34 159
34 125
34 62
35 198
35 76
35 158
35 40
35 44
35 112
35 54
35 61
36 145
36 147
36 149
36 153
36 155
36 40
36 44
36 56
36 60
36 61
36 195
36 197
36 74
36 78
36 85
36 92
36 93
36 97
36 99
36 110
36 112
36 168
36 123
37 130
37 69
37 42
38 139
38 69
38 146
38 75
38 77
38 173
38 56
38 121
38 55
38 88
38 89
38 92
38 170
38 190
38 165
39 64
39 125
40 134
40 138
40 196
40 158
40 165
40 168
40 45
40 175
40 176
40 53
40 182
40 56
40 58
40 59
40 63
40 68
40 199
40 79
40 85
40 87
40 90
40 92
40 93
40 187
40 104
40 105
40 106
40 109
40 111
40 116
40 118
40 119
40 124
41 72
41 170
41 107
41 125
41 176
41 150
41 122
41 155
41 92
41 93
42 66
42 67
42 68
42 134
42 136
42 151
42 76
42 142
42 79
42 173
42 163
42 87
42 153
42 104
42 135
42 109
42 125
42 113
42 118
42 55
42 186
42 59
42 61
42 63
43 67
43 118
43 136
43 140
43 76
43 79
43 85
43 90
43 172
43 109
43 113
43 179
43 54
43 58
43 61
43 63
44 133
44 199
44 138
44 79
44 120
44 85
44 87
44 88
44 155
44 93
44 158
44 165
44 146
44 109
44 175
44 176
44 187
44 53
44 56
44 58
44 59
44 60
44 63
45 195
45 137
45 76
45 153
45 90
45 99
45 103
45 112
45 59
45 115
45 58
45 123
45 188
45 63
46 64
46 125
47 179
47 172
47 109
47 79
47 85
47 87
47 59
47 61
47 63
48 98
48 145
48 75
48 76
48 78
48 113
48 110
48 59
48 61
48 197
49 139
49 75
49 116
49 85
49 92
49 170
49 190
50 97
50 195
50 147
50 103
50 76
50 61
50 109
50 115
50 149
50 87
50 137
50 153
50 186
50 123
50 188
51 192
51 178
51 91
52 113
52 179
52 198
52 172
52 61
53 97
53 147
53 198
53 74
53 112
53 115
53 149
53 54
53 137
53 186
53 123
53 188
54 161
54 129
54 68
54 134
54 74
54 140
54 175
54 189
54 149
54 87
54 182
54 199
54 97
54 167
54 104
54 124
54 106
54 109
54 111
54 168
54 147
54 118
54 58
54 60
54 138
55 131
55 69
55 135
55 72
55 107
55 142
55 144
55 150
55 89
55 127
56 135
56 142
56 151
56 159
56 165
56 170
56 179
56 181
56 183
56 185
56 186
56 62
56 194
56 198
56 199
56 79
56 81
56 89
56 99
56 102
56 108
56 112
56 153
57 162
57 177
57 148
57 59
58 129
58 67
58 68
58 179
58 134
58 161
58 74
58 140
58 147
58 149
58 153
58 90
58 97
58 99
58 195
58 103
58 105
58 104
58 115
58 119
58 123
58 188
58 61
59 152
59 147
59 153
59 133
59 193
59 169
59 177
59 178
59 186
59 187
59 191
59 192
59 65
59 194
59 67
59 70
59 161
59 72
59 129
59 75
59 78
59 80
59 81
59 82
59 83
59 84
59 87
59 91
59 94
59 96
59 97
59 98
59 100
59 102
59 105
59 108
59 109
59 114
59 117
59 120
59 126
59 149
60 65
60 147
60 197
60 199
60 137
60 78
60 85
60 86
60 153
60 145
60 188
60 167
60 124
60 189
61 140
61 141
61 148
61 156
61 158
61 162
61 171
61 175
61 191
61 65
61 199
61 90
61 98
61 100
61 105
61 117
61 120
61 125
62 72
62 88
62 82
62 154
62 155
62 92
62 165
62 146
62 170
62 176
62 121
62 122
62 159
62 189
63 147
63 154
63 167
63 169
63 172
63 184
63 186
63 189
63 139
63 198
63 72
63 75
63 79
63 81
63 91
63 92
63 97
63 102
63 105
63 114
63 117
63 124
63 126
63 149
64 164
64 125
65 163
65 168
65 75
65 76
65 113
65 85
65 86
66 130
66 72
66 107
66 174
66 77
66 94
66 95
67 123
67 149
67 130
67 195
67 147
67 137
67 74
67 140
67 77
67 152
67 82
67 90
67 154
67 95
67 97
67 99
67 103
67 174
67 115
67 188
67 85
68 149
68 134
68 72
68 74
68 144
68 90
68 118
68 150
68 122
68 97
68 136
68 106
68 107
68 104
68 147
68 126
68 85
69 131
69 75
69 77
69 173
69 80
69 146
69 88
69 89
69 92
69 93
69 94
69 170
69 116
69 121
69 127
70 192
70 193
70 73
70 178
70 85
70 125
71 85
71 179
71 172
72 196
72 135
72 136
72 130
72 142
72 144
72 150
72 151
72 153
72 160
72 173
72 174
72 186
72 198
72 77
72 79
72 85
72 95
72 104
72 106
72 107
72 111
72 119
72 122
73 91
74 138
74 141
74 85
74 156
74 118
74 158
74 106
74 199
74 175
75 131
75 162
75 78
75 79
75 148
75 89
75 197
75 98
75 145
75 110
75 181
75 185
75 127
76 129
76 140
76 148
76 158
76 197
76 161
76 145
76 105
76 110
76 175
76 117
76 120
77 135
77 186
77 95
77 131
77 107
77 174
77 118
77 122
77 125
77 127
78 98
78 199
78 168
78 85
78 190
79 139
79 152
79 147
79 150
79 161
79 167
79 172
79 189
79 190
79 193
79 198
79 140
79 81
79 82
79 83
79 84
79 91
79 97
79 100
79 144
79 107
79 154
79 114
79 117
79 153
79 122
79 191
79 124
79 126
80 125
80 85
81 163
81 113
81 181
82 162
82 114
82 148
82 152
82 154
82 159
83 179
83 198
83 117
83 186
84 136
84 85
84 118
84 106
85 94
85 96
85 97
85 98
85 100
85 101
85 104
85 110
85 117
85 120
85 126
85 129
85 130
85 132
85 134
85 139
85 140
85 145
85 147
85 149
85 157
85 161
85 166
85 168
85 169
85 172
85 179
85 181
85 183
85 184
85 185
85 186
85 190
85 191
85 193
85 194
85 197
85 198
86 129
86 140
86 168
86 113
86 117
86 120
87 129
87 199
87 141
87 144
87 150
87 100
87 156
87 133
87 161
87 187
87 117
87 122
88 142
88 149
88 151
88 155
88 162
88 167
88 172
88 176
88 179
88 186
88 189
88 195
88 198
88 92
88 97
88 103
88 112
88 115
88 153
88 124
88 125
89 139
89 170
89 146
89 173
89 176
89 116
89 155
89 92
89 93
89 190
89 95
90 129
90 179
90 134
90 136
90 140
90 196
90 182
90 160
90 161
90 99
90 103
90 105
90 106
90 172
90 111
90 112
90 104
90 115
90 118
90 119
92 131
92 135
92 142
92 149
92 151
92 159
92 165
92 170
92 172
92 179
92 181
92 183
92 185
92 199
92 97
92 146
92 121
92 125
93 148
93 149
93 151
93 155
93 159
93 97
93 162
93 165
93 146
93 176
93 115
93 153
93 121
93 125
94 135
94 142
95 106
95 107
95 186
96 179
96 172
97 149
97 138
97 165
97 156
97 199
97 176
97 116
98 139
98 190
98 197
99 138
99 141
99 120
99 156
99 158
99 133
99 165
99 170
99 175
99 118
99 121
99 187
100 172
101 166
101 172
103 136
103 141
103 146
103 165
103 195
103 115
103 170
104 134
104 196
104 182
104 160
104 111
104 119
104 126
105 115
105 198
105 112
105 186
106 130
106 195
106 134
106 137
106 140
106 144
106 150
106 196
106 161
106 107
106 174
106 111
106 119
106 122
106 123
106 188
107 198
107 142
107 151
107 153
107 135
107 173
107 174
107 136
107 186
107 125
108 113
108 163
109 129
109 133
109 140
109 150
109 161
109 187
109 117
109 120
109 122
110 199
110 190
111 160
112 199
112 138
112 158
112 133
112 165
112 175
112 118
112 187
113 128
113 171
113 133
113 129
113 140
113 161
113 162
113 163
113 120
113 180
113 187
114 159
115 136
115 137
115 138
115 141
115 156
115 155
115 165
115 195
115 168
115 199
115 176
115 123
115 188
116 198
116 135
116 183
116 142
116 146
116 147
116 149
116 170
116 199
116 172
116 179
116 181
116 137
116 153
116 121
116 186
116 123
116 188
116 125
116 127
117 179
117 198
117 163
117 172
118 129
118 130
118 161
119 136
119 196
119 134
119 126
120 172
120 153
120 159
120 163
121 198
121 162
121 172
121 179
121 148
121 186
121 159
121 124
121 189
121 127
122 198
122 144
122 150
122 153
122 159
122 135
122 142
122 136
122 186
123 199
123 136
123 141
123 138
123 156
124 198
124 146
124 159
124 165
124 170
124 172
124 168
124 186
124 125
125 130
125 192
125 150
125 167
125 164
125 165
125 178
125 184
125 159
125 151
125 199
125 144
125 189
125 169
126 134
126 196
127 130
127 131
127 173
127 190
127 139
128 171
128 172
129 161
129 136
129 163
129 172
129 179
129 153
130 131
130 198
130 136
131 146
131 170
131 173
131 190
133 153
133 163
133 187
134 160
135 173
135 142
135 144
135 150
136 137
136 195
136 196
136 161
136 188
137 188
137 156
137 141
137 138
138 198
138 149
138 153
138 188
139 197
139 145
139 148
139 183
139 185
140 153
140 163
140 172
140 179
141 195
141 198
141 149
141 153
141 156
141 186
141 188
142 165
142 173
142 144
142 150
143 179
144 151
144 150
144 153
144 173
145 199
145 168
145 190
146 151
146 195
146 148
146 179
146 155
146 162
146 176
146 172
146 181
146 183
146 159
146 189
147 165
147 168
147 199
148 155
148 162
148 170
148 176
148 177
148 190
149 199
149 165
149 156
149 176
150 173
150 151
150 174
151 176
151 165
151 170
152 159
153 156
153 158
153 161
153 187
153 165
153 168
153 176
154 159
155 199
155 159
155 162
155 170
156 198
156 186
156 188
158 175
159 165
159 167
159 189
160 182
161 163
162 176
162 170
162 177
162 190
163 194
163 187
165 195
165 167
165 189
166 172
167 168
167 170
167 172
167 179
168 197
168 189
169 193
170 198
170 195
170 185
170 181
170 183
170 186
170 189
171 198
171 179
171 180
171 186
172 176
172 191
172 189
175 198
175 186
176 199
178 193
178 184
179 180
179 189
183 190
184 192
190 197
195 199
197 199
