0 5
0 135
0 74
0 78
0 154
0 88
0 25
0 26
0 29
0 31
0 32
0 163
0 103
0 104
0 50
0 55
0 187
1 48
1 133
1 196
1 53
1 182
1 145
1 44
1 46
1 95
2 97
2 99
2 6
2 136
2 12
2 11
2 76
2 18
2 22
2 56
2 153
2 90
2 123
3 128
3 193
3 130
3 67
3 196
3 135
3 74
3 190
3 13
3 14
3 79
3 141
3 145
3 195
3 21
3 24
3 25
3 95
3 96
3 176
3 34
3 35
3 102
3 103
3 40
3 199
3 46
3 47
3 48
3 178
3 53
3 121
3 188
3 125
3 126
3 181
4 6
4 135
4 72
4 9
4 13
4 16
4 17
4 25
4 91
4 92
4 159
4 97
4 27
4 38
4 103
4 161
4 109
4 136
4 178
4 52
4 123
5 130
5 133
5 129
5 145
5 137
5 139
5 81
5 88
5 29
5 95
5 36
5 39
5 42
5 44
5 45
5 46
5 114
5 182
5 120
5 61
5 191
6 11
6 68
6 179
6 136
6 9
6 75
6 12
6 109
6 16
6 17
6 18
6 19
6 20
6 22
6 153
6 90
6 155
6 157
6 94
6 160
6 144
6 91
6 105
6 106
6 82
6 76
6 99
6 140
6 115
6 52
6 54
6 73
6 56
6 180
6 123
7 193
7 69
7 8
7 77
7 14
7 79
7 84
7 21
7 24
7 26
7 156
7 32
7 164
7 103
7 171
7 142
7 111
7 181
7 187
7 189
7 85
8 193
8 195
8 11
8 14
8 18
8 90
8 96
8 97
8 34
8 99
8 164
8 177
8 42
8 108
8 113
8 183
8 122
9 123
9 97
9 99
9 179
9 140
9 12
9 11
9 76
9 115
9 18
9 19
9 22
9 56
9 68
9 90
9 91
9 157
10 128
10 130
10 135
10 13
10 142
10 145
10 21
10 150
10 24
10 25
10 26
10 28
10 32
10 48
10 35
10 38
10 40
10 156
10 46
10 176
10 53
10 185
10 187
10 188
10 189
10 190
10 192
10 66
10 67
10 196
10 69
10 198
10 199
10 77
10 141
10 84
10 87
10 169
10 152
10 79
10 95
10 103
10 119
10 125
10 126
11 128
11 135
11 141
11 16
11 17
11 19
11 21
11 153
11 25
11 27
11 156
11 157
11 33
11 35
11 36
11 165
11 38
11 40
11 41
11 43
11 178
11 155
11 58
11 188
11 189
11 192
11 68
11 161
11 76
11 79
11 84
11 169
11 90
11 92
11 199
11 97
11 102
11 103
11 109
11 117
11 119
11 121
11 125
11 126
12 129
12 75
12 71
12 72
12 139
12 16
12 20
12 27
12 92
12 160
12 97
12 98
12 155
12 36
12 39
12 161
12 170
12 148
12 174
12 180
12 136
12 52
12 54
12 73
12 57
12 127
13 128
13 172
13 140
13 145
13 195
13 23
13 152
13 196
13 28
13 158
13 32
13 48
13 162
13 37
13 44
13 176
13 53
13 185
13 187
13 188
13 190
13 193
13 67
13 68
13 197
13 198
13 85
13 87
13 91
13 93
13 96
13 108
13 110
13 121
14 64
14 65
14 100
14 137
14 81
14 24
14 164
14 135
14 36
14 134
14 39
14 107
14 175
14 51
14 181
14 184
14 187
14 62
15 133
15 48
15 114
15 196
15 53
15 182
15 145
15 130
15 46
15 95
16 97
16 123
16 179
16 140
16 115
16 22
16 153
16 56
16 68
16 91
16 157
17 68
17 179
17 71
17 73
17 75
17 80
17 82
17 19
17 91
17 94
17 97
17 98
17 131
17 112
17 30
17 54
17 56
17 57
17 123
17 124
17 127
18 64
18 131
18 71
18 138
18 76
18 80
18 82
18 19
18 153
18 100
18 157
18 30
18 33
18 36
18 134
18 168
18 41
18 106
18 175
18 52
18 94
18 118
18 73
18 123
18 124
18 189
18 62
19 155
19 161
19 72
19 148
19 179
19 27
19 159
19 160
19 97
19 99
19 105
19 109
19 136
19 115
19 52
19 117
19 56
19 180
19 58
19 123
20 97
20 76
20 22
20 153
20 90
20 123
20 157
21 141
21 142
21 22
21 23
21 152
21 26
21 28
21 158
21 197
21 32
21 34
21 164
21 171
21 177
21 51
21 162
21 183
21 185
21 187
21 192
21 66
21 67
21 69
21 198
21 74
21 55
21 77
21 87
21 90
21 97
21 107
21 110
21 113
21 121
22 128
22 129
22 171
22 136
22 139
22 141
22 142
22 150
22 152
22 26
22 27
22 28
22 159
22 32
22 33
22 162
22 36
22 134
22 39
22 170
22 43
22 174
22 176
22 52
22 185
22 187
22 188
22 62
22 64
22 65
22 69
22 77
22 81
22 87
22 97
22 100
22 109
22 123
23 128
23 149
23 66
23 67
23 130
23 192
23 79
23 152
23 46
23 87
23 28
23 158
23 95
23 32
23 162
23 35
23 102
23 40
23 169
23 197
23 44
23 176
23 185
23 182
23 119
23 121
23 187
23 188
23 125
24 193
24 68
24 197
24 140
24 167
24 195
24 25
24 91
24 93
24 158
24 96
24 34
24 101
24 103
24 135
24 108
24 178
24 51
24 55
25 128
25 143
25 149
25 26
25 32
25 37
25 44
25 47
25 176
25 177
25 181
25 183
25 187
25 188
25 53
25 66
25 69
25 84
25 85
25 95
25 96
25 97
25 107
25 113
25 114
25 122
26 128
26 130
26 171
26 133
26 143
26 28
26 150
26 32
26 34
26 162
26 37
26 38
26 167
26 156
26 135
26 44
26 46
26 48
26 178
26 51
26 53
26 182
26 183
26 185
26 192
26 66
26 69
26 198
26 158
26 77
26 141
26 84
26 142
26 164
26 90
26 93
26 95
26 96
26 101
26 103
26 107
26 110
26 111
26 113
26 114
26 121
26 122
26 125
26 149
27 97
27 123
27 161
27 72
27 76
27 157
27 140
27 117
27 153
27 68
27 90
28 69
28 198
28 199
28 77
28 167
28 152
28 143
28 156
28 90
28 158
28 197
28 32
28 97
28 162
28 37
28 103
28 107
28 125
28 110
28 93
28 47
28 178
28 51
28 190
28 55
28 187
28 74
28 126
28 149
29 48
29 114
29 196
29 145
30 99
30 73
30 82
30 144
30 115
30 54
30 56
30 57
30 155
30 92
30 157
31 48
31 114
31 196
31 53
32 192
32 130
32 67
32 141
32 90
32 199
32 164
32 102
32 38
32 103
32 156
32 135
32 178
32 46
32 93
32 114
32 190
32 169
32 121
32 122
32 187
32 125
32 126
33 96
33 97
33 34
33 36
33 172
33 39
33 137
33 193
33 43
33 108
33 99
33 51
33 85
33 184
33 90
34 129
34 134
34 137
34 139
34 192
34 156
34 35
34 165
34 38
34 39
34 40
34 169
34 43
34 173
34 176
34 178
34 51
34 181
34 55
34 189
34 64
34 65
34 199
34 74
34 79
34 81
34 84
34 86
34 37
34 96
34 100
34 102
34 107
34 119
34 121
34 125
34 126
35 150
35 142
35 84
35 156
35 90
35 158
35 197
35 97
35 107
35 93
35 47
35 176
35 188
35 74
35 190
36 96
36 194
36 97
36 195
36 39
36 193
36 43
36 172
36 137
36 184
36 90
37 192
37 135
37 172
37 74
37 141
37 85
37 38
37 103
37 107
37 108
37 178
37 51
37 190
37 121
37 187
37 189
37 126
38 66
38 198
38 199
38 140
38 77
38 79
38 84
38 149
38 150
38 152
38 164
38 91
38 156
38 97
38 162
38 102
38 169
38 107
38 110
38 178
38 51
38 55
38 187
38 143
38 126
39 172
39 195
39 193
39 108
39 43
39 194
39 51
39 90
40 68
40 197
40 198
40 177
40 140
40 142
40 122
40 152
40 91
40 93
40 158
40 97
40 101
40 103
40 171
40 167
40 47
40 113
40 111
40 185
40 87
40 74
41 96
41 97
41 99
41 193
41 172
41 108
41 51
41 85
41 90
42 194
42 163
42 89
42 44
42 189
42 46
42 95
43 172
43 65
43 97
43 129
43 137
43 81
43 85
43 90
43 96
43 99
43 108
43 51
43 184
44 194
44 135
44 67
44 93
44 158
44 187
44 101
44 103
44 167
44 47
44 50
44 83
44 55
44 59
44 60
44 190
44 63
45 130
45 196
45 145
45 194
45 46
45 48
45 49
45 114
45 116
45 182
45 120
45 89
45 133
46 194
46 93
46 158
46 133
46 197
46 163
46 101
46 103
46 47
46 49
46 182
46 55
46 120
46 116
46 187
46 74
47 128
47 192
47 133
47 135
47 141
47 79
47 95
47 102
47 103
47 169
47 51
47 121
47 188
47 190
48 66
48 132
48 77
48 145
48 146
48 67
48 149
48 151
48 88
48 196
48 143
48 163
48 49
48 116
48 55
48 120
48 186
48 61
48 191
49 130
49 163
49 196
49 133
49 145
49 182
49 120
49 89
49 61
50 114
51 128
51 129
51 134
51 193
51 138
51 139
51 141
51 156
51 165
51 168
51 173
51 175
51 176
51 181
51 187
51 189
51 192
51 65
51 195
51 74
51 119
51 81
51 84
51 86
51 100
51 102
51 107
51 121
51 125
52 97
52 99
52 136
52 140
52 68
52 90
52 91
53 194
53 70
53 135
53 78
53 146
53 83
53 154
53 93
53 67
53 187
53 166
53 103
53 104
53 167
53 147
53 55
53 186
53 59
53 190
54 112
54 98
54 155
54 71
54 73
54 106
54 80
54 82
54 144
54 94
54 57
54 123
54 92
54 127
55 128
55 130
55 196
55 133
55 181
55 135
55 74
55 190
55 141
55 79
55 145
55 85
55 95
55 96
55 103
55 156
55 199
55 178
55 172
55 182
55 121
55 192
55 125
55 126
56 179
56 71
56 76
56 80
56 82
56 155
56 92
56 157
56 94
56 144
56 98
56 112
56 57
56 123
56 127
57 98
57 99
57 71
57 73
57 106
57 76
57 82
57 144
57 153
57 155
57 92
57 157
57 127
58 97
58 161
58 72
58 117
58 90
58 159
59 70
59 104
59 166
59 95
60 95
60 63
61 130
61 196
61 145
61 194
61 116
61 182
61 120
61 89
61 133
62 64
62 193
62 99
62 134
62 168
62 138
62 195
62 90
63 114
63 95
64 193
64 99
64 100
64 134
64 168
64 138
64 195
65 96
65 193
65 195
65 172
65 108
65 194
65 85
65 90
66 130
66 67
66 196
66 197
66 135
66 177
66 77
66 143
66 145
66 150
66 158
66 103
66 167
66 113
66 178
66 199
66 190
66 183
66 187
66 125
66 126
66 149
67 128
67 140
67 142
67 143
67 145
67 196
67 158
67 197
67 162
67 176
67 185
67 188
67 192
67 68
67 69
67 198
67 74
67 141
67 84
67 90
67 95
67 107
67 110
67 111
67 121
67 125
68 155
68 136
68 79
68 91
68 159
68 97
68 119
68 123
68 190
69 128
69 192
69 150
69 177
69 77
69 141
69 84
69 90
69 103
69 156
69 135
69 183
69 121
69 122
69 187
69 188
69 125
69 190
70 83
70 154
70 78
71 98
71 99
71 73
71 75
71 124
71 112
71 155
71 92
72 97
72 123
72 76
72 109
72 157
72 90
72 159
73 144
73 98
73 106
73 75
73 82
73 80
73 123
73 92
73 127
74 128
74 133
74 119
74 192
74 141
74 79
74 145
74 84
74 169
74 96
74 102
74 103
74 156
74 107
74 176
74 182
74 188
74 125
75 98
75 131
75 112
75 155
75 118
75 123
75 92
75 94
75 127
76 179
76 161
76 153
76 92
76 157
76 94
76 159
76 97
76 99
76 123
77 192
77 196
77 177
77 141
77 143
77 145
77 84
77 90
77 103
77 156
77 199
77 113
77 178
77 183
77 121
77 122
77 187
77 125
77 126
78 114
78 104
78 154
78 95
79 197
79 177
79 140
79 91
79 93
79 158
79 97
79 101
79 167
79 135
79 113
79 178
79 199
79 181
79 122
79 183
79 126
80 99
80 131
80 118
80 124
80 112
80 115
80 179
80 92
80 94
81 129
81 195
81 193
81 172
81 108
81 194
81 85
81 90
82 98
82 99
82 179
82 106
82 144
82 115
82 123
82 92
83 147
83 104
83 166
83 95
84 96
84 135
84 172
84 141
84 199
84 97
84 164
84 103
84 156
84 107
84 108
84 176
84 113
84 178
84 190
84 183
84 122
84 187
85 107
85 139
85 86
85 103
85 156
85 165
85 164
85 177
85 129
85 122
85 183
86 96
86 97
86 99
86 172
86 108
86 173
87 192
87 197
87 198
87 141
87 158
87 101
87 102
87 167
87 169
87 110
87 119
87 121
87 125
88 114
88 196
88 145
88 194
89 130
89 145
89 116
89 120
89 191
90 128
90 140
90 141
90 150
90 159
90 134
90 168
90 170
90 173
90 174
90 175
90 176
90 136
90 137
90 187
90 188
90 192
90 161
90 139
90 91
90 165
90 97
90 100
90 109
90 117
90 121
90 125
91 136
91 92
91 159
91 97
91 155
91 102
91 169
91 181
92 179
92 144
92 153
92 157
92 97
92 98
92 106
92 115
92 94
92 123
92 127
93 128
93 133
93 141
93 95
93 102
93 169
93 176
93 182
93 119
93 121
93 187
93 188
93 181
94 131
94 153
94 179
94 157
94 98
94 99
94 118
94 124
94 127
95 135
95 154
95 158
95 197
95 187
95 101
95 103
95 167
96 137
96 183
96 103
96 156
96 165
96 177
96 173
96 122
96 187
96 189
97 128
97 134
97 141
97 157
97 159
97 165
97 170
97 173
97 176
97 136
97 178
97 188
97 189
97 161
97 140
97 199
97 99
97 100
97 102
97 103
97 109
97 117
97 169
97 148
97 125
97 126
98 131
98 144
98 153
98 179
98 155
98 157
98 99
98 106
98 112
98 115
98 118
98 124
98 127
99 179
99 138
99 153
99 157
99 165
99 100
99 134
99 168
99 173
99 175
99 112
99 136
99 115
99 124
99 189
99 127
100 195
100 168
100 138
100 175
101 133
101 198
101 142
101 152
101 162
101 102
101 167
101 169
101 171
101 110
101 111
101 181
101 182
101 185
101 187
102 197
102 199
102 177
102 140
102 162
102 122
102 152
102 158
102 103
102 167
102 113
102 178
102 119
102 185
102 183
102 126
103 128
103 130
103 133
103 172
103 150
103 169
103 176
103 182
103 187
103 188
103 181
103 192
103 156
103 107
103 114
103 121
104 147
104 154
105 160
105 180
105 157
106 179
106 115
106 123
107 128
107 192
107 135
107 172
107 141
107 195
107 156
107 193
107 199
107 108
107 176
107 178
107 190
107 121
107 187
107 188
107 126
108 129
108 139
108 165
108 173
108 181
109 161
109 123
109 159
110 199
110 167
110 171
110 178
110 190
110 119
110 185
110 125
110 126
111 128
111 192
111 141
111 142
111 152
111 158
111 162
111 177
111 171
111 121
111 188
111 125
111 190
112 155
112 127
113 149
113 135
113 183
113 150
113 169
113 177
113 119
113 187
113 189
114 132
114 146
114 154
114 163
114 186
114 187
115 153
115 155
115 157
115 144
115 179
115 123
115 127
116 130
116 163
116 196
116 133
116 145
116 182
116 151
116 120
116 191
117 161
117 159
119 197
119 198
119 177
119 140
119 142
119 167
119 183
119 185
120 130
120 163
120 196
120 145
120 194
120 182
120 133
121 141
121 150
121 197
121 171
121 185
121 190
122 142
122 149
122 150
122 143
122 156
122 177
122 169
122 183
122 187
122 189
123 161
123 140
123 153
123 155
123 157
123 159
123 144
123 174
123 148
124 127
125 192
125 162
125 142
125 141
125 149
125 150
125 143
125 158
125 197
125 171
125 187
125 190
126 162
126 140
126 152
126 149
126 150
126 143
126 187
126 156
128 135
128 142
128 171
128 150
128 197
128 176
128 187
128 188
128 190
129 172
129 139
129 194
130 135
130 194
130 149
130 143
130 197
130 163
130 167
130 187
131 155
132 196
133 194
133 151
133 158
133 197
133 163
133 167
133 187
133 191
134 195
134 193
134 168
134 175
135 193
135 195
135 156
135 177
135 176
135 187
135 188
135 183
135 181
136 140
137 195
137 193
137 172
137 194
137 184
138 175
139 172
139 195
139 193
139 194
140 190
140 159
140 169
140 178
140 181
141 185
141 156
141 171
141 187
141 190
142 197
142 152
142 158
142 164
142 167
142 171
142 176
142 187
142 188
142 190
143 196
143 199
143 150
143 177
143 190
143 187
144 179
145 196
145 194
145 150
145 151
145 163
145 187
145 190
145 191
149 196
149 197
149 199
149 150
149 178
149 183
149 187
150 196
150 199
150 177
150 156
150 176
150 164
150 178
150 183
150 187
150 188
151 196
151 191
152 197
152 198
152 199
152 158
152 162
152 167
152 169
152 171
152 178
152 185
153 179
153 157
153 159
153 170
153 174
155 179
156 195
156 172
156 199
156 164
156 193
156 176
156 178
156 187
157 179
157 161
157 159
157 160
157 170
157 174
157 180
158 192
158 185
158 162
158 197
158 176
158 181
158 182
158 187
158 190
162 197
162 199
162 167
162 169
162 171
162 178
162 190
162 185
162 187
163 196
163 182
164 193
164 195
164 189
165 172
167 169
167 171
167 182
167 185
167 187
168 175
169 197
169 177
169 183
169 185
171 192
171 177
171 183
171 187
171 188
172 173
172 184
175 193
175 195
176 197
176 188
176 190
177 183
177 189
178 198
178 187
178 181
181 193
181 195
182 194
182 197
183 189
184 194
184 195
184 193
185 192
185 197
185 198
185 187
185 190
186 196
187 197
187 188
187 192
187 193
187 195
187 199
188 197
188 190
190 192
190 198
191 194
191 196
192 197
