0 172
0 1
0 4
0 5
0 6
0 7
0 9
0 138
0 139
0 13
0 143
0 16
0 146
0 149
0 22
0 150
0 152
0 26
0 27
0 154
0 30
0 162
0 36
0 37
0 40
0 44
0 173
0 47
0 51
0 180
0 158
0 54
0 186
0 63
0 194
0 11
0 68
0 182
0 70
0 129
0 76
0 78
0 141
0 81
0 84
0 164
0 91
0 94
0 95
0 98
0 104
0 122
0 126
1 2
1 4
1 5
1 6
1 9
1 10
1 11
1 12
1 13
1 14
1 16
1 17
1 18
1 19
1 20
1 21
1 25
1 26
1 28
1 30
1 31
1 32
1 36
1 37
1 40
1 44
1 46
1 50
1 51
1 52
1 53
1 57
1 60
1 61
1 63
1 64
1 65
1 68
1 69
1 70
1 71
1 72
1 73
1 74
1 75
1 76
1 78
1 79
1 80
1 83
1 84
1 86
1 90
1 95
1 98
1 100
1 102
1 103
1 104
1 107
1 108
1 113
1 114
1 115
1 118
1 119
1 122
1 123
1 124
1 125
1 126
1 127
1 129
1 132
1 133
1 137
1 138
1 139
1 141
1 144
1 145
1 149
1 150
1 152
1 153
1 154
1 155
1 158
1 159
1 160
1 162
1 163
1 167
1 168
1 170
1 172
1 177
1 180
1 182
1 185
1 186
1 187
1 188
1 192
1 199
2 32
2 148
2 115
2 133
2 165
2 65
2 72
2 18
2 83
2 118
2 25
2 57
2 187
2 159
3 64
3 155
3 163
3 102
3 168
3 107
3 176
3 19
3 52
3 21
3 57
3 31
3 53
3 127
4 5
4 172
4 10
4 11
4 13
4 16
4 19
4 21
4 152
4 179
4 155
4 164
4 37
4 168
4 170
4 44
4 173
4 176
4 50
4 51
4 52
4 53
4 182
4 57
4 189
4 63
4 68
4 69
4 70
4 199
4 74
4 78
4 36
4 90
4 94
4 100
4 102
4 104
4 105
4 107
4 108
4 126
4 127
5 179
5 70
5 71
5 129
5 10
5 78
5 143
5 149
5 100
5 26
5 94
5 36
5 37
5 104
5 199
5 173
5 47
5 51
5 57
5 122
5 74
6 195
6 9
6 76
6 141
6 19
6 84
6 21
6 151
6 57
6 91
6 158
6 127
7 176
7 19
7 155
7 21
7 168
7 163
7 107
7 53
7 127
8 99
8 101
8 134
8 135
8 77
8 120
8 156
8 29
8 62
9 195
9 141
9 84
9 21
9 151
9 91
9 158
9 127
10 149
10 68
10 71
10 129
10 19
10 21
10 150
10 90
10 26
10 199
10 69
10 102
10 104
10 105
10 170
10 127
10 173
10 189
10 51
10 57
10 122
10 31
10 61
10 63
11 179
11 129
11 172
11 128
11 13
11 143
11 16
11 19
11 149
11 22
11 152
11 26
11 155
11 31
11 163
11 164
11 37
11 168
11 44
11 176
11 50
11 51
11 52
11 53
11 182
11 57
11 64
11 68
11 197
11 70
11 74
11 36
11 94
11 96
11 100
11 102
11 107
11 108
11 122
11 127
11 126
11 21
12 57
13 149
13 129
13 128
13 78
13 143
13 146
13 19
13 21
13 121
13 89
13 26
13 155
13 95
13 96
13 176
13 163
13 164
13 102
13 107
13 172
13 112
13 51
13 52
13 122
13 127
14 18
14 83
14 148
14 65
14 17
14 153
14 144
14 167
15 33
15 147
15 169
15 23
15 24
15 88
15 87
15 45
15 93
15 77
16 69
16 149
16 71
16 143
16 146
16 19
16 21
16 22
16 89
16 68
16 26
16 155
16 199
16 31
16 96
16 176
16 163
16 164
16 168
16 105
16 170
16 107
16 112
16 52
16 121
16 57
16 122
16 127
16 61
16 63
17 144
17 132
17 86
17 113
17 153
17 57
17 167
18 32
18 132
18 65
18 41
18 144
18 160
18 80
18 83
18 86
18 153
18 57
18 187
18 188
18 167
19 128
19 143
19 149
19 26
19 27
19 28
19 154
19 30
19 197
19 162
19 164
19 129
19 170
19 199
19 172
19 46
19 177
19 51
19 180
19 54
19 57
19 186
19 60
19 138
19 63
19 192
19 194
19 139
19 68
19 69
19 71
19 75
19 81
19 185
19 89
19 90
19 95
19 98
19 105
19 61
19 112
19 40
19 189
19 119
19 122
19 124
20 133
20 65
20 72
20 137
20 160
20 140
20 79
20 80
20 83
20 148
20 159
20 32
20 165
20 103
20 41
20 115
20 116
20 56
20 57
20 123
20 125
21 128
21 179
21 143
21 146
21 149
21 22
21 26
21 27
21 154
21 30
21 197
21 162
21 36
21 37
21 40
21 170
21 199
21 172
21 47
21 177
21 51
21 180
21 158
21 54
21 57
21 186
21 138
21 63
21 194
21 139
21 69
21 70
21 71
21 129
21 74
21 76
21 141
21 164
21 84
21 89
21 90
21 94
21 95
21 96
21 98
21 100
21 105
21 108
21 189
21 122
21 127
22 64
22 172
22 78
22 152
22 164
22 96
22 36
22 102
22 104
22 44
22 47
22 51
22 52
22 53
22 127
22 126
22 63
23 161
23 191
23 196
23 87
23 88
23 106
23 39
23 109
23 190
24 198
24 193
24 66
24 67
24 130
24 135
24 77
24 142
24 82
24 99
24 85
24 87
24 175
24 92
24 29
24 171
24 33
24 34
24 35
24 131
24 166
24 38
24 156
24 42
24 43
24 109
24 110
24 111
24 48
24 49
24 178
24 161
24 157
24 183
24 184
24 59
24 106
24 62
24 181
25 72
25 160
25 140
25 79
25 80
25 83
25 148
25 86
25 159
25 165
25 103
25 41
25 115
25 116
25 56
25 123
25 125
26 68
26 71
26 172
26 78
26 150
26 199
26 152
26 164
26 94
26 69
26 36
26 127
26 44
26 173
26 47
26 189
26 50
26 182
26 57
26 95
26 61
26 126
26 63
27 180
27 154
27 139
27 186
28 192
28 102
28 124
28 75
28 46
28 119
28 57
28 60
28 31
29 171
29 66
29 35
29 131
29 101
29 134
29 184
29 147
29 43
29 175
29 49
29 178
29 67
29 85
29 183
29 120
29 59
29 157
30 155
30 163
30 102
30 64
30 107
30 176
30 168
30 52
30 31
30 53
30 127
31 69
31 70
31 199
31 108
31 162
31 81
31 146
31 164
31 68
31 90
31 95
31 96
31 98
31 36
31 102
31 40
31 71
31 179
31 189
31 51
31 54
31 61
31 126
31 63
32 133
32 65
32 137
32 140
32 79
32 80
32 83
32 153
32 159
32 160
32 144
32 148
32 187
32 103
32 41
32 115
32 118
32 56
32 57
32 123
32 188
33 161
33 34
33 77
33 39
33 169
33 130
33 142
33 109
33 147
33 87
33 196
33 93
33 190
34 66
34 67
34 196
34 161
34 77
34 190
34 82
34 147
34 171
34 92
34 93
34 35
34 166
34 39
34 156
34 42
34 43
34 109
34 111
34 48
34 99
34 181
34 169
34 184
34 106
34 62
34 191
35 171
35 135
35 43
35 130
35 142
35 77
35 184
35 67
35 59
36 149
36 129
36 64
36 128
36 78
36 143
36 146
36 89
36 155
36 150
36 95
36 163
36 164
36 168
36 107
36 173
36 176
36 51
36 52
36 57
36 122
36 127
37 70
37 129
37 78
37 143
37 150
37 94
37 149
37 164
37 104
37 173
37 47
37 57
37 122
37 95
37 127
38 48
38 147
38 166
38 169
38 92
38 93
39 196
39 45
39 130
39 142
39 77
39 147
39 88
39 59
39 190
39 191
40 102
40 64
40 57
40 127
40 53
41 65
41 148
41 187
41 118
41 116
41 140
41 144
41 113
41 83
41 86
41 56
41 57
41 123
41 188
41 125
42 131
42 101
42 178
42 169
42 130
42 142
42 77
42 157
42 82
42 85
42 183
42 175
42 93
43 77
43 130
43 135
43 169
43 142
43 93
43 184
43 67
43 147
44 197
44 129
44 64
44 128
44 149
44 152
44 155
44 94
44 95
44 96
44 176
44 163
44 164
44 102
44 168
44 107
44 47
44 112
44 51
44 53
44 57
44 122
45 161
45 196
45 106
45 191
45 109
45 190
46 192
46 124
46 57
46 75
47 64
47 179
47 70
47 108
47 74
47 146
47 152
47 89
47 155
47 128
47 150
47 95
47 96
47 197
47 100
47 104
47 107
47 173
47 112
47 168
47 50
47 51
47 52
47 182
47 121
47 126
47 127
48 193
48 166
48 169
48 130
48 77
48 49
48 147
48 92
48 93
49 193
49 147
49 166
49 135
49 169
49 59
49 92
49 93
50 197
50 129
50 64
50 128
50 143
50 146
50 149
50 155
50 94
50 95
50 96
50 176
50 163
50 164
50 168
50 107
50 112
50 51
50 52
50 53
50 57
50 122
51 149
51 129
51 172
51 143
51 146
51 152
51 155
51 150
51 197
51 163
51 168
51 170
51 199
51 173
51 176
51 128
51 52
51 53
51 182
51 57
51 61
51 63
51 64
51 164
51 68
51 69
51 70
51 71
51 78
51 89
51 90
51 95
51 96
51 104
51 105
51 107
51 189
51 112
51 121
51 122
51 126
51 127
52 64
52 182
52 129
52 128
52 143
52 81
52 146
52 149
52 121
52 197
52 164
52 95
52 96
52 98
52 168
52 107
52 172
52 112
52 177
52 94
52 54
52 57
52 122
53 182
53 129
53 138
53 146
53 121
53 152
53 89
53 94
53 95
53 96
53 197
53 164
53 112
53 177
53 54
53 57
53 126
54 64
54 163
54 102
54 107
54 176
54 168
54 155
54 127
56 148
56 187
56 116
56 65
56 140
56 123
56 188
56 125
57 58
57 60
57 63
57 64
57 68
57 69
57 70
57 71
57 74
57 75
57 78
57 79
57 80
57 81
57 86
57 90
57 95
57 97
57 98
57 100
57 102
57 103
57 104
57 107
57 113
57 115
57 124
57 126
57 127
57 129
57 132
57 133
57 136
57 137
57 138
57 139
57 145
57 148
57 150
57 155
57 159
57 160
57 162
57 165
57 168
57 172
57 173
57 176
57 177
57 179
57 180
57 182
57 186
57 188
57 189
57 192
57 199
59 193
59 66
59 131
59 196
59 134
59 147
59 85
59 175
59 93
59 161
59 67
59 101
59 169
59 171
59 109
59 157
59 178
59 183
59 120
59 190
59 191
60 124
60 75
61 102
61 68
61 71
61 104
61 127
61 78
61 63
61 90
62 131
62 101
62 134
62 169
62 130
62 142
62 77
62 157
62 120
62 178
62 147
62 85
62 183
62 175
62 93
63 69
63 71
63 64
63 143
63 146
63 96
63 102
63 129
63 105
63 170
63 199
63 189
63 122
63 149
64 128
64 68
64 182
64 138
64 162
64 164
64 81
64 146
64 121
64 152
64 89
64 197
64 95
64 96
64 98
64 177
64 107
64 112
64 168
64 94
64 126
65 132
65 133
65 137
65 160
65 140
65 79
65 80
65 86
65 153
65 159
65 187
65 167
65 115
65 116
65 118
65 148
65 123
65 188
65 125
66 135
66 169
66 130
66 77
66 184
66 147
67 130
67 184
67 142
67 77
68 69
68 128
68 129
68 143
68 146
68 149
68 121
68 89
68 90
68 95
68 96
68 197
68 164
68 102
68 105
68 170
68 199
68 189
68 112
68 122
68 127
69 149
69 129
69 78
69 143
69 150
69 90
69 102
69 104
69 173
69 122
69 189
69 127
70 149
70 129
70 74
70 78
70 143
70 150
70 164
70 179
70 94
70 95
70 100
70 102
70 104
70 108
70 173
70 122
70 127
71 78
71 150
71 102
71 104
71 105
71 170
71 199
71 173
71 127
72 160
72 103
72 80
72 118
72 187
72 188
73 114
74 129
74 78
74 143
74 149
74 150
74 164
74 94
74 95
74 100
74 102
74 104
74 108
74 173
74 179
74 127
75 192
75 185
75 124
76 127
77 198
77 134
77 161
77 130
77 184
77 82
77 99
77 87
77 175
77 92
77 93
77 171
77 131
77 101
77 166
77 156
77 106
77 109
77 110
77 111
77 157
77 178
77 147
77 181
77 169
77 120
78 172
78 150
78 129
78 128
78 143
78 179
78 146
78 149
78 121
78 89
78 90
78 100
78 94
78 96
78 197
78 104
78 170
78 199
78 108
78 173
78 189
78 112
78 122
79 80
79 115
79 148
79 118
79 187
79 188
79 159
80 148
80 115
80 165
80 103
80 83
80 118
80 187
80 188
80 159
81 163
81 102
81 168
81 107
81 176
81 155
82 198
82 130
82 131
82 134
82 142
82 147
82 85
82 175
82 156
82 157
82 99
82 101
82 93
82 169
82 110
82 111
82 178
82 181
82 183
82 120
83 132
83 144
83 148
83 86
83 153
83 159
83 167
83 113
83 115
83 187
83 188
84 195
84 151
84 91
84 141
84 158
84 127
85 99
85 101
85 198
85 169
85 110
85 147
85 181
85 183
85 156
86 118
86 187
87 147
87 88
87 93
87 169
88 161
88 191
88 196
88 106
88 109
88 190
89 155
89 94
89 163
89 104
89 107
89 172
89 176
89 168
89 127
90 149
90 199
90 102
90 104
90 105
90 170
90 173
90 122
90 127
91 158
91 127
92 193
92 169
92 130
92 142
92 147
92 93
93 198
93 193
93 131
93 130
93 135
93 142
93 175
93 157
93 99
93 166
93 156
93 109
93 110
93 111
93 181
93 184
94 164
94 108
94 143
94 179
94 150
94 152
94 155
94 149
94 95
94 96
94 176
94 197
94 100
94 104
94 107
94 112
94 168
94 128
94 182
94 121
94 122
94 126
94 127
95 100
95 197
95 108
95 128
95 152
95 172
95 155
95 176
95 163
95 102
95 168
95 107
95 112
95 182
95 149
95 122
95 126
95 127
96 172
96 146
96 152
96 155
96 163
96 164
96 102
96 104
96 176
96 168
96 182
96 127
96 126
98 155
98 163
98 102
98 107
98 176
98 168
98 127
99 131
99 101
99 134
99 169
99 178
99 157
99 147
99 183
99 175
100 143
100 149
100 150
100 164
100 104
100 173
100 179
100 122
100 127
101 131
101 134
101 135
101 111
101 156
101 157
101 198
101 110
101 175
101 178
101 181
101 120
102 172
102 108
102 189
102 138
102 179
102 146
102 164
102 105
102 170
102 129
102 177
102 162
102 126
103 165
103 148
103 118
103 187
103 188
104 128
104 179
104 172
104 143
104 173
104 146
104 121
104 197
104 129
104 105
104 170
104 199
104 108
104 112
104 189
104 150
105 149
105 129
105 127
105 143
105 189
105 170
105 122
106 130
106 142
106 147
107 182
107 162
107 172
107 128
107 146
107 164
107 121
107 152
107 155
107 176
107 163
107 129
107 197
107 112
107 177
107 126
108 149
108 129
108 143
108 164
108 122
109 169
109 147
110 131
110 178
110 169
110 111
110 157
110 147
110 183
111 131
111 178
111 169
111 130
111 142
111 157
111 147
111 181
111 175
112 128
112 197
112 152
112 155
112 163
112 164
112 176
112 168
112 182
112 126
112 127
113 132
115 133
115 137
115 148
115 118
115 160
115 187
115 188
115 159
116 187
116 140
116 123
116 188
116 125
118 133
118 137
118 160
118 140
118 159
118 165
118 148
118 123
118 188
118 125
119 192
119 185
119 124
120 135
120 156
121 155
121 172
121 168
121 163
121 176
121 127
122 164
122 143
122 179
122 150
122 152
122 172
122 170
122 127
122 173
122 182
122 189
122 126
123 148
123 140
123 187
123 188
123 125
124 192
124 185
125 188
125 140
126 197
126 129
126 128
126 143
126 146
126 149
126 164
126 168
127 179
127 143
127 146
127 195
127 151
127 154
127 162
127 199
127 172
127 177
127 180
127 158
127 186
127 139
127 129
127 141
127 164
127 189
127 149
128 172
128 152
128 164
128 176
128 163
128 168
128 182
129 172
129 150
129 152
129 155
129 163
129 168
129 170
129 173
129 176
129 182
129 199
129 164
130 196
130 161
130 147
130 171
130 156
130 166
130 190
130 169
130 184
130 191
131 198
131 169
131 147
131 181
131 156
133 148
133 160
133 188
133 159
134 135
134 156
135 193
135 169
135 184
135 157
135 147
135 175
137 148
137 188
137 159
139 194
139 154
140 187
140 188
141 195
141 151
141 158
142 196
142 161
142 147
142 171
142 156
142 166
142 190
142 169
142 184
142 191
143 149
143 164
143 150
143 170
143 199
143 172
143 173
143 182
144 153
144 148
144 167
146 152
146 164
146 155
146 163
146 172
146 176
146 168
147 198
147 193
147 196
147 190
147 161
147 166
147 156
147 178
147 181
147 183
147 184
147 191
148 160
148 153
148 159
148 187
148 167
148 188
149 164
149 179
149 150
149 152
149 172
149 170
149 199
149 173
149 189
149 182
150 179
150 199
150 189
151 158
152 197
152 155
152 163
152 164
152 168
153 167
154 180
155 162
155 182
155 172
155 164
155 177
156 178
156 169
156 183
156 175
157 175
157 198
157 169
157 181
158 195
159 160
159 187
159 188
160 165
160 187
160 188
162 163
162 176
163 197
163 164
163 176
163 177
163 168
164 168
164 172
164 176
164 182
164 197
165 188
166 193
166 169
168 182
168 172
168 176
168 197
168 177
169 198
169 193
169 175
169 178
169 181
169 183
170 189
171 184
172 197
173 179
173 189
176 182
176 197
176 177
178 181
180 194
181 198
181 183
182 197
183 198
185 192
186 194
