0 2
0 19
0 53
0 173
1 161
1 134
1 135
1 104
1 73
1 106
1 76
1 45
1 175
1 141
1 81
1 189
1 19
1 53
1 8
1 138
1 156
1 109
1 30
2 128
2 3
2 5
2 129
2 139
2 12
2 13
2 14
2 143
2 144
2 18
2 147
2 148
2 22
2 23
2 158
2 31
2 176
2 197
2 164
2 38
2 40
2 169
2 171
2 159
2 151
2 48
2 179
2 181
2 54
2 59
2 60
2 61
2 65
2 195
2 68
2 182
2 168
2 74
2 77
2 78
2 82
2 83
2 89
2 90
2 92
2 96
2 97
2 99
2 101
2 103
2 188
2 108
2 110
2 111
2 113
2 114
2 116
2 121
2 122
2 123
3 195
3 22
4 161
4 135
4 8
4 106
4 76
4 141
4 45
4 81
4 19
4 149
4 138
4 170
4 104
4 79
4 42
4 30
5 19
5 53
5 42
5 76
5 170
5 149
6 64
6 65
6 132
6 134
6 9
6 10
6 11
6 76
6 175
6 142
6 79
6 16
6 88
6 19
6 84
6 21
6 87
6 24
6 153
6 154
6 91
6 30
6 36
6 170
6 145
6 42
6 43
6 125
6 45
6 47
6 72
6 140
6 106
6 53
6 73
6 119
6 94
6 126
6 149
7 104
7 135
7 73
7 175
7 125
7 189
8 132
8 136
8 10
8 11
8 13
8 142
8 16
8 145
8 18
8 21
8 153
8 24
8 25
8 31
8 160
8 35
8 163
8 166
8 40
8 42
8 43
8 45
8 51
8 55
8 184
8 186
8 168
8 188
8 62
8 63
8 64
8 68
8 198
8 71
8 74
8 75
8 76
8 79
8 83
8 85
8 86
8 152
8 91
8 135
8 94
8 96
8 97
8 98
8 105
8 108
8 113
8 118
8 119
8 120
8 121
8 170
8 126
9 65
9 134
9 135
9 73
9 10
9 76
9 141
9 79
9 81
9 84
9 150
9 154
9 91
9 30
9 161
9 106
9 109
9 175
9 42
9 170
9 125
10 64
10 65
10 178
10 135
10 11
10 109
10 141
10 79
10 16
10 81
10 19
10 84
10 21
10 150
10 87
10 24
10 25
10 154
10 91
10 30
10 161
10 36
10 134
10 17
10 104
10 106
10 43
10 172
10 45
10 47
10 140
10 94
10 119
10 88
10 189
11 65
11 175
11 135
11 73
11 76
11 141
11 109
11 81
11 21
11 91
11 36
11 104
11 42
11 43
11 45
11 47
11 189
11 79
11 53
11 138
11 170
11 125
11 149
12 128
12 100
12 113
12 170
12 182
12 23
12 106
13 129
13 68
13 135
13 73
13 109
13 141
13 79
13 16
13 81
13 148
13 175
13 29
13 96
13 164
13 45
13 61
13 121
13 188
13 125
14 131
14 134
14 135
14 137
14 15
14 19
14 20
14 150
14 26
14 28
14 30
14 160
14 161
14 162
14 35
14 165
14 199
14 45
14 49
14 180
14 53
14 55
14 184
14 60
14 190
14 191
14 198
14 194
14 70
14 33
14 73
14 76
14 79
14 80
14 86
14 95
14 98
14 102
14 106
14 62
14 124
15 134
15 135
15 137
15 194
15 146
15 150
15 157
15 30
15 160
15 33
15 34
15 35
15 39
15 193
15 45
15 174
15 175
15 50
15 52
15 56
15 185
15 58
15 60
15 63
15 32
15 66
15 161
15 73
15 75
15 79
15 80
15 184
15 86
15 167
15 93
15 98
15 102
15 104
15 106
15 107
15 191
15 124
16 65
16 19
16 148
16 91
16 29
16 96
16 106
16 43
16 45
16 48
16 116
16 53
16 61
17 172
17 112
17 178
17 87
17 88
17 25
17 91
17 94
18 135
18 73
18 42
18 76
18 45
18 79
18 141
18 81
18 125
18 19
18 53
18 138
18 170
18 104
18 175
18 109
18 149
19 130
19 179
19 132
19 145
19 150
19 25
19 26
19 28
19 30
19 31
19 161
19 37
19 168
19 41
19 172
19 173
19 51
19 180
19 158
19 54
19 183
19 59
19 60
19 134
19 181
19 192
19 65
19 194
19 197
19 70
19 72
19 74
19 78
19 156
19 90
19 91
19 92
19 94
19 103
19 106
19 108
19 112
19 114
19 115
19 117
19 120
19 122
20 32
20 149
20 34
20 134
20 167
20 194
20 76
20 66
20 50
20 53
20 150
20 185
20 58
20 106
20 190
20 146
21 65
21 73
21 76
21 79
21 81
21 149
21 88
21 25
21 91
21 94
21 36
21 104
21 42
21 172
21 45
21 47
21 112
21 53
21 170
21 125
22 195
22 151
23 147
23 182
23 106
23 77
24 64
24 65
24 135
24 76
24 79
24 81
24 53
24 189
24 170
24 104
24 91
24 42
24 149
25 65
25 135
25 76
25 79
25 91
25 94
25 104
25 172
25 45
25 112
25 178
25 53
25 170
25 149
26 192
26 134
26 135
26 73
26 138
26 183
26 76
26 141
26 79
26 81
26 149
26 150
26 30
26 161
26 34
26 167
26 45
26 50
26 170
26 185
26 60
27 193
27 66
27 73
27 194
27 146
27 150
27 28
27 34
27 167
27 106
27 107
27 175
27 49
27 50
27 58
27 60
27 125
27 190
28 131
28 133
28 134
28 149
28 150
28 157
28 160
28 161
28 162
28 35
28 165
28 166
28 45
28 52
28 53
28 55
28 184
28 57
28 60
28 63
28 198
28 33
28 73
28 75
28 80
28 85
28 86
28 93
28 95
28 98
28 102
28 106
28 124
28 170
29 96
29 48
29 164
29 68
29 97
29 129
29 73
29 76
29 125
29 116
29 53
29 170
29 148
29 175
29 188
29 61
29 149
30 128
30 171
30 136
30 140
30 144
30 152
30 162
30 163
30 38
30 40
30 43
30 49
30 51
30 181
30 55
30 187
30 190
30 192
30 65
30 194
30 67
30 198
30 74
30 183
30 77
30 156
30 84
30 143
30 94
30 95
30 99
30 100
30 106
30 108
30 113
30 147
30 117
30 120
31 135
31 138
31 76
31 141
31 78
31 79
31 81
31 149
31 99
31 38
31 104
31 42
31 109
31 115
31 54
31 59
31 170
32 33
32 130
32 102
32 70
32 162
32 49
32 55
32 180
32 95
33 133
33 135
33 76
33 146
33 149
33 79
33 157
33 34
33 102
33 39
33 42
33 53
33 170
33 60
33 189
33 191
34 149
34 130
34 70
34 199
34 73
34 138
34 75
34 76
34 141
34 81
34 85
34 166
34 102
34 42
34 109
34 180
34 53
34 183
34 170
34 62
34 63
35 133
35 39
35 60
35 135
35 45
35 157
35 52
35 53
35 124
35 73
35 79
35 93
36 91
36 87
36 88
37 161
37 53
37 134
37 170
37 42
37 76
37 106
37 149
38 161
38 99
38 150
38 134
38 106
38 139
38 78
38 115
38 54
38 123
39 160
39 102
39 124
39 76
39 50
39 53
39 137
39 56
39 57
39 60
39 185
39 149
40 128
40 134
40 135
40 73
40 138
40 77
40 141
40 81
40 147
40 149
40 150
40 152
40 161
40 104
40 42
40 109
40 175
40 113
40 106
40 53
40 189
40 170
40 125
41 161
41 147
41 197
41 134
41 103
41 77
41 150
41 92
42 132
42 142
42 144
42 152
42 154
42 175
42 133
42 163
42 170
42 43
42 172
42 157
42 51
42 52
42 139
42 60
42 64
42 65
42 71
42 72
42 73
42 78
42 79
42 81
42 84
42 89
42 94
42 101
42 108
42 109
42 112
42 113
42 118
42 122
42 125
43 64
43 73
43 76
43 81
43 149
43 91
43 94
43 161
43 134
43 172
43 45
43 175
43 112
43 170
44 69
45 149
45 133
45 140
45 145
45 148
45 141
45 153
45 157
45 164
45 146
45 168
45 172
45 174
45 177
45 192
45 51
45 52
45 53
45 138
45 183
45 56
45 60
45 61
45 62
45 64
45 68
45 72
45 75
45 76
45 79
45 81
45 142
45 93
45 94
45 96
45 97
45 102
45 188
45 144
45 108
45 109
45 112
45 121
45 124
45 170
45 126
45 127
46 149
46 76
46 170
46 110
47 112
47 172
47 94
48 116
48 73
48 125
49 161
49 130
49 134
49 70
49 135
49 104
49 106
49 167
49 79
49 150
49 199
49 185
49 58
49 60
49 189
50 192
50 198
50 130
50 180
50 102
50 70
50 183
50 191
50 199
50 55
50 185
50 95
51 134
51 135
51 138
51 76
51 141
51 79
51 149
51 150
51 104
51 189
51 53
51 170
51 120
51 109
52 149
52 193
52 66
52 133
52 73
52 76
52 80
52 146
52 170
52 85
52 185
52 155
52 160
52 98
52 166
52 102
52 107
52 175
52 177
52 137
52 57
52 127
52 124
52 190
52 63
53 132
53 135
53 137
53 128
53 143
53 152
53 147
53 179
53 158
53 160
53 156
53 172
53 157
53 54
53 57
53 168
53 60
53 190
53 191
53 64
53 194
53 67
53 196
53 182
53 71
53 72
53 73
53 74
53 77
53 78
53 79
53 173
53 163
53 139
53 142
53 90
53 93
53 94
53 144
53 98
53 187
53 108
53 146
53 112
53 113
53 115
53 118
53 119
53 120
53 122
53 123
53 124
54 78
55 198
55 193
55 66
55 134
55 199
55 141
55 81
55 150
55 130
55 70
55 167
55 104
55 106
55 107
55 95
55 60
56 191
56 166
56 138
56 109
56 141
56 81
56 157
56 79
56 93
56 62
56 63
57 146
57 102
57 191
57 194
57 190
57 133
58 198
58 193
58 66
58 102
58 70
58 199
58 107
58 162
58 180
58 95
59 115
59 101
59 90
59 123
59 106
59 150
60 137
60 138
60 130
60 146
60 149
60 160
60 162
60 198
60 175
60 190
60 191
60 192
60 194
60 70
60 199
60 73
60 76
60 141
60 81
60 95
60 98
60 102
60 109
60 62
60 124
60 125
61 129
61 164
61 68
61 97
61 73
61 121
61 175
61 125
62 133
62 135
62 138
62 75
62 141
62 109
62 80
62 81
62 85
62 155
62 93
62 166
62 102
62 174
62 157
62 177
62 63
62 189
62 127
63 133
63 73
63 79
63 93
63 155
63 102
63 104
63 109
63 174
63 175
63 177
63 125
63 127
64 65
64 135
64 73
64 76
64 79
64 104
64 189
64 119
64 91
64 149
65 135
65 76
65 79
65 84
65 150
65 91
65 94
65 161
65 134
65 104
65 172
65 189
65 112
65 140
65 119
65 170
65 106
65 149
66 198
66 130
66 133
66 70
66 167
66 157
66 93
67 161
67 106
67 149
68 96
68 129
68 73
68 138
68 125
68 79
68 141
68 81
68 121
68 109
68 188
70 193
70 107
70 185
70 167
70 199
70 95
71 135
71 73
71 76
71 109
71 79
71 81
71 125
71 138
71 170
71 104
71 175
71 74
71 149
72 135
72 76
72 109
72 141
72 81
72 189
72 138
72 170
72 106
73 128
73 133
73 136
73 144
73 148
73 154
73 152
73 176
73 164
73 163
73 166
73 157
73 137
73 180
73 186
73 168
73 190
73 194
73 74
73 75
73 76
73 79
73 83
73 84
73 91
73 135
73 93
73 98
73 105
73 108
73 146
73 113
73 183
73 118
73 170
73 120
73 121
73 143
74 134
74 138
74 76
74 141
74 79
74 81
74 149
74 150
74 161
74 104
74 106
74 135
74 109
74 175
74 189
74 118
74 125
75 102
75 138
75 109
75 79
75 141
75 81
75 125
75 157
75 93
75 146
76 77
76 78
76 81
76 84
76 89
76 93
76 94
76 101
76 104
76 108
76 109
76 110
76 111
76 112
76 118
76 119
76 120
76 122
76 123
76 125
76 126
76 128
76 132
76 133
76 135
76 138
76 139
76 140
76 141
76 142
76 143
76 144
76 145
76 147
76 152
76 153
76 154
76 156
76 157
76 158
76 159
76 168
76 169
76 171
76 172
76 173
76 176
76 180
76 183
76 189
76 191
77 128
77 161
77 100
77 181
77 106
77 143
77 176
77 113
77 152
78 149
78 99
78 115
78 170
79 80
79 83
79 84
79 85
79 90
79 91
79 98
79 101
79 102
79 105
79 109
79 112
79 118
79 119
79 120
79 121
79 123
79 124
79 125
79 131
79 137
79 138
79 139
79 140
79 141
79 149
79 154
79 155
79 156
79 165
79 166
79 168
79 170
79 172
79 175
79 180
79 183
79 184
79 186
79 192
80 133
80 102
80 135
80 104
80 138
80 109
80 141
80 81
80 146
80 85
80 157
80 93
81 149
81 131
81 129
81 140
81 142
81 145
81 153
81 132
81 155
81 156
81 154
81 165
81 166
81 174
81 180
81 168
81 138
81 192
81 162
81 141
81 184
81 85
81 86
81 135
81 95
81 96
81 97
81 98
81 104
81 188
81 109
81 189
81 113
81 183
81 118
81 121
81 170
81 126
82 182
82 134
82 103
82 150
82 197
83 135
83 138
83 175
83 141
83 109
83 125
84 135
84 138
84 141
84 170
84 150
84 91
84 161
84 104
84 109
84 175
84 189
84 140
84 106
84 125
85 194
85 131
85 133
85 135
85 157
85 109
85 174
85 93
85 190
85 189
85 127
86 194
86 138
86 109
86 141
86 146
86 157
86 93
87 178
87 91
88 178
88 91
89 170
89 149
90 135
90 149
91 135
91 140
91 141
91 150
91 154
91 134
91 104
91 106
91 172
91 109
91 175
91 112
91 178
91 138
91 119
91 189
93 149
93 193
93 194
93 184
93 146
93 157
93 102
93 190
93 137
93 125
94 134
94 135
94 150
94 161
94 104
94 172
94 189
94 178
94 170
95 198
95 193
95 130
95 134
95 199
95 138
95 141
95 146
95 167
95 106
95 107
95 109
95 185
96 125
97 138
97 109
97 121
98 133
98 102
98 157
98 104
98 189
98 191
99 161
99 115
99 134
99 150
99 106
100 161
100 147
100 150
100 134
100 106
100 182
101 149
101 170
102 160
102 131
102 133
102 135
102 137
102 185
102 155
102 165
102 166
102 104
102 124
102 191
102 174
102 157
102 177
102 127
103 134
103 106
103 147
103 117
103 150
103 181
104 132
104 144
104 145
104 154
104 156
104 160
104 166
104 186
104 190
104 194
104 139
104 198
104 108
104 146
104 168
104 118
104 119
104 123
104 124
104 126
105 175
106 130
106 136
106 145
106 146
106 150
106 132
106 161
106 162
106 163
106 156
106 171
106 180
106 182
106 134
106 198
106 196
106 197
106 199
106 140
106 142
106 153
106 144
106 108
106 113
106 147
106 187
106 120
107 198
107 193
107 130
107 133
107 167
107 199
107 157
108 161
108 134
108 135
108 125
108 150
108 170
108 175
108 149
109 128
109 131
109 140
109 142
109 148
109 149
109 155
109 156
109 154
109 164
109 165
109 166
109 174
109 177
109 180
109 168
109 198
109 162
109 113
109 118
109 120
109 121
109 170
109 127
110 149
112 149
112 178
112 170
113 134
113 135
113 138
113 141
113 147
113 150
113 161
113 175
113 182
113 170
113 125
114 117
114 181
116 125
117 161
117 147
117 150
117 134
117 197
118 135
118 141
118 189
118 138
118 170
118 149
119 135
119 170
119 189
119 149
120 175
120 150
120 134
120 135
120 161
120 125
120 141
120 138
120 149
121 129
121 148
121 164
121 175
121 125
122 149
123 139
123 135
123 189
124 194
124 133
124 135
124 146
124 157
124 175
124 189
124 125
124 190
124 191
125 132
125 133
125 136
125 142
125 144
125 153
125 154
125 156
125 163
125 166
125 157
125 186
125 168
125 188
125 170
125 126
126 132
126 135
126 175
127 155
127 166
127 138
127 174
127 141
128 161
128 141
128 147
128 150
128 138
128 149
129 148
130 198
130 162
131 194
131 165
131 138
131 141
131 146
131 190
132 135
132 175
132 170
132 189
132 153
132 149
133 149
133 193
133 194
133 146
133 160
133 166
133 175
133 190
133 170
134 171
134 140
134 144
134 156
134 162
134 163
134 180
134 181
134 192
134 197
134 198
134 147
135 140
135 144
135 145
135 148
135 153
135 156
135 154
135 164
135 163
135 142
135 183
135 186
135 168
135 192
135 139
135 146
135 136
136 161
136 175
136 144
136 150
136 149
137 138
137 141
137 157
137 191
138 184
138 143
138 152
138 155
138 156
138 154
138 165
138 174
138 176
138 177
138 180
138 183
138 168
138 192
138 198
138 162
139 149
139 170
140 175
140 141
140 149
140 150
140 154
140 161
141 184
141 142
141 143
141 148
141 152
141 155
141 156
141 154
141 164
141 165
141 176
141 180
141 168
141 198
141 162
142 189
142 170
142 149
143 161
143 152
144 161
144 163
144 189
144 170
144 175
144 149
145 189
146 198
146 150
146 180
146 161
146 165
146 189
146 184
146 170
146 149
147 161
147 197
147 150
147 181
148 175
149 192
149 171
149 152
149 154
149 175
149 163
149 172
149 157
149 176
149 182
149 183
149 180
149 187
149 190
149 191
149 196
149 168
150 152
150 154
150 163
150 176
150 197
151 195
152 176
152 170
153 175
154 170
154 161
154 175
154 189
155 166
155 177
155 174
156 161
156 175
156 189
157 193
157 194
157 184
157 170
157 160
157 190
158 179
160 191
161 163
161 176
161 180
161 181
161 187
161 190
161 192
161 194
161 196
161 197
161 198
161 183
162 193
162 199
162 194
162 167
162 190
163 170
163 175
165 194
165 190
166 177
166 174
166 189
167 192
167 193
167 198
167 199
167 180
167 183
168 175
168 189
170 175
170 172
170 182
170 183
170 180
170 190
170 192
172 178
174 177
175 186
180 194
180 185
180 190
181 197
182 197
183 185
185 192
185 198
185 199
185 191
189 194
189 198
189 190
190 194
193 198
193 199
