0 4
0 6
0 7
0 8
0 10
0 11
0 17
0 18
0 19
0 22
0 23
0 24
0 29
0 37
0 39
0 40
0 41
0 45
0 51
0 53
0 54
0 55
0 56
0 57
0 60
0 61
0 64
0 65
0 66
0 67
0 68
0 71
0 77
0 80
0 82
0 84
0 88
0 91
0 92
0 98
0 99
0 106
0 109
0 110
0 112
0 113
0 114
0 115
0 118
0 120
0 122
0 124
0 128
0 131
0 132
0 133
0 134
0 135
0 136
0 138
0 139
0 142
0 144
0 146
0 148
0 151
0 152
0 153
0 155
0 156
0 157
0 161
0 165
0 171
0 175
0 182
0 184
0 186
0 189
0 191
0 192
0 194
1 97
1 167
1 72
1 73
1 193
1 43
1 14
1 177
1 147
1 20
1 149
1 87
1 89
1 79
1 31
2 128
2 66
2 179
2 8
2 9
2 78
2 15
2 145
2 82
2 85
2 25
2 26
2 27
2 29
2 182
2 160
2 166
2 146
2 168
2 45
2 46
2 51
2 54
2 119
3 34
3 164
3 94
3 87
3 89
3 172
3 14
3 149
4 128
4 131
4 182
4 7
4 8
4 140
4 173
4 84
4 22
4 29
4 33
4 163
4 114
4 40
4 135
4 45
4 50
4 115
4 52
4 54
4 55
4 58
4 187
4 181
5 171
5 6
5 9
5 75
5 141
5 78
5 15
5 19
5 150
5 143
5 95
5 36
5 37
5 107
5 44
5 109
5 46
5 48
5 49
5 53
5 121
5 125
6 171
6 147
6 103
6 73
6 95
6 75
6 109
6 145
6 19
6 25
6 91
6 167
6 37
7 193
7 131
7 133
7 199
7 72
7 147
7 84
7 22
7 88
7 96
7 162
7 123
7 195
7 40
7 107
7 44
7 114
7 115
7 54
7 184
7 59
7 189
7 190
8 84
8 133
8 70
8 128
8 76
8 45
8 52
8 22
8 121
8 58
8 189
9 75
9 139
9 76
9 141
9 143
9 16
9 145
9 85
9 25
9 28
9 30
9 95
9 36
9 103
9 109
9 178
9 53
9 121
9 159
10 65
10 36
10 167
10 73
10 106
10 192
10 28
10 176
10 178
10 147
10 185
10 121
10 92
10 157
10 159
11 57
11 191
12 32
12 34
12 197
12 64
12 137
12 43
12 108
12 130
12 174
12 47
12 18
12 169
12 90
12 155
12 60
12 31
13 69
13 198
13 44
13 15
13 178
13 83
13 180
13 86
13 121
13 154
13 28
13 159
14 130
14 164
14 64
14 137
14 43
14 47
14 18
14 155
14 149
14 24
14 90
14 79
14 31
15 139
15 140
15 142
15 16
15 19
15 22
15 153
15 150
15 31
15 33
15 40
15 48
15 52
15 158
15 55
15 184
15 58
15 187
15 60
15 63
15 64
15 66
15 68
15 70
15 75
15 76
15 84
15 91
15 103
15 112
15 113
15 114
15 122
15 124
16 193
16 195
16 72
16 78
16 83
16 20
16 27
16 30
16 159
16 59
16 101
16 167
16 104
16 105
16 46
16 177
16 147
16 73
16 185
16 123
16 190
16 127
17 193
17 147
17 36
17 101
17 73
17 72
17 121
17 167
17 185
18 64
18 164
18 97
18 79
18 149
18 87
18 24
18 155
19 193
19 195
19 199
19 72
19 75
19 147
19 30
19 159
19 162
19 59
19 103
19 44
19 83
19 123
19 190
19 127
20 132
20 136
20 139
20 147
20 156
20 157
20 158
20 37
20 167
20 41
20 176
20 151
20 63
20 193
20 67
20 72
20 73
20 74
20 77
20 90
20 92
20 144
20 99
20 106
20 108
20 109
20 110
20 118
20 126
21 128
21 66
21 70
21 76
21 84
21 22
21 28
21 159
21 96
21 36
21 167
21 105
21 107
21 44
21 178
21 111
21 112
21 114
21 115
21 52
21 117
21 184
21 58
22 128
22 66
22 131
22 133
22 55
22 194
22 146
22 88
22 182
22 100
22 166
22 135
22 175
22 113
22 51
22 52
22 54
22 119
22 58
22 124
22 189
23 177
23 132
23 105
23 104
23 73
23 167
23 111
24 64
24 199
24 172
24 79
24 83
24 87
24 89
24 155
24 28
24 94
24 159
24 96
24 162
24 164
24 38
24 107
24 44
24 30
24 190
24 127
25 193
25 195
25 199
25 72
25 75
25 76
25 101
25 78
25 141
25 145
25 147
25 85
25 185
25 143
25 159
25 162
25 123
25 70
25 104
25 105
25 95
25 109
25 111
25 178
25 52
25 121
25 58
25 59
25 190
25 127
26 123
26 70
26 199
26 162
26 195
26 52
26 190
26 58
26 59
26 30
26 127
27 123
27 36
27 70
27 168
27 195
27 76
27 162
27 83
27 53
27 122
27 59
27 28
27 190
27 159
28 128
28 142
28 145
28 148
28 150
28 154
28 31
28 32
28 35
28 163
28 166
28 39
28 168
28 42
28 43
28 45
28 46
28 48
28 178
28 51
28 180
28 53
28 182
28 183
28 185
28 59
28 60
28 62
28 66
28 196
28 71
28 73
28 82
28 83
28 85
28 152
28 91
28 98
28 101
28 102
28 104
28 105
28 167
28 119
28 153
28 122
28 126
28 127
29 128
29 131
29 133
29 70
29 135
29 76
29 45
29 175
29 88
29 182
29 55
29 56
29 100
29 158
30 179
30 140
30 143
30 150
30 153
30 175
30 154
30 158
30 31
30 160
30 161
30 35
30 37
30 168
30 43
30 173
30 46
30 47
30 48
30 51
30 53
30 55
30 56
30 163
30 159
30 62
30 181
30 194
30 196
30 198
30 71
30 74
30 183
30 77
30 78
30 83
30 85
30 86
30 91
30 95
30 144
30 98
30 187
30 100
30 102
30 120
30 122
30 127
31 130
31 195
31 197
31 199
31 137
31 83
31 149
31 87
31 89
31 90
31 94
31 159
31 162
31 164
31 38
31 169
31 43
31 108
31 174
31 47
31 178
31 172
31 123
31 190
31 127
32 172
32 97
32 38
32 167
32 72
32 73
32 193
32 79
32 104
32 178
32 147
32 185
32 87
32 89
32 111
32 94
32 159
33 195
33 133
33 199
33 96
33 162
33 59
33 36
33 125
33 52
33 58
33 123
33 189
33 190
33 63
34 81
34 116
34 97
34 188
34 93
35 99
35 196
35 165
35 156
35 74
35 183
35 77
35 178
35 83
35 126
35 151
35 120
35 159
36 66
36 71
36 136
36 119
36 142
36 80
36 146
36 144
36 148
36 152
36 153
36 163
36 166
36 39
36 168
36 161
36 42
36 103
36 173
36 46
36 51
36 85
36 61
36 62
36 63
37 193
37 195
37 199
37 72
37 75
37 78
37 143
37 145
37 85
37 95
37 162
37 101
37 103
37 177
37 52
37 185
37 58
37 59
37 190
38 130
38 197
38 137
38 108
38 174
38 81
38 172
38 169
38 90
38 188
38 93
39 65
39 136
39 192
39 157
39 178
39 121
39 61
39 159
40 68
40 66
40 133
40 142
40 144
40 146
40 153
40 135
40 158
40 161
40 71
40 113
40 51
40 55
40 124
40 189
41 177
41 147
41 134
41 186
41 111
42 96
42 178
42 69
42 121
42 180
42 107
42 125
43 97
43 44
43 107
43 79
43 178
43 83
43 87
43 127
43 159
44 140
44 194
44 47
44 163
44 166
44 170
44 171
44 173
44 175
44 50
44 51
44 180
44 181
44 56
44 187
44 53
44 66
44 69
44 198
44 82
44 84
44 88
44 100
44 102
44 119
44 63
45 133
45 66
45 144
45 146
45 84
45 161
45 166
45 102
45 178
45 173
45 50
45 51
45 181
45 54
45 187
45 189
46 70
46 139
46 76
46 49
46 178
46 83
46 121
46 58
46 159
46 127
47 96
47 97
47 164
47 197
47 108
47 83
47 149
47 87
47 137
47 90
47 127
47 125
48 195
48 199
48 78
48 85
48 150
48 159
48 103
48 49
48 178
48 122
48 59
48 190
48 127
49 162
49 123
49 195
49 199
49 75
49 83
49 139
49 53
49 122
49 59
49 190
49 127
50 193
50 195
50 68
50 133
50 199
50 140
50 173
50 84
50 185
50 159
50 162
50 101
50 181
50 182
50 121
50 190
50 127
51 128
51 195
51 70
51 129
51 76
51 146
51 84
51 199
51 178
51 107
51 112
51 114
51 115
51 52
51 117
51 182
51 184
51 121
51 58
51 59
51 125
51 127
52 179
52 133
52 141
52 78
52 145
52 82
52 143
52 95
52 160
52 166
52 146
52 54
52 119
52 189
52 63
53 193
53 72
53 78
53 83
53 85
53 159
53 96
53 101
53 103
53 104
53 105
53 107
53 111
53 178
53 147
53 185
53 168
53 125
54 128
54 131
54 133
54 70
54 88
54 135
54 158
54 96
54 100
54 107
54 113
54 182
54 55
54 56
54 58
54 124
54 189
55 129
55 195
55 133
55 135
55 72
55 73
55 158
55 83
55 147
55 123
55 101
55 167
55 193
55 112
55 104
55 114
55 115
55 117
55 184
55 59
55 189
55 190
55 127
56 162
56 123
56 100
56 195
56 199
56 194
56 107
56 175
56 125
56 83
56 190
56 59
57 191
58 66
58 179
58 133
58 141
58 145
58 82
58 143
58 146
58 109
58 189
58 63
59 131
59 139
59 140
59 142
59 143
59 145
59 146
59 171
59 150
59 153
59 158
59 162
59 163
59 168
59 135
59 175
59 178
59 187
59 62
59 63
59 66
59 195
59 68
59 198
59 71
59 194
59 78
59 141
59 82
59 88
59 199
59 95
59 144
59 102
59 161
59 109
59 190
59 123
59 124
60 64
60 97
60 155
60 159
61 101
61 72
61 106
61 192
61 147
61 185
62 123
62 121
62 159
63 195
63 133
63 199
63 96
63 162
63 104
63 105
63 111
63 177
63 121
63 123
63 125
63 190
64 97
64 164
64 149
64 87
65 192
65 136
65 106
65 176
65 148
65 111
66 128
66 195
66 178
66 70
66 129
66 72
66 76
66 96
66 162
66 177
66 105
66 193
66 199
66 111
66 112
66 104
66 114
66 115
66 117
66 182
66 184
66 121
66 125
66 190
67 101
67 167
67 73
67 183
67 111
67 177
67 151
67 185
67 126
67 159
68 128
68 129
68 73
68 187
68 140
68 159
68 162
68 123
68 102
68 167
68 199
68 173
68 111
68 115
68 117
68 121
68 190
68 181
69 96
69 159
69 198
69 170
69 107
69 125
70 160
70 179
70 166
70 78
70 146
70 168
70 82
70 119
71 181
71 178
71 140
71 83
71 167
71 111
71 112
71 104
71 114
71 115
71 117
71 182
71 184
71 127
72 130
72 171
72 137
72 139
72 158
72 169
72 135
72 174
72 177
72 138
72 186
72 193
72 197
72 74
72 82
72 90
72 99
72 145
72 104
72 108
72 111
72 120
72 148
72 124
73 130
73 135
73 136
73 137
73 139
73 142
73 152
73 153
73 158
73 159
73 161
73 167
73 177
73 151
73 80
73 90
73 165
73 144
73 99
73 105
73 111
73 118
73 120
73 148
74 193
74 83
74 151
74 156
74 101
74 98
74 99
74 165
74 104
74 105
74 111
74 177
74 178
74 147
74 183
74 185
74 159
74 126
74 127
75 103
75 145
75 171
75 85
75 91
76 128
76 166
76 78
76 145
76 146
76 182
76 85
77 98
77 99
77 147
77 101
77 193
77 183
77 111
77 177
77 83
77 196
77 105
77 185
77 127
78 141
78 143
78 145
78 150
78 162
78 103
78 109
78 122
78 123
78 190
79 197
79 137
79 108
79 174
79 149
79 87
79 169
79 90
79 155
80 121
80 167
81 97
81 87
81 89
81 172
81 94
82 193
82 101
82 178
82 185
82 159
83 139
83 145
83 153
83 154
83 161
83 168
83 178
83 159
83 175
83 196
83 198
83 194
83 183
83 85
83 86
83 91
83 144
83 98
83 100
83 122
84 128
84 140
84 142
84 173
84 146
84 96
84 163
84 166
84 102
84 107
84 189
84 113
84 181
84 182
84 119
84 187
84 124
84 125
85 139
85 145
85 150
85 159
85 109
85 178
85 121
85 122
85 127
86 198
86 121
86 123
86 190
86 127
87 130
87 197
87 137
87 155
87 93
87 169
87 108
87 174
87 116
87 188
88 96
88 123
88 107
88 125
88 113
88 131
88 124
89 130
89 197
89 169
89 108
89 174
89 116
89 188
89 93
90 193
90 147
90 149
90 97
90 164
90 101
90 167
90 104
90 172
90 177
90 185
91 178
91 159
91 127
92 177
92 148
92 121
92 105
92 111
93 188
93 172
93 94
94 130
94 137
94 172
94 116
94 188
95 162
95 195
95 199
95 145
95 190
96 107
96 146
96 150
96 166
96 180
96 119
96 122
96 170
97 197
97 169
97 108
97 130
97 174
97 188
97 116
97 155
98 147
98 178
98 120
98 185
98 159
99 193
99 196
99 183
99 111
99 177
99 147
99 105
99 120
99 127
100 194
100 175
100 190
100 123
100 127
101 130
101 178
101 136
101 140
101 148
101 151
101 152
101 159
101 163
101 156
101 173
101 186
101 187
101 181
101 165
101 102
101 145
101 108
101 147
101 169
101 120
101 124
101 126
102 128
102 195
102 140
102 142
102 162
102 181
102 182
102 185
102 189
102 190
103 107
103 125
103 121
104 130
104 132
104 135
104 139
104 142
104 145
104 158
104 159
104 161
104 165
104 167
104 169
104 178
104 185
104 193
104 156
104 144
104 110
104 111
104 153
104 126
105 132
105 197
105 130
105 136
105 139
105 141
105 143
105 165
105 145
105 169
105 106
105 167
105 108
105 109
105 110
105 174
105 176
105 137
105 120
105 185
106 136
106 111
106 177
106 148
106 152
107 131
107 146
107 150
107 171
107 170
107 166
107 175
107 113
107 180
107 119
107 122
107 124
107 125
108 193
108 111
108 149
108 185
109 162
109 123
109 199
109 145
109 195
110 151
110 111
110 177
110 183
110 126
111 130
111 132
111 193
111 138
111 139
111 144
111 145
111 147
111 156
111 161
111 165
111 167
111 174
111 186
111 151
111 192
111 197
111 118
111 169
111 120
112 161
112 133
112 166
112 135
112 144
112 113
112 146
112 153
112 124
112 158
113 193
113 131
113 147
113 162
113 185
113 123
113 124
113 190
114 133
114 135
114 144
114 146
114 153
114 124
114 189
114 158
115 129
115 133
115 142
115 146
115 153
115 161
115 166
115 117
115 124
115 189
116 172
117 161
117 133
117 166
117 135
117 142
117 144
117 146
117 119
117 153
117 124
117 189
118 177
118 147
118 134
118 167
118 193
119 128
119 129
119 146
119 159
119 178
119 184
120 193
120 147
120 183
120 196
120 185
121 198
121 142
121 146
121 148
121 152
121 154
121 163
121 168
121 145
121 173
121 170
122 199
122 162
122 178
122 123
122 125
122 190
123 131
123 140
123 141
123 142
123 143
123 145
123 146
123 150
123 154
123 160
123 163
123 168
123 159
123 175
123 178
123 179
123 181
123 194
123 144
123 161
124 129
124 195
124 193
124 147
124 199
124 162
124 184
124 185
124 190
125 194
125 146
125 150
125 175
125 166
125 180
125 170
126 165
126 156
126 151
126 185
126 159
127 179
127 135
127 139
127 145
127 146
127 150
127 153
127 154
127 160
127 161
127 171
127 173
127 158
127 196
127 183
127 163
127 144
127 178
128 133
128 142
128 146
128 166
128 178
128 181
128 187
129 133
129 166
129 135
129 142
129 144
129 146
129 158
130 164
130 193
130 185
130 149
131 162
131 195
131 199
131 189
131 190
131 133
132 167
133 181
133 140
133 158
133 159
133 163
133 184
133 187
134 167
134 138
134 177
134 147
134 185
135 193
135 158
135 147
135 184
135 185
136 167
136 177
136 185
136 157
137 193
137 177
137 167
138 193
138 147
138 186
139 193
139 195
139 177
139 167
139 147
139 185
139 190
140 190
140 142
140 173
140 147
140 153
140 162
140 178
140 187
140 185
140 189
141 162
141 199
141 145
141 190
142 195
142 187
142 163
142 159
142 162
142 167
142 173
142 190
142 181
143 145
144 195
144 181
144 199
144 162
144 177
144 182
144 184
144 190
145 193
145 185
145 162
145 159
145 178
145 147
145 190
146 199
146 162
146 166
146 182
146 184
146 190
147 171
147 158
147 159
147 163
147 177
147 178
147 185
147 186
147 181
147 197
147 169
147 148
148 193
148 167
148 192
148 176
148 178
148 185
148 157
148 159
150 199
150 190
150 159
150 178
150 195
151 165
151 196
151 167
151 156
151 183
151 185
151 159
152 167
152 178
152 185
152 159
153 181
153 195
153 199
153 159
153 162
153 167
153 178
153 190
154 178
154 190
154 159
155 164
156 196
156 183
156 177
156 185
157 177
158 167
158 193
158 177
158 184
158 185
158 189
159 171
159 173
159 162
159 163
159 168
159 180
159 182
159 183
159 181
159 198
159 199
159 195
159 167
160 190
160 162
161 199
161 167
161 181
161 182
161 184
161 190
162 179
162 168
162 171
162 175
162 181
163 185
163 178
163 181
163 189
165 196
165 167
165 183
165 177
165 185
166 178
166 182
166 184
167 174
167 177
167 178
167 186
168 199
168 195
168 190
168 178
169 193
169 185
170 180
170 198
171 193
171 185
171 195
172 188
173 185
173 181
173 182
173 189
175 195
175 199
175 190
176 177
177 193
178 180
178 182
178 183
178 185
178 181
178 196
178 198
178 187
180 198
181 190
181 199
181 187
181 182
181 185
181 189
182 187
182 189
183 196
184 189
185 186
186 193
187 190
187 189
193 197
195 199
