0 4
1 64
1 2
1 133
1 8
1 138
1 14
1 143
1 99
1 21
1 90
1 160
1 35
1 37
1 169
1 44
1 173
1 72
1 179
1 188
2 178
2 133
2 8
2 138
2 141
2 14
2 15
2 144
2 17
2 18
2 21
2 150
2 151
2 153
2 179
2 155
2 28
2 30
2 42
2 172
2 173
2 175
2 177
2 50
2 51
2 54
2 55
2 57
2 64
2 193
2 182
2 71
2 81
2 82
2 92
2 95
2 96
2 98
2 99
2 101
2 145
2 104
2 107
2 109
2 113
2 116
2 123
3 64
3 198
3 66
3 131
3 182
3 6
3 138
3 143
3 164
3 184
3 21
3 150
3 87
3 89
3 32
3 161
3 162
3 163
3 36
3 114
3 102
3 106
3 43
3 45
3 50
3 180
3 54
3 120
3 185
3 122
3 170
3 62
3 63
4 35
4 38
4 39
4 9
4 13
4 113
4 18
4 84
4 23
4 25
4 90
4 60
4 158
5 64
5 68
5 133
5 198
5 9
5 138
5 12
5 13
5 14
5 143
5 16
5 84
5 21
5 22
5 23
5 78
5 158
5 159
5 34
5 99
5 164
5 39
5 169
5 170
5 171
5 44
5 142
5 140
5 179
5 52
5 120
5 57
5 60
5 61
5 62
6 32
6 36
6 198
6 103
6 11
6 34
6 45
6 184
6 22
6 56
6 185
6 157
6 62
7 70
7 14
7 144
7 145
7 156
7 157
7 198
7 102
7 44
7 111
7 56
7 57
7 59
7 62
8 69
8 138
8 142
8 18
8 99
8 22
8 25
8 133
8 160
8 34
8 35
8 197
8 173
8 179
8 57
8 61
8 62
9 90
10 111
10 12
10 82
10 45
10 117
10 59
10 95
11 132
11 15
11 147
11 20
11 152
11 153
11 26
11 175
11 28
11 31
11 33
11 134
11 177
11 40
11 41
11 42
11 178
11 47
11 48
11 49
11 50
11 51
11 180
11 53
11 54
11 186
11 190
11 63
11 192
11 182
11 71
11 79
11 81
11 82
11 85
11 88
11 91
11 93
11 95
11 96
11 165
11 98
11 100
11 102
11 161
11 106
11 107
11 112
11 116
11 118
11 121
11 122
11 123
11 127
12 47
12 139
12 15
12 147
12 150
12 27
12 29
12 33
12 155
12 164
12 40
12 170
12 45
12 175
12 177
12 178
12 55
12 56
12 36
12 192
12 193
12 70
12 82
12 163
12 89
12 95
12 50
12 105
12 106
12 110
12 112
12 120
12 122
12 123
12 42
13 60
13 55
14 131
14 139
14 142
14 15
14 17
14 18
14 19
14 148
14 22
14 153
14 27
14 28
14 157
14 150
14 31
14 133
14 193
14 197
14 35
14 36
14 156
14 42
14 43
14 172
14 178
14 175
14 176
14 177
14 50
14 51
14 155
14 56
14 57
14 61
14 63
14 160
14 69
14 81
14 163
14 89
14 94
14 95
14 96
14 98
14 99
14 105
14 106
14 109
14 113
14 147
14 122
14 123
15 171
15 133
15 138
15 143
15 21
15 151
15 153
15 32
15 34
15 164
15 169
15 43
15 45
15 47
15 177
15 178
15 184
15 57
15 189
15 62
15 64
15 193
15 66
15 139
15 197
15 198
15 162
15 142
15 185
15 98
15 103
15 104
15 105
15 120
15 123
15 127
16 72
16 90
16 140
16 55
17 128
17 129
17 132
17 133
17 172
17 138
17 192
17 20
17 21
17 22
17 24
17 179
17 33
17 34
17 36
17 40
17 43
17 44
17 47
17 51
17 181
17 59
17 64
17 194
17 70
17 77
17 89
17 112
17 117
17 125
17 127
18 160
18 21
18 22
18 185
18 90
18 32
18 162
18 99
18 44
18 173
18 72
18 179
18 184
18 57
18 61
19 187
20 132
20 133
20 172
20 162
20 83
20 21
20 87
20 155
20 28
20 185
20 101
20 34
20 103
20 92
20 44
20 177
20 179
20 169
20 186
20 61
21 132
21 172
21 138
21 141
21 144
21 171
21 151
21 153
21 27
21 157
21 133
21 35
21 43
21 44
21 174
21 178
21 51
21 55
21 56
21 57
21 186
21 64
21 69
21 71
21 81
21 82
21 83
21 85
21 87
21 89
21 143
21 92
21 94
21 95
21 96
21 98
21 101
21 105
21 107
21 111
21 113
21 117
22 132
22 139
22 144
22 151
22 153
22 155
22 30
22 160
22 161
22 40
22 43
22 172
22 174
22 51
22 55
22 59
22 62
22 193
22 198
22 71
22 82
22 83
22 92
22 96
22 101
22 117
24 96
24 130
24 27
24 101
24 105
24 172
24 174
24 82
24 117
24 86
24 183
24 58
24 59
24 92
24 95
25 32
25 160
25 66
25 35
25 69
25 162
25 173
25 94
25 184
25 185
25 90
25 62
26 103
27 129
27 133
27 70
27 193
27 138
27 139
27 77
27 86
27 153
27 143
27 28
27 32
27 34
27 99
27 198
27 170
27 171
27 44
27 45
27 177
27 178
27 179
27 155
27 181
27 120
27 123
27 125
27 62
28 141
28 151
28 155
28 30
28 32
28 34
28 164
28 37
28 40
28 169
28 42
28 47
28 177
28 179
28 186
28 188
28 62
28 175
28 198
28 71
28 85
28 87
28 95
28 96
28 99
28 103
28 105
28 116
28 120
28 123
28 170
29 32
29 66
29 164
29 170
29 162
29 174
29 111
29 144
29 184
29 83
29 117
29 120
29 185
29 59
29 92
30 193
30 197
30 138
30 139
30 66
30 142
30 143
30 87
30 155
30 32
30 34
30 42
30 171
30 175
30 184
30 185
31 48
31 103
31 121
31 93
32 139
32 141
32 153
32 33
32 162
32 155
32 40
32 42
32 43
32 175
32 177
32 178
32 51
32 184
32 185
32 189
32 63
32 192
32 66
32 70
32 71
32 82
32 85
32 94
32 95
32 96
32 98
32 104
32 105
32 107
32 112
32 116
32 123
32 127
33 172
33 34
33 59
33 103
33 92
33 42
33 45
33 112
33 162
33 117
33 111
33 155
34 132
34 138
34 139
34 141
34 143
34 144
34 151
34 155
34 160
34 37
34 40
34 169
34 171
34 172
34 173
34 174
34 177
34 178
34 55
34 186
34 59
34 189
34 63
34 64
34 193
34 71
34 82
34 83
34 85
34 87
34 92
34 95
34 96
34 101
34 105
34 107
34 111
34 112
34 114
34 116
34 117
34 123
35 160
35 69
35 173
35 113
35 94
36 82
36 150
36 89
36 95
36 96
36 161
36 102
36 145
36 43
36 45
36 111
36 180
36 117
36 54
36 120
36 59
37 64
37 71
37 139
37 141
37 83
37 151
37 153
37 155
37 143
37 157
37 193
37 123
37 104
37 42
37 171
37 174
37 111
37 177
37 178
37 116
37 55
37 56
37 188
37 189
39 72
39 90
39 55
40 123
40 162
40 103
40 184
40 92
40 177
40 45
40 172
40 155
40 117
40 120
40 59
41 91
41 103
41 88
41 62
41 79
42 193
42 139
42 197
42 81
42 142
42 87
42 153
42 155
42 98
42 164
42 103
42 104
42 169
42 170
42 43
42 45
42 47
42 112
42 177
42 51
42 189
42 120
42 57
42 123
42 188
42 61
42 62
42 127
43 66
43 197
43 184
43 153
43 89
43 175
43 157
43 162
43 103
43 172
43 111
43 178
43 117
43 56
43 57
43 59
43 61
44 64
44 107
44 132
44 198
44 138
44 143
44 109
44 131
44 105
44 156
44 95
44 96
44 171
44 92
44 106
44 71
44 172
44 82
44 111
44 113
44 116
44 55
44 148
44 59
44 85
45 192
45 132
45 161
45 175
45 164
45 120
45 85
45 150
45 153
45 89
45 157
45 95
45 160
45 178
45 105
45 71
45 109
45 110
45 47
45 112
45 136
45 50
45 116
45 55
45 56
45 127
45 170
45 63
46 126
47 66
47 184
47 144
47 153
47 155
47 92
47 164
47 101
47 103
47 172
47 175
47 112
47 178
47 120
47 185
47 170
48 121
48 93
49 103
50 133
50 120
50 83
50 174
50 150
50 89
50 92
50 99
50 164
50 103
50 170
50 110
50 111
50 179
50 117
50 56
50 57
50 59
50 61
50 62
51 64
51 198
51 162
51 184
51 138
51 66
51 81
51 175
51 92
51 157
51 98
51 103
51 172
51 111
51 117
51 56
51 185
51 59
53 75
53 103
54 198
54 101
54 102
54 103
54 145
54 174
54 164
54 120
54 83
54 89
54 92
54 157
54 62
55 64
55 68
55 133
55 138
55 78
55 84
55 87
55 158
55 159
55 99
55 169
55 140
55 179
55 120
55 57
55 60
55 61
56 198
56 147
56 109
56 81
56 83
56 148
56 150
56 87
56 92
56 122
56 101
56 163
56 102
56 156
56 106
56 174
56 111
56 117
56 169
56 120
56 114
56 59
56 188
56 170
56 62
56 63
57 64
57 107
57 132
57 198
57 138
57 109
57 173
57 131
57 153
57 143
57 156
57 186
57 95
57 160
57 171
57 163
57 178
57 104
57 82
57 189
57 147
57 116
57 148
57 122
57 106
57 62
57 85
58 129
58 194
58 101
58 174
58 111
58 83
58 117
58 183
58 59
58 125
58 181
59 130
59 131
59 150
59 172
59 147
59 148
59 156
59 163
59 198
59 169
59 157
59 183
59 62
59 192
59 194
59 70
59 77
59 82
59 85
59 87
59 89
59 95
59 96
59 98
59 102
59 145
59 106
59 107
59 110
59 112
59 117
59 122
59 125
60 90
61 64
61 160
61 132
61 198
61 109
61 173
61 82
61 85
61 150
61 151
61 153
61 71
61 95
61 96
61 178
61 104
61 105
61 142
61 175
61 186
61 62
62 145
62 148
62 153
62 157
62 197
62 160
62 161
62 155
62 163
62 173
62 174
62 176
62 177
62 180
62 63
62 193
62 182
62 198
62 131
62 156
62 79
62 81
62 82
62 83
62 91
62 92
62 187
62 100
62 101
62 105
62 106
62 109
62 111
62 114
62 147
62 117
62 122
62 123
63 162
63 198
63 103
63 66
63 184
63 185
63 89
63 157
64 172
64 138
64 142
64 144
64 151
64 153
64 197
64 171
64 178
64 188
64 69
64 71
64 81
64 82
64 83
64 87
64 143
64 94
64 96
64 98
64 101
64 105
64 107
64 116
64 117
65 75
65 195
65 196
65 146
65 103
66 192
66 193
66 132
66 139
66 85
66 127
66 161
66 178
66 112
66 104
66 114
66 116
66 184
66 185
66 186
66 123
67 119
67 97
69 160
69 138
69 171
69 173
69 143
70 96
70 131
70 184
70 82
70 148
70 95
70 162
70 105
70 106
70 172
70 109
70 111
70 117
70 120
70 185
70 122
71 193
71 139
71 133
71 162
71 138
71 142
71 143
71 87
71 155
71 197
71 99
71 103
71 169
71 171
71 111
71 177
71 179
71 184
71 123
71 188
72 140
72 90
73 97
73 117
73 168
73 154
73 111
74 135
74 191
75 146
75 103
77 96
77 105
77 172
77 111
77 117
77 92
77 95
79 198
79 165
79 134
79 103
79 152
79 190
80 199
80 167
81 171
81 103
81 175
81 157
82 129
82 86
82 142
82 143
82 89
82 179
82 95
82 133
82 99
82 198
82 103
82 110
82 125
82 177
82 123
82 117
82 138
82 120
82 181
83 130
83 150
83 138
83 145
83 147
83 156
83 163
83 169
83 157
83 180
83 183
83 188
83 182
83 198
83 89
83 186
83 101
83 102
83 106
83 109
83 148
83 122
83 127
85 193
85 139
85 132
85 133
85 177
85 162
85 142
85 144
85 185
85 155
85 92
85 197
85 99
85 101
85 103
85 111
85 179
85 117
85 184
85 186
85 123
86 101
86 105
86 172
86 92
86 95
87 193
87 175
87 132
87 138
87 139
87 141
87 143
87 171
87 151
87 155
87 157
87 177
87 107
87 111
87 113
87 116
87 117
87 123
88 198
88 100
88 190
88 134
88 103
88 91
89 182
89 131
89 109
89 144
89 150
89 92
89 161
89 101
89 156
89 172
89 174
89 111
89 180
89 117
89 120
90 140
90 113
90 158
90 94
91 198
91 152
91 165
91 134
91 103
91 190
92 128
92 129
92 132
92 150
92 136
92 138
92 130
92 145
92 133
92 171
92 179
92 181
92 183
92 186
92 188
92 194
92 198
92 99
92 102
92 157
92 125
93 103
94 171
94 138
94 143
95 129
95 133
95 139
95 142
95 153
95 155
95 164
95 170
95 177
95 181
95 138
95 193
95 197
95 96
95 99
95 103
95 110
95 117
95 120
95 123
95 125
96 129
96 139
96 138
96 143
96 164
96 179
96 133
96 99
96 198
96 103
96 171
96 142
96 125
96 123
96 181
96 120
96 197
97 168
97 137
97 154
97 119
97 126
98 171
98 198
98 103
98 143
98 175
98 178
98 111
98 153
98 138
98 117
99 131
99 132
99 138
99 139
99 143
99 153
99 160
99 155
99 177
99 179
99 186
99 193
99 163
99 105
99 106
99 107
99 109
99 113
99 122
99 123
100 198
100 103
101 131
101 132
101 136
101 138
101 130
101 143
101 145
101 186
101 157
101 182
101 122
101 102
101 129
101 169
101 106
101 171
101 109
101 174
101 180
101 181
101 183
101 127
102 182
102 131
102 144
102 148
102 164
102 157
102 163
102 103
102 156
102 106
102 109
102 174
102 111
102 147
102 180
102 117
102 120
102 170
103 132
103 135
103 136
103 150
103 153
103 155
103 191
103 178
103 186
103 189
103 192
103 161
103 106
103 109
103 112
103 114
103 116
103 118
103 121
103 122
103 123
103 127
104 193
104 162
104 138
104 139
104 142
104 143
104 185
104 153
104 175
104 178
104 184
104 123
104 188
105 129
105 197
105 138
105 143
105 164
105 198
105 170
105 171
105 177
105 179
105 181
105 120
106 198
106 133
106 145
106 164
106 170
106 174
106 111
106 179
106 117
106 120
107 133
107 138
107 153
107 143
107 169
107 171
107 178
107 179
107 117
109 198
109 133
109 144
109 145
109 142
109 157
109 197
109 111
110 164
110 170
110 111
110 117
110 150
110 120
111 172
111 130
111 137
111 147
111 148
111 150
111 154
111 156
111 163
111 169
111 157
111 183
111 188
111 138
111 198
111 194
111 145
111 112
111 116
111 126
112 192
112 193
112 139
112 184
112 175
112 153
112 164
112 177
112 178
112 117
112 120
112 185
112 123
112 170
113 160
113 169
113 138
113 171
113 143
113 133
114 162
114 198
114 184
114 157
115 119
116 162
116 138
116 139
116 143
116 155
116 185
116 169
116 171
116 177
116 188
117 150
117 147
117 148
117 163
117 198
117 172
117 157
117 183
117 138
117 194
117 145
117 168
117 119
117 122
117 125
117 126
119 137
119 154
120 136
120 139
120 145
120 150
120 153
120 155
120 164
120 170
120 175
120 157
120 180
120 193
120 163
120 178
120 122
120 123
120 127
122 198
122 133
122 144
122 145
122 157
122 164
122 174
122 179
123 133
123 139
123 153
123 155
123 164
123 169
123 175
123 179
123 184
123 186
123 188
123 189
123 198
123 162
123 170
125 128
125 130
125 172
125 194
125 183
126 149
127 136
127 153
127 184
127 162
127 172
127 174
127 175
127 178
127 185
127 170
128 130
128 172
128 144
129 130
129 144
129 181
129 183
130 194
130 174
130 144
130 181
131 157
131 144
131 145
131 174
131 179
131 133
132 193
132 139
132 133
132 172
132 162
132 142
132 144
132 155
132 185
132 197
132 169
132 174
132 179
132 184
132 186
132 188
133 139
133 147
133 173
133 153
133 186
133 178
133 155
133 163
133 193
133 177
133 172
133 160
135 191
135 166
136 164
136 162
136 174
136 144
136 184
136 178
136 153
136 175
136 170
138 141
138 142
138 143
138 144
138 151
138 153
138 179
138 197
138 171
138 173
138 174
138 178
138 189
139 141
139 164
139 169
139 178
139 184
139 186
139 188
139 189
139 198
139 162
139 170
141 193
141 197
141 142
141 143
141 153
141 155
141 169
141 151
142 171
142 173
142 153
142 197
142 175
142 178
143 144
143 153
143 178
143 179
143 169
143 188
143 189
144 145
144 147
144 148
144 156
144 163
144 169
144 174
144 181
144 186
144 188
144 194
144 198
145 182
145 198
145 164
145 163
145 156
145 174
145 147
145 180
145 170
146 196
146 195
147 198
147 164
147 170
148 198
148 174
148 157
150 198
150 164
150 174
150 170
151 193
151 197
151 153
151 155
151 169
151 171
151 188
152 165
153 164
153 169
153 171
153 175
153 178
153 179
153 184
153 188
153 198
153 170
154 168
155 192
155 198
155 188
155 164
155 169
155 179
155 186
155 170
156 198
156 174
156 157
157 198
157 182
157 161
157 164
157 170
157 174
157 180
157 169
157 188
160 197
160 198
160 173
160 179
161 198
161 162
161 185
161 184
162 192
162 193
162 178
162 189
163 198
163 179
163 174
164 175
164 178
164 182
164 193
166 191
169 175
169 171
169 193
169 174
169 178
169 186
169 189
170 193
170 178
170 175
170 177
171 197
171 178
171 188
171 189
172 192
172 179
172 181
172 194
172 186
173 198
173 197
174 198
174 182
174 186
174 180
174 183
174 188
175 192
175 197
175 177
175 189
175 188
176 198
176 187
177 198
177 178
177 179
177 184
177 186
177 188
178 184
178 185
178 193
178 197
178 198
178 189
179 193
180 198
181 183
182 198
184 193
184 185
184 189
185 192
185 193
185 189
186 193
186 197
188 193
188 189
189 193
193 198
197 198
