0 23
0 90
1 129
1 2
1 3
1 194
1 16
1 17
1 82
1 83
1 22
1 25
1 31
1 96
1 34
1 100
1 41
1 46
1 111
1 180
1 57
2 128
2 134
2 129
2 136
2 9
2 142
2 15
2 144
2 20
2 149
2 196
2 26
2 27
2 28
2 157
2 158
2 159
2 197
2 36
2 37
2 43
2 178
2 50
2 51
2 52
2 181
2 54
2 184
2 188
2 62
2 198
2 194
2 195
2 68
2 182
2 70
2 74
2 78
2 79
2 85
2 164
2 95
2 97
2 99
2 102
2 103
2 104
2 110
2 112
2 115
2 117
3 198
3 66
3 195
3 70
3 184
3 10
3 15
3 146
3 20
3 149
3 186
3 164
3 26
3 27
3 28
3 90
3 95
3 32
3 97
3 36
3 37
3 166
3 44
3 110
3 157
3 178
3 181
3 54
3 120
3 58
3 188
3 74
4 48
4 92
4 34
4 83
4 98
4 57
4 12
4 61
5 130
5 131
5 6
5 8
5 11
5 12
5 15
5 18
5 20
5 149
5 150
5 151
5 26
5 27
5 28
5 154
5 30
5 155
5 36
5 165
5 39
5 40
5 170
5 43
5 44
5 174
5 47
5 178
5 53
5 63
5 181
5 66
5 195
5 68
5 199
5 140
5 74
5 78
5 80
5 84
5 85
5 87
5 91
5 92
5 97
5 100
5 167
5 109
5 114
5 115
5 123
6 160
6 34
6 199
6 8
6 143
6 18
6 83
6 53
6 152
6 154
6 29
7 34
7 134
7 10
7 181
7 22
7 57
7 26
7 90
7 37
8 34
8 199
8 130
8 80
8 83
8 152
8 154
8 126
9 137
9 76
9 141
9 78
9 16
9 17
9 82
9 19
9 21
9 121
9 185
9 31
9 99
9 163
9 41
9 173
9 50
9 57
9 125
10 96
10 175
10 196
10 70
10 13
10 144
10 82
10 19
10 21
10 25
10 27
10 28
10 93
10 30
10 32
10 97
10 91
10 195
10 103
10 41
10 171
10 108
10 46
10 111
10 112
10 49
10 50
10 180
10 94
10 105
10 185
10 124
10 125
10 169
10 85
11 135
11 12
11 13
11 17
11 19
11 148
11 21
11 23
11 24
11 31
11 35
11 163
11 41
11 42
11 171
11 175
11 48
11 177
11 50
11 179
11 180
11 57
11 61
11 190
11 73
11 75
11 76
11 83
11 86
11 185
11 88
11 152
11 92
11 98
11 101
11 103
11 106
11 189
11 112
11 118
11 121
11 124
12 83
12 152
12 57
13 128
13 195
13 68
13 198
13 14
13 81
13 20
13 25
13 184
13 90
13 158
13 27
13 36
13 37
13 39
13 174
13 111
13 178
13 52
13 117
13 134
13 120
13 58
13 159
13 188
14 192
14 64
14 66
14 132
14 86
14 74
14 139
14 189
14 146
14 67
14 22
14 151
14 25
14 90
14 91
14 93
14 30
14 31
14 165
14 34
14 35
14 101
14 167
14 40
14 172
14 45
14 111
14 180
14 113
14 83
14 155
14 187
14 54
14 57
14 168
14 138
15 16
15 152
15 82
15 83
15 21
15 24
15 25
15 94
15 31
15 96
15 34
15 99
15 103
15 105
15 108
15 111
15 112
15 50
15 179
15 180
15 57
16 66
16 70
16 71
16 74
16 194
16 78
16 146
16 20
16 85
16 164
16 26
16 28
16 51
16 32
16 123
16 100
16 166
16 39
16 104
16 110
16 115
16 181
16 54
16 186
16 149
17 66
17 100
17 74
17 43
17 78
17 146
17 115
17 20
17 54
17 170
17 184
17 186
17 123
17 157
17 95
18 34
18 38
18 199
18 152
18 83
18 84
18 56
18 57
18 156
18 122
18 63
19 128
19 66
19 68
19 197
19 70
19 76
19 79
19 146
19 20
19 21
19 196
19 163
19 36
19 103
19 104
19 41
19 142
19 174
19 50
19 52
19 105
19 120
19 62
19 85
20 128
20 178
20 134
20 136
20 137
20 140
20 142
20 21
20 152
20 26
20 28
20 31
20 32
20 34
20 163
20 164
20 37
20 41
20 42
20 171
20 44
20 173
20 46
20 175
20 180
20 49
20 50
20 52
20 181
20 57
20 58
20 159
20 198
20 196
20 197
20 70
20 76
20 79
20 81
20 83
20 85
20 185
20 94
20 96
20 97
20 103
20 105
20 108
20 174
20 112
20 117
20 120
20 121
20 125
20 149
21 128
21 194
21 115
21 179
21 70
21 141
21 78
21 82
21 24
21 164
21 79
21 28
21 197
21 32
21 36
21 142
21 41
21 173
21 46
21 125
21 51
21 52
21 117
21 54
21 137
21 185
21 123
21 74
21 149
22 66
22 67
22 134
22 136
22 129
22 74
22 194
22 115
22 184
22 26
22 71
22 91
22 90
22 30
22 95
22 34
22 100
22 37
22 39
22 104
22 169
22 170
22 43
22 146
22 93
22 51
22 181
22 54
22 120
22 58
22 123
23 64
23 132
23 68
23 73
23 138
23 147
23 86
23 89
23 100
23 90
23 36
23 101
23 39
23 107
23 172
23 116
23 62
24 66
24 171
24 68
24 198
24 136
24 108
24 74
24 140
24 81
24 26
24 27
24 94
24 97
24 36
24 37
24 102
24 104
24 42
24 43
24 44
24 174
24 178
24 181
24 54
24 170
24 62
25 194
25 195
25 134
25 129
25 26
25 157
25 95
25 97
25 100
25 178
25 51
25 180
25 181
25 54
25 184
25 186
25 188
26 134
26 136
26 152
26 82
26 195
26 85
26 27
26 93
26 30
26 32
26 97
26 34
26 41
26 46
26 111
26 49
26 178
26 169
27 128
27 46
27 152
27 31
27 34
27 37
27 41
27 44
27 173
27 174
27 50
27 180
27 181
27 58
27 197
27 70
27 79
27 82
27 94
27 108
27 111
27 120
27 125
28 128
28 134
28 136
28 137
28 142
28 79
28 141
28 82
28 185
28 152
28 159
28 96
28 34
28 180
28 41
28 197
28 44
28 173
28 46
28 49
28 83
28 52
28 117
28 105
28 120
28 57
28 125
28 181
29 131
29 199
29 143
29 83
29 84
29 150
29 87
29 152
29 156
29 160
29 34
29 47
29 57
29 122
29 126
29 127
30 128
30 34
30 134
30 142
30 197
30 152
30 83
30 181
30 120
30 57
30 58
30 90
30 159
31 66
31 115
31 68
31 71
31 194
31 195
31 78
31 90
31 157
31 158
31 95
31 97
31 36
31 102
31 104
31 43
31 178
31 51
31 184
31 186
31 188
31 62
32 134
32 136
32 142
32 79
32 152
32 94
32 144
32 103
32 41
32 50
32 117
32 105
32 120
32 58
32 181
33 148
33 36
33 68
33 90
33 106
33 62
34 130
34 133
34 139
34 140
34 195
34 149
34 151
34 160
34 155
34 36
34 37
34 39
34 40
34 169
34 199
34 44
34 174
34 47
34 176
34 136
34 178
34 51
34 53
34 54
34 184
34 186
34 187
34 188
34 134
34 181
34 194
34 67
34 198
34 71
34 74
34 80
34 84
34 85
34 87
34 164
34 143
34 95
34 97
34 100
34 165
34 104
34 167
34 154
34 157
34 114
34 126
34 127
35 192
35 113
35 86
35 161
35 89
35 189
36 192
36 132
36 137
36 138
36 173
36 145
36 148
36 161
36 168
36 41
36 42
36 171
36 172
36 45
36 46
36 175
36 49
36 179
36 180
36 57
36 64
36 77
36 141
36 82
36 83
36 86
36 185
36 89
36 152
36 94
36 96
36 101
36 105
36 106
36 107
36 108
36 113
36 147
36 124
36 125
37 152
37 82
37 83
37 91
37 93
37 96
37 41
37 67
37 178
37 179
37 180
37 169
37 57
38 57
38 53
39 148
39 152
39 157
39 95
39 106
39 50
39 180
39 184
39 57
39 186
39 188
40 187
40 139
40 78
40 152
40 57
40 90
40 155
41 178
41 179
41 140
41 141
41 142
41 144
41 146
41 196
41 157
41 158
41 159
41 42
41 171
41 44
41 173
41 46
41 175
41 49
41 50
41 51
41 52
41 181
41 182
41 137
41 58
41 62
41 198
41 66
41 195
41 68
41 197
41 70
41 71
41 78
41 79
41 81
41 85
41 186
41 94
41 95
41 97
41 102
41 103
41 104
41 105
41 174
41 115
41 117
41 120
41 121
41 123
41 124
41 125
42 128
42 70
42 141
42 82
42 159
42 97
42 170
42 43
42 50
42 179
42 52
42 54
42 120
43 82
43 83
43 90
43 155
43 94
43 96
43 105
43 171
43 108
43 46
43 49
43 50
43 179
43 57
43 124
44 141
44 152
44 82
44 83
44 185
44 179
44 91
44 97
44 67
44 195
44 173
44 46
44 178
44 180
44 57
44 125
45 68
45 161
45 135
45 118
45 89
46 128
46 134
46 142
46 158
46 159
46 170
46 50
46 49
46 178
46 181
46 182
46 62
46 68
46 197
46 198
46 74
46 78
46 81
46 102
46 105
46 108
46 115
46 117
46 123
47 160
47 80
47 83
47 84
47 119
47 152
47 57
47 122
47 127
47 126
47 63
48 152
48 57
48 92
49 175
49 171
49 178
49 198
49 108
49 74
49 76
49 141
49 78
49 144
49 81
49 174
49 137
49 196
49 94
49 97
49 99
49 170
49 103
49 173
49 125
49 112
49 50
49 181
49 54
49 105
49 121
49 140
49 124
50 129
50 141
50 149
50 164
50 166
50 171
50 173
50 175
50 178
50 51
50 137
50 185
50 194
50 195
50 71
50 78
50 82
50 85
50 97
50 100
50 104
50 110
50 115
50 123
50 124
50 125
51 76
51 82
51 83
51 148
51 121
51 95
51 99
51 163
51 103
51 106
51 111
51 112
51 182
51 105
51 184
51 57
51 188
52 128
52 149
52 197
52 70
52 137
52 142
52 79
52 82
52 94
52 97
52 91
52 171
52 108
52 175
52 180
52 117
52 120
52 185
52 58
52 124
52 85
53 65
53 72
53 156
53 127
53 143
53 80
53 152
53 83
53 84
53 56
53 57
53 122
53 60
53 126
53 63
54 82
54 83
54 94
54 96
54 105
54 171
54 175
54 179
54 124
55 133
55 57
56 80
56 84
56 122
56 127
56 126
56 63
57 151
57 160
57 176
57 155
57 169
57 174
57 178
57 184
57 186
57 140
57 60
57 61
57 62
57 65
57 194
57 67
57 68
57 198
57 158
57 72
57 129
57 74
57 78
57 81
57 139
57 85
57 87
57 90
57 91
57 92
57 93
57 95
57 97
57 98
57 187
57 100
57 165
57 188
57 114
57 115
57 119
57 123
58 128
58 96
58 70
58 142
58 79
58 82
58 195
58 159
58 97
58 178
58 105
58 120
59 153
60 193
60 65
61 152
62 64
62 68
62 73
62 138
62 141
62 82
62 148
62 86
62 132
62 185
62 101
62 106
62 107
62 172
62 173
62 147
62 180
62 137
62 125
63 160
63 130
63 152
63 122
64 101
64 102
64 107
64 77
64 145
64 147
64 148
64 158
64 86
64 90
65 72
65 153
66 137
66 82
66 152
66 94
66 99
66 103
66 108
66 146
66 179
66 112
66 182
66 121
67 128
67 197
67 198
67 142
67 140
67 174
67 81
67 83
67 117
67 90
67 91
67 159
68 135
68 173
68 148
68 158
68 161
68 162
68 168
68 177
68 179
68 180
68 183
68 189
68 191
68 192
68 69
68 75
68 141
68 82
68 83
68 86
68 88
68 89
68 101
68 105
68 106
68 113
68 190
68 118
68 125
69 147
70 128
70 197
70 137
70 142
70 79
70 82
70 83
70 94
70 159
70 96
70 97
70 195
70 108
70 178
70 117
70 105
70 120
70 185
70 124
70 85
71 196
71 76
71 82
71 163
71 96
71 99
71 103
71 104
71 112
71 179
71 121
72 193
73 102
73 106
73 75
73 190
73 177
73 148
73 158
73 118
74 141
74 82
74 83
74 90
74 94
74 108
74 173
74 152
74 179
74 125
75 101
75 77
75 145
75 86
75 88
75 90
76 129
76 194
76 115
76 78
76 144
76 94
76 99
76 163
76 103
76 104
76 108
76 182
76 185
76 123
77 107
77 138
77 172
77 145
78 115
78 196
78 139
78 141
78 82
78 83
78 121
78 137
78 155
78 185
78 144
78 99
78 165
78 103
78 167
78 173
78 111
78 112
78 187
78 182
78 105
78 123
78 151
78 125
79 195
79 137
79 141
79 91
79 94
79 159
79 97
79 173
79 178
79 105
79 120
79 185
79 117
79 125
79 85
80 160
80 130
80 152
80 114
80 83
80 87
80 154
81 179
81 198
81 137
81 141
81 82
81 195
81 91
81 96
81 97
81 173
81 178
81 83
81 180
81 125
82 128
82 171
82 134
82 129
82 140
82 194
82 144
82 146
82 196
82 157
82 158
82 159
82 197
82 163
82 178
82 174
82 175
82 181
82 184
82 188
82 198
82 195
82 182
82 85
82 94
82 95
82 99
82 102
82 104
82 105
82 108
82 112
82 115
82 117
82 120
82 121
82 123
82 124
82 170
83 149
83 151
83 155
83 160
83 170
83 136
83 187
83 134
83 181
83 194
83 84
83 85
83 87
83 90
83 91
83 92
83 165
83 104
83 146
83 126
83 127
84 160
84 143
84 156
85 128
85 196
85 136
85 137
85 142
85 121
85 152
85 197
85 96
85 163
85 134
85 103
85 112
85 181
85 105
86 102
86 135
86 106
86 172
86 189
86 158
86 138
87 160
87 152
87 122
87 126
88 107
88 145
88 147
89 168
89 113
89 118
89 189
89 191
90 132
90 138
90 139
90 146
90 148
90 155
90 165
90 167
90 170
90 172
90 187
90 151
90 161
90 91
90 92
90 93
90 96
90 111
90 116
91 128
91 197
91 198
91 140
91 142
91 152
91 174
91 117
91 159
92 152
93 134
93 136
93 181
94 128
94 141
94 142
94 146
94 149
94 197
94 163
94 164
94 170
94 173
94 178
94 179
94 182
94 97
94 99
94 110
94 112
94 121
95 152
95 96
95 100
95 111
96 198
96 136
96 184
96 97
96 166
96 104
96 170
96 110
96 157
96 181
96 120
96 188
96 134
96 149
97 128
97 134
97 136
97 140
97 142
97 141
97 152
97 180
97 171
97 173
97 175
97 181
97 159
97 197
97 108
97 111
97 117
97 120
97 124
97 125
99 129
99 115
99 163
99 103
99 104
99 108
99 112
99 182
99 121
99 123
100 180
100 106
100 111
100 148
100 152
100 186
100 157
101 106
101 172
101 189
101 158
101 118
101 138
102 107
102 141
102 179
103 137
103 146
103 164
103 163
103 166
103 104
103 108
103 110
103 182
103 149
104 196
104 179
104 137
104 144
104 185
104 163
104 182
104 121
105 129
105 137
105 141
105 142
105 149
105 159
105 164
105 166
105 170
105 173
105 179
105 194
105 197
105 110
105 115
105 117
105 120
105 123
105 125
106 129
106 194
106 161
106 147
106 148
106 172
107 162
107 135
107 177
107 172
107 190
107 145
107 148
107 158
107 138
108 195
108 196
108 141
108 173
108 144
108 163
108 164
108 166
108 170
108 146
108 125
108 112
108 178
108 179
108 121
108 149
109 160
109 152
109 119
109 126
109 133
110 128
110 196
110 159
110 144
110 166
111 194
111 134
111 129
111 178
111 180
111 181
111 184
111 186
111 188
112 129
112 115
112 194
112 137
112 146
112 182
112 185
112 123
113 118
113 189
114 160
114 152
114 126
114 127
115 137
115 163
115 152
115 182
115 121
117 128
117 149
117 137
117 141
117 159
117 164
117 166
117 171
117 178
117 120
117 180
117 125
118 192
118 161
118 191
120 128
120 197
120 137
120 185
120 159
120 175
120 178
120 180
120 124
121 129
121 194
121 146
121 182
121 185
121 123
122 160
122 152
123 137
123 163
123 152
123 182
124 197
124 142
124 170
124 175
125 128
125 195
125 197
125 198
125 158
125 140
125 159
125 178
125 142
126 160
126 131
126 130
126 150
126 154
127 160
127 130
127 154
128 149
128 137
128 185
128 159
128 164
128 166
128 175
128 178
128 180
128 195
129 163
129 180
129 182
130 143
130 152
130 154
130 156
131 160
131 150
131 152
133 176
134 136
134 141
134 173
134 181
135 147
135 168
136 141
136 179
136 181
137 142
137 197
137 144
137 146
137 163
137 196
137 159
137 140
137 174
137 182
138 145
138 147
138 148
139 187
139 155
140 141
140 173
140 174
140 178
140 179
141 158
141 159
141 198
141 171
141 178
141 174
142 159
142 173
142 175
142 178
143 160
143 199
144 164
144 163
144 166
144 182
144 185
144 149
145 177
145 147
145 172
145 190
146 179
146 185
146 152
146 182
147 162
147 177
147 183
147 172
147 190
147 158
149 152
149 159
149 171
150 160
151 152
151 165
152 154
152 155
152 170
152 174
152 184
152 186
152 188
152 181
152 195
152 199
152 164
152 165
152 167
153 193
154 199
155 167
155 170
155 187
155 165
156 160
158 173
158 180
159 197
159 171
159 164
159 166
159 173
159 178
159 180
160 199
161 189
161 191
163 194
163 196
163 182
163 185
164 196
167 187
169 181
170 175
171 179
173 195
173 197
173 198
173 178
173 174
174 185
174 195
174 179
175 197
177 190
178 198
178 197
178 179
178 180
178 181
180 194
180 195
180 198
180 184
180 188
181 195
182 196
182 194
184 188
185 196
185 197
189 192
195 198
