0 2
0 131
0 4
0 133
0 6
0 135
0 9
0 139
0 141
0 142
0 144
0 17
0 19
0 153
0 27
0 159
0 32
0 163
0 36
0 134
0 43
0 173
0 46
0 47
0 176
0 177
0 178
0 184
0 190
0 175
0 70
0 71
0 194
0 78
0 83
0 84
0 86
0 89
0 91
0 37
0 95
0 98
0 100
0 104
0 105
0 106
0 109
0 111
0 117
0 126
1 38
1 199
1 30
2 3
2 6
2 7
2 8
2 172
2 10
2 11
2 12
2 141
2 15
2 16
2 146
2 149
2 24
2 28
2 29
2 34
2 44
2 178
2 181
2 56
2 186
2 191
2 192
2 193
2 69
2 72
2 80
2 85
2 86
2 90
2 144
2 103
2 108
2 112
2 124
3 129
3 131
3 4
3 5
3 6
3 7
3 9
3 10
3 139
3 142
3 15
3 17
3 19
3 149
3 150
3 153
3 29
3 133
3 32
3 34
3 37
3 168
3 43
3 174
3 157
3 181
3 57
3 60
3 61
3 193
3 67
3 69
3 78
3 83
3 84
3 85
3 165
3 98
3 103
3 104
3 106
3 108
3 120
3 126
4 128
4 132
4 139
4 13
4 15
4 145
4 131
4 148
4 21
4 22
4 152
4 25
4 26
4 155
4 31
4 33
4 34
4 164
4 39
4 170
4 45
4 54
4 187
4 63
4 65
4 66
4 195
4 69
4 72
4 76
4 79
4 84
4 88
4 93
4 98
4 100
4 113
4 191
4 126
5 128
5 8
5 11
5 12
5 14
5 16
5 147
5 23
5 24
5 154
5 27
5 29
5 185
5 35
5 39
5 40
5 41
5 43
5 172
5 45
5 47
5 48
5 136
5 50
5 52
5 53
5 183
5 56
5 180
5 58
5 59
5 151
5 189
5 191
5 196
5 198
5 72
5 73
5 184
5 85
5 87
5 186
5 94
5 102
5 188
5 140
5 111
5 169
5 121
5 124
5 125
5 127
6 128
6 69
6 12
6 141
6 15
6 81
6 148
6 85
6 22
6 151
6 24
6 86
6 34
6 38
6 39
6 45
6 46
6 176
6 53
6 182
6 186
6 187
7 69
7 135
7 9
7 139
7 141
7 108
7 144
7 67
7 84
7 88
7 155
7 156
7 94
7 33
7 98
7 165
7 38
7 44
7 49
7 54
7 72
7 126
7 191
8 131
8 9
8 11
8 15
8 16
8 17
8 20
8 23
8 156
8 29
8 133
8 33
8 36
8 40
8 169
8 171
8 159
8 157
8 49
8 172
8 181
8 57
8 59
8 188
8 139
8 90
8 92
8 96
8 98
8 102
8 106
8 111
8 112
8 168
8 116
8 120
8 124
8 126
9 69
9 44
9 10
9 78
9 67
9 149
9 153
9 28
9 157
9 94
9 165
9 38
9 103
9 168
9 106
9 108
9 173
9 178
9 182
9 120
9 57
10 139
10 12
10 141
10 15
10 24
10 131
10 148
10 174
10 22
10 152
10 25
10 26
10 155
10 32
10 33
10 164
10 37
10 46
10 176
10 54
10 187
10 61
10 195
10 69
10 72
10 74
10 76
10 79
10 84
10 85
10 98
10 106
10 110
10 113
10 118
10 123
11 128
11 181
11 132
11 137
11 12
11 13
11 77
11 148
11 21
11 22
11 90
11 86
11 31
11 191
11 39
11 197
11 45
11 72
11 53
11 119
11 187
11 85
12 72
12 85
12 86
12 25
12 26
12 29
12 37
12 103
12 104
12 43
12 181
12 186
12 191
13 130
13 43
13 133
13 134
13 135
13 142
13 15
13 144
13 17
13 20
13 153
13 47
13 30
13 163
13 36
13 167
13 171
13 46
13 175
13 176
13 177
13 184
13 185
13 190
13 194
13 196
13 70
13 199
13 78
13 35
13 89
13 91
13 92
13 95
13 105
13 107
13 109
13 27
13 116
13 117
13 127
14 160
14 172
14 181
14 23
14 56
14 59
14 124
15 65
15 199
15 108
15 77
15 82
15 19
15 21
15 86
15 88
15 90
15 100
15 167
15 168
15 156
15 44
15 173
15 93
15 49
15 178
15 94
15 54
15 137
15 72
15 186
15 191
15 63
16 68
16 138
16 75
16 18
16 85
16 86
16 23
16 24
16 90
16 29
16 94
16 160
16 162
16 99
16 40
16 42
16 112
16 50
16 179
16 52
16 181
16 55
16 59
16 124
16 191
17 133
17 34
17 197
17 38
17 142
17 77
17 21
17 182
17 119
17 90
17 181
17 94
17 31
18 97
18 50
18 147
18 179
18 160
18 42
18 75
18 162
19 69
19 135
19 74
19 141
19 144
19 195
19 86
19 152
19 79
19 33
19 38
19 46
19 176
19 182
19 186
20 181
20 132
20 197
20 134
20 137
20 82
20 21
20 89
20 90
20 94
20 95
20 163
20 36
20 38
20 105
20 196
20 47
20 72
20 115
20 158
20 182
20 119
20 191
20 127
21 133
21 175
21 144
21 146
21 152
21 153
21 26
21 27
21 156
21 33
21 35
21 37
21 177
21 40
21 41
21 170
21 171
21 46
21 47
21 176
21 49
21 54
21 185
21 63
21 192
21 66
21 196
21 70
21 161
21 194
21 73
21 78
21 87
21 88
21 91
21 93
21 95
21 96
21 104
21 109
21 111
21 112
21 116
21 117
21 124
21 127
22 32
22 129
22 150
22 103
22 104
22 101
22 174
22 37
23 99
23 172
23 114
23 50
23 52
23 181
23 56
23 180
23 90
23 189
23 94
24 71
24 120
24 67
24 90
24 157
24 69
24 100
24 165
24 38
24 103
24 168
24 172
24 173
24 72
24 178
24 182
24 56
24 57
24 59
24 191
25 128
25 65
25 103
25 45
25 148
25 53
25 187
26 128
26 65
26 130
26 69
26 71
26 129
26 151
26 78
26 81
26 83
26 148
26 150
26 153
26 182
26 167
26 30
26 101
26 32
26 34
26 100
26 37
26 38
26 39
26 104
26 103
26 45
26 174
26 53
26 118
26 187
26 60
26 61
27 130
27 77
27 167
28 131
28 72
28 139
28 84
28 85
28 86
28 29
28 38
28 173
28 46
28 186
28 126
29 192
29 135
29 108
29 161
29 146
29 88
29 72
29 90
29 94
29 69
29 144
29 34
29 40
29 156
29 112
29 181
29 54
29 124
29 191
30 130
30 134
30 136
30 137
30 140
30 145
30 152
30 154
30 158
30 163
30 36
30 37
30 166
30 167
30 170
30 49
30 51
30 183
30 58
30 60
30 63
30 64
30 66
30 199
30 77
30 190
30 82
30 87
30 143
30 93
30 102
30 188
30 107
30 109
30 111
30 116
30 117
30 121
30 122
30 125
31 116
31 171
31 133
31 70
31 73
31 89
31 78
31 47
31 169
31 142
31 43
31 153
31 111
31 121
31 184
31 92
31 62
31 159
32 182
32 38
32 103
32 104
32 199
32 148
32 53
32 187
32 69
33 149
33 193
33 141
33 78
33 80
33 120
33 152
33 153
33 93
33 94
33 103
33 168
33 46
33 157
33 176
33 49
33 72
33 57
33 191
33 63
34 129
34 69
34 139
34 78
34 131
34 84
34 142
34 86
34 153
34 98
34 37
34 104
34 106
34 43
34 174
34 157
34 168
34 120
34 57
34 186
34 60
34 126
35 182
35 38
35 185
35 181
36 130
36 171
36 196
36 197
36 134
36 194
36 72
36 175
36 158
36 77
36 199
36 89
36 90
36 91
36 94
36 159
36 163
36 38
36 167
36 169
36 107
36 111
36 115
36 116
36 182
36 119
36 184
36 191
36 127
37 129
37 130
37 69
37 199
37 81
37 83
37 148
37 167
37 38
37 39
37 104
37 103
37 174
37 53
37 182
37 187
37 60
38 171
38 136
38 141
38 143
38 144
38 149
38 150
38 153
38 159
38 176
38 129
38 41
38 43
38 174
38 173
38 46
38 157
38 51
38 184
38 57
38 58
38 60
38 61
38 62
38 198
38 65
38 67
38 70
38 73
38 80
38 85
38 185
38 165
38 96
38 101
38 102
38 104
38 108
38 111
38 116
38 117
38 118
38 169
38 120
38 121
38 122
38 125
39 181
39 78
39 81
39 53
39 151
39 153
40 192
40 90
40 94
40 161
40 99
40 172
40 112
40 114
40 181
40 56
40 186
40 124
40 191
41 96
41 72
41 140
41 125
41 48
41 51
41 182
41 154
41 143
41 188
41 102
41 166
42 99
42 179
42 72
42 138
42 50
42 147
42 52
42 55
42 90
42 94
42 191
43 132
43 197
43 82
43 181
43 182
43 119
43 69
44 69
44 72
44 66
44 80
44 141
44 67
44 84
44 149
44 86
44 88
44 152
44 155
44 156
44 165
44 106
44 135
44 108
44 46
44 176
44 49
44 54
44 126
44 191
45 129
45 164
45 74
45 76
45 174
45 79
45 113
45 195
45 110
45 153
45 123
45 60
45 181
46 65
46 69
46 193
46 108
46 66
46 77
46 80
46 82
46 86
46 152
46 157
46 165
46 103
46 156
46 144
46 71
46 173
46 141
46 182
46 72
46 57
46 191
47 175
47 132
47 70
47 194
47 77
47 82
47 91
47 95
47 197
47 105
47 171
47 109
47 111
47 116
47 181
47 119
47 184
47 159
48 64
48 96
48 188
48 140
48 198
48 125
48 51
48 181
48 154
48 183
48 58
48 143
48 182
48 102
48 166
49 193
49 66
49 67
49 80
49 145
49 86
49 199
49 152
49 90
49 156
49 93
49 165
49 170
49 135
49 72
49 186
49 191
49 63
50 162
50 68
50 55
50 147
50 52
50 181
50 138
50 94
51 64
51 198
51 199
51 140
51 143
51 154
51 90
51 102
51 167
51 94
51 181
51 183
51 125
51 166
52 99
52 172
52 114
52 181
52 56
53 129
53 195
53 74
53 76
53 79
53 81
53 83
53 174
53 150
53 151
53 164
53 101
53 104
53 110
53 113
53 181
53 118
53 153
53 60
53 61
54 67
54 165
54 168
54 108
54 103
54 78
54 157
54 153
54 120
54 57
54 186
54 149
55 97
55 162
55 68
55 179
55 147
55 90
55 138
55 94
55 191
56 68
56 138
56 85
56 86
56 94
56 160
56 99
56 181
56 180
56 59
57 69
57 98
57 152
57 88
57 67
57 84
57 85
57 90
57 155
57 157
57 94
57 182
57 131
57 106
57 176
57 72
57 120
57 191
58 64
58 130
58 167
58 199
58 181
59 114
59 180
59 85
59 86
59 72
59 90
59 191
59 189
59 94
59 181
60 128
60 129
60 103
60 104
60 167
60 174
60 182
60 199
60 130
60 69
61 69
61 103
61 83
61 148
62 130
62 132
62 167
62 199
62 77
62 182
62 119
63 66
63 167
63 108
63 199
63 130
63 152
63 156
64 130
64 198
64 102
64 199
64 136
64 140
64 143
64 181
64 183
64 188
64 166
65 176
65 164
65 182
65 135
65 74
65 76
65 141
65 144
65 113
65 195
65 86
65 79
66 199
66 72
66 78
66 145
66 93
66 167
66 170
66 108
66 157
66 176
66 120
66 191
67 69
67 72
67 139
67 141
67 108
67 131
67 84
67 149
67 88
67 155
67 156
67 182
67 168
67 106
67 120
67 126
67 191
68 97
68 162
68 172
68 114
69 141
69 144
69 149
69 150
69 153
69 168
69 135
69 157
69 176
69 193
69 78
69 80
69 83
69 85
69 86
69 165
69 101
69 103
69 104
69 108
69 174
69 118
69 120
70 130
70 132
70 197
70 167
70 72
70 199
70 182
70 119
70 90
70 191
71 176
71 135
71 141
71 78
71 144
72 131
72 194
72 152
72 160
72 162
72 165
72 135
72 157
72 176
72 184
72 188
72 75
72 78
72 80
72 85
72 91
72 95
72 96
72 102
72 103
72 105
72 144
72 108
72 109
72 111
72 168
72 116
72 169
72 120
72 126
73 181
73 132
73 119
73 182
74 164
74 103
74 76
74 78
74 79
74 153
74 123
75 99
75 138
75 172
75 114
75 189
75 191
76 195
76 103
76 78
76 113
76 164
77 130
77 135
77 190
77 141
77 78
77 144
77 142
77 199
77 153
77 167
77 107
77 176
77 115
77 158
77 121
78 128
78 132
78 139
78 145
78 131
78 152
78 153
78 155
78 164
78 197
78 137
78 191
78 79
78 81
78 84
78 93
78 98
78 110
78 113
78 119
78 123
79 128
79 195
79 103
79 110
79 153
79 123
80 193
80 135
80 139
80 141
80 144
80 131
80 98
80 106
80 176
80 182
80 191
81 104
81 151
82 130
82 107
82 134
82 141
82 153
82 111
82 158
82 163
82 167
82 176
82 115
83 103
83 104
83 118
83 148
83 150
83 187
83 101
84 157
84 94
84 165
84 103
84 168
84 108
84 173
84 178
84 120
84 126
85 172
85 157
85 103
85 168
85 108
85 178
85 114
85 182
85 191
86 108
86 146
86 161
86 100
86 176
86 178
86 112
86 114
86 186
86 124
86 192
86 191
87 181
87 130
87 199
87 119
87 197
87 167
88 165
88 168
88 108
88 103
88 157
88 153
88 120
88 186
88 149
89 197
89 181
89 119
89 132
89 111
90 133
90 142
90 146
90 147
90 149
90 179
90 175
90 156
90 159
90 161
90 165
90 169
90 171
90 157
90 184
90 186
90 188
90 192
90 193
90 194
90 183
90 143
90 91
90 198
90 94
90 95
90 96
90 97
90 102
90 105
90 106
90 109
90 111
90 168
90 116
90 120
90 124
90 125
91 191
91 105
91 109
91 116
91 184
91 111
91 92
91 159
92 130
92 132
92 197
92 194
92 94
92 95
92 167
92 105
92 175
92 181
92 119
92 184
92 159
93 145
93 170
93 167
93 108
93 130
93 199
93 153
93 156
94 131
94 139
94 140
94 142
94 147
94 149
94 154
94 184
94 133
94 162
94 166
94 169
94 159
94 181
94 186
94 188
94 161
94 179
94 143
94 98
94 102
94 106
94 111
94 112
94 168
94 114
94 116
94 120
94 124
94 126
95 191
95 105
95 171
95 109
95 169
95 184
95 111
95 159
96 130
96 199
96 191
97 162
97 147
97 179
97 191
98 139
98 149
98 153
98 168
98 173
98 178
98 120
99 160
99 112
99 161
99 172
99 114
99 124
100 176
100 182
100 135
100 141
100 144
100 153
101 118
101 148
101 182
102 130
102 198
102 199
102 154
102 167
102 182
102 125
102 191
103 129
103 150
103 148
103 174
103 152
103 155
103 176
103 187
103 191
103 195
103 104
103 106
103 110
103 113
103 118
103 123
103 126
104 129
104 199
104 148
104 167
104 174
104 182
104 187
105 130
105 167
105 194
105 175
105 159
105 184
105 191
106 193
106 149
106 153
106 157
106 165
106 168
106 108
106 120
107 199
108 149
108 139
108 141
108 145
108 152
108 155
108 156
108 182
108 144
108 131
108 165
108 176
108 186
108 191
108 170
108 126
109 175
109 167
109 169
109 171
109 159
109 194
109 116
109 191
110 128
110 113
110 153
111 181
111 194
111 132
111 134
111 199
111 175
111 158
111 196
111 191
111 115
111 182
111 119
111 190
111 127
112 161
112 146
112 186
112 191
113 128
113 164
113 195
113 153
113 123
114 160
114 172
114 181
115 199
115 137
115 167
115 130
116 194
116 132
116 175
116 182
116 191
117 130
117 197
117 167
117 199
117 182
117 119
118 148
118 187
118 182
118 150
119 171
119 196
119 133
119 153
119 169
119 177
119 184
119 127
120 135
120 139
120 144
120 152
120 155
120 182
120 165
120 168
120 126
121 181
121 130
121 132
121 199
121 182
122 130
122 182
122 167
122 199
123 128
123 195
124 186
124 181
125 181
125 130
125 199
125 140
125 188
125 154
125 166
126 149
126 168
126 173
126 178
126 191
127 197
127 181
127 196
128 129
128 164
128 174
128 153
128 181
129 130
129 174
129 148
129 199
129 187
129 167
129 182
130 136
130 188
130 152
130 156
130 154
130 159
130 169
130 170
130 174
130 177
130 158
130 183
130 184
130 198
130 199
130 143
131 193
131 149
131 153
131 168
131 173
131 178
131 191
132 171
132 169
133 197
133 142
134 163
134 199
135 149
135 156
135 144
135 193
135 157
135 176
135 182
135 137
135 186
135 191
136 167
136 199
136 182
137 176
137 158
137 163
137 167
137 144
137 199
137 153
138 179
138 160
138 162
139 193
139 149
139 153
139 157
139 165
140 198
140 166
140 199
140 183
140 188
140 181
141 165
141 176
141 182
141 186
143 167
143 199
143 182
144 193
144 157
144 182
144 186
144 191
144 149
145 167
145 170
145 199
145 152
145 153
146 191
147 162
147 179
148 174
148 181
148 150
149 155
149 156
149 182
150 187
150 182
151 181
152 199
152 153
152 156
152 157
152 168
152 167
152 176
152 191
153 155
153 197
153 195
153 182
154 198
154 167
154 199
154 182
154 183
154 188
154 181
155 168
155 157
156 193
156 167
156 199
156 165
156 170
156 176
156 186
157 182
157 168
157 176
157 191
158 199
158 167
159 197
159 169
159 167
159 175
159 181
160 172
160 191
161 186
161 191
162 191
163 199
164 195
165 182
165 168
165 176
166 198
166 199
166 183
166 188
166 181
167 188
167 169
167 170
167 174
167 177
167 183
167 184
167 198
168 182
168 176
169 194
169 197
169 175
169 181
169 182
169 184
170 199
171 197
171 199
171 194
171 182
172 181
173 176
173 178
173 191
174 182
174 187
176 193
176 178
176 182
176 191
177 197
177 182
178 186
179 181
181 185
181 189
181 198
181 183
181 184
181 188
182 193
182 183
182 198
182 185
182 188
183 199
183 188
184 197
184 191
188 198
188 199
188 191
190 199
191 194
191 192
191 193
196 197
198 199
