0 192
0 194
0 68
0 5
0 134
0 199
0 136
0 77
0 14
0 79
0 141
0 82
0 58
0 88
0 196
0 154
0 157
0 164
0 40
0 173
0 176
0 54
0 183
0 122
0 127
1 129
1 100
1 5
1 10
1 151
1 14
1 143
1 50
1 147
1 23
1 121
1 154
1 60
1 189
1 94
1 127
2 191
2 35
2 40
2 170
2 77
2 174
2 144
2 81
2 178
2 163
2 187
2 119
2 88
2 26
2 123
2 31
3 32
3 149
3 162
3 99
3 133
3 134
3 7
3 138
3 151
3 77
3 46
3 113
3 85
3 57
3 89
3 59
3 117
4 198
4 193
4 139
4 37
4 38
4 135
4 136
4 11
4 109
4 142
4 77
4 49
4 51
4 55
4 56
4 185
4 122
4 27
4 167
5 194
5 11
5 74
5 139
5 142
5 82
5 148
5 21
5 25
5 92
5 157
5 94
5 95
5 103
5 169
5 173
5 51
5 54
5 122
5 190
6 96
6 192
6 35
6 131
6 163
6 102
6 72
6 29
6 111
6 48
6 157
6 83
6 28
6 61
6 190
6 31
7 194
7 67
7 100
7 133
7 102
7 103
7 12
7 199
7 76
7 111
7 145
7 117
7 86
7 23
7 120
7 68
7 28
7 157
7 63
8 162
8 42
8 109
8 145
8 146
8 117
8 24
8 88
8 120
8 184
8 156
8 159
9 193
9 73
9 74
9 120
9 147
9 21
9 22
9 56
9 89
9 155
9 28
9 94
9 103
9 105
9 107
9 109
9 175
9 177
9 115
9 184
9 123
9 125
9 191
10 66
10 131
10 196
10 129
10 76
10 77
10 142
10 143
10 144
10 83
10 155
10 34
10 99
10 100
10 169
10 170
10 175
10 117
10 182
10 120
10 121
10 58
10 61
10 190
11 97
11 70
11 135
11 168
11 171
11 45
11 78
11 47
11 85
11 22
11 186
11 187
11 60
11 37
12 96
12 112
12 34
12 147
12 37
12 70
12 188
12 43
12 194
12 80
12 183
12 19
12 134
12 160
12 90
12 28
12 93
12 30
12 95
13 64
13 65
13 130
13 68
13 69
13 70
13 128
13 162
13 78
13 143
13 80
13 87
13 89
13 90
13 92
13 160
13 161
13 34
13 164
13 170
13 107
13 109
13 110
13 111
13 48
13 180
14 195
14 198
14 129
14 73
14 193
14 176
14 108
14 143
14 16
14 152
14 148
14 137
14 88
14 153
14 26
14 79
14 156
14 192
15 32
15 131
15 100
15 163
15 198
15 199
15 41
15 76
15 178
15 83
15 87
15 89
15 90
15 125
15 31
16 132
16 134
16 72
16 144
16 17
16 146
16 24
16 90
16 156
16 98
16 35
16 165
16 103
16 42
16 108
16 45
16 174
16 61
16 49
16 55
16 123
16 106
17 176
17 99
17 37
17 181
17 73
17 138
17 77
17 46
17 145
17 35
17 180
17 142
17 22
17 24
17 122
17 156
17 30
17 149
18 75
18 68
18 54
18 138
18 139
18 141
18 80
18 81
18 163
18 88
18 25
18 95
18 99
18 173
18 178
18 116
18 117
18 182
18 119
18 120
18 185
18 124
19 69
19 198
19 77
19 78
19 141
19 145
19 151
19 25
19 155
19 37
19 34
19 99
19 165
19 167
19 104
19 95
19 171
19 174
19 175
19 112
19 113
19 53
19 59
19 60
20 176
20 66
20 75
20 39
20 40
20 42
20 107
20 79
20 112
20 43
20 146
20 181
20 87
20 153
20 89
20 28
21 160
21 97
21 123
21 68
21 70
21 119
21 42
21 75
21 47
21 116
21 149
21 118
21 55
21 185
21 59
22 33
22 98
22 195
22 165
22 38
22 177
22 42
22 44
22 79
22 157
22 125
22 172
22 85
22 86
22 199
22 111
22 108
22 94
23 32
23 195
23 198
23 171
23 76
23 61
23 175
23 179
23 52
23 55
23 29
23 30
24 128
24 130
24 67
24 133
24 198
24 158
24 73
24 141
24 78
24 185
24 92
24 30
24 99
24 166
24 104
24 41
24 107
24 172
24 110
24 116
24 94
24 54
24 180
24 122
24 189
24 181
25 32
25 160
25 162
25 155
25 68
25 199
25 141
25 173
25 145
25 84
25 88
25 180
25 58
25 95
25 188
25 61
25 127
26 96
26 65
26 163
26 68
26 150
26 70
26 135
26 188
26 46
26 141
26 110
26 54
26 185
26 181
26 153
26 166
26 157
26 199
26 127
27 130
27 197
27 134
27 199
27 140
27 141
27 82
27 84
27 149
27 150
27 158
27 52
27 97
27 101
27 170
27 43
27 108
27 116
27 30
27 121
27 58
27 94
27 126
28 64
28 97
28 180
28 70
28 107
28 45
28 49
28 82
28 117
28 160
28 148
28 154
28 92
28 101
29 192
29 65
29 131
29 196
29 133
29 74
29 83
29 84
29 149
29 152
29 30
29 198
29 102
29 104
29 43
29 172
29 109
29 178
29 52
29 118
29 119
29 184
29 58
29 195
30 67
30 73
30 142
30 143
30 81
30 78
30 86
30 151
30 152
30 93
30 162
30 101
30 44
30 112
30 53
30 183
30 149
31 34
31 37
31 71
31 73
31 66
31 144
31 49
31 131
31 84
31 56
31 70
31 134
31 101
32 96
32 162
32 196
32 72
32 151
32 46
32 48
32 49
32 99
32 84
32 136
32 58
32 158
33 192
33 129
33 155
33 100
33 150
33 198
33 167
33 137
33 138
33 141
33 174
33 77
33 83
33 85
33 119
33 154
33 47
33 186
34 130
34 132
34 71
34 139
34 86
34 151
34 196
34 155
34 160
34 38
34 103
34 42
34 178
34 176
34 114
34 185
34 124
34 74
35 96
35 112
35 101
35 168
35 73
35 194
35 142
35 143
35 115
35 118
35 41
35 60
35 102
35 165
36 192
36 97
36 162
36 59
36 72
36 137
36 146
36 110
36 173
36 104
36 114
36 195
36 52
36 118
36 185
36 56
36 153
36 91
36 60
36 93
36 95
37 139
37 134
37 136
37 137
37 80
37 84
37 149
37 88
37 196
37 94
37 97
37 187
37 40
37 178
37 168
37 48
37 49
37 114
37 115
37 53
37 184
37 123
38 99
38 162
38 194
38 106
38 167
38 44
38 98
38 141
38 48
38 50
38 181
38 154
38 186
38 190
39 129
39 66
39 59
39 130
39 173
39 56
39 117
39 88
39 91
39 156
39 189
39 158
40 160
40 180
40 134
40 103
40 104
40 109
40 110
40 175
40 48
40 53
40 121
40 52
40 157
40 126
41 160
41 132
41 182
41 199
41 104
41 140
41 45
41 111
41 164
41 118
41 57
41 56
41 68
41 189
42 194
42 133
42 134
42 199
42 77
42 57
42 148
42 160
42 164
42 43
42 45
42 110
42 48
42 50
42 180
42 185
43 65
43 194
43 131
43 133
43 72
43 142
43 87
43 152
43 49
43 97
43 165
43 103
43 113
43 119
43 56
43 58
43 59
43 170
43 126
44 67
44 131
44 124
44 183
44 51
44 54
44 57
44 89
44 154
44 123
44 92
44 102
44 195
45 160
45 155
45 133
45 199
45 191
45 110
45 111
45 52
45 137
45 169
45 154
45 91
45 183
45 185
45 101
46 65
46 100
46 133
46 134
46 74
46 110
46 93
46 50
46 123
46 116
46 85
46 89
46 91
46 58
46 158
47 130
47 179
47 166
47 76
47 157
47 81
47 82
47 115
47 56
47 120
47 122
47 61
48 130
48 103
48 169
48 135
48 194
48 189
48 80
48 81
48 183
48 157
49 116
49 139
49 103
49 106
49 109
49 111
49 52
49 187
49 182
49 153
49 89
49 159
50 192
50 131
50 104
50 173
50 79
50 112
50 168
50 178
50 115
50 182
50 87
50 170
51 193
51 187
51 73
51 143
51 184
51 180
51 117
51 183
51 56
51 185
51 91
51 189
51 158
52 128
52 192
52 151
52 187
52 103
52 73
52 111
52 79
52 176
52 188
52 199
52 62
52 124
52 94
53 192
53 129
53 67
53 69
53 139
53 143
53 80
53 84
53 151
53 185
53 160
53 161
53 167
53 170
53 189
53 115
53 121
53 124
53 125
54 129
54 130
54 72
54 75
54 76
54 141
54 142
54 82
54 156
54 186
54 158
54 69
54 163
54 121
54 122
54 126
55 68
55 192
55 67
55 69
55 73
55 79
55 89
55 92
55 158
55 104
55 169
55 61
55 110
55 175
55 119
55 56
55 185
55 189
56 66
56 139
56 199
56 75
56 140
56 175
56 131
56 153
56 103
56 160
56 104
56 106
56 159
56 137
56 122
56 123
57 64
57 129
57 66
57 99
57 167
57 104
57 173
57 176
57 146
57 183
57 184
58 65
58 130
58 67
58 134
58 160
58 131
58 149
58 156
58 93
58 158
58 163
58 166
58 103
58 105
58 174
58 176
59 64
59 96
59 66
59 165
59 149
59 168
59 75
59 130
59 79
59 116
59 160
59 68
59 189
59 85
60 192
60 67
60 102
60 103
60 137
60 138
60 109
60 110
60 81
60 82
60 139
60 86
60 148
60 90
60 122
61 193
61 168
61 190
61 178
61 62
61 155
61 183
61 126
61 181
62 192
62 113
62 84
62 134
62 155
62 127
63 97
63 196
63 74
63 172
63 178
63 141
63 146
63 148
63 181
63 88
63 122
63 187
63 186
64 66
64 99
64 69
64 156
64 124
64 108
64 114
64 118
64 121
64 182
65 86
65 199
65 72
65 138
65 80
65 110
65 150
65 154
65 162
65 165
65 106
65 108
65 174
65 113
65 115
65 120
65 121
65 122
65 170
66 195
66 136
66 80
66 83
66 159
66 162
66 165
66 102
66 105
66 111
66 115
66 186
66 187
66 125
67 195
67 134
67 72
67 75
67 78
67 150
67 186
67 159
67 96
67 112
67 167
67 175
67 176
67 182
67 183
67 117
68 160
68 194
68 195
68 186
68 109
68 121
68 86
68 157
69 128
69 100
69 199
69 183
69 172
69 78
69 111
69 82
69 116
69 79
69 192
70 96
70 110
70 99
70 134
70 135
70 188
70 78
70 80
70 83
70 180
70 150
70 195
70 121
70 123
71 161
71 187
71 102
71 74
71 171
71 108
71 77
71 174
71 111
71 82
71 179
71 180
71 89
71 123
71 190
72 128
72 132
72 129
72 138
72 139
72 77
72 141
72 107
72 148
72 196
72 150
72 164
72 93
72 161
72 195
72 174
72 189
72 177
72 188
72 125
73 195
73 132
73 74
73 148
73 154
73 158
73 98
73 171
73 110
73 175
73 184
73 185
73 186
73 189
73 190
74 178
74 167
74 135
74 162
74 176
74 146
74 197
74 156
74 101
75 96
75 192
75 100
75 165
75 198
75 169
75 171
75 109
75 78
75 174
75 80
75 115
75 183
75 122
76 134
76 137
76 139
76 140
76 141
76 90
76 155
76 157
76 99
76 167
76 169
76 173
76 176
76 117
76 120
76 190
77 81
77 84
77 85
77 132
77 95
77 96
77 100
77 195
77 145
77 147
77 131
77 118
77 183
77 120
77 186
78 198
78 177
78 172
78 141
78 115
78 155
78 149
78 182
78 163
78 127
78 93
78 95
79 162
79 103
79 183
79 82
79 176
79 147
79 174
79 94
80 152
80 90
80 101
80 94
80 130
80 98
80 164
80 103
80 108
80 110
80 122
80 134
81 129
81 147
81 102
81 135
81 144
81 83
81 115
81 119
81 196
82 129
82 195
82 83
82 88
82 89
82 118
82 98
82 163
82 103
82 104
82 176
82 127
83 193
83 132
83 145
83 168
83 137
83 141
83 115
83 117
83 153
83 159
83 146
83 127
84 130
84 199
84 104
84 190
84 145
84 116
85 192
85 88
85 139
85 174
85 87
85 152
85 154
85 94
85 96
85 98
85 102
85 103
85 176
85 177
85 126
86 160
86 102
86 161
86 177
86 190
86 169
86 89
86 187
86 127
87 165
87 146
87 177
87 110
87 145
87 115
87 118
87 153
87 175
87 166
87 117
88 128
88 132
88 197
88 135
88 137
88 151
88 153
88 156
88 93
88 159
88 168
88 124
88 189
88 126
89 163
89 145
89 147
89 181
89 185
89 125
89 158
90 192
90 155
90 196
90 134
90 104
90 118
90 137
90 120
90 121
90 127
90 95
91 197
91 198
91 136
91 177
91 151
91 141
91 143
91 145
91 149
91 119
91 92
91 93
91 158
91 181
92 162
92 155
92 132
92 198
92 104
92 183
92 108
92 109
92 144
92 113
92 196
92 186
92 165
93 128
93 130
93 139
93 146
93 110
93 171
93 108
93 191
93 117
93 187
93 188
93 125
93 126
93 127
94 131
94 132
94 144
94 147
94 157
94 163
94 167
94 115
94 117
94 124
94 125
94 126
95 132
95 198
95 105
95 138
95 147
95 154
95 169
95 122
95 182
96 162
96 199
96 168
96 140
96 138
96 114
96 170
96 188
96 157
96 133
97 193
97 167
97 187
97 159
97 114
97 151
97 122
97 127
98 180
98 100
98 135
98 104
98 105
98 177
98 114
98 174
98 136
98 115
98 148
98 132
98 169
99 198
99 139
99 114
99 111
99 173
99 124
99 102
99 195
100 137
100 140
100 145
100 150
100 121
100 155
100 199
100 133
101 196
101 137
101 144
101 147
101 158
101 164
101 104
101 113
101 114
101 115
101 116
101 123
101 124
101 125
102 134
102 135
102 141
102 145
102 156
102 169
102 113
102 183
102 121
102 186
102 125
102 127
103 134
103 150
103 154
103 160
103 178
103 115
103 181
103 137
103 168
104 138
104 194
104 189
104 112
104 154
105 160
105 166
105 162
105 108
105 143
105 189
105 147
105 156
105 125
106 195
106 161
106 138
106 108
106 143
106 149
106 151
106 126
107 164
107 197
107 109
107 184
107 181
107 151
107 153
107 126
108 197
108 184
108 145
108 193
108 154
108 156
108 162
108 129
108 176
108 173
108 112
108 181
108 120
108 122
108 170
109 196
109 110
109 147
109 180
109 190
109 119
109 185
110 128
110 194
110 196
110 183
110 173
110 115
110 127
111 172
111 177
111 131
111 190
111 151
111 148
111 189
111 134
111 182
112 128
112 192
112 146
112 193
112 171
112 130
112 174
112 149
112 153
112 156
112 181
113 191
113 164
113 139
113 140
113 165
113 176
113 178
113 116
113 190
113 155
113 124
113 159
114 134
114 139
114 172
114 147
114 195
114 189
114 127
115 131
115 129
115 136
115 146
115 174
115 152
115 156
115 195
115 145
115 135
115 172
115 118
116 136
116 168
116 120
116 124
116 125
117 192
117 198
117 141
117 151
117 157
117 162
117 163
117 177
117 147
117 182
117 183
117 184
117 121
118 160
118 162
118 163
118 165
118 178
118 119
118 175
118 177
118 137
118 149
119 192
119 134
119 135
119 137
119 157
119 180
119 120
119 121
119 185
119 191
120 177
120 181
120 182
120 156
120 122
121 132
121 133
121 149
121 153
121 152
121 156
121 181
121 196
121 168
121 191
121 189
122 130
122 134
122 197
123 149
123 176
123 164
123 168
123 139
123 180
123 169
123 196
123 157
124 161
124 145
124 194
124 170
124 146
124 182
124 151
124 153
124 181
125 192
125 195
125 196
125 149
125 152
125 154
125 157
125 171
125 180
126 130
126 132
126 166
126 169
126 138
126 144
126 152
126 178
126 148
126 185
127 128
127 139
127 153
127 168
127 176
127 180
127 190
128 131
128 170
128 140
128 185
128 148
128 188
129 160
129 139
129 163
129 180
129 151
129 179
129 156
130 131
130 190
130 152
130 155
130 181
130 187
131 140
131 147
131 151
131 157
131 158
131 185
131 191
132 152
132 157
132 161
132 163
132 169
132 171
132 173
132 188
133 158
134 146
135 161
135 199
135 184
135 162
135 153
135 155
135 186
135 176
135 159
136 163
136 167
136 170
136 160
136 172
136 174
136 173
136 150
136 179
136 192
137 172
137 167
137 177
137 191
137 189
138 156
138 149
138 168
139 141
139 166
139 191
139 173
139 179
139 190
140 155
140 153
141 192
141 144
141 149
141 165
141 176
141 180
141 183
141 163
141 187
142 198
142 174
142 143
142 144
142 188
142 182
143 147
143 198
143 157
144 192
144 163
144 166
144 177
144 188
144 146
144 184
144 155
145 192
145 195
145 150
145 158
145 169
145 174
146 197
146 149
146 185
146 159
146 161
146 162
146 178
146 181
146 184
147 191
147 174
147 171
147 151
147 158
148 196
148 167
148 173
148 188
148 158
148 183
148 189
149 196
149 168
150 197
150 174
150 189
150 151
150 164
150 156
150 186
151 196
151 199
151 153
151 193
151 170
152 174
152 177
153 168
153 156
154 163
154 176
155 197
155 173
155 167
155 168
155 174
155 189
156 193
156 176
156 180
157 158
157 174
158 192
158 160
158 199
158 169
158 172
158 178
158 181
158 190
159 175
159 183
159 186
160 197
160 175
160 168
160 180
161 178
161 184
161 186
161 187
162 193
162 170
162 174
162 176
163 173
163 164
163 171
163 174
163 178
163 185
164 179
164 189
164 191
165 192
165 170
165 175
165 187
166 199
167 192
167 197
167 184
167 196
167 193
168 196
168 197
168 170
168 189
168 184
169 199
169 173
169 174
169 175
169 181
169 188
170 197
170 171
170 174
170 175
170 187
171 198
171 174
171 183
171 180
172 198
172 188
173 193
173 177
173 179
174 197
174 180
174 181
174 190
175 182
176 193
176 196
177 198
177 184
178 187
179 197
179 196
180 196
180 191
181 188
181 191
181 187
182 184
183 199
183 185
184 198
184 185
185 197
186 196
188 190
188 191
189 191
191 198
192 194
192 196
193 197
193 196
