0 64
0 65
0 3
0 134
0 138
0 11
0 143
0 148
0 21
0 24
0 15
0 93
0 158
0 31
0 176
0 99
0 167
0 105
0 170
0 43
0 29
0 47
0 48
0 51
0 118
0 185
0 124
1 80
1 131
1 36
1 7
1 104
1 137
1 167
1 13
1 48
1 136
1 114
1 20
1 187
1 151
1 155
1 30
2 160
2 97
2 59
2 164
2 193
2 136
2 60
2 138
2 46
2 145
2 195
2 117
2 54
2 89
2 186
2 91
2 92
2 93
2 63
3 8
3 75
3 44
3 110
3 143
3 112
3 72
3 148
3 21
3 24
3 47
3 159
4 198
4 162
4 131
4 38
4 134
4 9
4 42
4 108
4 77
4 46
4 175
4 182
4 184
4 121
4 122
4 123
5 67
5 74
5 76
5 142
5 83
5 20
5 85
5 86
5 25
5 89
5 27
5 158
5 159
5 98
5 187
5 165
5 38
5 167
5 106
5 43
5 45
5 179
5 123
5 60
5 10
5 126
6 64
6 112
6 72
6 169
6 106
6 76
6 46
6 61
6 48
6 146
6 115
6 21
6 55
6 184
6 57
6 29
7 128
7 132
7 72
7 137
7 74
7 11
7 76
7 78
7 152
7 82
7 149
7 88
7 97
7 98
7 99
7 38
7 168
7 136
7 116
7 118
7 183
7 185
7 60
7 126
8 192
8 129
8 194
8 77
8 143
8 43
8 82
8 149
8 25
8 153
8 26
8 155
8 30
8 163
8 106
8 107
8 109
8 110
8 118
8 55
8 184
8 186
8 63
9 96
9 48
9 134
9 38
9 167
9 40
9 170
9 78
9 79
9 16
9 184
9 52
9 22
9 153
9 152
9 84
9 187
9 188
9 94
9 159
10 171
10 183
10 82
10 83
10 20
10 29
10 158
10 161
10 195
10 40
10 43
10 46
10 93
10 176
10 113
10 115
10 118
10 55
10 187
10 188
10 61
11 64
11 194
11 40
11 41
11 144
11 176
11 172
11 14
11 15
11 112
11 87
11 57
11 175
11 30
12 32
12 50
12 75
12 53
12 198
12 169
12 105
12 91
12 156
12 162
12 190
13 96
13 194
13 75
13 103
13 169
13 43
13 77
13 111
13 81
13 146
13 187
13 153
13 26
13 175
14 36
14 197
14 166
14 76
14 141
14 111
14 145
14 179
14 149
14 119
14 92
14 61
14 190
15 65
15 66
15 69
15 71
15 75
15 140
15 145
15 23
15 27
15 197
15 160
15 162
15 36
15 165
15 166
15 104
15 135
15 44
15 179
15 180
15 55
15 56
15 123
15 126
16 19
16 65
16 130
16 179
16 39
16 72
16 170
16 45
16 110
16 173
16 176
16 51
16 148
16 23
16 27
16 125
17 97
17 66
17 35
17 37
17 161
17 194
17 41
17 55
17 77
17 143
17 80
17 146
17 131
17 84
17 25
17 20
17 155
17 156
17 157
17 30
18 144
18 194
18 195
18 100
18 37
18 71
18 43
18 78
18 48
18 81
18 54
18 151
18 26
18 91
18 157
18 190
18 69
19 172
19 80
19 162
19 196
19 193
19 137
19 138
19 75
19 108
19 142
19 143
19 113
19 50
19 144
19 182
19 73
19 169
19 61
19 191
20 175
20 35
20 68
20 72
20 194
20 140
20 109
20 79
20 143
20 116
20 187
20 27
20 92
20 106
21 130
21 197
21 72
21 74
21 143
21 100
21 28
21 30
21 34
21 36
21 38
21 103
21 168
21 169
21 109
21 125
21 48
21 49
21 184
21 58
21 124
21 138
21 62
21 191
22 67
22 196
22 134
22 136
22 41
22 140
22 146
22 189
22 48
22 82
22 131
22 116
22 88
22 185
22 124
22 29
22 62
23 98
23 164
23 133
23 77
23 81
23 115
23 151
23 152
23 58
23 188
23 186
23 159
24 33
24 164
24 102
24 51
24 129
24 106
24 141
24 110
24 80
24 81
24 83
24 84
24 182
24 152
24 58
24 60
24 29
24 128
25 64
25 97
25 123
25 100
25 172
25 42
25 75
25 140
25 48
25 147
25 190
25 88
25 58
25 91
25 170
25 62
26 192
26 130
26 195
26 81
26 77
26 143
26 145
26 91
26 92
26 163
26 164
26 39
26 104
26 41
26 110
26 112
26 186
26 61
26 190
27 194
27 67
27 74
27 78
27 91
27 156
27 197
27 166
27 38
27 39
27 106
27 109
27 110
27 50
27 181
27 121
27 186
27 60
27 125
28 32
28 161
28 196
28 72
28 73
28 108
28 31
28 144
28 41
28 95
28 188
28 125
28 159
29 97
29 68
29 38
29 103
29 137
29 75
29 142
29 80
29 184
29 82
29 179
29 180
29 149
29 119
29 92
29 69
30 134
30 79
30 145
30 84
30 150
30 88
30 143
30 156
30 160
30 97
30 59
30 198
30 102
30 106
30 44
30 109
30 112
30 72
30 123
30 191
31 51
31 130
31 69
31 102
31 40
31 74
31 107
31 109
31 141
31 80
31 184
31 83
31 181
31 150
31 160
31 170
31 191
32 69
32 136
32 140
32 77
32 142
32 143
32 80
32 146
32 147
32 85
32 86
32 90
32 160
32 176
32 164
32 168
32 107
32 173
32 48
32 178
32 180
32 117
32 182
32 59
32 61
32 53
33 96
33 193
33 115
33 165
33 166
33 135
33 104
33 41
33 170
33 199
33 45
33 141
33 113
33 82
33 51
33 173
33 57
33 90
33 189
34 149
34 66
34 131
34 199
34 105
34 170
34 171
34 76
34 194
34 110
34 53
34 116
34 120
34 58
34 93
34 95
35 161
35 99
35 164
35 134
35 38
35 103
35 44
35 139
35 76
35 141
35 158
35 173
35 115
35 53
35 95
35 124
35 126
35 117
36 147
36 162
36 68
36 37
36 156
36 42
36 44
36 47
36 48
36 95
36 57
36 92
36 170
36 158
36 85
37 193
37 133
37 71
37 158
37 139
37 142
37 109
37 89
37 152
37 94
37 161
37 99
37 100
37 44
37 45
37 47
37 112
37 114
37 116
37 117
37 121
37 58
37 125
38 128
38 51
38 66
38 136
38 78
38 79
38 147
38 89
38 155
38 157
38 159
38 161
38 41
38 173
38 174
38 115
38 180
38 73
38 186
39 128
39 176
39 162
39 99
39 168
39 73
39 42
39 174
39 49
39 146
39 179
39 180
39 53
39 185
39 85
40 65
40 131
40 198
40 135
40 137
40 75
40 84
40 153
40 89
40 93
40 94
40 42
40 107
40 172
40 111
40 121
40 59
40 189
40 126
41 162
41 67
41 132
41 124
41 76
41 146
41 83
41 137
41 56
41 89
41 91
42 161
42 131
42 100
42 195
42 176
42 141
42 174
42 175
42 112
42 145
42 163
42 150
42 156
42 189
43 194
43 163
43 68
43 137
43 140
43 82
43 142
43 195
43 149
43 89
43 186
43 79
43 138
44 68
44 136
44 140
44 151
44 76
44 184
44 87
44 101
44 105
44 106
44 173
44 175
44 48
44 55
44 56
44 186
44 124
44 170
45 162
45 99
45 101
45 161
45 80
45 78
45 190
45 46
45 119
45 153
45 61
45 69
46 68
46 176
46 198
46 48
46 56
46 147
46 120
46 153
46 156
47 194
47 70
47 73
47 79
47 113
47 115
47 150
47 88
47 165
48 150
48 134
48 129
48 128
48 192
48 79
48 149
48 163
48 103
48 167
48 189
48 177
48 117
48 188
48 53
49 149
49 181
49 197
49 71
49 76
49 106
49 108
49 142
49 140
49 53
49 86
49 151
49 88
49 122
49 59
49 117
50 51
50 91
50 68
50 165
50 198
50 97
50 112
50 103
50 141
50 110
50 173
50 84
50 53
50 183
50 184
50 180
50 59
50 62
51 70
51 135
51 80
51 140
51 76
51 113
51 181
51 183
51 89
51 91
51 159
52 128
52 161
52 66
52 100
52 72
52 191
52 178
52 79
52 82
52 117
52 175
52 93
52 94
52 63
53 195
53 197
53 71
53 136
53 77
53 142
53 80
53 78
53 91
53 94
53 179
53 55
53 186
53 189
53 126
54 135
54 78
54 93
54 149
54 86
54 121
54 187
54 188
54 157
54 85
55 192
55 131
55 69
55 139
55 190
55 83
55 164
55 154
55 92
55 159
55 98
55 100
55 134
55 102
55 183
55 186
55 126
56 192
56 129
56 163
56 100
56 177
56 137
56 199
56 81
56 148
56 154
56 175
57 91
57 102
57 97
57 129
57 145
57 83
57 139
57 117
57 88
57 179
57 59
57 92
57 61
58 165
58 103
58 136
58 188
58 170
58 87
58 77
58 158
58 82
58 147
58 60
58 157
58 101
58 95
59 132
59 74
59 75
59 66
59 88
59 153
59 92
59 94
59 98
59 163
59 103
59 178
59 111
59 176
59 168
59 126
59 191
60 65
60 196
60 106
60 103
60 140
60 125
60 146
60 115
60 150
60 183
60 122
60 156
61 64
61 171
61 169
61 75
61 140
61 146
61 148
61 89
61 192
61 125
61 94
61 63
62 66
62 196
62 135
62 170
62 172
62 146
62 91
62 188
63 160
63 139
63 147
63 105
63 138
63 107
63 108
63 113
63 83
63 187
63 88
63 185
63 186
63 155
63 94
63 127
64 165
64 71
64 136
64 188
64 108
64 79
64 80
64 157
64 148
64 149
64 124
65 160
65 98
65 163
65 68
65 133
65 102
65 168
65 171
65 174
65 72
65 115
65 116
65 183
65 180
65 179
65 123
66 181
66 165
66 108
66 75
66 76
66 77
66 85
66 182
66 119
66 166
66 127
67 194
67 75
67 141
67 143
67 80
67 154
67 156
67 98
67 163
67 101
67 177
67 107
67 108
67 174
67 113
67 178
67 116
67 181
67 182
67 119
67 122
67 125
68 98
68 107
68 102
68 193
68 130
68 125
68 122
68 86
68 196
68 90
68 187
69 161
69 72
69 77
69 81
69 84
69 86
69 151
69 94
69 97
69 101
69 166
69 169
69 106
69 173
69 180
69 188
69 190
70 171
70 166
70 134
70 199
70 72
70 137
70 106
70 107
70 116
70 123
70 124
70 93
71 128
71 196
71 146
71 105
71 114
71 141
71 179
71 84
71 173
71 185
71 127
71 125
71 94
71 85
72 192
72 75
72 76
72 198
72 89
72 91
72 157
72 101
72 133
72 144
72 102
72 135
72 114
72 179
72 116
72 186
72 127
73 135
73 138
73 75
73 140
73 92
73 82
73 87
73 94
73 164
73 156
73 178
73 112
73 114
73 179
73 180
73 121
73 190
74 166
74 92
74 170
74 140
74 142
74 111
74 80
74 189
74 124
74 143
74 85
75 132
75 133
75 138
75 146
75 84
75 149
75 91
75 94
75 101
75 102
75 103
75 170
75 190
76 192
76 132
76 140
76 169
76 175
76 97
76 167
76 111
76 119
76 188
77 128
77 192
77 134
77 135
77 138
77 140
77 84
77 86
77 162
77 164
77 103
77 193
77 173
77 111
77 189
78 133
78 140
78 190
78 145
78 149
78 164
78 103
78 168
78 106
78 167
78 110
78 111
78 185
78 126
78 127
79 112
79 171
79 132
79 133
79 192
79 184
79 82
79 158
79 87
79 111
79 91
79 181
80 136
80 137
80 156
80 163
80 168
80 170
80 111
80 118
80 117
81 151
81 144
81 88
81 85
81 154
81 94
81 133
81 197
81 99
81 107
81 110
81 174
81 115
81 116
81 181
81 159
81 125
81 126
82 142
82 145
82 87
82 154
82 155
82 199
82 160
82 163
82 101
82 161
82 173
82 112
82 138
82 126
83 160
83 130
83 99
83 100
83 108
83 194
83 177
83 107
83 196
83 87
83 91
83 126
84 128
84 184
84 138
84 142
84 118
84 122
84 123
85 97
85 164
85 98
85 110
85 111
85 158
85 151
85 120
85 100
85 90
85 94
86 144
86 162
86 103
86 104
86 145
86 107
86 140
86 110
86 141
86 112
86 168
86 156
86 94
87 161
87 98
87 164
87 139
87 174
87 186
87 122
87 187
88 192
88 129
88 131
88 182
88 177
88 151
88 191
88 142
88 148
89 193
89 165
89 107
89 162
89 170
89 141
89 148
89 118
89 168
89 101
90 131
90 101
90 139
90 192
90 151
90 120
90 196
90 155
91 192
91 132
91 97
91 111
91 177
91 186
91 126
91 181
92 192
92 198
92 143
92 154
92 161
92 100
92 167
92 171
92 183
92 123
92 190
92 127
93 128
93 198
93 103
93 169
93 110
93 185
93 186
93 187
93 188
94 129
94 181
94 148
94 149
94 137
94 156
94 167
94 193
94 120
95 102
95 174
95 112
95 182
95 119
95 152
95 100
95 155
95 126
96 131
96 164
96 168
96 138
96 151
96 113
96 182
96 119
96 123
97 163
97 107
97 114
97 158
97 141
97 180
97 175
97 185
98 131
98 134
98 171
98 191
98 143
98 199
98 133
99 192
99 193
99 140
99 146
99 118
99 153
99 155
99 197
100 128
100 133
100 198
100 177
100 155
100 165
100 163
100 103
100 105
100 175
100 113
100 114
100 118
100 126
101 198
101 166
101 103
101 106
101 125
101 163
101 147
101 127
102 194
102 167
102 169
102 106
102 108
102 118
102 188
102 157
103 150
103 135
103 186
103 165
103 168
103 109
103 157
103 184
103 121
103 190
104 192
104 164
104 133
104 137
104 138
104 171
104 140
104 173
104 179
104 151
104 169
104 188
104 159
105 166
105 108
105 130
105 145
105 118
105 119
105 164
106 195
106 132
106 133
106 199
106 141
106 154
106 155
106 164
106 167
106 115
106 116
106 117
106 136
106 126
107 198
107 132
107 134
107 196
107 159
107 123
107 166
107 177
107 187
107 168
107 195
107 125
108 110
108 143
108 131
108 164
108 155
109 155
109 164
109 199
109 110
109 190
109 180
109 179
109 118
109 119
109 120
109 153
109 154
109 125
110 129
110 137
110 175
110 180
110 117
110 126
110 127
111 142
111 156
111 182
111 151
111 186
111 124
111 159
112 135
112 136
112 185
112 154
112 160
112 169
112 114
112 116
112 119
112 121
112 124
112 191
113 185
113 194
114 171
114 134
114 138
114 161
114 149
114 176
114 121
114 159
115 136
115 171
115 189
115 116
115 117
115 138
115 150
115 134
115 133
116 132
116 169
116 119
116 180
116 154
116 123
116 124
117 167
117 139
117 162
117 189
117 146
117 170
117 122
117 123
117 138
118 132
118 198
118 144
118 155
118 172
118 177
118 180
118 136
118 124
118 127
119 160
119 197
119 189
119 184
120 163
120 173
120 176
120 178
120 153
120 189
121 160
121 130
121 167
121 146
121 145
121 180
121 183
121 126
122 129
122 130
122 198
122 136
122 169
122 141
122 143
122 178
122 157
122 158
122 191
123 130
123 136
123 142
123 157
123 158
123 172
123 177
123 188
123 126
123 191
124 164
124 174
124 145
124 186
124 134
125 193
125 191
125 134
125 157
125 158
126 140
126 174
126 151
126 166
126 176
126 155
126 188
126 189
126 190
127 193
127 163
127 167
127 176
127 186
127 156
127 190
128 170
128 158
129 193
129 194
129 197
129 150
130 188
130 192
130 198
130 134
130 190
130 175
130 156
130 158
131 136
131 198
131 176
131 185
131 170
132 162
132 150
132 167
132 189
132 179
132 157
133 195
133 147
133 148
133 153
133 157
133 159
133 188
133 185
133 187
133 151
134 192
134 136
134 146
134 152
134 154
134 177
135 160
135 150
135 173
135 161
135 178
135 158
135 169
136 152
136 154
136 156
136 187
136 170
137 160
137 144
137 172
137 176
137 182
137 151
137 153
137 159
138 160
138 197
138 140
138 152
138 169
138 188
139 162
139 199
139 145
139 180
139 149
140 160
140 163
140 176
141 198
141 153
142 161
142 194
142 163
142 191
142 151
142 158
143 192
143 145
143 151
143 152
143 175
143 181
143 182
143 184
144 196
144 166
144 178
144 148
144 151
144 197
145 188
145 184
146 188
146 187
146 153
146 155
147 160
147 170
147 184
147 198
147 189
148 178
148 182
149 182
149 198
149 173
149 151
149 153
149 191
150 169
150 153
150 186
151 192
151 199
151 175
151 156
151 162
151 169
151 170
151 197
151 180
151 159
151 188
152 165
152 183
152 168
152 154
153 196
153 199
153 155
153 158
153 159
153 177
153 187
154 192
154 176
154 198
154 178
154 189
155 156
156 158
156 160
156 167
156 170
158 161
158 186
159 198
159 165
159 173
159 177
159 188
160 179
160 165
160 199
160 185
161 198
161 177
161 169
162 194
162 177
162 178
162 183
163 193
163 171
163 172
163 191
164 193
164 171
164 177
164 179
164 182
165 178
165 188
166 192
166 168
166 177
166 182
166 188
168 173
168 186
168 188
168 176
168 181
169 186
169 175
170 172
170 182
171 192
171 184
173 186
175 178
176 181
177 180
178 187
178 185
179 183
180 194
180 192
180 190
181 199
181 186
182 194
183 198
183 194
183 185
184 187
185 193
185 190
186 196
186 193
186 189
187 196
189 195
189 198
189 196
190 193
191 192
191 199
191 197
193 198
193 199
196 199
197 198
