0 64
0 97
0 35
0 147
0 101
0 70
0 39
0 42
0 11
0 141
0 78
0 144
0 49
0 167
0 107
0 116
0 110
0 153
0 122
0 93
0 159
1 171
1 5
1 102
1 40
1 74
1 11
1 45
1 111
1 49
1 195
1 57
1 150
1 23
1 25
1 186
1 91
1 124
1 69
2 193
2 66
2 67
2 164
2 197
2 167
2 105
2 138
2 139
2 12
2 45
2 13
2 85
2 54
2 41
2 28
2 158
2 149
3 86
3 9
3 138
3 140
3 144
3 82
3 150
3 151
3 152
3 26
3 175
3 28
3 93
3 105
3 45
3 110
3 47
3 48
3 117
3 54
3 55
3 123
3 126
4 66
4 197
4 198
4 194
4 73
4 183
4 190
4 13
4 141
4 148
4 57
4 90
4 158
4 99
4 103
4 104
4 171
4 177
4 185
4 53
4 55
4 120
4 121
4 168
4 60
4 62
5 128
5 130
5 196
5 65
5 136
5 41
5 79
5 107
5 60
5 51
5 190
5 87
5 88
5 185
5 59
5 124
5 125
5 126
6 64
6 48
6 131
6 182
6 38
6 129
6 112
6 144
6 199
6 45
6 141
6 16
6 49
6 85
6 54
6 143
6 157
6 159
7 192
7 162
7 195
7 133
7 102
7 199
7 40
7 11
7 16
7 81
7 18
7 84
7 181
7 120
7 104
7 136
7 188
7 157
8 33
8 34
8 35
8 70
8 71
8 72
8 75
8 108
8 173
8 175
8 49
8 186
8 56
8 104
8 58
8 29
8 199
9 69
9 199
9 138
9 13
9 14
9 16
9 19
9 159
9 67
9 36
9 169
9 106
9 43
9 110
9 112
9 177
9 178
9 51
9 131
9 54
9 127
9 189
9 53
10 160
10 193
10 132
10 199
10 43
10 111
10 50
10 115
10 116
10 118
10 55
10 88
10 123
10 93
10 190
10 63
11 131
11 137
11 13
11 109
11 149
11 87
11 26
11 27
11 165
11 39
11 44
11 45
11 48
11 178
11 115
11 52
11 121
11 126
11 63
12 33
12 118
12 166
12 127
12 189
12 98
12 46
12 125
12 144
12 49
12 20
12 149
12 22
12 31
12 181
12 93
12 101
13 134
13 72
13 74
13 140
13 66
13 82
13 148
13 85
13 27
13 31
13 161
13 164
13 108
13 178
13 136
13 114
13 182
13 186
13 59
13 190
14 32
14 192
14 162
14 132
14 105
14 72
14 190
14 82
14 78
14 173
14 50
14 84
14 53
14 86
14 87
14 116
14 182
14 94
14 181
15 64
15 129
15 66
15 180
15 186
15 38
15 177
15 75
15 98
15 78
15 17
15 90
15 86
15 23
15 153
15 57
15 58
15 59
15 28
15 61
16 129
16 66
16 196
16 197
16 43
16 108
16 109
16 125
16 141
16 20
16 53
16 120
16 29
16 31
17 192
17 71
17 140
17 141
17 81
17 146
17 148
17 46
17 155
17 30
17 31
17 99
17 103
17 40
17 106
17 174
17 176
17 91
17 52
17 184
17 180
17 170
17 190
17 149
18 66
18 67
18 69
18 74
18 77
18 144
18 81
18 131
18 149
18 88
18 90
18 171
18 101
18 102
18 103
18 168
18 106
18 135
18 172
18 173
18 49
18 183
18 59
18 195
18 127
19 171
19 197
19 97
19 74
19 141
19 144
19 83
19 151
19 169
19 71
19 199
19 33
19 98
19 105
19 107
19 172
19 111
19 179
19 181
19 182
19 137
20 32
20 192
20 194
20 195
20 45
20 174
20 179
20 88
20 186
20 156
20 158
21 171
21 37
21 71
21 104
21 187
21 39
21 173
21 144
21 114
21 30
21 182
21 58
21 27
21 28
21 29
21 62
22 96
22 130
22 195
22 132
22 182
22 129
22 82
22 147
22 85
22 90
22 91
22 92
22 157
22 158
22 165
22 32
22 37
22 40
22 173
22 93
22 181
22 118
22 57
22 122
22 60
23 192
23 131
23 132
23 133
23 72
23 122
23 88
23 89
23 92
23 157
23 30
23 97
23 101
23 42
23 107
23 47
23 115
23 180
23 58
23 124
24 160
24 196
24 133
24 70
24 193
24 142
24 143
24 148
24 85
24 87
24 92
24 158
24 96
24 107
24 108
24 176
24 113
24 51
24 180
24 120
24 57
24 190
25 98
25 165
25 134
25 103
25 129
25 41
25 161
25 113
25 50
25 51
25 151
25 56
25 152
25 91
25 61
26 162
26 37
26 71
26 138
26 140
26 194
26 113
26 53
26 197
26 186
26 159
27 67
27 164
27 101
27 73
27 46
27 144
27 131
27 116
27 182
27 148
27 92
27 93
28 32
28 161
28 133
28 162
28 40
28 109
28 142
28 176
28 116
28 86
28 119
28 90
28 60
28 30
28 182
29 192
29 65
29 194
29 133
29 137
29 30
29 171
29 111
29 179
29 116
29 184
29 154
29 92
29 138
29 126
29 181
30 120
30 91
30 157
30 159
30 162
30 163
30 36
30 102
30 49
30 178
30 51
30 53
30 89
30 184
30 186
30 63
30 190
30 127
31 64
31 192
31 140
31 139
31 86
31 156
31 157
31 96
31 33
31 49
31 43
31 172
31 93
31 47
31 112
31 177
31 118
31 121
31 186
31 188
32 66
32 67
32 135
32 188
32 142
32 155
32 92
32 33
32 102
32 168
32 44
32 173
32 175
32 48
32 54
32 58
32 60
32 126
33 160
33 132
33 78
33 79
33 80
33 81
33 154
33 162
33 39
33 104
33 170
33 103
33 176
33 147
33 116
33 118
33 62
34 64
34 193
34 69
34 76
34 138
34 139
34 140
34 91
34 92
34 157
34 94
34 159
34 99
34 103
34 63
34 50
34 114
34 181
34 120
34 127
34 191
35 65
35 187
35 178
35 173
35 175
35 72
35 146
35 189
35 55
35 47
35 92
35 61
36 160
36 65
36 163
36 68
36 134
36 40
36 75
36 114
36 110
36 81
36 50
36 84
36 181
36 55
36 122
36 60
36 125
37 43
37 68
37 182
37 39
37 169
37 107
37 109
37 48
37 113
37 84
37 180
37 123
37 92
37 190
37 159
38 171
38 165
38 76
38 75
38 140
38 46
38 189
38 172
38 84
38 186
38 153
38 58
38 122
38 159
39 130
39 163
39 167
39 136
39 187
39 140
39 77
39 114
39 52
39 119
39 57
39 186
39 155
40 96
40 81
40 192
40 46
40 189
40 49
40 82
40 183
40 88
40 160
40 157
40 126
40 65
41 160
41 65
41 67
41 196
41 198
41 71
41 105
41 103
41 161
41 139
41 116
41 117
41 151
41 148
41 122
41 155
41 158
41 149
42 169
42 107
42 174
42 141
42 46
42 93
42 116
42 85
42 87
42 122
42 156
42 90
42 94
42 149
43 129
43 163
43 132
43 70
43 50
43 187
43 180
43 53
43 150
43 122
43 59
43 101
43 125
43 190
43 95
44 65
44 133
44 113
44 136
44 138
44 75
44 173
44 49
44 178
44 160
44 63
44 92
44 95
45 132
45 141
45 149
45 153
45 155
45 101
45 165
45 176
45 70
45 196
45 171
45 61
45 47
45 48
45 52
45 125
46 123
46 193
46 99
46 102
46 138
46 48
46 83
46 155
46 86
46 89
46 124
46 118
46 158
47 130
47 68
47 166
47 70
47 183
47 179
47 117
47 154
47 59
47 124
47 95
48 96
48 132
48 54
48 76
48 80
48 81
48 93
48 101
48 176
48 113
48 179
48 180
48 118
48 120
48 57
48 58
48 60
49 67
49 65
49 141
49 131
49 148
49 154
49 92
49 161
49 163
49 107
49 136
49 158
49 54
49 56
49 125
50 128
50 65
50 66
50 134
50 57
50 157
50 94
50 97
50 104
50 170
50 189
50 116
50 54
50 52
50 58
50 74
51 199
51 139
51 77
51 142
51 85
51 87
51 154
51 92
51 90
51 94
51 168
51 171
51 172
51 89
51 184
51 125
51 117
52 144
52 162
52 163
52 68
52 133
52 73
52 80
52 183
52 124
52 167
52 94
52 95
53 130
53 107
53 71
53 142
53 150
53 135
53 158
53 165
53 103
53 168
53 106
53 109
53 177
53 179
53 137
53 122
53 59
54 194
54 74
54 141
54 82
54 147
54 148
54 171
54 185
54 88
54 89
54 176
54 162
54 67
54 146
54 56
54 121
55 64
55 98
55 163
55 193
55 71
55 129
55 191
55 136
55 83
55 116
55 183
55 57
55 123
55 198
56 97
56 118
56 103
56 138
56 89
56 176
56 146
56 116
56 87
56 88
56 79
56 61
56 197
57 66
57 65
57 72
57 152
57 91
57 94
57 129
57 107
57 174
57 104
57 179
57 190
57 118
57 185
57 186
57 62
57 127
58 65
58 67
58 151
58 77
58 153
58 155
58 97
58 98
58 103
58 171
58 173
58 110
58 177
58 184
58 188
59 161
59 123
59 103
59 109
59 81
59 83
59 84
59 153
59 91
59 94
59 149
60 64
60 141
60 78
60 82
60 142
60 87
60 100
60 150
60 161
60 164
60 102
60 169
60 109
60 177
60 124
60 190
61 66
61 99
61 147
61 198
61 139
61 172
61 116
61 181
61 86
61 119
61 88
61 91
61 188
62 160
62 132
62 133
62 72
62 76
62 139
62 108
62 111
62 144
62 104
62 182
62 152
62 154
62 191
62 188
62 165
63 70
63 194
63 109
63 143
63 82
63 180
63 88
63 92
64 112
64 182
64 136
64 144
64 130
64 80
64 177
64 149
64 118
64 152
64 157
65 129
65 131
65 196
65 198
65 108
65 139
65 142
65 143
65 145
65 89
65 154
65 91
65 103
65 157
65 176
65 114
65 179
65 189
65 190
66 163
66 165
66 102
66 143
66 157
66 196
66 150
66 184
66 68
66 186
67 145
67 104
67 75
67 76
67 175
67 154
67 179
67 188
67 93
68 131
68 198
68 177
68 194
68 109
68 110
68 173
68 146
68 181
68 150
68 151
68 153
68 186
68 157
69 164
69 197
69 104
69 139
69 140
69 112
69 168
69 83
69 148
69 87
69 186
69 158
70 129
70 162
70 131
70 73
70 106
70 76
70 110
70 79
70 117
70 105
70 89
70 154
70 185
71 193
71 132
71 197
71 137
71 151
71 141
71 81
71 87
71 153
71 97
71 98
71 106
71 126
71 122
71 191
71 190
72 195
72 140
72 77
72 145
72 84
72 85
72 87
72 90
72 101
72 167
72 168
72 178
72 181
72 120
72 151
73 129
73 187
73 101
73 167
73 168
73 169
73 106
73 75
73 108
73 115
73 92
74 96
74 146
74 76
74 78
74 86
74 87
74 188
74 150
74 166
75 128
75 192
75 130
75 196
75 197
75 135
75 77
75 78
75 79
75 141
75 81
75 146
75 154
75 104
75 120
76 181
76 164
76 135
76 136
76 139
76 179
76 87
76 184
76 183
76 94
76 159
77 161
77 198
77 108
77 145
77 116
77 190
77 86
77 184
77 148
77 156
77 94
78 130
78 166
78 103
78 136
78 84
78 138
78 170
78 160
78 122
78 93
79 128
79 162
79 171
79 132
79 129
79 169
79 174
79 144
79 120
79 147
79 117
79 100
79 189
80 166
80 177
80 105
80 81
80 179
80 149
80 87
80 121
80 92
80 94
80 159
81 128
81 91
81 133
81 198
81 170
81 163
81 155
81 100
81 124
81 158
82 192
82 86
82 143
82 83
82 142
82 89
82 92
82 157
82 95
82 96
82 197
82 170
82 173
82 185
83 129
83 134
83 145
83 106
83 143
83 113
83 179
84 162
84 199
84 178
84 179
84 155
84 149
85 97
85 98
85 163
85 102
85 193
85 172
85 141
85 114
85 119
85 153
85 175
85 182
86 96
86 160
86 132
86 193
86 135
86 183
86 176
86 142
86 151
86 93
87 165
87 162
87 113
87 111
87 125
87 182
87 197
88 110
88 138
88 120
88 152
88 91
88 101
89 163
89 132
89 193
89 138
89 151
89 173
89 94
90 97
90 195
90 150
90 167
90 172
90 110
90 104
90 142
90 119
90 120
90 184
90 92
90 95
91 182
91 139
91 162
91 144
91 152
91 159
91 100
91 171
91 172
91 111
91 180
91 118
91 184
91 188
91 191
92 194
92 195
92 135
92 138
92 151
92 142
92 143
92 152
92 163
92 149
92 105
92 116
92 183
92 120
92 180
93 162
93 109
93 141
93 178
93 121
93 154
93 101
94 128
94 130
94 196
94 179
94 149
94 121
94 156
94 157
94 101
94 169
94 113
94 182
94 184
95 96
95 193
95 166
95 113
95 119
95 188
95 125
96 136
96 140
96 154
96 111
96 156
96 158
96 162
96 102
96 109
96 175
96 180
96 118
96 191
97 129
97 171
97 144
97 113
97 122
97 123
97 159
98 194
98 103
98 144
98 178
98 115
98 152
98 153
99 160
99 129
99 103
99 173
99 111
99 196
99 182
99 121
100 144
100 115
100 101
100 135
100 186
100 192
101 161
101 123
101 198
101 102
101 192
101 142
101 116
102 181
102 103
102 198
102 111
102 137
102 184
102 154
102 117
103 131
103 139
103 140
103 147
103 168
103 119
103 185
103 125
103 126
103 117
104 190
104 182
104 135
104 122
104 127
105 188
105 162
105 141
105 181
105 151
105 191
106 128
106 192
106 132
106 198
106 142
106 118
106 122
106 155
106 186
107 130
107 195
107 141
107 118
107 127
108 128
108 195
108 193
108 151
108 157
108 199
108 172
108 110
108 176
108 120
108 121
108 122
108 125
108 126
109 197
109 155
109 138
109 180
109 150
109 190
110 167
110 168
110 139
110 143
110 177
110 183
110 171
110 121
110 188
110 153
111 131
111 136
111 189
111 168
111 146
111 117
111 182
111 120
111 154
111 128
112 128
112 163
112 145
112 178
112 149
112 183
112 186
112 198
113 128
113 135
113 168
113 176
113 174
113 189
113 153
113 125
114 160
114 139
114 150
114 153
114 157
114 190
115 128
115 172
115 143
115 152
115 178
115 150
115 120
115 196
115 184
115 125
116 187
116 172
116 120
116 180
116 142
117 139
117 140
117 178
117 180
117 118
117 119
117 152
117 179
117 156
117 157
117 199
117 127
118 197
118 161
118 143
118 154
118 172
118 178
118 179
118 120
119 122
119 148
120 194
120 138
120 175
120 177
120 125
120 126
121 192
121 129
121 134
121 174
121 196
121 186
122 198
122 134
122 146
122 135
122 160
122 165
122 173
122 184
123 192
123 164
123 161
123 139
123 141
123 142
123 144
123 146
123 179
123 184
123 186
123 170
123 158
124 192
124 148
124 134
124 176
124 153
124 154
124 185
124 198
125 129
125 152
125 159
125 154
126 128
126 194
126 168
126 150
126 153
126 197
126 127
127 199
127 143
127 145
127 148
127 183
127 190
127 189
127 159
128 144
128 194
128 155
128 132
128 137
128 142
128 169
128 174
129 131
129 150
129 152
129 157
129 166
129 176
129 181
130 176
130 164
130 137
130 172
130 144
130 185
131 171
131 144
131 179
131 164
131 186
131 159
132 141
132 145
132 158
132 164
132 165
132 166
132 173
132 185
133 192
133 161
133 136
133 169
133 170
133 199
133 173
133 176
133 178
133 149
133 153
133 168
134 195
134 199
134 172
134 149
134 181
135 139
135 198
135 137
135 146
135 142
135 159
136 198
136 145
136 146
136 142
136 159
136 168
136 171
136 182
136 187
136 191
137 181
137 171
137 140
137 143
137 192
137 148
137 154
137 187
137 149
138 147
138 160
138 163
138 169
138 176
138 186
138 191
139 141
139 190
139 145
139 146
139 150
139 152
139 153
139 162
139 171
139 159
139 173
139 189
139 176
139 197
140 193
140 147
140 156
140 165
140 176
140 178
140 180
140 190
140 181
141 192
141 197
141 173
141 161
142 179
142 183
142 150
143 188
143 184
143 145
143 174
143 157
144 148
144 157
144 198
144 172
144 178
145 179
145 193
145 172
145 180
145 168
145 156
146 161
146 169
146 175
146 152
146 163
146 180
147 174
147 153
147 158
148 192
148 172
148 179
148 186
148 173
149 158
149 154
150 192
150 152
150 155
150 191
150 165
150 176
150 187
150 181
151 182
151 198
151 175
151 197
152 161
152 188
152 162
152 159
153 161
153 157
154 179
154 159
154 173
154 176
154 183
155 184
155 188
156 160
156 196
156 167
156 169
156 179
157 166
158 167
158 162
158 188
158 191
159 197
159 171
159 176
159 191
160 166
160 184
161 197
161 168
161 180
161 186
162 182
162 198
162 168
162 174
162 179
163 166
163 177
163 172
164 193
164 169
164 178
165 194
165 173
165 177
165 184
165 166
166 168
166 178
166 195
167 197
167 175
167 177
167 187
168 187
168 186
169 191
169 177
169 196
170 196
170 177
170 172
171 173
173 174
173 176
173 181
173 189
174 179
174 184
174 186
175 193
175 180
175 188
176 191
178 196
179 181
180 193
180 192
181 189
181 184
181 191
182 191
184 196
185 186
185 187
186 198
186 196
186 194
187 191
188 193
189 192
189 197
191 198
194 197
195 199
