0 144
0 98
0 67
0 132
0 150
0 70
0 39
0 74
0 75
0 76
0 46
0 112
0 17
0 146
0 3
0 149
0 86
0 87
0 7
0 176
0 155
1 66
1 164
1 38
1 72
1 73
1 12
1 98
1 78
1 173
1 113
1 142
1 91
1 92
1 125
2 194
2 99
2 164
2 167
2 119
2 73
2 75
2 108
2 24
2 52
2 23
2 88
2 123
2 95
3 187
3 99
3 177
3 172
3 170
3 12
3 114
3 14
3 24
3 18
3 83
3 174
3 23
3 88
3 89
3 184
3 93
3 62
3 63
4 160
4 161
4 131
4 100
4 101
4 193
4 23
4 82
4 80
4 81
4 50
4 150
4 55
4 153
4 122
4 182
5 128
5 129
5 187
5 38
5 193
5 74
5 139
5 14
5 47
5 16
5 113
5 195
5 148
5 142
5 54
5 88
5 26
5 27
5 29
5 94
6 161
6 34
6 101
6 113
6 136
6 137
6 171
6 172
6 98
6 194
6 13
6 17
6 82
6 19
6 52
6 117
6 175
6 121
6 155
6 190
6 31
7 181
7 66
7 102
7 38
7 41
7 106
7 151
7 108
7 142
7 176
7 140
7 21
7 87
7 122
7 166
7 62
7 37
8 96
8 97
8 35
8 179
8 102
8 169
8 74
8 173
8 143
8 157
8 114
8 19
8 117
8 150
8 184
8 121
8 58
8 92
8 29
8 94
8 181
9 33
9 98
9 35
9 195
9 60
9 106
9 11
9 194
9 14
9 143
9 180
9 82
9 163
9 20
9 148
9 59
9 124
9 127
10 188
10 48
10 66
10 27
10 177
10 37
10 195
10 129
10 73
10 144
10 46
10 16
10 49
10 147
10 149
10 22
10 120
10 91
10 86
10 158
10 133
11 64
11 51
11 197
11 193
11 72
11 199
11 81
11 83
11 85
11 188
11 125
11 127
12 194
12 68
12 70
12 199
12 140
12 78
12 79
12 80
12 18
12 150
12 152
12 27
12 144
12 36
12 167
12 146
12 175
12 48
12 114
12 143
12 189
12 191
13 33
13 34
13 103
13 136
13 137
13 170
13 139
13 141
13 184
13 157
13 144
13 173
13 190
13 55
13 120
13 175
13 155
13 92
13 93
13 30
14 130
14 76
14 143
14 22
14 154
14 47
14 28
14 161
14 165
14 42
14 43
14 44
14 110
14 175
14 177
14 52
14 118
14 123
14 190
15 128
15 129
15 155
15 68
15 38
15 167
15 156
15 42
15 75
15 109
15 177
15 144
15 17
15 117
15 22
15 185
15 89
15 27
15 28
16 192
16 66
16 103
16 105
16 140
16 173
16 112
16 115
16 182
16 88
16 153
16 155
16 61
16 30
16 37
17 32
17 155
17 70
17 136
17 41
17 139
17 76
17 78
17 147
17 148
17 142
17 118
17 121
17 31
17 182
17 102
17 95
18 123
18 193
18 133
18 134
18 139
18 144
18 23
18 154
18 155
18 157
18 98
18 35
18 198
18 38
18 109
18 93
18 51
18 59
18 151
18 127
19 99
19 68
19 198
19 167
19 104
19 171
19 172
19 174
19 80
19 147
19 84
19 126
19 118
19 183
19 52
19 26
19 155
19 62
20 51
20 130
20 179
20 68
20 69
20 38
20 129
20 105
20 171
20 108
20 112
20 48
20 145
20 178
20 83
20 120
20 26
20 93
21 64
21 176
21 99
21 164
21 69
21 71
21 193
21 141
21 142
21 48
21 195
21 171
21 182
21 87
21 167
21 159
22 192
22 72
22 45
22 144
22 173
22 142
22 23
22 88
22 89
22 95
22 32
22 165
22 43
22 109
22 111
22 177
22 50
22 58
22 138
23 33
23 197
23 102
23 65
23 177
23 74
23 110
23 113
23 115
23 85
23 184
23 185
23 154
23 93
24 65
24 164
24 70
24 72
24 41
24 109
24 78
24 176
24 49
24 178
24 179
24 151
24 89
24 136
24 191
24 60
24 157
24 130
25 192
25 66
25 131
25 69
25 161
25 137
25 142
25 143
25 144
25 81
25 149
25 160
25 80
25 34
25 40
25 106
25 47
25 48
25 168
25 51
25 190
25 55
25 184
25 126
25 63
26 66
26 67
26 136
26 169
26 91
26 156
26 197
26 35
26 100
26 102
26 38
26 103
26 105
26 170
26 107
26 108
26 45
26 115
26 55
26 59
27 32
27 36
27 103
27 136
27 199
27 76
27 153
27 54
27 151
27 56
27 57
27 169
27 186
27 62
28 129
28 36
28 70
28 74
28 45
28 142
28 176
28 179
28 170
28 57
28 122
28 154
28 190
28 181
29 96
29 98
29 136
29 195
29 113
29 43
29 110
29 163
29 152
29 49
29 51
29 158
29 150
29 199
29 56
29 58
29 59
29 90
29 30
30 64
30 193
30 131
30 69
30 198
30 78
30 145
30 152
30 95
30 161
30 123
30 36
30 109
30 48
30 113
30 118
30 184
30 187
30 61
31 194
31 165
31 113
31 145
31 76
31 138
31 172
31 185
31 188
31 126
31 159
32 172
32 66
32 115
32 137
32 138
32 143
32 146
32 83
32 149
32 152
32 38
32 39
32 106
32 43
32 108
32 173
32 110
32 111
32 51
32 187
32 188
32 61
33 64
33 130
33 194
33 78
33 81
33 82
33 87
33 153
33 154
33 91
33 97
33 164
33 165
33 170
33 179
33 53
33 186
33 59
33 127
34 64
34 71
34 80
34 167
34 86
34 164
34 92
34 93
34 36
34 70
34 103
34 107
34 45
34 46
34 177
34 115
34 116
34 53
34 120
34 52
35 192
35 187
35 147
35 133
35 71
35 104
35 113
35 83
35 180
35 120
35 121
35 58
35 123
35 190
35 191
36 131
36 68
36 199
36 55
36 79
36 196
36 150
36 89
36 97
36 164
36 104
36 92
36 171
36 178
36 183
36 187
36 188
36 125
37 80
37 195
37 101
37 38
37 39
37 168
37 107
37 77
37 178
37 115
37 148
37 181
37 179
38 64
38 66
38 150
38 153
38 163
38 100
38 39
38 105
38 110
38 113
38 117
38 54
38 169
38 124
38 191
39 158
39 65
39 145
39 161
39 138
39 172
39 110
39 174
39 81
39 180
39 85
39 118
39 183
39 88
39 156
39 69
39 101
40 64
40 96
40 195
40 69
40 169
40 42
40 172
40 49
40 54
40 121
40 192
40 190
41 65
41 102
41 137
41 71
41 45
41 46
41 175
41 176
41 52
41 149
41 121
41 62
41 63
42 193
42 83
42 73
42 138
42 43
42 77
42 145
42 50
42 115
42 153
42 155
42 170
43 128
43 65
43 132
43 198
43 71
43 75
43 152
43 90
43 155
43 101
43 166
43 103
43 104
43 107
43 114
43 115
43 116
43 181
43 182
43 184
43 190
44 64
44 192
44 194
44 131
44 196
44 133
44 104
44 188
44 139
44 111
44 148
44 118
44 88
44 156
45 193
45 129
45 67
45 118
45 195
45 135
45 168
45 106
45 139
45 98
45 179
45 112
45 81
45 51
45 137
45 93
46 64
46 182
46 134
46 129
46 75
46 150
46 88
46 99
46 103
46 108
46 114
46 50
46 178
46 53
46 54
46 183
46 122
46 188
47 75
47 139
47 76
47 141
47 79
47 80
47 92
47 157
47 69
47 160
47 161
47 197
47 164
47 102
47 106
47 171
47 177
47 182
47 119
47 185
47 186
48 194
48 195
48 69
48 134
48 75
48 81
48 146
48 153
48 154
48 158
48 96
48 101
48 114
48 190
48 186
48 74
48 126
49 160
49 98
49 67
49 102
49 172
49 173
49 93
49 184
49 51
49 148
49 106
49 118
49 153
49 89
49 58
49 123
50 187
50 107
50 141
50 145
50 170
50 142
50 118
50 150
50 120
50 185
50 59
50 188
50 61
50 126
51 131
51 142
51 139
51 71
51 103
51 106
51 110
51 109
51 187
51 117
51 58
51 91
51 197
52 97
52 70
52 71
52 167
52 174
52 110
52 141
52 80
52 184
52 153
52 191
53 160
53 67
53 66
53 168
53 74
53 172
53 98
53 176
53 145
53 180
53 174
53 183
53 58
53 189
54 192
54 193
54 130
54 137
54 145
54 150
54 158
54 95
54 160
54 101
54 110
54 175
54 182
54 183
54 122
54 125
54 127
55 181
55 198
55 134
55 193
55 119
55 172
55 110
55 157
55 80
55 81
55 78
55 150
55 57
55 188
55 154
55 126
56 64
56 69
56 108
56 78
56 79
56 110
56 150
56 92
56 158
56 162
56 163
56 93
56 172
56 174
56 175
56 112
56 91
56 185
56 186
56 190
56 63
57 194
57 164
57 101
57 71
57 139
57 77
57 113
57 59
57 123
57 125
58 192
58 133
58 198
58 140
58 77
58 142
58 141
58 80
58 86
58 156
58 108
58 173
58 63
58 189
58 127
59 66
59 143
59 148
59 87
59 89
59 158
59 96
59 164
59 101
59 168
59 172
59 115
59 119
59 120
59 187
59 153
60 149
60 133
60 135
60 136
60 172
60 111
60 144
60 168
60 83
60 117
60 86
60 175
60 126
60 63
61 144
61 164
61 68
61 69
61 134
61 135
61 184
61 160
61 177
61 153
61 150
61 151
61 88
61 121
61 91
61 157
61 126
62 123
62 65
62 165
62 107
62 76
62 77
62 79
62 157
62 81
62 92
62 125
63 172
63 192
63 71
63 136
63 108
63 72
63 163
63 169
63 181
63 119
63 137
64 192
64 160
64 67
64 132
64 134
64 137
64 138
64 76
64 77
64 78
64 139
64 93
64 94
64 96
64 198
64 167
64 171
64 107
64 140
64 181
65 139
65 168
65 73
65 107
65 142
65 178
65 153
65 190
65 151
66 187
66 107
66 71
66 160
66 141
66 147
66 91
66 156
66 154
66 158
66 97
66 123
66 100
66 115
66 180
66 74
66 126
66 195
67 128
67 135
67 192
67 173
67 81
67 84
67 150
67 160
67 165
67 145
67 172
67 174
67 181
67 185
67 127
67 117
68 195
68 70
68 135
68 78
68 177
68 82
68 189
68 121
68 156
68 159
69 71
69 136
69 138
69 75
69 76
69 77
69 80
69 81
69 175
69 160
69 97
69 162
69 145
69 108
69 179
69 117
69 118
69 183
70 161
70 131
70 73
70 174
70 80
70 181
70 118
70 164
70 122
70 95
71 134
71 75
71 141
71 81
71 146
71 163
71 151
71 155
71 100
71 178
71 184
72 133
72 162
72 187
72 97
72 143
72 111
72 144
72 116
72 181
72 86
72 90
72 158
72 95
73 96
73 131
73 101
73 103
73 140
73 77
73 176
73 180
73 150
73 170
73 185
73 158
74 128
74 173
74 87
74 88
74 90
74 92
74 162
74 99
74 168
74 106
74 109
74 189
74 113
74 115
74 151
74 170
75 132
75 140
75 130
75 142
75 147
75 78
75 155
75 157
75 199
75 162
75 103
75 180
75 122
75 189
75 127
76 130
76 196
76 128
76 142
76 143
76 148
76 78
76 92
76 101
76 103
76 178
76 179
76 117
76 123
76 181
77 165
77 195
77 135
77 143
77 177
77 188
77 150
77 119
77 88
77 156
77 189
78 162
78 137
78 145
78 128
78 141
78 116
78 100
78 188
79 129
79 98
79 99
79 198
79 167
79 168
79 105
79 106
79 183
79 80
79 146
79 115
79 117
79 119
79 93
80 194
80 183
80 102
80 103
80 106
80 175
80 177
80 119
80 123
81 144
81 195
81 97
81 179
81 115
81 94
82 97
82 103
82 178
82 189
82 156
82 147
82 149
82 151
82 153
82 191
82 100
82 167
82 117
83 193
83 196
83 144
83 147
83 155
83 94
83 98
83 163
83 169
83 109
83 111
83 117
83 182
83 119
83 187
83 181
84 130
84 147
84 102
84 146
84 149
84 87
84 164
84 186
84 187
84 94
85 113
85 130
85 164
85 121
85 90
85 173
85 158
86 129
86 171
86 147
86 179
86 134
86 137
86 160
86 175
86 136
86 115
86 181
86 87
86 152
86 187
86 197
87 130
87 132
87 196
87 105
87 172
87 111
87 177
87 114
87 195
87 151
87 169
87 91
88 112
88 125
88 189
88 170
88 153
88 89
88 188
88 150
89 134
89 172
89 196
89 108
89 141
89 116
89 181
89 186
90 170
90 167
90 138
90 139
90 109
90 177
90 116
90 189
90 151
90 121
90 186
90 156
91 163
91 112
91 152
91 178
91 170
91 150
91 185
91 156
92 97
92 103
92 176
92 178
92 122
92 135
92 186
93 198
93 143
93 195
93 97
93 123
93 102
93 166
93 168
93 170
93 185
93 187
94 98
94 166
94 135
94 139
94 109
94 174
94 151
94 197
95 128
95 108
95 162
95 143
95 147
95 183
95 124
96 134
96 172
96 148
96 137
96 105
96 108
96 109
96 112
96 136
96 180
96 181
96 182
96 183
96 190
96 191
97 131
97 199
97 139
97 141
97 157
97 108
97 173
97 174
97 112
97 177
97 179
97 180
98 144
98 155
98 157
98 160
98 177
98 120
98 185
98 122
98 187
98 190
99 198
99 166
99 103
99 171
99 172
99 194
99 112
99 119
99 153
99 106
100 195
100 140
100 147
100 183
100 184
100 156
100 154
101 192
101 130
101 174
101 185
101 121
101 186
101 150
102 172
102 192
102 180
102 125
102 146
102 115
102 182
102 104
102 169
102 191
103 178
103 144
103 116
103 171
103 122
104 129
104 162
104 177
104 147
104 141
104 142
104 113
104 148
104 117
104 185
104 199
104 127
105 128
105 196
105 197
105 170
105 145
105 182
105 126
106 144
106 130
106 150
106 111
106 192
106 155
106 141
106 156
107 134
107 178
107 194
107 137
107 170
107 173
107 113
107 165
107 189
107 146
108 129
108 161
108 170
108 199
108 141
109 130
109 195
109 135
109 143
109 155
109 156
109 170
109 110
109 175
109 176
109 113
109 123
109 189
109 190
110 130
110 195
110 179
110 183
110 194
110 150
110 152
110 182
110 161
110 119
111 151
111 119
111 141
111 148
111 186
112 132
112 160
112 178
112 195
112 117
112 180
112 120
112 188
112 176
113 132
113 140
113 147
113 156
113 164
113 167
113 178
113 121
113 126
114 162
114 166
114 135
114 136
114 177
114 157
114 118
114 125
115 131
115 150
115 162
115 195
115 171
115 187
115 117
115 120
115 121
115 123
116 161
116 163
116 133
116 166
116 136
116 173
116 143
116 118
116 175
116 121
116 155
116 151
117 193
117 138
117 179
117 154
117 159
117 167
117 122
117 124
117 190
118 150
118 153
118 156
118 161
118 175
118 190
118 120
118 180
118 124
118 126
119 128
119 170
119 157
120 192
120 164
120 162
120 168
120 171
120 142
120 180
120 148
120 125
120 190
121 198
121 171
121 179
121 144
121 178
121 186
121 187
122 171
122 145
122 167
122 139
122 184
122 180
122 157
122 190
122 159
123 192
123 139
123 185
124 128
124 129
124 130
124 147
124 145
124 138
125 139
125 134
125 172
125 175
125 196
126 195
126 133
126 198
126 149
126 154
126 188
126 197
126 164
126 167
126 168
126 175
126 178
126 169
127 132
127 198
127 145
127 136
127 189
127 164
127 186
128 161
128 173
128 146
128 150
128 186
129 160
129 181
129 150
130 163
130 199
130 184
130 190
130 181
131 139
131 174
131 178
131 152
131 159
132 162
132 164
132 138
132 140
132 141
132 163
132 176
132 185
133 160
133 164
133 166
133 135
133 156
133 199
133 145
133 163
133 148
134 192
134 198
134 143
134 145
134 148
134 159
134 166
134 167
134 171
134 181
134 191
135 146
135 168
135 176
135 163
135 148
135 158
135 184
135 187
136 139
136 144
136 147
136 197
136 163
136 164
136 172
136 178
136 187
136 183
136 185
137 162
137 140
137 172
137 142
137 182
138 194
138 163
138 172
138 140
138 191
138 187
138 183
138 155
139 196
139 161
139 185
139 165
139 189
139 184
140 175
140 188
140 190
141 167
141 178
141 176
141 180
141 182
141 183
142 143
142 144
142 184
142 150
142 197
142 164
142 166
142 183
142 191
143 144
143 148
143 154
143 164
143 198
143 167
143 174
144 194
144 198
144 156
144 157
144 166
144 181
145 149
145 165
146 153
146 187
147 197
147 194
147 149
147 157
147 171
147 181
148 153
149 162
149 198
149 172
149 186
149 159
150 172
150 173
150 180
151 197
151 153
151 154
151 155
151 166
151 167
151 178
151 182
151 191
152 164
152 168
152 180
152 187
152 184
153 173
154 158
154 177
155 167
155 158
156 167
156 175
157 175
157 159
158 193
158 181
159 187
159 173
159 190
160 171
160 189
160 190
161 192
161 163
161 173
161 183
162 192
162 197
162 167
162 180
162 190
163 184
163 164
164 192
164 185
164 181
165 179
165 166
165 190
165 171
165 184
165 186
166 184
167 169
167 176
167 189
167 181
168 187
168 180
168 182
169 192
169 170
169 176
169 182
169 189
170 174
171 179
171 195
171 186
172 197
172 184
173 187
174 188
175 183
175 180
176 194
176 179
177 195
177 180
177 182
178 196
179 195
180 189
180 190
181 196
181 182
182 191
183 193
183 184
184 193
184 190
185 188
186 199
186 188
187 194
187 189
188 198
189 199
189 190
190 197
190 193
192 193
192 196
195 198
