0 64
0 96
0 133
0 41
0 76
0 48
0 184
0 149
0 87
0 24
0 153
0 191
0 192
0 126
0 95
1 34
1 163
1 68
1 133
1 113
1 170
1 44
1 110
1 143
1 49
1 82
1 179
1 14
1 86
1 55
1 25
1 60
1 189
1 149
2 161
2 22
2 134
2 71
2 41
2 138
2 199
2 12
2 45
2 142
2 179
2 52
2 118
2 119
2 186
2 59
2 92
2 126
2 166
3 116
3 82
3 84
3 104
3 68
3 171
3 188
3 77
3 126
3 109
4 192
4 99
4 104
4 9
4 174
4 61
4 49
4 148
4 21
4 150
4 24
4 186
4 175
4 29
5 192
5 97
5 98
5 104
5 73
5 111
5 108
5 109
5 46
5 44
5 72
5 19
5 190
5 119
5 89
5 79
5 124
5 183
5 158
6 128
6 65
6 132
6 193
6 136
6 9
6 138
6 11
6 76
6 77
6 143
6 163
6 28
6 158
6 160
6 35
6 103
6 107
6 44
6 178
6 94
6 118
6 56
6 60
6 127
7 192
7 130
7 195
7 70
7 8
7 73
7 111
7 83
7 149
7 151
7 137
7 154
7 155
7 102
7 50
7 175
7 176
7 178
7 182
7 9
7 184
7 59
7 127
8 128
8 129
8 66
8 69
8 198
8 79
8 80
8 81
8 146
8 84
8 25
8 91
8 29
8 160
8 34
8 36
8 17
8 40
8 105
8 170
8 109
8 49
8 118
8 104
8 186
9 192
9 193
9 197
9 14
9 80
9 18
9 90
9 87
9 88
9 153
9 26
9 93
9 94
9 32
9 163
9 166
9 104
9 178
9 46
9 50
9 116
9 181
9 55
9 121
9 124
9 190
10 64
10 130
10 187
10 14
10 111
10 177
10 149
10 56
10 121
10 27
10 61
10 53
11 192
11 74
11 75
11 143
11 145
11 148
11 150
11 120
11 154
11 31
11 160
11 161
11 198
11 39
11 167
11 49
11 116
11 118
11 119
11 56
11 180
11 187
11 124
11 126
12 192
12 166
12 28
12 42
12 107
12 194
12 80
12 180
12 117
12 23
12 184
12 156
12 29
12 94
12 181
13 64
13 67
13 69
13 74
13 144
13 81
13 147
13 149
13 27
13 161
13 34
13 187
13 165
13 38
13 42
13 109
13 178
13 190
13 184
13 57
13 122
13 123
13 126
13 16
14 196
14 69
14 40
14 114
14 142
14 175
14 80
14 50
14 85
14 185
14 24
14 57
15 96
15 131
15 100
15 69
15 38
15 135
15 72
15 177
15 199
15 76
15 113
15 179
15 53
15 22
15 55
15 58
15 29
15 165
16 116
16 98
16 180
16 68
16 118
16 134
16 136
16 196
16 183
16 109
16 111
16 80
16 52
16 149
16 22
16 151
16 88
16 57
16 62
17 66
17 68
17 198
17 71
17 137
17 138
17 144
17 83
17 85
17 23
17 132
17 30
17 101
17 97
17 162
17 100
17 37
17 169
17 172
17 109
17 114
17 115
17 55
17 186
17 123
17 188
17 127
18 32
18 162
18 171
18 165
18 166
18 71
18 72
18 151
18 173
18 81
18 82
18 22
18 137
18 169
18 58
18 91
18 189
18 95
19 192
19 98
19 38
19 103
19 191
19 155
19 61
19 133
20 128
20 131
20 198
20 104
20 168
20 109
20 46
20 113
20 147
20 21
20 87
20 56
20 155
20 60
20 53
20 158
20 127
21 64
21 192
21 67
21 199
21 77
21 150
21 87
21 25
21 90
21 31
21 160
21 101
21 166
21 103
21 105
21 107
21 181
21 123
21 189
21 126
22 193
22 176
22 164
22 134
22 71
22 105
22 138
22 75
22 120
22 83
22 54
22 23
22 24
22 153
22 92
22 170
23 195
23 199
23 75
23 78
23 84
23 149
23 89
23 26
23 27
23 31
23 101
23 39
23 104
23 44
23 142
23 116
23 181
23 56
23 58
23 189
23 126
24 66
24 35
24 134
24 188
24 108
24 112
24 145
24 115
24 148
24 25
24 90
24 92
24 122
24 127
25 32
25 130
25 197
25 73
25 139
25 108
25 173
25 174
25 111
25 48
25 177
25 179
25 137
25 155
25 124
25 192
25 53
26 161
26 100
26 62
26 142
26 81
26 53
26 164
26 122
26 187
26 94
26 117
27 130
27 131
27 68
27 199
27 151
27 85
27 156
27 157
27 31
27 97
27 34
27 100
27 38
27 107
27 178
27 51
27 181
27 118
27 184
27 127
28 51
28 35
28 196
28 198
28 97
28 137
28 74
28 103
28 178
28 142
28 112
28 75
28 67
28 187
28 55
28 153
28 167
28 157
28 65
29 198
29 86
29 134
29 119
29 145
29 146
29 150
29 154
29 155
29 93
29 94
29 133
29 34
29 36
29 101
29 197
29 108
29 183
29 60
29 191
30 65
30 162
30 195
30 133
30 70
30 39
30 137
30 74
30 75
30 114
30 179
30 87
30 156
30 92
31 32
31 176
31 66
31 164
31 182
31 72
31 108
31 141
31 80
31 113
31 148
31 86
31 88
31 188
31 93
32 135
32 75
32 77
32 45
32 87
32 152
32 153
32 157
32 94
32 159
32 161
32 164
32 102
32 109
32 49
32 116
32 187
32 189
32 190
33 160
33 66
33 163
33 39
33 42
33 139
33 48
33 115
33 149
33 151
33 184
33 121
34 67
34 132
34 197
34 65
34 163
34 199
34 123
34 101
34 195
34 103
34 168
34 39
34 108
34 47
34 48
34 53
34 187
34 60
34 189
34 126
35 96
35 131
35 166
35 184
35 108
35 125
35 113
35 146
35 148
35 181
35 153
35 89
35 186
35 123
35 93
35 62
35 63
36 128
36 65
36 196
36 138
36 176
36 142
36 79
36 157
36 104
36 146
36 189
36 119
36 88
36 175
36 124
37 193
37 133
37 71
37 136
37 74
37 172
37 142
37 189
37 80
37 82
37 115
37 88
37 58
37 168
37 92
37 93
37 158
37 95
38 97
38 100
38 166
38 167
38 73
38 106
38 127
38 80
38 50
38 121
38 150
38 119
38 57
38 95
39 192
39 72
39 74
39 77
39 147
39 85
39 166
39 172
39 173
39 46
39 125
39 50
39 179
39 52
39 116
39 60
39 138
40 64
40 136
40 133
40 102
40 135
40 177
40 49
40 55
40 184
40 121
40 90
40 125
41 128
41 198
41 199
41 44
41 192
41 66
41 143
41 83
41 87
41 153
41 94
41 165
41 108
41 48
41 53
41 118
41 120
41 57
41 58
41 189
41 62
42 99
42 164
42 134
42 76
42 144
42 151
42 108
42 47
42 112
42 123
42 182
42 87
42 56
42 121
42 91
42 92
42 183
42 153
43 96
43 128
43 195
43 164
43 129
43 139
43 191
43 177
43 180
43 149
43 118
43 185
43 153
43 123
43 199
43 95
44 137
44 77
44 148
44 149
44 151
44 152
44 155
44 158
44 133
44 97
44 198
44 116
44 180
44 53
44 84
44 59
44 188
44 190
45 128
45 187
45 196
45 133
45 103
45 136
45 170
45 76
45 173
45 112
45 115
45 117
45 182
45 183
45 155
45 124
45 126
45 181
46 198
46 138
46 77
46 143
46 82
46 84
46 149
46 89
46 156
46 157
46 197
46 97
46 163
46 92
46 103
46 173
46 111
46 177
46 180
46 127
47 160
47 69
47 166
47 106
47 178
47 142
47 157
47 113
47 146
47 84
47 184
47 59
47 74
48 129
48 64
48 167
48 66
48 194
48 109
48 152
48 51
48 175
48 150
48 151
48 56
48 58
48 111
48 157
48 62
49 130
49 197
49 100
49 64
49 175
49 116
49 184
49 68
49 60
50 64
50 67
50 133
50 198
50 79
50 145
50 82
50 171
50 91
50 164
50 101
50 105
50 107
50 169
50 58
50 126
50 191
51 192
51 65
51 163
51 68
51 101
51 97
51 136
51 156
51 144
51 164
51 82
51 83
51 84
51 169
51 100
51 154
51 62
52 59
52 100
52 136
52 138
52 141
52 168
52 91
52 180
52 190
52 185
52 132
52 122
52 123
52 124
52 94
52 159
53 198
53 135
53 108
53 190
53 79
53 145
53 155
53 99
53 165
53 170
53 177
53 172
53 181
53 119
53 125
53 62
54 129
54 194
54 182
54 72
54 137
54 173
54 143
54 146
54 117
54 184
54 57
54 188
55 194
55 131
55 81
55 141
55 113
55 146
55 152
55 121
55 58
55 127
56 160
56 161
56 196
56 107
56 192
56 109
56 111
56 114
56 149
56 118
56 185
56 92
57 176
57 101
57 105
57 151
57 172
57 111
57 141
57 181
57 63
57 95
58 69
58 136
58 137
58 74
58 76
58 142
58 146
58 163
58 143
58 160
58 99
58 110
58 118
58 184
58 185
58 123
58 124
58 190
59 184
59 69
59 72
59 137
59 75
59 177
59 168
59 190
59 119
59 88
59 148
59 169
59 103
59 60
59 94
59 127
60 177
60 73
60 71
60 161
60 61
60 146
60 189
60 119
60 89
60 124
61 128
61 98
61 197
61 137
61 77
61 111
61 81
61 146
61 181
61 89
62 130
62 133
62 198
62 65
62 194
62 138
62 139
62 77
62 79
62 178
62 116
62 156
62 126
62 165
63 128
63 97
63 132
63 133
63 140
63 142
63 82
63 117
63 122
63 156
63 159
64 171
64 179
64 75
64 77
64 115
64 180
64 182
64 88
64 85
65 128
65 195
65 196
65 71
65 72
65 98
65 121
65 152
65 93
65 166
65 105
65 171
65 136
65 178
65 119
65 185
66 130
66 71
66 76
66 161
66 79
66 84
66 156
66 159
66 162
66 187
66 106
66 109
66 176
66 182
66 185
67 155
67 114
67 166
67 71
67 74
67 167
67 79
67 81
67 187
67 84
67 189
67 175
67 123
67 138
67 126
67 95
68 147
68 70
68 104
68 105
68 138
68 172
68 148
68 196
69 129
69 104
69 107
69 144
69 115
69 117
69 120
69 153
69 189
70 162
70 132
70 74
70 110
70 143
70 81
70 146
70 150
70 89
70 159
71 192
71 102
71 193
71 194
71 75
71 174
71 107
71 121
71 126
71 127
72 130
72 91
72 102
72 107
72 145
72 179
72 87
72 134
73 194
73 105
73 183
73 141
73 176
73 179
73 121
73 122
73 92
74 198
74 199
74 76
74 142
74 147
74 176
74 167
74 101
74 97
74 195
74 105
74 103
74 175
74 112
74 111
75 130
75 97
75 124
75 103
75 190
75 111
75 114
75 158
76 141
76 149
76 151
76 154
76 92
76 95
76 97
76 162
76 164
76 102
76 106
76 110
76 176
76 113
76 178
76 181
76 184
76 191
77 193
77 133
77 137
77 139
77 79
77 145
77 131
77 85
77 97
77 164
77 101
77 166
77 104
77 105
77 110
77 115
77 119
77 121
77 122
77 188
78 97
78 194
78 163
78 134
78 199
78 144
78 171
78 108
78 173
78 112
78 179
78 84
78 180
79 133
79 130
79 106
79 174
79 190
79 177
79 119
79 152
79 138
79 95
80 144
80 195
80 199
80 105
80 82
80 142
80 150
80 120
80 123
80 156
81 128
81 99
81 166
81 114
81 157
81 149
81 150
81 152
81 143
81 94
81 159
82 194
82 134
82 178
82 104
82 119
82 174
82 150
82 87
82 91
82 92
83 132
83 136
83 173
83 120
83 187
83 92
83 125
84 129
84 172
84 99
84 116
84 191
84 93
84 190
84 117
85 133
85 198
85 140
85 109
85 141
85 114
85 147
85 150
85 120
86 166
86 161
86 104
86 93
86 113
86 178
86 88
86 186
86 187
87 160
87 193
87 140
87 146
87 97
87 162
87 102
87 103
87 175
87 178
87 116
87 137
87 125
87 149
88 192
88 187
88 198
88 199
88 191
88 184
88 155
89 96
89 97
89 194
89 161
89 104
89 139
89 93
89 144
89 179
89 92
90 128
90 103
90 135
90 144
90 146
90 92
90 94
90 95
91 96
91 146
91 171
91 140
91 115
91 153
91 116
91 154
91 127
92 192
92 130
92 152
92 157
92 161
92 99
92 103
92 111
92 158
92 137
92 106
92 126
93 96
93 164
93 166
93 104
93 106
93 108
93 143
93 112
93 179
93 185
93 127
94 130
94 195
94 135
94 194
94 144
94 145
94 164
94 165
94 199
94 115
94 182
94 187
94 190
95 162
95 100
95 135
95 136
95 140
95 106
95 177
95 116
95 124
95 189
96 134
96 171
96 108
96 157
96 177
96 149
96 122
96 124
97 136
97 150
97 197
97 161
97 104
97 111
97 112
97 181
98 164
98 165
98 138
98 140
98 174
98 111
98 154
98 175
98 159
99 162
99 183
99 147
99 119
99 158
100 191
100 178
100 120
100 148
100 124
101 147
101 170
101 175
101 116
101 156
101 158
102 128
102 132
102 145
102 106
102 142
102 180
102 119
102 168
102 135
103 192
103 130
103 196
103 150
103 163
103 164
103 198
103 169
103 177
103 114
103 187
103 190
104 139
104 164
104 175
104 150
104 172
104 173
104 157
104 114
104 119
104 123
105 114
105 167
105 199
105 140
105 156
105 106
105 126
105 149
106 196
106 197
106 141
106 169
106 156
106 162
106 173
106 111
106 178
106 183
106 189
106 166
107 128
107 192
107 171
107 142
107 175
107 136
107 116
107 185
107 180
108 134
108 159
108 150
108 127
109 132
109 145
109 169
109 139
109 173
109 120
109 122
109 124
109 133
110 164
110 197
110 177
110 180
110 118
110 155
110 124
110 126
111 194
111 185
111 169
111 115
111 182
111 191
112 130
112 167
112 116
112 118
112 153
112 126
112 197
113 194
113 132
113 129
114 158
114 179
114 198
114 163
114 148
114 182
114 199
114 180
114 136
115 191
115 128
115 147
115 148
115 179
115 189
116 135
116 142
116 131
116 149
116 167
116 164
116 166
117 193
117 155
117 164
117 166
117 167
117 137
117 143
117 144
117 180
117 148
117 190
117 127
118 134
118 135
118 138
118 145
118 146
118 152
118 160
118 166
118 120
118 185
118 188
119 162
119 187
119 153
119 130
120 147
120 160
120 163
120 138
120 189
120 151
120 185
120 123
120 154
121 136
121 149
121 150
121 152
121 162
121 165
121 169
121 173
121 185
121 123
121 189
121 191
122 165
122 168
122 143
122 146
122 147
122 185
122 123
122 186
123 147
123 195
123 135
123 168
123 190
124 175
124 170
124 177
124 131
124 127
124 158
125 161
125 166
125 170
125 172
125 173
125 174
125 146
125 149
126 130
126 140
126 164
126 165
126 167
126 172
126 183
126 184
126 185
127 135
127 182
127 190
127 166
128 193
128 143
128 144
128 181
128 154
128 195
129 160
129 164
129 145
129 177
129 179
129 181
130 196
130 198
130 199
130 173
130 175
130 182
130 185
131 192
131 176
131 166
131 188
131 170
131 183
131 142
131 145
131 155
131 157
132 160
132 147
132 171
132 142
132 178
132 152
132 199
133 197
133 155
133 142
133 185
133 188
134 196
135 194
135 171
135 165
135 138
135 172
135 168
135 184
135 153
135 189
136 138
136 173
136 149
136 150
136 154
136 156
136 159
136 168
137 162
137 140
137 144
137 172
137 186
138 192
138 193
138 141
138 144
138 145
138 159
138 160
138 177
138 187
138 191
139 192
139 196
139 179
139 147
139 180
139 151
140 165
140 149
140 169
140 189
141 193
141 148
141 157
141 169
142 192
142 145
142 152
142 155
142 157
142 159
142 162
142 156
142 180
143 193
143 168
143 157
144 196
144 168
144 156
144 159
145 152
145 155
145 158
145 164
145 172
145 183
145 186
146 198
146 189
146 152
147 195
147 163
147 153
147 162
147 164
147 172
147 176
147 149
148 160
148 179
148 166
148 170
148 175
149 196
149 189
149 176
149 183
149 188
150 170
150 165
151 163
151 176
152 165
152 199
152 191
153 193
153 192
153 155
154 155
154 179
154 173
154 174
154 156
154 159
155 167
155 175
155 199
156 187
156 167
156 175
156 176
157 162
157 197
157 161
157 177
157 178
157 173
158 196
158 168
158 176
158 187
159 172
160 194
160 198
160 180
161 197
161 169
162 193
162 199
162 181
162 184
162 191
163 194
163 197
163 166
163 167
163 180
163 184
163 185
163 189
164 194
164 198
164 193
164 166
165 179
165 175
165 189
166 196
166 197
166 169
166 185
166 187
167 187
167 191
167 181
168 182
168 186
168 197
169 175
169 178
169 194
169 180
170 195
170 174
170 179
171 197
171 193
171 195
171 182
171 190
172 197
172 176
172 185
173 188
174 188
174 199
175 193
175 180
176 181
176 195
176 199
176 190
176 178
178 179
178 184
179 193
179 181
180 182
180 184
181 196
181 182
182 196
184 189
185 192
185 187
185 189
186 188
186 191
187 199
188 192
188 198
188 197
188 195
189 196
189 199
190 194
190 199
191 196
191 192
192 198
195 199
