0 192
0 97
0 98
0 35
0 113
0 43
0 172
0 49
0 178
0 115
0 20
0 118
0 57
0 89
0 124
0 125
0 126
0 52
1 161
1 131
1 37
1 105
1 12
1 5
1 60
1 176
1 145
1 18
1 117
1 151
1 153
1 140
1 124
1 62
1 21
2 132
2 36
2 199
2 166
2 81
2 105
2 107
2 140
2 177
2 176
2 49
2 82
2 83
2 148
2 119
2 127
2 121
2 122
2 31
2 153
2 95
3 68
3 134
3 7
3 9
3 75
3 44
3 13
3 110
3 157
3 16
3 18
3 20
3 178
3 22
3 24
3 154
3 91
3 92
3 93
3 126
3 159
4 97
4 43
4 69
4 7
4 168
4 73
4 170
4 71
4 44
4 14
4 175
4 176
4 180
4 117
4 182
4 183
4 123
4 60
4 149
5 64
5 67
5 193
5 167
5 188
5 42
5 172
5 77
5 142
5 176
5 51
5 148
5 53
5 182
5 183
5 186
5 191
5 28
5 85
5 95
6 128
6 161
6 36
6 166
6 134
6 193
6 138
6 75
6 172
6 141
6 13
6 176
6 82
6 150
6 132
6 47
6 158
7 64
7 66
7 98
7 178
7 73
7 106
7 87
7 172
7 13
7 18
7 67
7 52
7 55
7 197
7 179
7 170
7 127
8 198
8 146
8 178
8 73
8 170
8 139
8 108
8 126
8 14
8 141
8 80
8 189
8 114
8 110
8 120
8 121
8 90
8 60
8 186
8 30
8 85
9 196
9 34
9 66
9 139
9 38
9 138
9 11
9 98
9 79
9 178
9 187
9 52
9 149
9 24
9 195
9 111
9 28
9 31
10 195
10 70
10 137
10 75
10 13
10 15
10 144
10 156
10 84
10 85
10 87
10 25
10 92
10 29
10 159
10 32
10 80
10 164
10 168
10 60
10 106
10 179
10 53
10 59
10 124
10 61
10 63
11 194
11 155
11 36
11 133
11 38
11 42
11 195
11 110
11 178
11 19
11 84
11 152
11 185
11 26
11 27
11 124
11 93
11 30
11 127
12 64
12 67
12 73
12 140
12 175
12 15
12 144
12 24
12 100
12 155
12 28
12 157
12 158
12 97
12 35
12 36
12 168
12 173
12 47
12 48
12 123
12 188
12 125
13 129
13 22
13 162
13 88
13 146
13 171
13 85
13 86
13 24
13 26
13 93
13 97
13 34
13 42
13 71
13 189
13 115
13 106
13 118
13 55
13 56
13 125
13 191
14 129
14 131
14 113
14 73
14 82
14 84
14 171
14 22
14 199
14 97
14 98
14 39
14 105
14 43
14 191
14 110
14 136
14 179
14 122
14 59
14 85
15 98
15 132
15 69
15 104
15 44
15 75
15 154
15 144
15 42
15 147
15 86
15 137
15 153
15 122
15 175
15 90
15 169
16 38
16 102
16 167
16 136
16 188
16 119
16 172
16 175
16 40
16 83
16 154
16 87
16 152
16 185
16 26
16 28
16 58
17 96
17 99
17 133
17 136
17 107
17 44
17 174
17 147
17 148
17 117
17 54
17 61
17 197
18 69
18 72
18 77
18 81
18 86
18 87
18 153
18 158
18 165
18 96
18 197
18 100
18 37
18 38
18 106
18 171
18 46
18 47
18 48
18 51
18 120
18 58
18 191
18 166
18 189
18 127
19 64
19 192
19 67
19 68
19 197
19 72
19 140
19 75
19 76
19 99
19 148
19 152
19 26
19 154
19 97
19 98
19 35
19 107
19 108
19 173
19 49
19 182
19 59
19 188
20 133
20 140
20 183
20 76
20 77
20 79
20 147
20 22
20 88
20 25
20 93
20 100
20 101
20 195
20 40
20 41
20 44
20 173
20 181
20 55
20 57
21 192
21 163
21 165
21 193
21 40
21 105
21 151
21 175
21 136
21 55
21 72
21 153
21 157
21 191
22 128
22 145
22 168
22 47
22 49
22 117
22 87
22 120
22 188
22 191
23 163
23 101
23 166
23 103
23 44
23 187
23 108
23 76
23 147
23 117
23 86
23 185
23 59
23 189
23 158
23 195
24 96
24 67
24 136
24 74
24 77
24 80
24 140
24 53
24 120
24 28
24 138
24 95
25 162
25 27
25 37
25 171
25 173
25 175
25 54
25 56
25 90
25 155
25 92
26 192
26 66
26 193
26 73
26 142
26 152
26 50
26 51
26 116
26 182
26 151
26 56
26 122
26 61
26 31
27 128
27 66
27 171
27 80
27 148
27 150
27 87
27 88
27 155
27 92
27 93
27 164
27 107
27 44
27 111
27 179
27 181
27 186
27 61
27 62
28 194
28 177
28 183
28 73
28 42
28 43
28 184
28 114
28 55
28 88
28 180
28 59
28 156
28 106
29 129
29 66
29 101
29 139
29 140
29 177
29 84
29 151
29 152
29 185
29 154
29 155
29 156
29 106
29 31
30 192
30 161
30 155
30 68
30 150
30 199
30 73
30 188
31 100
31 138
31 139
31 141
31 78
31 145
31 179
31 186
31 153
31 56
31 132
31 90
31 124
31 190
32 197
32 132
32 69
32 167
32 104
32 184
32 75
32 140
32 45
32 72
32 117
32 151
32 153
32 57
32 58
32 168
32 154
32 95
33 64
33 161
33 162
33 163
33 100
33 135
33 72
33 105
33 106
33 140
33 77
33 114
33 195
33 137
33 89
33 92
33 158
33 159
34 103
34 74
34 109
34 173
34 144
34 147
34 149
34 87
34 88
34 155
34 102
34 39
34 170
34 43
34 45
34 47
34 177
34 189
34 55
34 138
35 129
35 132
35 113
35 148
35 117
35 86
35 151
35 56
35 152
35 155
35 61
35 94
35 159
36 181
36 131
36 163
36 105
36 95
36 45
36 46
36 111
36 141
36 49
36 83
36 53
36 91
36 130
36 63
37 148
37 139
37 133
37 134
37 103
37 136
37 105
37 74
37 75
37 44
37 111
37 144
37 116
37 86
37 154
37 93
37 159
38 195
38 71
38 136
38 74
38 140
38 80
38 146
38 87
38 90
38 93
38 166
38 82
38 189
38 113
38 181
38 121
38 151
38 125
39 128
39 197
39 146
39 103
39 168
39 105
39 74
39 174
39 77
39 110
39 47
39 48
39 50
39 148
39 54
39 119
39 153
39 186
39 155
40 102
40 199
40 156
40 93
40 114
40 184
40 148
40 122
40 91
40 60
40 61
41 97
41 162
41 99
41 68
41 114
41 74
41 43
41 77
41 174
41 50
41 123
41 52
41 55
41 184
41 186
41 59
41 125
41 191
41 95
42 129
42 130
42 68
42 135
42 105
42 161
42 108
42 46
42 176
42 167
42 122
42 186
42 58
42 93
43 101
43 45
43 125
43 176
43 188
43 148
43 149
43 132
43 79
43 93
43 126
44 198
44 135
44 146
44 156
44 158
44 95
44 108
44 174
44 175
44 112
44 179
44 53
44 186
44 124
44 125
44 190
45 171
45 182
45 199
45 72
45 137
45 170
45 173
45 162
45 143
45 168
45 116
45 154
45 57
45 90
45 125
45 191
46 66
46 67
46 71
46 60
46 74
46 139
46 114
46 93
46 48
46 177
46 116
46 196
46 148
46 92
46 159
47 96
47 162
47 86
47 73
47 50
47 77
47 51
47 178
47 105
47 88
47 59
47 102
47 94
47 197
48 161
48 132
48 100
48 197
48 70
48 72
48 171
48 114
48 173
48 81
48 83
48 142
48 151
48 88
48 120
48 122
48 61
49 193
49 147
49 199
49 72
49 73
49 83
49 150
49 87
49 100
49 186
49 166
49 169
49 173
49 113
49 118
49 55
49 58
49 62
50 144
50 197
50 151
50 108
50 112
50 189
50 179
50 89
50 121
50 79
50 156
50 93
50 169
51 165
51 98
51 130
51 159
51 169
51 75
51 125
51 114
51 111
51 112
51 81
51 122
51 184
51 89
51 166
51 93
51 146
52 67
52 101
52 102
52 170
52 183
52 109
52 143
52 80
52 84
52 117
52 180
52 155
52 158
52 197
53 188
53 102
53 145
53 136
53 73
53 167
53 173
53 113
53 146
53 83
53 178
53 119
53 159
53 166
53 106
53 101
54 132
54 136
54 73
54 77
54 79
54 145
54 152
54 90
54 112
54 60
54 174
54 176
54 115
54 119
54 58
54 123
54 188
54 189
54 126
55 64
55 131
55 70
55 136
55 138
55 98
55 195
55 154
55 91
55 159
55 102
55 175
55 169
55 120
55 185
55 59
56 192
56 144
56 194
56 68
56 135
56 74
56 183
56 80
56 84
56 122
56 170
56 120
56 58
56 185
56 63
57 84
57 145
57 177
57 174
57 113
57 115
57 148
57 181
57 182
57 153
57 126
57 191
58 96
58 130
58 67
58 166
58 113
58 137
58 173
58 109
58 125
58 115
58 120
58 124
58 61
59 166
59 75
59 110
59 79
59 124
59 180
59 150
59 184
59 186
59 157
59 169
60 194
60 195
60 65
60 162
60 110
60 86
60 154
60 155
60 90
60 98
60 91
60 100
60 106
60 174
60 185
60 122
60 189
60 62
60 63
61 80
61 100
61 133
61 103
61 112
61 167
61 172
61 78
61 157
61 174
61 113
61 91
61 95
62 107
62 101
62 70
62 97
62 168
62 161
62 139
62 178
62 188
62 180
62 184
62 71
62 158
63 96
63 69
63 76
63 77
63 141
63 177
63 118
63 100
63 122
63 92
63 182
64 196
64 135
64 173
64 78
64 113
64 115
64 117
64 160
64 188
64 125
64 126
64 149
65 152
65 133
65 198
65 105
65 107
65 174
65 79
65 92
65 113
65 147
65 85
65 137
65 88
65 122
65 125
65 165
66 176
66 98
66 187
66 165
66 74
66 109
66 80
66 114
66 193
66 85
66 87
66 137
66 185
66 94
67 129
67 179
67 195
67 106
67 103
67 173
67 79
67 80
67 152
67 149
67 116
67 92
67 126
68 160
68 129
68 69
68 135
68 108
68 109
68 158
68 111
68 112
68 145
68 179
68 185
68 154
68 143
68 94
69 185
69 103
69 137
69 74
69 178
69 110
69 84
69 153
69 111
69 93
69 158
70 132
70 197
70 134
70 135
70 107
70 108
70 173
70 177
70 196
70 87
70 90
70 154
71 192
71 97
71 199
71 119
71 79
71 144
71 84
71 87
71 90
71 175
71 124
71 154
71 159
72 128
72 198
72 137
72 75
72 79
72 86
72 90
72 91
72 92
72 157
72 94
72 159
72 100
72 166
72 172
72 174
72 113
72 118
72 183
73 131
73 133
73 137
73 158
73 139
73 77
73 81
73 154
73 159
73 97
73 100
73 165
73 145
73 199
73 112
73 115
73 116
73 121
73 188
74 131
74 147
74 145
74 171
74 110
74 115
74 84
74 85
74 135
74 93
75 96
75 139
75 87
75 93
75 158
75 105
75 107
75 111
75 177
75 178
75 116
75 122
76 116
76 83
76 163
76 179
76 103
76 104
76 168
76 107
76 110
76 180
76 136
76 153
76 121
76 155
76 183
77 194
77 78
77 79
77 144
77 81
77 99
77 109
77 110
77 111
77 119
77 84
78 164
78 101
78 134
78 79
78 189
78 148
78 184
78 191
78 156
78 94
79 138
79 146
79 131
79 149
79 153
79 95
79 98
79 103
79 111
79 113
79 186
79 190
79 191
80 128
80 97
80 134
80 108
80 111
80 131
80 181
80 84
80 124
80 88
81 187
81 132
81 133
81 146
81 104
81 83
81 141
81 115
81 190
81 137
81 176
81 89
81 123
81 169
82 198
82 165
82 123
82 196
82 137
82 143
82 147
82 119
82 184
82 155
82 166
82 190
82 127
83 192
83 134
83 141
83 142
83 146
83 100
83 155
83 158
83 98
83 165
83 103
83 104
83 110
83 179
83 180
83 184
83 187
83 125
84 131
84 196
84 147
84 148
84 142
84 91
84 93
84 162
84 163
84 103
84 177
84 114
84 179
84 127
84 85
85 147
85 198
85 193
85 105
85 107
85 115
85 142
85 153
85 116
85 169
85 126
86 96
86 175
86 167
86 105
86 106
86 183
86 108
86 142
86 131
86 116
86 181
86 150
87 192
87 195
87 152
87 161
87 99
87 165
87 106
87 111
87 112
87 114
87 181
87 182
87 119
87 183
88 171
88 164
88 101
88 137
88 107
88 136
88 176
88 165
89 192
89 131
89 132
89 161
89 136
89 144
89 163
89 171
89 91
89 158
89 160
89 98
89 99
89 165
89 177
89 170
89 107
89 113
89 183
89 186
89 126
90 191
90 99
90 113
90 145
90 197
90 140
90 164
90 169
90 127
90 102
91 97
91 197
91 102
91 170
91 174
91 112
91 131
91 190
91 186
91 104
92 130
92 194
92 195
92 129
92 135
92 141
92 136
92 116
92 181
93 161
93 147
93 144
93 105
93 114
93 175
93 112
93 113
93 120
93 102
94 99
94 172
94 111
94 119
94 120
94 156
94 125
94 158
95 130
95 106
95 107
95 98
95 108
95 115
95 116
95 182
95 120
96 178
96 109
96 111
96 144
96 181
96 185
96 157
97 194
97 168
97 175
97 181
97 184
97 169
97 122
97 188
98 133
98 138
98 145
98 142
98 158
98 162
98 101
98 168
98 188
98 116
98 181
98 125
99 195
99 143
99 147
99 154
99 155
99 157
99 159
99 161
99 162
99 101
99 105
99 172
99 114
99 115
99 184
100 197
100 129
100 110
100 174
100 104
101 139
101 108
101 111
101 113
101 179
101 182
102 195
102 186
102 168
102 122
102 145
102 184
102 116
102 185
103 161
103 157
103 189
103 150
103 152
103 121
103 187
104 130
104 198
104 167
104 194
104 117
104 150
104 119
104 157
105 131
105 194
105 193
105 155
105 159
105 110
105 118
105 120
105 124
106 132
106 134
106 173
106 146
106 131
106 168
106 171
106 172
106 112
106 180
106 182
106 123
106 124
107 141
107 146
107 147
107 155
107 158
107 162
107 167
107 108
107 111
107 176
107 123
108 142
108 148
108 155
108 161
108 171
108 173
108 110
108 120
108 123
109 160
109 185
109 165
109 134
109 138
109 171
109 112
109 189
109 147
109 196
109 119
109 180
109 122
109 158
110 194
110 141
110 142
110 153
110 160
110 166
110 175
110 136
110 114
110 180
110 181
110 124
110 191
111 141
111 153
111 197
111 164
111 167
111 170
111 186
112 195
112 199
112 149
112 185
112 171
112 178
112 117
112 121
112 189
112 190
113 195
113 132
113 133
113 198
113 169
113 114
113 124
114 128
114 140
114 165
114 189
114 185
114 123
114 125
115 181
115 160
115 157
115 144
115 137
115 153
115 123
115 124
115 125
116 194
116 196
116 134
116 138
116 149
116 167
116 179
116 182
116 137
116 126
117 197
117 198
117 144
117 172
117 141
117 191
118 192
118 131
118 164
118 138
118 140
118 173
118 178
118 184
118 154
118 159
118 124
119 160
119 132
119 170
119 177
119 199
120 192
120 130
120 197
120 136
120 172
120 138
120 141
120 162
120 167
120 171
120 188
120 189
121 136
121 130
121 144
121 153
121 156
121 157
121 168
121 169
121 176
121 137
121 184
121 186
121 188
121 126
122 195
122 161
122 193
122 155
122 174
122 168
122 186
122 187
122 125
122 190
123 155
123 166
123 178
123 149
123 183
123 143
123 124
123 199
123 159
124 146
124 193
124 159
124 171
124 176
124 169
125 183
125 142
125 173
125 186
125 199
125 169
125 188
126 197
126 149
126 137
126 171
126 169
126 156
126 150
126 133
127 161
127 170
127 147
127 184
127 155
127 156
127 157
127 191
128 133
128 190
128 149
128 153
128 188
128 157
128 158
129 179
129 188
129 170
129 177
129 152
129 187
130 131
130 165
130 195
130 177
130 169
130 141
130 176
130 152
130 168
131 132
131 162
131 167
131 171
131 148
131 138
132 163
132 171
132 150
132 158
132 162
132 165
132 169
132 191
133 139
133 192
133 179
134 198
134 144
134 162
134 168
134 195
134 172
134 141
134 142
134 150
134 181
134 165
135 167
135 171
135 149
135 183
135 187
136 194
136 178
136 146
137 161
137 187
137 197
138 198
138 177
138 170
138 151
138 184
139 165
139 194
139 172
139 141
139 184
140 182
140 189
140 185
141 181
141 145
141 187
141 155
141 153
142 192
142 198
142 177
142 178
142 184
143 189
143 199
143 170
143 173
144 149
144 153
144 159
144 161
144 169
144 177
145 194
145 146
145 179
145 148
145 184
145 170
146 187
146 166
146 152
146 168
146 159
147 198
147 153
147 155
147 167
147 170
147 179
147 180
147 181
147 190
148 199
148 153
148 163
148 170
148 172
148 176
148 186
149 192
149 163
149 170
150 177
150 179
150 185
150 186
150 189
150 166
151 162
151 154
152 169
152 192
152 181
152 160
153 176
153 183
153 184
153 186
153 191
154 194
154 157
154 161
154 170
154 199
155 156
155 191
156 163
156 188
156 195
157 194
157 187
157 170
157 199
157 159
158 173
158 196
158 167
158 188
159 198
159 162
159 186
159 190
160 161
160 194
160 176
160 180
160 186
160 191
161 192
161 165
161 169
161 171
161 174
161 177
162 177
162 190
163 164
163 169
164 192
164 196
164 178
164 183
164 188
164 191
165 196
165 182
165 195
166 181
166 180
167 198
167 173
168 170
169 197
169 188
170 194
170 180
171 195
171 183
172 173
172 180
173 180
174 175
174 176
174 190
175 196
175 177
175 179
176 192
176 195
176 177
176 190
177 195
177 194
177 187
178 199
178 179
178 183
178 186
179 198
179 195
180 195
180 199
181 189
183 184
183 195
183 185
184 189
187 193
187 188
188 194
188 189
189 197
191 199
193 194
194 195
195 198
