0 160
0 193
0 2
0 67
0 164
0 101
0 6
0 105
0 170
0 46
0 48
0 174
0 23
0 56
0 60
0 94
0 198
1 32
1 97
1 98
1 35
1 68
1 5
1 134
1 103
1 105
1 106
1 142
1 174
1 118
1 120
1 57
1 188
2 97
2 115
2 38
2 103
2 40
2 138
2 139
2 48
2 113
2 51
2 154
2 157
2 30
2 144
3 116
3 148
3 4
3 133
3 103
3 129
3 137
3 45
3 46
3 173
3 136
3 83
3 20
3 30
3 55
3 36
3 187
3 60
3 61
3 62
3 63
4 129
4 5
4 81
4 9
4 10
4 75
4 77
4 143
4 16
4 145
4 147
4 90
4 156
4 154
4 158
4 133
4 39
4 44
4 174
4 108
4 54
4 137
4 121
4 188
5 192
5 198
5 51
5 104
5 137
5 107
5 143
5 45
5 13
5 112
5 145
5 18
5 19
5 126
5 173
5 196
5 15
5 190
5 94
6 176
6 130
6 68
6 198
6 81
6 104
6 170
6 103
6 44
6 162
6 80
6 17
6 114
6 83
6 150
6 151
6 153
6 59
6 62
7 133
7 72
7 9
7 138
7 76
7 13
7 15
7 81
7 18
7 83
7 20
7 137
7 89
7 92
7 159
7 36
7 101
7 17
7 44
7 175
7 112
7 113
7 53
7 73
7 191
7 124
7 62
7 181
8 193
8 69
8 71
8 9
8 78
8 79
8 146
8 149
8 22
8 88
8 154
8 32
8 33
8 36
8 39
8 168
8 167
8 178
8 115
8 125
8 190
8 191
9 35
9 37
9 105
9 39
9 142
9 124
9 16
9 115
9 18
9 83
9 86
9 137
9 56
9 25
9 186
9 92
9 30
9 63
10 149
10 130
10 118
10 178
10 138
10 146
10 14
10 157
10 114
10 115
10 84
10 21
10 22
10 24
10 25
10 122
10 123
10 29
10 94
10 53
11 144
11 66
11 86
11 70
11 136
11 73
11 74
11 172
11 109
11 112
11 113
11 82
11 148
11 22
11 56
11 121
11 58
11 189
11 190
12 98
12 100
12 37
12 102
12 168
12 130
12 51
12 185
12 30
12 183
12 25
12 122
12 126
12 63
13 147
13 104
13 105
13 43
13 173
13 178
13 115
13 116
13 55
13 59
13 126
13 133
14 193
14 130
14 195
14 133
14 72
14 73
14 77
14 15
14 81
14 82
14 159
14 32
14 101
14 168
14 170
14 173
14 189
14 40
14 178
14 182
14 55
14 120
14 31
14 125
14 62
14 191
15 192
15 65
15 196
15 21
15 86
15 22
15 28
15 50
15 40
15 169
15 44
15 173
15 49
15 114
15 179
15 181
15 57
15 58
15 187
15 188
16 67
16 72
16 143
16 79
16 146
16 83
16 84
16 149
16 150
16 90
16 155
16 31
16 96
16 100
16 102
16 166
16 42
16 114
16 124
16 189
17 161
17 67
17 100
17 69
17 138
17 199
17 108
17 79
17 180
17 49
17 20
17 54
17 120
17 89
17 186
17 187
17 124
17 189
17 190
18 162
18 121
18 132
18 107
18 135
18 111
18 113
18 82
18 84
18 124
18 23
18 24
18 89
18 58
18 28
18 167
18 158
18 63
19 162
19 164
19 38
19 199
19 73
19 45
19 180
19 21
19 118
19 23
19 26
19 187
19 156
19 154
19 166
20 96
20 130
20 44
20 171
20 140
20 114
20 124
20 125
20 191
21 198
21 196
21 134
21 137
21 144
21 146
21 23
21 24
21 154
21 159
21 161
21 101
21 104
21 169
21 43
21 109
21 175
21 52
21 122
22 132
22 198
22 73
22 140
22 78
22 145
22 149
22 88
22 154
22 38
22 166
22 39
22 41
22 103
22 109
22 186
22 60
22 125
22 126
22 191
23 65
23 194
23 131
23 79
23 145
23 148
23 186
23 167
23 171
23 112
23 51
23 52
23 55
23 120
23 84
23 58
23 123
23 124
24 64
24 65
24 73
24 140
24 150
24 88
24 158
24 33
24 35
24 102
24 171
24 113
24 128
24 180
24 53
24 182
24 184
24 122
24 60
25 64
25 129
25 68
25 73
25 139
25 142
25 45
25 186
25 143
25 92
25 157
25 159
25 164
25 168
25 109
25 93
25 181
25 121
25 58
25 188
25 190
25 126
26 128
26 165
26 130
26 101
26 113
26 40
26 103
26 44
26 142
26 111
26 49
26 148
26 149
26 72
26 58
26 27
26 199
26 133
27 171
27 198
27 167
27 168
27 74
27 139
27 76
27 45
27 47
27 49
27 117
27 118
27 153
27 188
28 133
28 187
28 132
28 37
28 102
28 71
28 84
28 181
28 87
28 152
28 153
28 154
28 123
28 188
28 61
28 101
29 99
29 68
29 37
29 38
29 40
29 127
29 76
29 110
29 170
29 180
29 148
29 142
29 134
29 164
29 122
29 31
29 138
29 30
29 95
30 74
30 139
30 149
30 185
30 152
30 89
30 154
30 93
30 158
30 34
30 101
30 102
30 167
30 172
30 173
30 46
30 176
30 49
30 178
30 179
30 57
30 138
30 62
31 161
31 98
31 164
31 168
31 40
31 60
31 199
31 109
31 47
31 157
31 52
31 86
31 152
31 57
31 111
31 92
31 126
31 63
32 162
32 195
32 132
32 102
32 167
32 72
32 106
32 172
32 47
32 50
32 181
32 118
32 57
32 124
33 99
33 164
33 198
33 103
33 105
33 109
33 78
33 152
33 195
33 180
33 181
33 151
33 190
33 127
34 64
34 129
34 66
34 171
34 101
34 169
34 43
34 194
34 144
34 146
34 56
34 187
34 95
35 128
35 130
35 72
35 74
35 76
35 144
35 145
35 83
35 185
35 101
35 103
35 41
35 167
35 45
35 46
35 147
35 120
35 88
35 125
36 160
36 194
36 132
36 39
36 156
36 187
36 110
36 190
36 180
36 85
36 119
36 58
36 123
36 92
36 126
37 98
37 199
37 41
37 183
37 108
37 114
37 82
37 185
38 193
38 195
38 196
38 70
38 142
38 84
38 90
38 91
38 92
38 96
38 161
38 101
38 102
38 41
38 44
38 175
38 114
38 179
38 55
38 121
38 124
39 129
39 67
39 68
39 69
39 199
39 183
39 76
39 142
39 144
39 84
39 121
39 137
39 47
39 86
39 158
39 99
39 166
39 168
39 178
39 174
39 111
39 49
39 91
39 117
39 118
39 73
39 72
39 57
39 126
40 69
40 70
40 138
40 139
40 81
40 164
40 182
40 159
40 162
40 187
40 100
40 168
40 181
40 118
40 183
40 188
40 117
41 66
41 168
41 182
41 47
41 50
41 89
41 121
41 122
41 175
41 70
41 154
41 94
41 165
42 96
42 161
42 115
42 68
42 163
42 198
42 71
42 168
42 172
42 183
42 44
42 82
42 83
42 180
42 53
42 55
42 189
42 62
42 127
43 130
43 178
43 136
43 188
43 107
43 66
43 144
43 56
43 82
43 120
43 58
43 60
43 85
44 192
44 76
44 141
44 142
44 153
44 71
44 143
44 164
44 171
44 180
44 53
44 184
44 57
44 122
44 106
44 62
45 130
45 135
45 142
45 81
45 146
45 174
45 87
45 69
45 159
45 197
45 187
45 163
45 95
45 46
45 184
45 123
46 161
46 98
46 68
46 199
46 73
46 78
46 111
46 112
46 115
46 146
46 142
46 183
46 152
47 65
47 130
47 70
47 71
47 141
47 143
47 149
47 164
47 155
47 176
47 100
47 104
47 48
47 118
47 184
47 58
47 188
47 127
48 192
48 182
48 134
48 168
48 74
48 107
48 108
48 141
48 111
48 49
48 150
48 183
48 56
48 153
48 90
48 58
49 64
49 179
49 133
49 199
49 138
49 139
49 144
49 145
49 89
49 79
49 93
49 168
49 105
49 50
49 51
49 180
49 158
49 183
49 124
49 127
50 187
50 133
50 103
50 72
50 167
50 109
50 112
50 114
50 188
50 119
50 58
50 59
50 156
50 125
51 65
51 73
51 130
51 147
51 53
51 184
51 90
51 91
51 197
52 160
52 167
52 172
52 170
52 119
52 108
52 142
52 81
52 146
52 147
52 86
52 152
52 93
53 192
53 194
53 131
53 134
53 74
53 140
53 77
53 81
53 86
53 151
53 156
53 95
53 162
53 108
53 183
53 120
53 106
54 97
54 130
54 91
54 70
54 129
54 93
54 114
54 182
54 164
54 123
54 61
55 65
55 133
55 134
55 71
55 72
55 79
55 144
55 81
55 147
55 87
55 154
55 169
55 172
55 136
55 120
55 57
55 127
56 160
56 100
56 198
56 102
56 82
56 179
56 118
56 90
56 92
56 186
56 158
57 64
57 68
57 128
57 78
57 80
57 148
57 149
57 86
57 91
57 92
57 161
57 98
57 166
57 110
57 175
57 182
57 122
57 60
57 61
58 192
58 71
58 74
58 76
58 77
58 86
58 176
58 164
58 175
58 166
58 169
58 112
58 114
58 125
58 62
59 65
59 68
59 69
59 97
59 106
59 135
59 114
59 142
59 147
59 148
59 86
59 122
59 93
59 127
60 160
60 194
60 168
60 108
60 106
60 76
60 142
60 144
60 113
60 140
60 83
60 158
60 169
60 62
61 64
61 128
61 99
61 132
61 150
61 71
61 72
61 103
61 135
61 177
61 196
61 152
61 179
61 160
61 191
62 128
62 66
62 132
62 70
62 168
62 135
62 157
62 117
62 120
62 121
62 154
62 133
63 132
63 165
63 199
63 141
63 143
63 147
63 180
63 169
63 164
63 186
63 191
63 109
63 126
64 149
64 180
64 135
64 72
64 73
64 75
64 98
64 93
64 80
64 121
64 85
64 150
64 104
64 95
65 192
65 66
65 179
65 135
65 103
65 138
65 150
65 188
65 157
65 126
66 132
66 130
66 71
66 72
66 138
66 109
66 129
66 176
66 136
66 114
66 170
66 169
66 167
66 157
66 126
67 132
67 165
67 113
67 105
67 74
67 79
67 157
67 119
67 120
67 121
67 154
67 92
67 125
68 192
68 171
68 132
68 167
68 80
68 176
68 122
68 191
69 129
69 132
69 198
69 75
69 142
69 163
69 148
69 93
69 99
69 169
69 106
69 147
69 117
69 185
69 124
69 126
70 160
70 99
70 165
70 109
70 195
70 84
70 121
70 143
70 93
71 188
71 100
71 172
71 77
71 136
71 115
71 149
72 131
72 140
72 147
72 195
72 106
72 167
72 174
72 113
72 179
72 124
72 170
72 191
73 139
73 147
73 136
73 137
73 77
73 143
73 81
73 149
73 154
73 156
73 169
73 108
73 112
73 119
73 88
74 128
74 196
74 141
74 78
74 86
74 92
74 100
74 106
74 108
74 191
74 110
74 176
74 182
74 187
74 125
74 181
75 192
75 99
75 145
75 177
75 106
75 164
75 113
75 115
75 116
75 120
75 121
75 154
75 126
75 133
76 171
76 193
76 99
76 197
76 168
76 106
76 135
76 117
76 190
77 96
77 97
77 123
77 101
77 166
77 145
77 103
77 108
77 112
77 120
77 146
77 88
77 91
77 157
77 133
78 99
78 164
78 134
78 177
78 136
78 196
78 183
78 184
78 155
78 188
78 189
78 95
79 112
79 162
79 196
79 133
79 166
79 194
79 111
79 147
79 139
79 185
79 179
79 151
79 125
79 191
80 160
80 195
80 136
80 92
80 173
80 143
80 145
80 149
80 150
80 124
80 125
80 190
81 97
81 130
81 194
81 119
81 114
81 148
81 100
81 123
81 153
82 193
82 131
82 143
82 144
82 149
82 94
82 160
82 103
82 168
82 108
82 176
82 180
82 185
82 123
82 124
82 190
82 127
83 97
83 98
83 170
83 107
83 177
83 146
83 116
83 87
83 152
83 183
83 106
83 126
84 129
84 130
84 131
84 132
84 133
84 139
84 85
84 88
84 162
84 166
84 173
84 174
84 184
84 122
84 134
84 191
85 187
85 197
85 173
85 174
85 143
85 147
85 149
85 90
85 175
85 159
86 129
86 130
86 131
86 143
86 195
86 149
86 90
86 185
86 95
86 101
86 116
86 137
86 124
87 113
87 98
87 130
87 191
87 173
87 158
87 109
88 129
88 139
88 142
88 149
88 151
88 89
88 90
88 91
88 154
88 159
88 96
88 100
88 107
88 184
88 189
89 96
89 171
89 114
89 166
89 184
89 108
89 109
89 112
89 183
89 154
89 140
89 186
89 127
90 150
90 113
90 104
90 106
90 114
90 180
90 100
90 179
90 123
90 186
90 95
91 129
91 98
91 102
91 161
91 193
91 183
91 110
91 113
91 180
91 142
91 150
91 134
91 181
92 132
92 102
92 136
92 197
92 162
92 174
92 113
92 117
92 134
93 162
93 99
93 114
93 115
93 190
93 134
93 179
93 159
94 197
94 99
94 132
94 146
94 137
94 183
94 141
94 175
94 117
94 125
94 166
95 144
95 150
95 135
95 138
95 107
95 111
95 112
95 173
95 167
95 115
95 119
95 175
96 102
96 141
96 113
96 114
96 181
96 170
97 131
97 147
97 103
98 103
98 140
98 151
98 113
98 118
98 199
98 101
99 129
99 131
99 144
99 153
99 100
99 134
99 166
99 107
99 173
99 114
99 116
99 190
99 186
99 126
100 144
100 194
100 133
100 145
100 136
100 153
100 191
100 186
100 127
101 193
101 148
101 153
101 165
101 170
101 171
101 176
101 181
101 184
101 188
102 165
102 135
102 160
102 158
102 121
103 128
103 195
103 155
103 199
103 130
103 134
103 178
103 107
103 114
103 184
103 124
104 130
104 155
104 132
104 194
104 137
104 109
104 152
104 196
104 122
104 188
104 127
105 163
105 198
105 144
105 177
105 189
105 115
105 147
105 185
105 188
105 157
106 130
106 131
106 145
106 148
106 151
106 169
106 170
106 115
106 118
106 186
107 128
107 184
107 191
107 110
107 111
107 179
107 148
107 185
107 163
107 123
108 192
108 195
108 132
108 140
108 146
108 157
108 165
108 163
108 169
108 178
108 186
108 189
109 198
109 131
109 150
109 193
109 180
109 155
109 197
109 126
110 128
110 147
110 162
110 131
110 165
111 179
111 188
111 115
111 142
111 127
111 135
111 157
112 192
112 130
112 134
112 136
112 146
112 147
112 152
112 154
112 197
112 199
112 120
112 185
113 149
113 150
113 173
113 174
113 115
113 117
113 183
113 127
114 138
114 141
114 155
114 167
114 116
114 117
114 124
114 125
114 127
115 133
115 138
115 144
115 166
115 172
115 176
115 180
115 169
115 188
116 147
116 163
116 198
116 175
116 180
116 149
116 196
116 122
117 136
117 190
117 141
117 173
117 156
117 157
117 158
117 197
117 160
117 161
117 178
117 182
117 123
117 126
118 129
118 167
118 173
118 168
118 145
118 151
118 153
119 193
119 164
119 131
119 153
119 121
119 187
119 158
120 136
120 140
120 146
120 152
120 155
120 158
120 161
120 164
120 174
120 189
120 125
120 181
121 128
121 129
121 149
121 150
121 158
121 199
121 178
121 125
122 123
122 134
122 171
122 157
122 131
122 170
122 126
122 191
123 131
123 196
123 133
123 134
123 145
123 171
123 197
123 191
123 174
123 182
123 187
123 149
124 178
124 196
124 159
124 164
124 173
124 176
124 148
124 191
125 133
125 167
125 139
125 138
126 134
126 129
126 143
126 160
126 147
126 185
126 159
127 134
127 161
127 136
127 143
127 153
127 167
127 169
127 171
127 174
128 193
128 195
128 197
128 135
128 142
128 174
128 167
128 166
128 178
128 180
128 188
128 149
129 198
129 136
129 137
129 145
129 146
129 131
129 153
129 164
129 180
129 183
129 189
130 131
130 197
130 146
130 163
130 175
130 161
130 164
131 187
131 145
131 153
131 172
131 180
131 184
131 189
131 190
132 193
132 135
132 173
132 178
132 190
133 167
133 170
133 199
133 181
134 199
134 183
134 146
134 155
134 161
135 165
135 143
135 159
135 177
135 179
135 170
136 139
136 156
136 165
136 174
136 148
136 183
137 162
137 197
137 182
137 165
138 193
138 187
138 147
138 161
138 140
138 155
138 188
139 195
139 196
139 199
139 146
139 150
139 152
139 162
139 163
139 166
139 171
139 173
139 189
139 179
140 194
140 147
140 149
140 150
140 151
140 163
140 164
140 167
140 175
140 179
140 182
141 193
141 178
141 168
141 172
141 171
141 146
141 189
141 179
141 175
141 170
142 173
142 144
142 150
142 151
142 187
143 146
143 151
143 162
143 172
143 190
143 186
144 153
144 157
145 192
145 194
145 196
145 174
145 149
146 147
146 148
146 152
146 170
146 158
147 170
147 182
147 186
148 160
148 164
148 186
148 155
148 171
149 155
149 157
149 160
149 180
149 170
149 173
149 191
150 195
150 193
150 173
150 199
150 178
150 189
151 163
151 196
151 168
151 153
152 161
152 173
153 172
153 182
153 187
153 154
153 189
154 192
154 193
155 160
155 198
155 166
155 169
155 189
156 161
156 163
156 172
156 183
156 191
157 181
157 158
157 172
157 187
157 195
158 183
158 160
158 164
158 169
158 173
158 189
159 177
159 187
160 190
162 194
162 165
162 182
163 168
163 173
163 191
164 199
164 184
164 178
165 194
165 169
166 186
166 178
166 167
167 192
167 195
167 193
167 197
167 181
168 171
168 180
168 190
168 185
169 194
169 196
169 199
169 173
169 176
169 189
170 197
170 173
170 180
170 187
170 190
171 198
171 173
171 195
172 193
172 179
172 191
173 181
173 175
173 184
174 191
174 181
176 188
176 192
176 178
177 192
177 189
177 198
178 186
178 187
178 190
179 194
181 197
181 188
182 190
182 191
183 187
185 191
186 198
188 197
189 195
190 192
191 197
191 196
192 194
193 194
197 199
