0 3
0 101
0 70
0 137
0 46
0 14
0 51
0 20
0 21
0 169
0 88
0 139
0 61
1 192
1 195
1 70
1 136
1 75
1 80
1 82
1 83
1 150
1 87
1 26
1 154
1 158
1 48
1 34
1 104
1 169
1 108
1 191
1 47
1 112
1 54
1 186
1 63
1 127
2 96
2 130
2 131
2 4
2 102
2 103
2 8
2 138
2 162
2 189
2 184
2 50
2 52
2 182
2 24
2 121
2 191
2 188
2 157
2 63
3 192
3 130
3 67
3 36
3 101
3 134
3 167
3 42
3 76
3 80
3 178
3 99
3 84
3 131
3 23
3 152
3 68
3 187
3 170
3 195
4 129
4 68
4 22
4 198
4 9
4 10
4 194
4 78
4 16
4 146
4 19
4 86
4 24
4 157
4 96
4 161
4 166
4 106
4 42
4 53
4 120
4 61
4 126
5 100
5 34
5 195
5 36
5 118
5 135
5 136
5 177
5 74
5 171
5 46
5 48
5 17
5 158
5 149
5 54
5 150
5 56
5 89
5 183
5 94
6 133
6 130
6 131
6 38
6 70
6 145
6 10
6 45
6 79
6 179
6 49
6 178
6 19
6 117
6 88
6 26
6 191
6 124
6 29
6 190
6 127
7 32
7 160
7 131
7 197
7 136
7 105
7 138
7 107
7 113
7 118
7 119
7 186
7 156
8 193
8 12
8 143
8 81
8 84
8 22
8 24
8 154
8 158
8 31
8 160
8 161
8 164
8 40
8 171
8 46
8 112
8 30
8 88
8 58
8 123
9 65
9 199
9 105
9 76
9 46
9 116
9 54
9 56
9 132
9 59
9 28
9 94
9 63
10 128
10 33
10 162
10 103
10 189
10 169
10 140
10 45
10 79
10 17
10 18
10 85
10 54
10 119
10 24
10 164
10 91
10 60
10 157
11 64
11 98
11 167
11 194
11 42
11 44
11 130
11 110
11 176
11 17
11 115
11 142
11 27
11 156
11 93
11 94
11 127
12 161
12 66
12 134
12 142
12 138
12 194
12 110
12 175
12 176
12 82
12 147
12 52
12 53
12 150
12 24
12 57
12 127
12 29
12 30
12 31
13 64
13 98
13 197
13 166
13 106
13 139
13 194
13 15
13 55
13 25
13 122
13 91
13 26
13 127
14 65
14 69
14 135
14 187
14 75
14 78
14 144
14 20
14 87
14 90
14 94
14 31
14 33
14 98
14 59
14 104
14 197
14 177
14 181
14 148
14 123
14 189
14 62
15 64
15 67
15 133
15 71
15 73
15 142
15 143
15 148
15 87
15 160
15 100
15 101
15 169
15 172
15 174
15 189
15 52
15 54
15 119
15 185
15 59
15 125
16 64
16 51
16 191
16 164
16 104
16 73
16 43
16 172
16 126
16 78
16 111
16 17
16 83
16 53
16 137
16 68
16 91
16 156
16 30
16 117
17 192
17 160
17 194
17 195
17 70
17 138
17 85
17 28
17 29
17 94
17 95
17 96
17 144
17 98
17 163
17 37
17 177
17 40
17 42
17 189
17 112
17 49
17 121
18 32
18 96
18 35
18 132
18 167
18 107
18 192
18 112
18 24
18 87
18 56
18 88
18 187
18 42
19 160
19 97
19 98
19 167
19 188
19 146
19 114
19 189
19 50
19 51
19 148
19 85
19 24
19 196
19 28
19 125
19 62
19 127
20 51
20 133
20 181
20 104
20 169
20 74
20 43
20 175
20 152
20 83
20 52
20 110
20 185
20 56
20 25
20 122
20 106
20 62
20 117
21 32
21 37
21 134
21 97
21 104
21 96
21 128
21 135
21 44
21 109
21 174
21 108
21 118
21 41
21 184
21 90
21 94
21 63
22 192
22 67
22 132
22 133
22 199
22 84
22 26
22 91
22 69
22 27
22 36
22 172
22 176
22 178
22 181
22 54
22 119
22 184
22 31
22 189
22 53
23 68
23 69
23 134
23 72
23 137
23 75
23 76
23 178
23 110
23 174
23 140
23 131
23 116
23 78
23 153
23 36
23 125
23 117
24 192
24 130
24 140
24 144
24 145
24 148
24 158
24 95
24 32
24 34
24 163
24 40
24 106
24 168
24 120
24 58
24 124
24 190
25 128
25 98
25 35
25 101
25 166
25 39
25 29
25 176
25 114
25 147
25 53
25 54
25 59
25 61
25 191
26 128
26 199
26 30
26 79
26 146
26 83
26 27
26 94
26 165
26 35
26 134
26 167
26 171
26 180
26 53
26 54
26 55
26 163
26 117
27 129
27 66
27 35
27 36
27 165
27 134
27 174
27 175
27 67
27 153
27 197
27 121
27 123
27 154
27 158
27 195
28 98
28 136
28 139
28 191
28 168
28 144
28 178
28 88
28 59
28 127
29 160
29 33
29 100
29 81
29 73
29 138
29 135
29 80
29 147
29 126
29 118
29 120
29 57
29 154
29 60
29 192
29 94
30 33
30 194
30 35
30 146
30 193
30 42
30 44
30 109
30 49
30 140
30 179
30 53
30 137
30 117
31 128
31 76
31 141
31 108
31 178
31 115
31 180
31 169
31 56
31 91
31 125
32 195
32 132
32 72
32 138
32 141
32 143
32 83
32 152
32 155
32 157
32 33
32 36
32 106
32 199
32 111
32 60
32 190
32 127
33 65
33 130
33 196
33 197
33 135
33 194
33 84
33 154
33 95
33 163
33 124
33 193
33 174
33 176
33 58
33 188
33 189
33 190
34 96
34 134
34 158
34 160
34 174
34 141
34 110
34 61
34 114
34 126
34 57
34 90
34 59
34 92
34 58
34 94
35 112
35 150
35 38
35 199
35 171
35 143
35 146
35 111
35 48
35 115
35 84
35 86
35 152
35 90
36 96
36 194
36 70
36 199
36 73
36 82
36 152
36 86
36 157
36 98
36 45
36 93
36 55
36 186
36 63
36 191
37 131
37 160
37 99
37 100
37 155
37 81
37 105
37 42
37 107
37 141
37 163
37 83
37 84
37 87
37 184
37 154
37 123
38 162
38 158
38 72
38 121
38 187
38 159
38 61
38 78
38 95
39 65
39 98
39 131
39 164
39 167
39 171
39 139
39 145
39 115
39 53
39 132
39 122
40 187
40 69
40 72
40 170
40 109
40 101
40 46
40 82
40 115
40 174
40 56
40 88
40 57
40 58
40 184
40 92
40 118
40 95
41 194
41 132
41 70
41 102
41 168
41 105
41 108
41 77
41 111
41 112
41 188
41 117
41 182
41 85
42 192
42 197
42 161
42 75
42 145
42 150
42 151
42 132
42 156
42 101
42 80
42 98
42 111
42 112
42 49
42 50
42 179
42 53
42 59
42 190
42 181
43 80
43 194
43 131
43 198
43 199
43 108
43 139
43 172
43 45
43 46
43 177
44 195
44 164
44 74
44 146
44 142
44 141
44 82
44 148
44 186
44 120
44 154
44 106
44 159
45 193
45 162
45 139
45 136
45 137
45 75
45 174
45 112
45 180
45 131
45 116
45 88
45 84
45 58
45 123
45 157
45 166
46 98
46 168
46 75
46 142
46 144
46 49
46 178
46 53
46 120
46 58
46 123
46 182
46 95
47 192
47 161
47 73
47 106
47 107
47 146
47 78
47 48
47 113
47 82
47 186
47 58
47 188
47 93
48 197
48 97
48 136
48 167
48 111
48 79
48 176
48 82
48 195
48 52
48 62
48 150
48 180
48 61
48 94
48 63
49 198
49 65
49 135
49 137
49 140
49 80
49 145
49 89
49 90
49 186
49 165
49 111
49 176
49 115
49 117
49 57
49 58
49 181
50 68
50 130
50 104
50 66
50 77
50 178
50 100
50 90
50 91
50 157
50 62
51 98
51 115
51 198
51 130
51 167
51 188
51 77
51 110
51 181
51 118
51 151
51 185
51 60
51 157
52 192
52 80
52 155
52 165
52 72
52 137
52 138
52 143
52 145
52 172
52 56
52 186
52 156
53 70
53 196
53 88
53 153
53 91
53 156
53 163
53 164
53 105
53 111
53 189
53 170
53 123
53 61
53 191
54 132
54 161
54 146
54 86
54 197
54 160
54 97
54 165
54 102
54 82
54 174
54 183
54 56
54 127
55 97
55 180
55 169
55 138
55 139
55 157
55 80
55 113
55 58
55 116
55 122
55 182
55 176
55 121
55 59
55 61
55 62
56 160
56 98
56 108
56 146
56 157
56 87
56 58
56 101
56 61
56 126
57 165
57 70
57 167
57 106
57 61
57 176
57 146
57 83
57 181
57 87
57 156
57 138
58 192
58 194
58 67
58 141
58 143
58 81
58 146
58 160
58 101
58 102
58 171
58 115
58 88
58 186
58 124
58 125
58 166
59 64
59 76
59 98
59 143
59 145
59 85
59 155
59 161
59 171
59 109
59 111
59 116
59 60
59 126
60 65
60 194
60 100
60 167
60 139
60 192
60 173
60 176
60 117
60 164
61 112
61 195
61 145
61 132
61 77
61 141
61 81
61 120
61 91
61 94
61 63
62 129
62 99
62 71
62 104
62 107
62 109
62 175
62 142
62 122
62 75
62 127
63 128
63 163
63 166
63 103
63 72
63 193
63 107
63 190
63 81
63 176
63 91
63 158
63 159
64 140
64 74
64 76
64 144
64 150
64 88
64 90
64 93
64 161
64 162
64 166
64 103
64 105
64 117
64 182
64 137
64 124
65 67
65 179
65 198
65 73
65 80
65 142
65 93
65 160
65 164
65 101
65 166
65 115
65 182
65 185
65 187
65 189
66 147
66 149
66 190
66 94
66 174
67 160
67 70
67 103
67 75
67 135
67 81
67 83
67 190
67 120
67 121
67 124
67 186
67 158
67 95
68 99
68 166
68 177
68 168
68 106
68 142
68 113
68 123
68 190
69 194
69 136
69 73
69 120
69 163
69 148
69 152
69 99
69 164
69 166
69 103
69 115
69 180
69 121
69 184
69 84
69 122
69 123
70 144
70 139
70 109
70 143
70 80
70 116
70 155
70 159
71 139
71 197
71 177
71 136
71 106
71 171
71 88
71 146
71 120
71 89
71 90
71 189
72 130
72 183
72 77
72 145
72 149
72 88
72 116
72 93
73 195
73 93
73 110
73 177
73 149
73 183
73 122
73 91
73 95
74 160
74 130
74 119
74 88
74 92
74 187
74 127
75 130
75 164
75 198
75 166
75 135
75 136
75 105
75 107
75 176
75 194
75 155
75 119
76 100
76 102
76 177
76 180
76 195
76 175
76 112
76 83
76 155
76 85
76 124
76 132
76 122
76 91
76 92
77 97
77 191
77 195
77 196
77 197
77 170
77 139
77 82
77 194
77 144
77 115
77 119
77 187
77 159
78 169
78 109
78 81
78 178
78 115
78 91
78 156
78 189
78 190
79 129
79 133
79 137
79 148
79 150
79 89
79 155
79 90
79 158
79 165
79 176
79 134
79 170
79 172
79 177
79 121
79 122
79 123
79 124
80 162
80 97
80 165
80 170
80 83
80 85
80 154
80 116
80 90
80 155
80 159
81 129
81 99
81 137
81 113
81 146
81 122
81 182
81 169
81 184
81 101
81 190
82 128
82 162
82 134
82 111
82 177
82 115
82 137
82 90
82 126
83 197
83 198
83 87
83 143
83 151
83 153
83 156
83 154
83 94
83 168
83 105
83 113
83 118
83 126
84 194
84 147
84 165
84 167
84 105
84 170
84 136
84 190
84 119
84 184
84 94
85 162
85 163
85 189
85 146
85 181
85 186
85 122
85 123
85 106
86 161
86 163
86 140
86 109
86 176
86 131
86 153
86 121
86 182
87 192
87 162
87 163
87 97
87 129
87 141
87 117
88 131
88 132
88 141
88 161
88 163
88 166
88 105
88 176
88 125
88 127
89 163
89 169
89 135
89 144
89 149
89 122
89 92
89 93
89 165
90 192
90 139
90 173
90 149
90 143
90 166
90 102
90 109
90 110
90 111
90 113
90 114
90 117
90 182
90 184
91 191
91 163
91 196
91 150
91 167
91 199
91 126
92 108
92 162
92 142
92 114
92 150
92 119
92 155
92 126
93 129
93 138
93 139
93 144
93 153
93 102
93 167
93 174
93 176
93 177
93 120
93 185
93 186
93 187
94 142
94 161
94 164
94 103
94 176
94 173
94 175
94 189
94 115
94 122
94 191
95 96
95 194
95 101
95 104
95 140
95 131
95 116
95 185
95 122
95 126
95 159
96 177
96 168
96 169
96 199
96 142
96 147
96 120
96 100
96 152
96 117
96 186
97 133
97 139
97 140
97 142
97 146
97 176
97 98
97 101
97 102
97 172
97 177
97 178
97 180
97 125
97 191
98 131
98 132
98 162
98 172
98 117
98 126
98 191
99 161
99 106
99 183
99 147
99 182
99 151
99 122
99 124
99 189
100 193
100 163
100 134
100 168
100 170
100 198
100 179
100 180
100 154
101 194
101 196
101 133
101 161
101 128
101 155
101 186
101 160
101 162
101 164
101 166
101 188
101 125
102 198
102 138
102 111
102 151
102 153
102 122
103 160
103 199
103 173
103 195
103 183
103 152
103 185
103 124
103 157
104 164
104 197
104 105
104 119
104 122
104 187
105 139
105 142
105 184
105 146
105 118
105 124
106 130
106 195
106 149
106 112
106 115
106 181
106 183
106 127
106 124
106 189
107 165
107 163
107 146
107 174
107 145
107 173
107 153
107 188
107 189
107 158
108 130
108 142
108 174
108 114
108 180
109 192
109 131
109 168
109 178
109 110
109 174
109 145
109 114
109 120
109 157
110 152
110 165
110 168
110 170
110 145
110 178
110 120
110 169
110 154
110 158
110 127
111 130
111 134
111 145
111 150
111 112
111 113
111 119
111 185
111 122
111 188
112 128
112 179
112 134
112 161
112 115
112 121
112 156
112 193
113 192
113 161
113 155
113 137
113 148
113 184
113 189
113 127
114 165
114 198
114 167
114 146
114 148
114 123
114 126
114 191
115 146
115 155
115 156
115 157
115 165
115 175
115 189
115 191
116 176
116 134
116 159
116 168
116 145
116 150
116 182
117 172
117 130
117 127
118 198
118 129
118 197
118 172
118 158
118 136
118 180
118 182
118 121
118 168
118 126
118 149
119 188
119 151
119 171
119 124
119 138
119 141
119 173
119 183
119 147
119 137
120 130
120 146
120 177
120 150
120 124
120 158
121 161
121 170
121 139
121 183
121 180
121 151
121 159
122 128
122 131
122 141
122 188
122 154
122 157
122 133
122 144
122 169
122 170
122 124
122 189
122 149
123 144
123 194
123 198
123 161
123 172
123 199
123 159
123 141
123 185
124 199
124 144
124 195
124 159
124 165
124 185
124 187
124 189
124 126
125 160
125 130
125 171
125 142
125 175
125 186
125 158
126 194
126 145
126 149
126 159
126 187
126 164
126 170
126 127
127 133
127 129
127 148
127 149
127 150
127 193
127 188
127 191
128 198
128 161
128 197
128 132
128 181
128 167
128 159
128 146
128 142
129 162
129 134
129 199
129 136
129 169
129 138
129 189
130 193
130 134
130 161
130 172
130 139
130 154
130 162
130 189
130 182
131 161
132 136
132 151
132 178
132 144
132 193
132 153
132 188
132 191
133 162
133 171
133 165
134 139
134 148
134 157
134 171
134 178
134 143
134 149
135 149
135 197
135 142
135 176
135 179
135 148
135 160
135 191
135 190
136 144
136 140
136 174
136 141
136 147
136 196
137 175
137 172
137 160
137 155
137 192
137 159
138 165
139 162
139 151
140 177
140 173
140 178
140 148
140 185
140 191
141 167
141 169
141 173
141 142
141 145
141 147
141 199
141 190
142 198
142 146
142 152
142 143
142 164
142 177
143 176
143 172
143 173
143 163
143 177
143 191
144 155
144 165
144 175
144 180
144 151
145 164
145 189
145 183
146 198
146 152
146 154
146 158
147 164
147 179
147 148
147 176
147 163
147 188
147 191
148 165
148 191
148 180
148 177
148 169
149 160
149 181
149 186
149 188
150 165
150 171
150 178
150 158
151 192
151 193
151 174
151 187
152 194
152 161
152 178
152 165
153 172
153 186
153 191
154 175
154 184
154 165
155 163
155 166
156 194
156 169
156 189
156 199
157 161
157 194
157 162
157 181
158 193
158 197
158 168
158 170
158 179
159 176
159 197
159 187
159 199
159 171
159 177
159 185
160 161
160 169
160 193
160 180
160 188
161 198
161 185
161 175
161 173
161 181
161 188
161 189
162 171
162 182
162 183
162 184
162 187
162 188
162 190
163 194
163 164
163 171
163 186
163 190
164 174
165 192
165 180
165 178
165 175
166 187
166 193
166 177
166 186
167 193
167 183
167 176
168 188
168 198
168 177
168 169
169 198
169 189
169 191
170 194
170 195
170 181
171 179
172 179
173 180
173 185
174 195
175 176
175 184
175 185
176 197
176 181
176 191
177 193
177 179
177 182
178 194
178 188
179 195
179 183
181 193
181 186
182 194
182 184
182 188
184 195
184 188
184 191
185 196
185 199
186 196
186 195
187 199
187 194
189 195
189 193
190 194
190 195
192 194
192 197
192 195
194 199
