0 2
0 171
0 198
0 199
0 137
0 10
0 143
0 79
0 81
0 88
0 153
0 155
0 28
0 158
0 32
0 100
0 38
0 17
0 40
0 42
0 43
0 108
0 46
0 115
0 180
0 182
0 184
0 123
1 160
1 98
1 36
1 38
1 72
1 194
1 10
1 140
1 175
1 46
1 111
1 52
1 21
1 182
1 23
1 57
1 143
1 30
1 159
2 191
2 163
2 103
2 41
2 139
2 172
2 13
2 143
2 48
2 113
2 179
2 119
2 120
2 88
2 186
2 59
2 124
2 183
2 137
2 159
3 64
3 129
3 162
3 7
3 184
3 10
3 167
3 140
3 143
3 176
3 81
3 51
3 88
3 57
3 90
3 27
3 159
3 31
4 128
4 192
4 130
4 131
4 132
4 6
4 71
4 73
4 98
4 13
4 141
4 81
4 20
4 89
4 26
4 95
4 34
4 165
4 145
4 40
4 41
4 135
4 172
4 49
4 115
4 53
4 56
4 123
4 188
4 62
4 63
5 64
5 193
5 134
5 97
5 72
5 10
5 76
5 141
5 16
5 81
5 151
5 90
5 93
5 33
5 162
5 35
5 165
5 38
5 106
5 199
5 48
5 53
5 121
5 58
5 62
6 128
6 130
6 132
6 133
6 7
6 190
6 143
6 145
6 82
6 147
6 148
6 23
6 27
6 97
6 162
6 36
6 166
6 113
6 168
6 41
6 171
6 46
6 49
6 181
6 120
6 123
6 61
6 62
7 33
7 98
7 70
7 65
7 82
7 79
7 112
7 180
7 18
7 115
7 116
7 150
7 153
7 179
7 156
7 134
8 133
8 165
8 68
8 37
8 71
8 106
8 199
8 192
8 173
8 15
8 176
8 17
8 51
8 147
8 118
8 150
8 121
8 26
8 156
8 94
8 31
9 65
9 66
9 131
9 198
9 102
9 162
9 168
9 112
9 119
9 82
9 45
9 16
9 18
9 150
9 23
9 153
9 57
9 26
9 111
9 185
10 72
10 138
10 192
10 141
10 79
10 80
10 147
10 21
10 154
10 91
10 31
10 197
10 180
10 104
10 42
10 107
10 108
10 45
10 136
10 52
10 181
10 116
10 168
10 188
11 64
11 194
11 67
11 101
11 70
11 105
11 107
11 173
11 14
11 111
11 195
11 139
11 41
11 55
11 153
11 89
11 127
11 156
11 63
12 67
12 38
12 102
12 71
12 184
12 177
12 74
12 13
12 47
12 152
12 195
12 20
12 173
12 87
12 88
12 143
12 182
12 42
12 166
13 65
13 101
13 70
13 135
13 161
13 177
13 171
13 98
13 46
13 79
13 80
13 88
13 19
13 162
13 24
13 155
13 29
13 94
14 160
14 140
14 144
14 17
14 147
14 86
14 87
14 91
14 96
14 162
14 36
14 168
14 41
14 171
14 45
14 189
14 49
14 180
14 119
14 57
14 183
14 126
14 191
15 70
15 108
15 183
15 76
15 141
15 80
15 18
15 86
15 152
15 154
15 26
15 31
15 165
15 164
15 37
15 39
15 103
15 44
15 118
15 119
15 56
15 185
15 126
16 130
16 43
16 138
16 76
16 146
16 19
16 122
16 24
16 153
16 154
16 157
16 31
16 37
16 42
16 107
16 51
16 52
16 56
16 58
16 159
16 189
17 67
17 68
17 134
17 75
17 108
17 80
17 136
17 51
17 139
17 149
17 180
17 26
17 61
17 126
18 192
18 65
18 194
18 107
18 164
18 150
18 184
18 105
18 23
18 144
18 113
18 22
18 55
18 24
18 111
18 125
18 30
18 95
19 64
19 51
19 195
19 70
19 137
19 138
19 151
19 76
19 142
19 82
19 84
19 87
19 89
19 26
19 90
19 198
19 32
19 37
19 108
19 50
19 110
19 114
19 115
19 119
19 56
19 121
20 130
20 102
20 139
20 140
20 110
20 143
20 152
20 146
20 158
20 153
20 24
20 121
20 175
20 132
21 32
21 195
21 36
21 161
21 137
21 75
21 192
21 45
21 176
21 177
21 51
21 30
21 124
21 157
21 62
21 191
22 193
22 129
22 194
22 27
22 145
22 170
22 107
22 44
22 112
22 120
22 179
22 149
22 86
22 55
22 23
22 91
22 60
23 67
23 150
23 136
23 142
23 173
23 131
23 87
23 154
23 100
23 38
23 42
23 146
23 111
23 50
23 116
23 56
23 121
23 122
23 187
23 195
23 127
24 51
24 179
24 198
24 139
24 85
24 87
24 90
24 28
24 100
24 165
24 103
24 156
24 106
24 167
24 48
24 49
24 50
24 115
24 183
24 120
24 57
24 58
24 124
25 98
25 131
25 150
25 158
25 188
25 151
25 94
25 194
25 142
25 143
25 144
25 157
25 114
25 53
25 118
25 119
25 92
25 93
25 62
26 164
26 37
26 39
26 170
26 183
26 78
26 111
26 116
26 196
26 153
26 148
26 136
27 161
27 37
27 41
27 171
27 142
27 189
27 52
27 158
27 183
27 121
27 122
27 157
27 94
28 97
28 130
28 198
28 70
28 135
28 168
28 73
28 140
28 161
28 181
28 154
29 128
29 35
29 90
29 135
29 169
29 75
29 79
29 147
29 84
29 171
29 150
29 148
29 122
29 187
29 188
29 61
29 197
30 192
30 72
30 137
30 144
30 82
30 147
30 84
30 88
30 89
30 154
30 160
30 100
30 178
30 107
30 45
30 177
30 114
30 116
30 183
30 57
30 123
30 61
30 126
31 64
31 96
31 71
31 141
31 145
31 195
31 150
31 159
31 32
31 37
31 102
31 106
31 108
31 45
31 46
31 173
31 178
31 52
31 53
31 182
32 198
32 40
32 138
32 171
32 172
32 190
32 178
32 180
32 87
32 186
32 91
32 92
32 62
33 65
33 171
33 37
33 97
33 74
33 108
33 191
33 110
33 83
33 148
33 117
33 122
33 123
34 64
34 129
34 35
34 195
34 136
34 74
34 75
34 44
34 109
34 47
34 49
34 192
34 99
34 139
34 118
34 154
34 125
34 62
35 196
35 138
35 76
35 145
35 85
35 156
35 97
35 38
35 40
35 42
35 189
35 52
35 117
35 118
35 120
35 58
35 125
35 126
35 63
36 64
36 162
36 73
36 106
36 109
36 79
36 48
36 177
36 178
36 144
36 186
36 152
36 58
36 61
36 95
37 132
37 97
37 138
37 82
37 150
37 79
37 94
37 95
37 165
37 38
37 107
37 174
37 115
37 125
38 67
38 129
38 64
38 73
38 173
38 163
38 151
38 89
38 193
38 161
38 162
38 164
38 39
38 40
38 42
38 171
38 45
38 113
38 72
38 104
38 168
38 188
39 118
39 154
39 171
39 125
39 109
39 77
39 177
39 50
39 115
39 116
39 122
39 54
39 121
39 58
39 190
39 149
40 66
40 67
40 197
40 135
40 136
40 75
40 143
40 82
40 150
40 68
40 162
40 101
40 188
40 114
40 50
40 179
40 59
40 146
40 190
40 166
41 128
41 129
41 195
41 134
41 56
41 146
41 87
41 68
41 91
41 157
41 158
41 160
41 176
41 99
41 171
41 189
41 112
41 155
41 190
41 120
41 186
41 125
41 153
41 127
42 128
42 133
42 193
42 72
42 139
42 81
42 84
42 93
42 199
42 111
42 157
42 136
42 50
42 115
42 120
42 138
42 126
43 133
43 105
43 139
43 93
43 83
43 184
43 121
43 179
43 79
43 61
43 165
44 68
44 177
44 140
44 108
44 109
44 110
44 112
44 173
44 189
44 55
44 164
44 125
44 62
44 159
45 130
45 67
45 101
45 46
45 143
45 131
45 84
45 54
45 55
45 56
45 105
45 187
45 166
46 194
46 132
46 136
46 128
46 109
46 80
46 148
46 143
46 157
46 100
46 102
46 167
46 168
46 172
46 176
46 59
47 64
47 176
47 67
47 164
47 135
47 75
47 77
47 125
47 157
47 146
47 148
47 178
47 118
47 196
47 59
47 92
47 61
48 171
48 133
48 167
48 194
48 75
48 101
48 179
48 69
48 92
48 126
49 128
49 192
49 107
49 133
49 137
49 140
49 77
49 82
49 149
49 150
49 155
49 93
49 171
49 175
49 112
49 181
49 118
49 56
50 97
50 66
50 91
50 132
50 194
50 107
50 140
50 77
50 144
50 178
50 170
50 180
50 90
50 59
50 138
51 96
51 80
51 195
51 71
51 76
51 77
51 146
51 57
51 136
51 120
52 66
52 133
52 103
52 107
52 159
52 191
52 136
52 121
52 89
52 90
52 199
52 95
53 133
53 66
53 99
53 68
53 70
53 196
53 127
53 79
53 145
53 123
53 171
53 150
53 197
53 59
53 60
53 62
54 64
54 65
54 130
54 163
54 68
54 70
54 194
54 169
54 110
54 77
54 188
54 150
54 154
54 124
54 126
55 160
55 65
55 69
55 103
55 136
55 137
55 142
55 111
55 157
55 87
55 56
55 61
55 95
56 98
56 171
56 69
56 81
56 173
56 151
56 119
56 124
56 101
57 133
57 161
57 72
57 176
57 177
57 115
57 116
57 150
57 183
57 58
57 191
57 165
57 95
58 116
58 104
58 156
58 171
58 103
58 172
58 88
58 107
58 84
58 149
58 121
58 124
58 185
58 63
59 192
59 195
59 198
59 72
59 66
59 144
59 82
59 150
59 90
59 160
59 97
59 178
59 110
59 177
59 182
59 188
59 191
60 64
60 193
60 195
60 196
60 197
60 72
60 137
60 78
60 173
60 80
60 149
60 88
60 98
60 170
60 109
60 114
60 115
60 181
60 183
60 187
60 124
60 62
61 64
61 195
61 138
61 183
61 140
61 78
61 149
61 89
61 175
61 93
61 161
61 99
61 166
61 113
61 117
61 191
62 149
62 163
62 136
62 165
62 177
62 180
62 183
62 122
62 191
62 94
63 192
63 129
63 132
63 102
63 70
63 193
63 73
63 74
63 176
63 178
63 83
63 87
63 120
63 100
63 119
63 94
63 95
64 192
64 83
64 194
64 140
64 162
64 179
64 175
64 102
64 167
64 107
64 147
64 116
64 121
64 191
65 130
65 97
65 69
65 140
65 173
65 80
65 184
65 115
65 148
65 152
65 89
65 186
65 86
65 169
66 162
66 101
66 106
66 172
66 190
66 112
66 187
66 182
66 148
66 91
66 156
66 94
67 133
67 73
67 76
67 77
67 183
67 142
67 118
67 111
67 87
67 124
67 173
68 115
68 196
68 75
68 144
68 145
68 90
68 92
68 167
68 161
68 176
68 174
68 112
68 113
68 179
68 180
68 117
69 128
69 115
69 166
69 136
69 170
69 140
69 82
69 83
69 84
69 92
69 190
70 129
70 130
70 134
70 142
70 144
70 147
70 89
70 93
70 158
70 197
70 104
70 168
70 114
70 118
70 122
71 96
71 130
71 100
71 101
71 135
71 73
71 162
71 173
71 113
71 105
71 89
71 186
71 156
72 198
72 141
72 144
72 82
72 83
72 151
72 154
72 93
72 169
72 170
72 172
72 173
72 157
72 180
72 118
72 127
73 128
73 198
73 163
73 195
73 143
73 112
73 145
73 147
73 88
73 154
73 187
73 125
74 163
74 100
74 166
74 129
74 194
74 76
74 109
74 77
74 173
74 146
74 195
74 151
74 175
75 193
75 198
75 177
75 137
75 140
75 172
75 189
75 196
75 125
76 128
76 164
76 193
76 168
76 112
76 172
76 79
76 152
76 188
76 192
76 126
77 128
77 168
77 177
77 135
77 79
77 86
77 183
77 89
77 124
77 190
77 165
78 98
78 155
78 197
78 188
78 95
78 139
78 175
78 146
78 83
78 85
78 121
78 91
78 127
79 98
79 139
79 112
79 125
79 163
79 151
79 120
79 100
79 154
79 143
80 128
80 194
80 149
80 152
80 153
80 92
80 94
80 96
80 97
80 188
80 107
80 180
80 181
80 120
80 123
81 172
81 108
81 178
81 114
81 116
81 119
81 148
81 122
81 106
82 131
82 196
82 142
82 146
82 88
82 154
82 91
82 197
82 160
82 170
82 171
82 173
82 176
82 117
82 189
83 164
83 134
83 161
83 198
83 142
83 113
83 115
83 196
83 188
83 158
84 96
84 97
84 131
84 102
84 161
84 136
84 107
84 125
84 177
84 106
84 182
84 120
84 90
85 128
85 196
85 106
85 171
85 108
85 99
85 122
85 95
85 127
86 155
86 134
86 102
86 109
86 177
86 178
86 122
86 123
86 125
87 199
87 89
87 153
88 100
88 146
88 168
88 139
88 182
88 123
88 122
89 128
89 132
89 136
89 148
89 97
89 100
89 167
89 170
89 199
89 175
89 178
89 179
89 118
90 97
90 135
90 138
90 139
90 110
90 120
90 121
90 124
91 128
91 100
91 165
91 134
91 103
91 107
91 192
91 169
91 187
91 198
91 167
91 182
92 188
92 199
92 169
92 196
92 139
92 140
92 142
92 111
92 146
92 147
92 174
92 124
92 94
92 101
93 128
93 130
93 135
93 106
93 194
93 148
93 119
93 153
93 170
94 106
94 107
94 111
94 114
94 180
95 161
95 175
95 103
95 140
95 146
95 111
95 173
95 179
95 154
95 123
95 138
96 128
96 152
96 129
96 103
96 136
96 115
96 117
96 154
96 151
96 120
96 122
96 123
96 125
96 158
97 128
97 130
97 141
97 163
97 151
97 108
97 179
97 188
97 190
98 128
98 194
98 131
98 145
98 196
98 152
98 186
98 113
98 188
98 106
98 109
98 174
98 177
98 122
98 123
99 160
99 100
99 145
99 167
99 143
99 113
99 188
99 116
99 118
99 169
99 120
99 132
99 152
99 156
100 133
100 142
100 143
100 182
100 159
100 107
100 179
100 118
100 126
101 131
101 109
101 148
101 171
101 154
101 175
101 135
101 167
101 105
101 107
101 108
101 111
101 125
101 127
102 193
102 162
102 187
102 164
102 198
102 139
102 111
102 112
102 108
102 174
102 152
102 122
103 155
103 132
103 104
103 196
103 194
103 136
103 149
103 182
103 185
103 126
104 160
104 144
104 194
104 172
104 167
104 108
104 112
104 116
104 182
104 199
104 159
104 157
104 134
104 133
105 188
105 132
105 169
105 141
105 177
105 147
105 178
105 118
105 153
105 186
105 111
105 135
105 189
106 193
106 196
106 134
106 159
106 161
106 163
106 166
106 118
106 185
106 124
107 194
107 131
107 132
107 135
107 152
107 153
107 122
107 165
107 144
107 108
107 178
107 121
107 124
107 126
108 198
108 139
108 140
108 150
108 109
108 110
108 174
108 168
108 115
108 180
108 119
108 190
109 133
109 194
109 114
109 151
109 121
109 127
110 147
110 168
110 138
110 171
110 144
110 145
110 178
110 118
110 182
110 133
111 196
111 133
111 193
111 141
111 142
111 172
111 183
111 181
111 118
111 186
111 170
112 135
112 113
112 168
113 194
113 135
113 116
113 154
113 167
113 124
114 128
114 164
114 198
114 145
114 190
114 189
114 119
114 157
114 127
115 160
115 142
115 162
115 163
115 117
115 183
116 195
116 176
116 146
116 147
116 148
116 158
116 119
116 156
117 161
117 121
117 171
117 195
118 193
118 182
118 144
118 152
118 158
118 161
118 165
118 168
118 178
118 169
118 120
118 186
118 187
118 170
119 163
119 180
119 190
119 189
119 152
119 125
119 126
120 138
120 139
120 144
120 159
120 168
120 175
121 129
121 196
121 141
121 173
121 155
121 197
121 165
121 177
121 185
121 188
122 164
122 129
122 158
122 197
123 195
123 133
123 136
123 126
123 174
123 185
123 191
123 149
124 136
124 155
124 199
124 191
125 138
125 147
125 137
125 153
125 154
125 143
126 129
126 130
126 183
126 194
126 147
126 167
126 160
126 169
126 189
126 127
127 133
127 160
127 196
127 161
127 174
127 143
127 177
127 148
127 153
128 195
128 138
128 141
128 150
128 158
128 198
128 167
129 192
129 177
129 142
129 145
129 147
129 166
129 189
130 194
130 143
130 154
130 199
130 174
130 175
130 176
130 186
130 188
131 142
131 144
131 184
131 149
131 155
131 185
131 172
131 176
131 178
131 181
131 183
131 153
131 148
131 187
132 191
132 142
132 153
132 152
132 159
132 169
133 192
133 196
133 139
133 147
133 149
133 179
133 186
134 193
134 173
134 169
134 156
134 150
134 159
135 198
135 138
135 147
135 150
135 152
135 156
135 199
135 164
136 145
136 163
136 171
137 164
137 198
137 142
137 143
137 144
137 150
138 160
138 194
138 147
138 175
138 176
138 183
139 146
139 143
139 157
139 182
139 148
139 187
140 193
140 183
140 153
140 185
141 167
141 192
141 193
141 180
141 186
142 196
142 150
142 160
142 163
142 166
142 168
142 173
142 177
142 182
143 199
143 174
143 158
143 182
143 148
144 156
144 158
144 159
144 168
144 183
145 167
145 193
145 183
145 169
145 186
146 162
146 195
146 165
147 148
147 150
147 163
147 164
147 180
148 174
148 154
148 156
148 164
148 169
148 172
148 191
148 188
148 190
149 154
149 155
150 196
150 175
150 191
151 169
151 178
151 182
151 190
152 175
153 172
153 180
153 158
154 197
154 156
155 160
155 165
155 163
155 180
155 169
155 189
156 188
156 174
156 167
156 185
156 158
157 178
157 179
158 161
158 164
158 198
158 167
158 168
158 179
158 183
159 198
159 176
159 175
160 191
160 173
161 181
162 192
162 175
162 164
162 179
162 165
163 193
163 167
163 189
164 192
164 196
164 175
164 177
164 188
164 191
165 182
166 198
166 194
166 199
166 189
166 186
166 188
167 192
167 180
168 197
168 199
168 191
169 199
169 185
169 180
170 194
170 196
170 174
172 195
172 178
172 179
172 182
173 194
173 193
173 174
173 175
174 191
174 176
175 195
175 179
175 180
176 181
176 195
176 177
176 186
177 198
177 191
177 178
177 189
178 186
178 188
179 186
179 190
179 191
181 190
182 196
182 185
182 192
183 198
183 185
183 190
184 197
184 198
184 193
184 185
184 186
184 190
185 197
185 190
186 187
186 198
187 193
187 190
188 199
191 198
196 197
