0 64
0 160
0 131
0 68
0 182
0 72
0 172
0 78
0 79
0 21
0 150
0 57
0 196
0 26
0 92
0 93
0 94
0 32
0 101
0 40
0 44
0 111
0 114
0 186
0 30
0 54
0 121
0 122
0 60
1 175
1 71
1 40
1 28
1 125
1 109
1 177
1 77
1 17
1 183
1 122
1 27
1 92
1 61
1 31
2 192
2 65
2 67
2 197
2 71
2 139
2 143
2 144
2 145
2 19
2 23
2 152
2 26
2 94
2 159
2 101
2 166
2 39
2 7
2 108
2 115
2 120
2 122
2 126
2 195
3 192
3 139
3 132
3 6
3 104
3 138
3 107
3 12
3 114
3 144
3 145
3 50
3 149
3 86
3 23
3 164
3 90
3 168
3 189
4 197
4 7
4 72
4 74
4 75
4 141
4 81
4 19
4 22
4 26
4 58
4 158
4 32
4 99
4 108
4 45
4 48
4 178
4 118
4 120
4 121
4 122
4 188
4 62
5 33
5 110
5 100
5 6
5 103
5 45
5 78
5 13
5 146
5 179
5 46
5 150
5 23
5 24
5 25
5 29
5 95
6 128
6 130
6 67
6 196
6 70
6 168
6 10
6 139
6 78
6 175
6 16
6 82
6 53
6 184
6 89
6 154
6 21
7 64
7 71
7 106
7 148
7 44
7 45
7 125
7 147
7 20
7 86
7 175
7 57
7 143
7 124
7 29
7 31
8 194
8 150
8 134
8 72
8 75
8 120
8 146
8 149
8 22
8 88
8 153
8 90
8 156
8 154
8 37
8 165
8 38
8 39
8 171
8 56
8 159
8 189
9 160
9 33
9 67
9 69
9 81
9 97
9 169
9 74
9 167
9 141
9 78
9 113
9 114
9 131
9 149
9 29
9 62
10 160
10 67
10 98
10 70
10 138
10 13
10 14
10 15
10 17
10 195
10 150
10 151
10 27
10 31
10 96
10 97
10 34
10 171
10 172
10 46
10 120
10 58
11 193
11 33
11 171
11 100
11 196
11 103
11 145
11 76
11 74
11 139
11 12
11 173
11 190
11 49
11 83
11 85
11 164
11 168
11 126
11 191
12 128
12 68
12 133
12 134
12 39
12 149
12 22
12 88
12 121
12 186
12 156
12 157
13 33
13 134
13 145
13 104
13 105
13 199
13 174
13 80
13 17
13 116
13 158
13 184
13 180
13 122
13 94
14 160
14 193
14 34
14 99
14 81
14 136
14 135
14 172
14 15
14 48
14 49
14 19
14 181
14 182
14 170
14 187
14 29
14 190
15 130
15 132
15 71
15 76
15 77
15 17
15 23
15 89
15 91
15 93
15 104
15 35
15 166
15 40
15 199
15 175
15 168
15 51
15 25
15 121
15 124
16 96
16 34
16 37
16 135
16 137
16 43
16 82
16 77
16 45
16 48
16 50
16 115
16 169
16 88
16 57
16 90
16 130
16 158
16 101
17 160
17 66
17 35
17 33
17 194
17 137
17 39
17 174
17 120
17 178
17 20
17 173
17 56
17 175
17 58
17 123
17 190
18 33
18 131
18 37
18 81
18 72
18 129
18 170
18 171
18 110
18 177
18 193
18 119
18 184
18 199
19 199
19 194
19 137
19 139
19 98
19 175
19 145
19 178
19 24
19 120
19 191
19 90
19 155
19 92
19 159
20 64
20 33
20 187
20 150
20 72
20 151
20 111
20 183
20 148
20 22
20 56
20 120
20 180
20 91
20 125
20 30
21 128
21 66
21 70
21 76
21 77
21 80
21 81
21 23
21 155
21 130
21 157
21 165
21 171
21 46
21 48
21 49
21 192
21 116
21 181
21 189
22 64
22 192
22 66
22 131
22 199
22 83
22 171
22 25
22 93
22 159
22 100
22 195
22 103
22 60
22 42
22 43
22 172
22 176
22 113
22 182
22 95
22 124
22 125
23 128
23 131
23 68
23 71
23 136
23 139
23 140
23 144
23 145
23 150
23 88
23 90
23 29
23 30
23 133
23 35
23 102
23 38
23 42
23 111
23 52
23 53
23 54
23 184
24 65
24 83
24 179
24 181
24 73
24 84
24 150
24 87
24 26
24 29
24 94
24 133
24 97
24 163
24 48
24 107
24 109
24 112
24 147
24 53
24 121
24 124
24 127
25 192
25 97
25 66
25 67
25 102
25 104
25 172
25 76
25 79
25 80
25 146
25 83
25 180
25 122
25 143
25 69
26 129
26 54
26 135
26 196
26 112
26 149
26 86
26 55
26 153
26 27
26 159
27 67
27 132
27 39
27 72
27 188
27 167
27 109
27 143
27 81
27 82
27 148
27 151
27 187
27 92
27 157
27 63
28 160
28 123
28 36
28 166
28 71
28 161
28 131
28 199
28 76
28 83
28 117
28 86
28 183
28 120
28 153
28 59
28 156
28 29
28 62
29 175
29 99
29 194
29 75
29 44
29 114
29 46
29 141
29 145
29 82
29 105
29 182
29 59
29 31
30 128
30 98
30 35
30 147
30 85
30 195
30 172
30 42
30 44
30 47
30 112
30 113
30 144
30 53
30 111
30 125
30 94
30 63
31 194
31 131
31 133
31 141
31 142
31 148
31 149
31 151
31 153
31 111
31 161
31 98
31 99
31 166
31 167
31 173
31 47
31 112
31 91
31 116
31 89
31 58
32 64
32 132
32 195
32 70
32 199
32 137
32 149
32 152
32 196
32 175
32 164
32 165
32 40
32 173
32 111
32 114
32 51
32 52
32 184
32 186
33 128
33 81
33 71
33 50
33 174
33 179
33 99
33 171
33 55
33 89
33 154
33 190
34 128
34 97
34 179
34 132
34 101
34 38
34 158
34 167
34 111
34 157
34 115
34 116
34 149
34 55
34 120
34 170
34 138
34 62
35 197
35 199
35 145
35 149
35 151
35 93
35 158
35 160
35 97
35 37
35 40
35 41
35 171
35 44
35 110
35 52
35 117
35 54
36 194
36 131
36 178
36 113
36 177
36 74
36 103
36 77
36 79
36 49
36 75
36 51
36 154
36 187
36 127
37 192
37 112
37 99
37 134
37 102
37 135
37 193
37 198
37 158
37 79
37 52
37 94
37 180
37 187
37 195
37 126
37 127
38 176
38 68
38 74
38 75
38 76
38 45
38 144
38 81
38 183
38 52
38 149
38 138
38 180
38 187
38 188
38 93
39 123
39 164
39 71
39 42
39 107
39 66
39 46
39 141
39 112
39 53
39 185
39 153
40 66
40 68
40 125
40 169
40 132
40 44
40 173
40 189
40 114
40 116
40 185
40 56
40 100
40 154
40 91
40 93
41 97
41 197
41 165
41 70
41 135
41 104
41 105
41 183
41 174
41 112
41 145
41 149
41 150
41 119
41 159
42 194
42 163
42 68
42 86
42 166
42 136
42 145
42 146
42 83
42 53
42 164
42 188
42 94
43 160
43 176
43 195
43 164
43 102
43 199
43 184
43 192
43 157
43 56
43 115
43 52
43 88
43 57
43 154
43 91
43 60
43 61
43 159
44 66
44 67
44 73
44 138
44 194
44 93
44 158
44 48
44 166
44 103
44 167
44 110
44 176
44 115
44 122
44 59
45 65
45 73
45 76
45 162
45 79
45 84
45 85
45 150
45 151
45 156
45 158
45 97
45 98
45 165
45 106
45 115
45 183
45 56
45 59
45 170
46 66
46 171
46 132
46 71
46 137
46 194
46 173
46 144
46 148
46 151
46 94
46 99
46 100
46 135
46 109
46 177
46 118
46 187
46 60
46 125
46 149
47 68
47 133
47 80
47 153
47 91
47 156
47 122
47 161
47 197
47 99
47 164
47 167
47 106
47 125
47 111
47 182
47 57
47 186
47 59
47 170
48 196
48 65
48 187
48 107
48 110
48 79
48 120
48 195
48 116
48 87
48 180
48 186
48 155
48 174
48 117
49 65
49 98
49 71
49 140
49 174
49 80
49 52
49 182
49 183
49 196
49 191
49 63
50 64
50 66
50 100
50 113
50 194
50 144
50 76
50 130
50 110
50 143
50 81
50 82
50 88
50 185
51 65
51 198
51 188
51 79
51 108
51 144
51 146
51 83
51 185
51 91
51 156
52 181
52 164
52 167
52 105
52 171
52 190
52 123
52 134
52 85
52 122
52 119
52 93
52 126
52 53
53 64
53 130
53 197
53 143
53 88
53 147
53 150
53 90
53 159
53 109
53 113
53 183
53 56
53 106
53 62
54 194
54 166
54 72
54 108
54 81
54 195
54 149
54 89
54 187
54 189
54 190
55 64
55 100
55 167
55 72
55 73
55 106
55 98
55 110
55 104
55 180
55 138
55 152
55 121
55 122
56 192
56 65
56 166
56 102
56 97
56 105
56 172
56 129
56 111
56 112
56 189
56 157
57 65
57 194
57 131
57 197
57 64
57 72
57 163
57 119
57 88
57 188
57 157
58 67
58 70
58 71
58 142
58 79
58 149
58 150
58 91
58 156
58 97
58 165
58 102
58 188
58 109
58 176
58 113
58 184
58 187
58 60
59 160
59 187
59 100
59 133
59 93
59 113
59 132
59 154
60 160
60 100
60 69
60 102
60 199
60 105
60 170
60 139
60 192
60 175
60 146
60 166
60 158
60 95
61 128
61 98
61 151
61 120
61 161
61 109
62 100
62 68
62 69
62 198
62 196
62 140
62 194
62 111
62 80
62 114
62 87
62 120
62 90
63 191
63 164
63 167
63 72
63 140
63 175
63 142
63 79
63 157
63 82
63 163
63 185
63 95
63 143
63 94
63 127
64 65
64 194
64 137
64 148
64 93
64 176
64 99
64 167
64 173
64 174
64 112
64 122
64 188
65 193
65 71
65 137
65 184
65 82
65 153
65 199
65 95
65 96
65 176
65 107
65 180
65 117
65 125
66 129
66 100
66 181
66 140
66 115
66 116
66 87
66 90
66 93
66 117
67 128
67 72
67 144
67 83
67 85
67 158
67 165
67 98
67 101
67 102
67 106
67 112
67 177
67 178
67 182
67 188
68 128
68 195
68 133
68 141
68 79
68 81
68 83
68 148
68 86
68 155
68 99
68 116
68 189
68 126
69 160
69 193
69 170
69 106
69 190
69 80
69 81
69 178
69 169
69 85
69 87
69 157
70 97
70 145
70 72
70 171
70 191
70 81
70 179
70 152
70 155
70 181
71 195
71 182
71 194
71 77
71 79
71 160
71 98
71 106
71 176
71 115
71 116
71 118
71 119
71 120
71 123
72 149
72 182
72 137
72 74
72 75
72 76
72 81
72 82
72 131
72 85
72 160
72 98
72 163
72 105
72 172
72 183
72 117
72 124
72 138
73 160
73 129
73 100
73 179
73 102
73 167
73 76
73 77
73 82
73 83
73 148
73 118
73 137
73 154
74 139
74 79
74 87
74 101
74 160
74 98
74 123
74 100
74 165
74 105
74 174
74 125
74 180
74 187
74 189
74 191
75 160
75 132
75 131
75 150
75 135
75 170
75 173
75 141
75 93
75 164
75 113
75 121
75 123
75 124
76 128
76 130
76 133
76 141
76 142
76 146
76 89
76 158
76 182
76 197
76 102
76 180
76 118
76 124
77 134
77 136
77 142
77 145
77 146
77 88
77 164
77 79
77 157
77 158
77 95
77 160
77 97
77 91
77 103
77 82
77 176
77 178
77 183
77 122
77 123
78 129
78 162
78 99
78 106
78 183
78 113
78 146
78 115
78 181
78 169
78 153
78 122
78 156
78 92
79 96
79 129
79 137
79 171
79 172
79 82
79 176
80 193
80 131
80 196
80 102
80 136
80 170
80 115
80 150
80 92
81 179
81 97
81 144
81 86
81 89
81 90
81 93
81 104
81 196
81 178
81 136
81 115
81 122
81 188
81 85
82 123
82 164
82 139
82 189
82 157
82 131
82 148
82 181
82 118
83 116
83 133
83 199
83 84
83 196
83 105
83 90
83 191
83 125
83 158
83 127
84 176
84 113
84 98
84 173
84 186
84 171
84 92
84 159
85 129
85 130
85 194
85 170
85 173
85 155
85 122
85 91
85 92
85 189
85 94
85 197
86 166
86 177
86 114
86 180
86 186
86 120
86 123
86 157
86 94
87 131
87 130
87 103
87 104
87 197
87 109
87 110
87 114
87 115
87 182
87 119
87 122
87 93
87 101
88 163
88 114
88 140
88 106
88 141
88 92
88 126
89 99
89 132
89 145
89 109
89 144
89 114
89 117
89 190
89 158
90 197
90 198
90 138
90 154
90 92
90 114
90 118
90 120
90 123
90 125
90 126
90 127
91 132
91 173
91 93
91 160
91 164
91 167
91 109
91 110
91 111
91 115
91 180
91 118
91 184
91 190
92 99
92 155
92 166
92 129
92 168
92 139
92 172
92 175
92 184
93 132
93 172
93 163
93 120
93 191
94 97
94 131
94 102
94 142
94 185
94 198
95 96
95 165
95 163
95 101
95 102
95 103
95 142
95 112
95 146
95 147
95 190
95 120
95 134
96 194
96 99
96 101
96 161
96 104
96 137
96 199
96 174
96 142
96 178
96 188
96 149
96 138
96 156
96 125
96 133
97 153
97 154
97 164
97 168
97 170
97 174
97 114
97 180
97 118
97 127
98 128
98 179
98 166
98 171
98 157
98 195
99 194
99 138
99 186
99 156
99 170
99 171
99 110
99 113
99 122
100 129
100 196
100 103
100 180
100 184
100 189
100 165
101 133
101 105
101 109
101 180
101 128
101 116
101 163
101 148
101 122
101 158
102 112
102 170
102 108
102 114
102 120
103 162
103 168
103 170
103 121
103 191
104 128
104 151
104 164
104 106
104 110
104 183
104 155
104 124
104 138
104 185
105 131
105 196
105 110
105 173
105 112
105 177
105 181
105 118
105 183
105 122
105 187
106 145
106 144
106 120
106 116
106 150
106 154
106 156
106 127
107 128
107 130
107 167
107 142
107 111
107 115
107 153
107 159
107 127
108 163
108 165
108 171
108 146
108 147
108 120
108 153
108 186
108 187
108 195
109 166
109 136
109 151
109 152
109 179
109 154
109 153
110 128
110 134
110 199
110 153
110 197
110 198
110 146
110 170
110 114
110 111
110 126
110 127
111 132
111 136
111 152
111 196
111 155
111 171
111 173
111 113
111 190
111 183
111 189
112 139
112 141
112 174
112 176
112 178
112 123
112 121
113 193
113 118
113 166
113 135
113 173
113 183
113 132
113 181
114 128
114 194
114 138
114 192
114 149
114 151
114 171
114 172
114 122
114 127
115 165
115 150
115 184
115 153
115 191
116 193
116 130
116 131
116 138
116 139
116 142
116 151
116 176
116 143
116 165
116 135
116 159
116 174
116 117
116 119
116 123
117 192
117 132
117 133
117 195
117 162
117 178
117 147
117 196
117 122
118 155
118 134
118 178
118 176
118 163
118 148
118 122
119 171
119 164
119 139
119 143
119 145
119 120
119 123
119 124
120 128
120 131
120 130
120 153
120 155
120 171
120 122
121 194
121 163
121 197
121 140
121 150
121 123
121 143
122 197
122 132
122 155
122 167
122 171
123 142
123 145
123 150
123 155
123 163
123 170
123 186
123 126
124 128
124 194
124 166
124 141
124 176
124 186
124 143
124 188
124 157
124 126
125 171
125 167
125 192
125 168
125 126
125 184
125 175
125 186
126 165
126 167
126 193
126 159
126 189
126 185
126 132
126 127
127 163
127 195
127 193
127 137
127 143
128 192
128 162
128 195
128 160
128 170
129 142
129 138
129 141
129 154
130 162
130 172
130 141
130 186
131 133
131 198
131 161
131 144
131 146
131 178
132 192
132 137
132 138
132 190
132 144
132 145
132 163
133 182
133 164
133 190
134 198
134 165
134 175
134 181
134 197
134 168
134 149
134 151
134 185
134 155
134 188
134 159
135 193
135 164
135 198
135 172
135 150
135 165
136 194
136 195
136 166
136 167
136 171
136 140
136 142
136 143
136 146
136 180
136 186
137 176
137 146
137 180
137 196
138 198
138 167
138 181
139 193
139 174
140 195
140 141
140 178
140 158
140 159
141 195
141 198
141 174
141 185
142 197
142 199
142 146
142 151
142 169
142 156
143 149
143 163
143 164
143 178
143 145
143 195
143 189
144 199
144 151
144 194
144 196
144 163
144 166
144 177
144 180
144 182
145 148
145 149
145 152
145 165
145 189
146 198
146 199
146 164
146 167
146 178
146 190
147 194
147 196
147 191
147 175
147 180
147 150
147 159
148 198
148 167
148 176
149 155
149 198
149 185
149 187
149 188
150 192
150 187
150 174
150 184
150 151
151 191
151 157
151 179
151 153
152 162
152 180
152 181
152 188
152 159
153 171
153 179
153 170
153 176
153 191
154 192
154 168
154 184
154 164
154 167
155 199
155 156
155 157
155 158
155 165
155 169
155 171
155 181
156 193
156 195
156 172
156 171
156 173
156 183
156 184
156 157
157 162
157 184
157 186
157 190
158 192
158 193
158 196
158 182
158 189
159 194
159 177
159 186
160 171
160 163
160 199
160 166
160 188
160 187
160 181
160 182
160 184
161 173
161 195
161 193
161 184
162 196
162 197
162 171
162 180
162 191
163 194
163 165
163 167
163 186
164 198
164 195
164 181
164 187
165 195
165 186
165 168
165 175
165 181
165 184
166 167
166 194
166 190
167 193
167 198
167 186
167 170
167 179
168 170
168 176
169 197
169 196
169 181
170 171
171 178
172 197
172 173
173 187
173 186
174 177
174 181
175 176
175 180
175 182
175 179
175 187
176 195
176 196
176 192
176 193
176 190
177 198
177 179
177 196
178 192
178 183
178 179
180 192
180 182
180 188
181 197
181 185
182 185
182 186
183 193
183 199
183 184
184 192
184 196
185 189
186 194
187 197
187 199
188 189
189 193
189 197
193 194
193 198
193 195
193 197
195 196
