0 2
0 97
0 10
0 139
0 143
0 84
0 88
0 89
0 157
0 30
0 32
0 33
0 98
0 169
0 106
0 199
0 172
0 191
0 110
0 176
0 113
0 94
0 118
0 59
0 126
0 181
1 128
1 196
1 198
1 102
1 199
1 136
1 169
1 174
1 115
1 148
1 149
1 25
1 90
1 123
1 63
2 65
2 4
2 69
2 9
2 142
2 145
2 149
2 86
2 24
2 132
2 31
2 110
2 101
2 105
2 106
2 108
2 109
2 46
2 176
2 137
2 185
2 189
3 32
3 130
3 67
3 196
3 197
3 7
3 136
3 105
3 107
3 174
3 151
3 57
4 193
4 5
4 134
4 43
4 140
4 34
4 78
4 174
4 16
4 82
4 52
4 53
4 22
4 183
4 120
4 148
4 26
4 155
4 182
5 163
5 69
5 71
5 167
5 41
5 11
5 175
5 174
5 15
5 18
5 19
5 52
5 9
5 116
5 59
5 93
5 126
5 63
6 68
6 103
6 169
6 11
6 110
6 176
6 177
6 116
6 14
6 119
6 59
6 199
7 65
7 69
7 71
7 72
7 74
7 21
7 86
7 88
7 153
7 186
7 158
7 97
7 165
7 43
7 178
7 180
7 182
7 56
7 52
7 122
7 62
7 149
8 34
8 68
8 182
8 39
8 41
8 23
8 45
8 17
8 114
8 115
8 185
8 126
8 54
8 87
8 152
8 100
8 154
8 191
8 189
8 94
8 95
9 160
9 33
9 27
9 129
9 175
9 140
9 77
9 14
9 143
9 146
9 148
9 121
9 123
9 60
9 30
10 65
10 102
10 38
10 192
10 105
10 29
10 13
10 14
10 47
10 82
10 19
10 180
10 190
10 137
10 153
10 185
10 109
10 61
10 30
11 65
11 34
11 66
11 161
11 104
11 139
11 13
11 46
11 16
11 49
11 18
11 22
11 24
11 54
11 61
11 150
12 129
12 131
12 197
12 172
12 75
12 142
12 88
12 89
12 156
12 30
12 32
12 161
12 101
12 38
12 28
12 43
12 44
12 109
12 174
12 111
12 112
12 181
12 118
12 191
12 124
12 127
13 107
13 67
13 131
13 118
13 38
13 173
13 93
13 80
13 113
13 51
13 54
13 183
13 57
13 27
13 166
13 74
13 127
14 64
14 197
14 199
14 87
14 141
14 147
14 89
14 25
14 26
14 185
14 159
14 165
14 104
14 105
14 106
14 108
14 45
14 47
14 48
14 177
14 116
14 119
14 57
14 151
14 125
14 191
15 165
15 139
15 134
15 103
15 40
15 119
15 173
15 49
15 50
15 147
15 52
15 53
15 86
15 87
15 58
15 123
15 92
15 37
16 64
16 69
16 135
16 141
16 142
16 143
16 80
16 19
16 88
16 90
16 101
16 159
16 165
16 104
16 107
16 44
16 178
16 54
16 55
16 126
17 34
17 131
17 36
17 70
17 194
17 74
17 43
17 174
17 77
17 142
17 173
17 168
17 114
17 52
17 21
17 24
17 148
17 156
17 191
18 64
18 155
18 170
18 172
18 46
18 163
18 53
18 88
18 91
18 158
18 191
19 48
19 162
19 129
19 171
19 140
19 158
19 175
19 115
19 53
19 182
19 57
19 56
19 121
19 122
19 27
19 30
20 198
20 129
20 130
20 67
20 70
20 172
20 140
20 162
20 142
20 147
20 21
20 150
20 88
20 25
20 29
20 32
20 34
20 165
20 38
20 108
20 178
20 48
20 50
20 58
20 59
20 188
20 127
21 50
21 115
21 118
21 41
21 186
21 27
21 78
21 127
22 160
22 192
22 34
22 163
22 70
22 39
22 172
22 143
22 177
22 167
22 54
22 88
22 132
22 156
22 61
22 95
23 194
23 99
23 68
23 102
23 71
23 177
23 111
23 164
23 49
23 114
23 117
23 88
23 121
23 154
23 27
23 159
24 67
24 70
24 66
24 79
24 83
24 86
24 87
24 154
24 155
24 30
24 100
24 40
24 42
24 107
24 50
24 147
24 180
24 182
24 124
24 63
25 131
25 199
25 138
25 160
25 76
25 143
25 144
25 152
25 89
25 27
25 157
25 95
25 96
25 98
25 41
25 45
25 46
25 55
25 121
25 187
26 129
26 194
26 171
26 166
26 72
26 105
26 107
26 45
26 175
26 49
26 114
26 116
26 41
26 119
26 120
26 148
26 149
27 160
27 66
27 132
27 69
27 130
27 82
27 83
27 151
27 88
27 154
27 31
27 96
27 162
27 101
27 108
27 146
27 153
27 125
28 193
28 33
28 67
28 165
28 51
28 135
28 42
28 78
28 79
28 99
28 81
28 138
28 35
28 86
28 57
28 198
28 74
28 94
28 182
29 65
29 98
29 152
29 134
29 104
29 41
29 194
29 174
29 175
29 144
29 40
29 88
29 136
29 59
29 30
29 191
30 65
30 66
30 199
30 141
30 173
30 145
30 163
30 151
30 88
30 176
30 99
30 165
30 103
30 107
30 45
30 112
30 55
30 184
30 127
31 67
31 179
31 70
31 135
31 137
31 151
31 194
31 147
31 87
31 156
31 165
31 171
31 173
31 113
31 50
31 83
31 55
31 183
31 62
31 127
32 130
32 69
32 194
32 81
32 146
32 147
32 169
32 33
32 162
32 100
32 101
32 166
32 41
32 44
32 49
32 50
32 179
32 119
32 123
32 191
33 35
33 179
33 134
33 140
33 96
33 180
33 49
33 147
33 52
33 181
33 86
33 151
33 88
33 84
33 58
34 180
34 197
34 70
34 172
34 44
34 45
34 46
34 85
34 36
34 63
35 130
35 37
35 165
35 73
35 139
35 144
35 49
35 51
35 148
35 117
35 182
35 69
35 58
35 91
35 94
35 95
36 195
36 165
36 137
36 138
36 175
36 144
36 53
36 150
36 87
36 120
36 169
36 154
36 59
36 186
36 94
36 85
37 177
37 176
37 98
37 113
37 133
37 134
37 39
37 72
37 106
37 145
37 111
37 164
37 81
37 131
37 52
37 174
37 104
37 91
38 129
38 67
38 196
38 72
38 151
38 143
38 144
38 146
38 195
38 87
38 98
38 101
38 169
38 107
38 82
38 189
38 136
38 120
38 148
38 138
38 191
39 160
39 162
39 139
39 166
39 71
39 42
39 75
39 76
39 111
39 125
39 147
39 116
39 90
39 123
39 188
39 74
39 94
40 195
40 196
40 69
40 141
40 78
40 121
40 79
40 182
40 59
40 43
40 159
40 110
40 93
40 115
40 181
40 118
40 185
40 58
40 187
40 62
40 191
41 149
41 193
41 194
41 68
41 198
41 90
41 156
41 99
41 168
41 196
41 109
41 111
41 118
41 186
41 187
41 191
42 65
42 133
42 137
42 171
42 108
42 142
42 52
42 150
42 197
43 81
43 172
43 173
43 177
43 79
43 144
43 82
43 52
43 53
43 153
43 122
43 143
44 66
44 198
44 73
44 85
44 93
44 158
44 99
44 169
44 106
44 107
44 172
44 176
44 140
44 115
44 94
44 58
44 190
44 127
45 100
45 197
45 198
45 74
45 132
45 126
45 82
45 78
45 150
45 153
45 68
45 124
45 189
45 127
46 97
46 68
46 63
46 174
46 87
46 123
46 125
46 95
47 132
47 182
47 102
47 106
47 75
47 76
47 152
47 84
47 138
47 186
47 120
47 58
48 161
48 67
48 101
48 166
48 106
48 139
48 189
48 176
48 171
48 182
48 87
48 152
48 185
48 119
48 138
48 181
49 96
49 130
49 75
49 182
49 70
49 193
49 73
49 80
49 131
49 143
49 98
49 166
49 54
49 57
49 125
50 65
50 100
50 166
50 149
50 112
50 107
50 80
50 81
50 118
50 84
50 124
51 132
51 133
51 161
51 136
51 73
51 138
51 89
51 150
51 153
51 68
51 90
51 155
51 159
51 97
51 164
51 168
51 92
51 106
51 179
51 52
51 54
51 122
51 63
52 113
52 83
52 65
52 169
52 109
52 146
52 85
52 87
52 154
52 143
53 192
53 131
53 69
53 71
53 72
53 74
53 143
53 171
53 89
53 153
53 155
53 195
53 169
53 174
53 175
53 112
53 91
53 124
54 64
54 193
54 73
54 76
54 80
54 82
54 90
54 155
54 157
54 99
54 166
54 171
54 146
54 178
54 187
54 59
54 185
54 186
54 123
55 144
55 68
55 69
55 168
55 76
55 113
55 178
55 84
55 86
55 58
55 155
56 128
56 97
56 130
56 131
56 101
56 102
56 129
56 171
56 176
56 85
56 184
56 191
56 92
56 149
57 192
57 133
57 138
57 143
57 84
57 155
57 95
57 91
57 127
57 110
57 178
57 180
57 116
57 63
57 61
57 191
58 128
58 151
58 163
58 170
58 139
58 77
58 112
58 136
58 83
58 171
58 180
58 121
58 92
59 96
59 68
59 138
59 81
59 146
59 85
59 87
59 72
59 121
59 198
59 94
59 182
60 198
60 161
60 197
60 69
60 102
60 135
60 171
60 178
60 174
60 143
60 80
60 146
60 83
60 180
60 185
60 121
60 79
60 159
61 192
61 199
61 142
61 139
61 172
61 109
61 78
61 111
61 145
61 155
61 117
61 153
61 152
61 79
61 189
61 94
62 97
62 155
62 100
62 166
62 70
62 63
62 103
62 140
62 143
62 184
62 167
62 87
62 120
62 119
62 135
62 159
63 192
63 65
63 74
63 78
63 151
63 133
63 104
63 169
63 199
63 173
63 114
63 182
63 119
63 121
63 123
63 124
64 70
64 167
64 136
64 183
64 146
64 104
64 83
64 116
64 85
64 87
64 190
64 159
65 128
65 181
65 196
65 133
65 192
65 141
65 142
65 147
65 85
65 104
65 199
65 174
65 114
65 158
65 183
65 120
65 125
65 190
65 127
66 100
66 104
66 113
66 114
66 147
66 118
66 196
66 90
66 124
66 122
66 159
67 160
67 112
67 198
67 71
67 72
67 109
67 142
67 79
67 184
67 99
67 86
67 157
67 126
68 130
68 199
68 72
68 151
68 84
68 153
68 156
68 159
68 191
68 166
68 176
68 123
68 125
68 126
68 127
69 144
69 70
69 170
69 140
69 178
69 182
69 186
69 134
70 133
70 149
70 89
70 154
70 93
70 163
70 103
70 105
70 108
70 176
70 180
70 121
71 160
71 130
71 196
71 102
71 103
71 75
71 108
71 173
71 195
71 139
71 185
71 91
71 151
71 133
72 132
72 139
72 77
72 144
72 151
72 88
72 101
72 165
72 100
72 103
72 170
72 171
72 108
72 109
72 116
72 186
72 166
73 165
73 113
73 193
73 172
73 146
73 163
73 181
74 149
74 181
74 123
74 139
74 192
74 115
74 84
74 90
74 111
74 92
74 158
75 160
75 192
75 164
75 137
75 109
75 112
75 181
75 153
75 88
75 121
75 186
75 92
75 169
75 127
76 128
76 192
76 139
76 135
76 137
76 108
76 151
76 79
76 178
76 187
76 92
76 93
76 169
77 163
77 166
77 137
77 81
77 146
77 181
77 182
77 104
77 191
77 127
78 191
78 138
78 107
78 172
78 180
78 117
78 150
78 152
78 185
78 122
78 95
78 126
79 160
79 97
79 100
79 166
79 109
79 111
79 176
79 177
79 188
79 139
80 193
80 99
80 196
80 102
80 114
80 119
80 155
80 157
81 128
81 129
81 137
81 146
81 84
81 86
81 87
81 165
81 161
81 187
81 111
81 116
81 117
81 183
81 121
81 125
81 191
82 192
82 109
82 151
82 154
82 94
82 166
82 106
82 108
82 110
82 177
82 178
82 117
82 118
82 125
82 126
82 127
83 130
83 131
83 182
83 103
83 106
83 112
83 86
83 88
83 84
83 157
83 104
83 95
84 175
84 101
84 119
84 192
84 114
84 176
84 111
84 92
84 106
84 165
85 131
85 198
85 102
85 144
85 112
85 195
85 116
85 124
85 192
85 126
85 191
86 97
86 119
86 130
86 141
86 149
86 169
86 159
86 100
86 165
86 103
86 104
86 92
86 176
86 181
86 135
86 188
86 191
87 193
87 139
87 142
87 174
87 90
87 157
87 101
87 108
87 190
88 130
88 150
88 138
88 194
88 147
88 163
88 102
88 104
88 117
88 187
88 181
89 181
89 101
89 142
89 168
89 137
89 173
89 111
89 157
89 178
89 123
89 143
89 117
90 163
90 132
90 129
90 107
90 177
90 180
90 106
90 158
91 161
91 165
91 167
91 107
91 177
91 149
91 159
91 95
92 192
92 137
92 141
92 145
92 151
92 164
92 104
92 171
92 109
92 181
92 138
92 189
92 191
93 103
93 104
93 189
93 176
93 150
93 125
94 166
94 170
94 167
94 178
94 111
94 144
94 113
94 171
94 151
94 181
95 194
95 100
95 171
95 175
95 143
95 184
95 146
95 153
95 188
96 132
96 101
96 198
96 109
96 143
96 179
96 116
96 152
97 163
97 142
97 133
97 104
97 105
97 182
97 110
97 120
97 156
97 165
98 160
98 179
98 199
98 109
98 115
98 118
98 183
98 154
98 155
98 101
99 199
99 163
99 155
99 190
99 191
100 195
100 199
100 190
100 130
100 161
100 163
100 102
100 166
100 108
100 112
100 113
100 117
100 182
101 128
101 132
101 133
101 129
101 160
101 162
101 159
101 165
101 102
101 103
101 168
101 107
101 113
101 180
101 125
101 191
102 198
102 129
102 188
102 139
102 140
102 193
102 154
102 184
102 189
103 162
103 195
103 164
103 137
103 106
103 125
103 141
103 120
103 156
103 197
104 197
104 198
104 161
104 144
104 146
104 162
104 193
104 199
104 157
104 181
104 183
104 185
104 186
105 193
105 136
105 140
105 173
105 116
105 154
105 126
106 128
106 179
106 144
106 189
106 187
106 159
106 125
106 133
107 137
107 142
107 152
107 163
107 115
107 118
107 121
107 186
107 166
107 149
108 198
108 140
108 167
108 111
108 148
108 189
108 159
109 128
109 132
109 197
109 198
109 194
109 173
109 175
109 113
109 189
109 184
109 121
109 190
110 131
110 161
110 194
110 199
110 146
110 144
110 179
110 182
110 123
110 159
111 166
111 151
111 142
111 114
111 172
111 199
111 118
112 133
112 147
112 121
112 153
112 156
112 158
112 197
112 161
112 166
112 172
112 119
112 185
113 193
113 197
113 134
113 199
113 149
113 160
113 167
113 172
113 177
113 182
113 184
113 124
114 171
114 134
114 169
114 119
114 130
114 146
114 115
114 150
114 185
114 157
115 147
115 133
115 173
115 142
115 188
115 197
116 163
116 164
116 171
116 139
116 175
116 180
116 120
116 122
116 133
117 128
117 194
117 133
117 177
117 157
117 123
117 197
118 193
118 195
118 135
118 168
118 124
118 167
118 158
119 128
119 196
119 199
119 140
119 145
119 155
119 144
119 148
119 126
119 127
120 163
120 168
120 138
120 149
120 150
120 143
121 193
121 151
121 198
121 143
121 137
121 154
122 128
122 131
122 129
122 137
122 138
122 143
122 180
122 146
122 170
122 148
122 157
122 159
123 168
123 124
123 148
123 169
123 191
123 157
124 129
124 131
124 146
124 178
124 148
124 154
125 128
125 194
125 139
125 144
125 187
126 193
126 134
126 142
126 151
126 196
126 156
126 176
126 182
126 184
126 186
127 162
127 180
127 169
127 167
127 138
127 182
128 134
128 151
128 186
128 185
128 190
128 165
129 193
129 194
129 187
129 196
129 167
130 179
130 136
130 199
130 183
130 154
130 182
131 198
131 135
131 141
131 153
131 158
131 163
131 167
131 180
131 187
132 192
133 148
133 147
133 136
133 137
133 191
134 169
134 160
134 149
134 151
134 184
134 153
134 183
135 161
135 181
136 147
136 193
136 142
136 178
136 174
136 182
136 183
136 166
137 160
137 169
137 189
137 152
138 198
138 139
138 140
138 144
138 152
138 164
138 180
139 197
139 141
139 142
139 143
139 144
139 186
139 158
139 162
139 164
140 194
140 199
140 196
140 197
140 163
140 172
140 178
140 147
140 181
140 182
140 166
141 162
141 196
141 182
141 166
141 183
141 185
141 197
142 193
142 143
142 199
142 172
143 193
143 194
143 198
143 145
143 185
143 151
143 179
144 185
144 176
144 179
144 183
144 188
145 157
145 165
145 150
146 147
146 174
146 186
146 179
146 180
146 190
147 159
147 170
147 173
147 181
147 148
148 153
148 196
148 159
148 161
148 197
148 165
148 176
148 188
149 192
149 187
149 178
149 161
149 176
149 158
150 161
150 163
150 198
150 171
150 182
150 185
151 192
151 153
151 165
152 175
152 168
152 181
152 189
152 183
152 154
153 192
153 194
153 168
153 172
154 198
154 183
155 179
155 171
156 199
156 169
156 196
156 159
156 188
156 158
157 196
157 163
157 170
157 173
157 197
158 163
158 181
158 172
158 177
158 183
158 159
159 198
159 161
159 173
160 174
160 176
160 181
160 169
161 192
161 172
161 173
161 175
162 197
162 172
163 171
163 165
163 166
163 182
163 181
164 194
164 177
164 182
164 197
164 167
164 199
164 165
165 198
165 174
165 181
166 167
166 182
166 178
166 183
167 168
168 198
168 173
168 178
169 187
169 170
169 192
169 190
170 195
170 175
170 181
170 185
171 187
171 175
171 180
172 191
173 185
173 183
173 184
173 188
174 190
175 183
176 193
176 190
178 194
178 196
178 199
179 180
179 183
180 183
181 194
181 182
181 186
182 199
182 185
184 199
186 189
187 189
191 192
192 194
193 197
