0 192
0 193
0 71
0 197
0 199
0 9
0 76
0 142
0 79
0 195
0 148
0 85
0 25
0 26
0 69
0 162
0 100
0 166
0 170
0 7
0 83
0 124
0 190
1 192
1 193
1 2
1 198
1 10
1 128
1 141
1 146
1 83
1 52
1 94
1 197
1 6
1 43
1 111
1 113
1 179
1 116
1 181
1 54
1 55
1 180
2 192
2 3
2 132
2 42
2 9
2 10
2 17
2 84
2 25
2 91
2 94
2 5
2 162
2 198
2 51
2 158
2 95
2 106
3 195
3 197
3 6
3 7
3 9
3 10
3 11
3 12
3 81
3 84
3 79
3 94
3 70
3 109
3 60
4 193
4 194
4 197
4 6
4 138
4 14
4 143
4 83
4 139
4 21
4 92
4 94
4 131
4 174
4 60
4 192
4 134
5 195
5 196
5 8
5 9
5 11
5 12
5 13
5 15
5 19
5 90
5 27
5 158
5 31
5 133
5 36
5 170
5 137
5 125
6 133
6 7
6 72
6 12
6 15
6 16
6 150
6 25
6 27
6 94
6 161
6 98
6 35
6 169
6 181
6 126
7 197
7 199
7 8
7 10
7 11
7 14
7 15
7 23
7 153
7 93
7 95
7 38
7 72
7 186
7 60
8 100
8 198
8 9
8 10
8 13
8 82
8 83
8 20
8 150
8 153
8 92
8 98
8 77
8 102
8 176
8 178
8 55
8 121
9 12
9 13
9 14
9 15
9 16
9 17
9 19
9 43
9 87
9 153
9 86
9 107
9 102
9 104
9 54
9 55
9 56
10 134
10 12
10 141
10 154
10 163
10 70
10 103
10 39
10 174
10 48
10 177
10 51
10 183
11 74
11 141
11 14
11 131
11 21
11 71
11 92
11 168
11 135
11 173
11 47
11 113
11 185
12 14
12 15
12 16
12 149
12 87
12 25
12 69
12 171
12 108
12 115
12 187
12 188
12 61
12 63
13 16
13 17
13 19
13 20
13 21
13 22
13 23
13 27
13 92
13 95
13 33
13 162
13 175
13 72
13 73
13 61
13 149
14 67
14 15
14 16
14 18
14 19
14 20
14 149
14 162
14 163
14 36
14 167
14 180
14 62
15 80
15 145
15 18
15 22
15 23
15 24
15 28
15 157
15 167
15 104
15 169
15 135
15 109
15 72
15 122
15 189
16 131
16 68
16 139
16 140
16 173
16 18
16 20
16 24
16 158
16 37
16 198
16 49
16 42
16 146
16 136
16 120
16 121
17 192
17 107
17 18
17 20
17 22
17 87
17 199
17 110
17 175
17 177
17 180
17 118
18 133
18 19
18 20
18 21
18 22
18 23
18 25
18 28
18 34
18 163
18 104
18 142
18 47
18 49
19 74
19 77
19 81
19 20
19 22
19 24
19 27
19 28
19 162
19 101
19 38
19 93
19 55
19 183
20 26
20 29
20 159
20 144
20 100
20 101
20 167
20 104
20 40
20 58
20 123
21 134
21 77
21 25
21 26
21 27
21 28
21 29
21 107
21 108
21 176
21 180
22 68
22 71
22 85
22 24
22 23
22 88
22 25
22 27
22 31
22 33
22 95
22 182
22 123
22 62
23 128
23 72
23 163
23 89
23 27
23 29
23 30
23 35
23 101
23 169
23 172
23 111
23 94
23 56
23 95
23 117
24 194
24 195
24 196
24 70
24 79
24 68
24 28
24 29
24 30
24 31
24 33
24 95
24 67
24 55
24 186
24 159
25 131
25 72
25 76
25 78
25 151
25 26
25 27
25 38
25 142
25 53
25 184
25 149
26 195
26 153
26 27
26 28
26 30
26 31
26 32
26 34
26 35
26 177
26 53
26 148
26 124
26 62
26 85
27 67
27 196
27 77
27 28
27 29
27 30
27 165
27 36
27 37
27 168
27 173
27 177
27 182
27 163
27 70
27 62
28 196
28 143
28 154
28 30
28 31
28 33
28 98
28 35
28 38
28 104
28 107
28 82
28 54
28 95
29 192
29 194
29 161
29 76
29 31
29 33
29 34
29 35
29 38
29 39
29 40
29 115
29 117
29 182
29 55
29 122
30 43
30 81
30 199
30 73
30 152
30 83
30 95
30 162
30 36
30 39
30 40
30 171
30 57
30 31
30 60
30 61
30 149
31 134
31 145
31 74
31 92
31 152
31 83
31 87
31 155
31 69
31 34
31 39
31 40
31 121
31 102
31 85
32 194
32 70
32 77
32 82
32 186
32 95
32 33
32 35
32 36
32 37
32 38
32 41
32 42
32 153
32 185
32 58
33 195
33 68
33 131
33 149
33 161
33 34
33 35
33 37
33 38
33 39
33 42
33 114
33 91
33 179
34 130
34 70
34 142
34 81
34 167
34 163
34 35
34 36
34 41
34 43
34 109
34 182
34 55
34 123
35 160
35 133
35 199
35 94
35 50
35 41
35 170
35 45
35 112
35 114
35 181
35 187
35 189
36 96
36 130
36 132
36 137
36 141
36 86
36 163
36 165
36 41
36 42
36 107
36 44
36 45
36 186
36 159
36 60
37 160
37 193
37 72
37 138
37 109
37 144
37 85
37 89
37 61
37 46
37 184
37 121
37 187
37 60
37 189
37 63
38 160
38 133
38 198
38 140
38 144
38 174
38 90
38 91
38 69
38 101
38 103
38 104
38 43
38 110
38 47
38 52
38 58
38 191
39 192
39 161
39 145
39 86
39 88
39 42
39 43
39 47
39 49
39 94
39 119
40 87
40 145
40 151
40 156
40 102
40 44
40 46
40 47
40 49
40 115
40 94
40 185
40 59
40 126
41 128
41 160
41 129
41 75
41 152
41 154
41 90
41 42
41 172
41 45
41 47
41 48
41 49
41 115
41 182
42 108
42 83
42 87
42 176
42 89
42 158
42 43
42 44
42 46
42 99
42 123
42 60
43 76
43 100
43 91
43 93
43 165
43 44
43 45
43 52
43 53
43 116
43 61
44 64
44 193
44 196
44 65
44 139
44 145
44 172
44 45
44 46
44 49
44 50
44 53
44 183
45 128
45 107
45 196
45 172
45 138
45 163
45 167
45 48
45 49
45 50
45 51
45 54
45 122
45 125
46 70
46 138
46 80
46 82
46 91
46 160
46 97
46 175
46 50
46 52
46 53
46 54
46 56
46 191
46 61
46 127
47 131
47 69
47 199
47 72
47 74
47 140
47 120
47 153
47 92
47 157
47 172
47 48
47 49
47 50
47 53
47 183
47 185
48 192
48 129
48 67
48 179
48 199
48 77
48 74
48 167
48 94
48 99
48 166
48 103
48 93
48 51
48 116
48 53
48 56
48 170
48 190
49 128
49 193
49 119
49 74
49 75
49 77
49 186
49 152
49 157
49 168
49 53
49 55
49 56
50 182
50 75
50 141
50 88
50 165
50 52
50 53
50 54
50 57
50 58
50 59
50 60
50 191
51 65
51 134
51 174
51 160
51 112
51 123
51 164
51 166
51 175
51 52
51 57
51 188
51 61
51 63
52 171
52 133
52 173
52 184
52 146
52 153
52 95
52 177
52 54
52 55
52 56
52 57
52 122
52 59
52 60
53 193
53 75
53 148
53 153
53 88
53 155
53 97
53 187
53 103
53 55
53 59
54 64
54 144
54 148
54 153
54 100
54 101
54 127
54 176
54 184
54 180
54 58
54 59
54 60
54 61
55 65
55 195
55 193
55 140
55 162
55 158
55 106
55 108
55 179
55 119
55 137
55 60
56 65
56 133
56 140
56 76
56 77
56 148
56 151
56 92
56 98
56 102
56 124
56 118
56 60
56 61
56 62
56 63
57 65
57 134
57 115
57 82
57 167
57 107
57 110
57 180
57 186
57 124
57 125
57 62
57 63
58 64
58 128
58 198
58 77
58 142
58 86
58 152
58 93
58 159
58 179
58 123
58 61
58 62
59 64
59 66
59 71
59 115
59 82
59 91
59 186
59 97
59 99
59 165
59 167
59 171
59 111
59 179
59 119
59 116
59 122
60 64
60 65
60 83
60 69
60 193
60 72
60 145
60 155
60 166
60 106
60 171
60 112
60 113
60 61
60 62
60 63
61 64
61 128
61 69
61 199
61 74
61 143
61 83
61 153
61 98
61 166
61 105
61 106
61 176
61 189
62 66
62 70
62 74
62 141
62 185
62 182
62 133
62 98
62 114
62 181
63 64
63 65
63 66
63 195
63 71
63 72
63 151
63 142
63 115
63 81
63 121
63 144
63 104
63 169
63 173
63 112
63 123
64 67
64 68
64 72
64 73
64 74
64 190
64 84
64 87
64 196
64 96
64 198
64 103
64 170
64 171
64 179
64 181
64 153
64 169
64 191
65 70
65 72
65 73
65 75
65 141
65 184
65 185
65 156
65 163
65 102
65 166
65 169
65 177
65 118
65 126
66 195
66 68
66 69
66 70
66 71
66 73
66 74
66 75
66 153
66 133
66 168
66 108
67 68
67 133
67 71
67 136
67 75
67 76
67 147
67 91
67 156
67 96
67 164
67 188
68 198
68 71
68 74
68 139
68 149
68 160
68 162
68 97
68 111
68 85
69 133
69 71
69 72
69 73
69 143
69 89
69 111
69 97
69 167
69 125
69 114
69 116
70 131
70 71
70 72
70 137
70 78
70 86
70 97
70 195
70 188
70 193
70 115
71 72
71 73
71 74
71 77
71 78
71 132
71 159
71 107
71 191
71 120
72 74
72 76
72 77
72 81
72 85
72 88
72 165
72 167
72 193
72 114
72 189
73 196
73 75
73 145
73 82
73 83
73 154
73 90
73 182
73 102
73 168
73 170
73 199
73 112
73 118
74 75
74 77
74 82
74 99
74 100
74 167
74 172
74 116
74 191
75 196
75 139
75 76
75 83
75 85
75 151
75 154
75 163
75 177
75 175
75 112
75 188
75 149
76 150
76 198
76 77
76 84
76 154
76 96
76 136
76 118
76 134
77 79
77 115
77 81
77 87
77 88
77 158
77 197
77 163
77 105
77 108
77 174
77 177
77 191
78 193
78 151
78 143
78 145
78 82
78 84
78 88
78 165
78 177
78 182
79 130
79 139
79 83
79 85
79 86
79 87
79 89
79 93
79 160
79 165
79 135
79 117
79 122
80 143
80 81
80 85
80 86
80 91
80 155
80 104
80 108
80 178
81 194
81 83
81 86
81 87
81 88
81 89
81 90
81 170
81 173
81 117
81 183
81 124
82 152
82 83
82 148
82 86
82 151
82 88
82 91
82 172
82 180
83 195
83 84
83 92
83 97
83 102
83 176
84 196
84 135
84 85
84 151
84 88
84 89
84 92
84 93
84 94
84 166
84 168
84 105
84 109
84 174
84 115
84 181
85 129
85 198
85 142
85 86
85 151
85 88
85 90
85 94
85 95
85 136
85 182
85 122
86 128
86 88
86 164
86 152
86 93
86 162
86 99
86 101
86 126
87 161
87 150
87 88
87 89
87 90
87 94
87 97
87 181
87 124
88 196
88 198
88 153
88 143
88 95
88 96
88 97
88 166
88 112
88 179
88 123
89 199
89 91
89 92
89 94
89 95
89 161
89 98
89 112
89 187
90 91
90 96
90 97
90 166
90 167
90 168
90 105
90 122
91 139
91 94
91 116
91 99
91 100
91 171
91 178
91 180
91 119
91 185
91 189
92 193
92 136
92 137
92 142
92 144
92 93
92 98
92 99
92 100
92 101
92 172
92 109
92 163
92 122
93 160
93 131
93 197
93 98
93 99
93 100
93 101
93 195
93 103
93 193
93 116
94 128
94 181
94 129
94 119
94 140
94 142
94 143
94 96
94 97
94 100
94 171
94 175
94 117
94 183
94 149
95 134
95 144
95 98
95 99
95 100
95 101
95 104
95 190
95 120
95 126
96 194
96 138
96 131
96 156
96 97
96 98
96 103
96 104
96 109
96 176
96 113
96 118
96 122
96 123
97 181
97 115
97 140
97 167
97 101
97 147
97 184
97 191
98 171
98 146
98 147
98 99
98 167
98 109
98 113
98 169
98 127
99 142
99 149
99 155
99 101
99 103
99 107
99 108
99 109
100 128
100 150
100 137
100 154
100 153
100 106
100 108
100 109
101 195
101 197
101 161
101 103
101 105
101 167
101 111
101 183
102 198
102 149
102 104
102 105
102 106
102 107
102 173
103 195
103 198
103 199
103 162
103 104
103 106
103 108
103 109
103 111
103 116
103 182
103 123
104 177
104 133
104 146
104 178
104 109
104 176
104 113
104 114
104 159
104 125
105 136
105 165
105 106
105 107
105 109
105 110
105 113
105 124
106 131
106 179
106 139
106 163
106 107
106 110
106 114
106 116
106 187
106 166
107 128
107 197
107 121
107 159
107 110
107 113
107 183
107 191
108 140
108 110
108 111
108 112
108 117
108 118
108 186
108 191
108 149
109 158
109 172
109 110
109 111
109 113
109 114
109 119
109 186
110 179
110 134
110 156
110 165
110 161
110 125
110 112
110 113
110 115
110 119
110 185
110 124
110 189
111 195
111 142
111 147
111 148
111 185
111 163
111 112
111 113
111 115
111 180
111 118
111 181
112 195
112 116
112 117
112 119
112 120
112 126
113 192
113 196
113 199
113 141
113 143
113 153
113 159
113 160
113 165
113 116
113 119
113 184
113 121
113 123
113 188
114 132
114 198
114 139
114 144
114 152
114 163
114 115
114 121
114 122
114 123
114 124
115 188
115 152
115 123
115 116
115 120
115 124
116 128
116 171
116 196
116 129
116 145
116 186
116 117
116 122
116 124
117 156
117 162
117 168
117 118
117 124
117 125
117 126
118 199
118 139
118 126
118 147
118 156
118 179
118 119
118 120
118 121
118 124
118 190
119 128
119 178
119 141
119 161
119 165
119 166
119 158
119 120
119 121
119 122
119 124
119 125
119 127
120 129
120 171
120 179
120 135
120 174
120 172
120 184
120 122
120 188
121 128
121 130
121 153
121 172
121 178
121 123
121 188
121 126
122 128
122 132
122 197
122 194
122 147
122 133
122 185
122 127
123 128
123 131
123 132
123 135
123 186
123 127
124 128
124 131
124 132
124 135
124 192
124 152
124 178
124 184
124 125
124 126
125 129
125 130
125 132
125 133
125 134
125 135
125 160
125 198
125 178
125 189
125 126
126 128
126 134
126 135
126 136
126 141
126 142
126 145
126 151
126 153
126 150
126 163
126 179
127 128
127 132
127 133
127 134
127 135
127 136
127 150
127 155
127 163
127 168
128 192
128 133
128 135
128 138
128 164
128 156
128 187
128 176
129 195
129 134
129 135
129 136
129 145
129 150
129 164
129 183
130 194
130 132
130 134
130 135
130 136
130 137
130 156
130 159
130 182
130 186
131 138
131 140
131 143
131 149
131 152
131 154
131 157
132 134
132 136
132 139
132 142
132 143
132 146
132 168
132 135
132 180
133 139
133 142
133 154
134 135
134 136
134 137
134 138
134 142
134 143
134 174
135 141
135 142
135 143
135 151
135 152
135 170
135 178
136 197
136 137
136 138
136 143
136 144
136 146
136 150
136 178
136 182
137 139
137 140
137 142
137 161
137 187
137 189
138 139
138 141
138 142
138 147
138 190
139 140
139 141
139 143
139 144
139 145
139 152
139 169
139 172
140 142
140 144
140 150
140 151
140 152
140 157
140 168
140 174
140 172
141 142
141 144
141 147
141 149
141 150
141 198
141 170
142 194
142 144
142 148
142 151
142 164
142 198
142 199
142 184
143 144
143 146
143 149
143 152
143 153
143 187
144 194
144 145
144 152
144 153
144 156
144 168
144 178
144 184
144 190
145 146
145 149
145 152
145 155
145 158
145 163
145 169
145 174
145 186
146 199
146 149
146 150
146 151
146 152
146 154
146 183
147 199
147 148
147 149
147 150
147 151
147 153
147 155
147 157
147 170
148 150
148 151
148 153
148 156
148 168
148 177
148 180
148 181
149 194
149 152
149 159
150 199
150 151
150 153
150 154
150 155
150 157
150 159
150 160
150 182
150 184
151 197
151 152
151 153
151 156
151 157
151 159
151 170
151 187
152 198
152 155
152 157
152 185
153 196
153 178
154 199
154 156
154 157
154 161
154 162
154 163
154 175
154 185
155 158
155 159
155 162
155 163
155 169
155 175
155 185
156 159
156 160
156 167
156 191
157 194
157 159
157 167
157 171
157 184
157 185
157 188
157 191
158 161
158 166
158 175
158 176
159 171
159 196
159 160
159 165
159 167
159 169
159 183
160 164
160 166
160 168
160 169
161 165
161 163
161 164
161 167
161 170
162 163
162 164
162 167
162 176
162 191
163 167
163 169
164 195
164 165
164 166
164 167
164 171
164 172
164 174
165 192
165 199
165 168
165 170
165 172
165 173
166 193
166 167
166 169
166 175
166 189
166 181
166 186
167 169
167 171
167 177
167 181
168 198
168 177
168 169
168 170
168 171
168 172
168 173
168 174
169 197
169 170
169 171
169 173
169 174
169 176
169 177
169 191
170 172
170 174
170 177
170 180
171 176
171 177
171 178
171 179
171 181
171 189
172 174
173 174
173 175
173 177
173 179
173 180
173 181
174 196
174 177
174 179
174 182
174 183
175 177
175 178
175 179
175 183
175 185
176 197
176 180
176 181
176 182
176 184
177 183
177 185
178 183
178 184
178 187
179 181
179 182
179 185
180 185
180 182
180 187
181 190
181 183
181 184
182 193
182 183
182 186
182 187
182 190
183 197
183 184
183 185
183 187
183 190
184 194
184 188
184 185
184 186
184 189
185 192
185 187
185 190
186 192
186 195
186 196
186 188
186 190
187 192
187 195
187 188
187 190
188 192
188 195
188 197
188 198
188 191
189 194
189 195
189 197
189 198
189 199
189 190
189 191
190 193
190 195
190 198
190 199
190 191
191 193
191 198
192 194
192 195
193 194
194 195
195 198
195 197
196 199
198 199
