0 1
0 43
0 198
0 193
0 10
0 15
0 91
0 31
0 164
0 39
0 7
0 115
0 122
0 63
0 191
1 194
1 4
1 11
1 2
1 78
1 79
1 144
1 17
1 195
1 86
1 197
1 80
1 102
1 45
1 76
1 53
1 118
1 137
1 57
1 187
2 195
2 197
2 8
2 11
2 12
2 130
2 141
2 67
2 23
2 24
2 196
2 28
2 32
2 101
2 38
2 49
2 83
2 117
2 57
2 87
2 192
2 63
3 64
3 65
3 66
3 4
3 5
3 6
3 135
3 9
3 150
3 196
3 26
3 15
3 156
3 90
3 158
3 95
3 27
3 198
3 199
3 108
3 111
3 181
3 118
4 194
4 196
4 198
4 199
4 10
4 81
4 22
4 29
4 69
4 98
4 163
4 164
4 37
4 38
4 193
4 173
4 110
4 119
4 186
4 134
5 192
5 129
5 196
5 7
5 9
5 12
5 17
5 195
5 84
5 92
5 157
5 97
5 6
5 47
5 76
5 137
5 184
5 185
5 186
6 198
6 12
6 13
6 16
6 141
6 196
6 91
6 160
6 27
6 77
6 134
6 105
6 48
6 178
6 73
6 60
7 130
7 197
7 70
7 136
7 10
7 13
7 14
7 148
7 21
7 150
7 153
7 27
7 158
7 69
7 161
7 28
8 32
8 132
8 133
8 12
8 10
8 76
8 13
8 131
8 152
8 96
8 161
8 36
8 37
8 53
8 134
9 68
9 199
9 139
9 12
9 14
9 15
9 18
9 78
9 24
9 154
9 38
9 43
9 142
9 83
9 190
10 130
10 195
10 197
10 73
10 139
10 12
10 141
10 67
10 152
10 135
10 99
10 168
10 42
10 71
10 136
10 49
10 121
10 122
10 190
11 128
11 14
11 15
11 82
11 19
11 20
11 21
11 131
11 103
11 104
11 71
11 173
11 49
11 114
11 137
11 184
12 15
12 16
12 17
12 82
12 19
12 21
12 156
12 158
12 35
12 174
12 125
12 118
12 188
12 74
12 62
13 65
13 131
13 146
13 21
13 22
13 88
13 156
13 158
13 161
13 162
13 99
13 70
13 19
13 54
13 183
13 186
13 60
13 127
14 17
14 18
14 22
14 153
14 100
14 154
14 159
14 36
14 103
14 168
14 106
14 172
14 45
14 175
14 104
14 123
15 199
15 16
15 18
15 20
15 23
15 25
15 157
15 197
15 165
15 167
15 107
15 109
15 175
15 188
15 125
16 66
16 17
16 18
16 20
16 23
16 24
16 25
16 143
16 94
16 163
16 164
16 39
16 106
16 43
16 189
16 113
16 59
16 60
16 61
16 62
17 74
17 18
17 19
17 20
17 21
17 22
17 26
17 93
17 144
17 165
17 154
17 50
17 57
17 60
18 64
18 194
18 75
18 135
18 140
18 19
18 24
18 26
18 27
18 161
18 35
18 39
18 121
19 69
19 135
19 78
19 142
19 22
19 23
19 27
19 155
19 41
19 107
19 46
19 112
19 74
19 126
19 191
20 194
20 197
20 135
20 85
20 24
20 28
20 29
20 32
20 97
20 108
20 61
20 110
20 93
20 55
20 74
21 192
21 75
21 68
21 22
21 28
21 29
21 80
21 36
21 40
21 44
21 174
21 116
21 180
21 59
22 129
22 23
22 25
22 28
22 31
22 156
22 42
22 142
22 111
22 94
22 182
22 125
22 191
23 64
23 150
23 75
23 85
23 24
23 25
23 26
23 155
23 38
23 40
23 45
23 46
23 119
23 121
23 62
24 141
24 150
24 28
24 30
24 32
24 165
24 108
24 113
24 184
24 148
24 187
25 161
25 27
25 28
25 31
25 37
25 105
25 71
25 45
25 47
25 114
25 155
25 57
25 191
25 63
26 68
26 78
26 148
26 149
26 29
26 30
26 31
26 33
26 101
26 106
26 99
26 178
26 116
26 182
27 128
27 154
27 29
27 32
27 35
27 37
27 167
27 199
27 172
27 82
27 190
27 126
28 64
28 192
28 67
28 198
28 138
28 142
28 30
28 31
28 32
28 33
28 34
28 35
28 107
28 49
28 147
28 52
28 55
28 163
28 159
28 189
28 127
29 134
29 136
29 80
29 81
29 68
29 31
29 33
29 34
29 36
29 39
29 172
29 119
29 187
30 160
30 133
30 78
30 152
30 150
30 31
30 32
30 34
30 36
30 40
30 168
30 58
30 126
31 149
31 66
31 86
31 142
31 146
31 91
31 32
31 35
31 36
31 37
31 38
31 109
31 49
31 51
31 181
31 123
31 191
32 131
32 142
32 146
32 89
32 34
32 35
32 36
32 37
32 40
32 41
32 111
32 105
32 62
33 199
33 163
33 152
33 175
33 34
33 35
33 36
33 37
33 38
33 39
33 40
33 41
33 43
33 108
33 61
33 176
33 119
33 184
33 123
33 102
34 133
34 71
34 137
34 138
34 146
34 83
34 35
34 36
34 37
34 38
34 39
34 111
34 59
34 191
35 92
35 50
35 37
35 38
35 40
35 41
35 42
35 43
35 44
35 45
35 47
35 178
35 114
35 146
36 96
36 195
36 153
36 59
36 37
36 44
36 72
36 52
36 187
36 95
36 189
37 68
37 175
37 144
37 147
37 39
37 41
37 44
37 45
37 46
37 47
38 96
38 68
38 151
38 149
38 152
38 40
38 42
38 47
38 48
38 104
38 137
38 119
39 192
39 73
39 76
39 162
39 143
39 80
39 40
39 42
39 45
39 46
39 123
39 126
39 63
40 160
40 74
40 82
40 88
40 41
40 44
40 146
40 47
40 63
40 60
40 126
40 191
41 128
41 67
41 71
41 154
41 178
41 95
41 45
41 46
41 176
41 50
41 51
41 62
41 185
41 186
41 187
41 189
41 190
41 191
42 160
42 130
42 133
42 161
42 88
42 103
42 93
42 101
42 105
42 43
42 44
42 46
42 52
42 60
43 145
43 82
43 96
43 171
43 45
43 46
43 48
43 50
43 51
43 52
43 53
43 170
43 120
43 187
43 125
43 126
44 129
44 135
44 140
44 143
44 146
44 148
44 89
44 155
44 161
44 47
44 50
44 51
44 54
44 119
44 180
44 61
45 179
45 70
45 199
45 76
45 82
45 89
45 161
45 168
45 46
45 52
45 54
46 179
46 140
46 155
46 161
46 98
46 47
46 50
46 51
46 52
46 117
46 54
46 55
47 96
47 67
47 146
47 84
47 121
47 91
47 160
47 162
47 48
47 168
47 50
47 179
47 52
47 53
47 55
47 153
48 68
48 69
48 73
48 74
48 185
48 116
48 49
48 179
48 52
48 55
48 56
48 57
48 58
49 171
49 75
49 77
49 173
49 185
49 79
49 102
49 51
49 181
49 182
49 57
49 59
49 61
49 63
50 196
50 71
50 110
50 99
50 104
50 51
50 52
50 56
50 57
50 58
50 85
51 73
51 170
51 185
51 169
51 94
51 95
51 98
51 180
51 52
51 55
51 58
51 60
51 190
52 130
52 115
52 198
52 72
52 148
52 86
52 164
52 91
52 163
52 53
52 54
52 55
52 123
52 61
53 128
53 132
53 182
53 76
53 145
53 150
53 155
53 165
53 105
53 106
53 54
53 116
53 58
53 127
53 62
54 131
54 135
54 56
54 83
54 152
54 162
54 120
54 57
54 60
54 63
55 65
55 76
55 144
55 95
55 116
55 187
55 100
55 169
55 170
55 57
55 58
55 59
55 60
55 63
56 64
56 66
56 68
56 70
56 193
56 153
56 95
56 112
56 57
56 59
56 61
56 63
57 129
57 66
57 72
57 79
57 145
57 157
57 158
57 97
57 60
57 121
57 59
57 188
57 125
57 63
58 65
58 197
58 199
58 136
58 74
58 142
58 150
58 152
58 107
58 172
58 120
58 60
58 61
59 65
59 66
59 71
59 138
59 192
59 83
59 160
59 97
59 162
59 172
59 173
59 186
59 60
59 61
59 85
60 65
60 66
60 79
60 93
60 96
60 144
60 123
60 111
60 168
60 188
60 63
61 64
61 67
61 68
61 70
61 73
61 143
61 131
61 159
61 123
61 198
61 125
62 64
62 66
62 67
62 68
62 133
62 71
62 72
62 141
62 83
62 87
62 92
62 159
62 63
63 66
63 70
63 71
63 72
63 137
63 143
63 145
63 148
63 91
63 124
63 108
63 109
63 115
64 65
64 66
64 131
64 133
64 72
64 77
64 143
64 141
64 152
64 137
64 159
64 165
64 166
64 170
64 146
65 66
65 67
65 68
65 71
65 72
65 73
65 74
65 76
65 148
65 85
65 87
65 137
65 90
65 186
65 133
65 104
65 113
65 127
66 72
66 75
66 138
66 84
66 86
66 92
66 157
66 161
66 182
67 133
67 71
67 73
67 76
67 154
67 111
67 135
67 184
68 139
68 69
68 74
68 75
68 82
68 152
68 89
68 165
68 103
68 105
68 107
68 173
68 192
69 194
69 70
69 71
69 73
69 79
69 153
69 156
69 158
69 162
70 71
70 73
70 128
70 75
70 77
70 78
70 80
70 145
70 88
70 143
70 94
70 129
70 180
70 183
70 187
71 192
71 135
71 73
71 162
71 81
71 150
71 161
71 164
71 198
71 167
71 125
71 182
71 120
71 122
72 74
72 77
72 146
72 153
72 102
72 178
72 190
72 182
72 186
73 74
73 83
73 176
73 196
73 161
73 195
73 167
73 177
73 191
73 124
73 134
74 135
74 75
74 77
74 78
74 81
74 82
74 147
74 84
74 93
74 171
74 185
74 187
75 193
75 137
75 77
75 78
75 79
75 80
75 82
75 84
75 85
75 155
75 171
75 174
75 118
75 188
76 86
76 154
76 156
76 97
76 166
76 120
76 186
76 125
76 126
77 79
77 131
77 85
77 86
77 87
77 100
77 154
77 164
77 113
77 181
77 118
77 138
78 139
78 80
78 81
78 83
78 85
78 86
78 88
78 144
78 147
78 108
78 185
78 151
79 81
79 85
79 87
79 93
79 164
79 176
79 180
79 117
79 118
80 81
80 84
80 87
80 88
80 95
80 198
80 175
80 189
80 190
81 129
81 195
81 82
81 85
81 87
81 90
81 163
81 105
81 172
81 175
81 157
81 114
82 84
82 85
82 87
82 88
82 89
82 95
82 160
83 139
83 197
83 144
83 85
83 89
83 90
83 92
83 93
83 171
83 183
84 130
84 158
84 142
84 86
84 164
84 90
84 91
84 94
84 100
84 179
84 116
84 117
84 119
85 192
85 148
85 86
85 87
85 88
85 91
85 93
85 95
85 155
85 189
86 130
86 135
86 88
86 156
86 95
86 96
86 165
86 102
86 168
86 171
86 172
86 174
86 176
86 118
86 183
86 124
86 126
87 198
87 88
87 89
87 90
87 91
87 93
87 94
87 95
87 97
87 172
88 133
88 162
88 143
88 89
88 90
88 98
88 166
88 110
88 116
88 186
88 170
89 195
89 135
89 139
89 153
89 91
89 97
89 99
89 101
89 183
89 121
90 129
90 133
90 151
90 140
90 91
90 92
90 93
90 182
90 96
90 98
90 101
90 114
90 179
90 118
90 121
91 195
91 199
91 136
91 164
91 150
91 92
91 97
91 123
91 101
91 169
91 127
91 114
91 181
91 183
91 120
91 191
92 195
92 197
92 134
92 161
92 151
92 93
92 97
92 99
92 101
92 107
92 155
93 193
93 94
93 95
93 97
93 98
93 99
93 100
93 101
93 102
93 124
93 177
93 179
93 117
94 161
94 152
94 97
94 98
94 99
94 100
94 101
94 102
94 104
94 118
95 134
95 184
95 163
95 96
95 97
95 102
95 103
95 105
95 109
95 182
95 185
96 195
96 141
96 164
96 175
96 156
96 100
96 191
96 182
97 192
97 193
97 129
97 139
97 150
97 133
97 100
97 104
97 105
97 106
97 172
97 188
98 133
98 149
98 99
98 100
98 103
98 107
98 108
98 110
99 133
99 101
99 102
99 103
99 105
99 106
99 108
99 109
99 116
99 169
100 171
100 197
100 137
100 174
100 165
100 101
100 103
100 105
100 107
100 108
100 175
101 130
101 138
101 165
101 102
101 104
101 105
101 106
101 108
101 111
101 168
101 114
101 126
102 151
102 165
102 106
102 107
102 108
102 109
102 110
102 112
102 118
102 191
103 162
103 153
103 104
103 169
103 108
103 109
103 110
103 113
103 183
104 199
104 138
104 173
104 154
104 164
104 105
104 106
104 107
104 108
104 110
104 111
104 114
104 184
104 190
105 146
105 108
105 109
105 112
105 114
105 186
106 130
106 198
106 146
106 107
106 110
106 112
106 113
106 115
106 126
106 166
107 138
107 158
107 108
107 111
107 113
107 114
107 115
108 141
108 109
108 111
108 112
108 114
108 115
108 117
108 118
109 128
109 131
109 198
109 151
109 167
109 110
109 115
109 119
110 131
110 159
110 112
110 114
110 118
110 123
110 166
111 197
111 143
111 150
111 114
111 120
111 121
112 132
112 172
112 167
112 164
112 157
112 113
112 115
112 117
112 118
112 119
112 187
112 190
113 140
113 157
113 159
113 165
113 166
113 114
113 118
113 120
113 123
113 181
114 115
114 116
114 118
114 120
114 121
114 122
114 123
114 124
115 196
115 134
115 140
115 117
115 119
115 120
115 122
115 123
116 130
116 195
116 196
116 141
116 171
116 158
116 160
116 118
116 119
116 120
116 123
117 199
117 148
117 124
117 118
117 120
117 188
117 125
117 127
118 199
118 149
118 163
118 180
118 122
118 125
118 127
119 128
119 173
119 151
119 176
119 126
119 120
119 123
119 124
119 125
119 190
120 143
120 156
120 176
120 184
120 122
120 124
120 127
121 139
121 142
121 144
121 156
121 179
121 122
121 127
122 129
122 130
122 132
122 193
122 194
122 134
122 175
122 123
122 124
122 125
123 129
123 131
123 198
123 193
123 137
123 141
123 147
123 185
123 160
123 188
123 182
124 128
124 129
124 133
124 134
124 139
124 195
124 160
124 164
124 125
124 126
124 191
125 192
125 129
125 130
125 131
125 194
125 195
125 185
125 154
125 177
125 189
125 126
125 127
126 128
126 133
126 154
126 167
126 160
126 188
126 177
127 128
127 129
127 133
127 135
127 136
127 192
127 151
127 166
127 176
127 178
128 130
128 133
128 136
128 137
128 194
128 156
128 170
128 191
129 194
129 134
129 136
129 137
129 160
129 171
129 179
129 181
130 132
130 135
130 137
130 138
130 139
130 196
130 168
131 134
131 135
131 138
131 139
131 140
131 163
131 172
131 180
132 133
132 136
132 138
132 140
132 141
132 144
132 151
132 160
132 187
132 171
132 180
132 181
132 190
133 136
133 137
133 138
133 140
133 142
133 159
133 160
134 135
134 159
134 199
134 174
134 157
134 176
135 136
135 172
135 145
135 162
135 163
135 166
135 173
135 184
135 195
136 137
136 138
136 139
136 140
136 143
136 144
136 170
136 173
136 157
136 180
137 142
137 143
137 144
137 145
137 150
137 158
138 199
138 141
138 143
138 144
138 150
138 168
138 178
138 186
138 149
139 140
139 141
139 143
139 144
139 148
139 149
139 182
139 186
139 190
140 141
140 143
140 144
140 145
140 149
140 150
140 179
140 177
140 170
140 178
140 184
141 142
141 143
141 146
141 150
141 165
141 162
141 175
142 147
142 148
142 149
142 150
142 153
142 188
143 146
143 150
143 151
143 166
143 199
144 145
144 147
144 151
144 164
144 173
144 183
145 146
145 148
145 151
145 153
145 163
146 148
146 156
147 148
147 149
147 150
147 151
147 155
147 180
147 181
148 153
148 155
148 156
148 157
148 160
148 173
148 179
149 150
149 151
149 152
149 155
149 157
149 159
149 168
149 173
150 196
150 198
150 156
150 159
150 160
151 192
151 156
151 159
152 154
152 155
152 157
152 162
153 192
153 196
153 155
153 158
153 162
153 163
153 165
153 177
153 178
153 180
153 185
153 190
154 156
154 157
154 163
154 174
154 177
154 185
154 188
155 156
155 157
155 159
155 165
155 171
156 158
156 160
156 161
156 166
157 159
157 160
157 161
157 163
157 165
157 166
157 188
158 198
158 162
158 164
158 165
158 168
158 178
158 185
159 194
159 198
159 168
159 169
159 190
159 187
159 188
159 181
160 193
160 177
160 161
160 162
160 163
160 164
160 168
160 169
160 183
161 195
161 194
161 167
161 180
162 199
162 164
162 165
162 166
162 167
162 168
162 169
163 164
163 167
163 169
163 179
164 167
164 179
164 189
165 167
165 168
165 170
165 184
166 198
166 167
166 168
166 169
166 171
166 172
166 174
166 175
166 179
167 199
167 169
167 170
167 173
167 174
167 175
167 187
168 169
168 170
168 172
168 175
168 176
169 171
169 174
169 176
169 177
169 178
169 180
170 195
170 196
170 171
170 172
170 177
170 179
170 190
171 174
171 177
171 180
172 194
172 198
172 182
172 183
172 184
173 196
173 198
173 177
173 179
173 182
173 183
173 184
174 194
174 197
174 177
174 180
174 181
174 182
174 183
175 176
175 177
175 180
175 181
175 185
176 199
176 178
176 181
176 182
176 184
176 185
177 196
177 178
177 181
177 183
178 185
178 187
178 188
179 181
179 190
180 198
180 182
180 184
180 187
181 193
181 183
181 185
181 189
181 190
182 194
182 184
182 191
183 193
183 184
183 185
183 187
183 188
183 191
184 194
184 185
184 186
184 190
185 192
185 188
186 196
186 197
186 187
186 189
187 194
187 197
187 189
188 194
188 191
188 189
188 190
189 192
189 193
189 195
189 199
189 190
190 198
190 191
191 194
191 195
191 198
191 199
192 195
192 197
193 194
193 196
193 197
193 198
194 197
194 198
197 198
197 199
