0 192
0 193
0 2
0 198
0 12
0 143
0 146
0 153
0 71
0 91
0 130
0 5
0 165
0 170
0 44
0 173
0 176
0 51
0 185
0 186
0 187
0 125
0 191
1 2
1 67
1 198
1 11
1 66
1 81
1 89
1 155
1 156
1 130
1 176
1 105
1 45
1 48
1 177
1 52
1 118
1 191
2 194
2 4
2 6
2 199
2 9
2 138
2 75
2 195
2 148
2 21
2 24
2 196
2 28
2 93
2 5
2 98
2 104
2 193
2 7
2 110
2 175
2 177
2 50
2 51
2 52
2 159
3 66
3 196
3 133
3 6
3 11
3 12
3 194
3 75
3 83
3 143
3 32
3 161
3 198
3 39
3 40
3 57
3 188
4 195
4 196
4 197
4 6
4 7
4 8
4 9
4 12
4 20
4 174
4 153
4 30
4 165
4 33
4 198
4 194
4 170
4 199
4 44
4 110
4 52
4 41
4 123
4 125
4 62
5 195
5 197
5 198
5 7
5 8
5 13
5 14
5 15
5 66
5 23
5 25
5 29
5 77
5 6
5 102
5 169
5 170
5 199
5 51
5 118
5 55
5 70
6 198
6 9
6 11
6 12
6 14
6 195
6 196
6 154
6 156
6 98
6 102
6 117
6 120
6 189
6 63
7 65
7 67
7 199
7 8
7 14
7 16
7 17
7 195
7 84
7 90
7 155
7 40
7 125
8 129
8 68
8 65
8 12
8 16
8 17
8 89
8 27
8 30
8 161
8 38
8 43
8 109
8 110
8 179
8 158
8 119
8 188
8 146
9 74
9 13
9 14
9 15
9 16
9 19
9 66
9 143
9 97
9 41
9 170
9 44
9 110
9 125
9 189
10 196
10 138
10 11
10 12
10 16
10 17
10 18
10 19
10 155
10 93
10 96
10 171
10 45
10 178
10 52
10 118
11 197
11 73
11 12
11 14
11 16
11 17
11 21
11 23
11 152
11 90
11 29
11 159
11 99
11 165
11 81
11 145
11 115
11 61
12 13
12 15
12 16
12 75
12 20
12 27
12 31
12 160
12 37
12 82
12 175
12 180
13 15
13 17
13 18
13 19
13 79
13 86
13 93
13 150
13 37
13 38
13 47
13 122
14 198
14 77
14 15
14 16
14 17
14 19
14 85
14 22
14 156
14 122
14 101
14 106
14 109
14 174
14 47
14 50
14 54
14 148
14 58
15 131
15 87
15 144
15 17
15 21
15 23
15 24
15 197
15 16
15 165
15 38
15 174
15 181
15 182
16 128
16 67
16 17
16 18
16 19
16 21
16 105
16 24
16 31
16 41
16 47
16 49
16 137
16 62
17 193
17 18
17 83
17 78
17 22
17 23
17 24
17 26
17 154
17 97
17 101
17 129
17 171
17 140
17 59
17 151
18 130
18 152
18 69
18 161
18 24
18 25
18 26
18 27
18 28
18 95
18 144
18 105
18 106
18 172
18 50
18 59
18 125
18 127
19 55
19 145
19 84
19 22
19 93
19 32
19 162
19 168
19 169
19 171
19 29
19 113
19 180
19 182
19 105
19 185
20 21
20 23
20 24
20 26
20 30
20 167
20 168
20 105
20 106
20 111
20 52
20 119
20 185
21 193
21 71
21 73
21 86
21 23
21 24
21 25
21 26
21 29
21 30
21 31
21 80
21 100
21 37
21 144
21 171
21 140
21 122
21 189
22 138
22 85
22 23
22 27
22 28
22 29
22 30
22 98
22 40
22 105
22 50
22 83
22 189
23 195
23 71
23 137
23 25
23 26
23 92
23 33
23 36
23 63
23 121
23 123
23 127
24 131
24 69
24 44
24 76
24 57
24 154
24 79
24 27
24 168
24 172
24 109
24 183
24 185
24 95
24 60
25 94
25 99
25 152
25 26
25 143
25 30
25 31
25 103
25 104
25 170
25 171
25 113
25 114
25 117
25 185
25 187
26 135
26 27
26 28
26 29
26 30
26 31
26 33
26 34
26 35
26 168
26 144
26 110
26 47
26 48
26 94
26 118
26 186
26 123
26 61
26 191
27 28
27 31
27 32
27 33
27 35
27 36
27 39
27 106
27 47
27 112
27 51
27 121
27 124
28 194
28 183
28 76
28 143
28 157
28 30
28 31
28 32
28 33
28 34
28 35
28 38
28 93
28 179
28 55
29 192
29 198
29 136
29 164
29 91
29 90
29 165
29 32
29 39
29 99
29 183
29 63
30 68
30 100
30 194
30 136
30 78
30 33
30 34
30 36
30 37
30 113
30 176
30 59
30 127
31 182
31 143
31 145
31 146
31 84
31 161
31 34
31 37
31 81
31 111
31 52
31 54
31 105
31 187
32 195
32 68
32 74
32 141
32 36
32 33
32 164
32 37
32 38
32 104
32 51
32 184
32 122
32 191
33 193
33 135
33 84
33 35
33 37
33 38
33 39
33 169
33 43
33 45
33 52
33 158
33 182
33 189
34 197
34 136
34 138
34 147
34 84
34 121
34 155
34 164
34 39
34 43
34 181
34 185
34 187
34 191
35 131
35 132
35 134
35 139
35 142
35 109
35 82
35 150
35 36
35 37
35 39
35 40
35 41
35 44
35 45
35 49
35 114
35 53
35 185
35 126
36 130
36 107
36 196
36 136
36 80
36 157
36 39
36 43
36 45
36 50
36 52
36 94
36 58
36 188
36 126
37 72
37 139
37 150
37 153
37 39
37 40
37 43
37 159
37 45
37 187
37 125
37 127
38 139
38 109
38 82
38 89
38 40
38 112
38 43
38 44
38 46
38 95
38 124
39 69
39 198
39 140
39 41
39 43
39 45
39 46
39 114
39 94
39 56
39 58
40 147
40 153
40 90
40 161
40 42
40 43
40 44
40 45
40 46
40 48
40 49
40 179
40 187
41 128
41 66
41 131
41 78
41 147
41 92
41 43
41 44
41 177
41 50
41 51
41 180
41 117
41 62
42 193
42 66
42 160
42 194
42 142
42 99
42 176
42 43
42 46
42 47
42 48
42 49
42 52
42 55
43 192
43 135
43 73
43 77
43 163
43 155
43 171
43 45
43 46
43 50
43 51
43 52
43 53
43 169
43 120
43 123
44 198
44 139
44 98
44 124
44 99
44 85
44 171
44 49
44 114
44 147
44 180
44 53
44 60
45 194
45 135
45 72
45 177
45 130
45 145
45 84
45 50
45 51
45 54
45 168
46 192
46 73
46 78
46 80
46 110
46 154
46 174
46 47
46 52
46 53
46 56
46 123
46 117
47 64
47 193
47 197
47 70
47 75
47 145
47 94
47 100
47 108
47 48
47 49
47 54
48 135
48 72
48 185
48 49
48 51
48 52
48 53
48 55
48 120
48 57
48 60
48 191
49 69
49 135
49 138
49 184
49 88
49 92
49 95
49 165
49 54
49 56
49 57
49 59
49 63
50 171
50 150
50 139
50 78
50 121
50 154
50 175
50 86
50 157
50 165
50 55
50 57
50 126
50 63
51 171
51 134
51 73
51 188
51 84
51 174
51 115
51 54
51 57
51 58
51 63
52 108
52 107
52 68
52 104
52 171
52 58
52 59
52 60
52 189
52 191
53 71
53 78
53 90
53 157
53 159
53 171
53 116
53 59
53 60
53 61
53 63
54 128
54 195
54 134
54 55
54 141
54 78
54 154
54 183
54 57
54 58
54 59
55 66
55 137
55 142
55 93
55 58
55 117
55 165
55 111
55 62
55 186
55 60
55 61
55 126
56 64
56 65
56 66
56 199
56 174
56 87
56 96
56 103
56 173
56 190
56 57
56 58
56 59
56 62
57 64
57 65
57 66
57 67
57 133
57 83
57 144
57 81
57 111
57 161
57 166
57 58
57 189
57 63
58 129
58 76
58 148
58 93
58 97
58 100
58 101
58 109
58 61
58 62
59 64
59 65
59 66
59 67
59 198
59 87
59 173
59 112
59 180
59 187
59 60
60 65
60 66
60 68
60 70
60 77
60 182
60 164
60 102
60 106
60 108
60 109
60 175
60 116
60 127
61 65
61 68
61 70
61 72
61 84
61 155
61 94
61 101
61 162
61 165
61 172
61 109
61 181
61 63
61 117
62 66
62 69
62 198
62 71
62 77
62 78
62 81
62 146
62 166
62 63
63 195
63 69
63 70
63 71
63 72
63 88
63 160
63 98
63 177
63 106
64 128
64 65
64 67
64 68
64 70
64 151
64 79
64 144
64 87
64 92
64 125
64 126
65 66
65 68
65 73
65 74
65 109
65 79
65 80
65 121
65 93
65 112
65 124
65 173
65 125
65 176
65 179
66 68
66 70
66 72
66 76
66 142
66 156
66 183
67 131
67 70
67 71
67 145
67 149
67 87
67 88
67 98
67 167
67 172
67 174
67 187
68 131
68 130
68 73
68 74
68 75
68 77
68 86
68 98
68 110
68 175
68 184
68 190
69 160
69 133
69 71
69 72
69 76
69 141
69 142
69 89
69 96
69 169
69 108
69 185
70 71
70 139
70 76
70 77
70 79
70 149
70 156
70 94
70 144
70 99
70 104
70 108
70 114
70 180
70 181
71 129
71 74
71 75
71 77
71 78
71 79
71 149
71 158
71 106
71 117
71 170
72 74
72 75
72 141
72 79
72 80
72 82
72 147
72 143
72 95
72 174
72 119
73 179
73 134
73 74
73 78
73 79
73 80
73 82
73 83
73 151
73 95
73 104
73 115
73 116
73 184
73 122
74 119
74 78
74 82
74 84
74 97
74 101
74 125
74 136
74 114
74 189
74 127
75 138
75 78
75 77
75 80
75 83
75 84
75 79
75 164
75 104
75 110
75 177
75 149
76 77
76 78
76 79
76 80
76 82
76 83
76 148
76 85
76 90
76 106
76 146
76 127
77 192
77 129
77 137
77 81
77 82
77 83
77 86
77 150
77 165
77 108
77 175
77 116
77 159
77 126
78 192
78 80
78 83
78 84
78 86
78 101
78 171
78 178
78 115
78 183
79 128
79 81
79 82
79 83
79 84
79 86
79 88
79 167
79 104
79 109
79 180
79 191
80 197
80 81
80 82
80 84
80 85
80 86
80 94
80 133
80 166
80 168
80 199
80 159
80 178
80 123
81 142
81 82
81 131
81 84
81 89
81 90
81 162
81 163
81 103
81 176
81 181
81 119
81 123
81 138
82 155
82 83
82 148
82 174
82 86
82 87
82 90
82 91
82 156
82 140
82 116
82 188
83 192
83 84
83 142
83 89
83 93
83 161
83 102
83 108
83 175
83 149
84 197
84 146
84 85
84 86
84 89
84 91
84 93
84 144
84 174
84 111
84 181
84 119
84 138
84 191
85 132
85 135
85 86
85 153
85 88
85 109
85 174
85 175
85 113
85 187
86 128
86 194
86 88
86 89
86 91
86 159
86 100
86 113
86 120
86 186
86 187
86 189
87 193
87 133
87 89
87 90
87 93
87 96
87 97
87 101
87 166
87 103
87 110
87 114
88 133
88 140
88 195
88 89
88 91
88 94
88 95
88 96
88 101
88 102
88 168
88 109
88 147
88 116
89 128
89 160
89 132
89 143
89 92
89 93
89 159
89 96
89 164
89 113
89 118
89 187
89 190
90 193
90 190
90 153
90 91
90 94
90 96
90 99
90 172
90 179
90 122
90 189
90 126
91 161
91 140
91 93
91 94
91 97
91 100
91 101
91 116
91 181
91 119
91 189
92 128
92 133
92 144
92 149
92 93
92 94
92 96
92 100
92 101
92 102
92 180
92 117
92 121
93 179
93 122
93 159
93 96
93 162
93 99
93 101
93 173
93 180
93 119
93 121
94 129
94 130
94 152
94 96
94 100
94 101
94 112
94 116
94 180
95 194
95 150
95 156
95 97
95 101
95 102
95 103
95 171
95 108
95 173
95 176
96 192
96 132
96 198
96 137
96 147
96 165
96 98
96 100
96 101
96 102
96 103
96 104
96 105
96 179
96 122
97 128
97 158
97 98
97 99
97 103
97 107
97 112
97 115
97 116
97 170
98 143
98 147
98 165
98 100
98 101
98 104
98 105
98 107
98 108
99 197
99 142
99 156
99 125
99 160
99 100
99 101
99 104
99 108
99 113
99 182
99 121
99 122
99 168
100 194
100 144
100 145
100 147
100 154
100 101
100 105
100 106
100 107
100 110
100 124
100 191
101 198
101 151
101 104
101 106
101 114
101 120
101 187
102 194
102 196
102 162
102 156
102 154
102 155
102 103
102 105
102 106
102 111
102 121
103 130
103 199
103 138
103 105
103 106
103 107
103 109
103 110
103 112
103 190
104 194
104 199
104 140
104 141
104 109
104 158
104 121
105 132
105 174
105 108
105 110
105 111
105 112
105 177
105 182
105 184
106 179
106 137
106 152
106 175
106 107
106 108
106 115
106 182
107 194
107 198
107 157
107 158
107 160
107 112
107 171
107 108
107 176
107 113
107 182
107 180
108 196
108 179
108 124
108 109
108 110
108 111
108 112
108 113
108 186
108 190
109 129
109 196
109 138
109 186
109 160
109 167
109 118
110 194
110 141
110 144
110 155
110 156
110 157
110 176
110 117
110 118
110 119
111 135
111 151
111 141
111 149
111 180
111 171
111 112
111 113
111 114
111 115
111 120
111 123
112 196
112 183
112 180
112 113
112 116
112 119
112 121
112 181
113 196
113 134
113 135
113 148
113 154
113 178
113 115
113 180
113 119
114 199
114 140
114 145
114 149
114 174
114 180
114 117
114 121
114 187
114 124
115 172
115 194
115 199
115 143
115 156
115 159
115 174
115 179
115 186
115 189
116 138
116 139
116 161
116 150
116 153
116 176
116 117
116 121
117 131
117 132
117 147
117 148
117 158
117 163
117 177
117 118
117 123
118 128
118 139
118 164
118 170
118 178
118 121
118 122
118 124
118 126
118 127
119 129
119 137
119 192
119 164
119 165
119 177
119 172
119 120
119 185
119 122
119 126
119 127
120 146
120 176
120 134
120 122
120 187
120 124
120 125
121 133
121 159
121 170
121 123
121 126
122 129
122 130
122 131
122 141
122 173
122 160
122 191
122 123
122 125
123 128
123 130
123 134
123 135
123 125
123 126
124 128
124 129
124 130
124 131
124 134
124 152
124 159
124 171
124 125
124 126
125 130
125 171
125 134
125 145
125 199
125 126
125 127
126 129
126 130
126 134
126 142
126 144
126 179
126 127
127 128
127 129
127 130
127 132
127 133
127 153
127 162
127 167
127 169
128 131
128 137
128 143
128 148
128 154
128 186
129 193
129 133
129 136
129 137
129 138
129 143
129 199
129 162
129 171
129 175
130 194
130 131
130 133
130 135
130 140
130 143
130 148
130 186
130 160
130 165
130 182
131 135
131 136
131 158
131 159
131 160
131 187
131 177
131 184
131 191
132 135
132 137
132 140
132 141
132 142
132 188
132 178
132 179
133 135
133 136
133 137
133 140
133 184
134 192
134 135
134 140
134 142
134 145
134 162
134 170
134 189
134 186
135 199
135 141
135 145
135 195
135 175
136 138
136 139
136 140
136 141
136 144
136 145
136 146
136 196
136 156
137 140
137 143
137 146
137 150
137 161
137 174
137 177
137 190
138 139
138 141
138 173
138 145
138 147
138 157
138 158
138 161
139 148
139 149
139 169
139 173
139 182
139 183
140 192
140 145
140 148
140 149
140 152
140 196
140 167
140 180
140 183
140 185
141 145
141 150
141 151
141 172
141 159
142 145
142 148
142 150
142 151
142 153
143 148
143 149
143 187
143 190
144 149
144 151
144 163
145 192
145 146
145 153
145 154
145 157
145 160
145 171
145 180
146 147
146 149
146 150
146 153
146 155
146 156
146 162
146 182
147 153
147 154
147 197
147 163
147 166
147 174
147 175
147 188
148 192
148 150
148 154
148 156
148 157
148 169
149 192
149 197
149 150
149 155
149 163
150 152
150 153
150 155
150 157
150 158
150 161
150 164
150 159
150 188
150 191
151 194
151 196
151 153
151 155
151 158
151 159
151 161
151 163
151 176
151 189
152 154
152 155
152 156
152 157
152 158
152 159
152 160
152 162
153 158
153 179
153 190
154 155
154 156
154 158
154 159
154 160
154 161
154 163
154 164
154 181
155 156
155 157
155 159
155 162
155 163
155 185
156 160
156 164
156 185
157 198
157 160
157 163
157 166
157 167
157 187
158 171
158 167
158 168
158 174
159 160
159 167
159 169
159 173
160 161
160 162
160 166
160 170
160 178
161 185
161 163
161 167
161 168
161 186
162 165
162 168
162 172
162 184
163 192
163 164
163 165
163 167
163 169
163 171
163 185
163 186
164 165
164 166
164 170
164 172
164 173
164 174
165 194
165 167
165 169
165 170
165 174
165 177
165 186
166 192
166 197
166 199
166 168
166 170
166 172
166 173
166 176
166 182
167 169
167 171
167 172
167 174
167 175
167 181
168 169
168 172
168 173
168 174
168 177
168 184
169 172
169 173
169 174
169 176
169 178
169 179
169 183
169 190
170 171
170 172
170 173
170 175
170 177
170 178
171 192
171 193
171 173
171 175
172 173
172 174
172 176
172 178
172 179
172 181
172 182
173 195
173 187
173 178
173 181
174 197
174 178
174 180
174 181
174 183
174 184
175 178
175 180
175 183
176 180
176 183
176 184
176 185
177 181
177 182
177 185
178 179
178 181
178 183
178 184
178 187
179 180
179 185
180 184
180 190
181 194
181 184
181 188
181 189
181 190
181 191
182 186
182 189
183 193
183 195
183 184
183 185
183 187
183 190
183 191
184 192
184 193
184 194
184 185
184 191
185 195
185 188
185 191
186 195
186 196
186 188
186 190
187 195
187 196
187 191
188 192
188 193
188 194
188 198
188 191
189 192
189 191
190 193
190 198
190 191
191 194
191 197
191 198
192 194
193 196
193 198
193 194
194 196
194 199
195 196
196 197
197 198
197 199
198 199
