0 1
0 2
0 195
0 4
0 6
0 65
0 10
0 141
0 3
0 196
0 90
0 5
0 105
0 7
0 48
0 190
0 191
1 193
1 194
1 3
1 4
1 198
1 9
1 142
1 144
1 195
1 22
1 196
1 158
1 197
1 37
1 41
1 106
1 7
1 140
1 179
1 58
2 195
2 4
2 197
2 6
2 199
2 8
2 9
2 81
2 139
2 196
2 94
2 99
2 164
2 198
2 46
2 176
2 177
2 73
2 120
2 58
2 192
3 194
3 195
3 4
3 5
3 7
3 12
3 13
3 14
3 79
3 85
3 150
3 68
3 103
3 193
3 167
3 76
3 59
3 74
4 196
4 197
4 6
4 7
4 9
4 13
4 14
4 195
4 20
4 149
4 151
4 24
4 27
4 67
4 194
4 199
4 44
4 51
4 126
5 198
5 15
5 144
5 81
5 147
5 23
5 154
5 33
5 98
5 164
5 104
5 108
5 46
5 111
5 119
5 57
5 125
6 197
6 8
6 10
6 11
6 12
6 15
6 81
6 25
6 143
6 29
6 94
6 159
6 162
6 43
6 108
6 157
6 115
6 124
7 9
7 11
7 12
7 15
7 75
7 131
7 154
7 163
7 102
7 175
7 116
7 180
7 191
8 69
8 199
8 139
8 12
8 147
8 22
8 24
8 155
8 157
8 159
8 161
8 198
8 40
8 171
8 45
8 174
8 113
8 124
9 10
9 13
9 144
9 18
9 155
9 69
9 193
9 101
9 145
9 170
9 110
9 179
9 55
9 120
9 188
9 138
10 11
10 14
10 17
10 19
10 29
10 65
10 103
10 42
10 112
10 113
10 106
10 57
10 61
10 62
11 12
11 14
11 17
11 19
11 24
11 155
11 94
11 163
11 164
11 166
11 38
11 103
11 108
11 146
11 57
12 86
12 13
12 14
12 15
12 16
12 18
12 78
12 185
12 157
12 70
12 103
12 199
12 83
12 180
12 120
12 57
13 141
13 14
13 18
13 20
13 23
13 100
13 155
13 29
13 82
13 166
13 39
13 45
13 48
13 177
13 115
13 25
13 125
14 193
14 15
14 20
14 21
14 22
14 89
14 91
14 165
14 102
14 84
14 187
14 138
15 64
15 139
15 16
15 18
15 84
15 89
15 24
15 197
15 33
15 168
15 105
15 173
15 177
15 114
15 115
15 117
15 118
15 95
16 132
16 19
16 20
16 22
16 23
16 100
16 26
16 91
16 159
16 36
16 106
16 49
16 179
16 138
16 189
16 127
17 130
17 76
17 18
17 19
17 20
17 21
17 24
17 27
17 97
17 148
17 59
17 113
17 199
17 174
17 49
17 182
17 183
17 121
17 187
18 78
18 19
18 20
18 23
18 27
18 94
18 41
18 172
18 46
18 147
18 182
18 187
19 128
19 131
19 134
19 77
19 20
19 24
19 29
19 107
19 108
19 109
19 157
19 55
19 188
20 131
20 199
20 183
20 84
20 22
20 23
20 25
20 27
20 29
20 40
20 176
20 119
21 66
21 134
21 146
21 22
21 23
21 24
21 25
21 27
21 29
21 30
21 34
21 40
21 48
21 51
21 185
21 126
22 72
22 45
22 86
22 23
22 25
22 26
22 28
22 31
22 97
22 162
22 37
22 109
22 176
22 89
22 187
23 69
23 75
23 87
23 25
23 91
23 28
23 32
23 33
23 27
23 92
23 175
23 57
23 60
24 192
24 66
24 71
24 138
24 86
24 25
24 47
24 30
24 32
24 98
24 146
24 168
24 42
24 109
24 175
24 191
25 135
25 141
25 143
25 92
25 29
25 30
25 32
25 33
25 36
25 38
25 166
25 113
25 186
26 73
26 139
26 100
26 157
26 30
26 33
26 145
26 43
26 111
26 114
26 122
26 95
26 127
27 130
27 71
27 74
27 151
27 77
27 80
27 150
27 155
27 30
27 32
27 34
27 36
27 166
27 176
27 99
27 147
27 185
27 149
28 135
28 81
28 150
28 29
28 30
28 31
28 32
28 33
28 34
28 36
28 173
28 56
28 186
28 126
29 193
29 131
29 161
29 87
29 92
29 33
29 35
29 40
29 106
29 47
29 83
29 120
29 58
29 123
29 126
30 131
30 113
30 175
30 78
30 77
30 153
30 31
30 35
30 39
30 42
30 111
30 104
30 95
30 170
30 149
31 195
31 69
31 136
31 87
31 184
31 156
31 57
31 91
31 159
31 32
31 33
31 38
31 44
31 173
31 49
31 115
31 94
31 118
31 120
31 121
32 192
32 198
32 33
32 172
32 77
32 85
32 154
32 160
32 165
32 34
32 37
32 41
32 42
32 171
32 108
32 104
32 56
32 125
33 129
33 183
33 162
33 34
33 163
33 38
33 43
33 108
33 123
33 118
33 169
33 120
33 121
33 95
33 188
34 66
34 154
34 159
34 35
34 36
34 37
34 41
34 42
34 43
34 49
34 91
34 106
35 160
35 66
35 133
35 108
35 163
35 87
35 92
35 159
35 91
35 36
35 166
35 42
35 44
35 45
35 110
35 53
35 56
35 191
36 70
36 82
36 89
36 37
36 103
36 40
36 41
36 42
36 45
36 116
36 122
37 134
37 162
37 142
37 148
37 153
37 91
37 99
37 38
37 39
37 40
37 41
37 44
37 182
37 58
37 126
37 191
38 193
38 194
38 67
38 71
38 96
38 144
38 83
38 160
38 41
38 47
38 48
38 137
38 121
38 190
38 63
39 193
39 130
39 107
39 172
39 138
39 81
39 147
39 152
39 102
39 40
39 42
39 43
39 44
39 46
39 47
39 49
40 192
40 132
40 178
40 190
40 68
40 111
40 101
40 98
40 104
40 43
40 46
40 47
40 50
40 158
40 62
41 132
41 154
41 42
41 178
41 47
41 176
41 50
41 51
41 53
41 95
41 102
42 193
42 130
42 172
42 77
42 81
42 84
42 150
42 92
42 44
42 46
42 50
42 51
42 52
42 126
42 56
42 186
42 60
42 190
43 128
43 115
43 196
43 76
43 144
43 149
43 165
43 107
43 46
43 47
43 48
43 49
43 50
43 51
43 183
43 184
43 116
44 80
44 146
44 163
44 151
44 100
44 156
44 92
44 47
44 53
44 89
44 187
44 60
44 61
45 193
45 69
45 71
45 84
45 107
45 172
45 174
45 47
45 104
45 51
45 52
45 55
45 188
46 64
46 154
46 92
46 165
46 174
46 47
46 52
46 57
46 60
47 138
47 75
47 140
47 143
47 146
47 162
47 48
47 52
47 53
47 54
47 55
47 57
47 59
47 127
48 64
48 71
48 74
48 79
48 120
48 82
48 87
48 167
48 50
48 58
48 63
49 136
49 75
49 142
49 151
49 167
49 161
49 162
49 100
49 101
49 51
49 55
49 58
49 59
49 126
50 129
50 134
50 137
50 74
50 183
50 81
50 93
50 70
50 102
50 55
50 56
50 57
50 58
50 59
50 62
51 107
51 199
51 78
51 144
51 81
51 131
51 152
51 154
51 158
51 53
51 56
51 57
51 60
51 61
52 54
52 55
52 76
52 143
52 147
52 148
52 110
52 88
52 92
52 97
52 166
52 124
52 53
52 118
52 119
52 60
52 61
53 195
53 68
53 172
53 185
53 159
53 95
53 101
53 189
53 54
53 56
53 57
53 58
53 60
54 64
54 129
54 197
54 134
54 72
54 126
54 111
54 93
54 94
54 169
54 170
54 56
54 57
54 60
54 61
54 190
55 129
55 109
55 81
55 151
55 114
55 106
55 125
55 112
55 172
55 56
55 57
55 58
55 60
55 61
56 66
56 135
56 130
56 80
56 83
56 152
56 102
56 104
56 120
56 185
57 137
57 194
57 189
57 97
57 102
57 124
57 171
57 108
57 179
57 186
57 60
57 61
58 64
58 65
58 80
58 146
58 147
58 135
58 162
58 168
58 171
58 173
58 59
58 63
59 64
59 66
59 67
59 69
59 76
59 160
59 165
59 166
59 104
59 188
59 63
60 66
60 171
60 193
60 74
60 75
60 76
60 145
60 147
60 90
60 154
60 133
60 116
60 164
60 135
60 176
60 113
60 114
60 61
61 65
61 66
61 67
61 198
61 72
61 183
61 140
61 149
61 153
61 99
61 70
61 62
62 64
62 67
62 68
62 69
62 72
62 147
62 164
62 166
62 122
63 64
63 65
63 69
63 72
63 73
63 101
63 168
63 136
63 124
64 160
64 68
64 69
64 71
64 72
64 80
64 82
64 163
64 96
64 99
64 100
64 129
64 199
64 119
64 189
64 191
65 66
65 131
65 197
65 70
65 71
65 73
65 75
65 143
65 150
65 137
65 89
65 100
65 105
65 173
65 175
66 67
66 69
66 71
66 73
66 75
66 156
66 164
66 187
67 70
67 72
67 73
67 74
67 75
67 76
67 90
67 136
67 134
67 177
67 128
67 186
68 69
68 71
68 72
68 75
68 76
68 77
68 79
68 151
68 154
68 91
68 93
68 133
68 98
68 102
68 106
68 119
69 192
69 198
69 71
69 75
69 145
69 85
69 92
69 123
69 129
69 95
69 135
69 125
69 186
70 72
70 138
70 77
70 110
70 160
70 163
70 107
70 125
70 120
71 79
71 80
71 147
71 161
71 163
71 100
71 173
71 174
71 176
71 182
71 123
72 73
72 139
72 76
72 77
72 79
72 80
72 90
72 91
72 157
72 95
72 160
72 178
72 140
72 183
73 76
73 77
73 78
73 79
73 82
73 83
73 156
73 133
73 97
73 169
73 110
73 176
73 125
74 196
74 128
74 75
74 77
74 79
74 80
74 82
74 83
74 195
74 108
75 76
75 80
75 85
75 94
75 159
75 97
75 100
75 168
75 170
75 183
75 123
76 198
76 77
76 81
76 82
76 86
76 151
76 156
76 105
76 114
77 129
77 97
77 78
77 79
77 80
77 86
77 161
77 107
78 129
78 79
78 80
78 82
78 83
78 84
78 85
78 86
78 88
78 132
78 166
78 114
78 180
79 80
79 195
79 85
79 88
79 89
79 95
79 172
79 109
79 113
79 180
79 136
80 139
80 141
80 81
80 84
80 86
80 87
80 89
80 90
80 157
80 105
80 199
80 117
80 187
81 87
81 88
81 89
81 90
81 93
81 96
81 174
81 124
82 129
82 145
82 147
82 89
82 91
82 101
82 106
82 125
82 185
82 190
83 141
83 86
83 88
83 90
83 92
83 95
83 173
83 180
83 138
84 199
84 99
84 85
84 87
84 88
84 90
84 92
84 93
84 94
84 163
84 174
84 112
85 145
85 86
85 87
85 152
85 93
85 94
85 99
85 164
85 124
86 164
86 147
86 198
86 135
86 87
86 152
86 89
86 90
86 95
86 162
86 100
86 115
86 181
86 121
86 143
87 193
87 99
87 89
87 90
87 92
87 96
87 97
87 102
87 105
87 107
87 154
87 186
87 188
87 191
88 136
88 93
88 97
88 98
88 101
88 174
88 113
88 114
88 179
88 182
88 148
88 149
89 193
89 143
89 163
89 148
89 91
89 92
89 99
89 104
89 107
89 119
89 187
89 126
90 132
90 93
90 167
90 148
90 172
90 173
90 178
90 183
90 121
90 123
91 135
91 109
91 149
91 184
91 92
91 122
91 96
91 155
91 173
91 178
91 117
91 120
91 114
92 128
92 193
92 196
92 134
92 154
92 94
92 133
92 100
92 171
92 93
92 113
92 182
93 141
93 95
93 96
93 99
93 100
93 105
93 176
93 180
93 183
93 188
93 125
94 142
94 146
94 152
94 154
94 96
94 98
94 103
94 177
94 185
95 199
95 99
95 97
95 105
95 173
95 114
95 169
96 163
96 152
96 165
96 99
96 100
96 101
96 102
96 174
96 184
97 196
97 144
97 101
97 102
97 103
97 104
97 105
97 177
97 117
97 182
97 153
97 151
98 131
98 140
98 145
98 195
98 149
98 150
98 99
98 100
98 101
98 103
98 106
98 108
98 110
98 175
98 125
99 129
99 134
99 146
99 157
99 158
99 100
99 105
99 106
99 107
99 174
99 119
99 170
100 129
100 158
100 101
100 102
100 103
100 108
100 109
100 110
100 175
100 127
100 189
101 198
101 155
101 103
101 104
101 105
101 107
101 108
101 109
101 168
101 126
102 193
102 163
102 166
102 167
102 104
102 106
102 118
102 170
103 142
103 148
103 105
103 108
103 109
103 174
103 112
104 137
104 145
104 147
104 105
104 108
104 113
104 179
104 180
104 117
105 173
105 149
105 156
105 107
105 109
105 112
105 143
106 153
106 108
106 109
106 175
106 113
106 115
106 182
106 119
107 192
107 171
107 144
107 158
107 167
107 108
107 113
107 114
107 180
107 189
108 150
108 157
108 169
108 110
108 111
108 113
108 118
108 186
109 196
109 137
109 141
109 163
109 165
109 110
109 111
109 176
109 113
109 117
109 118
109 119
109 122
110 199
110 148
110 111
110 112
110 113
110 118
110 119
110 122
111 177
111 146
111 153
111 161
111 113
111 115
111 117
111 119
111 120
112 153
112 159
112 165
112 114
112 116
112 117
112 122
112 124
113 149
113 153
113 161
113 136
113 114
113 117
113 169
113 122
113 125
114 136
114 186
114 179
114 116
114 126
114 118
114 120
114 122
114 123
114 190
115 194
115 138
115 143
115 158
115 161
115 166
115 119
115 120
115 123
115 124
116 145
116 147
116 187
116 174
116 117
116 118
116 120
116 122
116 126
116 127
117 142
117 146
117 177
117 183
117 120
117 122
117 123
117 125
118 128
118 130
118 149
118 121
118 156
118 158
118 180
118 168
118 119
118 120
118 123
119 129
119 133
119 182
119 169
119 124
120 171
120 197
120 184
120 152
120 176
120 121
120 187
120 126
120 181
121 182
121 144
121 146
121 195
121 155
121 160
121 167
121 123
121 125
122 129
122 130
122 196
122 182
122 142
122 143
122 151
122 154
122 169
122 189
122 125
122 126
123 128
123 131
123 138
123 190
123 162
123 164
123 125
123 126
124 129
124 130
124 183
124 146
124 150
124 179
124 187
124 184
124 125
124 127
125 128
125 133
125 162
125 166
125 172
125 126
126 198
126 130
126 132
126 134
126 135
126 183
126 145
126 163
127 128
127 129
127 132
127 198
127 135
127 183
127 144
127 164
127 165
128 130
128 132
128 133
128 137
128 138
128 146
128 171
128 185
129 130
129 133
129 199
130 131
130 134
130 136
130 139
130 140
130 198
130 172
130 175
130 187
131 147
131 133
131 135
131 138
131 140
131 187
131 178
131 158
132 133
132 135
132 136
132 139
132 140
132 142
132 143
132 164
132 193
133 198
133 136
133 137
133 139
133 142
133 165
133 177
134 197
134 137
134 143
134 144
134 153
134 161
134 169
134 183
135 137
135 138
135 139
135 142
135 143
135 175
135 190
135 183
136 140
136 143
136 144
136 149
136 198
136 167
136 176
136 182
137 138
137 139
137 143
137 144
137 149
137 182
138 198
138 140
138 142
138 147
138 148
138 166
138 171
139 141
139 142
139 143
139 148
139 165
139 166
140 141
140 143
140 145
140 146
140 147
140 152
140 169
140 174
140 177
140 189
140 186
141 194
141 143
141 144
141 145
141 151
141 155
141 167
141 196
141 172
141 186
142 145
142 146
142 150
142 179
143 194
143 146
143 152
143 159
143 162
143 167
144 145
144 146
144 150
144 151
144 153
144 155
144 189
145 148
145 154
145 158
145 160
146 158
146 148
146 149
146 152
146 156
146 186
146 160
146 184
146 188
147 148
147 152
147 153
147 154
147 157
147 197
147 161
148 151
148 152
148 156
148 154
148 158
148 184
149 150
149 154
149 156
149 166
149 177
149 170
150 156
150 158
150 159
150 160
150 165
150 185
150 189
151 152
151 156
151 157
151 158
151 159
152 197
152 153
152 154
152 157
152 175
152 178
153 154
153 155
153 156
153 158
153 160
153 161
153 177
154 157
154 160
154 161
154 164
155 156
155 159
155 162
155 163
155 167
156 158
156 160
156 162
156 165
156 166
156 175
157 158
157 159
157 160
157 161
157 162
157 163
157 166
158 197
158 164
158 167
158 181
159 194
159 160
159 161
159 188
160 164
160 165
160 169
160 176
161 167
161 169
161 189
162 163
162 164
162 167
162 169
162 170
162 173
163 192
163 164
163 167
163 168
163 171
163 173
164 165
164 166
164 167
164 168
164 169
164 172
165 166
165 168
165 172
165 173
165 174
165 181
166 195
166 167
166 168
166 173
166 175
166 191
167 192
167 198
167 172
167 175
167 176
168 192
168 199
168 170
168 171
168 172
168 173
168 174
168 177
169 194
169 172
169 173
169 174
169 177
169 184
170 194
170 199
170 171
170 174
170 175
170 178
170 180
170 182
171 173
171 174
171 175
171 179
171 182
171 187
172 196
172 194
172 175
172 181
173 196
173 198
173 174
173 176
173 179
173 180
173 181
174 193
174 175
174 178
174 179
174 183
175 177
175 179
176 194
176 177
176 178
176 181
177 178
177 181
177 182
177 186
178 179
178 180
178 181
178 183
178 184
178 185
178 186
178 187
179 192
179 180
179 181
179 182
179 184
179 186
179 188
180 184
180 185
180 186
180 189
180 190
181 182
181 183
181 184
181 185
181 186
181 188
181 189
181 190
181 191
182 183
182 184
182 188
182 190
182 191
183 190
184 190
185 192
185 193
185 198
185 186
185 187
185 189
185 190
186 192
186 193
186 194
186 196
186 189
186 191
187 192
188 192
188 193
188 195
188 197
188 190
189 192
189 193
189 195
189 196
189 197
189 199
190 192
190 196
190 197
190 198
191 192
191 193
191 194
191 196
191 197
191 199
192 193
192 196
192 198
192 199
193 195
193 197
194 197
195 196
195 197
196 197
197 199
