0 1
0 2
0 3
0 198
0 199
0 83
0 78
0 18
0 195
0 139
0 150
0 92
0 30
0 5
0 33
0 193
0 173
0 175
0 115
0 182
0 73
0 190
0 191
1 2
1 4
1 5
1 198
1 199
1 8
1 9
1 10
1 192
1 79
1 15
1 158
1 95
1 96
1 64
1 54
1 191
1 127
2 194
2 195
2 197
2 6
2 199
2 12
2 13
2 3
2 88
2 27
2 158
2 160
2 163
2 102
2 39
2 193
2 7
2 109
2 112
2 52
2 182
2 183
3 64
3 195
3 8
3 14
3 56
3 146
3 20
3 86
3 27
3 29
3 160
3 134
3 193
3 110
3 114
3 179
4 68
4 69
4 6
4 7
4 25
4 28
4 93
4 197
4 198
4 102
4 167
4 129
4 41
4 46
4 177
4 180
4 123
4 188
4 125
5 198
5 8
5 11
5 15
5 16
5 21
5 152
5 26
5 29
5 6
5 170
5 173
5 176
6 199
6 119
6 76
6 16
6 149
6 155
6 156
6 197
6 70
6 49
6 173
6 46
6 177
6 183
6 122
6 159
6 189
6 85
7 197
7 199
7 136
7 137
7 12
7 14
7 16
7 17
7 139
7 89
7 93
7 34
7 145
7 176
7 177
7 178
7 185
8 64
8 9
8 77
8 76
8 14
8 18
8 100
8 95
8 160
8 164
8 198
8 170
8 112
8 53
8 159
8 60
8 74
9 10
9 11
9 14
9 15
9 19
9 86
9 68
9 158
9 145
9 41
9 171
9 83
9 118
9 190
10 198
10 12
10 13
10 14
10 19
10 86
10 25
10 90
10 30
10 134
10 166
10 103
10 169
10 47
10 178
10 102
11 131
11 71
11 12
11 15
11 17
11 18
11 20
11 196
11 94
11 36
11 109
11 180
11 54
11 186
12 130
12 13
12 14
12 16
12 17
12 19
12 20
12 21
12 22
12 23
12 132
12 172
12 49
12 182
12 120
12 63
13 193
13 87
13 15
13 16
13 21
13 23
13 24
13 95
13 133
13 97
13 100
13 134
13 173
13 46
13 59
13 138
14 18
14 147
14 23
14 90
14 91
14 28
14 94
14 162
14 101
14 103
14 156
14 107
14 110
14 140
14 19
14 58
14 63
15 139
15 17
15 82
15 19
15 21
15 22
15 24
15 154
15 133
15 100
15 72
15 31
16 130
16 140
16 17
16 19
16 148
16 21
16 22
16 23
16 25
16 26
16 29
16 185
16 162
16 100
16 20
16 85
16 149
17 128
17 134
17 88
17 82
17 19
17 20
17 24
17 25
17 26
17 33
17 34
17 111
17 177
17 57
17 126
18 196
18 80
18 87
18 25
18 26
18 27
18 100
18 38
18 105
18 72
18 50
18 117
18 182
18 186
18 59
18 126
19 20
19 78
19 22
19 23
19 24
19 25
19 27
19 94
19 31
19 32
19 155
19 102
19 174
19 56
19 84
20 194
20 33
20 22
20 24
20 26
20 27
20 28
20 161
20 165
20 46
20 116
20 54
20 184
20 60
21 65
21 137
21 23
21 88
21 26
21 28
21 29
21 31
21 96
21 42
21 108
21 114
21 118
21 87
22 130
22 152
22 196
22 71
22 81
22 150
22 23
22 24
22 26
22 27
22 28
22 29
22 31
22 32
22 38
22 184
22 95
22 124
22 143
23 67
23 73
23 139
23 25
23 27
23 28
23 29
23 95
23 165
23 116
23 137
23 120
23 58
23 62
24 193
24 196
24 97
24 137
24 78
24 27
24 30
24 34
24 155
24 104
24 156
24 176
24 173
24 174
24 48
24 179
24 182
25 160
25 66
25 97
25 139
25 155
25 28
25 158
25 35
25 164
25 165
25 167
25 125
25 93
25 147
25 181
25 74
26 153
26 89
26 154
26 29
26 30
26 32
26 33
26 35
26 168
26 106
26 58
27 192
27 193
27 196
27 86
27 137
27 164
27 28
27 29
27 31
27 32
27 33
27 42
27 120
28 128
28 194
28 133
28 145
28 157
28 34
28 36
28 167
28 40
28 42
28 44
28 46
28 111
28 62
29 70
29 71
29 30
29 165
29 33
29 37
29 40
29 42
29 135
29 118
29 119
29 148
29 122
30 199
30 139
30 140
30 145
30 31
30 33
30 34
30 36
30 105
30 103
30 55
30 186
30 60
30 74
30 62
31 194
31 55
31 80
31 34
31 36
31 37
31 39
31 42
31 114
31 182
31 105
31 124
31 149
32 36
32 37
32 38
32 43
32 108
32 115
32 116
32 182
32 102
33 103
33 146
33 97
33 37
33 38
33 39
33 40
33 176
33 186
33 122
33 124
33 189
33 191
34 35
34 38
34 40
34 41
34 42
34 122
34 187
34 102
34 190
34 191
35 64
35 69
35 108
35 142
35 150
35 94
35 160
35 97
35 38
35 44
35 51
35 180
35 53
35 120
35 121
35 187
36 64
36 194
36 75
36 196
36 69
36 77
36 174
36 150
36 88
36 154
36 37
36 40
36 41
36 42
36 107
36 116
37 133
37 142
37 154
37 102
37 38
37 40
37 106
37 44
37 45
37 47
37 184
37 187
37 60
38 133
38 71
38 149
38 153
38 166
38 40
38 43
38 48
38 55
38 95
39 192
39 171
39 75
39 143
39 152
39 94
39 99
39 102
39 169
39 42
39 43
39 46
39 48
39 49
40 67
40 141
40 195
40 149
40 154
40 96
40 92
40 159
40 46
40 47
40 50
40 120
40 187
40 85
41 134
41 139
41 88
41 104
41 170
41 43
41 46
41 48
41 51
41 125
41 190
42 68
42 70
42 135
42 72
42 172
42 138
42 44
42 56
42 116
42 58
42 102
43 193
43 199
43 72
43 74
43 140
43 147
43 174
43 158
43 44
43 46
43 47
43 48
43 50
43 53
43 59
44 192
44 49
44 135
44 138
44 77
44 142
44 89
44 90
44 69
44 112
44 113
44 46
44 48
44 177
44 186
45 87
45 88
45 155
45 101
45 105
45 114
45 46
45 50
45 52
45 53
45 54
45 55
45 120
45 123
45 188
45 102
46 136
46 73
46 183
46 77
46 167
46 83
46 157
46 165
46 112
46 102
46 47
46 176
46 50
46 147
46 55
46 62
47 65
47 171
47 70
47 173
47 105
47 153
47 79
47 101
47 97
47 170
47 178
47 48
47 49
47 50
47 51
47 57
48 196
48 74
48 88
48 147
48 154
48 122
48 49
48 50
48 51
48 52
48 55
48 58
48 106
49 65
49 130
49 91
49 92
49 99
49 50
49 52
49 53
49 54
49 56
49 58
49 106
50 68
50 56
50 185
50 112
50 59
50 103
50 51
50 54
50 120
50 57
50 123
50 60
51 67
51 198
51 187
51 77
51 156
51 70
51 52
51 53
51 54
51 55
51 56
51 57
51 122
51 60
52 65
52 66
52 195
52 92
52 162
52 177
52 114
52 170
52 57
52 60
52 61
53 140
53 83
53 61
53 181
53 55
53 57
53 60
53 125
53 62
53 63
54 70
54 137
54 140
54 185
54 154
54 161
54 101
54 169
54 56
54 57
54 192
54 60
55 140
55 76
55 84
55 86
55 151
55 112
55 98
55 171
55 172
55 57
55 58
55 60
56 64
56 132
56 70
56 124
56 110
56 81
56 169
56 178
56 105
56 57
56 59
56 60
56 61
57 64
57 65
57 66
57 133
57 192
57 143
57 80
57 58
57 59
57 60
57 61
57 62
58 64
58 128
58 66
58 68
58 134
58 72
58 73
58 138
58 85
58 113
58 78
58 178
58 108
58 59
58 60
58 106
59 66
59 69
59 148
59 151
59 153
59 91
59 187
59 125
59 186
59 123
59 61
59 63
60 64
60 66
60 69
60 70
60 82
60 93
60 97
60 99
60 108
60 110
60 62
61 65
61 171
61 69
61 136
61 74
61 76
61 190
61 131
61 101
61 135
61 62
62 64
62 67
62 71
62 80
62 82
62 195
62 148
62 85
62 92
62 160
62 102
62 104
62 112
62 117
63 65
63 69
63 72
63 142
63 152
63 96
63 164
63 134
63 106
63 183
63 120
63 189
63 191
64 68
64 69
64 71
64 73
64 121
64 89
64 88
64 132
64 118
64 84
64 103
65 66
65 139
65 68
65 69
65 70
65 71
65 72
65 137
65 90
65 161
65 118
66 192
66 68
66 72
66 91
66 75
66 76
66 77
66 155
66 159
66 96
66 163
66 168
66 107
66 178
66 181
66 117
67 131
67 197
67 72
67 73
67 150
67 92
67 93
67 97
67 99
67 166
67 156
67 168
67 180
68 70
68 71
68 72
68 75
68 78
68 149
68 157
68 194
68 193
68 180
68 125
68 126
69 171
69 135
69 132
69 92
69 96
69 102
69 127
69 179
69 181
69 121
70 71
70 72
70 73
70 74
70 75
70 76
70 80
70 161
70 170
70 171
70 113
70 116
70 137
71 74
71 83
71 160
71 164
71 103
71 170
71 118
72 73
72 128
72 75
72 76
72 81
72 107
72 148
72 161
72 98
72 171
72 172
72 188
73 129
73 78
73 83
73 155
73 99
73 166
73 105
73 121
73 125
74 194
74 76
74 142
74 80
74 81
74 82
74 83
74 84
74 154
74 156
74 131
74 175
74 179
74 181
75 76
75 77
75 79
75 80
75 153
75 99
75 170
75 183
75 148
75 149
76 192
76 77
76 78
76 84
76 95
76 107
76 199
76 184
76 123
77 192
77 130
77 79
77 80
77 84
77 87
77 135
77 107
77 171
78 128
78 107
78 79
78 144
78 86
78 87
78 88
78 162
78 103
78 105
78 171
78 173
78 83
78 184
78 185
78 192
79 195
79 81
79 82
79 83
79 85
79 86
79 87
79 89
79 161
79 102
79 168
79 199
79 147
79 188
79 189
80 129
80 196
80 81
80 83
80 84
80 88
80 93
80 94
80 105
80 176
80 178
80 95
81 132
81 82
81 148
81 85
81 86
81 90
81 91
81 160
81 98
81 187
81 102
81 188
81 106
81 146
81 110
81 123
81 151
82 130
82 83
82 86
82 153
82 89
82 90
82 165
82 108
82 111
82 180
82 121
82 126
83 84
83 87
83 89
83 90
83 92
83 95
83 99
83 108
84 133
84 85
84 86
84 90
84 91
84 93
84 104
84 110
84 116
85 194
85 135
85 137
85 138
85 150
85 91
85 93
85 100
85 109
85 178
85 123
86 197
86 135
86 88
86 91
86 93
86 95
86 96
86 100
86 166
86 145
86 104
86 155
87 196
87 143
87 89
87 90
87 155
87 93
87 95
87 96
87 97
87 146
87 115
87 120
87 124
87 190
88 138
88 139
88 143
88 90
88 91
88 95
88 100
88 166
88 171
88 172
88 182
88 121
89 192
89 90
89 95
89 98
89 99
89 165
89 156
89 93
90 135
90 136
90 151
90 91
90 94
90 97
90 98
90 99
90 100
90 170
90 112
91 93
91 94
91 97
91 98
91 101
91 177
91 114
91 123
91 117
91 184
91 124
91 190
92 145
92 96
92 98
92 100
92 166
92 102
92 167
92 126
92 185
93 139
93 146
93 96
93 97
93 165
93 102
93 103
93 170
93 187
94 129
94 130
94 193
94 142
94 95
94 96
94 97
94 98
94 99
94 102
94 170
94 176
94 112
94 187
94 127
95 138
95 142
95 146
95 96
95 97
95 102
95 127
95 108
95 147
95 153
95 191
96 149
96 194
96 197
96 98
96 99
96 100
96 165
96 103
96 104
96 105
96 185
96 124
97 196
97 140
97 100
97 101
97 103
97 106
97 107
97 118
97 183
97 121
97 124
98 160
98 151
98 99
98 100
98 101
98 103
98 105
98 167
98 182
98 126
99 132
99 136
99 184
99 146
99 101
99 105
99 107
99 109
99 111
99 177
99 181
99 120
99 189
100 192
100 147
100 101
100 104
100 109
100 189
101 192
101 129
101 135
101 148
101 102
101 103
101 106
101 108
101 110
101 111
101 176
101 127
102 142
102 148
102 153
102 105
102 108
102 182
103 139
103 140
103 162
103 150
103 153
103 107
103 111
103 112
103 121
104 194
104 134
104 151
104 105
104 170
104 109
104 110
104 111
104 112
104 114
105 175
105 152
105 156
105 166
105 170
105 109
105 112
105 113
105 178
106 139
106 168
106 107
106 109
106 111
106 188
106 127
107 151
107 154
107 108
107 109
107 110
107 112
107 113
107 115
108 130
108 156
108 157
108 176
108 170
108 109
108 113
108 116
108 122
109 171
109 143
109 153
109 111
109 161
109 167
109 110
109 175
109 113
109 119
110 133
110 144
110 149
110 151
110 184
110 111
110 115
110 116
110 117
110 118
110 148
111 128
111 129
111 131
111 140
111 143
111 185
111 176
111 169
111 112
111 177
111 115
111 116
111 118
112 128
112 195
112 132
112 134
112 145
112 185
112 157
112 161
112 136
112 114
112 120
112 189
113 195
113 146
113 115
113 180
113 117
113 118
113 121
114 130
114 138
114 146
114 131
114 178
114 120
114 121
114 122
114 124
114 125
115 198
115 146
115 153
115 116
115 181
115 118
115 120
115 121
115 124
115 125
116 134
116 152
116 169
116 117
116 118
116 119
116 122
116 124
116 125
117 128
117 152
117 164
117 170
117 119
117 120
117 121
118 144
118 164
118 167
118 168
118 119
118 120
118 122
118 124
118 126
119 128
119 129
119 182
119 192
119 146
119 162
119 172
119 120
119 121
119 124
119 125
119 127
120 133
120 181
120 136
120 137
120 138
120 148
120 121
120 123
120 124
121 129
121 130
121 131
121 190
121 156
121 197
121 176
121 164
121 168
121 122
122 128
122 159
122 134
122 175
122 124
122 125
122 126
123 128
123 130
123 131
123 134
123 152
123 156
123 183
123 189
124 130
124 131
124 132
124 133
124 145
124 166
124 170
124 175
125 128
125 130
125 131
125 132
125 138
125 188
125 126
125 127
126 128
126 192
126 131
126 132
126 135
126 136
126 170
126 183
126 127
127 128
127 195
127 134
127 137
127 140
127 161
127 174
127 189
128 132
128 134
128 138
128 152
128 163
128 199
128 157
129 130
129 132
129 136
129 137
129 178
130 132
130 134
130 147
130 160
130 188
131 132
131 198
131 135
131 136
131 140
131 168
131 171
131 180
131 181
132 137
132 141
132 154
132 187
132 136
132 181
132 184
133 135
133 136
133 141
133 143
133 146
133 162
133 187
133 164
133 178
134 196
134 138
134 141
134 143
134 191
134 179
134 185
135 194
135 193
135 136
135 139
135 140
135 161
135 199
135 176
135 180
136 137
136 140
136 145
136 150
136 159
136 185
137 138
137 139
137 142
137 144
137 146
137 195
137 148
137 167
137 168
137 147
137 191
138 139
138 141
138 143
138 145
138 153
138 183
139 192
139 141
139 145
139 147
139 148
139 167
139 184
140 197
140 142
140 144
140 146
140 148
140 161
141 143
141 145
141 146
141 147
141 148
141 149
141 151
141 160
141 168
141 170
141 175
142 144
142 145
142 148
142 150
142 152
142 164
142 169
142 190
143 199
143 144
143 147
143 150
143 152
143 197
143 178
144 145
144 147
144 148
144 149
144 155
144 156
144 168
144 171
144 182
144 186
145 146
145 147
145 148
145 149
145 150
145 151
145 153
145 154
145 176
145 182
146 150
146 152
146 154
146 164
146 184
147 194
147 150
147 151
147 154
147 163
147 174
147 179
147 149
148 196
148 150
148 152
148 153
148 157
148 160
148 181
148 189
149 197
149 174
149 151
149 152
149 155
149 156
149 158
149 198
150 153
150 157
150 158
150 172
150 185
151 154
151 157
151 158
151 159
151 160
151 172
152 153
152 157
152 158
152 159
152 160
152 162
153 155
153 156
153 161
153 162
153 182
153 183
154 171
154 199
154 155
154 156
154 157
154 159
154 160
155 193
155 158
155 161
155 163
155 185
156 159
156 160
156 162
156 165
156 183
157 192
157 196
157 159
157 162
157 163
157 164
157 165
157 170
157 177
158 192
158 162
158 163
158 164
158 166
158 171
159 160
159 163
159 165
159 166
159 167
159 168
159 169
159 173
160 165
160 166
160 167
160 168
160 170
160 179
161 164
162 163
162 172
162 189
163 198
163 167
163 168
163 169
163 173
163 177
163 188
163 191
164 194
164 165
164 168
164 172
164 174
164 180
164 188
164 189
165 166
165 170
165 173
165 174
165 185
166 167
166 168
166 173
166 174
166 176
166 181
167 194
167 197
167 168
167 171
167 172
167 173
167 174
167 177
167 181
168 171
168 172
168 177
168 180
168 191
168 195
169 172
169 173
169 174
169 176
169 178
169 179
169 188
170 196
170 172
170 175
170 176
170 178
170 184
171 172
171 175
171 178
171 179
171 180
171 181
172 175
172 176
172 177
172 183
172 179
172 180
172 181
172 190
173 175
173 176
173 182
173 185
173 188
174 177
174 182
174 184
174 186
175 198
175 176
175 177
175 180
175 181
175 182
175 183
175 185
176 195
176 177
176 184
176 185
176 186
177 178
177 181
177 182
177 184
177 185
178 184
178 185
178 186
178 188
178 189
179 197
179 180
179 181
179 184
179 186
179 187
179 188
180 195
180 183
180 187
180 190
181 194
181 182
181 184
181 186
181 187
181 188
181 189
182 183
182 184
182 188
183 192
183 184
183 185
183 187
184 194
184 185
184 188
184 189
185 195
185 189
185 190
186 192
186 194
186 195
186 196
186 187
186 188
186 190
186 191
187 197
187 191
188 194
188 198
189 194
189 199
189 190
190 193
190 194
190 195
190 196
190 197
190 198
190 199
191 193
191 194
191 195
191 199
192 193
192 195
192 196
192 198
193 195
193 196
193 197
194 197
194 198
194 199
195 197
196 199
197 199
198 199
