0 192
0 193
0 2
0 195
0 4
0 197
0 6
0 199
0 194
0 142
0 81
0 22
0 23
0 89
0 5
0 99
0 102
0 7
0 175
0 61
0 191
1 4
1 118
1 199
1 8
1 9
1 10
1 13
1 143
1 22
1 87
1 154
1 79
1 197
1 40
1 170
1 108
1 129
1 112
1 182
1 185
1 159
1 61
2 193
2 4
2 197
2 11
2 13
2 15
2 43
2 18
2 149
2 68
2 5
2 35
2 198
2 107
2 110
2 179
2 180
2 184
2 121
2 159
2 60
3 194
3 196
3 6
3 136
3 141
3 144
3 145
3 107
3 23
3 154
3 130
3 32
3 98
3 106
3 199
3 173
3 112
3 52
3 58
3 42
4 198
4 199
4 10
4 11
4 13
4 14
4 144
4 81
4 82
4 23
4 103
4 110
4 176
4 116
4 169
4 61
5 64
5 195
5 197
5 198
5 9
5 13
5 84
5 66
5 153
5 156
5 130
5 7
5 173
5 140
5 73
5 188
5 190
6 70
6 199
6 9
6 11
6 30
6 165
6 34
6 198
6 103
6 107
6 46
6 113
6 179
6 73
6 122
7 197
7 199
7 137
7 74
7 11
7 16
7 196
7 158
7 34
7 99
7 102
7 38
7 40
7 189
7 48
7 94
7 58
7 61
8 192
8 75
8 11
8 12
8 13
8 17
8 196
8 90
8 156
8 157
8 198
8 166
8 145
8 49
8 190
8 187
8 62
9 14
9 16
9 23
9 89
9 26
9 75
9 33
9 27
9 165
9 39
9 199
9 82
9 112
9 178
9 179
9 187
10 140
10 11
10 12
10 15
10 16
10 21
10 103
10 43
10 110
10 181
10 183
10 56
10 57
11 12
11 77
11 14
11 16
11 81
11 18
11 20
11 87
11 68
11 167
11 34
11 38
11 103
11 168
11 71
11 110
11 47
11 181
11 63
12 192
12 130
12 13
12 14
12 15
12 16
12 17
12 19
12 154
12 34
12 39
12 105
12 109
12 58
12 61
13 199
13 139
13 17
13 19
13 90
13 91
13 30
13 32
13 104
13 42
13 43
13 111
13 168
13 51
13 170
13 126
14 66
14 144
14 23
14 24
14 68
14 30
14 32
14 176
14 187
14 112
14 43
14 48
14 182
14 55
14 184
14 148
14 119
15 132
15 75
15 16
15 19
15 20
15 23
15 156
15 144
15 36
15 102
15 44
15 125
15 49
15 117
15 148
15 186
15 189
15 149
16 65
16 17
16 19
16 20
16 21
16 23
16 24
16 25
16 26
16 143
16 157
16 135
16 176
16 177
16 51
16 60
17 66
17 71
17 89
17 18
17 21
17 22
17 25
17 27
17 156
17 162
17 108
17 45
17 118
17 123
18 71
18 20
18 89
18 26
18 90
18 37
18 103
18 171
18 44
18 174
18 47
18 127
18 63
19 64
19 67
19 72
19 141
19 58
19 21
19 153
19 25
19 28
19 29
19 164
19 102
19 43
19 93
19 179
19 137
19 88
19 186
19 125
19 63
20 194
20 73
20 21
20 86
20 23
20 27
20 156
20 31
20 34
20 37
20 38
20 175
20 157
20 54
20 120
21 67
21 134
21 46
21 23
21 25
21 154
21 175
21 28
21 97
21 36
21 102
21 145
21 43
21 174
21 29
21 122
22 133
22 135
22 142
22 82
22 23
22 24
22 27
22 29
22 30
22 35
22 179
22 116
22 117
22 183
22 191
23 64
23 96
23 150
23 193
23 24
23 27
23 28
23 32
23 98
23 145
23 78
23 142
23 175
23 112
23 61
24 129
24 69
24 137
24 25
24 27
24 29
24 33
24 34
24 44
24 114
24 115
24 123
24 126
25 151
25 26
25 28
25 157
25 30
25 33
25 35
25 102
25 172
25 46
25 29
25 59
26 160
26 194
26 133
26 70
26 138
26 163
26 91
26 28
26 29
26 32
26 34
26 35
26 169
26 144
26 171
27 128
27 101
27 135
27 77
27 100
27 28
27 30
27 31
27 32
27 165
27 34
27 35
27 36
27 81
27 106
27 107
27 146
27 176
27 158
27 119
27 185
28 68
28 70
28 74
28 109
28 92
28 32
28 34
28 36
28 44
28 82
28 116
28 153
28 122
28 60
28 189
29 96
29 196
29 155
29 93
29 30
29 101
29 32
29 35
29 39
29 168
29 173
29 110
29 52
29 56
29 185
29 189
30 129
30 139
30 140
30 161
30 35
30 36
30 39
30 43
30 45
30 174
30 47
30 91
30 51
30 188
30 149
31 151
31 141
31 32
31 33
31 35
31 38
31 39
31 170
31 176
31 104
31 179
31 153
31 127
32 192
32 196
32 137
32 141
32 77
32 152
32 147
32 94
32 33
32 34
32 36
32 42
32 46
32 111
32 105
32 185
32 62
32 127
33 65
33 195
33 197
33 74
33 146
33 179
33 34
33 35
33 37
33 39
33 40
33 42
33 172
33 51
33 54
33 60
34 134
34 141
34 80
34 99
34 154
34 35
34 36
34 101
34 39
34 42
34 43
34 50
34 52
35 128
35 69
35 70
35 97
35 108
35 163
35 39
35 42
35 44
35 110
35 48
36 65
36 196
36 79
36 141
36 150
36 98
36 101
36 54
36 188
37 107
37 73
37 139
37 80
37 147
37 153
37 91
37 162
37 39
37 43
37 45
37 177
37 117
37 188
38 70
38 138
38 140
38 134
38 40
38 43
38 93
38 48
38 168
38 114
38 158
38 54
38 188
39 160
39 198
39 142
39 73
39 105
39 42
39 44
39 46
39 47
39 49
39 180
39 119
39 123
40 67
40 76
40 173
40 156
40 157
40 98
40 168
40 42
40 71
40 44
40 47
40 59
41 129
41 144
41 145
41 44
41 45
41 46
41 47
41 48
41 49
41 178
41 51
41 53
41 50
41 191
42 195
42 161
42 177
42 138
42 86
42 103
42 44
42 45
42 48
42 49
42 52
42 57
42 62
43 193
43 131
43 69
43 129
43 77
43 146
43 87
43 89
43 112
43 45
43 47
43 102
43 115
43 184
43 61
44 128
44 194
44 75
44 79
44 95
44 46
44 48
44 50
44 53
44 116
44 187
44 191
45 131
45 139
45 82
45 86
45 152
45 156
45 103
45 168
45 47
45 49
45 51
45 52
45 56
46 141
46 151
46 110
46 48
46 51
46 180
46 54
46 55
46 56
46 125
47 129
47 66
47 179
47 70
47 143
47 120
47 147
47 49
47 51
47 53
47 61
47 166
48 133
48 83
48 151
48 155
48 186
48 180
48 100
48 71
48 104
48 52
48 53
48 56
48 57
48 58
49 128
49 74
49 183
49 151
49 156
49 95
49 161
49 98
49 114
49 104
49 50
49 52
49 54
49 55
49 59
50 65
50 137
50 74
50 139
50 79
50 80
50 82
50 83
50 84
50 95
50 163
50 114
50 51
50 52
50 54
50 57
50 58
50 190
51 68
51 85
51 164
51 52
51 55
51 58
51 60
51 127
52 130
52 132
52 139
52 79
52 104
52 124
52 53
52 189
52 122
52 187
52 62
52 127
53 76
53 80
53 87
53 152
53 168
53 113
53 56
53 57
53 60
53 61
53 190
54 64
54 130
54 187
54 127
54 123
54 57
54 58
54 59
54 61
54 126
55 64
55 128
55 196
55 136
55 192
55 84
55 123
55 116
55 182
55 56
55 57
55 59
55 60
55 61
55 63
56 193
56 66
56 145
56 150
56 138
56 57
56 58
56 61
56 62
57 66
57 67
57 134
57 193
57 76
57 130
57 79
57 96
57 104
57 106
57 62
58 64
58 182
58 151
58 154
58 92
58 118
58 97
58 167
58 171
58 108
58 180
58 183
58 191
58 60
58 62
58 63
59 65
59 67
59 69
59 135
59 72
59 78
59 81
59 196
59 100
59 113
59 142
59 122
59 60
59 61
59 85
60 64
60 65
60 131
60 69
60 73
60 147
60 133
60 160
60 169
60 174
60 118
60 61
60 62
61 65
61 66
61 70
61 78
61 87
61 135
61 105
61 108
61 175
62 64
62 66
62 67
62 69
62 74
62 148
62 185
62 161
62 165
62 168
62 105
62 189
63 128
63 65
63 66
63 69
63 70
63 72
63 73
63 80
63 185
63 87
63 170
63 127
64 67
64 132
64 69
64 71
64 72
64 74
64 79
64 85
64 158
64 160
64 164
64 188
64 107
64 112
64 113
64 116
64 127
65 192
65 67
65 132
65 70
65 71
65 147
65 94
65 134
65 166
65 178
66 67
66 68
66 72
66 73
66 74
66 120
66 142
66 133
66 176
66 179
66 180
66 118
67 76
67 77
67 143
67 81
67 185
67 157
67 133
67 98
67 198
67 166
67 103
67 171
67 102
68 69
68 144
68 93
68 95
68 99
68 165
68 108
68 109
68 110
68 176
68 180
68 183
68 189
69 70
69 71
69 73
69 77
69 78
69 79
69 144
69 152
69 87
69 91
69 111
69 113
69 189
70 71
70 72
70 74
70 77
70 80
70 141
70 82
70 163
70 166
70 167
70 168
70 114
70 191
71 73
71 75
71 77
71 78
71 154
71 156
71 93
71 99
71 165
71 105
71 170
71 137
72 195
72 73
72 74
72 139
72 79
72 82
72 87
72 152
72 130
72 159
72 175
72 112
72 184
73 138
73 76
73 78
73 80
73 152
73 155
73 100
73 166
73 177
73 126
74 76
74 194
74 80
74 82
74 83
74 160
74 144
74 170
74 172
75 128
75 78
75 80
75 84
75 160
75 167
75 112
75 179
75 118
75 119
75 188
75 191
76 193
76 136
76 78
76 79
76 80
76 82
76 83
76 85
76 151
76 132
76 93
76 120
76 188
77 83
77 85
77 86
77 89
77 150
77 144
77 163
77 102
77 145
77 104
77 119
77 191
77 107
78 136
78 87
78 88
78 164
78 91
78 92
78 94
78 100
78 107
78 181
78 182
79 193
79 129
79 80
79 82
79 84
79 86
79 153
79 156
79 165
79 123
79 134
79 127
80 132
80 88
80 89
80 90
80 91
80 168
80 115
80 180
81 145
81 82
81 83
81 86
81 156
81 95
81 162
81 164
81 168
81 147
82 85
82 86
82 87
82 88
82 100
82 103
82 113
82 190
83 194
83 139
83 85
83 87
83 89
83 91
83 112
83 162
83 100
83 103
83 111
83 117
83 118
83 120
83 125
84 130
84 196
84 85
84 86
84 87
84 89
84 90
84 93
84 94
84 97
84 113
84 149
85 142
85 88
85 89
85 91
85 93
85 95
85 160
85 161
85 166
85 109
85 174
85 189
85 126
86 128
86 136
86 139
86 87
86 88
86 90
86 92
86 94
86 95
86 98
86 165
86 168
86 109
86 157
86 119
86 122
87 161
87 90
87 91
87 95
87 96
87 97
87 165
87 166
87 170
87 125
87 136
87 178
88 160
88 131
88 143
88 89
88 90
88 93
88 95
88 96
88 97
88 98
88 173
88 180
88 187
88 188
89 128
89 154
89 92
89 94
89 105
89 106
90 129
90 194
90 109
90 91
90 94
90 95
90 96
90 99
90 177
90 187
91 95
91 98
91 99
91 100
91 101
91 170
91 173
91 177
92 192
92 193
92 195
92 150
92 136
92 93
92 94
92 95
92 97
92 99
92 101
92 165
92 167
92 159
93 94
93 96
93 100
93 102
93 124
93 121
93 163
93 123
93 188
94 198
94 95
94 96
94 165
94 166
94 103
94 104
94 169
94 106
94 191
94 154
94 187
94 149
95 131
95 142
95 145
95 195
95 132
95 96
95 97
95 99
95 196
95 170
95 114
95 118
95 121
95 191
96 131
96 137
96 162
96 149
96 156
96 98
96 164
96 101
96 103
96 104
96 176
96 124
97 192
97 194
97 152
97 161
97 103
97 104
97 105
97 106
97 107
97 116
97 183
97 185
97 187
98 147
98 148
98 153
98 162
98 155
98 101
98 107
98 173
98 110
98 111
98 180
98 121
98 116
98 187
99 136
99 153
99 102
99 103
99 104
99 108
99 178
99 117
99 183
99 122
99 189
99 126
100 132
100 145
100 101
100 103
100 104
100 107
100 109
100 121
100 125
101 161
101 141
101 154
101 102
101 103
101 107
101 108
101 109
101 110
101 111
101 162
102 196
102 133
102 149
102 152
102 175
102 113
102 106
102 108
102 173
102 111
102 157
102 159
103 158
103 157
103 171
103 174
103 105
103 106
103 107
103 108
103 109
103 110
103 117
103 118
104 134
104 167
104 171
104 108
104 111
104 112
104 113
104 180
104 125
105 199
105 135
105 158
105 106
105 108
105 109
105 111
105 120
106 129
106 133
106 145
106 167
106 107
106 108
106 109
106 110
106 111
106 116
106 118
106 183
106 185
107 156
107 168
107 167
107 109
107 110
107 116
107 165
108 195
108 109
108 111
108 112
108 115
108 116
108 117
108 188
108 126
108 127
109 110
109 112
109 114
109 115
109 116
109 117
109 119
109 185
109 187
109 127
110 128
110 146
110 112
110 113
110 114
110 115
110 116
110 118
110 166
111 179
111 174
111 116
111 119
111 120
111 121
111 122
111 191
112 142
112 159
112 113
112 114
112 118
112 121
112 122
112 188
113 142
113 145
113 148
113 114
113 115
113 116
114 193
114 172
114 160
114 115
114 116
114 117
114 118
114 123
115 193
115 172
115 148
115 178
115 179
115 116
115 117
115 118
115 120
115 125
115 191
116 138
116 183
116 184
116 149
116 180
116 117
116 120
116 121
116 123
116 126
116 181
117 133
117 157
117 118
117 122
117 123
117 127
118 132
118 138
118 156
118 122
118 120
118 185
119 128
119 196
119 193
119 164
119 120
119 122
119 125
119 127
120 128
120 130
120 133
120 198
120 146
120 150
120 164
120 168
120 184
120 185
121 128
121 181
121 130
121 146
121 126
121 184
121 122
121 124
121 125
121 190
121 127
122 129
122 132
122 168
122 178
122 174
122 186
122 123
122 127
123 129
123 132
123 133
123 137
123 152
123 164
123 125
123 124
123 189
124 128
124 131
124 133
124 139
124 149
124 166
124 157
124 125
124 126
124 127
125 192
125 129
125 130
125 139
125 132
125 133
125 183
125 199
125 126
126 128
126 129
126 139
126 132
126 133
126 135
126 183
126 137
126 166
126 172
126 184
127 130
127 134
127 137
127 145
127 146
127 149
127 159
128 129
128 130
128 134
128 135
128 165
128 177
128 180
128 186
128 183
129 130
129 132
129 136
129 139
129 147
129 162
129 189
130 131
130 193
130 136
130 137
130 139
130 149
130 157
130 159
130 177
131 134
131 135
131 136
131 137
131 140
131 158
131 168
131 175
131 192
132 135
132 137
132 138
132 141
133 138
133 139
133 142
133 149
133 160
133 176
134 137
134 140
134 142
134 143
134 144
134 152
134 161
135 138
135 141
135 151
135 157
135 160
135 173
135 180
136 137
136 138
136 139
136 158
136 190
136 187
137 199
137 139
137 143
137 146
137 172
137 178
137 180
137 181
138 139
138 143
138 144
138 145
138 147
138 148
138 150
139 140
139 142
139 143
139 144
140 194
140 141
140 142
140 143
140 145
140 146
140 147
140 149
140 172
140 177
141 145
141 146
141 147
141 148
141 149
141 150
141 152
141 155
141 182
141 187
141 190
142 143
142 144
142 151
142 163
142 198
142 166
143 144
143 152
143 146
143 147
143 149
143 167
143 179
143 190
144 147
144 149
144 156
144 198
144 199
145 198
145 149
145 154
145 155
145 186
146 149
146 151
146 152
146 153
146 154
146 155
146 172
146 191
147 197
147 151
147 152
147 153
147 154
147 156
147 157
148 194
148 162
148 154
148 157
148 158
148 167
148 175
148 180
148 188
149 154
149 156
149 158
149 162
149 198
150 152
150 154
150 155
150 157
150 158
150 159
150 160
150 175
151 192
151 153
151 154
151 157
151 161
151 176
151 184
152 153
152 154
152 159
152 160
153 197
153 154
153 156
153 157
153 159
153 160
153 161
153 162
154 192
154 156
154 157
154 158
154 161
154 169
155 159
155 160
155 161
155 163
155 164
155 165
155 166
155 173
155 184
156 160
156 163
156 165
157 192
157 158
157 165
157 166
158 195
158 198
158 159
158 161
158 166
158 177
158 184
158 185
159 192
159 197
159 160
159 164
159 166
159 169
159 178
159 182
160 161
160 163
160 169
160 170
160 185
161 163
161 166
161 187
162 163
162 165
162 167
162 171
162 181
163 167
163 169
163 171
163 172
163 179
164 165
164 169
164 171
164 172
164 173
165 197
165 173
165 174
166 197
166 169
166 170
166 184
166 190
167 169
167 170
167 174
168 173
168 171
169 192
169 174
169 175
169 176
169 177
169 179
170 199
170 171
170 172
170 174
170 175
170 177
170 180
171 194
171 173
171 177
171 178
171 181
172 190
172 173
172 176
172 182
172 187
173 197
173 175
173 177
173 178
173 179
173 182
174 199
174 176
174 181
174 184
175 196
175 180
175 181
175 182
175 183
175 184
175 187
176 179
176 180
176 181
176 182
176 183
176 186
177 198
177 178
177 179
177 183
177 184
178 183
178 180
178 182
178 187
179 180
179 181
179 182
179 183
179 185
179 188
180 182
180 186
180 187
181 183
181 184
181 185
181 186
181 187
181 188
181 189
181 190
182 186
182 183
182 185
182 189
182 190
183 192
183 196
183 187
183 189
183 190
183 191
184 192
184 185
184 186
184 189
184 190
185 193
185 194
185 188
186 192
186 193
186 196
186 187
186 189
187 188
187 190
187 191
188 192
188 194
188 190
189 197
189 191
190 193
190 197
190 198
190 192
191 194
191 197
192 196
193 194
193 196
193 197
194 195
194 196
194 197
194 198
194 199
195 197
195 199
196 197
197 198
