0 3
0 4
0 8
0 10
0 75
0 146
0 25
0 196
0 27
0 6
0 46
0 118
0 60
1 193
1 2
1 3
1 5
1 6
1 194
1 195
1 22
1 23
1 92
1 104
1 107
1 128
1 55
1 58
1 125
1 126
2 67
2 4
2 197
2 71
2 9
2 10
2 12
2 143
2 149
2 151
2 24
2 196
2 92
2 69
2 5
2 96
2 169
2 193
2 7
2 173
2 54
3 4
3 8
3 76
3 12
3 139
3 85
3 25
3 196
3 162
3 39
3 169
3 193
3 173
3 46
3 72
3 140
3 51
3 187
4 5
4 134
4 199
4 11
4 115
4 195
4 85
4 24
4 91
4 197
4 165
4 101
4 194
4 107
4 46
4 136
4 51
4 184
4 186
4 60
4 61
5 197
5 198
5 7
5 9
5 10
5 139
5 13
5 14
5 15
5 81
5 87
5 97
5 35
5 6
5 104
5 111
5 55
6 196
6 198
6 8
6 10
6 11
6 77
6 16
6 152
6 79
6 197
6 160
6 97
6 167
6 168
6 110
6 60
7 10
7 11
7 13
7 14
7 15
7 16
7 17
7 82
7 148
7 78
7 36
7 29
7 30
7 197
7 100
7 134
7 113
7 178
7 182
8 199
8 9
8 11
8 13
8 15
8 83
8 22
8 153
8 91
8 96
8 34
8 100
8 195
8 112
8 113
8 53
8 58
8 124
9 199
9 15
9 144
9 22
9 25
9 26
9 143
9 93
9 197
9 50
9 122
9 125
10 65
10 67
10 137
10 12
10 13
10 14
10 15
10 17
10 149
10 141
10 25
10 153
10 94
10 34
10 99
10 100
10 134
10 166
10 193
10 176
10 55
10 189
11 76
11 74
11 75
11 12
11 14
11 15
11 146
11 89
11 79
11 144
11 129
11 135
11 44
11 121
12 198
12 13
12 14
12 143
12 19
12 20
12 22
12 153
12 94
12 97
12 101
12 106
12 171
12 174
12 51
12 185
12 124
13 142
13 15
13 17
13 18
13 20
13 21
13 22
13 23
13 25
13 197
13 34
13 147
13 182
13 138
13 126
14 15
14 16
14 19
14 22
14 23
14 90
14 29
14 38
14 167
14 105
14 122
14 45
14 110
14 52
14 120
14 186
15 132
15 88
15 23
15 161
15 98
15 37
15 168
15 42
15 175
15 48
15 113
15 122
15 187
16 149
16 129
16 77
16 17
16 19
16 22
16 23
16 154
16 99
16 134
16 39
16 106
16 44
16 110
16 180
16 42
16 63
17 73
17 18
17 19
17 84
17 85
17 23
17 25
17 26
17 28
17 101
17 169
17 136
17 190
17 54
17 183
17 20
17 189
17 62
17 127
18 131
18 19
18 20
18 149
18 24
18 27
18 157
18 114
18 103
18 45
18 50
18 51
18 186
19 139
19 196
19 87
19 21
19 22
19 23
19 27
19 144
19 34
19 99
19 177
19 146
19 175
19 49
19 114
19 124
20 132
20 135
20 73
20 23
20 152
20 25
20 97
20 103
20 172
20 178
20 180
20 182
20 125
21 64
21 67
21 132
21 198
21 85
21 24
21 28
21 158
21 31
21 32
21 107
21 174
21 47
21 176
21 30
21 190
22 132
22 70
22 77
22 23
22 25
22 26
22 30
22 48
22 114
22 115
22 186
22 63
23 128
23 68
23 198
23 142
23 153
23 24
23 25
23 26
23 27
23 93
23 158
23 165
23 123
23 125
23 62
24 198
24 154
24 28
24 29
24 30
24 32
24 107
24 157
24 51
24 181
24 55
24 120
24 186
25 136
25 76
25 149
25 27
25 35
25 39
25 144
25 44
25 147
25 120
26 193
26 65
26 74
26 88
26 28
26 30
26 31
26 33
26 98
26 105
26 135
26 173
26 180
27 130
27 161
27 151
27 78
27 143
27 28
27 29
27 30
27 101
27 32
27 34
27 35
27 36
27 104
27 175
27 99
27 119
27 31
28 130
28 164
28 66
28 143
28 90
28 30
28 33
28 35
28 38
28 40
28 171
28 67
28 44
28 175
28 55
29 128
29 130
29 199
29 139
29 76
29 33
29 36
29 39
29 46
29 110
29 115
29 55
29 102
30 68
30 141
30 32
30 36
30 37
30 38
30 103
30 40
30 177
30 54
31 181
31 135
31 72
31 161
31 33
31 34
31 35
31 38
31 41
31 106
31 173
31 189
31 176
31 168
31 53
31 124
31 102
31 149
32 135
32 83
32 89
32 154
32 95
32 33
32 34
32 35
32 36
32 38
32 39
32 40
32 170
32 114
32 181
32 184
33 194
33 195
33 132
33 71
33 78
33 156
33 35
33 39
33 41
33 42
33 110
33 49
33 114
33 179
33 153
33 61
34 70
34 199
34 119
34 77
34 81
34 188
34 90
34 58
34 98
34 99
34 36
34 102
34 39
34 40
34 41
34 44
34 155
34 55
34 120
34 122
34 60
35 192
35 160
35 49
35 78
35 82
35 148
35 86
35 90
35 93
35 162
35 38
35 39
35 41
35 177
35 169
35 186
36 192
36 69
36 137
36 74
36 98
36 86
36 95
36 37
36 38
36 39
36 40
36 41
36 42
36 107
36 176
36 73
36 138
37 197
37 172
37 109
37 91
37 38
37 41
37 42
37 43
37 44
37 46
37 47
37 176
37 108
37 179
37 73
38 70
38 143
38 85
38 112
38 41
38 171
38 55
38 190
38 191
39 198
39 172
39 148
39 175
39 41
39 43
39 44
39 46
39 157
39 48
39 52
39 189
40 64
40 160
40 171
40 134
40 71
40 149
40 150
40 90
40 167
40 45
40 182
40 56
40 121
41 130
41 67
41 74
41 76
41 77
41 143
41 158
41 44
41 45
41 46
41 47
41 51
41 56
41 124
41 190
41 127
42 130
42 97
42 137
42 141
42 81
42 156
42 157
42 165
42 176
42 44
42 177
42 178
42 52
42 181
42 184
42 189
43 132
43 69
43 113
43 73
43 75
43 140
43 78
43 148
43 90
43 158
43 164
43 44
43 45
43 46
43 52
43 166
44 65
44 138
44 75
44 142
44 153
44 167
44 47
44 52
44 74
44 166
45 129
45 139
45 183
45 142
45 147
45 148
45 105
45 92
45 93
45 162
45 47
45 51
45 120
45 188
45 189
46 68
46 118
46 136
46 78
46 105
46 169
46 158
46 102
46 173
46 176
46 52
46 53
46 122
46 166
47 68
47 71
47 81
47 89
47 186
47 168
47 49
47 178
47 52
47 55
47 114
47 61
47 190
47 63
48 66
48 133
48 70
48 71
48 75
48 173
48 144
48 151
48 186
48 104
48 101
48 164
48 166
48 106
48 49
48 53
48 56
48 58
48 102
49 194
49 115
49 137
49 96
49 176
49 109
49 83
49 52
49 53
49 57
49 59
50 129
50 118
50 139
50 188
50 151
50 153
50 169
50 177
50 51
50 53
50 54
50 119
50 58
51 65
51 73
51 138
51 147
51 148
51 122
51 159
51 98
51 102
51 93
51 56
51 59
51 60
52 192
52 193
52 72
52 172
52 152
52 175
52 94
52 162
52 53
52 54
52 57
52 186
52 60
52 61
53 129
53 118
53 136
53 145
53 148
53 88
53 123
53 173
53 125
53 54
53 56
53 180
53 58
53 59
53 60
53 61
53 63
54 64
54 85
54 90
54 97
54 99
54 165
54 103
54 168
54 105
54 55
54 187
54 60
54 62
55 130
55 68
55 179
55 198
55 139
55 158
55 165
55 191
55 108
55 116
55 58
55 187
55 61
55 63
56 65
56 115
56 129
56 192
56 110
56 164
56 102
56 58
56 59
56 60
56 61
57 67
57 134
57 154
57 93
57 97
57 167
57 183
57 121
57 59
57 188
57 61
57 62
58 64
58 65
58 68
58 118
58 130
58 77
58 145
58 151
58 102
58 71
58 116
58 180
58 122
59 64
59 65
59 67
59 69
59 143
59 148
59 152
59 161
59 171
59 172
59 112
59 61
59 63
60 66
60 67
60 98
60 196
60 93
60 180
60 109
60 174
60 186
60 187
60 61
60 181
61 68
61 69
61 70
61 143
61 115
61 124
61 188
61 149
61 87
61 164
61 105
61 106
61 108
61 174
62 68
62 69
62 71
62 80
62 148
62 150
62 182
62 99
62 198
62 114
62 187
62 126
62 63
63 196
63 69
63 70
63 72
63 73
63 92
63 147
63 88
63 153
63 156
63 182
63 160
63 197
63 163
63 198
63 103
63 169
63 188
63 191
64 67
64 68
64 70
64 71
64 72
64 74
64 82
64 156
64 160
64 102
64 112
64 121
64 124
64 125
65 67
65 68
65 69
65 70
65 72
65 73
65 74
65 75
65 146
65 84
65 171
65 185
65 101
65 107
65 109
66 69
66 70
66 71
66 136
66 141
66 82
66 150
66 93
66 98
66 106
66 175
66 118
66 137
67 69
67 71
67 74
67 77
67 145
67 148
67 133
67 96
67 97
67 107
67 110
67 181
67 138
68 175
68 69
68 70
68 77
68 147
68 157
68 123
68 104
68 189
68 183
68 138
68 127
69 70
69 71
69 140
69 76
69 79
69 195
69 155
69 94
69 108
70 72
70 128
70 75
70 77
70 79
70 143
70 157
70 161
70 112
70 176
70 114
71 137
71 81
71 131
71 150
71 185
71 88
71 90
71 143
71 147
71 190
71 119
71 121
72 194
72 129
72 74
72 75
72 76
72 79
72 165
72 107
72 116
72 192
73 133
73 199
73 192
73 79
73 154
73 144
73 99
73 198
73 104
73 169
73 176
73 184
73 126
74 132
74 76
74 77
74 84
74 87
74 91
74 96
74 161
74 167
75 130
75 79
75 80
75 82
75 83
75 85
75 89
75 102
75 106
75 170
76 77
76 82
76 84
76 87
76 197
76 96
76 164
76 175
76 117
76 191
77 192
77 194
77 141
77 80
77 82
77 106
77 108
77 174
77 113
77 120
77 126
77 149
78 142
78 79
78 146
78 196
78 143
78 150
78 95
78 135
78 125
78 126
79 80
79 81
79 82
79 83
79 86
79 87
79 88
79 197
79 116
79 122
79 190
80 194
80 132
80 81
80 82
80 83
80 85
80 87
80 88
80 89
80 90
80 97
80 196
80 115
80 188
81 157
81 159
81 160
81 103
81 116
81 184
82 130
82 149
82 86
82 97
82 100
82 103
82 110
82 113
82 178
82 180
82 188
83 160
83 84
83 149
83 86
83 89
83 92
83 93
83 165
83 103
83 178
84 148
84 85
84 86
84 89
84 90
84 94
84 163
84 156
84 114
84 125
85 142
85 86
85 161
85 98
85 108
85 110
85 117
85 125
85 126
86 192
86 130
86 131
86 88
86 90
86 93
86 95
86 168
86 169
86 118
86 186
86 187
87 88
87 90
87 92
87 93
87 94
87 95
87 100
87 110
87 176
87 189
88 151
88 152
88 153
88 91
88 94
88 97
88 98
88 106
88 116
88 121
88 185
88 186
89 196
89 152
89 90
89 94
89 100
89 175
89 113
89 116
90 192
90 96
90 98
90 144
90 108
90 174
90 125
91 138
91 140
91 92
91 94
91 95
91 107
91 110
91 178
91 118
91 163
91 190
91 127
92 131
92 135
92 194
92 173
92 153
92 93
92 158
92 97
92 98
92 102
92 103
92 147
93 161
93 136
93 139
93 109
93 94
93 96
93 98
93 99
93 103
93 124
93 135
93 122
93 125
93 166
94 151
94 145
94 155
94 156
94 95
94 97
94 98
94 104
94 197
94 178
95 197
95 154
95 96
95 97
95 98
95 99
95 100
95 102
95 104
95 178
95 155
96 140
96 97
96 98
96 101
96 102
96 103
96 106
96 107
96 172
96 154
96 117
96 182
96 169
96 186
97 144
97 99
97 100
97 101
97 102
97 104
97 105
97 106
97 107
97 158
98 193
98 171
98 141
98 167
98 99
98 100
98 101
98 103
98 105
98 108
98 121
98 170
99 129
99 150
99 145
99 154
99 153
99 156
99 133
99 168
99 105
99 185
100 101
100 102
100 103
100 105
100 107
100 108
100 109
100 116
100 182
100 183
100 165
101 128
101 139
101 134
101 183
101 108
101 110
101 119
101 121
102 194
102 199
102 144
102 150
102 151
102 163
102 166
102 105
102 106
102 109
102 112
103 192
103 193
103 131
103 137
103 151
103 106
103 110
103 111
103 181
103 182
103 120
103 126
104 160
104 106
104 108
104 111
104 112
104 117
104 187
104 190
105 144
105 148
105 179
105 175
105 113
105 187
105 118
105 184
105 123
106 129
106 162
106 137
106 158
106 108
106 113
106 114
106 116
106 183
107 192
107 134
107 195
107 110
107 111
107 113
107 114
107 118
107 119
107 124
108 194
108 195
108 182
108 152
108 159
108 167
108 109
108 111
108 112
108 118
109 132
109 146
109 148
109 157
109 112
109 113
109 116
109 118
109 186
109 181
110 195
110 150
110 146
110 112
110 115
110 117
110 118
110 185
110 123
110 127
111 192
111 131
111 148
111 167
111 112
111 114
111 116
111 120
111 123
111 188
111 166
112 128
112 129
112 140
112 152
112 154
112 175
112 113
112 115
112 117
112 119
112 121
112 124
112 127
113 140
113 152
113 115
113 116
113 118
113 121
113 123
114 149
114 198
114 118
114 134
114 123
114 124
115 135
115 153
115 163
115 118
115 119
115 120
115 121
115 122
115 124
115 125
116 164
116 173
116 147
116 148
116 151
116 152
116 155
116 156
116 119
116 120
116 123
116 125
117 121
117 172
117 140
117 179
117 120
117 185
117 125
117 127
118 133
118 159
118 167
118 121
118 122
118 124
119 129
119 130
119 141
119 184
119 148
119 120
119 121
119 122
119 123
119 124
119 127
120 129
120 199
120 159
120 180
120 121
120 122
120 124
120 125
121 128
121 129
121 179
121 189
121 194
121 143
121 141
121 176
121 162
121 122
121 123
122 179
122 136
122 183
122 185
122 152
122 196
122 176
122 173
122 127
123 128
123 131
123 199
123 157
123 125
123 126
124 193
124 134
124 136
124 145
124 146
124 171
124 125
125 130
125 195
125 138
125 184
125 157
125 142
125 126
126 128
126 131
126 135
126 136
126 152
126 172
127 128
127 129
127 130
127 131
127 136
127 183
127 142
127 147
127 198
127 166
127 171
127 177
128 130
128 131
128 134
128 137
128 151
128 139
128 159
128 171
129 130
129 131
129 136
129 137
130 135
130 136
130 137
130 139
130 149
130 160
131 133
131 134
131 135
131 136
131 141
131 149
131 185
131 163
131 177
132 133
132 136
132 137
132 138
132 140
132 166
132 169
132 185
133 192
133 137
133 138
133 143
133 195
133 151
133 153
133 158
133 172
133 184
133 185
134 135
134 138
134 140
134 142
134 143
134 188
134 179
135 139
135 140
135 143
135 144
135 145
135 154
135 158
135 170
135 180
135 148
135 159
136 137
136 140
136 194
136 142
136 145
136 146
136 155
136 168
136 172
136 178
137 177
137 138
137 139
137 140
137 144
137 147
137 188
138 139
138 145
138 146
138 168
138 177
138 183
139 142
139 143
139 144
139 166
139 167
139 184
140 192
140 141
140 142
140 144
140 166
141 192
141 146
141 149
141 150
141 163
141 177
142 143
142 144
142 145
142 146
142 147
142 151
142 152
143 145
143 147
143 148
143 151
143 153
143 183
144 152
144 156
144 158
144 159
144 199
144 175
144 190
145 149
145 150
145 151
145 153
145 161
145 167
145 176
146 193
146 150
146 152
146 153
146 154
146 166
147 193
147 154
147 156
147 171
147 180
147 187
148 193
148 197
148 149
148 155
148 162
148 191
149 150
149 154
149 157
149 189
149 183
149 191
150 196
150 152
150 158
150 160
150 171
151 195
151 198
151 199
151 152
151 155
151 156
151 158
151 160
151 175
152 155
152 156
152 186
152 161
152 162
153 154
153 155
153 157
153 177
154 160
154 162
154 180
154 181
154 187
154 189
155 193
155 196
155 156
155 157
155 161
155 162
155 169
155 172
156 158
156 159
156 161
156 162
156 163
156 170
157 161
157 162
157 164
157 165
157 167
157 185
157 170
158 161
158 162
158 168
158 172
158 177
158 185
159 182
159 166
159 167
159 168
159 169
159 175
159 185
160 192
160 194
160 195
160 193
160 163
160 164
160 165
160 167
161 165
161 166
161 167
161 168
161 174
162 195
162 164
162 165
162 170
162 171
162 172
162 176
163 198
163 165
163 167
163 168
163 169
163 170
164 192
164 197
164 165
164 168
164 169
164 170
164 173
165 169
165 170
165 171
165 173
165 175
166 193
166 199
166 168
166 170
166 174
167 168
167 173
167 176
167 191
168 169
168 171
168 174
168 176
168 177
168 187
168 190
169 170
169 171
169 173
169 174
169 177
170 171
170 172
170 176
170 179
170 180
170 190
171 173
171 174
171 178
171 181
172 192
172 187
172 174
172 177
172 179
172 181
172 182
172 183
173 174
173 175
173 176
173 178
173 179
173 182
173 183
173 181
174 176
174 177
174 180
174 181
174 183
174 184
174 190
175 180
175 181
175 188
175 190
176 180
176 184
176 186
176 189
177 180
177 181
177 182
177 185
177 187
178 179
178 180
178 181
178 183
178 186
178 187
179 192
179 180
179 185
179 187
179 189
180 196
180 184
180 188
181 182
181 186
182 183
182 188
182 190
183 193
183 188
183 190
184 192
184 194
184 186
184 189
184 191
185 192
185 193
185 186
185 187
185 191
186 192
186 196
187 193
187 196
187 197
187 190
187 191
188 194
188 197
188 190
189 192
189 193
189 196
189 197
189 199
190 192
190 193
190 195
190 199
191 193
191 195
191 197
191 198
193 195
193 199
194 199
194 195
195 199
195 197
196 197
196 198
196 199
