0 192
0 3
0 198
0 11
0 13
0 15
0 80
0 23
0 88
0 196
0 90
0 95
0 33
0 102
0 108
0 83
0 117
0 119
0 187
0 190
1 64
1 195
1 5
1 198
1 199
1 9
1 10
1 78
1 18
1 87
1 197
1 161
1 162
1 102
1 52
1 183
2 192
2 11
2 196
2 69
2 71
2 139
2 146
2 84
2 158
2 97
2 99
2 164
2 198
2 42
2 54
2 20
2 125
3 195
3 196
3 7
3 8
3 9
3 10
3 13
3 142
3 145
3 75
3 150
3 88
3 68
3 92
3 93
3 197
3 35
3 105
3 118
3 55
3 127
4 193
4 195
4 196
4 8
4 12
4 13
4 14
4 91
4 28
4 158
4 34
4 38
4 199
4 175
4 136
4 52
4 55
4 58
5 195
5 51
5 7
5 8
5 9
5 10
5 13
5 14
5 15
5 142
5 151
5 160
5 36
5 6
5 115
5 116
6 196
6 198
6 8
6 9
6 11
6 12
6 13
6 14
6 15
6 145
6 159
6 104
6 60
7 199
7 9
7 10
7 11
7 12
7 14
7 15
7 17
7 88
7 79
7 103
7 108
7 181
7 159
7 74
7 191
8 129
8 9
8 10
8 11
8 13
8 78
8 16
8 81
8 67
8 155
8 17
8 169
8 83
8 55
9 44
9 10
9 11
9 12
9 13
9 14
9 17
9 86
9 28
9 29
9 150
9 167
9 199
9 108
9 177
9 54
10 11
10 13
10 16
10 17
10 18
10 19
10 167
10 41
10 199
10 110
10 112
10 121
10 61
11 140
11 14
11 16
11 18
11 19
11 27
11 96
11 37
11 193
11 45
11 110
11 181
11 183
11 121
11 191
12 72
12 76
12 14
12 101
12 98
12 99
12 100
12 37
12 167
12 43
12 174
12 48
12 113
12 117
12 73
12 184
12 61
12 190
13 194
13 151
13 16
13 18
13 22
13 23
13 153
13 80
13 104
13 170
13 109
13 51
13 89
13 186
13 61
13 127
14 198
14 15
14 16
14 17
14 19
14 23
14 24
14 152
14 26
14 34
14 100
14 101
14 106
14 55
14 126
15 130
15 66
15 79
15 82
15 21
15 22
15 23
15 24
15 150
15 100
15 134
15 166
15 103
15 18
15 114
15 180
15 181
16 66
16 79
16 17
16 18
16 19
16 21
16 86
16 25
16 92
16 158
16 99
16 107
16 44
16 47
16 74
16 138
16 127
17 128
17 195
17 70
17 87
17 171
17 20
17 21
17 23
17 88
17 154
17 199
17 139
17 124
17 106
17 43
17 173
17 174
17 55
17 56
17 60
17 74
17 134
18 68
18 81
18 20
18 150
18 98
18 164
18 156
18 42
18 174
18 115
18 54
18 73
18 186
18 123
18 74
18 190
19 64
19 132
19 197
19 135
19 72
19 21
19 22
19 23
19 25
19 26
19 29
19 31
19 175
19 176
19 89
19 183
19 119
19 191
20 75
20 137
20 21
20 22
20 29
20 94
20 101
20 37
20 105
20 158
20 190
21 128
21 66
21 197
21 198
21 22
21 25
21 27
21 29
21 30
21 96
21 36
21 105
21 177
21 114
21 52
21 143
22 160
22 131
22 100
22 24
22 25
22 27
22 31
22 164
22 166
22 52
22 119
22 57
22 186
22 125
23 64
23 66
23 137
23 149
23 154
23 26
23 29
23 30
23 32
23 101
23 170
23 78
23 115
23 57
23 124
24 197
24 199
24 149
24 25
24 26
24 27
24 30
24 32
24 145
24 104
24 78
24 111
24 55
24 58
24 159
25 128
25 130
25 43
25 197
25 161
25 76
25 87
25 26
25 27
25 92
25 33
25 35
25 164
25 102
25 41
25 171
25 172
25 45
25 175
25 48
25 99
25 53
25 185
25 123
26 66
26 138
26 152
26 149
26 154
26 30
26 32
26 33
26 102
26 168
26 169
26 50
26 54
26 55
27 128
27 132
27 136
27 162
27 153
27 30
27 31
27 32
27 33
27 34
27 37
27 165
27 105
27 50
27 53
27 190
28 194
28 131
28 69
28 142
28 164
28 175
28 92
28 31
28 100
28 37
28 110
28 174
28 83
28 185
29 133
29 72
29 137
29 76
29 98
29 79
29 144
29 81
29 157
29 159
29 32
29 37
29 188
29 177
29 114
29 52
29 54
29 119
29 124
30 86
30 76
30 79
30 82
30 31
30 32
30 33
30 162
30 39
30 40
30 177
30 51
30 143
31 129
31 136
31 162
31 45
31 156
31 33
31 38
31 106
31 171
31 173
31 46
31 49
31 189
31 63
32 100
32 130
32 193
32 138
32 147
32 148
32 85
32 89
32 156
32 38
32 103
32 109
32 48
32 179
32 180
32 60
32 166
33 160
33 66
33 198
33 199
33 140
33 76
33 141
33 96
33 34
33 103
33 43
33 48
33 181
33 153
33 125
33 190
34 100
34 194
34 131
34 97
34 69
34 135
34 141
34 144
34 85
34 96
34 36
34 40
34 53
34 183
35 193
35 194
35 69
35 137
35 143
35 92
35 146
35 165
35 164
35 37
35 102
35 167
35 41
35 45
35 52
35 184
35 62
36 83
36 179
36 72
36 162
36 195
36 84
36 69
36 95
36 97
36 37
36 39
36 41
36 109
36 46
36 115
36 53
36 124
37 136
37 109
37 165
37 38
37 41
37 42
37 45
37 46
37 47
37 91
37 155
37 55
37 120
37 106
38 134
38 137
38 87
38 154
38 39
38 40
38 41
38 44
38 45
38 46
38 114
38 56
38 187
39 129
39 195
39 133
39 76
39 143
39 151
39 197
39 40
39 42
39 43
39 44
39 45
39 49
39 115
39 158
39 185
40 193
40 197
40 70
40 135
40 147
40 149
40 57
40 41
40 44
40 49
40 50
40 121
40 186
41 128
41 64
41 133
41 94
41 158
41 42
41 107
41 45
41 117
41 118
41 56
41 123
41 60
41 63
42 128
42 160
42 131
42 194
42 142
42 141
42 86
42 95
42 176
42 45
42 46
42 49
42 52
42 56
42 116
42 114
43 197
43 71
43 79
43 148
43 158
43 160
43 101
43 44
43 45
43 48
43 49
43 182
43 57
43 187
43 94
43 127
44 129
44 66
44 67
44 118
44 142
44 143
44 82
44 148
44 152
44 50
44 51
44 54
44 121
45 193
45 198
45 113
45 137
45 183
45 147
45 162
45 46
45 112
45 49
45 53
45 163
45 123
45 61
45 191
46 130
46 74
46 143
46 173
46 151
46 100
46 162
46 163
46 174
46 47
46 48
46 49
46 180
46 53
46 55
46 56
46 187
46 190
46 63
47 66
47 67
47 132
47 179
47 139
47 145
47 156
47 97
47 163
47 48
47 49
47 51
47 54
47 56
47 57
47 58
47 168
47 190
48 132
48 73
48 98
48 84
48 196
48 86
48 111
48 162
48 51
48 53
48 60
49 132
49 70
49 103
49 152
49 154
49 175
49 186
49 163
49 100
49 102
49 117
49 54
49 169
49 56
49 59
50 128
50 129
50 136
50 144
50 84
50 165
50 101
50 102
50 113
50 168
50 51
50 55
50 57
50 58
51 140
51 151
51 88
51 156
51 97
51 179
51 52
51 53
51 54
51 55
51 56
52 65
52 138
52 81
52 83
52 98
52 101
52 102
52 178
52 53
52 55
52 59
52 61
52 62
53 64
53 71
53 75
53 81
53 151
53 89
53 160
53 178
53 55
53 184
53 60
53 61
53 63
54 64
54 68
54 85
54 160
54 169
54 127
54 117
54 56
54 57
54 123
54 61
54 63
55 194
55 139
55 142
55 162
55 81
55 114
55 120
55 58
56 68
56 182
56 136
56 194
56 77
56 89
56 143
56 92
56 171
56 180
56 57
56 62
56 191
57 67
57 196
57 150
57 151
57 83
57 175
57 182
57 116
57 58
57 59
57 60
57 61
58 67
58 70
58 77
58 90
58 157
58 94
58 160
58 170
58 171
58 106
58 59
58 60
58 61
58 62
58 63
59 65
59 67
59 68
59 75
59 144
59 115
59 196
59 91
59 159
59 174
59 62
59 63
60 128
60 68
60 87
60 192
60 77
60 151
60 156
60 176
60 81
60 107
60 182
60 126
61 133
61 70
61 142
61 145
61 82
61 101
61 134
61 171
61 109
61 178
61 62
62 192
62 65
62 66
62 67
62 68
62 69
62 135
62 72
62 75
62 120
62 149
62 155
62 91
62 164
62 104
62 185
63 66
63 73
63 139
63 140
63 99
63 186
63 161
63 123
63 103
63 168
63 169
63 177
63 176
63 113
63 178
63 127
64 65
64 66
64 67
64 69
64 73
64 75
64 139
64 94
64 168
64 105
64 106
64 109
64 174
64 175
64 190
65 66
65 67
65 68
65 70
65 73
65 74
65 194
65 82
65 150
65 99
65 190
66 69
66 70
66 72
66 73
66 141
66 151
66 155
66 92
66 101
66 103
66 183
67 69
67 72
67 74
67 75
67 76
67 77
67 121
67 91
67 166
67 124
68 69
68 70
68 129
68 72
68 73
68 74
68 139
68 76
68 77
68 85
68 99
68 71
68 146
68 123
69 70
69 72
69 74
69 77
69 196
69 101
69 165
69 187
69 119
69 190
70 71
70 73
70 77
70 79
70 154
70 162
70 109
70 112
70 179
70 120
70 123
71 135
71 72
71 76
71 77
71 79
71 80
71 81
71 86
71 153
71 132
71 91
71 161
71 110
71 112
71 136
71 115
72 73
72 74
72 76
72 194
72 79
72 195
72 86
72 179
72 91
72 150
72 157
72 117
72 186
73 195
73 75
73 76
73 79
73 83
73 139
73 96
73 161
73 104
73 177
73 124
74 140
74 109
74 79
74 81
74 84
74 99
74 164
74 116
74 119
75 77
75 79
75 83
75 84
75 85
75 150
75 134
75 178
75 181
76 78
76 82
76 83
76 86
76 155
76 93
76 133
76 94
76 122
76 189
77 138
77 78
77 82
77 147
77 85
77 86
77 96
77 162
77 185
77 186
78 119
78 79
78 80
78 81
78 83
78 85
78 87
78 96
78 177
78 183
79 80
79 83
79 85
79 88
79 89
79 91
79 197
79 102
79 174
79 157
79 176
79 122
79 191
80 130
80 81
80 82
80 83
80 88
80 89
80 169
80 174
80 179
81 133
81 141
81 83
81 86
81 89
81 91
81 99
81 121
81 125
82 83
82 84
82 87
82 91
82 160
82 102
82 103
82 137
83 128
83 146
83 84
83 87
83 154
83 160
83 174
83 138
84 139
84 137
84 92
84 160
84 161
84 163
84 172
84 110
85 131
85 196
85 184
85 142
85 86
85 87
85 88
85 89
85 92
85 165
85 109
85 141
85 111
85 187
86 199
86 89
86 95
86 96
86 103
87 141
87 88
87 153
87 90
87 92
87 96
87 97
87 101
87 105
87 111
87 115
87 102
88 94
88 95
88 96
88 144
88 107
88 175
88 118
88 184
88 121
88 159
89 91
89 92
89 99
89 163
89 177
89 179
89 149
90 192
90 193
90 149
90 150
90 92
90 93
90 159
90 96
90 97
90 101
90 144
90 157
90 176
90 177
90 180
90 181
91 197
91 137
91 179
91 143
91 99
91 114
91 123
91 181
91 124
91 127
92 193
92 132
92 133
92 98
92 99
92 102
92 171
92 178
92 186
92 126
93 197
93 171
93 158
93 95
93 96
93 100
93 101
93 103
93 104
93 167
93 121
93 122
93 149
94 197
94 151
94 98
94 99
94 100
94 101
94 166
94 169
94 170
94 172
94 110
94 148
94 124
95 97
95 162
95 99
95 100
95 101
95 104
95 114
95 155
95 127
96 132
96 100
96 101
96 102
96 103
96 104
96 189
96 166
97 128
97 139
97 98
97 142
97 151
97 103
97 106
97 108
97 173
97 153
97 188
98 192
98 195
98 144
98 155
98 101
98 102
98 105
98 106
98 146
98 158
99 152
99 101
99 107
99 112
99 153
99 187
100 101
100 105
100 193
100 121
100 123
100 126
101 133
101 138
101 166
101 103
101 108
101 113
101 126
102 130
102 142
102 113
102 104
102 109
102 110
102 111
103 195
103 136
103 130
103 108
103 109
103 110
103 111
103 112
103 183
104 128
104 197
104 142
104 176
104 105
104 106
104 107
104 110
104 114
104 119
104 170
105 198
105 131
105 106
105 107
105 113
105 114
105 170
106 179
106 198
106 144
106 108
106 110
106 112
106 114
106 116
106 183
107 196
107 137
107 142
107 148
107 109
107 111
107 112
107 115
107 182
107 187
107 124
108 194
108 149
108 152
108 154
108 169
108 111
108 113
108 114
108 115
108 185
109 128
109 195
109 196
109 142
109 150
109 159
109 112
109 115
109 127
110 137
110 142
110 145
110 162
110 111
110 112
110 113
110 116
110 120
111 132
111 137
111 174
111 112
111 113
111 116
111 117
111 118
111 119
111 120
111 189
112 131
112 166
112 113
112 114
112 115
112 117
112 120
112 122
113 198
113 199
113 175
113 191
113 177
113 114
113 115
113 117
113 118
113 123
113 181
114 185
114 155
114 160
114 176
114 177
114 174
114 115
114 117
114 118
114 121
114 123
115 178
115 145
115 175
115 116
115 117
115 118
115 120
115 125
116 130
116 135
116 185
116 155
116 158
116 159
116 117
116 120
116 121
116 124
116 126
117 198
117 135
117 137
117 161
117 118
117 121
117 122
118 138
118 148
118 182
118 120
118 121
118 122
118 123
118 124
118 126
118 127
119 132
119 144
119 185
119 122
119 123
119 124
120 146
120 154
120 186
120 163
120 169
120 177
120 122
120 123
120 124
121 130
121 196
121 199
121 194
121 144
121 166
121 167
121 125
121 126
122 129
122 130
122 131
122 132
122 196
122 168
122 188
122 176
122 124
122 125
123 128
123 130
123 132
123 133
123 192
123 124
124 131
124 134
124 194
124 146
124 189
124 191
125 128
125 130
125 133
125 135
125 180
125 168
125 172
125 187
125 126
126 133
126 134
126 135
126 137
126 195
126 156
126 166
126 177
127 130
127 131
127 132
127 133
127 136
127 145
127 153
127 183
128 130
128 132
128 133
128 199
128 136
128 183
128 157
128 196
128 180
129 195
129 134
129 135
129 137
129 139
129 144
129 155
129 180
130 132
130 136
130 150
130 175
131 196
131 134
131 135
131 138
131 186
131 157
131 163
131 156
132 133
132 144
132 150
132 157
132 172
132 173
133 135
133 136
133 141
133 142
133 143
133 149
133 155
133 180
134 136
134 137
134 142
134 144
134 154
134 173
134 178
134 192
134 146
135 140
135 143
135 155
135 159
135 176
135 192
135 186
136 137
136 138
136 139
136 184
136 161
136 174
136 177
136 179
137 138
137 143
137 144
137 146
137 164
138 198
138 193
138 145
138 146
138 148
138 159
138 163
138 173
138 190
139 142
139 144
139 145
139 147
139 149
139 197
139 187
140 141
140 143
140 145
140 147
140 154
140 166
140 195
140 172
140 178
140 190
141 199
141 145
141 146
141 156
141 163
142 144
142 145
142 146
142 147
142 150
142 175
143 192
143 146
143 147
143 150
143 151
143 152
144 145
144 146
144 149
144 150
144 154
144 187
145 146
145 147
145 151
145 152
145 166
146 197
146 199
146 150
146 152
146 153
146 154
147 175
147 199
147 148
147 149
147 150
147 153
147 155
147 156
147 165
147 171
147 173
147 180
147 187
148 149
148 151
148 152
148 153
148 154
148 155
148 157
148 163
148 171
148 178
149 152
149 154
149 158
149 159
149 167
149 157
149 187
150 192
150 151
150 156
150 157
150 155
150 168
150 169
150 176
150 187
151 194
151 158
151 159
151 162
151 175
151 182
151 185
152 153
152 155
152 157
152 158
152 160
152 161
152 162
152 174
152 176
152 185
153 193
153 197
153 154
153 162
153 164
153 182
153 183
153 191
154 196
154 156
154 157
154 158
154 159
154 161
154 182
154 189
155 195
155 156
155 161
155 164
155 159
155 189
155 190
156 194
156 195
156 157
156 158
156 161
156 163
156 164
156 165
156 169
156 179
156 189
157 161
157 162
157 185
158 159
158 162
158 168
158 173
158 181
158 188
159 160
159 162
159 163
159 165
159 166
159 167
159 168
160 197
160 163
160 166
160 169
160 176
161 195
161 162
161 164
161 165
161 169
161 172
161 179
162 198
162 164
162 165
162 170
163 166
163 168
163 172
163 184
164 193
164 196
164 165
164 168
164 170
164 172
164 175
164 180
165 172
165 173
165 174
165 175
166 167
166 168
166 170
166 174
166 176
166 190
166 184
167 185
167 169
167 171
167 172
167 175
167 179
167 188
167 191
168 169
168 172
168 175
168 176
168 179
169 193
169 172
169 178
170 186
170 171
170 173
170 176
170 177
170 178
170 180
171 172
171 175
172 195
172 173
172 174
172 175
172 176
172 177
172 179
172 181
172 182
172 184
173 174
173 177
173 180
173 181
173 183
174 176
174 179
174 184
175 184
176 192
176 178
176 181
176 183
176 186
177 184
177 179
177 181
177 185
177 187
178 197
178 182
178 184
178 185
178 186
179 197
179 185
179 186
180 182
180 183
180 186
181 183
181 185
181 186
181 190
181 191
182 192
182 183
182 189
182 190
183 193
183 184
183 185
183 188
183 189
183 191
184 192
184 194
184 187
184 188
184 189
185 193
185 194
185 186
185 188
185 190
186 193
186 194
186 187
186 188
186 191
187 195
187 197
187 188
187 190
188 192
188 193
188 195
188 196
188 197
188 189
188 190
188 191
189 195
189 196
189 197
189 198
189 190
190 192
190 196
190 198
191 193
191 194
191 195
191 196
191 199
192 193
192 197
193 195
193 196
193 198
194 195
194 199
195 198
196 197
198 199
