0 6
0 184
0 137
0 10
0 13
0 14
0 19
0 22
0 33
0 163
0 164
0 37
0 38
0 167
0 168
0 171
0 44
0 173
0 175
0 49
0 178
0 56
0 185
0 58
0 59
0 134
0 191
0 192
0 193
0 66
0 70
0 194
0 162
0 81
0 84
0 89
0 91
0 186
0 94
0 97
0 102
0 111
0 123
1 2
1 131
1 6
1 135
1 8
1 10
1 12
1 13
1 144
1 17
1 19
1 20
1 21
1 22
1 24
1 32
1 36
1 134
1 167
1 145
1 171
1 47
1 52
1 187
1 138
1 64
1 67
1 72
1 73
1 75
1 80
1 86
1 96
1 101
1 103
1 107
1 109
1 113
1 117
1 124
1 149
2 70
2 129
2 73
2 12
2 13
2 15
2 150
2 24
2 143
2 107
2 45
2 47
2 113
2 55
2 184
2 60
2 109
3 65
3 133
3 10
3 139
3 155
3 29
3 159
3 50
3 46
3 48
3 49
3 115
3 180
3 120
3 122
3 138
3 126
4 71
4 119
4 143
4 16
4 84
4 85
4 150
4 164
4 26
4 186
4 158
4 160
4 113
4 39
4 169
4 43
4 111
4 49
4 55
4 184
4 58
4 183
4 63
5 130
5 70
5 9
5 10
5 11
5 147
5 28
5 29
5 30
5 98
5 165
5 166
5 39
5 189
5 48
5 113
5 50
5 54
5 137
5 120
5 122
5 74
6 68
6 197
6 70
6 7
6 137
6 74
6 77
6 79
6 23
6 157
6 102
6 39
6 168
6 193
6 29
6 112
6 120
7 132
7 150
7 8
7 9
7 11
7 13
7 14
7 16
7 17
7 147
7 20
7 175
7 29
7 30
7 33
7 35
7 164
7 166
7 40
7 42
7 157
7 136
7 178
7 158
7 54
7 183
7 56
7 60
7 189
7 192
7 65
7 194
7 69
7 72
7 74
7 141
7 80
7 85
7 144
7 98
7 101
7 145
7 120
7 170
7 127
8 133
8 134
8 12
8 13
8 14
8 15
8 145
8 21
8 150
8 24
8 157
8 32
8 33
8 36
8 166
8 39
8 41
8 46
8 48
8 49
8 55
8 184
8 185
8 58
8 160
8 68
8 70
8 72
8 140
8 77
8 79
8 82
8 83
8 164
8 143
8 101
8 102
8 167
8 112
8 113
8 169
8 137
8 122
9 11
9 15
9 148
9 22
9 152
9 27
9 156
9 29
9 161
9 35
9 37
9 167
9 40
9 157
9 48
9 50
9 179
9 54
9 185
9 76
9 91
9 93
9 94
9 98
9 100
9 101
9 104
9 106
9 118
9 120
9 121
9 122
9 123
9 127
10 70
10 193
10 137
10 140
10 13
10 146
10 195
10 89
10 88
10 90
10 155
10 30
10 182
10 162
10 99
10 37
10 38
10 39
10 168
10 169
10 44
10 181
10 54
10 55
10 120
10 102
11 81
11 82
11 99
11 21
11 22
11 29
11 133
11 98
11 35
11 37
11 146
11 41
11 114
11 157
11 50
11 54
11 120
11 122
11 61
11 126
11 166
12 171
12 101
12 134
12 167
12 73
12 75
12 129
12 19
12 24
12 60
12 157
13 133
13 134
13 141
13 15
13 16
13 24
13 29
13 31
13 160
13 177
13 168
13 41
13 45
13 46
13 157
13 49
13 50
13 54
13 55
13 58
13 63
13 193
13 78
13 81
13 82
13 83
13 101
13 102
13 167
13 109
13 112
13 169
13 120
14 193
14 134
14 137
14 75
14 140
14 143
14 80
14 184
14 19
14 150
14 24
14 157
14 160
14 33
14 167
14 168
14 171
14 112
14 55
14 72
14 84
14 58
15 16
15 145
15 24
15 31
15 166
15 39
15 40
15 169
15 42
15 45
15 47
15 48
15 55
15 185
15 58
15 60
15 63
15 70
15 72
15 80
15 84
15 85
15 87
15 102
15 106
15 107
15 108
15 109
15 111
15 168
15 119
16 65
16 171
16 198
16 109
16 17
16 19
16 84
16 23
16 24
16 68
16 26
16 32
16 36
16 103
16 40
16 106
16 107
16 45
16 113
16 52
16 185
16 186
16 127
17 131
17 134
17 73
17 138
17 75
17 19
17 20
17 21
17 22
17 157
17 144
17 33
17 35
17 101
17 171
17 167
17 106
17 43
17 82
17 72
17 53
17 160
17 58
17 60
17 63
18 64
18 149
18 182
18 83
18 21
18 86
18 155
18 29
18 96
18 67
18 113
18 53
18 54
18 105
18 187
18 62
18 117
19 193
19 183
19 164
19 158
19 33
19 36
19 103
19 42
19 107
19 45
19 175
19 49
19 52
19 55
20 131
20 68
20 197
20 70
20 184
20 109
20 144
20 150
20 23
20 24
20 164
20 26
20 143
20 157
20 32
20 36
20 101
20 65
20 39
20 169
20 107
20 45
20 125
20 48
20 51
20 52
20 113
20 55
20 56
20 134
21 64
21 135
21 138
21 82
21 149
21 24
21 96
21 113
21 53
21 54
21 120
21 57
21 124
22 70
22 193
22 140
22 141
22 24
22 29
22 32
22 35
22 36
22 166
22 102
22 39
22 168
22 169
22 157
22 112
22 49
22 50
22 51
22 52
22 113
22 54
22 55
22 120
23 69
23 109
23 197
23 80
23 107
23 45
24 131
24 150
24 26
24 175
24 31
24 33
24 35
24 36
24 40
24 41
24 42
24 43
24 142
24 47
24 52
24 53
24 184
24 185
24 60
24 63
24 64
24 196
24 72
24 78
24 83
24 85
24 87
24 164
24 95
24 103
24 188
24 107
24 109
24 111
25 51
25 182
25 70
25 140
25 81
25 88
25 29
25 159
25 115
25 54
25 62
26 65
26 131
26 198
26 72
26 119
26 145
26 85
26 92
26 186
26 158
26 95
26 160
26 33
26 36
26 39
26 40
26 169
26 42
26 103
26 108
26 45
26 183
26 52
26 55
26 56
26 58
26 127
26 106
26 63
27 65
27 193
27 128
27 140
27 151
27 155
27 94
27 102
27 166
27 168
27 174
27 49
27 51
27 182
27 137
27 127
28 66
28 68
28 137
28 74
28 29
28 102
28 39
28 168
28 170
28 157
28 51
28 120
29 130
29 132
29 138
29 153
29 155
29 157
29 30
29 159
29 35
29 166
29 170
29 48
29 54
29 189
29 66
29 139
29 69
29 74
29 81
29 182
29 99
29 146
29 115
29 120
29 122
30 34
30 195
30 166
30 44
30 141
30 157
30 81
30 50
30 54
30 120
30 89
30 90
31 32
31 45
31 198
31 103
31 40
31 106
31 107
31 109
31 52
31 113
31 185
31 84
31 186
32 131
32 33
32 101
32 40
32 144
32 111
32 63
33 192
33 164
33 134
33 143
33 167
33 171
33 150
33 72
33 175
33 157
33 36
33 39
33 169
33 103
33 111
33 49
33 113
33 55
34 193
34 98
34 99
34 165
34 70
34 39
34 169
34 140
34 112
34 146
34 51
34 156
35 70
35 141
35 36
35 166
35 102
35 39
35 168
35 157
35 112
35 113
35 50
35 52
35 54
35 137
35 120
35 122
36 192
36 131
36 134
36 80
36 145
36 144
36 101
36 167
36 40
36 106
36 171
36 175
36 72
36 56
36 60
37 112
37 70
37 102
37 39
37 168
37 140
37 141
37 48
37 50
37 51
37 137
37 169
37 122
37 193
37 166
38 193
38 162
38 49
38 44
38 76
38 81
38 50
38 148
38 55
38 121
39 130
39 137
39 144
39 145
39 132
39 150
39 168
39 169
39 44
39 45
39 49
39 181
39 55
39 184
39 185
39 186
39 189
39 198
39 70
39 72
39 74
39 80
39 81
39 84
39 89
39 143
39 101
39 102
39 109
39 112
40 107
40 183
40 77
40 84
40 85
40 68
40 157
40 158
40 171
40 42
40 71
40 108
40 109
40 111
40 48
40 119
40 185
40 122
40 106
40 63
41 139
41 101
41 134
41 167
41 138
41 141
41 46
41 49
41 54
41 55
41 133
42 196
42 85
42 122
42 158
42 95
42 160
42 106
42 107
42 108
42 157
42 48
42 186
43 160
43 103
43 171
43 84
43 113
43 52
43 58
44 193
44 195
44 70
44 168
44 137
44 140
44 112
44 51
44 181
44 169
44 89
44 90
44 102
45 129
45 134
45 137
45 145
45 158
45 160
45 168
45 171
45 47
45 51
45 183
45 185
45 58
45 60
45 63
45 65
45 68
45 70
45 71
45 75
45 77
45 80
45 87
45 101
45 102
45 188
45 106
45 167
45 108
45 111
45 112
45 127
46 82
46 101
46 134
46 50
46 83
46 180
46 54
46 114
46 126
47 113
47 103
47 75
47 185
47 188
48 144
48 131
48 158
48 166
48 180
48 54
48 183
48 185
48 59
48 62
48 63
48 76
48 88
48 91
48 94
48 97
48 106
48 108
48 191
48 118
48 119
48 120
49 128
49 150
49 137
49 151
49 152
49 160
49 163
49 198
49 168
49 171
49 173
49 174
49 180
49 181
49 55
49 56
49 185
49 58
49 59
49 191
49 193
49 195
49 70
49 76
49 78
49 184
49 83
49 84
49 91
49 186
49 94
49 100
49 101
49 102
49 104
49 110
49 121
49 123
49 143
50 64
50 126
50 147
50 74
50 76
50 78
50 141
50 67
50 148
50 88
50 157
50 133
50 98
50 177
50 99
50 114
50 115
50 180
50 53
50 182
50 121
50 122
50 62
50 166
51 128
51 130
51 132
51 134
51 140
51 151
51 167
51 170
51 175
51 181
51 56
51 189
51 62
51 192
51 70
51 74
51 89
51 90
51 102
51 107
51 109
51 112
51 118
51 153
52 192
52 131
52 72
52 80
52 145
52 171
52 87
52 175
52 101
52 103
52 188
52 56
52 60
52 63
53 64
53 67
53 138
53 96
53 105
53 114
53 113
53 117
53 54
53 120
53 126
53 149
54 153
54 155
54 133
54 176
54 165
54 166
54 135
54 172
54 177
54 179
54 182
54 57
54 159
54 138
54 64
54 67
54 199
54 187
54 78
54 141
54 82
54 139
54 86
54 96
54 99
54 105
54 146
54 61
54 115
54 117
54 118
54 124
55 131
55 134
55 137
55 144
55 184
55 162
55 163
55 164
55 168
55 171
55 175
55 56
55 185
55 186
55 192
55 70
55 177
55 78
55 81
55 83
55 84
55 143
55 148
55 101
55 104
55 167
55 110
55 111
55 112
55 169
55 121
56 193
56 70
56 137
56 140
56 143
56 80
56 145
56 150
56 175
56 102
56 103
56 168
56 171
56 111
56 112
56 184
57 199
57 138
57 139
58 193
58 198
58 109
58 84
58 85
58 101
58 113
58 107
58 183
58 186
59 193
59 70
59 161
59 137
59 91
59 94
59 97
59 100
59 166
59 102
59 116
59 122
59 123
59 190
59 191
60 107
60 184
60 75
60 157
60 143
60 150
60 103
60 109
61 65
61 166
61 70
61 112
61 122
61 127
62 70
62 137
62 138
62 139
62 81
62 88
62 155
62 93
62 166
62 168
62 112
62 115
62 182
62 122
63 160
63 171
63 109
63 84
63 186
63 103
63 107
63 111
63 113
63 185
63 122
64 138
64 139
65 68
65 197
65 72
65 79
65 80
65 145
65 131
65 151
65 152
65 93
65 100
65 144
65 107
65 125
65 174
65 111
65 157
65 179
65 116
65 118
65 185
65 190
66 193
66 147
66 102
66 70
66 168
66 137
66 74
66 140
66 157
66 189
66 170
66 120
67 138
67 139
68 131
68 74
68 77
68 79
68 144
68 167
68 109
68 122
68 189
68 134
69 193
69 194
69 102
69 77
69 79
69 112
69 157
69 178
69 120
70 131
70 194
70 144
70 153
70 152
70 161
70 169
70 170
70 178
70 181
70 185
70 191
70 192
70 193
70 73
70 81
70 88
70 89
70 90
70 91
70 93
70 94
70 100
70 101
70 109
70 110
70 112
70 116
70 190
70 123
71 198
71 107
71 142
71 111
71 84
71 85
71 119
71 196
71 186
71 92
71 95
72 175
72 131
72 197
72 134
72 192
72 77
72 80
72 193
72 164
72 79
72 167
72 101
72 145
72 144
72 103
72 111
72 112
72 113
72 169
73 129
74 169
74 170
74 140
74 157
74 189
74 147
74 120
75 164
75 188
75 143
75 113
75 150
75 184
76 166
76 148
76 122
77 194
77 145
77 106
77 107
77 109
77 79
77 80
77 167
77 134
77 101
78 177
79 145
79 167
79 80
79 178
79 101
80 107
80 134
80 184
80 109
80 145
80 167
80 131
80 164
80 157
80 101
80 103
80 111
80 143
80 169
80 185
81 193
81 140
81 141
81 153
81 88
81 90
81 155
81 156
81 159
81 98
81 99
81 169
81 112
81 182
81 120
82 101
82 134
82 113
82 114
82 180
82 167
83 101
83 134
83 167
83 139
83 114
83 126
83 133
84 193
84 198
84 119
84 142
84 87
84 196
84 92
84 186
84 158
84 160
84 164
84 169
84 106
84 111
84 183
85 198
85 92
85 186
85 158
85 111
85 183
85 185
85 106
86 138
86 139
86 187
86 124
87 103
87 185
87 109
88 97
88 100
88 94
88 153
88 122
88 91
88 93
88 159
89 98
89 99
89 102
89 140
89 146
89 169
90 193
90 99
90 102
90 140
90 112
90 169
91 193
91 152
91 94
91 161
91 100
91 166
91 104
91 116
91 123
91 190
92 196
92 106
92 142
92 111
93 100
93 166
93 97
93 168
93 161
93 152
93 116
93 137
93 127
94 193
94 97
94 151
94 152
94 161
94 123
94 100
94 166
94 104
94 174
94 116
94 122
94 190
94 127
95 111
95 183
95 158
96 105
96 139
96 117
97 161
97 123
97 100
97 193
97 152
97 116
97 190
97 122
97 191
98 99
98 166
98 195
98 120
98 157
99 146
99 141
99 120
99 156
100 102
100 168
100 191
100 112
100 123
100 137
100 166
100 127
101 131
101 145
101 166
101 160
101 140
101 164
101 103
101 114
101 169
102 130
102 131
102 132
102 140
102 144
102 147
102 169
102 170
102 175
102 178
102 181
102 185
102 189
102 191
102 192
102 193
102 194
102 173
102 163
102 143
102 110
102 112
102 116
102 136
102 123
103 171
103 145
103 111
103 188
104 193
104 163
104 166
104 168
104 110
104 137
105 149
105 139
105 117
105 135
105 138
105 124
106 183
106 157
106 158
106 166
106 171
106 111
106 113
106 119
106 185
107 140
107 144
107 145
107 158
107 160
107 169
107 171
107 183
107 185
107 197
107 109
107 111
107 119
108 196
108 198
108 142
108 158
108 109
108 111
108 183
108 185
109 171
109 197
109 140
109 145
109 160
109 169
109 144
109 112
109 125
110 163
110 137
110 168
110 173
111 198
111 119
111 142
111 145
111 196
111 175
111 186
111 127
112 150
112 137
112 140
112 143
112 147
112 153
112 179
112 184
112 159
112 164
112 168
112 169
112 170
112 175
112 136
112 178
112 181
112 192
112 194
112 195
112 189
112 118
113 131
113 138
113 186
113 144
113 171
113 160
114 134
114 167
114 141
114 120
114 126
114 133
115 182
115 139
115 151
115 153
115 159
115 174
115 120
115 180
116 168
116 161
116 123
116 190
116 137
116 152
116 166
117 149
117 138
117 139
117 124
118 179
118 166
118 138
118 139
118 122
118 127
119 198
119 122
119 186
119 185
120 130
120 132
120 147
120 153
120 155
120 159
120 165
120 166
120 156
120 170
120 157
120 178
120 180
120 182
120 138
120 194
120 141
120 126
121 148
121 166
122 134
122 141
122 131
122 179
122 167
122 191
122 185
123 193
123 191
123 190
123 166
124 149
124 135
124 187
125 131
125 145
125 127
126 133
126 180
127 128
127 197
127 151
127 166
127 174
127 157
128 155
128 159
128 174
128 182
128 151
129 185
130 147
130 168
130 137
130 140
130 169
131 197
131 140
131 145
131 134
132 136
132 137
132 157
132 168
132 169
133 134
133 167
134 193
134 150
134 164
134 143
134 157
134 166
134 144
134 184
134 140
136 168
136 137
136 140
136 157
136 169
137 140
137 151
137 150
137 168
137 169
137 170
137 174
137 175
137 185
137 189
137 193
137 184
137 143
138 149
138 199
138 154
138 155
138 182
138 172
138 176
138 179
138 180
138 187
139 199
139 179
139 149
139 154
139 155
139 182
139 176
139 180
139 187
140 144
140 150
140 153
140 179
140 159
140 168
140 184
140 170
140 175
140 181
140 195
141 157
141 166
142 196
142 183
142 158
143 192
143 145
143 157
143 164
143 198
143 168
143 169
143 167
143 186
144 169
144 157
144 145
145 192
145 175
145 197
145 184
145 164
145 167
145 150
145 157
145 169
145 185
146 165
146 156
147 168
147 169
147 170
147 157
148 166
148 162
150 184
150 157
150 164
150 198
150 168
150 175
150 186
152 190
152 191
153 182
153 180
153 155
153 159
155 182
155 180
155 159
156 166
156 165
157 164
157 166
157 167
157 178
157 184
157 189
157 194
157 170
158 196
158 171
159 180
160 198
160 164
160 186
161 168
161 190
163 193
163 168
164 193
164 198
164 167
164 171
164 186
166 167
166 185
166 191
167 193
167 184
168 169
168 170
168 173
168 175
168 179
168 185
168 189
168 192
168 184
169 186
169 189
169 198
170 189
170 193
171 193
171 183
171 192
172 176
175 192
175 184
180 182
181 195
183 196
183 186
184 192
184 193
184 198
185 193
185 188
186 193
186 198
190 191
191 193
192 193
193 198
193 195
193 194
