0 129
0 130
0 179
0 132
0 5
0 134
0 135
0 8
0 172
0 10
0 12
0 16
0 145
0 18
0 19
0 21
0 22
0 24
0 153
0 26
0 28
0 150
0 31
0 32
0 33
0 35
0 164
0 38
0 41
0 173
0 174
0 47
0 48
0 51
0 52
0 181
0 54
0 55
0 184
0 57
0 138
0 62
0 192
0 66
0 195
0 198
0 78
0 190
0 81
0 82
0 87
0 89
0 90
0 92
0 93
0 95
0 101
0 103
0 104
0 111
0 112
0 180
0 115
0 117
0 119
0 121
0 123
0 125
1 118
1 6
1 199
1 137
1 74
1 142
1 16
1 18
1 94
1 161
1 102
1 104
1 54
1 120
1 63
1 60
1 127
2 128
2 129
2 4
2 5
2 134
2 136
2 139
2 12
2 15
2 17
2 146
2 19
2 20
2 149
2 22
2 151
2 152
2 27
2 29
2 30
2 31
2 160
2 33
2 155
2 168
2 41
2 170
2 43
2 172
2 46
2 177
2 53
2 55
2 57
2 191
2 65
2 194
2 67
2 68
2 198
2 71
2 72
2 73
2 183
2 76
2 87
2 91
2 96
2 103
2 105
2 107
2 112
2 115
2 116
2 117
3 131
3 132
3 6
3 10
3 77
3 78
3 141
3 16
3 145
3 82
3 185
3 156
3 32
3 102
3 104
3 171
3 174
3 52
3 54
3 180
3 59
4 198
4 135
4 92
4 18
4 147
4 110
4 87
4 90
4 29
4 165
4 161
4 91
4 101
4 167
4 168
4 41
4 42
4 46
4 50
4 116
4 118
4 187
4 61
5 11
5 15
5 144
5 20
5 21
5 22
5 151
5 29
5 33
5 162
5 163
5 39
5 173
5 53
5 58
5 191
5 64
5 193
5 196
5 71
5 73
5 76
5 81
5 96
5 98
5 103
5 106
5 167
5 112
5 116
5 117
5 125
5 126
6 133
6 8
6 141
6 143
6 184
6 18
6 83
6 171
6 86
6 26
6 156
6 186
6 97
6 35
6 164
6 102
6 127
6 108
6 175
6 48
6 114
6 51
6 120
6 121
6 122
6 60
6 63
7 88
7 99
8 32
8 131
8 102
8 161
8 10
8 82
8 78
8 145
8 18
8 51
8 54
8 118
8 150
8 35
9 64
9 68
9 69
9 73
9 16
9 146
9 19
9 90
9 157
9 30
9 197
9 36
9 104
9 106
9 109
9 49
9 53
9 54
9 57
9 58
9 61
10 130
10 132
10 179
10 138
10 77
10 78
10 18
10 195
10 150
10 24
10 153
10 161
10 34
10 164
10 166
10 111
10 51
10 181
10 118
10 119
10 62
11 136
11 144
11 146
11 25
11 154
11 27
11 29
11 30
11 31
11 160
11 163
11 36
11 40
11 169
11 172
11 173
11 157
11 178
11 58
11 188
11 191
11 64
11 196
11 197
11 71
11 73
11 81
11 84
11 91
11 96
11 101
11 106
11 116
12 65
12 129
12 73
12 151
12 16
12 87
12 154
12 27
12 29
12 160
12 33
12 91
12 165
12 38
12 168
12 41
12 110
12 115
12 54
12 55
12 57
12 61
13 160
13 188
13 151
13 177
13 178
13 84
13 23
13 152
13 25
13 154
13 124
13 126
14 87
14 65
14 67
14 182
14 41
14 42
14 43
14 140
15 187
15 73
15 172
15 162
15 50
15 21
15 22
15 91
15 125
15 117
16 197
16 70
16 72
16 74
16 75
16 17
16 18
16 19
16 139
16 86
16 23
16 90
16 118
16 31
16 161
16 36
16 101
16 165
16 104
16 170
16 108
16 110
16 157
16 83
16 54
16 120
16 127
16 61
16 63
17 67
17 70
17 75
17 147
17 84
17 23
17 25
17 154
17 160
17 37
17 104
17 188
17 107
17 46
17 178
17 124
17 126
18 130
18 142
18 143
18 145
18 150
18 26
18 158
18 31
18 32
18 161
18 167
18 41
18 175
18 48
18 181
18 54
18 55
18 184
18 186
18 60
18 138
18 65
18 195
18 74
18 77
18 78
18 82
18 83
18 86
18 87
18 89
18 92
18 97
18 102
18 111
18 114
18 118
18 120
18 122
19 198
19 69
19 68
19 151
19 101
19 22
19 87
19 25
19 154
19 27
19 92
19 165
19 160
19 36
19 37
19 38
19 103
19 104
19 110
19 49
19 178
19 116
19 57
19 168
19 188
19 61
19 126
20 128
20 151
20 147
20 84
20 69
20 27
20 31
20 33
20 36
20 101
20 38
20 167
20 168
20 106
20 109
20 46
20 116
20 53
20 148
21 192
21 196
21 134
21 135
21 172
21 84
21 22
21 91
21 28
21 29
21 96
21 163
21 39
21 41
21 103
21 44
21 112
21 190
21 125
21 126
22 178
22 134
22 194
22 135
22 144
22 84
22 154
22 151
22 25
22 90
22 27
22 28
22 29
22 160
22 33
22 91
22 165
22 39
22 168
22 103
22 172
22 110
22 46
22 112
22 50
22 147
22 116
22 117
22 57
22 191
22 188
22 61
22 126
22 85
23 70
23 54
23 72
23 104
23 152
23 139
24 32
24 34
24 166
24 145
24 82
24 179
24 119
24 153
24 93
24 62
25 193
25 67
25 81
25 72
25 73
25 139
25 149
25 90
25 28
25 30
25 84
25 107
25 103
25 41
25 170
25 43
25 172
25 173
25 177
25 53
25 105
25 183
25 188
25 125
25 117
26 161
26 35
26 171
26 141
26 79
26 48
26 131
26 118
26 185
26 156
26 63
27 128
27 129
27 135
27 149
27 151
27 29
27 30
27 33
27 167
27 168
27 170
27 43
27 183
27 187
27 193
27 139
27 147
27 73
27 87
27 90
27 91
27 92
27 103
27 115
27 116
28 65
28 196
28 198
28 192
28 84
28 87
28 155
28 92
28 96
28 39
28 44
28 173
28 178
28 190
28 55
28 125
28 126
29 134
29 135
29 136
29 144
29 146
29 147
29 151
29 196
29 154
29 30
29 31
29 160
29 155
29 38
29 167
29 41
29 172
29 55
29 58
29 189
29 191
29 64
29 194
29 68
29 71
29 73
29 76
29 163
29 87
29 92
29 96
29 101
29 103
29 109
29 116
29 117
30 129
30 146
30 147
30 33
30 36
30 37
30 38
30 167
30 168
30 172
30 50
30 46
30 157
30 49
30 178
30 53
30 58
30 187
30 188
30 61
30 64
30 193
30 68
30 69
30 73
30 76
30 84
30 90
30 91
30 98
30 101
30 106
30 110
30 115
30 126
31 33
31 37
31 38
31 167
31 172
31 50
31 51
31 54
31 57
31 58
31 64
31 65
31 161
31 73
31 76
31 87
31 90
31 165
31 98
31 106
31 109
31 110
31 116
31 118
32 66
32 78
32 150
32 89
32 93
32 95
32 166
32 45
32 47
32 118
32 184
32 123
32 62
33 65
33 115
33 198
33 129
33 76
33 128
33 151
33 135
33 81
33 87
33 154
33 92
33 160
33 161
33 155
33 38
33 39
33 41
33 103
33 172
33 47
33 51
33 117
33 118
33 55
33 121
34 166
34 45
34 77
34 82
34 179
34 181
34 119
34 153
34 123
34 93
34 95
35 150
35 74
35 78
35 79
35 184
35 86
35 89
35 158
35 159
35 97
35 47
35 176
35 113
35 51
35 56
35 121
35 122
35 60
35 63
36 64
36 65
36 197
36 198
36 193
36 73
36 146
36 87
36 68
36 90
36 155
36 157
36 55
36 98
36 165
36 40
36 41
36 106
36 148
36 109
36 110
36 49
36 128
36 104
36 53
36 54
36 57
36 58
37 198
37 67
37 134
37 72
37 139
37 76
37 110
37 105
37 90
37 96
37 107
37 91
37 165
37 39
37 168
37 41
37 43
37 46
37 112
37 50
37 116
37 187
37 57
37 183
37 61
37 149
38 128
38 198
38 129
38 73
38 160
38 154
38 151
38 90
38 84
38 101
38 167
38 41
38 76
38 178
38 115
38 53
38 54
38 55
38 57
38 188
38 61
38 126
39 192
39 134
39 73
39 147
39 84
39 87
39 154
39 160
39 162
39 103
39 168
39 41
39 44
39 46
39 125
39 112
39 172
39 117
39 61
39 190
40 193
40 148
40 69
40 73
40 157
40 197
41 65
41 115
41 182
41 134
41 129
41 101
41 147
41 84
41 87
41 92
41 198
41 91
41 168
41 161
41 167
41 51
41 116
41 118
41 188
41 126
42 182
42 87
42 140
42 55
42 92
43 160
43 116
43 187
43 168
43 107
43 84
43 54
43 151
43 154
43 188
44 65
44 162
44 198
44 134
44 103
44 192
44 112
44 84
44 55
44 155
44 190
45 153
45 123
45 93
45 62
45 95
46 128
46 65
46 134
46 72
46 76
46 147
46 87
46 68
46 154
46 155
46 92
46 91
46 168
46 103
46 110
46 116
46 53
46 57
46 187
46 61
46 117
47 101
47 167
47 181
47 121
48 161
48 131
48 102
48 74
48 114
48 142
48 143
48 54
48 186
48 60
48 118
48 158
48 63
49 197
49 69
49 104
49 106
49 76
49 157
49 90
49 68
49 58
49 61
49 165
50 136
50 144
50 146
50 147
50 149
50 151
50 196
50 154
50 155
50 167
50 173
50 53
50 55
50 58
50 187
50 189
50 64
50 65
50 68
50 198
50 183
50 76
50 81
50 163
50 85
50 87
50 91
50 92
50 96
50 98
50 101
50 107
50 109
50 117
51 131
51 133
51 78
51 141
51 145
51 82
51 89
51 143
51 156
51 101
51 102
51 167
51 171
51 181
51 184
52 161
52 130
52 132
52 174
52 111
52 180
53 128
53 129
53 76
53 110
53 90
53 91
53 157
53 69
53 165
53 172
53 178
53 115
53 84
53 187
53 188
53 61
53 126
54 138
54 142
54 195
54 149
54 150
54 158
54 161
54 164
54 165
54 167
54 137
54 184
54 159
54 60
54 61
54 67
54 78
54 83
54 86
54 176
54 89
54 94
54 101
54 104
54 105
54 107
54 110
54 113
54 118
54 120
54 63
54 127
55 129
55 182
55 161
55 140
55 92
55 147
55 87
55 167
55 115
55 118
55 57
55 192
55 190
56 97
56 161
56 79
56 118
56 122
56 175
56 63
57 134
57 146
57 167
57 169
57 173
57 58
57 187
57 64
57 198
57 84
57 90
57 96
57 101
57 103
57 104
57 106
57 112
57 147
57 117
58 64
58 76
58 69
58 98
58 187
58 106
58 197
58 172
58 109
58 157
59 141
59 78
59 143
59 161
59 131
59 171
59 118
59 185
60 86
60 161
60 74
60 108
60 143
60 131
60 120
60 118
60 102
61 129
61 69
61 135
61 81
61 146
61 110
61 87
61 68
61 90
61 167
61 101
61 157
61 165
61 197
61 168
61 147
61 103
61 173
61 115
61 116
61 117
62 66
62 123
62 132
62 166
62 130
62 174
62 77
62 145
62 82
62 181
62 119
62 180
62 111
62 95
63 102
63 97
63 175
63 79
63 114
63 131
63 143
63 122
64 128
64 193
64 76
64 91
64 109
64 110
64 73
64 187
65 192
65 196
65 161
65 92
65 81
65 147
65 87
65 96
65 163
65 165
65 173
65 118
65 187
65 190
66 181
66 132
66 77
67 116
67 72
67 170
67 140
67 178
67 147
67 84
67 168
67 188
67 126
68 129
68 147
68 76
68 146
68 110
68 90
68 165
68 101
68 167
68 115
68 73
68 187
69 197
69 76
69 90
69 165
69 104
69 169
69 106
69 109
69 110
69 73
69 148
70 139
70 104
70 170
70 75
70 124
71 193
71 163
71 196
71 73
71 172
71 81
71 187
71 91
71 191
72 188
72 75
72 178
72 147
72 139
72 124
72 126
73 196
73 134
73 135
73 146
73 151
73 154
73 160
73 197
73 163
73 167
73 169
73 172
73 157
73 178
73 191
73 193
73 194
73 81
73 84
73 96
73 98
73 109
73 112
73 168
73 116
73 126
74 133
74 104
74 156
74 142
74 86
74 158
74 127
75 170
75 124
76 128
76 187
76 146
76 148
76 101
76 98
76 91
76 167
76 168
76 172
76 109
76 116
76 84
77 161
77 179
77 82
77 118
77 153
77 121
78 133
78 141
78 143
78 145
78 82
78 150
78 185
78 156
78 118
78 161
78 102
78 171
78 121
78 186
79 175
79 122
81 136
81 144
81 84
81 165
81 193
81 172
81 178
81 125
81 189
81 187
81 126
82 138
82 145
82 150
82 89
82 161
82 166
82 181
82 118
82 119
82 184
83 161
83 102
83 159
83 137
83 171
83 108
83 141
83 113
83 120
83 185
83 156
83 118
83 133
84 128
84 135
84 149
84 152
84 170
84 177
84 178
84 183
84 188
84 190
84 192
84 193
84 139
84 96
84 103
84 105
84 107
84 117
84 126
85 96
85 193
85 163
85 196
85 103
85 173
85 117
86 176
86 118
86 104
86 137
86 171
86 159
86 141
86 156
86 113
86 185
86 127
87 155
87 134
87 135
87 198
87 92
87 110
87 154
87 151
87 90
87 160
87 91
87 101
87 165
87 168
87 167
87 147
87 116
87 182
87 187
88 99
88 100
89 131
89 102
89 145
89 184
90 146
90 147
90 151
90 154
90 157
90 197
90 155
90 168
90 198
90 92
90 165
90 101
90 103
90 104
90 115
90 116
90 117
90 126
91 128
91 134
91 136
91 144
91 147
91 154
91 160
91 162
91 155
91 167
91 168
91 173
91 187
91 189
91 191
91 193
91 194
91 196
91 198
91 163
91 92
91 96
91 103
91 112
92 155
92 198
92 161
92 151
92 154
92 196
92 96
92 101
92 167
92 168
92 173
92 147
92 116
92 118
92 163
92 187
93 166
93 179
93 119
93 153
93 95
94 133
94 161
94 104
94 171
94 108
94 120
94 156
94 118
94 127
95 179
95 153
95 123
96 192
96 196
96 193
96 194
96 144
96 163
96 162
96 155
96 191
96 172
96 190
96 187
96 189
96 126
97 175
98 187
98 172
98 101
99 100
101 128
101 151
101 154
101 165
101 167
101 168
101 187
101 146
101 193
101 198
101 104
101 106
101 109
101 110
101 116
101 121
102 143
102 184
102 142
102 150
102 158
102 161
102 131
102 176
102 108
102 114
102 118
102 120
102 185
102 186
103 192
103 135
103 172
103 190
103 151
103 160
103 162
103 165
103 168
103 110
103 125
103 178
103 147
103 116
103 117
103 188
103 126
104 199
104 118
104 167
104 108
104 137
104 124
104 127
105 168
105 178
105 116
105 187
105 188
105 126
105 182
106 193
106 197
106 187
106 167
106 157
107 116
107 168
107 140
107 151
107 154
107 187
107 188
107 183
107 126
107 182
108 131
108 199
108 137
108 141
108 113
108 158
108 120
108 159
109 128
109 167
109 157
109 172
109 187
110 157
110 165
110 197
110 167
110 147
111 180
111 174
111 132
112 134
112 135
112 151
112 168
112 172
112 116
112 117
112 190
113 161
113 131
113 118
113 171
113 159
113 133
114 143
114 186
114 158
114 159
114 161
114 118
114 185
114 122
114 127
115 128
115 198
115 129
115 151
115 168
115 116
115 126
116 129
116 134
116 167
116 149
116 151
116 152
116 177
116 183
116 193
116 147
116 117
117 134
117 135
117 147
117 151
117 160
117 165
117 168
117 154
117 187
118 131
118 137
118 143
118 145
118 150
118 132
118 155
118 158
118 164
118 199
118 174
118 181
118 185
118 138
118 195
118 198
118 161
118 120
118 122
118 127
119 166
119 145
119 179
119 153
120 199
120 137
120 142
120 158
120 185
120 127
121 167
121 181
122 143
122 131
122 186
123 153
124 139
124 170
125 134
125 135
125 172
125 173
125 178
125 190
125 188
125 126
126 129
126 196
126 193
126 152
126 162
126 163
126 139
126 170
126 172
126 173
126 177
126 149
127 131
127 199
127 137
127 142
127 143
127 158
127 161
127 186
128 129
128 147
128 151
128 167
128 168
128 172
129 146
129 151
129 154
130 180
130 174
130 132
131 133
131 138
131 141
131 195
131 171
131 150
131 158
131 159
131 176
131 164
131 184
131 185
132 161
132 174
132 180
133 137
133 156
133 159
133 161
133 176
134 192
134 135
134 147
134 162
134 168
134 190
135 192
135 151
135 154
135 160
135 162
135 190
136 193
136 196
136 194
136 173
136 144
136 187
136 191
137 161
137 199
137 156
138 161
138 145
138 150
139 160
139 188
139 170
139 178
139 147
139 154
140 198
140 182
140 149
141 176
141 185
141 156
141 159
142 143
142 158
143 161
143 184
143 185
143 186
143 158
144 193
144 187
144 172
144 173
144 189
145 179
145 150
145 153
145 161
145 181
145 184
146 193
146 165
146 167
147 155
147 160
147 165
147 170
147 154
147 187
147 151
148 169
148 157
148 197
149 187
149 168
149 178
149 182
150 164
150 195
150 161
151 152
151 167
151 168
151 172
152 168
152 177
153 166
153 181
154 167
154 170
154 160
154 187
155 192
155 161
155 163
155 187
155 190
156 161
156 199
156 171
156 176
156 159
157 193
157 197
157 169
158 161
158 186
159 171
159 176
159 186
160 172
160 193
160 170
160 183
160 187
161 176
161 174
161 181
161 180
161 186
161 199
161 185
162 192
162 196
162 172
162 190
163 194
163 196
163 172
163 187
163 189
165 167
165 173
166 179
167 168
167 172
167 187
167 198
168 183
168 177
169 193
169 197
170 188
170 178
171 199
171 176
171 185
172 196
172 194
172 193
172 173
172 178
172 188
172 191
173 193
173 178
173 189
173 188
174 180
177 178
177 188
178 188
179 181
182 198
183 188
185 186
187 196
187 189
187 191
187 194
187 198
189 196
190 198
191 196
192 198
193 197
194 196
