0 3
0 132
0 179
0 6
0 11
0 15
0 16
0 18
0 20
0 174
0 150
0 24
0 29
0 162
0 163
0 40
0 169
0 42
0 43
0 46
0 47
0 176
0 177
0 50
0 51
0 52
0 54
0 55
0 61
0 62
0 63
0 193
0 67
0 196
0 72
0 78
0 88
0 89
0 97
0 98
0 102
0 144
0 108
0 116
0 170
0 126
1 162
1 3
1 4
1 150
1 175
2 129
2 131
2 118
2 8
2 77
2 152
2 18
2 84
2 46
2 22
2 88
2 154
2 40
2 110
2 53
2 54
3 43
3 4
3 133
3 134
3 14
3 15
3 144
3 146
3 20
3 21
3 25
3 29
3 162
3 35
3 36
3 168
3 170
3 171
3 174
3 176
3 177
3 51
3 52
3 183
3 58
3 61
3 194
3 195
3 198
3 75
3 81
3 142
3 86
3 89
3 143
3 96
3 107
3 108
3 85
4 64
4 175
4 71
4 74
4 75
4 192
4 13
4 78
4 15
4 144
4 17
4 82
4 148
4 150
4 27
4 30
4 34
4 35
4 162
4 101
4 103
4 41
4 111
4 177
4 116
4 182
4 183
4 186
4 59
5 32
5 130
5 166
5 73
5 76
5 189
5 18
5 154
5 137
5 56
5 153
5 90
5 122
5 94
5 127
6 129
6 67
6 133
6 198
6 135
6 14
6 143
6 18
6 85
6 23
6 26
6 154
6 96
6 33
6 36
6 168
6 107
6 174
6 173
6 46
6 157
6 113
6 54
6 119
6 57
6 188
7 192
7 171
7 72
7 74
7 138
7 13
7 77
7 82
7 150
7 176
7 29
7 159
7 161
7 162
7 41
7 43
7 48
7 51
7 53
7 118
7 120
7 123
7 61
7 63
8 131
8 68
8 69
8 72
8 9
8 10
8 139
8 109
8 126
8 79
8 18
8 147
8 84
8 196
8 22
8 152
8 154
8 155
8 160
8 161
8 187
8 36
8 102
8 44
8 45
8 110
8 48
8 115
8 53
8 54
8 121
8 123
8 124
8 125
8 62
9 128
9 129
9 193
9 12
9 16
9 18
9 23
9 154
9 155
9 156
9 158
9 40
9 42
9 171
9 46
9 47
9 176
9 136
9 50
9 179
9 52
9 54
9 55
9 184
9 187
9 188
9 61
9 65
9 195
9 88
9 98
9 102
9 106
9 110
9 126
10 129
10 197
10 70
10 49
10 180
10 87
10 60
10 154
10 95
11 128
11 194
11 72
11 12
11 81
11 29
11 98
11 163
11 102
11 168
11 170
11 174
11 52
11 184
12 129
12 132
12 140
12 141
12 19
12 150
12 151
12 158
12 162
12 163
12 165
12 40
12 171
12 44
12 176
12 50
12 52
12 65
12 195
12 196
12 72
12 89
12 91
12 97
12 102
12 108
12 110
12 126
13 64
13 101
13 74
13 103
13 111
13 82
13 175
13 138
14 66
14 133
14 72
14 141
14 146
14 20
14 21
14 22
14 25
14 27
14 29
14 162
14 35
14 40
14 43
14 110
14 67
14 59
14 190
15 162
15 38
15 103
15 105
15 43
15 174
15 148
15 185
15 25
15 167
15 36
16 187
16 36
16 136
16 139
16 141
16 46
16 47
16 174
16 22
16 151
16 68
16 91
16 125
16 190
16 69
17 192
17 101
17 103
17 175
17 111
18 131
18 132
18 130
18 141
18 196
18 151
18 152
18 153
18 26
18 154
18 32
18 161
18 36
18 37
18 166
18 172
18 174
18 48
18 50
18 53
18 56
18 189
18 190
18 160
18 66
18 68
18 69
18 73
18 77
18 79
18 83
18 84
18 90
18 94
18 165
18 99
18 109
18 110
18 114
18 118
18 122
18 123
18 124
18 125
19 128
19 65
19 131
19 133
19 129
19 140
19 139
19 66
19 143
19 81
19 85
19 89
19 154
19 155
19 96
19 36
19 165
19 102
19 193
19 107
19 44
19 50
19 106
19 54
19 55
19 187
19 124
19 61
19 63
20 96
20 162
20 133
20 198
20 168
20 107
20 174
20 194
20 142
20 143
20 81
20 85
20 43
20 150
21 194
21 133
21 134
21 142
21 143
21 144
21 81
21 146
21 78
21 43
21 25
21 96
21 162
21 198
21 168
21 107
21 177
21 116
21 85
22 141
22 147
22 151
22 26
22 156
22 29
22 37
22 39
22 40
22 45
22 46
22 179
22 52
22 54
22 55
22 61
22 190
22 63
22 194
22 67
22 70
22 72
22 85
22 88
22 89
22 96
22 102
22 168
22 136
22 124
23 65
23 67
23 77
23 141
23 174
23 91
23 29
23 158
23 155
23 36
23 39
23 188
23 106
23 44
23 46
23 53
23 124
23 170
23 190
23 63
24 132
24 135
24 145
24 84
24 85
24 196
24 156
24 29
24 36
24 168
24 42
24 174
24 113
24 179
24 62
24 119
24 57
24 170
24 126
24 63
25 96
25 36
25 133
25 198
25 103
25 142
25 175
25 81
25 143
25 150
26 129
26 197
26 67
26 54
26 50
26 46
26 79
26 151
26 60
26 95
27 96
27 194
27 133
27 103
27 168
27 142
27 143
27 100
27 175
27 30
28 130
28 73
28 80
28 83
28 153
28 154
28 90
28 32
28 99
28 29
28 178
28 117
28 54
28 137
28 189
28 127
29 129
29 179
29 138
29 141
29 147
29 46
29 31
29 36
29 156
29 42
29 45
29 142
29 50
29 51
29 159
29 151
29 190
29 66
29 198
29 76
29 81
29 85
29 88
29 164
29 90
29 91
29 96
29 97
29 99
29 188
29 107
29 174
29 112
29 117
29 169
29 120
29 121
29 170
30 34
30 35
30 107
30 142
30 146
30 36
31 51
31 66
31 195
31 164
31 121
31 102
31 40
31 171
31 61
31 88
31 63
32 128
32 130
32 73
32 76
32 80
32 83
32 153
32 90
32 154
32 166
32 178
32 50
32 117
32 54
32 137
32 191
32 189
32 127
33 157
33 129
33 67
33 173
34 198
34 103
34 107
34 142
34 175
34 149
34 199
34 100
34 59
35 194
35 133
35 134
35 142
35 143
35 81
35 146
35 78
35 150
35 96
35 100
35 103
35 168
35 175
35 177
35 116
35 183
35 85
36 128
36 129
36 150
36 154
36 156
36 162
36 38
36 40
36 169
36 43
36 46
36 50
36 52
36 54
36 184
36 188
36 61
36 62
36 63
36 66
36 88
36 89
36 98
36 100
36 105
36 110
37 129
37 45
37 50
37 141
37 147
37 190
37 54
37 88
37 154
37 69
37 63
38 162
38 103
38 104
38 105
38 43
38 148
38 150
38 185
38 175
38 167
39 70
39 188
39 87
39 151
39 141
39 190
40 131
40 139
40 194
40 147
40 174
40 151
40 152
40 154
40 155
40 158
40 160
40 161
40 168
40 176
40 44
40 45
40 142
40 48
40 53
40 54
40 187
40 61
40 62
40 63
40 66
40 68
40 69
40 198
40 72
40 140
40 77
40 81
40 85
40 88
40 164
40 91
40 102
40 106
40 107
40 108
40 115
40 118
40 123
40 125
40 126
41 64
41 120
41 103
41 74
41 71
41 159
42 194
42 179
42 198
42 139
42 141
42 142
42 81
42 174
42 152
42 168
42 169
42 107
42 51
42 181
42 126
42 63
43 194
43 72
43 75
43 146
43 143
43 186
43 150
43 96
43 162
43 102
43 167
43 104
43 105
43 174
43 168
43 182
43 185
43 58
43 85
44 195
44 152
44 84
44 88
44 89
44 155
44 102
44 106
44 171
44 108
44 110
44 176
44 72
44 51
44 170
44 136
44 188
44 61
45 66
45 147
45 170
45 47
45 51
45 151
45 136
45 69
46 67
46 118
46 136
46 139
46 77
46 141
46 131
46 197
46 188
46 170
46 151
46 174
46 49
46 51
46 180
46 53
46 54
46 124
46 190
46 63
47 160
47 187
47 68
47 136
47 139
47 174
47 141
47 115
47 54
47 125
47 190
48 161
48 66
48 118
48 138
48 77
48 53
48 54
48 88
48 120
48 154
48 123
49 70
49 188
49 151
49 79
49 87
49 60
49 95
50 128
50 130
50 132
50 129
50 139
50 145
50 154
50 153
50 197
50 193
50 180
50 168
50 170
50 171
50 174
50 157
50 176
50 51
50 52
50 53
50 55
50 57
50 187
50 60
50 61
50 62
50 63
50 181
50 194
50 67
50 196
50 69
50 72
50 76
50 79
50 83
50 85
50 89
50 90
50 91
50 93
50 102
50 108
50 109
50 112
50 113
50 115
50 117
50 191
50 124
50 126
50 195
51 138
51 141
51 147
51 150
51 152
51 162
51 163
51 164
51 169
51 174
51 179
51 62
51 66
51 88
51 91
51 97
51 190
51 170
51 121
51 125
51 126
52 65
52 129
52 128
52 141
52 190
52 164
52 163
52 84
52 151
52 89
52 91
52 158
52 97
52 98
52 155
52 102
52 108
52 176
52 126
52 55
52 184
52 187
52 61
52 62
53 131
53 118
53 138
53 151
53 66
53 77
53 141
53 88
53 154
53 159
53 161
53 188
53 54
53 123
53 124
53 190
54 131
54 132
54 133
54 139
54 140
54 130
54 142
54 143
54 151
54 152
54 153
54 197
54 161
54 171
54 172
54 180
54 187
54 61
54 191
54 66
54 67
54 196
54 69
54 72
54 76
54 77
54 81
54 83
54 88
54 90
54 165
54 96
54 195
54 194
54 109
54 110
54 112
54 168
54 115
54 117
54 123
54 124
54 126
55 128
55 194
55 132
55 198
55 129
55 139
55 140
55 141
55 142
55 143
55 81
55 85
55 151
55 152
55 89
55 97
55 98
55 102
55 190
55 168
55 196
55 107
55 108
55 174
55 176
55 126
55 187
55 62
56 137
56 178
56 189
56 80
56 73
56 122
56 154
56 94
56 127
57 113
57 67
57 119
57 129
57 145
58 162
58 75
59 96
59 149
59 103
59 199
59 175
59 143
60 129
60 67
60 197
60 70
60 95
61 128
61 138
61 139
61 140
61 142
61 150
61 154
61 155
61 162
61 165
61 184
61 159
61 62
61 193
61 66
61 164
61 72
61 129
61 81
61 88
61 89
61 98
61 102
61 106
61 190
61 120
61 121
62 129
62 133
62 193
62 139
62 143
62 154
62 156
62 158
62 169
62 170
62 174
62 176
62 187
62 63
62 65
62 66
62 88
62 108
62 121
63 129
63 132
63 138
63 141
63 174
63 150
63 196
63 155
63 156
63 158
63 160
63 162
63 164
63 169
63 179
63 159
63 65
63 66
63 68
63 88
63 165
63 97
63 106
63 120
63 121
63 125
63 126
64 192
64 82
64 71
64 175
64 103
64 92
64 111
65 132
65 139
65 152
65 84
65 196
65 88
65 89
65 165
65 102
65 140
65 187
65 188
65 126
66 132
66 133
66 139
66 152
66 196
66 154
66 155
66 161
66 170
66 171
66 174
66 187
66 195
66 147
66 72
66 81
66 84
66 164
66 96
66 106
66 109
66 110
66 115
66 121
66 123
66 124
66 126
67 129
67 135
67 151
67 141
67 79
67 85
67 93
67 95
67 96
67 188
67 174
67 173
67 157
67 181
67 119
67 190
68 160
68 154
69 129
69 154
69 147
69 88
69 136
70 95
70 87
70 151
70 79
71 192
71 101
71 74
71 82
71 120
71 138
71 159
72 129
72 132
72 138
72 141
72 150
72 151
72 152
72 155
72 158
72 162
72 171
72 174
72 176
72 190
72 196
72 81
72 142
72 88
72 91
72 96
72 97
72 102
72 106
72 108
72 110
72 120
72 126
73 130
73 99
73 172
73 114
73 83
73 117
73 153
73 191
74 192
74 138
74 103
74 175
74 82
74 120
74 92
75 162
75 150
75 86
75 103
75 175
76 178
76 172
76 114
76 80
76 153
76 122
77 161
77 131
77 118
77 188
77 138
77 120
77 154
77 123
77 124
77 159
78 134
78 174
78 144
78 177
79 197
79 129
80 172
80 130
80 99
80 137
80 114
80 112
80 178
80 154
80 153
80 90
80 94
80 191
81 133
81 140
81 142
81 143
81 150
81 156
81 162
81 165
81 179
81 198
81 163
81 88
81 96
81 100
81 102
81 107
81 110
82 192
82 120
82 111
83 153
83 154
83 94
83 166
83 172
83 114
83 178
83 117
83 137
83 191
83 189
84 128
84 129
84 193
84 139
84 154
84 155
84 158
84 169
84 170
84 174
84 179
84 184
84 190
84 98
84 102
84 106
84 121
85 140
85 142
85 143
85 146
85 151
85 156
85 162
85 169
85 184
85 193
85 194
85 198
85 163
85 96
85 97
85 98
85 107
86 150
87 151
87 141
87 190
88 131
88 133
88 139
88 141
88 142
88 143
88 164
88 170
88 174
88 187
88 196
88 91
88 107
88 108
88 190
88 121
88 124
88 126
89 129
89 140
89 128
89 139
89 141
89 151
89 152
89 91
89 158
89 193
89 155
89 165
89 102
89 106
89 110
89 121
89 187
89 190
90 129
90 130
90 153
90 94
90 99
90 178
90 114
90 112
90 117
90 122
90 127
91 129
91 132
91 140
91 196
91 165
91 102
91 170
91 110
91 136
91 126
92 175
92 103
93 129
93 169
93 157
94 154
94 122
94 191
95 180
95 197
96 133
96 162
96 140
96 141
96 142
96 143
96 146
96 151
96 150
96 165
96 168
96 107
96 110
96 199
96 190
97 193
97 194
97 163
97 102
97 170
97 171
97 174
97 168
97 195
98 128
98 130
98 132
98 129
98 194
98 196
98 152
98 153
98 163
98 165
98 193
98 172
98 110
98 114
98 184
98 126
99 112
99 166
99 172
99 114
99 189
99 117
99 154
99 137
99 191
99 127
100 133
100 198
100 103
100 107
100 142
100 143
100 146
100 174
101 103
101 111
102 132
102 193
102 141
102 142
102 150
102 151
102 152
102 158
102 162
102 164
102 165
102 174
102 176
102 190
102 195
102 196
102 140
102 108
102 110
102 126
103 175
103 144
103 146
103 148
103 167
103 111
103 105
103 185
104 148
104 105
104 150
104 167
104 185
104 162
104 175
105 162
105 150
105 175
106 140
106 155
106 165
106 170
106 171
106 108
106 110
106 176
106 136
106 187
107 133
107 143
107 146
107 150
107 171
107 176
107 179
107 193
107 194
107 195
107 198
107 108
107 110
107 168
107 126
108 129
108 132
108 138
108 139
108 141
108 143
108 159
108 164
108 171
108 176
108 187
108 195
108 198
108 190
108 126
109 129
109 115
109 154
110 128
110 193
110 131
110 133
110 139
110 143
110 142
110 156
110 155
110 169
110 179
110 184
110 124
111 175
112 129
112 178
112 137
112 114
112 122
113 129
113 119
113 145
114 172
114 166
114 137
114 184
114 191
114 154
114 127
115 129
116 146
116 134
116 183
116 144
116 174
117 129
117 130
117 166
117 178
117 154
117 189
117 137
117 153
117 191
118 161
118 131
118 138
118 154
118 123
118 188
119 135
120 161
120 123
120 159
120 150
121 132
121 170
121 152
121 126
121 196
122 137
122 178
122 154
122 127
123 161
123 138
123 154
124 129
124 140
124 165
124 188
124 190
124 126
125 129
125 136
125 170
125 154
126 171
126 179
126 198
126 129
126 128
126 139
126 143
126 193
126 156
126 158
126 169
126 195
126 174
126 176
126 184
126 187
126 170
127 130
127 153
127 191
128 129
128 130
128 193
128 140
128 141
128 153
128 152
128 190
128 187
129 131
129 132
129 142
129 196
129 197
129 180
129 168
129 171
129 173
129 181
129 187
129 193
129 194
129 147
129 195
129 191
130 153
130 154
130 166
130 178
130 137
130 191
130 189
131 165
131 140
131 141
131 151
131 154
131 190
132 196
132 143
132 193
132 174
132 176
132 184
133 198
133 193
133 140
133 194
133 143
133 146
133 150
133 165
133 168
134 144
134 146
134 177
134 183
135 145
136 139
136 141
136 147
136 174
136 151
136 155
136 158
136 187
137 172
137 178
137 153
137 191
138 195
138 159
138 161
138 170
138 171
138 176
139 195
139 193
139 152
139 155
139 158
139 176
139 179
140 193
140 154
140 155
140 168
141 179
141 151
141 195
141 152
141 154
141 169
141 171
141 188
141 190
141 193
141 170
142 149
142 194
142 198
142 193
142 143
142 146
142 165
142 199
142 168
142 179
143 198
143 193
143 194
143 199
143 149
143 150
143 165
143 162
143 168
143 196
144 175
144 177
144 183
146 194
146 150
146 162
146 198
146 168
146 175
146 183
147 170
147 151
148 150
149 199
150 198
150 174
150 182
150 186
151 156
151 169
151 171
151 180
151 190
151 194
151 197
151 154
151 168
152 179
152 193
152 155
152 156
152 169
152 174
152 187
152 170
152 190
153 154
153 166
153 178
153 184
153 191
153 189
154 161
154 174
154 191
154 160
154 165
154 190
155 195
155 165
155 171
155 170
155 187
155 188
156 194
156 168
156 169
156 187
157 173
158 196
158 165
158 187
158 188
159 192
159 171
159 195
162 186
162 170
162 168
163 168
163 170
163 174
163 184
164 195
164 170
164 176
165 193
166 191
167 185
167 175
168 198
168 194
168 169
168 179
169 181
169 194
169 190
170 190
170 196
170 188
171 198
171 195
171 190
172 178
172 191
174 179
174 188
174 193
174 196
174 183
175 177
175 182
175 185
175 186
176 193
176 198
176 190
176 195
176 196
178 191
179 194
179 198
179 190
179 187
180 197
182 186
184 193
184 194
184 196
187 193
187 188
188 190
189 191
193 198
193 196
195 198
