0 66
0 131
0 70
0 136
0 11
0 14
0 144
0 83
0 96
0 100
0 101
0 172
0 173
0 181
0 119
0 60
0 61
0 63
1 64
1 192
1 5
1 6
1 199
1 137
1 75
1 14
1 82
1 89
1 69
1 102
1 167
1 188
1 106
1 48
1 49
1 178
1 58
1 187
1 124
1 62
2 32
2 64
2 98
2 67
2 69
2 7
2 103
2 47
2 48
2 49
2 178
2 195
2 53
2 23
2 167
2 62
3 35
3 5
3 198
3 188
3 138
3 143
3 81
3 19
3 54
3 183
3 185
3 26
3 31
3 95
4 192
4 193
4 66
4 196
4 6
4 77
4 142
4 79
4 145
4 148
4 85
4 150
4 23
4 91
4 28
4 30
4 133
4 155
4 37
4 43
4 45
4 48
4 190
4 55
4 125
4 62
5 8
5 137
5 15
5 144
5 147
5 23
5 26
5 28
5 31
5 33
5 35
5 38
5 42
5 49
5 54
5 183
5 185
5 159
5 188
5 189
5 198
5 199
5 74
5 75
5 81
5 82
5 89
5 90
5 143
5 99
5 102
5 106
5 107
5 109
5 113
5 126
6 130
6 7
6 137
6 139
6 141
6 142
6 145
6 195
6 20
6 152
6 27
6 158
6 197
6 162
6 155
6 36
6 167
6 43
6 47
6 48
6 49
6 178
6 51
6 53
6 58
6 59
6 62
6 64
6 67
6 69
6 71
6 75
6 79
6 164
6 84
6 89
6 99
6 111
6 114
6 116
6 187
6 148
6 122
6 123
7 192
7 69
7 71
7 72
7 137
7 75
7 140
7 130
7 14
7 144
7 82
7 84
7 23
7 28
7 167
7 33
7 98
7 99
7 36
7 102
7 103
7 129
7 169
7 106
7 135
7 110
7 47
7 48
7 113
7 178
7 51
7 186
7 58
7 187
7 170
8 39
8 76
8 108
8 12
8 189
8 17
8 21
8 188
8 157
8 159
9 193
9 66
9 67
9 136
9 10
9 119
9 194
9 142
9 145
9 85
9 22
9 87
9 152
9 27
9 30
9 96
9 123
9 100
9 37
9 177
9 40
9 104
9 114
9 155
9 55
9 148
9 63
10 161
10 194
10 67
10 86
10 104
10 110
10 168
10 181
10 22
10 60
10 61
11 67
11 150
11 134
11 77
11 141
11 144
11 88
11 146
11 20
11 22
11 24
11 154
11 30
11 102
11 73
11 55
11 56
11 63
12 128
12 157
12 189
12 127
12 108
12 90
12 15
13 166
13 151
13 92
13 94
13 15
14 131
14 137
14 140
14 141
14 142
14 173
14 43
14 146
14 147
14 20
14 171
14 179
14 27
14 155
14 36
14 129
14 172
14 45
14 47
14 49
14 51
14 53
14 55
14 56
14 187
14 188
14 63
14 67
14 70
14 71
14 72
14 79
14 82
14 83
14 84
14 89
14 99
14 100
14 101
14 195
14 107
14 113
14 148
15 132
15 76
15 151
15 78
15 80
15 17
15 21
15 57
15 25
15 90
15 92
15 157
15 94
15 97
15 166
15 108
15 120
15 121
15 188
15 153
16 64
16 65
16 107
16 196
16 150
16 72
16 96
16 142
16 79
16 144
16 145
16 147
16 84
16 149
16 86
16 154
16 155
16 30
16 32
16 36
16 37
16 129
16 41
16 43
16 110
16 136
16 119
16 148
17 128
17 39
17 105
17 76
17 109
17 93
17 121
17 90
17 159
17 127
18 34
18 68
18 138
19 81
19 35
19 54
19 183
19 26
19 95
20 192
20 131
20 150
20 141
20 173
20 144
20 147
20 22
20 23
20 27
20 28
20 30
20 32
20 161
20 37
20 40
20 41
20 171
20 172
20 45
20 46
20 48
20 52
20 181
20 55
20 180
20 60
20 61
20 62
20 63
20 64
20 65
20 194
20 67
20 69
20 79
20 83
20 91
20 96
20 100
20 107
20 168
20 117
20 118
20 119
20 191
20 125
21 128
21 105
21 76
21 109
21 93
21 153
21 121
21 90
21 127
22 134
22 142
22 145
22 150
22 24
22 154
22 27
22 30
22 161
22 155
22 41
22 43
22 45
22 46
22 177
22 50
22 181
22 182
22 56
22 59
22 190
22 63
22 193
22 66
22 196
22 197
22 194
22 73
22 77
22 85
22 87
22 91
22 100
22 104
22 191
22 112
22 117
22 118
22 148
22 122
22 125
23 140
23 141
23 195
23 149
23 152
23 28
23 133
23 33
23 162
23 163
23 170
23 135
23 45
23 47
23 49
23 50
23 51
23 52
23 53
23 182
23 55
23 184
23 180
23 59
23 188
23 64
23 67
23 199
23 74
23 75
23 82
23 89
23 91
23 98
23 187
23 103
23 106
23 111
23 114
23 116
23 122
23 123
23 124
23 125
24 194
24 67
24 196
24 133
24 71
24 142
24 79
24 145
24 83
24 84
24 154
24 155
24 30
24 100
24 101
24 43
24 179
24 131
24 55
24 148
24 190
24 63
25 97
25 165
25 166
25 78
25 80
25 120
25 57
25 90
25 92
25 127
26 35
26 188
27 129
27 193
27 136
27 190
27 141
27 144
27 145
27 147
27 150
27 154
27 155
27 28
27 30
27 36
27 37
27 38
27 40
27 43
27 45
27 48
27 55
27 134
27 63
27 192
27 65
27 194
27 67
27 196
27 73
27 77
27 79
27 85
27 91
27 96
27 102
27 107
27 168
27 62
27 119
27 148
27 125
27 126
28 64
28 67
28 141
28 142
28 79
28 145
28 83
28 173
28 152
28 196
28 122
28 197
28 32
28 98
28 155
28 131
28 101
28 171
28 172
28 45
28 163
28 180
28 50
28 179
28 52
28 187
28 182
28 55
28 56
28 148
28 114
28 59
28 188
28 63
29 39
29 105
29 76
29 109
29 153
29 121
29 90
29 159
29 188
29 127
30 129
30 194
30 86
30 134
30 71
30 72
30 77
30 142
30 145
30 84
30 196
30 100
30 154
30 133
30 148
30 91
30 36
30 168
30 43
30 155
30 73
30 125
30 190
31 143
32 64
32 129
32 67
32 71
32 72
32 139
32 192
32 141
32 115
32 84
32 149
32 86
32 164
32 158
32 98
32 99
32 36
32 103
32 110
32 174
32 180
32 51
32 52
32 58
33 192
33 75
33 144
33 89
33 102
33 106
33 199
33 47
33 49
33 58
33 124
34 68
34 138
34 44
35 81
35 54
35 183
35 188
35 156
35 95
36 64
36 65
36 73
36 192
36 77
36 79
36 84
36 142
36 150
36 154
36 144
36 155
36 134
36 148
36 187
36 62
36 149
37 129
37 194
37 67
37 197
37 134
37 71
37 77
37 142
37 79
37 141
37 163
37 84
37 85
37 86
37 152
37 196
37 133
37 148
37 123
37 168
37 43
37 114
37 50
37 155
37 73
37 59
37 190
37 149
38 67
38 75
38 142
38 79
38 144
38 83
38 148
38 179
38 91
38 131
38 101
38 102
38 43
38 51
38 155
38 55
38 56
38 188
38 126
39 128
39 76
39 109
39 93
40 193
40 67
40 70
40 72
40 119
40 141
40 146
40 88
40 96
40 161
40 123
40 168
40 45
40 136
40 114
40 181
40 182
40 55
40 59
40 60
40 61
40 63
41 112
41 194
41 118
41 70
41 104
41 141
41 46
41 177
41 146
41 117
41 87
41 88
41 191
41 61
41 181
42 128
42 188
42 108
42 157
42 189
43 129
43 147
43 149
43 150
43 152
43 154
43 167
43 168
43 178
43 182
43 58
43 59
43 190
43 192
43 65
43 194
43 72
43 73
43 77
43 79
43 85
43 86
43 144
43 102
43 107
43 110
43 114
43 123
43 126
44 160
44 68
44 138
45 65
45 194
45 150
45 134
45 136
45 119
45 77
45 141
45 144
45 163
45 154
45 197
45 96
45 91
45 102
45 107
45 50
45 123
45 182
45 55
45 122
45 59
45 125
45 126
46 194
46 67
46 70
46 104
46 141
46 177
46 146
46 181
46 60
46 61
46 191
47 74
47 140
47 144
47 82
47 89
47 98
47 102
47 103
47 188
47 170
47 199
47 186
47 187
47 124
47 106
48 64
48 69
48 137
48 192
48 130
48 79
48 141
48 133
48 98
48 99
48 103
48 167
48 111
48 51
48 116
48 184
48 58
48 187
48 62
49 192
49 195
49 135
49 137
49 74
49 75
49 130
49 82
49 89
49 98
49 103
49 188
49 199
49 113
49 52
49 53
49 180
50 194
50 79
50 55
50 122
50 91
50 125
51 64
51 192
51 139
51 144
51 147
51 89
51 158
51 69
51 176
51 162
51 99
51 164
51 167
51 174
51 111
51 115
51 116
51 187
51 188
51 126
52 64
52 195
52 69
52 141
52 62
53 192
53 195
53 113
53 102
53 103
53 74
53 135
53 98
53 82
53 130
54 198
54 81
54 156
54 95
55 193
55 66
55 67
55 133
55 77
55 141
55 144
55 152
55 83
55 85
55 122
55 197
55 91
55 131
55 102
55 147
55 107
55 163
55 168
55 123
55 190
55 182
55 73
55 56
55 114
55 59
55 125
55 126
56 194
56 67
56 179
56 70
56 73
56 77
56 141
56 144
56 83
56 85
56 88
56 100
56 101
56 107
56 147
56 131
56 134
56 102
56 126
56 63
57 97
57 165
57 166
57 78
57 80
57 120
57 92
57 94
57 127
58 64
58 196
58 69
58 137
58 74
58 75
58 140
58 130
58 145
58 139
58 176
58 89
58 155
58 99
58 164
58 103
58 169
58 170
58 113
58 148
58 186
58 187
58 192
59 192
59 193
59 66
59 136
59 77
59 142
59 152
59 91
59 96
59 114
59 182
59 119
59 123
60 118
60 177
60 119
60 141
60 112
60 104
60 146
60 117
60 87
60 88
60 136
60 191
60 61
60 181
61 193
61 66
61 67
61 70
61 136
61 141
61 194
61 146
61 87
61 88
61 96
61 177
61 104
61 117
61 118
61 191
61 181
62 192
62 67
62 69
62 71
62 137
62 74
62 139
62 130
62 79
62 141
62 82
62 84
62 176
62 164
62 158
62 133
62 116
62 98
62 180
62 103
62 129
62 135
62 174
62 111
62 113
62 178
62 115
62 162
62 184
63 193
63 67
63 70
63 190
63 77
63 141
63 144
63 88
63 83
63 85
63 100
63 101
63 102
63 171
63 172
63 173
63 168
63 179
63 131
63 73
63 134
64 192
64 67
64 71
64 72
64 137
64 75
64 141
64 115
64 84
64 149
64 164
64 158
64 116
64 98
64 99
64 139
64 167
64 176
64 174
64 180
64 178
65 129
65 67
65 133
65 134
65 71
65 73
65 141
65 79
65 149
65 91
65 150
65 100
65 125
66 193
66 194
66 67
66 70
66 72
66 119
66 146
66 163
66 88
66 197
66 123
66 114
66 110
66 136
66 181
66 182
67 192
67 193
67 190
67 141
67 144
67 172
67 179
67 181
67 180
67 196
67 69
67 194
67 77
67 79
67 85
67 87
67 96
67 98
67 101
67 102
67 107
67 117
67 118
67 119
67 191
67 126
68 160
68 138
69 192
69 133
69 75
69 130
69 142
69 79
69 141
69 145
69 155
69 167
69 98
69 99
69 103
69 148
69 113
69 178
69 180
69 84
69 187
70 96
70 102
70 193
70 112
70 88
70 146
70 119
70 136
70 191
70 181
71 73
71 192
71 77
71 144
71 84
71 149
71 150
71 154
71 134
71 102
72 96
72 196
72 136
72 79
72 145
72 84
72 142
72 86
72 87
72 154
72 155
72 144
72 102
72 193
72 110
72 119
72 148
72 187
72 149
73 194
73 131
73 196
73 134
73 142
73 83
73 152
73 101
73 129
73 114
73 179
73 125
74 130
74 195
74 135
74 75
74 140
74 186
74 167
74 169
74 170
74 113
74 188
75 130
75 137
75 140
75 144
75 89
75 186
75 113
75 169
75 170
75 135
75 178
75 187
75 188
75 192
75 126
76 128
76 159
76 93
76 153
76 90
76 127
77 129
77 133
77 142
77 145
77 131
77 148
77 152
77 154
77 155
77 168
77 171
77 172
77 179
77 182
77 190
77 194
77 79
77 83
77 84
77 85
77 91
77 100
77 101
77 114
77 123
77 125
78 80
78 165
78 120
78 90
78 127
79 129
79 133
79 141
79 145
79 147
79 142
79 182
79 192
79 196
79 85
79 86
79 152
79 144
79 102
79 107
79 110
79 190
79 122
79 123
79 126
80 97
80 132
80 165
80 166
80 120
80 90
80 92
80 94
80 127
81 188
81 156
81 198
82 192
82 130
82 195
82 139
82 144
82 158
82 99
82 164
82 102
82 167
82 174
82 113
82 178
82 115
82 187
82 188
83 131
83 141
83 144
83 147
83 85
83 171
83 107
83 172
83 173
83 179
83 190
83 102
83 126
84 192
84 85
84 150
84 129
84 110
84 190
84 134
84 149
85 194
85 133
85 145
85 171
85 196
85 152
85 154
85 101
85 155
85 100
85 168
85 172
85 173
85 114
85 179
85 131
85 148
86 144
86 102
86 193
86 104
86 177
86 110
86 149
86 87
86 154
86 187
87 161
87 194
87 110
87 168
88 193
88 144
88 146
88 161
88 100
88 117
88 118
88 119
88 181
89 192
89 130
89 199
89 137
89 111
89 99
89 188
89 106
89 167
89 113
89 178
89 116
89 184
89 124
90 121
90 93
90 94
90 159
90 97
90 165
90 166
90 105
90 108
90 157
90 120
90 153
90 127
91 133
91 141
91 144
91 147
91 152
91 154
91 122
91 197
91 123
91 102
91 107
91 163
91 150
91 182
91 114
91 125
91 126
92 132
92 165
92 120
92 94
93 128
93 153
93 159
93 127
94 165
94 166
94 151
94 120
94 127
95 188
96 141
96 152
96 123
96 168
96 110
96 136
96 181
96 182
96 119
97 165
97 127
98 167
98 141
98 178
98 195
98 187
99 139
99 192
99 158
99 164
99 102
99 174
99 111
99 115
99 116
99 188
100 194
100 150
100 134
100 141
100 144
100 146
100 154
100 102
100 168
100 190
101 134
101 141
101 131
101 171
101 147
101 190
101 126
102 130
102 131
102 137
102 141
102 142
102 145
102 195
102 148
102 149
102 155
102 129
102 187
102 188
102 196
102 199
102 144
102 113
102 116
102 125
102 126
103 195
103 167
103 178
103 187
104 161
104 194
104 168
104 177
104 191
104 181
105 153
105 121
105 159
105 109
105 127
106 130
106 113
106 137
106 199
106 144
106 187
106 124
107 147
107 173
107 149
107 144
107 131
107 171
107 172
107 179
107 188
107 125
108 128
108 157
108 189
109 153
109 121
109 159
109 188
109 127
110 142
110 149
110 154
110 144
110 177
110 193
110 136
110 119
110 148
111 192
111 144
111 162
111 116
111 184
112 161
112 194
113 130
113 195
113 137
113 144
113 188
113 199
113 187
113 124
114 192
114 193
114 196
114 136
114 142
114 145
114 152
114 123
114 168
114 182
114 125
114 190
115 174
116 144
117 161
117 194
117 118
117 141
117 181
118 161
118 194
118 146
118 181
119 193
119 146
119 161
119 168
119 136
119 182
119 122
119 123
120 165
120 166
120 127
121 153
121 159
122 192
122 193
122 194
122 197
122 125
123 192
123 193
123 196
123 136
123 142
123 145
123 152
123 194
123 168
123 182
123 125
124 137
124 144
124 188
125 194
125 150
125 134
125 141
125 144
125 147
125 152
125 154
125 197
125 163
125 182
125 126
126 142
126 145
126 148
126 149
126 173
126 179
126 131
126 171
126 172
126 155
126 188
127 159
127 165
128 189
128 153
128 159
129 134
129 142
129 154
129 144
129 155
129 148
129 187
129 149
130 192
130 195
130 137
130 140
130 144
130 167
130 199
130 169
130 135
130 178
130 187
130 170
131 171
131 134
131 144
131 147
131 172
131 173
131 190
132 165
132 166
132 151
133 192
133 193
133 145
133 148
133 150
133 196
133 155
133 168
133 190
134 194
134 150
134 142
134 173
134 145
134 152
134 155
134 171
134 172
134 148
135 195
135 187
136 193
136 149
136 152
136 161
136 168
136 182
137 192
137 144
137 167
137 199
137 178
137 187
138 160
138 175
139 164
139 167
139 192
139 178
139 176
140 167
140 187
140 170
141 192
141 150
141 144
141 154
141 161
141 179
141 181
141 180
141 194
141 191
142 194
142 152
142 145
142 148
142 149
142 154
142 196
142 155
142 168
142 182
143 185
144 145
144 146
144 147
144 162
144 187
144 196
144 184
144 199
145 149
145 152
145 154
145 167
145 168
145 178
145 190
145 192
145 196
146 193
146 181
147 171
147 149
147 172
147 173
147 188
148 192
148 194
148 190
148 196
148 154
148 155
148 168
148 167
148 182
149 196
149 154
150 194
152 192
152 196
152 190
152 182
154 194
154 196
154 168
154 190
155 192
155 194
155 167
155 168
155 178
155 190
155 182
156 188
157 189
158 174
158 192
159 188
161 194
161 177
161 191
161 181
162 192
162 184
163 192
163 194
164 192
164 176
165 166
167 196
167 169
167 170
167 178
167 187
167 192
168 193
168 194
168 196
168 177
168 190
169 187
169 170
169 178
169 186
170 187
170 186
171 190
172 190
172 173
173 190
177 194
177 191
177 181
178 196
178 192
178 186
178 187
179 190
180 195
181 194
181 191
182 192
182 193
182 194
183 188
185 188
187 192
188 198
188 199
190 194
190 196
191 194
192 195
192 196
192 197
193 194
193 197
194 197
