0 133
0 135
0 140
0 16
0 18
0 20
0 151
0 152
0 25
0 167
0 30
0 33
0 34
0 164
0 37
0 38
0 39
0 40
0 47
0 180
0 183
0 184
0 57
0 187
0 60
0 193
0 67
0 68
0 197
0 75
0 76
0 77
0 79
0 84
0 85
0 90
0 91
0 92
0 97
0 98
0 102
0 104
0 188
0 107
0 109
0 168
0 119
0 153
0 121
0 126
1 41
1 83
1 7
2 128
2 129
2 132
2 5
2 6
2 120
2 148
2 21
2 24
2 26
2 27
2 160
2 176
2 35
2 36
2 70
2 169
2 45
2 112
2 50
2 56
2 114
2 61
3 128
3 129
3 160
3 78
3 15
3 145
3 146
3 21
3 27
3 96
3 35
3 38
3 105
3 114
3 176
3 50
3 54
3 119
3 120
3 59
3 126
3 149
4 12
4 144
4 18
4 25
4 28
4 31
4 37
4 166
4 167
4 171
4 177
4 188
4 63
4 67
4 197
4 75
4 81
4 82
4 85
4 86
4 91
4 95
4 109
4 116
4 126
5 195
5 132
5 6
5 199
5 9
5 14
5 82
5 148
5 155
5 156
5 186
5 94
5 31
5 32
5 166
5 169
5 45
5 189
5 113
5 178
5 137
5 56
5 185
5 136
5 125
5 191
6 195
6 199
6 146
6 148
6 24
6 89
6 26
6 54
6 27
6 36
6 169
6 45
6 175
6 112
6 118
6 56
6 186
6 61
7 83
7 196
7 198
7 55
7 103
7 41
7 43
7 108
8 130
8 67
8 68
8 69
8 71
8 74
8 12
8 158
8 15
8 16
8 88
8 90
8 29
8 30
8 34
8 168
8 47
8 53
8 119
8 184
8 123
8 117
9 32
9 169
9 45
9 148
9 26
9 155
9 156
9 191
10 192
10 22
10 143
10 16
10 18
10 86
10 28
10 95
10 100
10 110
10 111
10 48
10 52
10 181
10 182
10 183
10 57
10 124
10 127
11 102
11 166
11 177
11 136
11 81
11 178
11 153
11 31
12 197
12 135
12 139
12 143
12 15
12 16
12 18
12 163
12 110
12 153
12 25
12 154
12 79
12 28
12 96
12 34
12 91
12 164
12 37
12 38
12 40
12 92
12 42
12 172
12 46
12 48
12 177
12 52
12 53
12 182
12 119
12 116
12 58
12 124
12 102
12 126
12 127
13 129
13 70
13 73
13 142
13 120
13 19
13 87
13 24
13 26
13 50
13 145
13 105
13 45
13 176
13 114
13 56
13 61
14 129
14 67
14 79
14 146
14 153
14 89
14 27
14 28
14 29
14 94
14 182
14 34
14 102
14 38
14 106
14 47
14 176
14 50
14 116
14 126
14 54
14 184
14 59
14 61
14 62
14 127
15 192
15 140
15 81
15 150
15 88
15 28
15 95
15 165
15 166
15 111
15 136
15 116
15 182
15 180
15 127
16 130
16 139
16 143
16 17
16 23
16 157
16 30
16 31
16 33
16 34
16 163
16 165
16 38
16 167
16 168
16 42
16 172
16 48
16 136
16 178
16 52
16 53
16 183
16 184
16 57
16 58
16 159
16 181
16 67
16 68
16 69
16 71
16 75
16 77
16 79
16 81
16 85
16 88
16 95
16 98
16 166
16 102
16 110
16 180
16 115
16 119
16 124
16 126
17 193
17 130
17 71
17 77
17 79
17 147
17 30
17 39
17 111
17 115
17 116
17 53
17 121
18 192
18 164
18 197
18 136
18 77
18 143
18 82
18 22
18 23
18 25
18 91
18 92
18 95
18 165
18 102
18 40
18 177
18 115
18 52
18 119
18 153
18 187
18 124
19 129
19 175
19 195
19 70
19 160
19 142
19 80
19 87
19 24
19 169
19 155
19 156
19 32
19 176
19 162
19 105
19 61
19 112
19 113
19 50
19 118
19 137
19 185
19 125
19 191
20 65
20 66
20 22
20 161
20 139
20 77
20 143
20 86
20 154
20 133
20 116
20 34
20 163
20 104
20 188
20 172
20 109
20 46
20 48
20 52
20 182
20 183
20 57
20 58
20 124
20 127
21 35
21 70
21 105
21 174
21 150
21 59
21 61
21 62
21 63
22 69
22 143
22 84
22 25
22 91
22 92
22 29
22 52
22 164
22 38
22 104
22 42
22 46
22 116
22 181
22 119
22 124
23 133
23 157
23 161
23 34
23 37
23 167
23 168
23 42
23 172
23 48
23 53
23 183
23 67
23 68
23 75
23 76
23 77
23 84
23 86
23 88
23 143
23 95
23 96
23 165
23 98
23 100
23 117
23 124
24 129
24 131
24 132
24 70
24 199
24 194
24 138
24 142
24 82
24 87
24 101
24 36
24 105
24 106
24 176
24 50
24 118
24 56
24 186
24 61
24 63
25 92
25 119
25 153
25 28
25 126
26 129
26 195
26 70
26 72
26 80
26 148
26 89
26 27
26 160
26 176
26 162
26 105
26 45
26 175
26 112
26 113
26 50
26 51
26 118
26 73
26 56
26 185
26 61
26 169
27 72
27 137
27 80
27 82
27 195
27 89
27 155
27 156
27 94
27 32
27 169
27 45
27 189
27 112
27 185
27 59
27 125
28 133
28 134
28 135
28 29
28 30
28 197
28 33
28 180
28 165
28 38
28 39
28 40
28 42
28 46
28 47
28 177
28 52
28 181
28 182
28 183
28 184
28 57
28 187
28 65
28 66
28 69
28 161
28 140
28 74
28 82
28 193
28 143
28 92
28 93
28 96
28 97
28 98
28 104
28 116
28 119
28 153
28 124
28 126
28 127
29 69
29 82
29 94
29 31
29 97
29 34
29 107
29 47
29 116
29 53
29 184
30 193
30 130
30 147
30 152
30 39
30 168
30 188
30 107
30 109
30 115
30 116
30 117
30 182
30 121
30 60
30 127
31 74
31 82
31 85
31 86
31 153
31 94
31 33
31 37
31 38
31 177
31 171
31 173
31 47
31 49
31 116
31 119
31 184
31 102
31 126
31 149
32 195
32 142
32 80
32 146
32 87
32 162
32 169
32 45
32 112
32 51
32 54
32 185
32 191
33 192
33 67
33 68
33 136
33 139
33 140
33 77
33 79
33 81
33 85
33 86
33 88
33 154
33 98
33 100
33 37
33 166
33 172
33 111
33 178
33 180
33 53
33 182
33 58
33 95
34 133
34 140
34 143
34 151
34 152
34 159
34 180
34 165
34 38
34 168
34 46
34 47
34 52
34 53
34 183
34 184
34 57
34 60
34 181
34 65
34 67
34 69
34 71
34 77
34 79
34 90
34 94
34 95
34 100
34 104
34 111
34 157
34 115
34 119
34 123
34 124
35 129
35 101
35 70
35 105
35 106
35 194
35 174
35 150
35 59
35 138
35 62
35 63
36 160
36 176
36 129
36 169
36 80
36 50
36 118
36 186
36 70
37 192
37 139
37 76
37 77
37 85
37 153
37 94
37 98
37 102
37 38
37 42
37 172
37 109
37 110
37 111
37 48
37 115
37 58
37 95
37 188
37 126
37 165
38 150
38 172
38 138
38 131
38 40
38 44
38 173
38 174
38 49
38 53
38 182
38 183
38 57
38 58
38 159
38 190
38 63
38 192
38 67
38 77
38 79
38 82
38 85
38 94
38 95
38 100
38 123
38 127
39 193
39 69
39 158
39 147
39 152
39 90
39 168
39 109
39 115
39 116
39 182
39 184
39 121
39 188
39 127
40 192
40 187
40 100
40 188
40 119
40 109
40 115
40 116
40 182
40 180
40 127
40 95
41 64
41 196
41 198
41 55
41 103
41 43
41 108
42 192
42 66
42 67
42 79
42 143
42 165
42 161
42 100
42 46
42 111
42 116
42 53
42 182
42 95
42 124
42 127
43 198
43 55
43 103
43 108
44 194
44 131
44 138
44 99
44 101
44 61
44 175
44 118
44 119
44 59
44 102
44 190
44 63
45 128
45 129
45 72
45 160
45 120
45 146
45 175
45 54
45 176
45 70
45 145
45 105
45 50
45 125
45 112
45 113
45 114
45 155
45 118
45 56
45 61
45 191
46 116
46 133
46 161
46 104
46 172
46 182
46 66
46 181
46 183
46 57
46 127
47 69
47 134
47 77
47 81
47 82
47 93
47 94
47 166
47 107
47 159
47 109
47 136
47 115
47 53
47 184
47 122
47 123
47 188
48 133
48 76
48 143
48 154
48 165
48 98
48 163
48 178
48 52
48 183
48 124
49 81
49 178
49 149
49 119
49 136
49 166
49 173
50 132
50 70
50 199
50 142
50 150
50 87
50 160
50 174
50 175
50 118
50 59
50 61
51 112
51 70
51 72
51 105
51 128
51 189
51 80
51 145
51 114
51 148
51 118
51 73
51 120
51 169
51 155
51 125
52 140
52 139
52 143
52 86
52 154
52 157
52 95
52 133
52 163
52 104
52 111
52 180
52 57
52 183
52 124
53 130
53 152
53 71
53 76
53 74
53 147
53 88
53 68
53 90
53 159
53 102
53 167
53 93
53 140
53 180
53 181
53 119
53 184
53 121
53 123
53 60
53 170
53 126
54 194
54 138
54 80
54 82
54 131
54 150
54 155
54 101
54 146
54 169
54 174
54 112
54 56
54 125
54 62
54 63
55 64
55 196
55 103
56 129
56 195
56 80
56 146
56 118
56 160
56 176
56 70
56 112
56 185
56 61
57 65
57 66
57 139
57 140
57 77
57 110
57 86
57 154
57 95
57 161
57 163
57 165
57 172
57 109
57 115
57 181
57 119
57 116
57 58
57 188
58 65
58 66
58 68
58 133
58 75
58 76
58 81
58 86
58 88
58 95
58 98
58 167
58 172
58 110
58 140
58 180
58 119
58 183
58 165
59 129
59 194
59 81
59 82
59 153
59 89
59 94
59 99
59 131
59 101
59 102
59 178
59 106
59 146
59 175
59 176
59 190
59 166
59 61
59 126
59 63
60 67
60 134
60 71
60 77
60 79
60 151
60 159
60 97
60 109
60 116
60 121
60 123
60 188
61 131
61 132
61 199
61 194
61 73
61 138
61 141
61 78
61 94
61 101
61 160
61 105
61 106
61 179
61 190
61 186
61 62
62 101
62 146
62 106
62 141
62 138
62 118
62 99
63 141
63 82
63 99
63 153
63 94
63 102
63 175
63 177
63 179
63 190
63 118
63 119
63 126
64 196
64 103
65 116
65 133
65 104
65 183
65 110
65 84
65 182
65 157
65 127
66 116
66 180
66 133
66 161
66 140
66 111
66 110
66 182
66 127
67 181
67 130
67 140
67 75
67 76
67 77
67 79
67 152
67 82
67 147
67 88
67 153
67 90
67 158
67 95
67 102
67 167
67 168
67 159
67 151
67 177
67 115
67 180
67 117
67 119
67 121
67 123
67 126
67 165
68 172
68 140
68 75
68 76
68 77
68 85
68 88
68 95
68 165
68 167
68 159
68 109
68 110
68 111
68 115
68 180
68 123
68 188
69 193
69 134
69 81
69 159
69 166
69 107
69 136
69 178
69 116
69 182
69 184
69 123
69 127
70 128
70 199
70 78
70 120
70 87
70 160
70 142
70 186
71 97
71 134
71 193
71 107
71 159
71 130
71 147
71 151
71 152
71 121
71 90
71 168
71 158
71 117
72 112
72 148
72 73
72 142
72 80
72 89
72 189
72 191
73 189
73 118
73 175
73 78
74 170
74 127
74 159
74 82
74 116
74 182
74 184
74 122
74 93
75 192
75 140
75 76
75 77
75 81
75 86
75 95
75 96
75 98
75 100
75 165
75 102
75 172
75 109
75 111
75 115
75 116
75 182
75 180
75 188
75 126
75 127
76 192
76 136
76 140
76 77
76 79
76 81
76 139
76 154
76 95
76 165
76 98
76 163
76 100
76 102
76 167
76 172
76 109
76 110
76 111
76 177
76 178
76 115
76 116
76 182
76 153
76 180
76 188
76 126
76 127
77 130
77 133
77 134
77 151
77 147
77 152
77 153
77 157
77 158
77 164
77 167
77 183
77 184
77 187
77 192
77 85
77 88
77 90
77 92
77 95
77 97
77 100
77 102
77 107
77 111
77 168
77 117
77 119
77 126
77 165
78 150
78 142
78 175
78 105
78 174
78 118
78 87
78 120
79 192
79 158
79 98
79 82
79 147
79 151
79 152
79 90
79 94
79 95
79 102
79 167
79 168
79 111
79 140
79 181
79 119
79 126
80 132
80 148
80 89
80 155
80 169
80 189
80 137
80 185
80 186
80 125
81 136
81 177
81 122
81 93
81 167
81 171
81 173
81 110
81 178
81 184
81 170
81 126
82 182
82 118
82 175
82 85
82 89
82 102
82 170
82 127
82 177
82 116
82 119
82 184
82 122
82 126
83 198
83 108
84 140
84 157
84 165
84 104
84 109
84 115
84 180
84 116
85 86
85 153
85 88
85 167
85 110
85 177
85 115
85 181
85 119
85 188
85 102
85 126
86 192
86 139
86 133
86 140
86 157
86 95
86 98
86 163
86 100
86 166
86 102
86 167
86 104
86 172
86 110
86 111
86 180
86 178
86 183
86 126
87 128
87 162
87 129
87 137
87 160
87 113
87 142
87 156
88 140
88 95
88 96
88 165
88 102
88 172
88 110
88 115
88 180
88 153
89 195
89 169
89 148
89 189
89 94
90 193
90 134
90 151
90 152
90 158
90 97
90 109
90 115
90 121
90 188
91 164
91 102
91 140
91 109
91 177
91 188
91 153
91 111
91 92
91 95
92 192
92 140
92 100
92 95
92 164
92 165
92 109
92 111
92 115
92 116
92 182
92 188
93 166
93 136
93 178
93 184
93 122
94 146
95 140
95 180
95 164
95 167
95 172
95 177
95 181
95 183
95 187
95 161
95 165
95 98
95 102
95 104
95 109
95 115
95 119
95 124
95 143
95 126
96 165
96 166
96 167
96 136
96 140
96 174
96 178
96 116
96 150
96 180
96 123
96 127
97 184
97 115
97 182
97 151
97 152
97 121
97 158
97 127
98 192
98 139
98 136
98 140
98 154
98 100
98 102
98 167
98 110
98 178
98 116
98 182
98 180
98 127
99 194
99 131
99 101
99 175
99 138
99 179
99 190
99 118
100 133
100 153
100 165
100 167
100 177
100 183
100 102
100 104
100 110
100 115
100 119
100 126
101 102
101 190
101 106
101 141
101 146
101 126
101 119
102 136
102 138
102 141
102 167
102 171
102 174
102 178
102 192
102 194
102 111
102 126
103 196
104 182
104 192
104 116
104 111
104 127
104 157
105 128
105 129
105 142
105 150
106 194
106 131
106 138
106 141
106 175
106 118
107 115
107 116
107 151
107 152
108 198
109 133
109 152
109 153
109 158
109 164
109 183
109 184
109 187
109 188
109 192
109 167
109 111
109 115
109 121
109 126
110 192
110 136
110 161
110 167
110 172
110 178
110 140
110 180
110 183
111 130
111 161
111 140
111 115
111 164
111 167
111 168
111 188
111 181
111 180
111 124
111 126
112 132
112 137
112 155
112 156
112 189
112 125
113 137
113 142
113 148
113 185
113 155
113 156
113 125
114 128
114 142
114 145
115 192
115 193
115 134
115 147
115 121
115 184
115 167
115 151
115 158
115 183
115 187
115 188
115 153
116 130
116 133
116 193
116 167
116 147
116 151
116 153
116 161
116 164
116 157
116 177
116 180
116 181
116 183
116 187
116 140
116 119
116 127
117 140
117 159
117 165
117 168
118 128
118 129
118 132
118 179
118 199
118 175
118 176
118 190
118 186
119 131
119 150
119 159
119 172
119 173
119 174
119 179
119 182
119 187
119 190
119 194
119 197
119 127
120 150
120 174
120 142
120 175
121 130
121 134
121 147
121 151
121 152
121 158
121 188
122 166
122 136
122 170
122 178
123 130
123 151
123 184
124 181
124 182
124 127
125 162
125 155
125 146
125 169
125 137
125 156
125 191
126 131
126 153
126 166
126 167
126 177
126 178
126 182
126 188
126 192
126 194
126 197
126 127
127 133
127 134
127 193
127 153
127 165
127 180
127 181
127 183
127 187
127 161
127 143
127 167
127 168
127 170
128 150
128 142
128 175
128 174
129 132
129 199
129 142
129 160
129 174
129 176
129 186
130 193
130 140
130 147
130 180
130 159
131 194
131 141
131 138
131 146
131 190
131 179
132 160
132 195
132 199
132 169
132 176
132 185
132 186
133 192
133 143
133 161
133 165
133 172
134 184
134 182
134 151
134 152
135 197
135 153
136 139
136 163
136 166
136 144
136 171
136 178
136 184
137 162
137 155
137 195
137 169
137 142
137 185
137 156
138 194
138 141
138 190
138 179
139 178
139 183
139 154
140 157
140 161
140 180
140 164
140 167
140 172
140 182
140 183
140 168
141 194
141 179
141 190
141 153
142 160
142 145
142 156
142 162
142 189
143 165
143 182
143 181
144 177
144 178
144 166
144 153
144 171
145 150
145 174
145 175
146 194
146 150
147 193
148 195
148 155
148 169
148 185
148 189
148 191
149 150
149 166
149 173
150 160
150 174
151 158
151 159
151 188
152 193
152 159
152 188
153 192
153 197
153 164
153 171
153 182
153 188
154 163
154 178
154 183
155 162
155 195
155 169
155 185
155 191
157 180
157 165
157 188
158 193
158 188
159 184
160 174
160 175
160 186
161 165
161 180
161 172
161 183
161 182
162 169
163 183
164 177
164 188
164 192
165 187
165 167
165 172
165 168
165 181
165 182
165 183
166 177
166 170
166 171
166 178
166 184
167 192
167 182
167 180
168 193
168 180
169 195
169 199
169 185
169 191
170 184
171 178
171 177
172 183
173 178
174 176
175 179
175 190
176 199
176 186
177 192
177 188
179 190
180 187
180 182
181 182
182 193
182 183
182 187
183 188
183 192
184 193
184 188
185 199
185 189
186 195
186 199
187 192
187 188
188 193
189 195
190 194
195 199
