0 2
0 3
0 150
0 8
0 138
0 130
0 14
0 18
0 19
0 148
0 149
0 22
0 23
0 25
0 154
0 155
0 30
0 32
0 176
0 34
0 40
0 199
0 44
0 45
0 48
0 51
0 158
0 54
0 58
0 188
0 62
0 181
0 192
0 65
0 66
0 68
0 69
0 71
0 72
0 73
0 160
0 76
0 77
0 79
0 82
0 84
0 86
0 87
0 93
0 182
0 97
0 101
0 102
0 194
0 171
0 110
0 116
0 117
0 153
0 123
0 126
0 127
1 64
1 166
1 6
1 11
1 140
1 109
1 46
1 21
1 118
1 151
1 25
1 156
1 53
2 128
2 131
2 134
2 8
2 11
2 19
2 23
2 31
2 32
2 33
2 36
2 37
2 39
2 168
2 175
2 176
2 52
2 54
2 55
2 62
2 63
2 194
2 177
2 97
2 114
2 147
2 119
2 120
3 97
3 194
3 195
3 147
3 5
3 39
3 167
3 161
3 103
3 178
3 79
3 146
3 83
3 54
3 87
3 25
3 59
3 125
3 63
4 64
4 132
4 9
4 16
4 81
4 22
4 24
4 100
4 26
4 29
4 96
4 162
4 164
4 101
4 103
4 40
4 107
4 48
4 178
4 116
4 117
4 119
4 186
4 59
4 189
5 129
5 161
5 9
5 11
5 146
5 147
5 150
5 25
5 90
5 27
5 92
5 31
5 37
5 165
5 167
5 168
5 193
5 171
5 177
5 111
5 112
5 49
5 52
5 188
5 62
6 128
6 196
6 133
6 134
6 8
6 11
6 13
6 16
6 19
6 20
6 25
6 155
6 29
6 31
6 160
6 33
6 37
6 38
6 40
6 41
6 45
6 157
6 53
6 55
6 185
6 60
6 63
6 64
6 65
6 194
6 68
6 199
6 74
6 75
6 81
6 147
6 88
6 94
6 165
6 96
6 97
6 99
6 101
6 111
6 112
6 168
6 114
6 115
7 196
7 69
7 198
7 8
7 9
7 10
7 78
7 173
7 84
7 158
7 98
7 169
7 44
7 45
7 110
7 48
7 178
7 179
7 52
7 58
7 59
8 132
8 133
8 138
8 139
8 130
8 14
8 15
8 19
8 21
8 22
8 151
8 27
8 32
8 34
8 155
8 38
8 41
8 135
8 173
8 142
8 47
8 48
8 182
8 55
8 58
8 62
8 64
8 65
8 175
8 68
8 199
8 75
8 79
8 85
8 87
8 88
8 91
8 94
8 95
8 97
8 98
8 100
8 101
8 108
8 174
8 114
8 116
8 118
8 122
8 123
8 125
8 126
9 64
9 65
9 130
9 198
9 73
9 138
9 139
9 14
9 173
9 99
9 89
9 88
9 25
9 92
9 188
9 97
9 35
9 161
9 45
9 175
9 114
9 117
9 54
9 169
9 184
9 186
9 60
9 189
9 62
9 63
10 133
10 141
10 16
10 18
10 148
10 153
10 154
10 28
10 29
10 176
10 34
10 163
10 40
10 173
10 157
10 48
10 50
10 51
10 182
10 183
10 70
10 71
10 78
10 80
10 81
10 82
10 86
10 93
10 101
10 102
10 110
10 124
11 64
11 140
11 151
11 12
11 130
11 146
11 83
11 25
11 90
11 31
11 161
11 41
11 109
11 176
11 52
11 55
11 58
11 62
12 64
12 129
12 131
12 31
12 74
12 191
12 111
12 55
12 25
12 27
12 62
12 37
13 64
13 96
13 36
13 145
13 136
13 137
13 42
13 143
13 16
13 81
13 144
13 121
13 157
13 119
13 152
13 120
13 61
13 190
14 194
14 195
14 70
14 65
14 139
14 142
14 25
14 133
14 34
14 35
14 39
14 40
14 114
14 182
14 184
14 58
15 66
15 197
15 135
15 76
15 84
15 149
15 92
15 93
15 158
15 95
15 102
15 72
15 57
15 123
15 188
15 126
15 127
16 65
16 194
16 78
16 81
16 147
16 85
16 25
16 26
16 157
16 96
16 39
16 104
16 172
16 113
16 119
16 121
16 186
17 108
17 18
17 174
17 22
17 24
17 100
17 110
17 125
18 195
18 132
18 118
18 108
18 141
18 163
18 84
18 174
18 86
18 24
18 89
18 95
18 99
18 164
18 106
18 110
18 54
18 122
18 123
18 125
19 195
19 196
19 135
19 139
19 77
19 79
19 20
19 21
19 87
19 27
19 93
19 133
19 32
19 34
19 35
19 37
19 105
19 44
19 175
19 50
19 179
19 116
19 118
19 55
19 57
19 122
19 91
19 151
19 126
20 64
20 194
20 147
20 69
20 39
20 41
20 25
20 27
20 63
21 67
21 76
21 110
21 27
21 92
21 158
21 188
21 97
21 105
21 72
21 114
21 124
21 63
22 195
22 69
22 196
22 154
22 91
22 101
22 38
22 103
22 40
22 44
22 174
22 48
22 179
22 125
23 139
23 135
23 78
23 79
23 146
23 83
23 85
23 25
23 27
23 32
23 97
23 98
23 35
23 163
23 195
23 103
23 113
23 178
23 125
24 69
24 38
24 196
24 174
24 179
24 110
24 132
24 186
24 125
24 158
25 128
25 143
25 145
25 195
25 152
25 27
25 28
25 159
25 33
25 35
25 36
25 166
25 168
25 41
25 42
25 46
25 49
25 155
25 53
25 54
25 55
25 56
25 185
25 138
25 64
25 193
25 139
25 199
25 140
25 75
25 79
25 81
25 156
25 83
25 142
25 87
25 88
25 90
25 94
25 144
25 115
25 120
25 170
26 96
26 183
26 143
26 81
26 121
26 157
26 119
26 120
26 36
26 28
26 29
27 65
27 131
27 147
27 134
27 129
27 177
27 109
27 179
27 118
27 69
27 31
27 196
27 161
27 37
27 167
27 122
27 45
27 111
27 176
27 83
27 52
27 54
27 58
27 62
27 85
28 98
28 163
28 39
28 104
28 194
28 45
28 78
28 29
28 121
28 61
28 190
29 64
29 65
29 70
29 136
29 137
29 183
29 78
29 143
29 81
29 85
29 186
29 152
29 120
29 157
29 96
29 163
29 145
29 104
29 42
29 172
29 190
29 119
29 56
29 121
29 58
29 61
29 62
30 35
30 105
30 139
30 44
30 78
30 48
30 113
30 151
30 154
31 128
31 193
31 131
31 161
31 74
31 90
31 33
31 37
31 165
31 177
31 170
31 111
31 49
31 180
31 54
31 55
31 134
31 191
32 135
32 139
32 141
32 146
32 148
32 155
32 158
32 160
32 35
32 47
32 176
32 63
32 175
32 67
32 199
32 83
32 86
32 97
32 195
32 124
32 126
33 128
33 129
33 161
33 194
33 130
33 147
33 97
33 134
33 39
33 168
33 111
33 114
33 52
33 54
33 55
33 62
34 67
34 73
34 76
34 78
34 154
34 92
34 158
34 95
34 133
34 123
34 195
34 113
34 105
34 178
34 48
34 72
34 50
34 179
34 117
34 182
34 169
34 59
34 188
34 189
35 160
35 67
35 68
35 69
35 135
35 138
35 87
35 139
35 142
35 150
35 88
35 179
35 175
35 188
35 158
35 105
35 196
35 171
35 45
35 47
35 176
35 72
35 114
35 83
35 117
35 58
35 124
35 189
35 63
36 65
36 143
36 81
36 85
36 97
36 52
37 64
37 65
37 115
37 129
37 74
37 130
37 161
37 146
37 85
37 156
37 94
37 97
37 131
37 134
37 166
37 167
37 41
37 46
37 111
37 52
37 54
37 180
37 191
38 64
38 107
38 68
38 108
38 195
38 88
38 132
38 160
38 163
38 100
38 43
38 44
38 47
38 48
38 50
38 117
38 185
38 189
39 128
39 135
39 136
39 137
39 138
39 145
39 151
39 196
39 168
39 176
39 179
39 52
39 54
39 183
39 62
39 64
39 194
39 195
39 68
39 69
39 81
39 142
39 88
39 144
39 126
40 64
40 73
40 142
40 88
40 154
40 158
40 198
40 103
40 169
40 44
40 189
40 48
40 72
40 178
40 117
40 186
40 59
40 138
41 75
41 131
42 97
42 145
42 147
43 100
43 99
43 70
43 103
43 107
43 178
43 83
43 84
43 184
43 89
43 59
43 60
44 133
44 149
44 197
44 171
44 173
44 48
44 178
44 179
44 57
44 59
44 192
44 66
44 67
44 196
44 69
44 70
44 84
44 93
44 99
44 101
44 102
44 105
44 110
44 187
44 124
44 127
45 64
45 68
45 69
45 138
45 183
45 142
45 81
45 99
45 88
45 196
45 157
45 160
45 173
45 47
45 179
45 117
45 54
45 55
45 60
45 189
46 131
46 166
46 151
46 109
46 118
47 160
47 68
47 135
47 139
47 79
47 87
47 175
47 179
47 185
48 133
48 195
48 154
48 197
48 173
48 50
48 179
48 182
48 184
48 192
48 67
48 196
48 69
48 70
48 71
48 77
48 80
48 89
48 91
48 98
48 99
48 101
48 103
48 105
48 113
48 116
48 124
48 127
49 131
49 193
49 165
49 170
49 111
49 112
49 177
49 54
50 163
50 133
50 98
50 113
50 178
50 182
50 59
50 195
51 195
51 69
51 141
51 79
51 82
51 84
51 86
51 87
51 93
51 197
51 163
51 179
51 187
52 128
52 131
52 97
52 143
52 194
52 79
52 81
52 147
52 85
52 87
52 90
52 99
52 195
52 161
52 170
52 54
52 55
52 120
52 119
52 62
52 63
53 64
53 131
53 166
53 140
53 55
53 156
54 129
54 134
54 193
54 128
54 147
54 158
54 168
54 170
54 55
54 180
54 58
54 159
54 63
54 65
54 194
54 195
54 161
54 72
54 74
54 76
54 84
54 85
54 90
54 165
54 97
54 131
54 110
54 111
54 112
54 114
55 64
55 65
55 140
55 109
55 156
55 134
55 129
55 170
55 176
55 111
55 112
55 168
55 58
55 159
55 62
55 85
56 97
56 147
56 114
56 63
57 192
57 71
57 80
57 84
57 86
57 187
57 102
57 123
57 127
58 64
58 195
58 68
58 69
58 81
58 142
58 88
58 196
58 173
58 179
58 185
58 60
59 133
59 70
59 162
59 146
59 83
59 178
59 89
59 91
59 100
59 101
59 167
59 173
59 176
59 182
59 184
60 64
60 107
60 162
60 84
60 98
60 99
60 113
60 73
61 97
61 136
61 137
61 114
61 190
62 128
62 131
62 196
62 97
62 194
62 79
62 195
62 69
62 168
62 161
62 135
62 179
62 126
62 63
63 196
63 135
63 136
63 87
63 130
63 79
63 145
63 88
63 118
63 175
63 179
63 126
63 137
63 85
64 131
64 133
64 129
64 147
64 155
64 156
64 157
64 182
64 185
64 189
64 65
64 194
64 196
64 69
64 70
64 199
64 140
64 74
64 88
64 186
64 96
64 166
64 111
64 112
64 117
65 131
65 196
65 138
65 143
65 81
65 195
65 142
65 165
65 96
65 173
65 111
65 112
65 157
65 179
65 117
65 120
65 189
66 195
66 135
66 73
66 78
66 84
66 149
66 150
66 87
66 154
66 79
66 95
66 98
66 163
66 169
66 171
66 110
66 113
66 118
66 122
66 123
67 195
67 133
67 135
67 139
67 98
67 78
67 79
67 141
67 163
67 87
67 151
67 109
67 175
67 113
67 182
67 122
67 124
67 126
68 194
68 195
68 196
68 69
68 160
68 97
68 179
68 185
69 139
69 142
69 196
69 160
69 147
69 135
69 174
69 155
69 182
69 194
69 195
69 78
69 79
69 85
69 86
69 91
69 94
69 97
69 108
69 115
69 116
69 125
69 126
70 107
70 162
70 81
70 78
70 89
70 154
70 184
70 98
70 163
70 164
70 103
70 106
70 113
70 120
71 195
71 197
71 192
71 77
71 187
71 93
72 195
72 76
72 182
72 173
72 87
72 79
72 161
72 101
72 135
72 108
72 109
72 188
73 171
73 198
73 195
73 149
73 86
73 154
73 150
73 95
73 100
73 169
73 135
73 173
73 182
73 123
74 129
74 112
74 180
74 191
74 165
74 134
75 131
76 123
76 133
76 109
76 151
76 122
76 79
76 92
76 158
77 98
77 109
77 118
77 151
77 154
77 187
77 93
78 132
78 133
78 150
78 154
78 163
78 173
78 174
78 176
78 179
78 182
78 183
78 192
78 196
78 80
78 81
78 86
78 98
78 99
78 100
78 108
78 113
78 120
78 124
78 125
79 83
79 196
79 130
79 87
79 141
79 86
79 158
79 97
79 195
79 167
79 188
79 176
79 114
79 124
80 187
80 197
80 154
80 123
80 95
81 194
81 143
81 147
81 85
81 186
81 96
81 97
81 98
81 172
81 113
81 114
81 119
81 120
81 121
82 163
82 197
82 195
82 86
82 179
82 187
82 93
82 126
83 135
83 131
83 139
83 85
83 87
83 103
83 175
83 176
83 113
83 178
83 125
83 126
84 171
84 132
84 150
84 198
84 195
84 86
84 151
84 154
84 95
84 197
84 99
84 164
84 169
84 106
84 173
84 110
84 108
84 187
84 123
85 128
85 131
85 196
85 129
85 119
85 143
85 176
85 195
85 167
85 111
85 112
85 114
85 179
85 120
85 126
86 195
86 196
86 141
86 148
86 153
86 179
86 93
86 98
86 163
86 171
86 110
86 113
87 139
87 130
87 141
87 146
87 149
87 150
87 179
87 155
87 92
87 160
87 97
87 195
87 167
87 124
88 199
88 147
88 155
88 97
88 101
88 182
89 138
89 162
89 142
89 98
89 103
89 106
89 107
89 113
89 178
89 117
89 184
89 189
90 161
90 130
90 134
91 179
91 195
91 103
91 116
91 182
91 133
92 123
92 135
92 175
92 182
92 122
92 188
92 95
93 192
93 102
93 141
93 153
93 127
94 115
94 131
94 196
94 179
95 198
95 135
95 149
95 150
95 102
95 169
95 171
95 110
95 182
95 126
95 127
96 113
96 104
96 172
96 121
97 128
97 130
97 143
97 144
97 131
97 152
97 196
97 175
97 176
97 136
97 179
97 137
97 185
97 195
97 109
97 119
97 120
97 122
97 126
98 196
98 108
98 124
98 154
98 133
98 176
98 100
98 105
98 167
98 173
98 113
98 179
98 182
98 183
98 184
99 162
99 107
99 164
99 106
99 110
99 154
100 198
100 162
100 171
100 150
100 196
100 164
100 103
100 169
100 106
100 107
100 108
100 174
100 113
100 178
100 179
100 188
101 195
101 199
101 155
101 158
101 163
101 103
101 188
102 163
102 197
102 127
102 195
102 154
102 123
103 146
103 164
103 176
103 162
103 167
103 106
103 107
103 186
104 172
104 121
104 157
105 182
105 139
105 113
105 118
105 122
105 154
106 107
106 162
106 110
106 184
107 162
107 178
107 164
107 146
107 184
108 132
108 113
108 174
108 110
108 125
108 158
109 140
109 156
109 158
109 188
109 147
109 118
109 122
109 124
110 195
110 132
110 118
110 163
110 154
110 162
110 164
110 173
110 174
110 122
110 123
110 125
110 149
111 129
111 168
111 161
111 193
112 129
112 131
112 161
112 177
112 193
112 180
112 134
112 191
113 196
113 146
113 149
113 154
113 133
113 176
113 167
113 124
113 179
113 182
113 183
113 184
114 128
114 118
114 126
114 137
114 130
114 145
114 189
114 136
114 117
114 119
114 122
114 190
115 179
116 195
116 196
116 179
117 133
117 139
117 147
117 179
117 182
118 140
118 149
118 151
118 156
118 158
119 143
119 186
119 120
121 172
121 186
121 183
121 157
122 140
122 124
122 149
122 151
123 192
123 195
123 197
123 198
123 149
123 169
123 171
123 182
123 187
123 127
124 133
124 135
124 141
124 175
125 132
125 146
125 174
125 176
125 196
125 154
125 179
126 160
126 194
126 141
126 148
126 179
126 158
126 195
126 171
126 175
127 197
127 154
127 187
128 165
128 168
128 161
128 130
128 194
128 147
128 134
129 177
129 168
129 191
129 193
129 180
129 165
130 131
130 168
130 170
130 179
131 134
131 161
131 156
131 165
131 177
131 193
131 166
132 174
133 154
133 158
133 188
133 171
133 178
133 182
134 161
134 165
134 168
134 159
134 191
135 160
135 196
135 198
135 139
135 194
135 149
135 150
135 179
135 155
135 158
135 195
135 169
135 171
135 176
136 194
136 137
136 144
136 152
137 194
137 144
137 147
137 190
138 194
138 195
138 142
139 160
139 196
139 175
139 146
139 179
139 155
139 199
139 176
140 151
141 195
141 148
141 181
141 153
141 175
142 194
142 179
142 184
143 172
144 183
145 147
145 152
145 190
146 167
146 161
146 175
146 176
147 196
147 195
147 152
147 161
147 168
147 179
147 183
148 163
148 175
148 179
149 195
149 198
149 150
149 151
149 171
150 171
150 198
150 195
150 154
150 161
150 169
150 173
151 156
151 158
151 166
151 188
153 163
154 195
154 197
154 163
154 198
154 171
154 173
154 182
154 169
155 195
155 196
155 175
155 179
157 163
157 186
158 195
158 182
158 173
158 175
158 188
159 177
159 170
160 179
160 196
160 185
160 195
161 165
161 167
161 168
161 171
161 177
161 188
162 164
162 178
162 184
162 186
163 176
163 181
164 184
165 193
165 177
165 191
167 178
167 176
169 171
169 182
170 193
171 195
171 198
173 195
173 198
173 178
173 188
174 196
174 176
174 179
175 199
175 195
175 176
176 194
176 195
177 193
178 182
178 184
178 186
179 182
179 185
179 189
179 199
181 195
182 196
182 198
182 195
182 188
182 189
183 194
183 190
184 189
185 194
185 196
187 192
187 197
188 195
192 195
194 195
194 196
195 196
196 199
