0 131
0 6
0 137
0 10
0 12
0 13
0 14
0 143
0 16
0 23
0 24
0 153
0 26
0 155
0 154
0 30
0 31
0 34
0 163
0 39
0 40
0 41
0 42
0 135
0 47
0 179
0 185
0 58
0 62
0 63
0 66
0 195
0 73
0 75
0 80
0 82
0 142
0 88
0 101
0 102
0 107
0 110
0 111
0 112
0 168
0 140
0 116
0 169
0 126
1 32
1 4
1 69
1 10
1 58
1 170
2 64
2 67
2 70
2 7
2 74
2 11
2 78
2 18
2 3
2 21
2 87
2 90
2 27
2 94
2 95
2 163
2 159
2 113
2 50
2 115
2 119
2 56
2 122
2 123
2 188
3 128
3 8
3 10
3 12
3 14
3 17
3 20
3 25
3 27
3 28
3 29
3 158
3 31
3 37
3 166
3 169
3 43
3 47
3 48
3 52
3 54
3 55
3 185
3 159
3 67
3 197
3 199
3 75
3 88
3 92
3 100
3 145
3 157
3 114
3 153
3 148
4 192
4 131
4 6
4 71
4 110
4 152
4 153
4 26
4 79
4 29
4 32
4 97
4 166
4 102
4 103
4 46
4 47
4 114
4 51
4 181
4 187
4 60
4 62
5 97
5 165
5 167
5 75
5 15
5 80
5 83
5 20
5 86
5 153
5 47
6 96
6 172
6 70
6 71
6 72
6 9
6 187
6 77
6 18
6 83
6 153
6 68
6 28
6 69
6 32
6 193
6 99
6 164
6 198
6 103
6 170
6 108
6 146
6 46
6 113
6 51
6 181
6 183
6 95
6 124
6 61
7 192
7 67
7 162
7 79
7 12
7 77
7 15
7 19
7 84
7 149
7 22
7 27
7 28
7 122
7 159
7 97
7 98
7 35
7 165
7 41
7 108
7 163
7 168
7 50
7 179
7 56
7 58
7 187
7 189
7 126
7 63
8 128
8 116
8 148
8 36
8 37
8 166
8 138
8 109
8 145
8 82
8 117
8 55
8 90
8 60
8 154
9 133
9 139
9 82
9 22
9 154
9 29
9 168
9 171
9 44
9 50
9 176
9 114
9 116
9 56
9 63
9 60
9 189
9 127
10 66
10 70
10 12
10 17
10 18
10 131
10 90
10 154
10 23
10 89
10 26
10 175
10 28
10 29
10 32
10 98
10 99
10 164
10 166
10 102
10 145
10 82
10 110
10 47
10 113
10 114
10 53
10 153
10 185
10 60
10 62
10 195
11 67
11 69
11 73
11 139
11 12
11 80
11 148
11 68
11 27
11 28
11 157
11 159
11 32
11 37
11 42
11 44
11 113
11 50
11 55
11 56
11 122
11 127
12 64
12 130
12 73
12 14
12 143
12 16
12 81
12 163
12 139
12 150
12 90
12 91
12 31
12 80
12 35
12 40
12 42
12 107
12 44
12 174
12 50
12 119
12 56
12 57
12 58
12 127
12 125
12 63
13 171
13 135
13 75
13 142
13 111
13 16
13 82
13 147
13 88
13 154
13 31
14 196
14 135
14 40
14 147
14 119
14 58
14 90
14 30
14 31
15 136
15 16
15 146
15 150
15 151
15 24
15 32
15 34
15 35
15 165
15 39
15 193
15 46
15 50
15 181
15 57
15 58
15 62
15 63
15 65
15 69
15 198
15 71
15 72
15 163
15 86
15 91
15 96
15 97
15 101
15 105
15 112
15 113
15 118
15 124
16 196
16 70
16 136
16 142
16 17
16 18
16 147
16 21
16 24
16 25
16 27
16 30
16 31
16 97
16 34
16 99
16 164
16 134
16 165
16 39
16 107
16 111
16 177
16 54
16 119
16 121
16 58
16 95
17 136
17 24
17 90
17 28
17 30
17 97
17 99
17 164
17 165
17 177
17 119
17 121
17 58
18 64
18 67
18 73
18 20
18 21
18 25
18 94
18 80
18 101
18 47
18 57
18 63
19 64
19 192
19 66
19 139
19 77
19 79
19 145
19 163
19 149
19 153
19 152
19 89
19 156
19 174
19 98
19 35
19 166
19 103
19 104
19 44
19 110
19 47
19 51
19 184
19 187
19 188
19 74
19 127
20 129
20 130
20 70
20 72
20 172
20 75
20 143
20 139
20 86
20 24
20 90
20 30
20 95
20 96
20 34
20 99
20 164
20 105
20 107
20 44
20 174
20 111
20 113
20 118
20 183
20 120
20 61
20 127
21 67
21 70
21 22
21 25
21 90
21 27
21 94
21 95
21 101
21 168
21 113
21 50
21 54
21 56
21 122
21 159
21 189
21 63
22 133
22 70
22 139
22 77
22 168
22 44
22 174
22 176
22 127
22 189
23 146
23 24
23 154
23 28
23 33
23 166
23 171
23 46
23 49
23 181
23 185
23 60
23 194
23 198
23 71
23 82
23 85
23 96
23 106
23 111
23 117
23 124
24 134
24 136
24 73
24 140
24 80
24 82
24 154
24 155
24 185
24 39
24 169
24 42
24 112
24 177
24 116
24 137
24 121
24 58
24 190
25 164
25 70
25 113
25 119
25 90
26 66
26 69
26 102
26 110
26 175
26 184
26 89
26 170
27 64
27 139
27 90
27 156
27 95
27 67
27 35
27 164
27 163
27 44
27 174
27 113
27 50
27 119
27 122
27 188
27 126
27 127
28 64
28 179
28 78
28 82
28 163
28 171
28 153
28 90
28 154
28 156
28 29
28 35
28 101
28 145
28 168
28 169
28 127
28 44
28 174
28 47
28 177
28 50
28 115
28 116
28 119
28 56
28 57
28 139
28 123
28 188
28 74
28 126
28 63
29 132
29 69
29 141
29 79
29 184
29 82
29 85
29 89
29 68
29 154
29 32
29 98
29 187
29 103
29 170
29 45
29 46
29 47
29 176
29 49
29 51
29 55
29 153
29 59
29 60
29 138
30 136
30 73
30 75
30 82
30 88
30 154
30 31
30 97
30 165
30 40
30 169
30 177
30 58
31 196
31 70
31 72
31 143
31 83
31 142
31 86
31 90
31 95
31 40
31 107
31 125
31 111
31 178
31 147
31 118
31 119
31 120
31 58
31 61
32 66
32 69
32 77
32 82
32 68
32 154
32 97
32 162
32 165
32 166
32 169
32 171
32 108
32 46
32 47
32 116
32 53
32 153
32 188
32 74
33 128
33 74
33 76
33 78
33 148
33 150
33 92
33 185
33 101
33 116
33 35
33 37
33 169
33 106
33 43
33 44
33 109
33 48
33 49
33 50
33 180
33 55
33 56
33 57
33 186
33 191
33 127
34 80
34 97
34 165
34 134
34 39
34 73
34 75
34 140
34 112
34 137
34 58
35 128
35 67
35 197
35 136
35 77
35 84
35 157
35 159
35 98
35 163
35 162
35 41
35 108
35 109
35 48
35 179
35 52
35 122
36 138
36 76
36 82
36 148
36 161
36 37
36 169
36 106
36 171
36 174
36 49
36 116
36 117
36 55
37 161
37 138
37 76
37 109
37 48
37 148
37 117
37 119
37 157
37 158
38 97
39 80
39 136
39 42
39 88
39 58
40 64
40 111
40 118
40 58
41 97
41 179
41 163
41 58
41 126
42 64
42 70
42 73
42 78
42 80
42 83
42 87
42 93
42 96
42 99
42 164
42 134
42 105
42 167
42 44
42 173
42 112
42 140
42 137
42 58
42 123
42 188
42 190
42 127
43 64
43 100
43 197
43 199
43 44
43 139
43 174
43 48
43 119
43 90
43 157
43 127
44 133
44 146
44 159
44 198
44 45
44 46
44 176
44 50
44 180
44 55
44 56
44 57
44 64
44 193
44 67
44 70
44 199
44 73
44 76
44 80
44 184
44 85
44 88
44 89
44 92
44 94
44 95
44 113
44 117
44 122
44 124
45 166
45 139
45 174
45 145
45 50
45 56
45 60
46 195
46 69
46 71
46 78
46 145
46 82
46 87
46 68
46 97
46 165
46 166
46 169
46 170
46 171
46 114
46 116
46 53
46 185
46 123
46 188
46 62
46 181
47 96
47 129
47 72
47 145
47 83
47 86
47 153
47 93
47 69
47 167
47 170
47 173
47 113
47 119
47 95
48 197
48 199
48 119
48 81
48 82
48 148
48 171
48 90
48 91
48 154
48 100
48 157
48 50
48 116
48 182
48 56
48 127
49 128
49 199
49 76
49 145
49 82
49 148
49 100
49 169
49 106
49 171
49 157
49 52
49 55
49 185
50 132
50 133
50 136
50 141
50 157
50 159
50 165
50 156
50 174
50 176
50 184
50 58
50 188
50 64
50 194
50 67
50 197
50 74
50 78
50 139
50 87
50 89
50 94
50 97
50 98
50 115
50 122
50 123
50 127
51 77
51 81
51 150
51 91
51 98
51 182
52 128
52 74
52 119
52 100
52 154
52 92
52 157
52 158
52 109
52 180
52 55
52 185
52 188
52 138
52 169
52 127
53 192
53 193
53 69
53 136
53 77
53 149
53 152
53 89
53 79
53 97
53 162
53 165
53 108
53 184
53 58
53 187
53 62
55 64
55 128
55 197
55 161
55 138
55 76
55 145
55 160
55 106
55 109
55 119
55 127
56 64
56 139
56 133
56 136
56 77
56 78
56 141
56 84
56 157
56 197
56 162
56 163
56 165
56 97
56 156
56 174
56 108
56 58
56 59
56 188
56 127
57 97
57 136
57 108
57 74
57 139
57 77
57 78
57 84
57 150
57 152
57 91
57 157
57 95
57 162
57 187
57 101
57 103
57 156
57 127
57 174
57 113
57 115
57 182
57 123
57 188
57 63
58 147
58 163
58 165
58 135
58 177
58 62
58 63
58 196
58 73
58 75
58 80
58 142
58 143
58 97
58 101
58 168
58 118
58 125
58 127
59 194
59 132
59 145
59 82
59 116
59 85
59 154
60 193
60 133
60 198
60 71
60 77
60 145
60 82
60 154
60 68
60 90
60 166
60 169
60 106
60 171
60 176
60 114
60 116
60 181
60 170
60 185
60 124
60 138
61 130
61 171
61 172
61 183
61 120
61 116
62 192
62 69
62 198
62 71
62 136
62 79
62 97
62 165
62 103
62 104
62 193
62 181
62 187
62 124
63 133
63 136
63 81
63 91
63 150
63 95
63 97
63 163
63 101
63 165
63 168
63 113
63 182
63 189
64 128
64 139
64 144
64 148
64 150
64 159
64 162
64 164
64 180
64 182
64 186
64 191
64 67
64 69
64 199
64 73
64 77
64 79
64 81
64 84
64 89
64 94
64 95
64 98
64 99
64 100
64 108
64 113
64 147
65 136
65 151
65 165
66 98
66 68
66 69
66 170
66 175
66 184
66 89
67 70
67 74
67 78
67 81
67 163
67 139
67 150
67 87
67 90
67 156
67 95
67 174
67 113
67 115
67 182
67 119
67 123
67 188
67 127
68 193
68 69
68 71
68 78
68 145
68 146
68 97
68 198
68 166
68 170
68 114
68 181
68 169
68 87
68 123
68 124
69 195
69 71
69 136
69 78
69 145
69 84
69 175
69 156
69 97
69 162
69 165
69 166
69 170
69 114
69 188
69 181
70 73
70 75
70 80
70 99
70 88
70 91
70 164
70 101
70 81
70 168
70 139
70 177
70 182
70 121
70 122
70 159
70 189
70 127
71 193
71 139
71 74
71 188
71 87
71 154
71 156
71 97
71 166
71 170
71 114
71 169
71 185
72 96
72 97
72 171
72 169
72 136
72 105
72 75
72 80
72 82
72 88
72 116
72 154
72 153
73 130
73 172
73 80
73 83
73 86
73 93
73 99
73 164
73 107
73 113
73 115
73 183
73 120
73 127
74 198
74 139
74 78
74 80
74 146
74 87
74 157
74 98
74 188
74 156
74 115
74 123
74 124
74 127
75 129
75 130
75 183
75 86
75 90
75 93
75 96
75 99
75 164
75 105
75 172
75 173
75 174
75 111
75 118
75 119
75 120
75 127
76 128
76 161
76 138
76 144
76 148
76 100
76 92
76 157
76 160
76 106
76 199
76 109
76 180
76 117
76 186
76 191
76 127
77 115
77 162
77 78
77 79
77 184
77 84
77 149
77 152
77 89
77 98
77 131
77 101
77 102
77 103
77 108
77 110
77 175
77 163
77 123
77 189
77 166
78 156
78 123
78 188
79 98
79 162
79 81
79 84
79 182
79 170
79 184
79 89
79 91
80 129
80 139
80 86
80 155
80 156
80 95
80 99
80 134
80 174
80 112
80 113
80 188
80 190
80 127
81 192
81 197
81 97
81 136
81 149
81 150
81 152
81 157
81 95
81 99
81 165
81 103
81 104
81 187
81 182
81 122
81 123
82 128
82 132
82 193
82 145
82 146
82 158
82 160
82 161
82 169
82 185
82 138
82 194
82 197
82 198
82 90
82 96
82 105
82 111
82 117
82 119
82 124
83 129
83 167
83 86
83 153
83 93
84 131
84 163
84 102
84 103
84 115
84 187
84 123
85 194
85 132
85 169
85 139
85 174
85 145
85 116
85 185
85 154
85 127
86 129
86 165
86 167
86 136
86 173
86 88
86 153
86 93
87 193
87 159
87 162
87 108
87 115
87 181
87 122
87 123
87 124
87 127
88 137
88 140
88 143
88 167
88 155
88 96
88 164
88 105
88 107
88 173
88 111
88 112
88 118
88 119
88 127
89 139
89 145
89 156
89 98
89 104
89 175
89 184
89 188
89 127
90 128
90 197
90 121
90 154
90 158
90 171
90 177
90 153
90 116
90 119
91 192
91 197
91 136
91 152
91 95
91 99
91 164
91 165
91 104
91 187
91 188
92 100
92 199
92 139
92 109
92 157
92 127
93 129
93 167
93 173
93 153
94 159
94 163
94 164
94 113
94 115
94 182
94 119
94 122
94 123
95 150
95 139
95 101
95 168
95 174
95 182
95 122
95 127
96 171
96 165
96 105
96 136
96 116
96 185
96 169
97 129
97 134
97 151
97 140
97 150
97 155
97 163
97 165
97 168
97 170
97 177
97 182
97 193
97 198
97 143
97 101
97 107
97 190
97 121
97 124
97 126
98 192
98 131
98 145
98 149
98 153
98 152
98 156
98 163
98 102
98 104
98 184
98 188
98 127
99 101
99 164
99 177
99 182
99 159
100 128
100 197
100 199
100 139
100 106
100 174
100 186
100 127
101 163
101 164
101 165
101 113
102 131
102 162
102 110
102 175
102 170
103 192
103 149
103 152
103 162
103 104
103 170
103 108
103 182
104 163
104 182
104 150
105 171
105 165
105 116
105 154
106 128
106 166
106 161
106 169
106 109
106 114
106 199
106 117
106 160
106 157
106 185
107 196
107 136
107 142
107 147
107 165
107 171
107 177
107 116
107 118
107 121
108 163
108 187
108 110
108 115
108 123
109 128
109 199
109 138
109 139
109 148
109 157
109 158
109 117
109 180
110 131
110 175
110 170
111 171
111 196
111 121
111 135
111 169
111 177
111 147
111 185
111 154
111 125
112 134
112 155
113 136
113 153
113 139
113 174
113 122
113 127
114 145
114 170
114 154
114 158
114 171
114 116
114 119
114 138
115 139
115 159
115 162
115 156
115 123
115 188
115 127
116 132
116 138
116 145
116 146
116 154
116 157
116 158
116 169
116 171
116 172
116 183
116 160
116 194
116 198
116 161
116 117
116 118
116 119
116 120
116 124
117 128
117 138
117 148
117 154
117 158
117 160
117 161
117 169
117 171
117 127
118 135
118 136
118 171
119 128
119 185
119 121
119 171
119 197
119 154
119 148
119 166
119 145
119 169
119 178
119 153
119 122
119 159
119 125
120 130
120 171
120 172
120 153
121 164
121 177
121 136
122 139
122 150
122 164
122 163
122 174
122 182
122 159
122 127
123 193
123 198
123 146
123 188
123 150
123 159
123 162
123 182
123 124
123 127
124 198
124 181
124 136
124 156
124 165
124 169
124 193
124 146
124 185
125 178
126 163
126 179
127 128
127 144
127 146
127 157
127 176
127 159
127 180
127 168
127 156
127 174
127 188
127 189
127 191
127 193
127 194
127 197
127 161
127 186
127 199
128 199
128 138
128 154
128 158
128 171
128 180
128 186
129 167
129 136
129 173
129 153
130 183
130 172
131 170
131 162
132 141
132 145
132 171
132 194
132 154
133 139
133 176
133 189
134 165
134 136
134 140
134 137
134 155
134 190
136 193
136 143
136 146
136 150
136 163
136 165
136 168
136 177
136 198
137 140
138 145
138 154
138 160
138 161
138 166
138 171
139 156
139 159
139 160
139 161
139 168
139 176
139 181
139 188
139 189
139 194
139 184
139 199
140 190
141 145
141 171
142 143
143 196
143 165
143 171
143 147
144 191
144 157
145 154
145 194
145 170
145 171
145 176
145 184
146 198
146 193
146 188
146 154
146 156
146 165
146 171
146 169
146 185
148 157
148 158
149 163
149 170
149 182
149 152
149 187
150 152
150 157
150 165
150 182
151 165
152 187
152 163
152 182
152 170
153 183
153 167
153 170
153 172
153 173
154 166
154 169
154 171
154 185
154 194
154 198
155 165
155 190
156 193
156 198
156 184
156 188
156 181
157 182
157 199
157 171
157 185
157 197
157 169
157 180
157 191
158 166
158 171
159 164
159 163
159 174
160 161
160 171
160 174
161 171
162 187
162 163
163 192
163 179
163 165
164 177
165 198
165 193
165 181
165 190
166 181
166 185
167 173
168 174
168 176
169 194
169 185
169 193
169 171
169 181
170 192
170 195
170 175
170 181
171 172
171 185
171 194
171 197
171 198
172 183
174 194
174 199
174 176
174 189
175 184
176 189
180 186
181 188
181 185
182 192
182 197
184 188
185 193
185 194
186 199
186 191
187 192
188 198
193 198
197 199
