0 1
0 131
0 4
0 5
0 135
0 136
0 172
0 143
0 152
0 18
0 19
0 20
0 21
0 23
0 24
0 155
0 28
0 29
0 31
0 34
0 36
0 37
0 38
0 39
0 44
0 46
0 49
0 180
0 53
0 186
0 59
0 63
0 65
0 67
0 72
0 177
0 76
0 80
0 83
0 87
0 94
0 98
0 195
0 167
0 114
0 117
0 119
0 124
0 127
1 3
1 4
1 5
1 6
1 8
1 138
1 13
1 18
1 131
1 20
1 21
1 22
1 27
1 29
1 31
1 33
1 34
1 166
1 167
1 48
1 65
1 69
1 199
1 76
1 80
1 82
1 83
1 97
1 102
1 106
1 122
1 127
1 125
1 149
2 196
2 5
2 6
2 7
2 72
2 11
2 17
2 83
2 85
2 199
2 155
2 92
2 94
2 31
2 33
2 81
2 145
2 170
2 71
2 44
2 111
2 136
2 53
2 54
2 189
2 127
3 194
3 131
3 13
3 14
3 15
3 18
3 67
3 86
3 25
3 143
3 95
3 43
3 45
3 110
3 49
3 52
3 117
3 59
3 124
3 63
4 36
4 5
4 167
4 127
4 143
4 15
4 83
4 20
4 117
4 180
4 63
4 124
4 31
5 65
5 138
5 80
5 144
5 125
5 127
6 132
6 134
6 8
6 11
6 140
6 130
6 16
6 145
6 21
6 23
6 25
6 26
6 27
6 167
6 32
6 34
6 36
6 37
6 39
6 40
6 171
6 175
6 177
6 51
6 54
6 137
6 186
6 187
6 60
6 189
6 191
6 64
6 193
6 68
6 70
6 199
6 183
6 76
6 77
6 78
6 81
6 85
6 86
6 90
6 92
6 198
6 196
6 107
6 108
6 111
6 113
6 119
7 128
7 134
7 72
7 75
7 98
7 14
7 29
7 88
7 160
7 34
7 101
7 170
7 44
7 173
7 181
7 122
7 59
7 126
8 69
8 199
8 9
8 11
8 15
8 145
8 83
8 27
8 95
8 96
8 33
8 124
8 110
8 180
8 117
8 84
8 60
8 125
9 129
9 140
9 15
9 17
9 20
9 23
9 24
9 25
9 26
9 30
9 33
9 37
9 168
9 171
9 176
9 177
9 180
9 60
9 63
9 69
9 71
9 78
9 80
9 83
9 84
9 86
9 143
9 199
9 110
9 112
9 114
9 117
9 124
9 126
10 96
10 65
10 197
10 97
10 47
10 115
10 152
10 31
10 125
10 62
10 127
11 133
11 140
11 14
11 143
11 145
11 18
11 147
11 20
11 21
11 151
11 152
11 31
11 34
11 134
11 166
11 199
11 172
11 178
11 180
11 57
11 59
11 190
11 191
11 65
11 67
11 71
11 74
11 76
11 80
11 83
11 142
11 88
11 19
11 117
11 124
12 99
12 68
12 169
12 42
12 51
12 54
12 123
13 129
13 136
13 128
13 139
13 15
13 16
13 19
13 20
13 21
13 150
13 152
13 25
13 28
13 29
13 31
13 37
13 156
13 176
13 189
13 50
13 52
13 181
13 182
13 55
13 184
13 186
13 159
13 61
13 63
13 192
13 194
13 196
13 69
13 72
13 76
13 77
13 80
13 83
13 95
13 131
13 173
13 112
13 117
13 119
13 122
13 124
13 143
14 145
14 23
14 28
14 160
14 161
14 39
14 40
14 170
14 135
14 44
14 173
14 49
14 178
14 53
14 186
14 59
14 181
14 177
14 92
14 94
14 98
14 104
14 108
14 114
14 116
14 119
14 120
14 126
15 130
15 134
15 140
15 131
15 26
15 27
15 157
15 34
15 36
15 167
15 43
15 48
15 49
15 52
15 63
15 194
15 69
15 71
15 80
15 84
15 89
15 199
15 95
16 131
16 69
16 199
16 140
16 151
16 76
16 77
16 80
16 21
16 150
16 23
16 29
16 30
16 159
16 166
16 109
16 176
16 177
16 119
16 191
17 136
17 143
17 20
17 155
17 28
17 197
17 162
17 170
17 44
17 49
17 180
17 53
17 189
17 62
17 196
17 69
17 198
17 71
17 72
17 81
17 83
17 87
17 88
17 94
17 95
17 96
17 97
17 116
17 117
17 124
17 125
18 132
18 128
18 143
18 145
18 21
18 151
18 25
18 29
18 30
18 32
18 191
18 37
18 38
18 40
18 41
18 42
18 43
18 45
18 51
18 54
18 183
18 187
18 60
18 63
18 64
18 194
18 195
18 76
18 84
18 85
18 86
18 88
18 90
18 165
18 99
18 166
18 188
18 171
18 109
18 111
18 113
18 169
18 153
18 122
18 123
19 160
19 76
19 173
19 80
19 145
19 131
19 29
19 30
19 159
19 32
19 151
19 134
19 166
19 177
19 188
19 171
19 109
19 176
19 136
19 181
19 187
19 124
20 131
20 69
20 145
20 80
20 83
20 85
20 25
20 167
20 33
20 35
20 36
20 40
20 41
20 196
20 111
20 180
20 189
21 130
21 131
21 136
21 137
21 140
21 151
21 24
21 27
21 30
21 160
21 134
21 38
21 167
21 49
21 188
21 69
21 199
21 72
21 76
21 78
21 101
21 114
22 65
22 44
22 79
23 131
23 132
23 133
23 153
23 37
23 38
23 49
23 168
23 171
23 172
23 174
23 177
23 178
23 53
23 183
23 57
23 59
23 134
23 195
23 78
23 80
23 142
23 88
23 90
23 94
23 98
23 187
23 113
23 190
24 142
24 72
24 76
24 173
24 151
24 32
24 98
24 37
24 39
24 171
24 172
24 109
24 46
24 136
24 181
24 122
24 187
24 126
24 191
25 130
25 139
25 140
25 131
25 149
25 151
25 27
25 197
25 33
25 36
25 166
25 167
25 199
25 44
25 50
25 137
25 56
25 62
25 65
25 69
25 71
25 55
25 141
25 83
25 86
25 96
25 109
25 118
25 121
25 125
26 164
26 197
26 97
26 140
26 175
26 143
26 144
26 117
26 185
26 47
26 124
26 138
27 69
27 193
27 140
27 76
27 80
27 84
27 86
27 151
27 95
27 32
27 36
27 37
27 166
27 167
27 104
27 171
27 44
27 109
27 110
27 153
27 60
27 191
28 129
28 67
28 71
28 74
28 94
28 80
28 131
28 88
28 156
28 37
28 38
28 39
28 135
28 172
28 195
28 176
28 178
28 53
28 119
28 186
28 59
28 188
28 191
29 131
29 134
29 72
29 128
29 75
29 150
29 156
29 30
29 101
29 32
29 80
29 98
29 187
29 36
29 37
29 38
29 170
29 46
29 176
29 136
29 119
29 160
29 122
29 159
29 188
29 195
30 128
30 69
30 134
30 72
30 75
30 76
30 87
30 98
30 155
30 94
30 80
30 34
30 101
30 173
30 46
30 136
30 114
30 122
30 188
31 131
31 167
31 145
31 152
31 36
31 127
32 130
32 69
32 199
32 140
32 88
32 153
32 37
32 171
32 122
32 187
32 126
33 69
33 65
33 138
33 130
33 79
33 84
33 149
33 197
33 96
33 97
33 36
33 167
33 180
33 118
33 137
33 60
33 125
33 62
34 131
34 129
34 72
34 140
34 76
34 80
34 145
34 193
34 150
34 151
34 90
34 156
34 95
34 160
34 36
34 166
34 170
34 110
34 176
34 136
34 159
34 188
35 133
35 198
35 71
35 74
35 144
35 135
35 96
35 162
35 107
35 174
35 116
35 190
35 125
35 62
36 69
36 97
36 76
36 80
36 83
36 86
36 96
36 167
36 144
36 197
36 143
36 180
36 117
36 122
36 95
36 125
36 191
37 128
37 130
37 131
37 69
37 87
37 90
37 94
37 155
37 39
37 171
37 114
37 186
37 53
37 118
37 119
37 137
37 122
37 187
38 128
38 195
38 76
38 80
38 155
38 94
38 159
38 39
38 188
38 176
38 118
38 191
38 151
38 53
39 128
39 131
39 133
39 136
39 147
39 153
39 168
39 171
39 174
39 178
39 53
39 186
39 59
39 134
39 67
39 199
39 72
39 77
39 78
39 80
39 142
39 101
39 195
39 112
39 114
39 119
39 122
40 133
40 199
40 172
40 178
40 111
40 49
40 147
40 142
40 88
40 180
40 92
40 174
41 64
41 68
41 199
41 83
41 140
41 49
41 85
41 180
42 99
42 54
42 123
43 194
43 45
43 80
43 52
43 117
43 86
43 95
43 124
44 65
44 196
44 72
44 137
44 138
44 160
44 130
44 83
44 84
44 142
44 88
44 95
44 96
44 81
44 104
44 106
44 172
44 146
44 110
44 189
44 136
44 178
44 147
44 118
44 170
44 120
44 59
44 60
44 125
45 194
45 110
45 80
45 131
45 52
45 117
45 95
45 124
45 63
46 128
46 74
46 75
46 88
46 98
46 101
46 114
46 188
46 126
47 106
47 146
47 79
47 115
47 138
47 185
48 102
48 141
48 110
48 49
48 50
48 55
48 91
48 157
48 95
49 135
49 136
49 139
49 141
49 147
49 155
49 159
49 162
49 50
49 53
49 54
49 55
49 186
49 59
49 189
49 63
49 67
49 198
49 71
49 72
49 76
49 81
49 85
49 87
49 88
49 92
49 95
49 187
49 102
49 107
49 110
49 111
49 114
49 116
49 117
49 119
49 191
49 124
50 80
50 131
50 139
50 141
50 84
50 55
50 93
51 64
51 99
51 68
51 85
51 199
51 140
51 165
52 194
52 80
52 131
52 117
52 124
53 129
53 67
53 133
53 71
53 177
53 74
53 147
53 142
53 150
53 88
53 94
53 159
53 156
53 135
53 172
53 174
53 178
53 119
53 57
53 186
53 59
54 99
54 68
54 165
54 169
54 85
54 123
55 80
55 131
55 139
55 141
55 86
55 60
56 192
56 61
56 80
56 179
56 84
56 86
56 184
56 121
56 60
56 93
56 158
57 133
57 147
57 88
57 177
57 186
57 190
58 154
58 95
59 72
59 172
59 145
59 75
59 85
59 92
59 186
59 94
59 160
59 170
59 135
59 142
59 178
59 119
59 136
59 181
60 130
60 131
60 69
60 199
60 139
60 140
60 141
60 143
60 80
60 83
60 84
60 149
60 137
60 93
60 158
60 95
60 148
60 179
60 118
60 121
60 124
60 61
60 63
61 192
61 131
61 184
61 148
61 158
62 65
62 197
62 81
62 71
62 144
62 149
62 167
62 162
62 198
62 97
62 104
62 161
62 107
62 120
63 194
63 134
63 76
63 80
63 145
63 151
63 167
63 110
63 131
64 85
64 199
64 140
64 108
65 196
65 144
65 82
65 149
65 86
65 96
65 97
65 164
65 145
65 104
65 146
65 175
65 115
65 138
65 120
65 125
66 131
66 100
66 102
66 73
66 182
66 89
66 154
66 91
66 157
67 196
67 142
67 81
67 87
67 94
67 145
67 104
67 172
67 114
67 120
67 189
68 99
68 108
68 140
68 199
69 130
69 131
69 132
69 129
69 140
69 188
69 150
69 151
69 156
69 162
69 167
69 171
69 176
69 180
69 187
69 189
69 191
69 195
69 196
69 71
69 76
69 77
69 80
69 81
69 83
69 84
69 86
69 199
69 95
69 166
69 161
69 109
69 110
69 113
69 116
69 153
69 149
70 113
70 132
70 183
70 76
71 160
71 196
71 198
71 161
71 72
71 130
71 144
71 86
71 87
71 155
71 94
71 197
71 96
71 162
71 81
71 104
71 145
71 107
71 116
71 118
71 137
71 136
71 189
72 98
72 134
72 75
72 76
72 173
72 88
72 160
72 101
72 166
72 188
72 109
72 114
72 181
72 151
72 191
73 163
73 100
73 103
73 110
73 182
73 89
73 91
74 198
74 145
74 155
74 94
74 161
74 162
74 107
74 116
74 119
74 120
74 186
75 131
75 133
75 134
75 76
75 80
75 174
75 88
75 156
75 160
75 170
75 172
75 176
75 177
75 114
75 181
75 122
75 188
75 126
76 130
76 131
76 136
76 137
76 140
76 150
76 151
76 156
76 159
76 155
76 134
76 167
76 168
76 173
76 176
76 181
76 188
76 195
76 199
76 78
76 87
76 94
76 101
76 112
76 114
76 117
76 118
76 191
76 124
77 128
77 80
77 166
77 131
77 129
77 176
77 140
77 150
77 119
77 186
77 199
77 159
78 112
78 168
78 119
78 80
78 177
78 140
78 186
78 199
79 138
79 146
79 145
79 82
79 149
79 185
79 106
80 130
80 131
80 134
80 129
80 128
80 145
80 150
80 137
80 159
80 168
80 156
80 176
80 177
80 186
80 192
80 194
80 195
80 184
80 83
80 84
80 86
80 143
80 101
80 188
80 112
80 114
80 117
80 118
80 119
81 140
81 144
81 199
81 197
81 96
81 97
81 131
81 135
81 125
82 146
82 185
83 131
83 145
83 85
83 86
83 92
83 104
83 196
83 167
83 108
83 180
83 189
84 130
84 199
84 139
84 140
84 141
84 148
84 149
84 158
84 110
84 179
84 118
84 121
85 199
85 140
85 108
85 180
86 130
86 139
86 184
86 148
86 167
86 197
86 96
86 97
86 144
86 125
86 179
86 121
86 191
86 149
87 129
87 135
87 150
87 151
87 156
87 94
87 159
87 109
87 176
87 188
88 160
88 133
88 177
88 147
88 92
88 101
88 145
88 170
88 173
88 136
88 187
88 181
89 163
89 100
89 95
90 193
90 140
90 130
90 177
90 122
90 134
91 131
91 100
91 182
91 102
91 154
91 157
92 172
92 140
92 111
92 178
92 142
93 139
93 141
93 179
93 121
93 158
94 129
94 142
94 195
94 150
94 155
94 159
94 156
94 135
94 172
94 109
94 176
94 177
94 178
94 151
94 166
95 130
95 134
95 137
95 131
95 143
95 194
95 154
95 157
95 163
95 102
95 167
95 124
95 110
95 117
95 118
96 107
96 197
96 198
96 149
96 97
96 162
96 104
96 161
96 115
96 116
96 120
96 185
97 197
97 144
97 149
97 164
97 167
97 175
97 115
97 125
98 128
98 136
98 142
98 150
98 156
98 159
98 160
98 101
98 177
98 129
98 170
98 178
98 176
98 114
98 122
98 188
99 165
99 123
100 163
100 182
100 103
100 154
100 157
100 110
101 128
101 129
101 133
101 147
101 151
101 156
101 160
101 166
101 170
101 176
101 114
101 119
101 122
101 188
101 191
102 110
102 182
102 157
103 154
103 163
104 133
104 172
104 140
104 144
104 142
104 135
104 174
104 178
104 147
104 125
106 164
106 138
106 175
106 149
106 185
107 133
107 140
107 144
107 199
107 197
107 198
107 161
107 135
107 180
107 116
107 125
108 142
108 172
109 130
109 131
109 129
109 166
109 124
109 136
109 151
109 143
109 126
110 130
110 134
110 194
110 143
110 137
110 154
110 163
110 167
111 199
111 140
111 174
111 180
112 131
112 191
113 177
113 132
113 183
113 140
113 199
114 128
114 142
114 135
114 151
114 136
114 172
114 173
114 178
114 181
114 122
114 188
114 126
114 191
115 197
115 185
115 125
116 198
116 144
116 147
116 142
116 135
116 133
116 161
116 162
116 172
116 178
117 194
117 164
117 167
117 145
117 124
118 130
118 195
118 137
118 149
118 151
118 171
118 153
118 187
119 128
119 131
119 133
119 199
119 140
119 147
119 160
119 170
119 135
119 172
119 142
119 174
119 178
119 122
119 190
119 134
120 135
120 144
121 148
121 158
122 128
122 195
122 134
122 193
122 156
122 170
122 167
122 181
122 160
122 186
122 188
122 126
123 165
123 169
124 194
124 134
124 151
124 131
124 166
125 196
125 198
125 149
125 197
125 185
126 129
126 171
126 151
126 153
126 166
126 178
126 170
126 135
126 172
126 176
126 181
126 160
126 187
126 188
127 167
127 145
127 185
128 129
128 131
128 160
128 195
128 150
128 186
128 153
128 156
128 187
128 167
128 176
128 136
128 159
128 188
129 173
129 150
129 159
129 134
129 151
129 181
130 193
130 137
130 153
130 166
130 199
130 187
130 191
131 134
131 136
131 152
131 166
131 168
131 177
131 181
131 182
131 184
131 180
131 186
131 192
131 196
131 194
131 141
131 189
131 191
132 183
133 198
133 177
133 145
133 161
133 162
133 186
133 190
134 145
134 150
134 143
134 160
134 170
134 176
134 177
134 186
134 181
134 159
135 198
135 142
135 155
135 172
135 178
135 186
136 191
138 164
138 175
138 149
138 185
139 141
139 179
139 158
140 196
140 145
140 153
140 156
140 167
140 171
140 175
140 176
140 183
140 187
140 189
140 193
140 186
141 179
142 178
142 162
142 155
142 161
142 170
142 173
142 172
142 186
142 181
143 145
143 151
143 164
143 166
143 167
143 175
144 198
144 164
144 197
144 162
144 167
144 189
145 147
145 152
145 151
145 199
145 172
145 191
145 180
146 185
147 161
147 162
147 174
147 186
148 179
148 158
149 197
149 180
150 195
150 199
150 151
150 155
150 156
150 166
150 176
151 195
151 159
151 155
153 171
153 177
153 187
154 163
154 182
155 159
155 172
155 178
155 166
156 199
156 173
156 181
157 163
158 192
158 184
158 179
159 199
159 166
160 172
160 186
160 170
160 191
160 178
161 162
161 172
161 178
162 198
162 172
162 178
164 197
164 199
164 175
165 169
167 197
167 199
167 191
170 186
170 172
170 173
170 178
170 181
171 187
171 177
172 178
172 173
172 181
173 176
173 188
174 198
174 177
174 186
174 190
175 197
176 195
176 181
177 190
177 183
177 195
178 186
184 192
186 190
187 199
188 195
189 196
189 199
191 195
193 199
196 199
198 199
