0 128
0 192
0 131
0 196
0 133
0 7
0 136
0 9
0 10
0 11
0 12
0 141
0 143
0 16
0 19
0 21
0 23
0 25
0 26
0 27
0 154
0 197
0 160
0 161
0 34
0 163
0 162
0 168
0 171
0 45
0 157
0 176
0 50
0 52
0 181
0 54
0 183
0 57
0 58
0 188
0 64
0 193
0 68
0 182
0 74
0 77
0 80
0 84
0 86
0 185
0 88
0 164
0 91
0 92
0 186
0 95
0 96
0 98
0 100
0 102
0 109
0 110
0 119
0 121
0 124
1 19
1 69
1 87
1 57
1 110
2 130
2 131
2 5
2 9
2 10
2 139
2 144
2 27
2 157
2 30
2 34
2 164
2 51
2 54
2 61
2 65
2 66
2 197
2 71
2 72
2 73
2 75
2 77
2 79
2 84
2 88
2 97
2 108
2 112
2 113
2 116
2 118
2 127
3 194
3 69
3 38
3 105
3 25
4 172
4 115
4 132
4 197
4 199
4 72
4 73
4 75
4 77
4 14
4 144
4 146
4 131
4 139
4 174
4 23
4 196
4 26
4 92
4 96
4 99
4 166
4 103
4 168
4 41
4 108
4 46
4 175
4 51
4 180
4 184
4 186
4 190
5 131
5 10
5 139
5 140
5 141
5 143
5 20
5 149
5 23
5 152
5 153
5 26
5 27
5 28
5 29
5 30
5 31
5 34
5 155
5 168
5 197
5 52
5 158
5 54
5 186
5 61
5 62
5 181
5 196
5 69
5 72
5 77
5 88
5 89
5 90
5 92
5 106
5 109
5 112
5 118
5 126
6 176
6 198
6 150
6 7
6 107
7 176
7 148
7 21
7 134
7 69
8 76
9 139
9 77
9 152
9 163
9 24
9 89
9 91
9 92
9 95
9 160
9 97
9 34
9 99
9 103
9 112
9 42
9 171
9 109
9 46
9 27
9 123
9 155
9 119
9 185
9 31
10 131
10 139
10 14
10 143
10 146
10 147
10 26
10 157
10 158
10 159
10 164
10 166
10 167
10 170
10 174
10 175
10 51
10 180
10 186
10 31
10 193
10 69
10 73
10 75
10 77
10 88
10 90
10 94
10 59
10 108
10 115
10 116
10 122
10 125
11 131
11 69
11 136
11 140
11 141
11 177
11 51
11 183
11 123
11 28
11 62
12 17
12 69
12 70
12 145
12 25
12 74
12 123
12 154
13 101
13 167
13 40
13 77
13 78
13 112
13 104
13 82
13 20
13 149
13 114
13 59
13 122
13 31
14 160
14 78
14 15
14 144
14 146
14 23
14 24
14 132
14 155
14 186
14 96
14 34
14 99
14 100
14 166
14 102
14 168
14 170
14 109
14 175
14 115
14 58
14 125
15 65
15 139
15 199
15 73
15 138
15 75
15 130
15 79
15 85
15 152
15 157
15 94
15 191
15 99
15 103
15 41
15 167
15 146
15 46
15 174
15 112
15 51
15 180
15 184
15 122
15 187
15 60
15 61
15 190
15 149
16 33
16 36
16 133
16 169
16 44
16 49
16 50
16 123
16 192
16 63
17 194
17 35
17 69
17 38
17 74
17 145
17 56
17 154
17 123
17 188
18 33
18 67
18 44
19 195
19 69
19 129
19 110
19 179
19 117
19 87
19 120
19 123
20 66
20 131
20 78
20 88
20 26
20 155
20 92
20 30
20 197
20 34
20 164
20 101
20 168
20 109
20 114
20 51
20 54
21 176
21 68
21 148
22 198
23 96
23 196
23 168
23 170
23 172
23 144
23 146
23 51
23 147
23 186
23 164
23 125
23 159
24 132
24 144
24 146
24 149
24 27
24 162
24 163
24 166
24 167
24 40
24 42
24 171
24 175
24 52
24 181
24 182
24 137
24 185
24 59
24 60
24 191
24 69
24 72
24 75
24 34
24 82
24 91
24 94
24 96
24 97
24 103
24 109
24 112
24 115
24 122
24 123
24 125
25 35
25 70
25 105
25 145
25 56
25 188
26 131
26 144
26 152
26 132
26 157
26 158
26 31
26 34
26 164
26 168
26 51
26 54
26 61
26 62
26 64
26 193
26 196
26 197
26 77
26 78
26 88
26 89
26 90
26 92
26 96
26 112
26 125
26 126
27 131
27 138
27 139
27 59
27 174
27 152
27 31
27 34
27 40
27 171
27 46
27 182
27 187
27 190
27 64
27 193
27 69
27 199
27 73
27 85
27 90
27 92
27 94
27 95
27 99
27 103
27 112
27 113
27 122
27 123
27 149
28 106
28 62
29 131
29 190
29 79
29 153
29 197
29 103
29 46
29 112
29 178
29 181
29 54
29 189
29 126
29 191
30 131
30 71
30 40
30 41
30 139
30 66
30 77
30 72
30 152
30 191
30 90
30 184
30 60
30 127
31 131
31 143
31 149
31 152
31 153
31 158
31 34
31 155
31 168
31 46
31 51
31 52
31 181
31 58
31 61
31 65
31 66
31 130
31 80
31 163
31 84
31 89
31 91
31 186
31 99
31 102
31 104
31 108
31 109
31 112
31 113
31 114
31 116
31 118
31 123
31 126
31 127
32 192
32 33
32 67
32 133
32 135
32 151
32 44
32 49
32 50
32 83
32 53
32 55
32 111
33 67
33 36
33 37
33 169
33 151
33 44
33 142
33 47
33 49
33 55
33 111
33 93
34 139
34 146
34 147
34 157
34 158
34 160
34 197
34 155
34 164
34 165
34 166
34 40
34 41
34 171
34 174
34 175
34 51
34 180
34 137
34 184
34 186
34 159
34 60
34 191
34 69
34 72
34 73
34 77
34 163
34 88
34 89
34 91
34 92
34 95
34 96
34 97
34 99
34 168
34 115
34 116
34 119
34 123
34 125
35 194
35 69
35 38
35 145
35 105
35 74
35 188
35 56
35 123
35 70
36 98
36 69
36 169
36 124
36 63
37 133
37 192
37 50
37 83
37 69
37 111
37 151
37 47
38 194
38 69
38 145
38 105
38 74
38 188
39 128
39 121
39 69
40 71
40 72
40 137
40 163
40 92
40 91
40 165
40 103
40 104
40 42
40 109
40 46
40 114
40 51
40 60
41 130
41 199
41 72
41 73
41 138
41 139
41 66
41 85
41 137
41 155
41 92
41 96
41 91
41 165
41 103
41 42
41 109
41 46
41 174
41 52
41 181
41 119
41 184
41 180
41 187
41 61
41 127
42 89
42 90
42 91
42 92
42 158
42 95
42 160
42 162
42 155
42 165
42 103
42 171
42 109
42 46
42 116
42 182
42 137
42 184
43 81
43 53
43 135
43 44
44 98
44 67
44 135
44 81
44 53
44 55
44 63
45 123
45 69
46 130
46 193
46 144
46 149
46 153
46 160
46 162
46 165
46 167
46 171
46 157
46 182
46 184
46 185
46 58
46 189
46 190
46 64
46 65
46 75
46 78
46 82
46 84
46 95
46 96
46 97
46 99
46 100
46 102
46 113
46 118
46 119
46 122
46 126
47 133
47 142
47 111
47 83
47 151
47 124
47 63
48 156
48 173
49 63
50 98
50 192
50 83
50 111
50 124
50 69
50 63
51 131
51 136
51 140
51 130
51 149
51 152
51 155
51 158
51 197
51 172
51 52
51 181
51 54
51 61
51 62
51 65
51 139
51 196
51 69
51 72
51 80
51 84
51 90
51 143
51 92
51 96
51 109
51 112
51 168
51 116
52 130
52 131
52 139
52 149
52 153
52 160
52 197
52 164
52 174
52 180
52 54
52 184
52 186
52 59
52 60
52 61
52 191
52 69
52 73
52 75
52 77
52 80
52 82
52 89
52 90
52 94
52 100
52 108
52 112
52 116
52 118
52 122
52 123
52 126
53 81
53 67
53 55
54 131
54 69
54 139
54 77
54 78
54 149
54 92
54 96
54 168
54 196
54 108
54 126
54 118
54 186
54 123
54 61
54 62
55 81
55 135
56 145
56 123
56 70
57 195
57 69
57 173
57 110
57 179
57 117
57 86
57 123
57 156
58 132
58 69
58 77
58 80
58 146
58 147
58 149
58 155
58 99
58 100
58 166
58 109
58 112
58 178
58 115
58 181
58 123
58 125
58 190
59 66
59 130
59 71
59 143
59 82
59 163
59 90
59 94
59 160
59 91
59 101
59 167
59 108
59 158
59 116
59 122
59 61
59 126
59 127
60 160
60 181
60 71
60 72
60 139
60 130
60 144
60 152
60 153
60 89
60 90
60 155
60 96
60 99
60 101
60 103
60 108
60 109
60 189
60 113
60 158
60 116
60 191
60 61
60 190
60 127
61 131
61 193
61 139
61 130
61 149
61 153
61 157
61 158
61 164
61 167
61 168
61 174
61 178
61 180
61 181
61 184
61 186
61 191
61 64
61 65
61 197
61 73
61 75
61 77
61 79
61 82
61 84
61 88
61 89
61 90
61 94
61 108
61 112
61 116
61 118
61 122
61 126
62 131
62 164
62 177
62 136
62 106
62 141
62 168
62 183
62 88
62 186
62 197
63 133
63 169
63 151
63 123
63 69
64 131
64 193
64 139
64 130
64 143
64 144
64 157
64 91
64 164
64 168
64 171
64 178
64 155
64 186
64 65
64 69
64 71
64 79
64 163
64 88
64 89
64 90
64 92
64 95
64 96
64 103
64 109
64 116
64 118
64 123
64 126
65 139
65 69
65 130
65 73
65 75
65 77
65 152
65 90
65 157
65 99
65 103
65 174
65 112
65 180
65 187
65 123
65 190
65 149
66 193
66 71
66 72
66 73
66 75
66 78
66 82
66 149
66 152
66 89
66 90
66 157
66 94
66 158
66 167
66 174
66 112
66 116
66 184
66 180
66 122
67 81
67 135
68 69
69 128
69 155
69 148
69 150
69 154
69 157
69 133
69 160
69 161
69 169
69 193
69 176
69 163
69 177
69 181
69 188
69 192
69 194
69 197
69 74
69 77
69 80
69 83
69 84
69 86
69 87
69 88
69 164
69 91
69 98
69 100
69 102
69 145
69 105
69 107
69 109
69 111
69 131
69 117
69 119
69 121
69 123
69 124
70 188
70 145
70 154
70 123
71 75
71 72
71 73
71 139
71 77
71 85
71 152
71 157
71 187
71 174
71 116
71 191
72 160
72 131
72 73
72 75
72 152
72 139
72 85
72 89
72 90
72 92
72 96
72 108
72 174
72 116
72 158
72 184
72 180
72 187
72 191
73 130
73 139
73 143
73 144
73 84
73 90
73 92
73 96
73 109
73 181
73 119
73 184
73 190
73 127
74 194
74 145
74 154
74 188
75 139
75 130
75 144
75 84
75 185
75 89
75 90
75 143
75 158
75 95
75 96
75 97
75 162
75 101
75 103
75 104
75 108
75 113
75 114
75 181
75 119
75 160
75 116
75 127
77 131
77 143
77 144
77 152
77 155
77 164
77 168
77 178
77 158
77 181
77 79
77 80
77 84
77 88
77 89
77 90
77 92
77 95
77 96
77 97
77 99
77 104
77 108
77 109
77 113
77 114
77 118
77 123
78 164
78 101
78 103
78 170
78 197
78 147
78 186
78 88
78 159
78 125
78 127
79 193
79 130
79 80
79 152
79 153
79 88
79 89
79 158
79 99
79 164
79 103
79 157
79 189
79 178
79 116
79 126
80 181
80 112
80 149
80 123
81 135
82 130
82 139
82 143
82 152
82 89
82 90
82 91
82 158
82 160
82 163
82 104
82 108
82 116
82 122
82 127
83 192
83 133
83 142
83 151
83 111
83 124
83 93
84 139
84 132
84 130
84 199
84 138
84 146
84 85
84 152
84 90
84 159
84 158
84 187
84 103
84 108
84 191
84 125
84 112
84 184
84 123
84 149
85 130
85 138
85 99
85 91
85 92
85 96
85 163
85 199
85 181
85 184
85 190
86 123
86 87
86 156
86 110
87 129
87 110
87 117
88 131
88 139
88 143
88 157
88 158
88 164
88 178
88 181
88 186
88 193
88 196
88 89
88 96
88 108
88 112
88 116
88 118
88 123
88 126
89 131
89 162
89 139
89 143
89 155
89 157
89 158
89 164
89 165
89 167
89 168
89 178
89 181
89 182
89 186
89 191
89 193
89 90
89 92
89 95
89 97
89 108
89 109
89 112
89 116
89 118
89 119
89 127
90 131
90 193
90 139
90 143
90 152
90 157
90 164
90 167
90 174
90 181
90 180
90 191
90 91
90 94
90 96
90 119
90 122
90 127
91 138
91 139
91 149
91 155
91 157
91 160
91 162
91 163
91 165
91 167
91 171
91 182
91 137
91 184
91 185
91 199
91 92
91 94
91 95
91 97
91 109
91 113
91 119
91 122
91 123
92 131
92 162
92 138
92 144
92 146
92 147
92 157
92 158
92 159
92 155
92 164
92 171
92 174
92 180
92 137
92 184
92 168
92 191
92 193
92 182
92 163
92 170
92 197
92 96
92 97
92 108
92 109
92 113
92 116
92 119
92 123
92 125
93 151
93 142
94 130
94 158
94 160
94 101
94 108
94 181
94 122
95 139
95 152
95 163
95 157
95 158
95 97
95 165
95 103
95 171
95 109
95 113
95 123
96 138
96 139
96 144
96 146
96 132
96 157
96 160
96 164
96 168
96 172
96 184
96 186
96 187
96 190
96 191
96 193
96 196
96 197
96 103
96 109
96 123
96 125
97 155
97 139
97 152
97 163
97 158
97 160
97 99
97 103
97 171
97 109
97 116
97 182
97 185
97 191
98 192
98 133
98 151
99 138
99 149
99 153
99 155
99 178
99 180
99 187
99 189
99 190
99 191
99 199
99 100
99 102
99 103
99 109
99 174
99 112
99 113
99 118
99 119
99 126
100 132
100 147
100 159
100 103
100 170
100 115
100 181
100 123
100 190
101 104
101 114
101 149
101 191
102 149
102 132
102 166
102 103
102 147
102 159
102 112
102 146
102 115
102 123
102 181
102 170
102 190
103 130
103 193
103 132
103 144
103 153
103 160
103 171
103 174
103 178
103 180
103 182
103 189
103 190
103 115
103 118
103 126
104 167
104 114
104 122
105 194
105 145
106 177
106 131
106 183
106 136
106 141
107 148
107 150
107 123
107 134
108 139
108 143
108 149
108 152
108 157
108 158
108 164
108 167
108 168
108 174
108 181
108 180
108 186
108 112
108 122
109 132
109 139
109 152
109 155
109 157
109 158
109 160
109 163
109 165
109 166
109 171
109 174
109 175
109 180
109 182
109 137
109 190
109 191
109 193
109 113
109 115
109 116
109 119
109 125
110 120
110 123
111 142
111 151
111 133
112 131
112 139
112 143
112 152
112 153
112 158
112 160
112 164
112 168
112 178
112 181
112 190
112 197
112 130
112 186
112 189
112 118
112 126
112 127
113 139
113 163
113 155
113 171
113 182
113 190
113 191
114 167
114 122
115 144
115 146
115 155
116 131
116 139
116 143
116 152
116 155
116 157
116 158
116 164
116 165
116 167
116 168
116 174
116 178
116 180
116 191
116 193
116 118
116 119
116 122
116 127
117 129
117 120
118 193
118 131
118 130
118 152
118 149
118 153
118 158
118 197
118 164
118 168
118 181
118 186
118 126
119 155
119 162
119 163
119 185
119 157
119 158
119 160
119 171
119 182
119 180
119 123
119 190
121 128
122 130
122 143
122 163
122 167
122 181
122 127
123 133
123 193
123 148
123 150
123 154
123 160
123 161
123 164
123 168
123 197
123 157
123 177
123 181
123 188
123 140
123 163
123 186
123 145
124 133
124 151
124 169
124 192
125 160
125 143
125 147
125 155
125 186
125 159
125 168
125 170
125 172
126 193
126 149
126 153
126 197
126 164
126 168
126 157
126 189
126 178
126 181
126 186
127 193
127 139
127 149
127 152
127 157
127 167
127 174
127 158
127 184
127 191
129 173
130 139
130 132
130 187
130 138
130 152
130 157
130 167
130 146
130 174
130 181
130 184
130 180
130 190
130 149
131 139
131 140
131 141
131 143
131 144
131 149
131 152
131 153
131 163
131 164
131 168
131 172
131 157
131 177
131 158
131 183
131 186
131 193
131 196
132 144
132 146
132 155
132 186
132 166
132 168
133 151
134 176
134 198
134 150
136 177
137 165
137 171
137 182
138 187
138 163
138 184
138 190
139 193
139 144
139 152
139 157
139 197
139 155
139 164
139 167
139 171
139 158
139 184
139 185
139 191
139 182
139 143
139 163
141 177
141 183
142 151
143 175
143 193
143 152
143 147
143 149
143 159
143 158
143 166
143 167
143 168
143 170
143 174
143 157
143 180
144 193
144 152
144 146
144 174
144 157
144 166
144 168
144 196
144 172
144 175
144 184
144 186
144 191
145 194
145 188
145 154
146 160
146 155
146 166
146 196
146 172
147 172
147 196
147 155
148 176
148 150
149 190
149 152
149 163
149 186
149 160
149 197
149 168
149 181
151 192
152 193
152 157
152 162
152 155
152 167
152 168
152 171
152 174
152 180
152 185
152 186
152 191
152 182
152 197
153 197
153 191
153 178
155 157
155 158
155 163
155 184
155 159
155 190
155 191
155 193
155 170
157 158
157 164
157 168
157 171
157 178
157 185
158 164
158 167
158 168
158 178
158 181
158 186
158 191
158 193
159 170
159 196
160 165
160 163
160 167
160 181
160 191
162 163
162 182
162 185
163 165
163 167
163 184
163 185
164 196
164 193
164 172
164 168
164 178
164 181
165 184
166 175
168 181
168 186
168 193
168 196
170 172
171 193
171 182
172 197
173 179
173 195
174 180
174 181
174 184
177 183
178 193
178 189
180 181
180 184
180 190
181 187
181 191
181 189
182 185
184 199
186 193
186 197
187 199
188 194
189 190
189 191
190 199
190 191
196 197
