0 181
0 194
0 195
0 69
0 6
0 71
0 10
0 140
0 77
0 15
0 80
0 17
0 27
0 156
0 95
0 33
0 134
0 16
0 31
0 144
0 109
0 110
0 168
0 50
0 179
0 117
0 59
0 166
1 67
1 8
1 12
1 146
1 148
1 86
1 28
1 32
1 102
1 167
1 42
1 176
1 115
1 56
1 188
2 195
2 6
2 71
2 47
2 16
2 181
2 15
2 125
2 31
3 130
3 4
3 150
3 6
3 135
3 11
3 13
3 145
3 18
3 19
3 20
3 22
3 23
3 24
3 158
3 31
3 160
3 161
3 35
3 37
3 40
3 169
3 174
3 48
3 177
3 178
3 51
3 53
3 182
3 57
3 159
3 61
3 181
3 192
3 65
3 195
3 74
3 75
3 141
3 87
3 99
3 105
3 109
3 147
3 124
3 127
4 149
4 66
4 9
4 87
4 78
4 120
4 82
4 83
4 21
4 86
4 151
4 153
4 26
4 91
4 29
4 165
4 35
4 37
4 41
4 42
4 171
4 46
4 154
4 112
4 49
4 180
4 189
4 72
4 58
4 106
4 190
4 63
5 34
5 38
5 139
5 162
5 52
5 118
5 55
5 184
5 89
5 90
5 92
5 62
6 134
6 8
6 10
6 142
6 144
6 17
6 151
6 153
6 155
6 30
6 33
6 163
6 167
6 41
6 170
6 171
6 46
6 47
6 176
6 178
6 128
6 181
6 186
6 188
6 189
6 190
6 68
6 71
6 76
6 77
6 82
6 85
6 86
6 91
6 95
6 98
6 100
6 109
6 113
6 119
6 120
6 125
7 66
7 131
7 133
7 9
7 139
7 84
7 21
7 28
7 29
7 148
7 101
7 40
7 53
7 56
7 57
8 131
8 136
8 76
8 77
8 14
8 120
8 82
8 83
8 20
8 21
8 86
8 91
8 29
8 101
8 32
8 35
8 37
8 102
8 106
8 171
8 146
8 176
8 115
8 181
8 137
8 56
8 148
8 189
8 85
9 192
9 11
9 12
9 13
9 18
9 19
9 174
9 22
9 23
9 153
9 26
9 28
9 32
9 34
9 35
9 164
9 37
9 38
9 167
9 41
9 43
9 172
9 46
9 52
9 53
9 184
9 187
9 151
9 62
9 63
9 64
9 139
9 72
9 73
9 74
9 75
9 162
9 141
9 84
9 91
9 92
9 165
9 97
9 101
9 188
9 190
9 118
9 191
9 127
10 181
10 68
10 71
10 140
10 77
10 142
10 16
10 17
10 193
10 170
10 95
10 33
10 163
10 100
10 134
10 144
10 44
10 109
10 110
10 47
10 116
10 30
10 119
10 186
10 125
10 117
11 64
11 160
11 196
11 161
11 74
11 75
11 192
11 13
11 141
11 145
11 18
11 19
11 139
11 22
11 24
11 158
11 159
11 97
11 191
11 169
11 173
11 178
11 182
11 56
11 148
11 187
11 124
11 61
11 63
12 128
12 67
12 136
12 139
12 76
12 14
12 79
12 81
12 82
12 131
12 84
12 86
12 91
12 28
12 171
12 98
12 101
12 38
12 103
12 42
12 43
12 176
12 113
12 115
12 106
12 60
13 139
13 22
14 131
14 70
14 129
14 76
14 81
14 82
14 83
14 84
14 85
14 86
14 151
14 120
14 91
14 167
14 32
14 171
14 98
14 155
14 38
14 103
14 188
14 42
14 43
14 189
14 176
14 113
14 115
14 137
14 148
14 136
14 60
14 106
15 68
15 197
15 71
15 194
15 140
15 77
15 142
15 80
15 17
15 132
15 157
15 95
15 33
15 134
15 16
15 39
15 168
15 144
15 107
15 109
15 110
15 47
15 50
15 179
15 116
15 181
15 170
15 59
15 125
16 195
16 68
16 197
16 134
16 39
16 71
16 77
16 117
16 157
16 31
17 68
17 134
17 71
17 140
17 77
17 109
17 50
17 181
17 100
17 27
17 95
18 178
18 139
18 173
18 63
19 178
19 139
19 173
20 65
20 66
20 87
20 78
20 86
20 23
20 26
20 91
20 29
20 37
20 40
20 105
20 42
20 173
20 154
20 49
20 178
20 53
20 72
20 121
20 60
20 127
21 128
21 65
21 66
21 87
21 76
21 79
21 81
21 82
21 67
21 84
21 86
21 23
21 154
21 35
21 37
21 40
21 42
21 43
21 173
21 189
21 112
21 49
21 53
21 72
21 121
21 58
21 106
21 127
22 64
22 160
22 196
22 182
22 161
22 74
22 192
22 141
22 145
22 75
22 139
22 150
22 24
22 152
22 93
22 158
22 159
22 96
22 97
22 169
22 173
22 178
22 54
22 185
22 122
22 191
22 124
22 61
22 63
23 139
23 76
23 83
23 35
23 37
23 38
23 42
23 171
23 173
23 189
23 178
23 120
23 57
23 63
23 106
23 85
24 192
24 97
24 150
24 38
24 169
24 74
24 75
24 141
24 173
24 61
24 63
25 114
25 178
25 173
26 66
26 139
26 37
26 43
26 174
26 81
26 180
26 121
26 84
26 28
26 53
27 194
27 195
27 132
27 134
27 30
27 140
27 94
27 95
27 33
27 163
27 100
27 166
27 31
27 107
27 50
27 117
27 59
28 66
28 131
28 133
28 70
28 136
28 139
28 81
28 84
28 78
28 154
28 121
28 88
28 29
28 176
28 148
28 113
28 101
28 38
28 103
28 43
28 112
28 49
28 180
28 53
28 137
28 56
28 57
28 58
28 126
28 63
29 128
29 129
29 67
29 78
29 79
29 81
29 82
29 83
29 86
29 121
29 88
29 91
29 37
29 41
29 43
29 174
29 112
29 84
29 123
29 60
29 189
29 126
30 68
30 142
30 132
30 156
30 157
30 94
30 31
30 33
30 163
30 166
30 39
30 107
30 44
30 110
30 116
30 117
30 119
30 186
30 59
30 125
30 181
31 193
31 68
31 69
31 136
31 77
31 173
31 163
31 94
31 155
31 103
31 168
31 44
31 109
31 47
31 176
31 113
31 178
31 116
31 56
31 186
31 59
31 125
32 77
32 120
32 82
32 83
32 148
32 86
32 35
32 131
32 37
32 38
32 103
32 188
32 106
32 167
32 109
32 49
32 181
32 56
32 136
32 70
32 189
33 193
33 68
33 71
33 144
33 156
33 157
33 94
33 163
33 170
33 107
33 44
33 109
33 179
33 119
33 186
33 117
34 38
34 89
34 184
34 139
34 63
35 82
35 139
35 86
35 87
35 153
35 91
35 38
35 167
35 188
35 42
35 173
35 46
35 174
35 178
35 57
35 127
35 151
35 190
35 63
36 48
36 99
36 51
36 45
36 143
37 128
37 129
37 139
37 188
37 38
37 167
37 40
37 41
37 42
37 173
37 174
37 49
37 178
37 180
37 53
37 57
37 58
37 60
37 65
37 66
37 67
37 72
37 78
37 79
37 82
37 86
37 87
37 105
37 108
37 112
37 121
37 149
38 139
38 145
38 188
38 150
38 153
38 154
38 159
38 161
38 167
38 41
38 43
38 172
38 174
38 49
38 52
38 53
38 182
38 184
38 58
38 151
38 61
38 62
38 63
38 65
38 196
38 160
38 81
38 87
38 89
38 91
38 92
38 165
38 96
38 105
38 108
38 112
38 118
38 124
38 127
39 68
39 197
39 71
39 142
39 80
39 157
39 94
39 163
39 144
39 47
39 119
39 186
39 125
39 117
40 84
40 65
40 173
40 112
40 49
40 178
40 57
40 58
40 154
41 181
41 67
41 139
41 77
41 82
41 148
41 86
41 88
41 154
41 42
41 109
41 174
41 76
41 49
41 126
41 56
41 121
41 58
41 85
41 63
42 149
42 131
42 133
42 70
42 72
42 137
42 146
42 87
42 154
42 91
42 101
42 98
42 103
42 148
42 108
42 174
42 176
42 49
42 115
42 155
42 105
42 56
42 57
42 136
42 127
43 66
43 131
43 133
43 139
43 81
43 78
43 154
43 101
43 49
43 115
43 180
43 53
43 137
43 57
43 58
44 195
44 68
44 179
44 71
44 142
44 80
44 170
44 156
44 197
44 163
44 144
44 107
44 110
44 47
44 116
44 117
44 186
44 125
45 114
45 135
45 183
45 175
45 173
45 143
46 67
46 139
46 76
46 77
46 190
46 82
46 83
46 78
46 88
46 154
46 165
46 106
46 171
46 109
46 49
46 181
46 137
46 120
46 121
46 58
46 63
46 60
46 189
46 126
46 85
47 193
47 132
47 69
47 71
47 77
47 142
47 156
47 157
47 94
47 134
47 168
47 170
47 107
47 109
47 110
47 50
47 179
47 181
47 59
48 198
48 135
48 138
48 173
48 143
48 177
48 178
48 51
48 183
48 111
49 128
49 65
49 67
49 129
49 151
49 79
49 82
49 83
49 121
49 153
49 154
49 91
49 165
49 188
49 167
49 174
49 189
49 53
49 120
49 57
49 58
49 60
49 106
49 190
49 63
50 194
50 132
50 134
50 71
50 140
50 77
50 68
50 100
50 109
50 110
50 116
50 125
51 198
51 138
51 178
51 143
51 173
51 114
51 147
51 183
51 111
52 139
52 172
52 118
52 73
52 92
52 62
52 63
53 65
53 66
53 173
53 178
53 57
53 154
53 63
54 122
55 164
55 62
55 73
56 131
56 133
56 137
56 146
56 195
56 155
56 167
56 171
56 136
56 188
56 189
56 67
56 70
56 77
56 79
56 82
56 83
56 84
56 85
56 86
56 98
56 101
56 102
56 103
56 60
56 106
56 109
56 120
57 128
57 65
57 67
57 72
57 87
57 76
57 79
57 81
57 84
57 149
57 154
57 105
57 108
57 174
57 189
57 178
57 83
57 106
57 127
58 65
58 67
58 81
58 82
58 88
58 154
58 165
58 174
58 180
58 121
58 126
58 63
59 195
59 68
59 197
59 71
59 142
59 80
59 94
59 163
59 166
59 110
59 119
59 186
60 128
60 67
60 133
60 199
60 72
60 137
60 151
60 79
60 131
60 87
60 153
60 154
60 101
60 148
60 112
60 121
60 123
60 190
61 64
61 96
61 196
61 150
61 97
61 161
61 75
61 141
61 173
61 124
61 182
62 162
62 164
62 90
62 118
62 63
63 192
63 131
63 150
63 141
63 145
63 149
63 154
63 158
63 161
63 167
63 172
63 182
63 184
63 187
63 151
63 191
63 64
63 65
63 139
63 196
63 72
63 74
63 75
63 89
63 92
63 96
63 105
63 108
63 174
63 112
63 115
63 118
63 169
63 121
63 124
64 192
64 160
64 196
64 74
64 75
64 141
64 145
64 139
64 150
64 158
64 96
64 161
64 169
64 124
64 191
65 84
65 173
65 178
66 139
66 174
66 112
66 81
66 121
67 128
67 131
67 133
67 70
67 113
67 72
67 151
67 78
67 79
67 146
67 121
67 149
67 87
67 88
67 154
67 91
67 101
67 98
67 155
67 167
67 102
67 103
67 148
67 108
67 112
67 105
67 126
68 193
68 194
68 195
68 132
68 71
68 140
68 157
68 94
68 163
68 100
68 134
68 166
68 144
68 109
68 119
68 186
68 170
68 181
69 195
69 71
69 109
69 77
69 116
69 125
70 133
70 131
70 101
70 188
70 137
70 195
70 115
70 148
71 181
71 195
71 193
71 140
71 77
71 142
71 80
71 157
71 95
71 197
71 100
71 134
71 144
71 179
71 116
71 117
71 125
71 166
72 129
72 199
72 139
72 87
72 173
72 174
72 178
72 123
72 106
73 172
73 162
73 164
73 118
73 90
73 139
73 92
74 192
74 97
74 141
74 173
74 139
74 169
74 160
75 160
75 196
75 141
75 145
75 139
75 150
75 158
75 159
75 96
75 161
75 173
75 178
75 182
75 124
76 131
76 133
76 137
76 151
76 77
76 86
76 153
76 91
76 165
76 171
76 108
76 109
76 115
76 105
76 120
76 127
76 85
77 142
77 148
77 151
77 153
77 163
77 134
77 167
77 168
77 170
77 181
77 188
77 190
77 195
77 82
77 86
77 91
77 94
77 95
77 144
77 165
77 106
77 107
77 109
77 110
77 116
77 117
77 125
78 128
78 79
78 82
78 151
78 88
78 153
78 165
78 106
78 190
78 126
79 128
79 129
79 199
79 131
79 148
79 151
79 154
79 181
79 123
79 126
80 144
80 163
80 197
80 166
80 193
80 179
80 117
80 156
80 157
80 94
81 131
81 133
81 137
81 101
81 112
81 115
81 180
81 121
82 131
82 137
82 148
82 86
82 151
82 88
82 153
82 154
82 91
82 101
82 165
82 167
82 106
82 109
82 174
82 112
82 115
82 181
82 121
82 188
82 190
83 149
83 131
83 137
83 87
83 148
83 86
83 88
83 154
83 165
83 101
83 167
83 106
83 108
83 109
83 115
83 181
83 188
83 127
84 131
84 101
84 139
84 115
84 180
84 137
84 133
85 133
85 151
85 91
85 165
85 101
85 167
85 171
85 109
85 181
85 127
86 131
86 133
86 120
86 91
86 101
86 98
86 167
86 171
86 109
86 174
86 113
86 155
86 181
86 137
86 148
86 188
86 189
87 129
87 199
87 173
87 178
87 123
87 106
88 151
88 153
88 165
88 106
88 190
88 121
88 189
88 126
89 184
89 139
90 162
90 164
90 139
91 133
91 139
91 120
91 131
91 154
91 112
91 148
91 101
91 171
91 109
91 174
91 115
91 137
91 121
92 164
92 139
92 172
92 118
93 104
93 185
94 194
94 195
94 142
94 132
94 156
94 157
94 166
94 144
94 109
94 110
94 179
94 116
94 117
94 170
95 134
95 140
95 109
95 181
95 100
96 196
96 161
96 141
96 145
96 160
96 97
96 169
96 182
97 161
97 196
97 150
97 173
97 178
97 139
97 169
97 191
97 182
98 131
98 148
98 155
98 101
98 195
98 113
98 115
98 181
98 106
99 114
99 178
99 183
99 173
99 143
100 134
100 109
100 110
100 181
101 129
101 133
101 139
101 137
101 120
101 199
101 171
101 155
101 131
101 103
101 189
101 113
101 106
102 133
102 146
102 148
103 133
103 131
103 188
103 167
103 137
103 195
103 113
103 115
103 148
103 155
104 185
105 173
105 178
105 149
106 131
106 113
106 137
106 148
106 153
106 155
106 188
106 167
106 109
106 115
106 151
106 190
106 127
107 193
107 142
107 144
107 156
107 157
107 109
107 110
107 179
107 116
107 181
107 119
107 186
107 125
107 117
108 139
108 174
108 189
109 140
109 151
109 153
109 163
109 134
109 167
109 168
109 171
109 173
109 181
109 188
109 189
109 190
109 195
109 199
109 165
109 178
109 116
109 117
109 120
109 123
110 193
110 194
110 140
110 142
110 163
110 166
110 170
110 119
110 186
110 181
111 178
111 198
111 138
111 173
112 129
112 199
112 151
112 174
112 180
112 123
112 126
113 137
113 195
113 131
113 148
113 181
113 155
114 130
114 175
115 133
115 151
115 155
115 189
115 176
115 136
115 137
116 193
116 195
116 134
116 163
116 170
116 119
116 186
117 193
117 194
117 132
117 197
117 156
117 157
117 144
117 179
117 119
117 186
117 170
118 164
118 139
119 193
119 142
119 144
119 132
119 156
119 157
119 170
119 179
119 125
120 131
120 137
120 148
120 174
120 153
120 154
120 165
120 167
120 181
120 188
120 190
120 127
121 129
121 199
121 154
121 151
121 165
121 190
121 123
121 126
122 152
123 128
123 199
123 137
124 161
124 141
124 173
124 145
124 178
124 160
124 159
125 193
125 195
125 132
125 194
125 156
125 157
125 168
125 170
125 179
125 181
125 186
126 128
126 165
126 151
127 171
127 139
127 173
127 189
127 178
128 151
128 154
128 181
129 133
129 131
129 199
129 137
129 154
130 173
130 178
131 199
131 171
131 188
131 189
131 137
131 148
132 166
132 142
132 186
133 136
133 139
133 146
133 155
133 176
134 194
134 140
134 181
135 177
135 175
135 143
136 195
136 167
136 188
136 176
136 148
137 151
137 153
137 165
137 189
137 176
137 148
137 190
138 147
139 192
139 149
139 164
139 167
139 172
139 184
139 180
139 151
139 162
139 141
139 165
139 191
140 142
141 160
141 196
141 192
141 145
141 150
141 158
141 159
141 161
141 173
141 178
141 182
141 191
142 193
142 194
142 156
142 157
142 166
142 170
142 179
142 186
142 181
143 177
143 175
144 193
144 194
144 197
144 156
144 157
144 163
144 166
144 170
144 179
144 186
144 181
145 196
145 182
145 161
145 158
146 148
146 176
147 178
147 198
147 173
148 171
148 155
148 167
148 188
148 189
148 176
149 174
149 189
150 178
151 154
151 167
151 171
151 174
151 181
153 154
153 181
153 190
154 188
154 165
154 167
154 174
154 190
155 195
156 193
156 197
156 163
156 179
156 170
157 193
157 197
157 163
157 170
158 182
158 161
158 173
158 178
158 160
158 159
159 169
159 173
159 178
159 160
160 196
160 182
160 169
160 192
160 191
161 196
161 173
161 178
161 182
161 191
162 164
163 194
163 195
163 166
163 179
163 181
164 172
165 171
165 174
165 189
166 194
166 197
166 186
167 171
167 176
167 189
168 195
168 181
169 191
169 196
169 182
169 192
169 173
169 178
170 193
170 179
170 186
170 181
171 174
171 181
173 174
173 175
173 177
173 178
173 182
173 181
173 195
173 191
174 180
174 189
174 190
175 177
175 178
176 195
176 181
177 178
178 182
178 195
178 196
178 187
179 197
179 193
181 186
181 188
181 189
181 190
186 194
186 195
188 189
193 195
193 197
