0 64
0 128
0 130
0 68
0 7
0 12
0 15
0 17
0 84
0 86
0 153
0 26
0 28
0 32
0 102
0 60
0 191
1 2
1 3
1 132
1 135
1 8
1 18
1 131
1 149
1 23
1 24
1 31
1 160
1 161
1 36
1 198
1 39
1 40
1 171
1 44
1 175
1 178
1 180
1 54
1 168
1 61
1 63
1 67
1 196
1 70
1 71
1 74
1 78
1 79
1 81
1 82
1 83
1 85
1 89
1 90
1 99
1 100
1 167
1 108
1 146
1 113
1 118
1 121
1 122
2 3
2 196
2 69
2 198
2 44
2 79
2 67
2 92
2 31
2 100
2 40
2 106
2 108
2 113
2 178
2 187
2 61
3 6
3 139
3 12
3 16
3 19
3 26
3 33
3 35
3 36
3 40
3 42
3 47
3 176
3 51
3 182
3 55
3 187
3 192
3 64
3 66
3 71
3 73
3 163
3 86
3 89
3 90
3 95
3 144
3 102
3 108
3 114
3 116
3 124
4 136
4 137
4 13
4 150
4 27
4 29
4 158
4 33
4 162
4 35
4 37
4 42
4 176
4 112
4 114
4 52
4 30
4 182
4 55
4 124
4 62
5 128
5 65
5 130
5 72
5 140
5 11
5 12
5 143
5 145
5 151
5 152
5 165
5 41
5 107
5 172
5 50
5 117
5 119
5 58
5 126
6 149
6 132
6 199
6 8
6 76
6 79
6 17
6 147
6 21
6 89
6 31
6 98
6 99
6 100
6 166
6 38
6 177
6 104
6 44
6 45
6 175
6 113
6 178
6 179
6 53
6 56
6 57
6 122
6 59
6 61
6 127
7 130
7 131
7 68
7 197
7 134
7 11
7 141
7 78
7 15
7 17
7 146
7 84
7 23
7 32
7 38
7 102
7 39
7 53
7 58
7 60
8 64
8 71
8 73
8 12
8 79
8 67
8 24
8 161
8 100
8 40
8 45
8 113
8 83
8 127
8 61
8 63
9 130
9 197
9 134
9 194
9 73
9 77
9 84
9 174
9 26
9 111
9 28
9 102
9 46
9 47
9 60
9 125
9 191
10 112
10 162
10 52
10 37
10 137
10 13
10 62
11 130
11 131
11 145
11 12
11 141
11 142
11 17
11 18
11 147
11 26
11 184
11 28
11 133
11 32
11 38
11 167
11 40
11 41
11 193
11 171
11 172
11 174
11 49
11 178
11 180
11 53
11 56
11 57
11 58
11 59
11 188
11 61
11 63
11 181
11 194
11 67
11 68
11 197
11 70
11 72
11 140
11 76
11 79
11 81
11 82
11 84
11 85
11 94
11 98
11 195
11 103
11 104
11 106
11 146
11 111
11 113
11 115
11 118
11 169
11 191
11 125
12 128
12 130
12 129
12 138
12 140
12 141
12 15
12 179
12 17
12 146
12 19
12 21
12 22
12 153
12 24
12 25
12 26
12 155
12 156
12 31
12 32
12 161
12 163
12 164
12 165
12 39
12 168
12 193
12 135
12 173
12 45
12 46
12 175
12 48
12 51
12 159
12 60
12 191
12 64
12 65
12 194
12 74
12 81
12 86
12 89
12 94
12 96
12 188
12 131
12 101
12 105
12 110
12 111
12 113
12 123
12 127
13 33
13 37
13 198
13 112
13 52
13 62
13 170
13 132
13 154
13 27
13 29
13 30
13 69
14 37
14 137
14 170
14 112
14 114
14 158
14 93
14 62
15 128
15 130
15 102
15 81
15 135
15 46
15 111
15 17
15 54
15 39
15 26
15 28
16 64
16 194
16 68
16 134
16 71
16 17
16 84
16 153
16 132
16 156
16 197
16 198
16 38
16 40
16 45
16 48
16 53
16 57
16 191
16 127
17 64
17 66
17 73
17 128
17 75
17 77
17 86
17 88
17 130
17 95
17 129
17 105
17 109
17 110
17 47
17 116
17 58
18 130
18 26
18 92
18 106
19 128
19 64
19 194
19 67
19 68
19 71
19 149
19 153
19 24
19 132
19 90
19 156
19 32
19 161
19 99
19 100
19 40
19 45
19 48
19 177
19 178
19 51
19 122
19 191
19 127
20 133
20 23
20 142
20 143
20 78
20 151
20 26
20 91
20 103
20 169
20 46
20 111
20 120
20 121
20 189
20 126
21 128
21 194
21 149
21 32
21 161
21 34
21 164
21 134
21 38
21 40
21 43
21 44
21 45
21 179
21 53
21 57
21 186
21 60
21 61
21 190
21 191
21 66
21 68
21 197
21 71
21 79
21 80
21 84
21 90
21 99
21 100
21 113
21 122
21 127
22 128
22 103
22 41
22 39
22 140
22 148
22 169
22 26
22 155
23 65
23 72
23 142
23 143
23 87
23 25
23 157
23 94
23 159
23 160
23 97
23 165
23 172
23 173
23 49
23 115
23 119
23 121
23 58
23 189
23 126
24 64
24 83
24 179
24 128
24 79
24 90
24 186
24 99
24 36
24 40
24 43
24 44
24 51
24 122
24 61
24 149
25 128
25 39
25 72
25 107
25 143
25 120
25 119
25 121
25 151
25 160
26 128
26 130
26 135
26 142
26 147
26 174
26 151
26 155
26 28
26 157
26 185
26 31
26 167
26 40
26 41
26 171
26 46
26 49
26 189
26 180
26 53
26 54
26 183
26 56
26 57
26 59
26 188
26 61
26 63
26 181
26 194
26 195
26 68
26 199
26 140
26 74
26 76
26 79
26 81
26 82
26 83
26 84
26 85
26 87
26 169
26 91
26 98
26 102
26 103
26 104
26 168
26 111
26 113
26 143
26 115
26 118
26 119
26 191
26 125
26 126
27 33
27 162
27 182
27 137
27 42
27 112
27 52
27 30
27 150
27 170
27 154
27 124
27 29
27 62
28 66
28 195
28 68
28 197
28 134
28 194
28 76
28 130
28 144
28 184
28 147
28 185
28 153
28 111
28 156
28 32
28 102
28 38
28 104
28 46
28 47
28 53
28 56
28 57
28 59
28 60
28 125
28 191
29 162
29 37
29 137
29 112
29 52
29 154
29 62
30 33
30 162
30 182
30 136
30 42
30 176
30 114
30 150
30 55
30 93
31 128
31 196
31 71
31 136
31 66
31 109
31 144
31 83
31 33
31 46
31 47
31 176
31 113
31 55
31 192
31 63
32 129
32 130
32 153
32 156
32 34
32 164
32 38
32 43
32 45
32 47
32 48
32 177
32 179
32 56
32 186
32 190
32 191
32 64
32 194
32 68
32 199
32 73
32 75
32 77
32 80
32 84
32 88
32 58
32 98
32 105
32 109
32 110
32 147
32 127
33 69
33 136
33 79
33 83
33 132
33 158
33 162
33 35
33 42
33 176
33 114
33 61
33 63
34 129
34 194
34 68
34 71
34 105
34 110
34 177
34 179
34 60
34 127
35 132
35 37
35 198
35 40
35 176
35 44
35 99
35 178
35 67
35 149
35 55
35 100
35 122
35 69
36 132
36 69
36 198
36 71
36 141
36 78
36 79
36 81
36 146
36 131
36 196
36 90
36 161
36 99
36 163
36 39
36 40
36 193
36 135
36 44
36 175
36 178
36 83
36 54
36 122
36 61
36 63
37 162
37 137
37 114
37 52
37 158
37 170
37 154
37 93
37 62
38 192
38 66
38 68
38 197
38 194
38 76
38 77
38 184
38 84
38 111
38 134
38 102
38 104
38 45
38 46
38 47
38 179
38 116
38 53
38 73
38 56
38 58
38 191
39 128
39 140
39 138
39 148
39 155
39 94
39 159
39 41
39 108
39 173
39 49
39 117
39 58
39 181
40 64
40 196
40 179
40 71
40 73
40 77
40 86
40 153
40 90
40 158
40 95
40 101
40 102
40 93
40 108
40 109
40 47
40 136
40 114
40 51
40 116
40 55
40 163
41 72
41 140
41 145
41 155
41 94
41 169
41 103
41 49
41 50
41 117
41 120
41 123
41 188
41 181
42 182
42 79
42 113
42 150
42 124
43 161
43 75
43 45
43 80
43 179
43 164
43 90
43 186
43 127
44 136
44 139
44 108
44 45
44 177
44 114
44 51
44 55
44 127
45 128
45 192
45 179
45 153
45 156
45 163
45 47
45 48
45 178
45 51
45 56
45 190
45 63
45 64
45 194
45 67
45 68
45 197
45 71
45 73
45 77
45 79
45 80
45 86
45 88
45 89
45 90
45 199
45 144
45 98
45 99
45 100
45 110
45 113
45 147
45 191
45 127
46 128
46 134
46 147
46 149
46 151
46 197
46 174
46 56
46 185
46 58
46 59
46 189
46 191
46 68
46 198
46 199
46 79
46 83
46 84
46 87
46 143
46 102
46 107
46 113
46 119
46 125
47 192
47 96
47 66
47 132
47 69
47 198
47 76
47 77
47 79
47 195
47 84
47 177
47 89
47 184
47 98
47 163
47 166
47 113
47 174
47 175
47 104
47 53
47 56
47 185
47 127
47 125
47 63
48 64
48 194
48 68
48 71
48 128
48 132
48 90
48 95
48 98
48 156
48 51
48 116
48 53
48 57
48 60
48 191
49 130
49 72
49 140
49 94
49 115
49 117
49 148
49 188
49 189
49 181
50 128
50 65
50 165
50 97
50 74
50 135
50 172
50 145
50 81
50 148
50 54
50 120
50 152
50 133
51 128
51 67
51 132
51 69
51 198
51 71
51 153
51 90
51 99
51 177
51 178
51 127
52 162
52 137
52 112
52 170
52 154
52 62
53 64
53 192
53 73
53 76
53 77
53 84
53 86
53 153
53 95
53 144
53 102
53 156
53 109
53 179
53 116
53 130
53 57
53 58
54 128
54 130
54 165
54 65
54 74
54 135
54 81
54 152
54 91
54 58
55 67
55 198
55 83
55 79
55 99
55 114
55 132
55 136
55 63
55 61
56 192
56 194
56 68
56 197
56 199
56 73
56 77
56 144
56 147
56 84
56 153
56 111
56 130
56 98
56 134
56 191
56 109
56 177
56 59
56 60
56 127
57 192
57 66
57 197
57 73
57 77
57 84
57 86
57 153
57 95
57 134
57 156
57 116
57 58
58 130
58 131
58 81
58 74
58 76
58 194
58 78
58 84
58 91
58 133
58 197
58 134
58 104
58 135
58 111
58 60
58 191
59 66
59 199
59 73
59 144
59 98
59 109
59 60
60 128
60 197
60 134
60 98
60 147
60 84
60 153
60 164
60 156
60 199
60 179
60 185
60 125
61 192
61 139
61 196
61 71
61 66
61 83
61 89
61 79
61 130
61 163
61 101
61 102
61 161
61 108
61 111
61 176
61 113
61 179
61 136
61 187
61 63
62 137
62 112
62 170
62 154
63 192
63 66
63 139
63 130
63 73
63 77
63 79
63 144
63 83
63 89
63 175
63 90
63 96
63 163
63 101
63 166
63 177
63 113
63 187
63 127
64 198
64 68
64 69
64 134
64 84
64 86
64 153
64 132
64 156
64 95
64 161
64 197
64 101
64 166
64 177
64 104
64 116
64 184
64 191
64 195
64 127
65 128
65 74
65 141
65 78
65 81
65 152
65 91
65 133
65 165
65 168
65 159
65 173
65 183
65 120
65 123
65 138
66 192
66 132
66 179
66 199
66 73
66 83
66 84
66 197
66 184
66 98
66 104
66 127
66 113
66 147
66 195
67 179
67 130
67 96
67 101
67 102
67 136
67 178
68 128
68 153
68 156
68 164
68 129
68 174
68 179
68 185
68 190
68 191
68 194
68 73
68 75
68 77
68 80
68 84
68 88
68 102
68 110
68 111
68 116
69 132
69 198
69 73
69 139
69 77
69 86
69 196
69 158
69 95
69 102
69 108
69 114
69 116
69 187
70 82
70 171
70 180
70 85
70 118
70 167
70 130
71 128
71 83
71 179
71 149
71 86
71 153
71 164
71 90
71 156
71 99
71 101
71 166
71 177
71 113
71 116
71 163
71 95
71 127
72 193
72 130
72 138
72 140
72 141
72 78
72 146
72 148
72 142
72 152
72 94
72 133
72 160
72 103
72 159
72 173
72 181
72 120
72 121
72 123
72 188
73 192
73 96
73 198
73 199
73 194
73 83
73 185
73 89
73 197
73 191
73 163
73 101
73 127
73 147
73 125
74 128
74 87
74 143
74 81
74 151
74 152
74 91
74 135
74 157
74 165
74 168
74 107
74 189
74 119
74 123
74 183
74 126
75 128
75 194
75 80
75 164
75 190
76 130
76 195
76 197
76 77
76 144
76 84
76 134
76 109
76 179
77 96
77 132
77 195
77 198
77 79
77 144
77 84
77 185
77 89
77 184
77 197
77 191
77 163
77 101
77 177
77 125
77 174
77 104
77 127
77 166
77 109
78 128
78 131
78 139
78 141
78 146
78 165
78 117
78 189
79 196
79 161
79 83
79 111
79 90
79 130
79 96
79 187
79 166
79 102
79 177
79 108
79 176
79 136
79 179
79 127
79 124
80 194
80 177
80 179
80 164
80 90
80 186
80 190
80 191
81 128
81 130
81 139
81 152
81 91
81 187
81 165
81 168
81 108
81 183
81 123
82 171
82 180
82 85
82 167
83 192
83 89
83 90
83 163
83 102
83 161
83 111
83 176
83 113
83 136
84 195
84 197
84 130
84 194
84 184
84 86
84 95
84 102
84 104
84 174
84 109
84 192
84 179
84 116
84 125
84 134
84 191
85 171
85 180
85 130
86 132
86 128
87 103
87 169
87 143
87 115
87 120
87 119
87 151
87 157
88 129
88 177
88 105
88 110
88 127
89 109
89 144
89 100
89 175
89 161
89 163
89 177
89 108
89 113
89 178
89 187
89 127
90 128
90 179
90 139
90 153
90 156
90 161
90 163
90 177
90 187
90 186
90 127
90 190
91 128
91 168
91 107
91 151
91 183
91 119
91 123
91 135
92 196
92 130
93 132
93 198
93 178
93 158
93 100
94 128
94 130
94 140
94 142
94 145
94 148
94 160
94 97
94 115
94 181
94 169
94 120
94 121
94 188
95 116
95 132
95 198
95 153
95 156
96 128
96 144
96 109
97 133
97 145
97 148
97 152
97 169
97 117
97 120
97 121
97 123
97 188
97 181
98 192
98 130
98 144
98 147
98 111
98 156
98 102
98 109
98 177
99 179
99 161
99 102
99 108
99 111
99 114
99 127
100 196
100 130
100 158
100 101
100 108
100 177
100 179
100 127
101 166
101 128
101 109
101 178
102 134
102 143
102 149
102 151
102 157
102 197
102 174
102 178
102 185
102 194
102 198
102 107
102 111
102 113
102 119
102 122
102 125
103 130
103 140
103 145
103 155
103 157
103 169
103 172
103 117
103 148
103 189
103 126
103 181
104 192
104 195
104 144
104 109
104 130
105 128
105 194
105 191
106 196
106 130
107 119
107 151
107 143
107 173
107 111
107 168
107 115
107 142
107 183
107 189
108 132
108 198
108 163
108 149
108 196
108 113
108 178
108 120
108 122
109 195
109 199
109 147
109 184
109 163
109 166
109 113
109 175
110 129
110 191
110 127
111 128
111 130
111 198
111 194
111 149
111 151
111 132
111 122
111 125
111 157
111 189
111 143
111 147
111 119
111 185
111 126
112 162
112 170
112 154
113 128
113 196
113 144
113 150
113 175
113 130
113 163
113 177
113 176
113 136
113 192
113 179
113 187
113 127
113 124
114 198
114 136
114 149
114 132
114 122
115 130
115 142
115 143
115 120
115 157
115 160
115 188
115 119
115 121
115 151
115 189
115 126
116 132
116 197
116 194
116 153
116 191
116 156
117 193
117 130
117 131
117 172
117 138
117 140
117 141
117 145
117 146
117 148
117 152
117 133
117 159
117 123
118 130
119 143
119 157
119 133
119 160
119 168
119 173
119 189
119 183
119 120
119 159
119 138
120 128
120 172
120 142
120 143
120 152
120 159
120 165
120 173
120 181
120 148
120 169
120 123
120 188
120 126
121 138
121 145
121 157
121 160
121 172
121 173
122 139
122 177
122 179
122 187
122 127
123 128
123 168
123 165
123 135
123 145
123 140
123 172
123 183
123 181
124 182
124 150
125 174
125 185
125 134
125 197
126 169
126 142
126 189
126 157
127 128
127 129
127 179
127 147
127 153
127 175
127 163
127 134
127 177
127 178
127 186
127 192
127 190
127 197
127 144
127 149
128 129
128 130
128 179
128 135
128 138
128 155
128 156
128 133
128 161
128 166
128 168
128 173
128 177
128 159
128 191
128 194
128 152
128 140
128 188
129 177
129 194
130 134
130 145
130 142
130 195
130 133
130 167
130 169
130 135
130 172
130 174
130 178
130 185
130 188
130 197
130 140
131 193
131 146
132 196
132 136
132 192
132 153
132 156
132 158
132 162
132 198
132 176
133 140
133 143
133 145
133 152
133 157
133 165
133 172
133 148
133 189
133 181
134 197
134 185
134 174
134 177
135 165
135 183
135 152
136 176
137 154
138 165
138 143
138 160
138 159
139 196
139 198
139 175
139 178
139 187
140 148
140 155
140 169
140 188
140 181
141 193
141 165
141 146
142 188
142 157
142 189
142 151
143 189
143 151
144 199
144 184
144 147
144 163
144 166
144 177
144 175
144 195
145 160
145 172
145 169
145 152
147 192
147 177
147 199
148 152
148 155
148 172
148 169
148 188
148 181
149 161
149 177
149 179
150 182
151 183
151 173
151 189
152 181
152 172
153 161
153 177
154 162
154 170
155 181
155 169
156 194
156 191
157 160
157 169
158 198
158 178
159 165
160 173
160 188
161 179
161 163
161 175
161 190
162 170
163 175
163 187
164 194
164 190
164 191
165 168
165 193
165 173
165 183
166 178
167 171
167 180
168 183
169 172
169 181
169 189
171 180
174 194
174 185
174 191
175 177
175 187
176 198
177 192
177 178
177 186
178 196
178 187
179 192
179 194
179 186
179 191
179 190
181 188
184 192
185 194
185 197
185 191
186 191
186 190
187 196
187 198
190 194
190 191
191 194
192 195
196 198
