0 128
0 144
0 9
0 203
0 80
0 17
0 158
0 119
0 59
0 125
0 190
0 63
1 128
1 129
1 4
1 6
1 7
1 8
1 10
1 11
1 12
1 15
1 16
1 17
1 19
1 149
1 23
1 25
1 26
1 27
1 156
1 158
1 162
1 35
1 134
1 167
1 41
1 199
1 173
1 136
1 184
1 58
1 151
1 63
1 193
1 68
1 49
1 70
1 71
1 75
1 77
1 80
1 163
1 86
1 102
1 188
1 117
1 119
1 121
1 127
2 3
2 63
3 63
4 128
4 6
4 129
4 8
4 10
4 11
4 12
4 15
4 16
4 17
4 19
4 149
4 23
4 25
4 26
4 27
4 158
4 35
4 36
4 167
4 41
4 199
4 173
4 49
4 184
4 58
4 151
4 63
4 68
4 70
4 71
4 75
4 77
4 80
4 163
4 86
4 188
4 102
4 60
4 108
4 117
4 119
4 121
4 127
5 165
5 197
5 67
5 133
5 38
5 177
5 14
5 204
5 142
5 48
5 145
5 18
5 51
5 110
5 87
5 152
5 92
5 159
6 128
6 75
6 68
6 199
6 70
6 129
6 11
6 77
6 15
6 16
6 17
6 19
6 84
6 149
6 86
6 23
6 26
6 27
6 158
6 144
6 80
6 35
6 163
6 102
6 167
6 42
6 127
6 151
6 123
6 25
6 117
6 119
6 58
6 59
6 60
6 190
6 63
7 67
7 68
7 133
7 129
7 137
7 75
7 204
7 77
7 15
7 16
7 145
7 18
7 19
7 149
7 86
7 23
7 152
7 25
7 26
7 27
7 156
7 193
7 35
7 36
7 163
7 102
7 41
7 106
7 199
7 108
7 173
7 110
7 177
7 51
7 184
7 58
7 151
7 127
8 134
8 129
8 136
8 10
8 75
8 12
8 15
8 16
8 17
8 19
8 86
8 151
8 68
8 26
8 27
8 156
8 158
8 162
8 35
8 163
8 71
8 45
8 173
8 49
8 199
8 117
8 121
8 127
9 80
9 128
9 203
9 144
9 17
9 158
9 54
9 59
9 125
9 190
9 63
10 128
10 68
10 71
10 75
10 12
10 15
10 17
10 86
10 23
10 26
10 27
10 156
10 158
10 162
10 163
10 102
10 129
10 41
10 199
10 45
10 49
10 25
10 184
10 121
10 136
10 151
10 127
11 67
11 70
11 129
11 72
11 137
11 75
11 76
11 77
11 15
11 16
11 152
11 146
11 19
11 84
11 86
11 23
11 24
11 68
11 26
11 27
11 29
11 199
11 176
11 35
11 167
11 42
11 107
11 173
11 163
11 200
11 204
11 117
11 119
11 58
11 123
11 60
11 127
12 128
12 68
12 71
12 75
12 77
12 15
12 16
12 17
12 163
12 149
12 86
12 23
12 26
12 27
12 156
12 158
12 80
12 162
12 35
12 102
12 129
12 41
12 193
12 199
12 45
12 49
12 25
12 184
12 121
12 136
12 151
12 127
13 194
13 100
13 85
13 38
13 103
13 72
13 180
13 138
13 186
13 143
14 48
14 145
14 197
14 177
14 165
14 87
14 92
14 124
14 142
14 159
15 128
15 137
15 16
15 17
15 19
15 149
15 23
15 25
15 26
15 27
15 156
15 158
15 162
15 35
15 36
15 129
15 41
15 199
15 173
15 49
15 184
15 58
15 151
15 63
15 193
15 68
15 70
15 71
15 75
15 77
15 80
15 163
15 86
15 102
15 188
15 108
15 117
15 119
15 121
15 127
16 128
16 133
16 137
16 17
16 18
16 19
16 149
16 23
16 152
16 25
16 26
16 27
16 156
16 158
16 35
16 36
16 129
16 41
16 199
16 173
16 49
16 184
16 58
16 151
16 193
16 67
16 68
16 70
16 71
16 75
16 204
16 77
16 80
16 163
16 86
16 188
16 102
16 60
16 106
16 107
16 108
16 110
16 119
16 121
16 127
17 71
17 75
17 77
17 19
17 149
17 86
17 23
17 25
17 26
17 27
17 158
17 68
17 188
17 80
17 162
17 35
17 36
17 163
17 102
17 129
17 41
17 199
17 108
17 49
17 128
17 119
17 184
17 127
17 151
17 63
18 193
18 67
18 133
18 137
18 204
18 142
18 145
18 87
18 152
18 197
18 163
18 165
18 38
18 106
18 110
18 177
18 51
18 58
18 127
19 128
19 133
19 137
19 188
19 149
19 23
19 152
19 25
19 26
19 27
19 158
19 35
19 36
19 129
19 41
19 42
19 199
19 173
19 49
19 184
19 58
19 151
19 193
19 67
19 68
19 70
19 71
19 75
19 204
19 77
19 80
19 163
19 86
19 102
19 60
19 107
19 108
19 117
19 119
19 121
19 127
20 196
20 135
20 183
20 76
20 78
20 82
20 84
20 150
20 89
20 90
20 93
20 97
20 99
20 164
20 168
20 169
20 42
20 29
20 174
20 154
20 176
20 116
20 55
20 187
21 81
21 130
21 62
22 160
22 161
22 66
22 171
22 132
22 166
22 39
22 200
22 167
22 44
22 141
22 111
22 112
22 148
22 182
22 175
22 191
22 79
22 192
22 31
23 128
23 133
23 137
23 149
23 151
23 152
23 25
23 26
23 27
23 156
23 158
23 35
23 36
23 129
23 41
23 199
23 173
23 49
23 184
23 58
23 60
23 193
23 67
23 68
23 71
23 75
23 204
23 77
23 80
23 163
23 86
23 102
23 188
23 108
23 110
23 119
23 127
24 194
24 67
24 100
24 38
24 72
24 204
24 143
24 180
24 85
24 118
24 87
24 152
24 58
24 186
24 159
25 128
25 68
25 137
25 75
25 77
25 149
25 86
25 26
25 27
25 156
25 158
25 188
25 80
25 162
25 35
25 36
25 163
25 102
25 129
25 41
25 193
25 71
25 108
25 199
25 119
25 184
25 58
25 151
25 127
26 128
26 137
26 149
26 27
26 156
26 158
26 162
26 35
26 36
26 129
26 41
26 199
26 173
26 49
26 184
26 58
26 151
26 193
26 68
26 70
26 71
26 75
26 77
26 80
26 163
26 86
26 188
26 102
26 60
26 108
26 117
26 119
26 121
26 127
27 128
27 149
27 156
27 158
27 162
27 35
27 134
27 167
27 129
27 41
27 199
27 173
27 136
27 184
27 58
27 151
27 63
27 193
27 68
27 49
27 70
27 71
27 75
27 77
27 80
27 163
27 86
27 102
27 188
27 117
27 119
27 121
27 127
28 201
28 131
28 101
29 67
29 70
29 76
29 146
29 84
29 150
29 89
29 90
29 93
29 97
29 99
29 164
29 165
29 169
29 42
29 107
29 176
29 118
29 58
29 123
29 60
30 144
30 117
30 59
30 190
30 158
30 63
31 96
31 161
31 66
31 132
31 182
31 130
31 171
31 44
31 141
31 79
31 192
31 189
31 94
31 191
32 115
32 55
34 97
34 56
34 123
34 109
34 78
34 157
35 128
35 137
35 149
35 152
35 158
35 163
35 36
35 167
35 129
35 41
35 42
35 199
35 173
35 49
35 184
35 58
35 151
35 193
35 67
35 68
35 70
35 71
35 75
35 204
35 77
35 80
35 86
35 188
35 102
35 60
35 107
35 108
35 117
35 119
35 121
35 127
36 128
36 129
36 68
36 75
36 77
36 80
36 149
36 188
36 163
36 102
36 41
36 108
36 184
36 151
36 127
37 65
37 126
38 194
38 67
38 72
38 137
38 204
38 143
38 145
38 85
38 87
38 152
38 159
38 133
38 197
38 100
38 110
38 177
38 51
38 180
38 186
39 160
39 161
39 45
39 166
39 134
39 167
39 136
39 171
39 44
39 141
39 79
39 200
39 117
39 120
39 121
39 111
39 192
39 175
39 182
40 116
41 128
41 199
41 68
41 133
41 137
41 75
41 77
41 80
41 149
41 86
41 156
41 158
41 193
41 163
41 102
41 129
41 188
41 106
41 71
41 108
41 110
41 184
41 151
41 127
42 76
42 146
42 99
42 84
42 150
42 89
42 90
42 93
42 97
42 164
42 70
42 167
42 169
42 107
42 176
42 119
42 58
42 123
42 60
43 138
43 175
43 103
44 160
44 161
44 66
44 132
44 182
44 171
44 192
44 141
44 111
44 112
44 148
44 183
44 191
44 79
45 160
45 162
45 166
45 134
45 136
45 199
45 173
45 111
45 49
45 117
45 120
45 121
45 156
46 135
46 104
46 183
46 76
46 109
46 78
46 112
46 168
46 82
46 84
46 89
46 56
46 116
46 191
47 50
47 147
47 56
47 122
47 155
47 157
48 142
48 87
48 124
48 74
48 92
48 197
49 134
49 71
49 75
49 86
49 200
49 68
49 156
49 158
49 160
49 193
49 162
49 163
49 166
49 167
49 129
49 106
49 199
49 173
49 111
49 136
49 117
49 121
49 151
49 127
50 147
50 155
51 193
51 197
51 67
51 177
51 137
51 106
51 204
51 142
51 145
51 110
51 87
51 152
51 133
52 124
52 74
52 92
52 95
53 179
53 114
53 99
53 165
53 118
53 90
53 98
53 146
54 203
54 185
54 88
54 139
54 125
55 99
55 164
55 118
55 168
55 169
55 174
55 178
55 115
55 196
55 150
55 57
55 89
55 90
55 187
55 93
56 112
56 157
56 147
56 104
56 122
56 109
56 78
57 164
57 118
57 198
57 73
57 170
57 93
57 178
57 83
57 150
57 90
57 187
57 61
58 133
58 137
58 152
58 165
58 167
58 129
58 173
58 200
58 151
58 193
58 67
58 68
58 70
58 199
58 72
58 75
58 204
58 77
58 163
58 86
58 102
58 60
58 107
58 146
58 110
58 117
58 119
58 127
59 144
59 158
59 119
59 190
59 63
60 129
60 67
60 70
60 137
60 76
60 77
60 173
60 75
60 84
60 152
60 68
60 165
60 176
60 167
60 107
60 146
60 163
60 204
60 119
60 123
60 127
61 178
61 83
61 164
61 118
61 73
61 170
61 93
62 81
62 130
63 128
63 190
63 80
63 144
63 158
63 119
64 172
64 122
64 147
64 155
65 126
66 96
66 161
66 131
66 132
66 101
66 201
66 171
66 79
66 191
66 189
66 94
67 193
67 72
67 137
67 204
67 173
67 145
67 87
67 152
67 133
67 165
67 197
67 163
67 107
67 146
67 110
67 177
67 127
68 128
68 137
68 149
68 156
68 158
68 162
68 129
68 199
68 173
68 184
68 151
68 193
68 70
68 71
68 75
68 77
68 80
68 163
68 86
68 188
68 102
68 108
68 117
68 119
68 121
68 127
69 105
69 202
69 91
69 195
70 75
70 129
70 76
70 77
70 84
70 86
70 158
70 163
70 167
70 107
70 173
70 176
70 117
70 119
70 123
70 127
71 128
71 129
71 75
71 77
71 149
71 86
71 156
71 158
71 193
71 162
71 163
71 102
71 106
71 199
71 184
71 121
71 136
71 151
71 127
72 194
72 134
72 200
72 137
72 138
72 143
72 148
72 85
72 152
72 175
72 160
72 100
72 166
72 103
72 167
72 173
72 111
72 180
72 117
72 182
72 127
73 178
73 83
73 198
73 170
74 92
74 124
75 77
75 149
75 86
75 158
75 188
75 80
75 162
75 102
75 129
75 193
75 108
75 151
75 163
75 128
75 199
75 119
75 184
75 127
76 135
76 78
76 84
76 150
76 176
76 89
76 90
76 93
76 97
76 99
76 164
76 167
76 168
76 169
76 107
76 112
76 187
76 183
76 148
76 123
77 128
77 199
77 137
77 149
77 86
77 152
77 158
77 107
77 80
77 188
77 102
77 129
77 193
77 108
77 151
77 173
77 163
77 119
77 184
77 127
78 97
78 99
78 109
78 176
78 174
78 84
78 123
78 157
79 160
79 161
79 132
79 182
79 166
79 200
79 171
79 141
79 111
79 112
79 192
79 148
79 191
79 175
79 189
79 94
80 129
80 128
80 149
80 86
80 158
80 188
80 163
80 102
80 108
80 119
80 151
81 130
81 141
82 196
82 198
82 135
82 168
82 169
82 170
82 183
82 112
82 116
82 89
82 187
82 191
83 170
84 135
84 200
84 148
84 89
84 97
84 187
84 167
84 104
84 169
84 176
84 112
84 168
84 119
84 123
84 183
85 194
85 100
85 180
85 186
85 159
85 143
86 128
86 137
86 149
86 156
86 158
86 162
86 134
86 129
86 199
86 173
86 136
86 184
86 151
86 193
86 163
86 102
86 188
86 117
86 119
86 121
86 127
87 165
87 197
87 177
87 142
87 137
87 204
87 110
87 145
87 152
87 159
87 92
87 133
88 185
88 139
88 125
88 203
89 196
89 198
89 135
89 183
89 148
89 174
89 150
89 90
89 93
89 164
89 168
89 169
89 170
89 112
89 178
89 116
89 118
89 187
90 99
90 164
90 150
90 168
90 169
90 178
90 93
90 176
90 174
90 196
90 118
90 187
91 105
91 202
91 185
92 142
92 124
93 99
93 164
93 150
93 198
93 168
93 169
93 174
93 176
93 178
93 196
93 118
93 187
94 96
94 161
94 131
94 132
94 101
94 191
94 201
94 189
96 131
96 132
96 101
96 201
96 189
97 99
97 169
97 174
97 176
97 123
98 114
99 195
99 164
99 150
99 174
99 169
99 107
99 176
99 146
99 118
99 196
99 123
100 175
100 166
100 103
100 194
100 138
100 173
100 143
100 200
100 180
100 182
100 111
101 113
101 131
101 132
101 201
101 189
102 128
102 199
102 133
102 137
102 149
102 152
102 156
102 158
102 188
102 163
102 129
102 193
102 108
102 119
102 184
102 151
102 127
103 160
103 134
103 166
103 138
103 173
103 175
103 200
103 180
103 182
103 111
104 112
104 183
104 171
104 135
104 167
104 109
104 141
105 195
106 193
106 163
106 133
106 137
106 110
106 184
106 156
106 199
106 127
107 176
107 165
107 108
107 146
107 204
107 152
107 202
107 123
108 128
108 129
108 146
108 149
108 188
108 163
108 184
108 151
109 112
109 147
109 135
109 157
110 193
110 133
110 137
110 204
110 145
110 152
110 197
110 163
110 177
110 184
110 127
111 134
111 138
111 173
111 148
111 167
111 160
111 161
111 166
111 171
111 175
111 180
111 117
111 182
111 120
111 121
111 136
111 200
112 116
112 148
112 161
112 135
112 171
112 141
112 168
112 183
112 191
113 132
114 179
115 178
116 196
116 198
116 135
116 168
116 169
116 170
116 183
116 187
116 191
117 182
117 129
117 120
117 151
117 160
117 166
117 167
117 173
117 136
117 199
117 158
117 163
117 119
117 121
117 200
117 134
117 127
118 164
118 165
118 169
118 178
118 150
118 187
119 199
119 129
119 128
119 149
119 158
119 144
119 167
119 188
119 127
119 151
119 163
119 123
119 190
120 160
120 192
120 134
120 136
120 121
120 175
120 166
121 134
121 173
121 151
121 156
121 158
121 160
121 162
121 163
121 166
121 129
121 167
121 199
121 136
121 200
121 127
122 147
122 155
123 176
123 202
123 185
125 203
125 139
127 128
127 133
127 137
127 149
127 152
127 156
127 158
127 134
127 129
127 199
127 151
127 184
127 193
127 204
127 173
127 163
127 200
128 149
128 158
128 188
128 162
128 163
128 129
128 199
128 184
128 151
129 137
129 149
129 158
129 162
129 199
129 173
129 184
129 151
129 193
129 163
129 188
130 141
131 201
132 161
132 198
132 201
132 170
132 171
132 148
132 183
132 191
132 189
133 193
133 137
133 204
133 145
133 152
133 197
133 163
133 165
133 177
133 184
134 199
134 138
134 175
134 167
134 160
134 162
134 166
134 173
134 182
134 136
134 200
135 148
135 196
135 198
135 169
135 170
135 183
135 168
135 187
135 191
136 160
136 162
136 156
136 173
136 199
137 204
137 145
137 152
137 184
137 156
137 193
137 199
137 151
137 173
137 163
137 177
138 160
138 166
138 173
138 175
138 200
138 180
138 182
139 203
140 154
141 192
141 161
141 171
142 165
142 177
142 204
142 145
142 197
143 194
143 180
143 148
143 186
143 200
144 158
144 190
145 165
145 197
145 204
145 177
145 152
146 176
146 165
146 204
146 179
146 152
147 157
147 155
148 198
148 160
148 161
148 166
148 167
148 168
148 171
148 175
148 200
148 180
148 182
148 183
148 191
149 199
149 158
149 188
149 163
149 184
149 151
150 164
150 168
150 169
150 174
150 176
150 178
150 196
150 187
151 156
151 158
151 162
151 199
151 173
151 184
151 188
151 193
151 163
152 193
152 204
152 173
152 165
152 197
152 163
152 177
153 192
154 195
154 196
154 174
155 172
156 173
156 193
156 199
156 162
156 163
156 184
158 162
158 167
158 199
158 173
158 188
158 190
158 163
159 177
159 194
159 186
159 197
160 192
160 175
160 173
160 167
160 161
160 166
160 171
160 182
160 200
161 192
161 182
161 171
161 175
161 191
161 189
162 163
162 199
163 199
163 184
163 193
163 204
163 173
163 188
164 196
164 198
164 168
164 169
164 174
164 176
164 178
164 187
165 177
165 204
165 179
166 167
166 171
166 173
166 175
166 180
166 182
166 200
167 200
167 171
167 173
167 182
168 187
168 198
168 169
168 170
168 196
168 183
169 196
169 198
169 183
169 174
169 176
169 178
169 187
170 198
170 183
170 187
171 182
171 200
171 183
171 175
171 191
173 175
173 180
173 182
173 193
173 199
173 200
174 176
174 195
174 196
174 187
175 192
175 200
175 180
175 182
176 202
177 197
177 204
178 196
178 187
180 194
180 182
180 200
182 200
183 198
183 187
183 191
184 199
184 188
184 193
185 202
186 194
187 196
187 198
189 201
191 198
193 199
193 204
196 198
197 204
199 200
