0 1
0 3
1 2
5 192
5 171
5 6
5 8
5 9
5 11
5 13
5 78
5 79
5 16
5 19
5 84
5 21
5 203
5 87
5 155
5 94
5 161
5 35
5 36
5 103
5 105
5 107
5 44
5 110
5 49
5 51
5 55
5 186
5 200
5 183
5 63
6 192
6 7
6 8
6 9
6 10
6 11
6 141
6 16
6 17
6 146
6 148
6 149
6 22
6 23
6 152
6 25
6 27
6 31
6 155
6 164
6 38
6 39
6 171
6 44
6 47
6 180
6 53
6 55
6 58
6 63
6 64
6 65
6 67
6 71
6 200
6 201
6 183
6 78
6 79
6 83
6 84
6 203
6 186
6 97
6 100
6 166
6 105
6 106
6 113
6 115
6 122
6 21
7 64
7 65
7 67
7 132
7 71
7 201
7 10
7 11
7 141
7 164
7 17
7 82
7 83
7 148
7 21
7 203
7 23
7 152
7 25
7 27
7 149
7 157
7 31
7 97
7 100
7 70
7 38
7 39
7 41
7 42
7 45
7 47
7 180
7 53
7 89
7 55
7 122
7 166
7 106
7 126
7 63
8 203
8 200
8 11
8 141
8 78
8 79
8 17
8 83
8 84
8 21
8 155
8 30
8 36
8 105
8 171
8 47
8 51
8 55
8 186
8 183
8 63
9 192
9 160
9 195
9 135
9 200
9 202
9 183
9 13
9 78
9 79
9 16
9 146
9 163
9 148
9 23
9 164
9 96
9 161
9 35
9 100
9 103
9 107
9 44
9 110
9 113
9 178
9 115
9 55
9 186
9 61
10 64
10 65
10 67
10 132
10 201
10 11
10 141
10 164
10 17
10 82
10 83
10 148
10 21
10 203
10 23
10 152
10 89
10 27
10 149
10 157
10 31
10 97
10 100
10 166
10 39
10 41
10 42
10 71
10 45
10 47
10 180
10 53
10 55
10 106
10 63
11 149
11 67
11 201
11 203
11 141
11 78
11 79
11 17
11 146
11 83
11 84
11 21
11 152
11 25
11 155
11 157
11 30
11 97
11 100
11 38
11 39
11 105
11 171
11 109
11 47
11 200
11 55
11 186
11 63
12 188
12 51
12 156
12 75
12 13
12 14
12 15
12 49
12 114
12 19
12 121
12 174
12 87
12 57
12 154
12 60
12 62
13 171
13 135
13 200
13 14
13 15
13 19
13 78
13 150
13 87
13 154
13 79
13 28
13 94
13 96
13 161
13 35
13 36
13 103
13 107
13 110
13 111
13 49
13 51
13 183
13 121
13 186
13 188
14 188
14 51
14 35
14 156
14 75
14 174
14 15
14 49
14 114
14 19
14 121
14 87
14 57
14 154
14 60
14 62
15 188
15 51
15 168
15 156
15 75
15 49
15 114
15 19
15 121
15 174
15 87
15 57
15 154
15 60
15 62
16 64
16 65
16 67
16 161
16 200
16 183
16 192
16 78
16 79
16 17
16 146
16 195
16 148
16 22
16 23
16 164
16 186
16 155
16 122
16 31
16 160
16 97
16 197
16 163
16 100
16 166
16 167
16 106
16 44
16 113
16 178
16 115
16 180
16 55
16 58
16 61
17 192
17 132
17 133
17 141
17 146
17 148
17 21
17 22
17 23
17 152
17 25
17 201
17 27
17 31
17 32
17 33
17 155
17 164
17 38
17 39
17 41
17 171
17 44
17 46
17 47
17 180
17 53
17 55
17 58
17 63
17 64
17 65
17 67
17 71
17 73
17 203
17 82
17 83
17 89
17 97
17 100
17 166
17 106
17 113
17 122
17 126
17 149
18 155
18 197
18 38
18 167
18 136
18 138
18 43
18 78
18 79
18 112
18 200
18 50
18 25
18 90
18 91
18 29
18 30
18 191
19 135
19 77
19 78
19 150
19 87
19 154
19 28
19 94
19 96
19 161
19 35
19 36
19 103
19 107
19 110
19 111
19 49
19 51
19 183
19 121
19 186
19 188
20 178
20 163
20 52
20 117
20 195
20 167
20 116
20 204
20 108
20 194
20 197
21 67
21 201
21 141
21 78
21 79
21 164
21 146
21 83
21 84
21 149
21 203
21 23
21 152
21 25
21 155
21 157
21 30
21 97
21 100
21 38
21 39
21 105
21 171
21 109
21 47
21 200
21 55
21 63
22 64
22 65
22 67
22 133
22 97
22 73
22 128
22 192
22 146
22 131
22 148
22 164
22 23
22 89
22 27
22 122
22 31
22 32
22 33
22 197
22 163
22 100
22 166
22 167
22 41
22 106
22 71
22 44
22 46
22 112
22 113
22 178
22 180
22 53
22 201
22 184
22 58
22 195
22 126
22 181
23 64
23 65
23 67
23 132
23 164
23 183
23 192
23 203
23 146
23 122
23 148
23 152
23 89
23 27
23 73
23 31
23 97
23 100
23 166
23 41
23 42
23 71
23 44
23 47
23 113
23 115
23 180
23 53
23 55
23 58
23 106
23 63
24 32
24 33
24 131
24 132
24 37
24 71
24 73
24 42
24 140
24 45
24 46
24 179
24 185
24 41
24 184
24 89
24 27
24 126
24 133
25 149
25 67
25 136
25 201
25 138
25 141
25 83
25 203
25 90
25 91
25 157
25 30
25 97
25 155
25 38
25 39
25 105
25 171
25 43
25 109
25 50
25 191
25 63
26 40
26 48
26 189
26 159
27 64
27 65
27 132
27 67
27 97
27 133
27 73
27 164
27 82
27 131
27 148
27 149
27 89
27 152
27 122
27 31
27 32
27 33
27 100
27 37
27 166
27 39
27 41
27 42
27 71
27 45
27 46
27 47
27 179
27 180
27 53
27 201
27 184
27 58
27 106
27 126
28 96
28 161
28 77
28 103
28 107
28 110
28 111
28 150
28 87
28 135
28 93
28 94
29 43
29 197
29 138
29 167
29 136
29 90
29 91
29 50
29 191
30 171
30 191
30 155
30 38
30 105
30 138
30 50
30 78
30 109
30 141
30 136
30 83
30 203
30 91
30 200
30 63
31 192
31 131
31 132
31 133
31 146
31 148
31 149
31 201
31 32
31 33
31 164
31 166
31 39
31 41
31 44
31 46
31 47
31 180
31 53
31 55
31 58
31 63
31 64
31 65
31 67
31 71
31 73
31 203
31 76
31 89
31 97
31 100
31 106
31 112
31 113
31 122
31 126
32 64
32 65
32 67
32 132
32 133
32 97
32 73
32 128
32 76
32 146
32 131
32 148
32 89
32 122
32 33
32 37
32 166
32 41
32 42
32 71
32 46
32 112
32 179
32 180
32 53
32 201
32 184
32 185
32 58
32 106
32 126
33 64
33 65
33 67
33 132
33 133
33 71
33 73
33 140
33 146
33 131
33 148
33 89
33 58
33 97
33 37
33 166
33 41
33 42
33 46
33 179
33 180
33 53
33 201
33 184
33 185
33 122
33 106
33 126
33 181
34 193
34 98
34 196
34 102
34 204
34 202
34 108
34 144
34 52
34 117
34 116
34 187
34 125
34 95
35 135
35 200
35 78
35 79
35 87
35 154
35 155
35 94
35 96
35 161
35 103
35 107
35 110
35 111
35 49
35 51
35 183
35 121
35 186
36 51
36 171
36 161
36 107
36 78
36 49
36 84
36 150
36 87
36 186
36 155
36 188
36 183
36 94
37 131
37 132
37 71
37 41
37 42
37 140
37 45
37 46
37 184
37 179
37 185
37 89
37 126
38 149
38 67
38 136
38 201
38 138
38 141
38 83
38 203
38 90
38 91
38 157
38 97
38 155
38 39
38 105
38 171
38 43
38 109
38 50
38 191
38 63
39 64
39 149
39 67
39 201
39 76
39 141
39 83
39 148
39 203
39 105
39 152
39 157
39 97
39 155
39 100
39 70
39 41
39 71
39 47
39 180
39 53
39 55
39 122
39 191
39 166
39 138
39 63
40 48
40 189
40 159
41 64
41 65
41 132
41 67
41 97
41 133
41 73
41 164
41 82
41 131
41 148
41 149
41 89
41 152
41 122
41 100
41 166
41 42
41 71
41 45
41 46
41 47
41 179
41 180
41 53
41 201
41 184
41 58
41 106
41 126
42 64
42 65
42 132
42 133
42 73
42 152
42 82
42 148
42 89
42 164
42 166
42 104
42 106
42 71
42 45
42 46
42 47
42 179
42 180
42 53
42 184
42 122
42 126
43 128
43 197
43 167
43 136
43 201
43 138
43 76
43 50
43 112
43 90
43 91
43 191
44 64
44 65
44 67
44 161
44 200
44 183
44 192
44 78
44 79
44 146
44 195
44 148
44 164
44 186
44 122
44 160
44 97
44 197
44 163
44 100
44 166
44 167
44 106
44 113
44 178
44 115
44 180
44 55
44 58
44 61
45 65
45 132
45 82
45 149
45 152
45 89
45 104
45 106
45 71
45 46
45 47
45 179
45 53
45 184
45 126
46 64
46 65
46 67
46 132
46 133
46 97
46 73
46 140
46 82
46 131
46 148
46 89
46 122
46 166
46 71
46 179
46 180
46 53
46 201
46 184
46 185
46 58
46 106
46 126
47 64
47 65
47 67
47 132
47 201
47 141
47 164
47 82
47 83
47 148
47 203
47 152
47 89
47 149
47 97
47 100
47 166
47 71
47 113
47 180
47 53
47 55
47 122
47 106
47 63
48 189
49 200
49 79
49 78
49 87
49 154
49 155
49 188
49 171
49 110
49 114
49 51
49 57
49 183
49 121
49 186
49 60
49 62
50 155
50 197
50 167
50 136
50 138
50 78
50 79
50 112
50 200
50 90
50 91
50 191
51 171
51 79
51 78
51 84
51 150
51 87
51 155
51 94
51 161
51 107
51 200
51 110
51 114
51 183
51 121
51 186
51 188
52 193
52 196
52 102
52 204
52 202
52 108
52 98
52 144
52 178
52 117
52 116
52 61
53 192
53 131
53 132
53 133
53 146
53 148
53 149
53 152
53 201
53 164
53 166
53 180
53 55
53 184
53 58
53 63
53 64
53 65
53 67
53 71
53 73
53 82
53 89
53 97
53 100
53 106
53 113
53 122
53 126
54 176
54 98
54 123
54 102
54 193
54 169
54 144
54 56
54 153
54 187
54 92
54 125
55 192
55 141
55 146
55 148
55 152
55 155
55 164
55 166
55 171
55 180
55 183
55 63
55 64
55 65
55 67
55 71
55 200
55 201
55 203
55 78
55 79
55 83
55 84
55 97
55 100
55 105
55 106
55 113
55 115
55 122
55 149
56 176
56 98
56 123
56 102
56 193
56 169
56 144
56 153
56 187
56 92
56 125
57 81
57 142
57 114
57 121
57 154
57 60
57 174
57 62
58 64
58 65
58 67
58 133
58 97
58 73
58 192
58 146
58 131
58 148
58 89
58 163
58 100
58 166
58 106
58 71
58 164
58 112
58 113
58 178
58 180
58 201
58 184
58 122
58 195
58 126
58 181
60 81
60 142
60 114
60 121
60 154
60 174
60 62
61 96
61 144
61 98
61 163
61 196
61 204
61 102
61 193
61 202
61 160
61 113
61 178
61 115
61 108
61 92
61 192
61 195
62 75
62 114
62 188
62 174
62 121
62 154
62 156
63 64
63 192
63 67
63 201
63 141
63 78
63 79
63 164
63 146
63 83
63 84
63 203
63 152
63 155
63 157
63 97
63 100
63 105
63 171
63 200
63 180
63 148
63 122
63 149
64 132
64 133
64 146
64 148
64 152
64 201
64 164
64 166
64 180
64 184
64 192
64 65
64 67
64 71
64 73
64 82
64 89
64 97
64 100
64 106
64 113
64 115
64 122
64 126
65 192
65 132
65 133
65 146
65 148
65 152
65 201
65 164
65 166
65 180
65 184
65 67
65 71
65 73
65 82
65 89
65 97
65 100
65 106
65 113
65 115
65 122
65 126
66 134
67 192
67 131
67 132
67 133
67 141
67 146
67 148
67 152
67 201
67 164
67 180
67 71
67 73
67 203
67 76
67 82
67 83
67 89
67 97
67 100
67 166
67 106
67 112
67 122
67 126
67 149
68 176
68 92
68 173
69 88
69 162
69 170
69 175
70 201
70 149
71 131
71 132
71 133
71 148
71 149
71 201
71 164
71 166
71 179
71 180
71 184
71 73
71 82
71 89
71 152
71 97
71 100
71 106
71 122
71 126
72 118
73 132
73 133
73 97
73 201
73 192
73 164
73 146
73 131
73 148
73 89
73 122
73 100
73 166
73 178
73 180
73 184
73 106
73 126
73 181
75 129
75 172
75 182
75 168
75 156
75 174
76 97
76 201
76 128
76 191
76 112
76 131
76 138
76 90
76 91
76 122
77 96
77 135
77 107
77 143
77 110
77 111
77 150
77 87
77 103
77 93
77 94
78 192
78 203
78 79
78 84
78 155
78 186
78 161
78 171
78 146
78 136
78 200
78 183
79 192
79 203
79 155
79 186
79 197
79 161
79 167
79 171
79 146
79 136
79 91
79 200
79 183
81 174
81 142
81 121
82 132
82 201
82 149
82 152
82 89
82 97
82 164
82 106
82 180
82 126
83 141
83 84
83 149
83 203
83 152
83 155
83 157
83 97
83 105
83 171
83 109
84 171
84 105
84 141
84 203
84 186
84 155
84 183
85 120
87 135
87 150
87 154
87 94
87 96
87 161
87 103
87 107
87 110
87 111
87 183
87 121
87 186
87 188
88 162
88 175
88 170
89 132
89 133
89 131
89 148
89 164
89 152
89 122
89 100
89 166
89 97
89 104
89 179
89 180
89 201
89 184
89 106
89 126
90 128
90 191
90 197
90 167
90 136
90 138
90 112
90 91
90 146
91 191
91 197
91 167
91 136
91 138
91 112
91 200
91 155
91 146
92 176
92 163
92 102
92 193
92 108
92 173
92 144
92 195
92 181
92 123
92 95
93 96
93 160
93 135
93 150
93 103
93 202
93 107
93 110
93 111
94 96
94 135
94 188
94 103
94 161
94 107
94 110
94 150
94 160
94 186
94 111
94 183
95 193
95 102
95 194
95 108
95 98
95 144
95 116
95 117
95 187
95 125
96 160
96 161
96 196
96 103
96 202
96 107
96 110
96 183
96 150
96 135
96 111
97 192
97 131
97 132
97 133
97 141
97 146
97 148
97 152
97 201
97 164
97 180
97 138
97 203
97 100
97 166
97 106
97 112
97 122
97 126
97 149
98 193
98 196
98 102
98 204
98 202
98 108
98 144
98 187
98 125
99 165
100 132
100 133
100 203
100 192
100 146
100 122
100 148
100 152
100 171
100 164
100 166
100 106
100 113
100 115
100 180
100 183
102 176
102 187
102 193
102 204
102 108
102 125
102 144
102 116
102 123
103 160
103 161
103 135
103 107
103 110
103 183
103 150
103 111
104 132
104 184
104 126
105 155
105 171
105 109
105 141
105 203
105 157
106 192
106 132
106 133
106 146
106 148
106 152
106 201
106 164
106 166
106 180
106 184
106 113
106 115
106 122
106 126
107 160
107 135
107 150
107 161
107 110
107 111
107 183
107 186
108 181
108 163
108 193
108 194
108 204
108 144
108 178
108 195
108 116
108 117
108 187
108 125
109 203
109 141
109 157
110 160
110 135
110 202
110 150
110 154
110 161
110 111
110 183
110 186
111 160
111 135
111 161
111 202
111 150
112 128
112 197
112 136
112 201
112 138
112 146
112 131
112 167
112 122
112 191
113 195
113 183
113 192
113 146
113 148
113 164
113 122
113 160
113 161
113 163
113 166
113 115
113 180
114 188
114 156
114 121
115 163
115 161
115 192
115 146
115 148
115 180
115 160
115 164
115 183
116 195
116 196
116 204
116 194
116 144
116 178
116 117
117 204
117 194
121 188
121 156
121 174
121 154
122 192
122 131
122 132
122 133
122 146
122 148
122 149
122 201
122 164
122 166
122 180
122 126
123 144
123 176
123 169
123 153
123 193
123 187
123 125
125 144
125 193
125 187
126 132
126 133
126 140
126 131
126 148
126 166
126 179
126 180
126 201
126 184
126 185
128 131
128 197
128 167
129 142
129 182
129 168
129 172
129 174
131 133
131 148
131 166
131 179
131 180
131 201
131 185
132 133
132 164
132 148
132 149
132 152
132 166
132 179
132 180
132 201
132 184
133 146
133 148
133 166
133 180
133 201
133 184
133 181
135 160
135 161
135 202
135 183
135 150
136 155
136 197
136 167
136 200
136 138
136 191
138 201
138 191
140 179
140 185
140 184
141 149
141 203
141 152
141 155
141 157
141 171
142 172
142 182
142 168
142 174
143 177
144 193
144 163
144 196
144 204
144 202
144 195
144 187
145 168
145 154
145 174
146 192
146 195
146 148
146 201
146 155
146 163
146 164
146 166
146 167
146 178
146 180
146 197
146 200
146 183
146 203
148 192
148 195
148 152
148 201
148 163
148 164
148 166
148 178
148 180
148 184
149 201
149 203
149 152
149 157
150 161
150 183
150 160
152 201
152 164
152 203
152 157
152 166
152 180
153 176
154 168
154 174
155 192
155 203
155 186
155 171
155 191
155 200
155 183
156 188
156 168
156 174
157 203
159 189
160 161
160 163
160 195
160 192
160 183
161 192
161 200
161 171
161 183
161 186
162 170
162 175
163 192
163 195
163 196
163 202
163 204
163 166
163 178
163 181
164 203
164 192
164 166
164 180
166 192
166 195
166 201
166 178
166 180
166 184
167 197
167 178
167 192
167 200
168 174
168 182
168 172
169 176
169 193
170 175
171 192
171 203
171 186
171 200
171 183
172 182
172 174
176 193
178 192
178 194
178 195
178 197
178 204
178 181
179 185
180 192
180 195
180 201
180 184
181 184
181 195
183 192
183 186
183 200
186 203
186 200
187 193
192 200
192 195
192 197
192 203
193 204
193 202
195 196
195 204
196 202
196 204
197 200
200 203
201 203
202 204
