0 198
0 1
0 2
0 3
0 4
0 179
0 134
0 71
0 8
0 9
0 12
0 78
0 143
0 81
0 142
0 120
0 201
0 29
0 30
0 33
0 35
0 36
0 37
0 102
0 129
0 196
0 108
0 168
0 111
0 49
0 50
0 51
0 181
0 73
0 72
0 186
0 59
0 166
0 61
0 190
0 63
1 129
1 2
1 3
1 4
1 69
1 134
1 71
1 8
1 9
1 12
1 78
1 143
1 201
1 81
1 142
1 120
1 179
1 29
1 30
1 198
1 33
1 35
1 36
1 37
1 102
1 168
1 196
1 108
1 111
1 49
1 50
1 51
1 181
1 73
1 72
1 186
1 59
1 166
1 61
1 190
1 63
2 3
2 4
2 69
2 134
2 71
2 8
2 9
2 12
2 78
2 143
2 201
2 81
2 142
2 120
2 179
2 29
2 30
2 198
2 33
2 35
2 36
2 37
2 102
2 129
2 196
2 108
2 168
2 111
2 49
2 50
2 51
2 181
2 73
2 72
2 186
2 59
2 166
2 61
2 190
2 63
3 201
3 4
3 69
3 134
3 71
3 8
3 9
3 202
3 12
3 78
3 143
3 81
3 142
3 120
3 179
3 29
3 30
3 198
3 33
3 35
3 36
3 37
3 102
3 129
3 108
3 168
3 111
3 49
3 50
3 51
3 181
3 73
3 72
3 186
3 59
3 166
3 61
3 190
3 63
4 196
4 179
4 134
4 71
4 8
4 9
4 12
4 13
4 78
4 143
4 81
4 142
4 73
4 120
4 201
4 29
4 30
4 198
4 33
4 35
4 36
4 37
4 102
4 129
4 108
4 168
4 111
4 49
4 50
4 51
4 181
4 55
4 72
4 186
4 59
4 166
4 61
4 190
4 63
5 192
5 171
5 196
5 198
5 7
5 72
5 138
5 119
5 76
5 77
5 13
5 17
5 149
5 87
5 15
5 28
5 95
5 32
5 98
5 27
5 100
5 101
5 104
5 156
5 170
5 107
5 44
5 46
5 176
5 55
5 184
5 185
5 31
5 60
5 143
6 193
6 203
6 132
6 11
6 16
6 18
6 163
6 20
6 21
6 24
6 153
6 90
6 34
6 99
6 164
6 106
6 112
6 178
6 83
6 54
6 184
6 188
7 192
7 171
7 198
7 72
7 204
7 10
7 55
7 76
7 77
7 15
7 17
7 170
7 149
7 87
7 27
7 28
7 69
7 98
7 155
7 100
7 101
7 167
7 42
7 107
7 44
7 46
7 143
7 119
7 120
7 122
7 31
7 138
8 134
8 129
8 9
8 12
8 78
8 81
8 142
8 25
8 201
8 29
8 94
8 33
8 35
8 36
8 37
8 102
8 103
8 168
8 108
8 49
8 50
8 51
8 73
8 186
8 59
8 61
8 63
9 179
9 198
9 129
9 73
9 12
9 141
9 78
9 80
9 81
9 142
9 120
9 156
9 29
9 33
9 35
9 36
9 37
9 102
9 103
9 168
9 108
9 111
9 49
9 50
9 51
9 201
9 72
9 186
9 59
9 61
9 190
9 63
10 128
10 192
10 98
10 100
10 198
10 72
10 42
10 139
10 204
10 14
10 80
10 46
10 120
10 122
10 155
11 130
11 131
11 132
11 203
11 76
11 194
11 16
11 18
11 163
11 20
11 24
11 153
11 28
11 96
11 34
11 99
11 164
11 195
11 167
11 171
11 112
11 117
11 54
11 126
12 179
12 134
12 71
12 78
12 143
12 81
12 142
12 120
12 201
12 29
12 30
12 198
12 33
12 35
12 36
12 37
12 102
12 129
12 196
12 108
12 168
12 111
12 49
12 50
12 51
12 181
12 73
12 72
12 186
12 59
12 166
12 61
12 190
12 63
13 71
13 31
13 55
13 79
13 196
13 143
13 29
13 95
13 33
13 104
13 41
13 170
13 44
13 49
13 179
13 119
13 184
13 58
13 59
13 60
14 100
14 198
14 104
14 201
14 108
14 141
14 80
14 72
14 51
14 120
14 122
14 155
14 156
14 42
15 107
15 138
15 76
15 17
15 131
15 149
15 28
15 158
15 31
15 32
15 98
15 100
15 101
15 39
15 104
15 42
15 171
15 176
15 185
15 170
16 130
16 131
16 132
16 76
16 194
16 18
16 163
16 84
16 203
16 24
16 153
16 28
16 96
16 34
16 99
16 164
16 195
16 167
16 106
16 171
16 112
16 117
16 54
16 20
16 126
17 107
17 138
17 76
17 131
17 149
17 28
17 158
17 31
17 32
17 98
17 100
17 101
17 39
17 170
17 171
17 176
17 54
17 185
17 126
18 130
18 131
18 132
18 76
18 194
18 163
18 20
18 21
18 203
18 24
18 153
18 28
18 96
18 34
18 99
18 164
18 195
18 106
18 171
18 112
18 54
18 188
19 186
19 134
19 94
19 151
20 193
20 203
20 132
20 76
20 79
20 83
20 87
20 24
20 153
20 28
20 161
20 34
20 99
20 164
20 167
20 170
20 171
20 44
20 112
20 55
20 184
20 119
20 188
21 34
21 99
21 132
21 182
21 136
21 74
21 43
21 130
21 47
21 112
21 164
21 83
21 154
21 23
21 24
21 153
21 90
21 91
21 106
22 70
22 136
22 105
22 175
22 47
22 177
22 146
22 115
22 52
22 57
22 26
22 91
22 157
22 191
23 34
23 99
23 164
23 182
23 136
23 106
23 43
23 130
23 47
23 112
23 154
23 24
23 90
23 91
23 74
24 194
24 195
24 132
24 130
24 163
24 203
24 153
24 154
24 96
24 34
24 99
24 164
24 106
24 112
24 84
24 188
25 168
25 103
26 160
26 147
26 197
26 199
26 105
26 109
26 175
26 146
26 115
26 85
26 157
26 191
27 192
27 171
27 69
27 198
27 71
27 72
27 201
27 55
27 76
27 77
27 143
27 87
27 28
27 31
27 38
27 166
27 44
27 46
27 111
27 179
27 204
27 119
27 184
27 58
28 192
28 194
28 131
28 132
28 138
28 76
28 77
28 171
28 149
28 87
28 158
28 31
28 98
28 100
28 101
28 167
28 170
28 107
28 44
28 46
28 54
28 119
28 185
28 126
29 134
29 71
29 75
29 142
29 143
29 81
29 73
29 196
29 201
29 186
29 30
29 95
29 33
29 35
29 36
29 37
29 102
29 129
29 111
29 49
29 50
29 179
29 55
29 72
29 58
29 59
29 61
29 190
29 63
30 69
30 134
30 129
30 202
30 78
30 81
30 150
30 151
30 33
30 35
30 36
30 37
30 166
30 111
30 49
30 50
30 181
30 186
30 61
30 190
30 63
31 192
31 171
31 196
31 138
31 119
31 76
31 77
31 149
31 87
31 95
31 32
31 98
31 100
31 101
31 104
31 156
31 170
31 107
31 44
31 46
31 176
31 54
31 55
31 184
31 185
31 60
31 143
32 196
32 39
32 104
32 41
32 138
32 189
32 176
32 156
32 149
32 54
32 88
32 185
32 60
32 170
32 95
33 179
33 134
33 71
33 78
33 143
33 81
33 142
33 73
33 120
33 201
33 198
33 35
33 36
33 37
33 102
33 129
33 196
33 108
33 168
33 111
33 49
33 50
33 51
33 181
33 55
33 72
33 186
33 59
33 166
33 61
33 190
33 63
34 193
34 130
34 195
34 132
34 74
34 99
34 203
34 153
34 154
34 90
34 96
34 163
34 164
34 106
34 43
34 112
34 83
34 188
35 179
35 134
35 71
35 78
35 81
35 142
35 201
35 181
35 36
35 37
35 102
35 103
35 129
35 108
35 168
35 111
35 49
35 50
35 51
35 94
35 73
35 72
35 186
35 59
35 61
35 190
35 63
36 134
36 129
36 142
36 143
36 201
36 51
36 37
36 38
36 168
36 49
36 50
36 179
36 181
36 55
36 186
36 59
36 61
36 190
36 63
36 69
36 198
36 71
36 72
36 73
36 202
36 78
36 81
36 58
36 166
36 102
36 108
36 111
36 119
36 120
37 69
37 134
37 71
37 202
37 78
37 143
37 201
37 81
37 142
37 150
37 151
37 179
37 198
37 166
37 102
37 129
37 108
37 168
37 111
37 49
37 50
37 51
37 181
37 73
37 72
37 186
37 59
37 61
37 190
37 63
38 192
38 69
38 166
38 71
38 72
38 119
38 87
38 44
38 77
38 46
38 79
38 184
38 121
38 55
38 111
38 68
38 58
38 143
38 190
39 100
39 101
39 104
39 138
39 141
39 176
39 149
39 185
39 156
39 189
40 48
40 133
40 53
40 56
40 125
40 62
40 117
41 189
41 178
41 196
41 88
41 185
41 170
41 60
41 95
42 128
42 98
42 100
42 198
42 104
42 201
42 141
42 80
42 72
42 120
42 122
42 155
42 156
43 99
43 182
43 106
43 130
43 93
43 173
43 114
43 154
43 90
43 74
43 127
44 192
44 171
44 72
44 55
44 77
44 79
44 87
44 143
44 69
44 170
44 71
44 46
44 111
44 179
44 119
44 184
44 58
44 60
46 128
46 192
46 69
46 198
46 72
46 201
46 55
46 76
46 77
46 143
46 184
46 87
46 98
46 166
46 111
46 204
46 119
46 120
46 122
47 162
47 86
47 136
47 175
47 144
47 177
47 115
47 52
47 57
47 91
47 182
48 56
48 53
48 125
48 62
48 133
49 69
49 134
49 71
49 75
49 142
49 143
49 81
49 73
49 186
49 196
49 201
49 95
49 102
49 119
49 129
49 111
49 72
49 50
49 179
49 55
49 58
49 59
49 61
49 190
49 63
50 179
50 134
50 71
50 78
50 143
50 81
50 142
50 120
50 201
50 198
50 102
50 129
50 196
50 108
50 168
50 111
50 51
50 181
50 73
50 72
50 186
50 59
50 166
50 61
50 190
50 63
51 198
51 129
51 139
51 80
51 81
51 78
51 102
51 103
51 168
51 108
51 142
51 111
51 72
51 181
51 201
51 120
51 122
51 166
51 190
51 63
52 136
52 162
52 70
52 86
52 127
52 57
52 91
52 182
52 175
53 96
53 126
53 131
53 117
53 56
53 194
53 125
53 62
53 133
54 96
54 131
54 132
54 138
54 76
54 171
54 149
54 88
54 153
54 97
54 163
54 164
54 195
54 170
54 107
54 185
55 192
55 72
55 143
55 77
55 79
55 87
55 196
55 69
55 166
55 95
55 71
55 111
55 179
55 119
55 184
55 58
55 60
55 170
55 190
56 96
56 126
56 131
56 133
56 125
56 62
56 117
57 136
57 162
57 70
57 86
57 127
57 91
57 175
58 161
58 69
58 71
58 119
58 184
58 79
58 87
58 77
58 143
58 179
58 111
58 60
58 190
59 134
59 71
59 142
59 143
59 80
59 81
59 196
59 201
59 156
59 95
59 102
59 129
59 111
59 179
59 73
59 72
59 186
59 168
59 61
59 63
60 196
60 71
60 104
60 170
60 119
60 79
60 179
60 184
60 185
60 143
60 95
61 134
61 71
61 202
61 75
61 78
61 143
61 81
61 142
61 150
61 151
61 201
61 181
61 102
61 129
61 168
61 111
61 179
61 94
61 73
61 72
61 186
61 166
61 190
61 63
62 96
62 133
62 125
62 126
62 117
63 179
63 134
63 71
63 78
63 81
63 142
63 201
63 102
63 103
63 129
63 108
63 168
63 111
63 94
63 73
63 72
63 186
63 190
63 181
64 65
64 114
64 83
64 173
64 74
64 127
64 90
64 93
65 173
65 114
65 83
65 118
65 90
65 93
65 127
66 195
68 137
68 187
68 180
68 174
69 192
69 198
69 72
69 201
69 204
69 77
69 143
69 81
69 139
69 87
69 129
69 71
69 111
69 179
69 181
69 119
69 184
69 190
69 166
70 162
70 86
70 175
71 129
71 72
71 143
71 79
71 75
71 142
71 77
71 81
71 87
71 196
71 201
71 95
71 119
71 111
71 179
71 186
71 184
71 190
72 139
72 143
72 179
72 156
72 129
72 181
72 190
72 192
72 196
72 198
72 201
72 204
72 77
72 80
72 81
72 142
72 87
72 95
72 166
72 108
72 111
72 119
72 120
72 122
73 134
73 129
73 142
73 81
73 94
73 102
73 168
73 186
74 99
74 182
74 106
74 130
74 173
74 114
74 154
74 90
74 93
74 127
75 186
76 192
76 194
76 131
76 132
76 138
76 77
76 171
76 149
76 87
76 158
76 98
76 100
76 101
76 170
76 107
76 119
76 185
76 126
77 192
77 171
77 198
77 201
77 143
77 184
77 87
77 166
77 111
77 179
77 204
77 119
77 120
78 134
78 129
78 81
78 150
78 151
78 102
78 103
78 168
78 145
78 108
78 111
78 181
78 186
78 190
79 161
79 203
79 172
79 170
79 143
79 193
79 87
79 184
79 119
80 179
80 198
80 104
80 108
80 141
80 142
80 201
80 120
80 122
80 156
81 134
81 202
81 143
81 201
81 142
81 151
81 179
81 198
81 102
81 129
81 108
81 168
81 111
81 181
81 186
81 166
81 190
82 128
82 124
83 99
83 132
83 161
83 106
83 203
83 172
83 112
83 164
83 178
83 193
83 153
83 90
83 188
84 96
84 130
84 117
84 135
85 146
85 147
85 197
85 169
85 105
85 123
85 191
86 136
86 162
86 182
86 127
86 91
86 173
87 192
87 171
87 198
87 201
87 166
87 111
87 179
87 204
87 119
87 184
87 143
88 97
88 185
88 189
88 110
89 145
89 187
89 183
90 193
90 203
90 152
90 153
90 154
90 99
90 164
90 106
90 112
90 177
90 182
90 188
90 127
91 162
91 136
91 144
91 177
91 115
91 175
91 182
92 200
92 187
92 183
93 114
93 173
94 168
94 134
94 102
94 151
94 186
95 196
95 201
95 142
95 143
95 141
95 156
95 104
95 170
95 179
95 119
95 185
96 131
96 132
96 133
96 130
96 194
96 106
96 126
96 163
96 153
96 195
96 117
97 178
97 163
98 192
98 131
98 107
98 149
98 155
98 158
98 100
98 101
98 171
98 122
98 138
98 126
99 193
99 130
99 195
99 132
99 203
99 153
99 154
99 163
99 164
99 106
99 112
99 178
99 188
100 131
100 198
100 141
100 171
100 149
100 155
100 158
100 101
100 104
100 107
100 176
100 122
100 138
101 131
101 138
101 107
101 158
101 176
101 171
101 149
101 185
101 126
102 179
102 134
102 129
102 142
102 201
102 103
102 168
102 111
102 186
102 190
103 168
103 108
104 196
104 198
104 138
104 141
104 156
104 176
104 179
104 170
104 120
104 185
104 189
105 146
105 115
105 147
105 197
105 123
105 157
105 191
106 130
106 195
106 132
106 163
106 153
106 154
106 164
106 112
106 182
106 188
107 131
107 194
107 138
107 171
107 158
107 176
107 149
107 185
107 170
107 126
108 198
108 129
108 139
108 166
108 142
108 181
108 201
108 120
108 122
109 160
109 137
109 174
109 199
111 129
111 142
111 143
111 150
111 179
111 181
111 186
111 190
111 198
111 201
111 202
111 166
111 119
112 193
112 130
112 203
112 132
112 163
112 153
112 154
112 164
112 184
112 188
113 194
113 116
113 167
113 200
113 135
113 204
114 173
115 144
115 146
115 180
115 136
115 157
115 175
116 128
116 204
117 194
117 131
117 133
117 135
117 125
117 126
119 192
119 171
119 196
119 198
119 201
119 170
119 166
119 179
119 184
119 143
120 179
120 128
120 139
120 141
120 142
120 143
120 156
120 155
120 198
120 166
120 201
120 122
121 202
122 128
122 198
122 201
122 139
122 204
122 155
123 146
123 147
123 169
123 197
123 191
124 145
124 139
125 133
125 135
126 133
126 149
126 135
126 194
126 138
126 171
126 158
126 131
127 162
127 182
127 173
128 166
128 198
128 139
128 204
128 155
129 134
129 202
129 143
129 201
129 142
129 151
129 179
129 198
129 168
129 181
129 186
129 166
129 190
130 132
130 182
130 153
130 154
131 194
131 171
131 133
131 138
131 195
131 149
131 158
132 193
132 195
132 163
132 203
132 153
132 164
132 167
132 171
132 188
133 194
133 135
134 151
134 168
134 186
135 194
135 167
136 162
136 175
136 144
136 182
137 177
137 148
137 152
137 174
137 159
138 149
138 158
138 170
138 171
138 176
138 185
139 198
139 166
139 201
139 145
139 204
139 181
139 190
141 176
141 198
141 142
141 201
141 196
141 156
142 179
142 198
142 143
142 196
142 201
142 156
142 168
142 186
142 190
143 179
143 181
143 184
143 190
143 192
143 196
143 198
143 201
143 166
144 165
144 157
145 181
145 150
146 197
146 147
146 157
146 191
147 169
147 197
147 191
148 152
148 177
148 159
149 158
149 170
149 171
149 176
149 185
150 190
150 166
150 151
150 202
150 181
151 202
151 186
152 177
152 193
152 174
152 159
153 193
153 195
153 163
153 203
153 154
153 164
153 188
154 164
154 182
155 198
155 204
155 158
156 176
156 198
156 179
156 201
156 196
157 180
158 171
159 177
160 199
161 193
161 184
161 188
161 203
161 172
162 182
163 203
163 164
163 195
163 188
164 193
164 203
164 178
164 188
166 198
166 201
166 179
166 204
166 181
166 192
166 190
167 192
167 194
168 186
169 197
169 191
170 171
170 196
170 176
170 184
170 185
170 189
171 192
171 194
171 185
172 178
172 193
172 184
172 203
172 188
173 182
174 177
174 180
175 191
176 189
176 185
177 193
178 188
178 203
179 186
179 190
179 196
179 198
179 201
180 200
181 201
181 202
181 186
181 190
183 187
184 192
184 193
184 203
185 189
186 202
186 190
188 193
188 203
190 198
190 202
190 201
191 197
192 198
192 204
193 203
196 198
196 201
198 201
198 204
