0 1
0 2
0 3
0 4
0 5
0 6
0 7
0 172
0 138
0 12
0 141
0 15
0 145
0 19
0 23
0 24
0 132
0 32
0 162
0 163
0 37
0 38
0 39
0 40
0 42
0 135
0 44
0 178
0 46
0 47
0 180
0 50
0 51
0 52
0 53
0 55
0 57
0 58
0 188
0 61
0 191
0 65
0 66
0 71
0 203
0 80
0 82
0 86
0 90
0 143
0 97
0 110
0 115
0 25
1 2
1 3
1 4
1 5
1 6
1 135
1 172
1 138
1 140
1 141
1 15
1 145
1 19
1 22
1 23
1 24
1 25
1 32
1 162
1 163
1 39
1 42
1 44
1 178
1 46
1 47
1 180
1 50
1 51
1 52
1 53
1 55
1 57
1 58
1 188
1 61
1 191
1 65
1 66
1 71
1 12
1 203
1 79
1 82
1 86
1 90
1 97
1 105
1 167
1 115
1 117
2 3
2 4
2 5
2 6
2 135
2 172
2 138
2 12
2 141
2 15
2 145
2 19
2 24
2 25
2 32
2 162
2 163
2 37
2 38
2 39
2 40
2 42
2 44
2 178
2 46
2 47
2 180
2 50
2 51
2 52
2 53
2 55
2 57
2 58
2 188
2 61
2 191
2 65
2 66
2 71
2 203
2 80
2 82
2 86
2 90
2 143
2 97
2 110
2 115
2 117
3 4
3 5
3 65
3 9
3 12
3 66
3 15
3 141
3 82
3 20
3 86
3 23
3 24
3 25
3 97
3 163
3 38
3 42
3 135
3 172
3 109
3 46
3 47
3 180
3 50
3 51
3 52
3 117
3 55
3 57
3 58
3 62
3 191
4 132
4 5
4 6
4 7
4 138
4 12
4 141
4 15
4 19
4 24
4 25
4 30
4 162
4 163
4 164
4 37
4 38
4 39
4 40
4 42
4 172
4 178
4 46
4 47
4 180
4 50
4 51
4 52
4 55
4 57
4 188
4 189
4 191
4 65
4 66
4 196
4 71
4 203
4 80
4 82
4 86
4 143
4 97
4 100
4 110
4 115
4 124
5 6
5 135
5 172
5 138
5 12
5 141
5 15
5 145
5 19
5 25
5 24
5 153
5 32
5 162
5 163
5 37
5 40
5 42
5 44
5 174
5 47
5 180
5 178
5 51
5 52
5 53
5 55
5 57
5 58
5 188
5 61
5 191
5 65
5 66
5 71
5 203
5 80
5 82
5 86
5 90
5 143
5 97
5 110
5 168
5 115
6 44
6 138
6 12
6 141
6 15
6 145
6 146
6 19
6 25
6 24
6 153
6 32
6 162
6 39
6 40
6 42
6 172
6 178
6 51
6 180
6 53
6 137
6 52
6 188
6 61
6 191
6 65
6 66
6 71
6 203
6 80
6 82
6 86
6 57
6 90
6 143
6 97
6 108
6 110
6 189
6 115
7 66
7 115
7 133
7 134
7 137
7 132
7 141
7 15
7 80
7 164
7 82
7 196
7 86
7 150
7 25
7 143
7 29
7 30
7 97
7 163
7 100
7 37
7 38
7 39
7 40
7 42
7 172
7 146
7 110
7 112
7 49
7 51
7 52
7 180
7 188
7 189
7 191
8 202
8 190
8 93
8 78
8 87
9 129
9 99
9 171
9 204
9 109
9 46
9 50
9 22
9 91
9 60
9 62
9 127
10 129
10 171
10 96
10 140
10 79
10 16
10 24
10 99
10 22
10 151
10 152
10 159
10 32
10 162
10 35
10 105
10 43
10 109
10 46
10 48
10 177
10 50
10 204
10 61
10 62
10 127
11 129
11 198
11 38
11 170
11 46
11 50
11 185
11 186
11 91
11 124
11 62
11 159
12 135
12 172
12 138
12 140
12 141
12 15
12 145
12 19
12 22
12 23
12 24
12 25
12 32
12 162
12 163
12 39
12 42
12 44
12 178
12 46
12 47
12 180
12 50
12 51
12 52
12 53
12 55
12 57
12 58
12 188
12 61
12 191
12 65
12 66
12 71
12 203
12 79
12 82
12 86
12 90
12 97
12 105
12 167
12 115
12 117
13 76
13 161
13 147
13 179
13 153
13 41
13 92
13 45
13 14
14 161
14 179
14 21
14 41
14 76
15 137
15 138
15 141
15 143
15 145
15 146
15 19
15 25
15 24
15 132
15 29
15 30
15 162
15 163
15 164
15 37
15 38
15 39
15 40
15 42
15 172
15 180
15 178
15 51
15 52
15 53
15 55
15 57
15 188
15 189
15 134
15 191
15 65
15 66
15 196
15 71
15 203
15 80
15 82
15 86
15 90
15 97
15 100
15 108
15 110
15 115
16 96
16 204
16 140
16 79
16 24
16 99
16 22
16 151
16 152
16 159
16 32
16 162
16 35
16 105
16 43
16 109
16 46
16 48
16 177
16 50
16 61
16 62
16 127
17 64
17 130
17 39
17 137
17 139
17 162
17 142
17 178
17 115
17 201
17 184
17 90
17 125
17 94
17 159
18 92
18 34
18 36
19 44
19 138
19 141
19 145
19 146
19 25
19 24
19 153
19 32
19 162
19 40
19 42
19 172
19 178
19 51
19 180
19 53
19 137
19 52
19 188
19 189
19 191
19 65
19 66
19 71
19 203
19 80
19 82
19 86
19 57
19 90
19 143
19 97
19 108
19 110
19 61
19 115
20 192
20 97
20 66
20 132
20 133
20 42
20 194
20 89
20 82
20 52
20 86
20 23
20 25
20 26
20 47
20 191
21 98
21 53
21 54
21 88
21 123
21 182
21 69
22 171
22 65
22 96
22 55
22 79
22 152
22 99
22 151
22 24
22 135
22 159
22 32
22 162
22 35
22 129
22 105
22 43
22 109
22 46
22 48
22 50
22 204
22 58
22 140
22 61
22 62
22 127
23 65
23 82
23 25
23 26
23 135
23 167
23 168
23 42
23 107
23 172
23 47
23 52
23 117
23 57
23 58
23 192
23 191
24 135
24 172
24 141
24 25
24 159
24 32
24 162
24 35
24 38
24 39
24 42
24 44
24 178
24 46
24 180
24 50
24 51
24 52
24 55
24 57
24 58
24 138
24 62
24 191
24 65
24 66
24 71
24 140
24 203
24 204
24 79
24 82
24 163
24 86
24 90
24 97
24 99
24 105
24 167
24 109
24 61
24 117
25 138
25 141
25 145
25 132
25 26
25 30
25 163
25 37
25 38
25 40
25 42
25 172
25 174
25 47
25 180
25 178
25 51
25 52
25 53
25 55
25 57
25 188
25 189
25 134
25 191
25 65
25 66
25 71
25 203
25 80
25 82
25 86
25 143
25 97
25 108
25 110
25 168
25 115
25 153
26 192
26 97
26 66
26 180
26 132
26 133
26 194
26 42
26 191
26 89
26 82
26 86
26 47
26 30
26 52
27 126
28 128
28 136
28 103
29 51
29 66
29 132
29 134
29 137
29 75
29 80
29 146
29 196
29 150
29 164
29 143
29 163
29 100
29 37
29 38
29 39
29 40
29 108
29 110
29 49
29 115
29 180
29 188
29 189
30 66
30 164
30 68
30 133
30 134
30 132
30 196
30 86
30 143
30 150
30 97
30 163
30 100
30 37
30 38
30 40
30 42
30 110
30 112
30 49
30 51
30 180
30 121
30 191
31 68
31 134
31 121
31 122
31 187
31 77
32 107
32 65
32 140
32 203
32 141
32 79
32 99
32 151
32 135
32 172
32 162
32 35
32 167
32 105
32 71
32 44
32 173
32 178
32 204
32 117
32 138
32 55
32 57
32 58
32 61
33 104
33 75
33 85
33 111
34 92
34 36
35 96
35 204
35 140
35 79
35 151
35 152
35 159
35 162
35 99
35 105
35 43
35 109
35 46
35 48
35 177
35 50
35 61
35 62
35 127
36 92
37 115
37 134
37 137
37 132
37 66
37 80
37 141
37 82
37 196
37 86
37 150
37 143
37 133
37 97
37 163
37 100
37 38
37 39
37 40
37 42
37 172
37 146
37 110
37 164
37 112
37 49
37 51
37 52
37 55
37 180
37 188
37 189
37 191
38 137
38 141
38 150
38 159
38 163
38 164
38 39
38 40
38 170
38 172
38 46
38 180
38 49
38 50
38 51
38 52
38 55
38 132
38 185
38 188
38 189
38 62
38 191
38 66
38 196
38 198
38 80
38 82
38 86
38 143
38 97
38 100
38 110
38 112
38 124
39 137
39 141
39 159
39 162
39 163
39 164
39 40
39 172
39 50
39 46
39 49
39 178
39 51
39 180
39 55
39 188
39 189
39 62
39 66
39 196
39 198
39 71
39 80
39 82
39 86
39 90
39 143
39 97
39 100
39 110
39 115
39 124
40 137
40 138
40 141
40 145
40 146
40 132
40 163
40 164
40 42
40 172
40 178
40 51
40 180
40 53
40 52
40 188
40 189
40 134
40 191
40 66
40 196
40 71
40 203
40 80
40 82
40 86
40 57
40 143
40 97
40 100
40 108
40 110
40 115
41 161
41 147
41 174
41 153
41 168
41 76
41 179
41 92
41 45
42 138
42 141
42 145
42 132
42 163
42 172
42 174
42 47
42 180
42 178
42 51
42 52
42 55
42 57
42 188
42 134
42 191
42 65
42 66
42 71
42 203
42 80
42 82
42 86
42 143
42 97
42 110
42 168
42 115
42 153
43 96
43 48
43 129
43 204
43 171
43 140
43 79
43 99
43 152
43 127
44 71
44 138
44 203
44 141
44 145
44 90
44 162
44 65
44 105
44 135
44 172
44 173
44 178
44 115
44 53
44 57
44 61
45 179
45 161
46 198
46 65
46 66
46 79
46 141
46 99
46 91
46 159
46 162
46 163
46 129
46 172
46 109
46 50
46 51
46 55
46 191
46 124
46 62
46 127
47 65
47 138
47 203
47 66
47 141
47 82
47 86
47 97
47 180
47 168
47 135
47 172
47 174
47 52
47 117
47 153
47 57
47 58
47 192
47 191
48 96
48 70
48 140
48 79
48 177
48 152
48 127
49 132
49 163
49 100
49 170
49 75
49 143
49 112
49 164
49 51
49 196
49 150
49 185
49 124
49 133
50 198
50 65
50 141
50 79
50 99
50 91
50 159
50 163
50 129
50 124
50 172
50 109
50 140
50 204
50 55
50 60
50 62
50 127
51 137
51 138
51 141
51 145
51 146
51 132
51 163
51 164
51 172
51 180
51 178
51 52
51 53
51 55
51 57
51 188
51 189
51 134
51 191
51 65
51 66
51 196
51 71
51 203
51 80
51 82
51 86
51 90
51 143
51 97
51 100
51 108
51 110
51 115
52 138
52 141
52 145
52 132
52 163
52 172
52 174
52 178
52 180
52 53
52 55
52 57
52 188
52 189
52 134
52 191
52 65
52 66
52 71
52 203
52 80
52 82
52 86
52 143
52 97
52 108
52 110
52 168
52 115
52 153
53 115
53 71
53 108
53 138
53 203
53 141
53 80
53 145
53 82
53 86
53 153
53 90
53 143
53 172
53 97
53 98
53 180
53 162
53 146
53 110
53 178
53 137
53 57
53 188
53 189
54 200
54 59
54 88
54 169
54 123
54 69
55 198
55 65
55 66
55 141
55 82
55 79
55 86
55 159
55 97
55 162
55 163
55 129
55 135
55 172
55 109
55 180
55 57
55 58
55 124
55 61
55 62
55 191
56 104
56 101
57 135
57 172
57 138
57 141
57 145
57 162
57 163
57 167
57 178
57 180
57 58
57 188
57 61
57 191
57 65
57 66
57 71
57 203
57 80
57 82
57 86
57 90
57 143
57 97
57 110
57 168
57 115
57 153
58 65
58 204
58 138
58 203
58 141
58 107
58 197
58 99
58 167
58 135
58 172
58 117
58 61
58 191
59 200
59 69
59 88
59 169
59 123
60 129
60 99
60 171
60 91
60 204
60 109
61 65
61 140
61 203
61 141
61 79
61 99
61 84
61 151
61 135
61 172
61 148
61 162
61 167
61 105
61 107
61 173
61 204
61 117
61 138
62 129
62 198
62 140
62 79
62 99
62 91
62 159
62 109
62 177
62 124
62 127
63 72
63 105
63 152
63 148
63 151
64 130
64 165
64 166
64 137
64 94
65 135
65 138
65 141
65 162
65 163
65 167
65 172
65 178
65 180
65 188
65 191
65 66
65 71
65 203
65 79
65 82
65 86
65 90
65 97
65 117
66 138
66 141
66 145
66 132
66 133
66 163
66 164
66 172
66 180
66 178
66 188
66 189
66 134
66 191
66 196
66 71
66 203
66 80
66 82
66 86
66 143
66 97
66 100
66 110
66 112
66 115
67 160
67 131
67 183
67 175
68 112
68 132
68 133
68 134
68 121
68 122
69 200
69 88
69 123
70 177
70 125
70 142
70 159
71 138
71 141
71 145
71 146
71 153
71 162
71 172
71 178
71 180
71 137
71 188
71 189
71 191
71 203
71 80
71 82
71 86
71 90
71 143
71 97
71 108
71 110
71 115
72 151
72 148
73 81
74 161
74 147
74 102
74 168
74 154
74 92
74 174
75 100
75 85
75 150
75 164
75 196
75 156
75 111
76 176
76 179
76 136
77 122
77 187
78 202
78 93
78 190
78 87
79 96
79 152
79 99
79 151
79 135
79 159
79 162
79 105
79 109
79 204
79 140
79 127
80 137
80 138
80 141
80 145
80 146
80 132
80 163
80 164
80 172
80 178
80 180
80 188
80 189
80 134
80 196
80 203
80 82
80 86
80 90
80 143
80 97
80 108
80 110
80 115
82 138
82 141
82 145
82 132
82 163
82 172
82 174
82 180
82 178
82 188
82 189
82 134
82 191
82 203
82 86
82 143
82 97
82 108
82 110
82 168
82 115
82 153
83 120
83 148
83 84
84 176
84 148
84 167
84 120
84 107
84 173
85 104
85 111
86 138
86 141
86 145
86 153
86 132
86 163
86 172
86 180
86 178
86 188
86 189
86 134
86 191
86 203
86 143
86 97
86 110
86 115
87 166
87 202
87 156
87 94
88 98
88 123
88 200
88 182
89 192
89 121
89 194
90 203
90 137
90 138
90 139
90 141
90 142
90 172
90 162
90 105
90 178
90 115
90 201
90 159
90 188
91 129
91 171
91 198
91 109
91 127
92 161
92 179
92 102
92 174
92 147
92 154
93 144
93 101
93 190
93 149
94 130
94 165
94 166
94 125
94 142
95 157
95 126
95 158
96 129
96 204
96 140
96 99
96 171
96 152
96 127
97 138
97 141
97 145
97 146
97 132
97 163
97 172
97 174
97 180
97 178
97 188
97 189
97 134
97 191
97 203
97 143
97 108
97 110
97 115
97 153
98 146
98 182
98 108
99 171
99 135
99 140
99 152
99 129
99 105
99 109
99 204
99 127
100 133
100 134
100 196
100 150
100 132
100 143
100 163
100 164
100 110
100 112
100 180
100 185
100 189
101 190
101 165
102 161
102 147
102 168
102 153
102 154
102 174
103 136
104 111
105 162
105 173
105 152
105 140
105 148
105 151
106 121
107 167
107 117
107 135
107 204
107 197
108 195
108 132
108 134
108 137
108 145
108 153
108 143
108 146
108 110
108 178
108 115
108 182
108 180
108 188
108 189
109 129
109 198
109 171
109 124
109 204
109 127
110 137
110 138
110 141
110 145
110 146
110 153
110 132
110 163
110 164
110 172
110 178
110 180
110 188
110 189
110 134
110 191
110 196
110 203
110 143
110 115
112 163
112 170
112 132
112 164
112 196
112 150
112 133
115 138
115 141
115 145
115 146
115 153
115 162
115 163
115 172
115 178
115 180
115 137
115 188
115 189
115 203
115 143
116 199
117 197
117 204
117 167
117 135
119 181
121 132
121 134
121 194
121 187
121 122
122 132
122 134
122 187
123 200
124 129
124 163
124 198
124 170
124 185
124 196
124 164
124 186
124 159
125 130
125 142
126 160
126 131
126 158
127 129
127 140
127 177
127 204
127 171
128 136
129 198
129 171
130 142
130 166
130 184
130 202
130 165
131 160
131 183
132 150
132 133
132 134
132 172
132 164
132 196
132 143
132 163
132 180
132 188
132 189
132 191
133 192
133 164
133 194
133 180
134 143
134 180
134 146
134 187
134 188
134 189
135 140
135 138
135 203
135 141
135 197
135 167
135 172
135 204
135 191
137 146
137 143
137 165
137 163
137 178
137 188
137 189
138 141
138 145
138 153
138 162
138 172
138 174
138 178
138 180
138 188
138 191
138 203
138 168
139 184
139 142
139 201
140 152
140 148
140 151
140 162
140 204
141 172
141 145
141 162
141 163
141 178
141 180
141 188
141 191
141 203
141 143
142 184
142 201
142 159
143 145
143 146
143 150
143 163
143 164
143 172
143 178
143 180
143 188
143 189
143 191
143 196
144 149
145 203
145 174
145 153
145 172
145 180
145 146
145 178
145 182
145 188
145 189
146 153
146 178
146 180
146 182
146 188
146 189
147 161
147 179
147 153
147 174
147 154
148 152
148 173
148 151
150 163
150 189
150 196
150 164
150 185
150 156
151 173
151 152
153 203
153 174
153 179
153 168
153 178
153 188
154 161
154 174
156 196
156 185
156 186
157 158
159 163
159 162
159 198
159 177
160 183
161 179
161 168
161 174
162 201
162 203
162 172
162 178
162 188
163 180
163 164
163 172
163 178
163 188
163 189
163 191
163 196
163 198
164 196
164 170
164 180
164 185
164 189
165 166
166 202
167 197
167 204
168 203
168 174
168 179
168 191
169 200
170 196
170 185
170 198
171 204
172 178
172 180
172 188
172 191
172 203
173 203
174 179
174 203
177 198
178 180
178 188
178 189
178 191
178 203
180 188
180 189
180 191
180 196
180 203
184 201
185 196
185 198
185 186
186 196
186 198
187 195
188 189
188 191
188 203
189 196
190 202
191 203
192 194
