0 1
0 98
0 3
0 131
0 5
0 72
0 201
0 138
0 77
0 145
0 115
0 117
0 119
0 121
0 155
0 60
0 133
1 115
1 2
1 3
1 4
1 5
1 72
1 138
1 155
1 77
2 180
2 3
2 4
2 153
2 138
2 155
2 191
3 4
3 5
3 72
3 155
4 155
4 103
5 133
5 8
5 201
5 138
5 77
5 142
5 131
5 21
5 155
5 97
5 98
5 35
5 109
5 113
5 115
5 117
5 119
5 72
5 121
5 60
6 64
6 193
6 66
6 198
6 9
6 10
6 203
6 76
6 82
6 87
6 88
6 153
6 92
6 29
6 162
6 163
6 103
6 108
6 109
6 46
6 125
6 49
6 179
6 52
6 53
6 118
6 180
6 188
6 61
6 126
6 191
7 96
7 33
7 135
7 104
7 78
7 111
7 48
7 178
7 20
7 30
7 151
7 47
7 124
7 62
7 63
8 131
8 132
8 97
8 72
8 138
8 203
8 140
8 142
8 15
8 81
8 82
8 163
8 21
8 124
8 153
8 47
8 29
8 160
8 33
8 98
8 155
8 167
8 168
8 54
8 191
8 109
8 111
8 113
8 115
8 52
8 53
8 118
8 119
8 120
8 121
8 127
8 117
8 125
8 126
8 63
9 64
9 149
9 198
9 135
9 137
9 10
9 108
9 61
9 46
9 79
9 49
9 82
9 179
9 52
9 53
9 118
9 88
9 92
9 29
9 146
10 64
10 162
10 198
10 108
10 146
10 46
10 61
10 49
10 82
10 179
10 52
10 53
10 118
10 137
10 88
10 92
10 29
10 149
11 176
11 51
11 37
11 102
11 158
11 200
11 122
11 175
11 174
11 94
11 31
12 81
12 34
12 147
12 101
12 181
12 183
12 56
12 73
12 190
12 15
13 36
14 129
14 34
14 164
14 73
14 170
14 22
14 183
14 56
14 25
14 123
14 202
14 159
15 131
15 54
15 72
15 73
15 138
15 183
15 98
15 142
15 81
15 82
15 21
15 153
15 97
15 34
15 101
15 167
15 168
15 191
15 109
15 113
15 115
15 180
15 117
15 119
15 120
15 121
15 123
15 188
15 125
15 126
15 181
16 160
16 171
16 197
16 167
16 168
16 105
16 202
16 139
16 120
16 19
16 73
16 152
16 169
16 90
16 123
17 130
17 67
17 70
17 200
17 139
17 144
17 18
17 83
17 171
17 23
17 152
17 26
17 27
17 28
17 93
17 94
17 165
17 32
17 37
17 102
17 41
17 43
17 44
17 174
17 157
17 176
17 50
17 51
17 186
17 158
17 105
17 185
17 122
17 59
17 166
18 130
18 68
18 70
18 144
18 83
18 23
18 26
18 27
18 28
18 93
18 94
18 32
18 37
18 41
18 43
18 44
18 50
18 157
18 114
18 51
18 186
18 182
18 122
18 59
19 192
19 193
19 66
19 196
19 69
19 38
19 71
19 105
19 171
19 177
19 148
19 86
19 169
19 185
19 58
19 90
19 197
20 96
20 104
20 78
20 47
20 48
20 178
20 62
20 151
20 124
20 30
20 63
21 131
21 132
21 97
21 138
21 203
21 140
21 142
21 81
21 82
21 163
21 153
21 120
21 179
21 54
21 29
21 33
21 98
21 155
21 167
21 168
21 191
21 109
21 47
21 180
21 113
21 115
21 52
21 53
21 118
21 119
21 72
21 121
21 63
21 125
21 126
21 117
22 56
22 129
22 136
23 130
23 67
23 68
23 70
23 200
23 175
23 144
23 83
23 186
23 26
23 27
23 28
23 93
23 94
23 32
23 37
23 41
23 43
23 44
23 157
23 114
23 51
23 158
23 185
23 122
23 59
24 199
24 184
24 202
24 139
24 141
24 110
24 143
24 112
24 173
24 50
24 116
24 57
24 152
24 89
24 154
24 27
24 93
25 129
25 56
25 202
25 154
25 170
25 159
26 32
26 130
26 37
26 70
26 200
26 43
26 44
26 50
26 144
26 51
26 185
26 186
26 27
26 157
26 158
26 165
27 130
27 139
27 173
27 144
27 28
27 157
27 32
27 37
27 41
27 43
27 50
27 93
27 114
27 51
27 182
27 185
27 186
28 130
28 68
28 70
28 83
28 157
28 94
28 32
28 37
28 41
28 43
28 44
28 93
28 114
28 51
28 186
28 182
28 122
28 59
29 64
29 193
29 66
29 135
29 203
29 76
29 79
29 82
29 84
29 87
29 88
29 153
29 92
29 33
29 163
29 198
29 113
29 104
29 108
29 46
29 125
29 49
29 178
29 179
29 52
29 53
29 118
29 137
29 61
29 126
30 96
30 33
30 100
30 104
30 78
30 111
30 48
30 178
30 151
30 47
30 124
30 63
31 176
31 102
31 55
31 91
31 189
31 174
31 175
32 130
32 37
32 70
32 41
32 43
32 44
32 114
32 144
32 51
32 186
32 182
32 157
32 158
33 160
33 132
33 203
33 140
33 79
33 84
33 151
33 47
33 96
33 97
33 100
33 166
33 104
33 105
33 135
33 174
33 111
33 176
33 113
33 178
33 52
33 53
33 55
33 127
33 124
33 189
33 62
33 63
34 98
34 131
34 101
34 167
34 168
34 73
34 183
34 81
34 147
34 117
34 54
34 56
34 120
34 123
34 188
34 181
35 97
35 187
35 100
35 195
35 72
35 124
35 127
35 77
35 142
35 111
35 48
35 156
35 115
35 55
35 132
35 201
35 47
35 60
35 63
36 194
37 130
37 67
37 68
37 70
37 200
37 74
37 175
37 144
37 83
37 139
37 171
37 152
37 93
37 94
37 166
37 41
37 43
37 44
37 174
37 157
37 176
37 50
37 51
37 186
37 158
37 185
37 122
37 59
38 192
38 193
38 66
38 163
38 197
38 71
38 169
38 75
38 80
38 177
38 148
38 86
38 126
39 128
39 65
39 133
39 145
39 156
39 42
39 107
39 60
39 45
39 190
40 128
40 74
40 107
40 95
41 130
41 68
41 70
41 74
41 139
41 83
41 152
41 93
41 94
41 95
41 161
41 43
41 114
41 157
41 50
41 51
41 186
41 182
41 122
41 59
42 128
42 65
42 45
43 130
43 67
43 70
43 200
43 144
43 83
43 93
43 94
43 165
43 44
43 114
43 157
43 50
43 51
43 186
43 158
43 182
43 185
43 122
43 59
44 130
44 70
44 200
44 144
44 51
44 186
44 157
44 158
45 128
45 65
45 201
45 133
45 145
45 156
45 107
45 60
45 190
46 64
46 193
46 66
46 203
46 76
46 82
46 87
46 88
46 153
46 92
46 162
46 163
46 198
46 103
46 108
46 109
46 125
46 49
46 179
46 52
46 53
46 118
46 180
46 188
46 61
46 126
46 191
47 160
47 132
47 97
47 203
47 140
47 79
47 84
47 151
47 135
47 96
47 100
47 113
47 104
47 111
47 72
47 178
47 52
47 63
47 124
47 189
47 62
47 127
48 100
48 111
48 124
48 78
48 85
49 64
49 135
49 203
49 76
49 82
49 87
49 88
49 153
49 92
49 162
49 198
49 103
49 108
49 125
49 179
49 52
49 53
49 118
49 137
49 61
49 191
50 130
50 69
50 139
50 144
50 185
50 152
50 157
50 173
50 110
50 93
50 51
50 186
50 182
50 57
50 58
51 130
51 67
51 68
51 70
51 200
51 74
51 175
51 144
51 83
51 139
51 171
51 152
51 93
51 94
51 174
51 157
51 176
51 186
51 158
51 185
51 122
51 59
52 135
52 140
52 153
52 163
52 168
52 179
52 180
52 53
52 54
52 137
52 138
52 191
52 64
52 193
52 66
52 198
52 72
52 203
52 76
52 79
52 82
52 84
52 87
52 88
52 92
52 97
52 104
52 108
52 109
52 61
52 113
52 118
52 125
52 126
53 64
53 193
53 66
53 135
53 203
53 76
53 79
53 82
53 84
53 87
53 88
53 153
53 92
53 163
53 198
53 113
53 104
53 108
53 109
53 125
53 178
53 179
53 118
53 137
53 61
53 126
53 191
54 131
54 72
54 73
54 138
54 203
54 98
54 142
54 81
54 82
54 153
54 97
54 163
54 167
54 168
54 191
54 109
54 180
54 113
54 140
54 115
54 117
54 118
54 119
54 120
54 121
54 123
54 125
54 126
54 181
55 160
55 67
55 100
55 166
55 102
55 105
55 171
55 140
55 63
55 111
55 176
55 204
55 174
55 132
55 127
55 124
55 189
56 129
56 101
56 73
56 170
56 181
56 183
56 159
57 161
57 164
57 199
57 202
57 139
57 141
57 110
57 143
57 112
57 116
57 152
57 184
57 93
58 99
58 116
58 69
58 71
58 185
58 196
58 173
58 143
59 83
59 68
59 70
59 74
59 204
59 175
59 186
59 122
59 157
59 94
59 95
60 65
60 201
60 142
60 77
60 145
60 117
60 156
60 133
61 64
61 203
61 82
61 87
61 88
61 153
61 92
61 162
61 198
61 103
61 108
61 179
61 180
61 118
61 125
61 191
62 96
62 104
62 106
62 135
62 178
62 151
62 84
62 79
62 189
63 160
63 132
63 97
63 203
63 140
63 142
63 79
63 151
63 96
63 100
63 104
63 174
63 111
63 176
63 113
63 178
63 72
63 84
63 124
63 189
63 127
64 193
64 66
64 203
64 76
64 80
64 146
64 149
64 87
64 88
64 92
64 163
64 198
64 177
64 108
64 82
64 179
64 118
64 137
65 128
65 195
65 133
65 77
65 145
65 150
65 201
65 187
65 156
65 190
66 192
66 197
66 71
66 75
66 76
66 80
66 146
66 148
66 149
66 86
66 87
66 88
66 163
66 169
66 193
66 108
66 82
66 177
66 118
66 126
67 171
67 132
67 70
67 200
67 204
67 74
67 139
67 140
67 152
67 90
67 157
67 94
67 160
67 102
67 105
67 174
67 176
67 185
67 122
67 127
67 166
68 83
68 70
68 74
68 186
68 122
68 93
68 94
68 95
69 196
69 99
69 148
69 165
69 71
69 169
69 185
69 197
70 130
70 200
70 74
70 83
70 175
70 93
70 94
70 157
70 114
70 186
70 122
71 192
71 196
71 169
71 75
71 80
71 177
71 148
71 86
71 197
72 138
72 203
72 77
72 142
72 81
72 82
72 131
72 153
72 179
72 155
72 92
72 97
72 98
72 168
72 109
72 113
72 115
72 117
72 119
72 121
72 191
72 124
72 125
73 131
73 101
73 167
73 168
73 107
73 98
73 81
73 117
73 183
73 120
73 90
73 123
73 190
73 181
74 83
74 139
74 204
74 110
74 171
74 152
74 122
74 93
74 94
74 95
75 192
75 193
75 163
75 197
75 169
75 76
75 80
75 177
75 148
75 87
75 126
76 192
76 193
76 82
76 87
76 153
76 163
76 108
76 177
76 179
76 180
76 118
76 188
76 125
76 126
76 191
77 131
77 201
77 138
77 142
77 145
77 155
77 156
77 133
77 97
77 98
77 115
77 117
77 119
77 120
77 121
78 85
79 132
79 198
79 135
79 203
79 140
79 84
79 151
79 88
79 96
79 104
79 106
79 108
79 178
79 172
79 137
80 192
80 137
80 193
80 177
80 146
80 148
80 149
80 86
80 88
81 131
81 138
81 183
81 98
81 142
81 82
81 153
81 97
81 101
81 167
81 168
81 191
81 109
81 113
81 115
81 180
81 117
81 119
81 120
81 121
81 123
81 188
81 125
81 126
81 181
82 131
82 153
82 163
82 168
82 179
82 180
82 188
82 138
82 191
82 193
82 198
82 203
82 87
82 88
82 92
82 97
82 98
82 103
82 108
82 109
82 113
82 118
82 119
82 121
82 125
82 126
83 175
83 157
83 186
83 122
83 93
83 94
83 95
84 96
84 203
84 132
84 198
84 135
84 104
84 137
84 106
84 127
84 140
84 178
84 172
84 151
86 192
86 196
86 172
86 177
86 146
86 148
86 149
87 193
87 203
87 153
87 162
87 163
87 103
87 108
87 109
87 125
87 179
87 118
87 180
87 188
87 126
87 191
88 198
88 108
88 146
88 118
88 137
88 92
88 149
89 112
89 184
89 116
89 154
89 141
89 143
90 160
90 197
90 167
90 168
90 105
90 139
90 140
90 152
90 171
90 120
90 169
90 123
91 189
92 135
92 203
92 155
92 162
92 198
92 103
92 104
92 108
92 125
92 179
92 118
92 191
93 199
93 139
93 152
93 157
93 94
93 161
93 110
93 186
93 182
93 122
94 200
94 204
94 139
94 171
94 152
94 175
94 157
94 174
94 176
94 186
94 122
96 104
96 135
96 178
96 151
97 131
97 132
97 138
97 203
97 140
97 142
97 153
97 155
97 160
97 98
97 100
97 167
97 168
97 109
97 111
97 113
97 115
97 117
97 119
97 120
97 121
97 127
97 124
97 125
98 131
98 138
98 203
98 142
98 153
98 155
98 167
98 168
98 191
98 109
98 113
98 115
98 180
98 117
98 119
98 120
98 121
98 123
98 125
98 181
99 173
99 143
100 160
100 132
100 151
100 140
100 142
100 111
100 204
100 174
100 176
100 124
100 189
100 127
101 147
101 117
101 181
101 183
101 190
102 160
102 132
102 166
102 200
102 174
102 175
102 176
102 189
102 127
103 162
103 125
103 179
103 180
103 118
103 153
103 191
104 203
104 198
104 135
104 178
104 151
105 160
105 132
105 197
105 166
105 167
105 200
105 172
105 171
105 140
105 174
105 196
105 176
105 185
105 127
106 178
106 134
106 151
106 194
106 189
107 183
107 190
108 203
108 146
108 149
108 162
108 163
108 198
108 179
108 118
108 137
109 181
109 131
109 138
109 203
109 153
109 179
109 155
109 118
109 163
109 167
109 168
109 180
109 113
109 115
109 117
109 119
109 120
109 121
109 191
109 188
109 125
109 126
110 161
110 164
110 199
110 139
110 141
110 112
110 116
110 170
110 152
110 184
110 202
111 132
111 204
111 140
111 142
111 151
111 176
111 160
111 174
111 124
111 189
111 127
112 173
112 116
112 199
112 154
112 184
112 141
112 143
113 131
113 138
113 203
113 140
113 142
113 163
113 153
113 179
113 155
113 167
113 168
113 180
113 115
113 118
113 119
113 120
113 121
113 191
113 117
113 125
113 126
114 161
114 130
114 144
114 182
114 186
114 157
115 131
115 201
115 138
115 203
115 142
115 153
115 120
115 155
115 167
115 168
115 180
115 117
115 119
115 121
115 125
115 191
116 197
116 169
116 170
116 141
116 143
116 173
116 154
116 184
116 202
117 131
117 138
117 183
117 142
117 201
117 133
117 145
117 168
117 119
117 120
117 121
117 190
118 193
118 203
118 138
118 153
118 162
118 163
118 198
118 168
118 125
118 179
118 137
118 180
118 126
118 191
119 131
119 201
119 138
119 203
119 142
119 153
119 155
119 167
119 168
119 180
119 120
119 121
119 125
119 191
120 131
120 138
120 183
120 142
120 167
120 168
120 121
120 123
120 181
121 131
121 201
121 138
121 203
121 142
121 153
121 155
121 167
121 168
121 180
121 125
121 191
122 200
122 204
122 139
122 171
122 152
122 175
122 157
122 174
122 176
122 186
123 131
123 167
123 168
123 204
123 142
123 183
124 160
124 132
124 127
124 140
124 142
124 151
124 189
125 193
125 131
125 138
125 203
125 153
125 179
125 155
125 163
125 168
125 180
125 188
125 126
125 191
126 192
126 193
126 203
126 177
126 153
126 197
126 163
126 167
126 168
126 180
126 188
126 191
127 132
127 204
127 140
127 151
127 160
127 166
127 171
127 174
127 176
127 189
128 195
128 150
128 187
128 156
129 170
129 159
130 144
130 157
130 158
130 165
130 182
130 185
130 186
131 138
131 203
131 142
131 153
131 155
131 167
131 168
131 191
131 180
131 181
132 204
132 203
132 140
132 151
132 160
132 166
132 167
132 171
132 174
132 176
132 189
133 142
133 145
133 201
133 156
133 190
134 172
134 194
135 203
135 198
135 151
135 178
135 137
137 198
137 146
137 149
138 203
138 153
138 179
138 155
138 180
138 168
138 191
139 199
139 171
139 152
139 185
139 197
140 203
140 160
140 166
140 167
140 168
140 171
140 174
140 176
141 184
141 154
141 199
141 173
141 143
142 201
142 187
142 204
142 195
142 156
142 160
142 167
142 168
143 169
143 202
143 173
143 184
143 154
144 173
144 186
144 185
144 157
144 165
145 156
145 201
145 190
146 198
146 177
146 149
147 181
148 192
148 193
148 196
148 169
148 177
148 197
149 198
149 177
150 187
150 156
150 195
151 178
151 189
152 171
152 199
152 157
152 185
152 197
153 203
153 162
153 179
153 155
153 163
153 168
153 180
153 188
153 191
154 184
154 170
154 202
155 203
155 179
155 191
156 201
156 195
156 187
157 200
157 171
157 165
157 186
157 158
157 182
157 185
158 200
158 165
159 170
159 202
160 204
160 166
160 167
160 171
160 174
160 176
161 182
161 199
162 179
162 191
163 192
163 203
163 193
163 197
163 177
163 168
163 180
163 188
163 191
164 199
164 170
164 202
165 196
165 166
165 200
165 185
166 200
166 171
166 174
166 176
166 172
166 185
167 168
167 171
168 193
168 203
168 191
168 180
168 181
169 192
169 193
169 196
169 202
169 177
169 184
169 197
170 184
170 202
171 197
171 200
171 204
171 174
171 176
171 185
172 196
174 200
174 204
174 176
174 189
175 204
176 200
176 204
176 189
177 192
177 193
178 203
179 203
179 198
179 180
179 191
180 188
180 191
181 183
181 188
182 186
183 190
184 202
185 196
185 200
187 204
187 195
188 191
189 194
191 203
192 193
192 197
193 203
193 197
195 204
196 197
197 202
198 203
