0 149
0 1
0 2
0 3
0 68
0 6
0 137
0 13
0 14
0 66
0 22
0 25
0 4
0 90
0 154
0 34
0 123
0 36
0 101
0 102
0 124
0 171
0 176
0 178
0 54
0 120
0 122
0 59
0 70
0 61
0 63
1 68
1 2
1 3
1 4
1 6
1 137
1 149
1 13
1 14
1 67
1 84
1 66
1 22
1 25
1 90
1 27
1 123
1 154
1 101
1 34
1 91
1 36
1 37
1 102
1 124
1 171
1 45
1 176
1 178
1 19
1 54
1 119
1 120
1 122
1 59
1 70
1 61
1 63
2 66
2 3
2 4
2 6
2 137
2 13
2 14
2 16
2 67
2 84
2 149
2 22
2 25
2 154
2 27
2 101
2 68
2 97
2 34
2 123
2 36
2 70
2 102
2 171
2 176
2 178
2 19
2 54
2 120
2 122
2 59
2 124
2 61
2 63
3 4
3 6
3 137
3 149
3 13
3 14
3 66
3 22
3 25
3 90
3 68
3 154
3 101
3 34
3 123
3 36
3 37
3 102
3 124
3 171
3 176
3 178
3 54
3 120
3 122
3 59
3 70
3 61
3 63
4 66
4 6
4 137
4 13
4 149
4 22
4 25
4 90
4 27
4 101
4 154
4 68
4 34
4 91
4 36
4 37
4 102
4 124
4 171
4 45
4 176
4 178
4 123
4 54
4 120
4 122
4 59
4 70
4 61
4 63
5 128
5 66
5 68
5 7
5 72
5 9
5 135
5 204
5 13
5 80
5 21
5 23
5 132
5 71
5 28
5 90
5 94
5 95
5 36
5 177
5 41
5 196
5 107
5 178
5 189
5 176
5 49
5 114
5 52
5 53
5 120
5 123
5 124
5 125
5 62
5 191
6 70
6 137
6 13
6 80
6 18
6 148
6 66
6 22
6 25
6 68
6 90
6 154
6 101
6 34
6 36
6 37
6 102
6 171
6 108
6 176
6 49
6 178
6 54
6 120
6 57
6 122
6 59
6 124
6 62
6 149
7 128
7 66
7 139
7 68
7 71
7 72
7 9
7 135
7 204
7 13
7 80
7 18
7 21
7 23
7 132
7 90
7 28
7 95
7 98
7 36
7 177
7 41
7 196
7 107
7 108
7 178
7 176
7 49
7 114
7 172
7 52
7 53
7 120
7 123
7 124
7 125
7 62
8 129
8 203
8 69
8 72
8 137
8 74
8 139
8 76
8 141
8 79
8 18
8 20
8 86
8 91
8 98
8 165
8 103
8 40
8 108
8 45
8 111
8 48
8 113
8 115
8 52
8 186
9 128
9 107
9 68
9 134
9 71
9 135
9 21
9 132
9 26
9 28
9 93
9 94
9 95
9 176
9 39
9 196
9 112
9 49
9 53
9 184
9 60
9 189
9 62
10 128
10 99
10 164
10 133
10 73
10 23
10 47
10 144
10 114
10 180
10 21
10 118
10 41
10 191
10 189
10 126
10 95
11 189
11 116
11 158
11 118
11 164
11 42
11 93
11 126
11 15
12 32
12 96
12 195
12 132
12 71
12 168
12 170
12 39
12 172
12 135
12 157
12 80
12 196
12 185
12 57
12 156
12 125
13 137
13 132
13 18
13 20
13 149
13 22
13 25
13 154
13 27
13 28
13 34
13 36
13 37
13 135
13 45
13 176
13 49
13 178
13 52
13 54
13 57
13 186
13 59
13 62
13 66
13 139
13 68
13 69
13 70
13 71
13 72
13 204
13 80
13 90
13 91
13 98
13 101
13 102
13 171
13 107
13 108
13 113
13 115
13 120
13 122
13 123
13 124
14 68
14 197
14 70
14 192
14 16
14 67
14 84
14 22
14 25
14 154
14 27
14 97
14 34
14 100
14 19
14 54
14 123
14 124
14 61
14 63
15 161
15 164
15 193
15 42
15 110
15 50
15 116
15 126
15 55
15 89
15 158
16 123
16 97
16 67
16 22
16 199
16 197
16 140
16 34
16 192
16 19
16 84
16 54
16 154
16 27
16 124
16 61
16 63
17 182
17 148
17 37
17 174
17 109
18 66
18 139
18 68
18 69
18 137
18 135
18 204
18 80
18 20
18 148
18 90
18 91
18 28
18 186
18 32
18 98
18 36
18 37
18 102
18 113
18 107
18 108
18 45
18 48
18 72
18 178
18 115
18 52
18 120
18 57
18 122
18 59
18 124
18 62
19 84
19 70
19 97
19 154
19 63
19 34
19 61
20 129
20 66
20 155
20 69
20 113
20 137
20 74
20 76
20 79
20 141
20 204
20 100
20 90
20 91
20 92
20 159
20 98
20 27
20 36
20 165
20 103
20 40
20 28
20 108
20 45
20 177
20 111
20 48
20 72
20 178
20 115
20 52
20 120
20 186
20 123
20 124
20 190
21 128
21 68
21 72
21 204
21 135
21 196
21 23
21 132
21 71
21 27
21 28
21 90
21 94
21 95
21 177
21 41
21 107
21 178
21 176
21 49
21 114
21 52
21 53
21 120
21 123
21 124
21 189
21 62
21 191
22 70
22 149
22 66
22 25
22 90
22 101
22 154
22 68
22 34
22 123
22 36
22 102
22 171
22 176
22 49
22 178
22 54
22 85
22 120
22 122
22 59
22 124
22 61
22 62
22 63
23 194
23 131
23 132
23 72
23 204
23 74
23 203
23 76
23 28
23 92
23 40
23 41
23 107
23 44
23 173
23 177
23 114
23 52
23 125
23 190
23 191
24 64
24 161
24 35
24 38
24 201
24 106
24 183
24 83
24 89
24 121
24 188
24 93
25 137
25 66
25 68
25 90
25 149
25 154
25 101
25 34
25 123
25 36
25 70
25 102
25 171
25 176
25 178
25 54
25 120
25 122
25 59
25 124
25 61
25 63
26 96
26 195
26 196
26 198
26 39
26 157
26 112
26 147
26 53
26 121
26 60
26 93
27 67
27 68
27 69
27 100
27 140
27 74
27 76
27 66
27 191
27 90
27 91
27 28
27 154
27 159
27 34
27 155
27 36
27 113
27 92
27 107
27 178
27 177
27 176
27 49
27 114
27 115
27 204
27 54
27 120
27 84
27 123
27 124
27 61
27 190
27 63
28 128
28 66
28 67
28 68
28 72
28 132
28 204
28 80
28 107
28 100
28 90
28 92
28 95
28 98
28 91
28 36
28 177
28 41
28 71
28 108
28 178
28 176
28 49
28 114
28 52
28 135
28 120
28 123
28 124
28 62
28 191
29 56
29 117
31 144
31 73
31 138
31 99
31 47
32 98
32 163
32 135
32 72
32 170
32 139
32 108
32 46
32 125
32 80
32 168
32 172
32 52
32 57
32 58
32 156
32 90
33 96
33 195
33 157
33 181
34 137
34 101
34 67
34 84
34 66
34 90
34 100
34 154
34 68
34 176
34 91
34 36
34 70
34 102
34 171
34 149
34 49
34 178
34 54
34 119
34 120
34 122
34 59
34 124
34 61
34 123
34 63
35 64
35 83
35 38
35 183
35 106
35 75
35 188
36 137
36 132
36 149
36 154
36 176
36 37
36 135
36 45
36 48
36 49
36 178
36 52
36 54
36 186
36 59
36 61
36 62
36 63
36 66
36 139
36 68
36 69
36 70
36 72
36 204
36 80
36 90
36 91
36 98
36 100
36 101
36 102
36 171
36 107
36 108
36 113
36 115
36 120
36 122
36 123
36 124
37 66
37 69
37 137
37 139
37 79
37 148
37 86
37 143
37 186
37 98
37 102
37 108
37 45
37 174
37 48
37 113
37 115
37 122
37 59
37 127
38 64
38 83
38 201
38 183
38 121
38 106
38 188
39 96
39 195
39 132
39 71
39 135
39 157
39 112
39 156
39 53
39 196
39 60
39 93
39 62
40 129
40 194
40 131
40 204
40 177
40 72
40 41
40 74
40 203
40 76
40 141
40 111
40 173
40 52
40 186
40 44
41 131
41 132
41 72
41 44
41 203
41 204
41 135
41 170
41 107
41 172
41 173
41 46
41 177
41 52
41 180
41 125
42 193
42 164
42 110
42 144
42 50
42 116
42 158
42 118
42 189
42 126
43 77
44 194
44 131
44 177
44 72
44 74
44 203
44 204
44 173
44 52
44 180
44 92
44 125
45 66
45 69
45 137
45 74
45 76
45 79
45 141
45 86
45 91
45 186
45 159
45 165
45 98
45 102
45 103
45 108
45 48
45 113
45 178
45 115
45 119
45 122
45 59
45 127
46 130
46 131
46 168
46 170
46 203
46 172
46 78
46 163
46 58
46 125
47 128
47 144
47 99
47 126
47 189
47 73
47 138
47 94
47 95
48 129
48 69
48 137
48 74
48 76
48 141
48 79
48 86
48 91
48 159
48 165
48 98
48 102
48 103
48 108
48 111
48 113
48 115
48 119
48 186
48 59
48 143
48 127
49 128
49 66
49 67
49 68
49 72
49 135
49 204
49 80
49 184
49 107
49 132
49 90
49 154
49 94
49 95
49 196
49 123
49 171
49 71
49 178
49 176
49 177
49 114
49 52
49 53
49 54
49 120
49 122
49 59
49 124
49 62
49 149
50 161
50 193
50 158
50 126
50 55
50 89
50 110
51 200
51 78
51 167
52 135
52 107
52 68
52 108
52 74
52 139
52 204
52 80
52 92
52 131
52 203
52 132
52 90
52 91
52 98
52 170
52 71
52 173
52 177
52 72
52 178
52 172
52 113
52 120
52 186
52 124
52 125
52 62
53 128
53 176
53 132
53 134
53 71
53 196
53 94
53 135
53 112
53 184
53 60
53 93
53 62
54 137
54 149
54 67
54 84
54 66
54 90
54 101
54 154
54 68
54 123
54 70
54 102
54 171
54 176
54 178
54 120
54 122
54 59
54 124
54 61
54 63
55 161
55 110
55 193
55 89
55 158
56 173
56 194
56 117
57 96
57 98
57 171
57 135
57 108
57 139
57 157
57 80
57 195
57 148
57 149
57 90
57 156
57 122
57 62
58 130
58 163
58 168
58 170
58 172
58 78
59 137
59 139
59 148
59 149
59 154
59 171
59 176
59 178
59 186
59 61
59 62
59 66
59 68
59 69
59 70
59 80
59 90
59 91
59 98
59 101
59 102
59 108
59 113
59 115
59 120
59 122
59 123
59 124
60 96
60 195
60 196
60 198
60 157
60 112
60 147
60 93
61 70
61 66
61 67
61 84
61 68
61 154
61 123
61 100
61 97
61 91
61 159
61 176
61 178
61 155
61 119
61 120
61 124
61 63
62 128
62 66
62 107
62 68
62 72
62 135
62 80
62 196
62 139
62 132
62 90
62 157
62 96
62 98
62 101
62 156
62 171
62 71
62 108
62 176
62 178
62 120
62 122
62 124
62 149
63 70
63 66
63 67
63 84
63 68
63 154
63 91
63 100
63 97
63 159
63 155
63 119
63 120
63 123
63 124
64 201
64 83
64 183
64 121
64 106
64 188
65 75
66 137
66 132
66 149
66 154
66 135
66 176
66 178
66 67
66 68
66 70
66 71
66 72
66 80
66 139
66 90
66 91
66 98
66 100
66 101
66 102
66 171
66 107
66 108
66 113
66 120
66 122
66 123
66 124
67 68
67 140
67 84
67 154
67 155
67 100
67 191
67 178
67 176
67 114
67 120
67 123
67 124
68 132
68 154
68 177
68 135
68 176
68 178
68 137
68 70
68 71
68 72
68 204
68 80
68 84
68 90
68 91
68 100
68 101
68 171
68 107
68 108
68 113
68 120
68 122
68 123
68 124
68 149
69 123
69 129
69 204
69 137
69 74
69 76
69 79
69 141
69 86
69 100
69 159
69 165
69 98
69 91
69 103
69 108
69 111
69 113
69 178
69 115
69 155
69 119
69 120
69 186
69 190
70 137
70 154
70 149
70 123
70 101
70 102
70 171
70 176
70 178
70 119
70 120
70 122
70 124
71 128
71 72
71 135
71 80
71 184
71 132
71 90
71 93
71 94
71 95
71 176
71 196
71 107
71 112
71 178
71 120
71 124
71 189
72 131
72 132
72 172
72 139
72 170
72 135
72 173
72 177
72 178
72 186
72 74
72 203
72 204
72 80
72 90
72 91
72 92
72 98
72 107
72 108
72 113
72 120
72 124
72 125
73 144
73 152
73 99
73 118
73 138
73 126
73 95
74 129
74 194
74 204
74 108
74 203
74 76
74 141
74 79
74 173
74 155
74 91
74 92
74 159
74 98
74 100
74 165
74 103
74 177
74 111
74 113
74 115
74 137
74 186
74 123
74 190
75 83
75 183
75 153
75 106
76 129
76 194
76 177
76 203
76 204
76 141
76 173
76 92
76 159
76 155
76 100
76 165
76 103
76 111
76 113
76 91
76 115
76 186
76 190
77 198
77 134
78 130
78 163
78 167
78 168
78 200
78 170
79 129
79 165
79 103
79 137
79 127
79 141
79 111
79 113
79 159
79 115
79 86
79 186
79 91
79 143
80 107
80 172
80 135
80 139
80 149
80 148
80 132
80 90
80 186
80 98
80 156
80 170
80 108
80 176
80 178
80 120
80 122
80 125
81 145
82 169
82 159
82 165
82 150
82 119
83 183
83 106
83 188
84 140
84 154
84 91
84 92
84 159
84 155
84 100
84 191
84 120
84 123
84 124
84 190
85 184
85 192
85 154
85 101
86 129
86 165
86 103
86 137
86 113
86 115
86 186
86 143
86 127
87 181
89 161
89 158
89 121
89 193
89 110
90 137
90 139
90 132
90 177
90 135
90 176
90 178
90 186
90 204
90 91
90 98
90 101
90 102
90 171
90 107
90 108
90 113
90 120
90 122
90 123
90 124
90 149
91 137
91 141
91 155
91 159
91 165
91 177
91 178
91 186
91 190
91 204
91 92
91 98
91 100
91 103
91 107
91 108
91 113
91 115
91 119
91 120
91 123
91 124
92 194
92 204
92 141
92 159
92 155
92 100
92 107
92 173
92 177
92 114
92 120
92 123
92 190
92 191
93 128
93 196
93 126
93 112
93 116
93 121
93 189
93 94
94 128
94 99
94 132
94 134
94 112
94 189
94 184
94 196
94 126
94 95
95 128
95 162
95 99
95 132
95 140
95 144
95 114
95 107
95 189
95 191
96 195
96 196
96 112
96 181
96 156
96 157
98 139
98 137
98 135
98 204
98 186
98 113
98 107
98 108
98 111
98 178
98 115
98 120
98 122
98 125
99 160
99 162
99 104
99 105
99 144
99 138
100 140
100 191
100 204
100 159
100 107
100 178
100 177
100 114
100 115
100 155
100 120
100 123
100 124
100 190
101 149
101 154
101 102
101 171
101 176
101 178
101 122
101 124
102 137
102 148
102 124
102 171
102 108
102 113
102 178
102 122
102 149
103 129
103 115
103 165
103 111
103 113
103 186
103 141
103 159
104 160
104 105
104 138
104 162
105 160
105 192
105 162
105 197
105 199
106 183
106 121
106 201
106 188
107 128
107 132
107 204
107 177
107 108
107 178
107 176
107 114
107 135
107 120
107 123
107 124
107 125
107 191
108 139
108 137
108 135
108 204
108 148
108 186
108 113
108 178
108 115
108 120
108 122
108 124
108 125
109 182
109 174
110 161
110 193
110 158
111 129
111 203
111 141
111 113
111 115
111 186
111 173
112 128
112 195
112 196
112 198
112 134
113 123
113 204
113 137
113 139
113 141
113 186
113 159
113 165
113 177
113 178
113 115
113 120
113 122
113 124
113 190
113 127
114 128
114 162
114 140
114 191
114 177
114 123
114 204
114 120
115 129
115 137
115 141
115 204
115 159
115 165
115 178
115 123
115 155
115 119
115 120
115 186
115 190
116 128
116 189
116 164
116 158
116 118
116 196
116 126
117 194
118 144
118 180
118 164
118 133
118 126
118 189
119 137
119 159
119 150
119 169
119 165
120 137
120 132
120 154
120 159
120 155
120 177
120 135
120 176
120 178
120 204
120 171
120 191
120 122
120 123
120 124
120 149
121 161
121 201
121 183
121 188
122 135
122 137
122 139
122 148
122 154
122 124
122 171
122 176
122 178
122 186
122 149
123 137
123 140
123 154
123 159
123 155
123 177
123 176
123 178
123 190
123 204
123 191
123 124
124 137
124 132
124 154
124 177
124 135
124 176
124 178
124 204
124 171
124 149
125 131
125 132
125 139
125 135
125 203
125 156
125 163
125 168
125 170
125 172
126 128
126 193
126 164
126 144
126 189
126 158
127 137
127 186
127 143
127 165
128 132
128 134
128 135
128 196
128 184
128 189
129 141
129 186
130 163
130 170
131 194
131 203
131 173
131 180
132 135
132 204
132 196
132 172
132 189
132 176
132 178
133 180
134 198
134 184
135 139
135 204
135 156
135 196
135 176
135 178
135 172
135 149
137 139
137 186
137 159
137 165
137 178
138 160
138 202
139 148
139 156
139 186
139 178
140 155
140 191
140 162
141 150
141 155
141 159
141 165
141 186
141 190
144 189
145 180
145 164
145 151
146 197
147 201
147 198
148 174
149 154
149 171
149 176
149 178
150 165
150 169
150 155
150 159
151 179
154 171
154 176
154 178
155 159
155 169
155 191
155 177
155 204
155 190
156 195
156 168
156 172
156 170
156 157
157 195
157 181
158 161
158 164
158 193
158 189
159 204
159 165
159 169
159 177
159 186
159 190
160 162
161 193
162 191
163 170
163 168
163 172
164 180
164 189
165 169
165 186
167 200
167 179
167 175
168 172
168 185
168 170
170 172
171 176
171 178
173 194
173 204
173 177
173 203
173 190
174 182
175 200
176 184
176 178
177 194
177 204
177 203
177 178
177 190
177 191
178 186
178 204
181 195
183 201
183 188
184 196
184 192
185 195
186 204
188 201
189 196
190 191
190 194
190 204
191 204
192 199
192 197
194 203
195 196
197 199
198 201
203 204
