0 1
0 2
0 131
0 4
0 7
0 9
0 11
0 12
0 13
0 14
0 17
0 19
0 150
0 152
0 29
0 160
0 35
0 36
0 37
0 40
0 45
0 46
0 48
0 177
0 51
0 73
0 184
0 59
0 189
0 190
0 194
0 195
0 199
0 72
0 140
0 75
0 88
0 92
0 96
0 100
0 145
0 61
0 117
0 125
1 128
1 2
1 3
1 4
1 69
1 7
1 9
1 28
1 16
1 145
1 19
1 149
1 151
1 88
1 36
1 92
1 31
1 160
1 34
1 35
1 100
1 41
1 199
1 45
1 111
1 189
1 117
1 119
1 184
1 187
1 60
1 61
1 127
2 3
2 4
2 7
2 145
2 9
2 128
2 11
2 12
2 13
2 14
2 17
2 19
2 149
2 28
2 29
2 31
2 160
2 34
2 35
2 36
2 37
2 40
2 45
2 46
2 48
2 189
2 184
2 187
2 60
2 61
2 190
2 199
2 72
2 140
2 75
2 88
2 92
2 96
2 59
2 100
2 103
2 111
2 117
2 127
3 128
3 69
3 7
3 138
3 28
3 16
3 145
3 19
3 151
3 88
3 100
3 92
3 199
3 31
3 160
3 34
3 35
3 36
3 163
3 40
3 41
3 197
3 45
3 111
3 119
3 60
3 125
3 127
4 7
4 72
4 9
4 187
4 75
4 140
4 13
4 144
4 19
4 149
4 88
4 100
4 199
4 160
4 35
4 36
4 103
4 71
4 45
4 46
4 189
4 117
4 184
4 121
4 59
4 60
4 61
4 190
5 81
5 163
5 174
5 126
6 32
6 194
6 68
6 165
6 70
6 104
6 201
6 10
6 12
6 82
6 78
6 18
6 51
6 20
6 158
6 87
6 84
6 62
7 145
7 9
7 11
7 12
7 13
7 14
7 17
7 131
7 150
7 152
7 29
7 160
7 35
7 36
7 37
7 40
7 45
7 46
7 48
7 51
7 73
7 184
7 59
7 189
7 190
7 194
7 199
7 72
7 140
7 75
7 88
7 92
7 96
7 100
7 103
7 61
7 19
7 117
7 125
8 99
8 101
8 47
8 74
8 15
8 115
8 21
8 118
8 153
8 26
8 27
8 186
8 85
9 75
9 72
9 73
9 194
9 11
9 12
9 13
9 14
9 17
9 19
9 150
9 88
9 100
9 152
9 184
9 29
9 96
9 35
9 36
9 37
9 195
9 103
9 40
9 145
9 199
9 45
9 46
9 189
9 48
9 177
9 140
9 51
9 117
9 160
9 59
9 61
9 190
10 32
10 97
10 179
10 68
10 70
10 178
10 104
10 201
10 139
10 82
10 78
10 18
10 51
10 84
10 87
10 20
10 58
10 165
10 116
11 96
11 131
11 68
11 72
11 75
11 12
11 66
11 14
11 13
11 201
11 17
11 18
11 19
11 110
11 150
11 88
11 100
11 152
11 29
11 32
11 36
11 37
11 195
11 145
11 40
11 194
11 199
11 44
11 46
11 48
11 177
11 140
11 51
11 73
11 160
11 59
11 125
11 190
12 131
12 140
12 13
12 14
12 17
12 18
12 19
12 152
12 29
12 158
12 32
12 36
12 165
12 40
12 44
12 46
12 48
12 177
12 51
12 201
12 59
12 190
12 64
12 160
12 66
12 68
12 72
12 73
12 75
12 78
12 82
12 88
12 37
12 96
12 100
12 194
12 110
12 125
13 72
13 75
13 194
13 14
13 17
13 19
13 88
13 100
13 29
13 96
13 36
13 37
13 103
13 46
13 48
13 140
13 51
13 117
13 201
13 184
13 59
13 61
13 190
14 96
14 75
14 177
14 72
14 201
14 17
14 19
14 150
14 88
14 100
14 152
14 184
14 29
14 32
14 36
14 37
14 145
14 40
14 194
14 199
14 46
14 48
14 76
14 140
14 51
14 117
14 73
14 160
14 59
14 61
14 190
15 99
15 101
15 74
15 47
15 115
15 21
15 118
15 153
15 26
15 27
15 186
15 85
16 128
16 197
16 129
16 138
16 92
16 145
16 131
16 151
16 28
16 31
16 160
16 34
16 163
16 40
16 41
16 199
16 174
16 111
16 119
16 125
16 127
17 96
17 75
17 68
17 72
17 152
17 18
17 19
17 78
17 88
17 100
17 201
17 184
17 29
17 32
17 36
17 37
17 177
17 40
17 194
17 82
17 46
17 48
17 76
17 140
17 51
17 73
17 160
17 59
17 61
17 190
18 194
18 68
18 73
18 139
18 78
18 82
18 20
18 87
18 29
18 32
18 165
18 110
18 48
18 51
18 116
18 201
18 84
19 72
19 75
19 150
19 88
19 100
19 184
19 29
19 96
19 35
19 36
19 37
19 103
19 145
19 199
19 45
19 46
19 189
19 48
19 140
19 117
19 160
19 59
19 61
19 190
20 32
20 97
20 67
20 179
20 178
20 104
20 201
20 139
20 82
20 78
20 51
20 52
20 87
20 84
20 116
21 99
21 101
21 47
21 74
21 115
21 85
21 118
21 153
21 26
21 27
21 186
22 33
22 98
22 164
22 135
22 136
22 130
22 200
22 147
22 54
22 121
22 188
22 159
23 131
23 119
23 138
23 44
23 125
23 79
25 42
25 63
25 143
25 50
25 55
26 115
26 99
26 86
26 74
26 101
26 118
26 85
26 47
27 107
27 153
27 74
27 101
27 85
28 64
28 36
28 199
28 41
28 128
28 151
28 45
28 111
28 34
28 146
28 163
28 119
28 160
28 127
28 92
28 138
28 31
29 64
29 75
29 66
29 100
29 72
29 110
29 150
29 88
29 68
29 152
29 165
29 32
29 36
29 37
29 195
29 96
29 40
29 194
29 199
29 44
29 46
29 48
29 177
29 140
29 51
29 131
29 73
29 160
29 59
29 125
29 190
31 128
31 69
31 138
31 142
31 81
31 151
31 100
31 92
31 197
31 160
31 34
31 163
31 36
31 145
31 41
31 199
31 45
31 174
31 111
31 119
31 125
31 126
31 127
32 194
32 68
32 73
32 82
32 78
32 87
32 96
32 165
32 46
32 48
32 51
32 201
32 84
32 190
33 98
33 147
33 164
33 54
33 135
33 136
33 191
33 188
33 130
33 159
34 128
34 69
34 199
34 138
34 142
34 145
34 92
34 151
34 160
34 197
34 163
34 81
34 41
34 45
34 174
34 111
34 119
34 125
34 126
34 127
35 72
35 140
35 144
35 149
35 88
35 36
35 199
35 160
35 187
35 100
35 103
35 71
35 45
35 111
35 189
35 117
35 184
35 121
35 59
35 60
35 61
36 145
36 128
36 158
36 160
36 40
36 45
36 46
36 48
36 51
36 73
36 184
36 59
36 61
36 190
36 64
36 194
36 203
36 199
36 72
36 140
36 75
36 88
36 92
36 96
36 100
36 103
36 111
36 119
36 125
36 127
37 177
37 72
37 75
37 150
37 88
37 152
37 96
37 100
37 195
37 145
37 194
37 199
37 45
37 46
37 189
37 48
37 76
37 140
37 117
37 73
37 184
37 61
37 190
39 58
39 204
39 157
40 64
40 197
40 72
40 138
40 66
40 79
40 131
40 110
40 150
40 88
40 100
40 92
40 160
40 195
40 145
40 194
40 199
40 44
40 46
40 48
40 177
40 51
40 73
40 119
40 125
41 128
41 69
41 151
41 142
41 111
41 163
41 119
41 92
41 127
42 50
43 161
43 171
43 108
43 196
44 64
44 66
44 131
44 73
44 138
44 194
44 110
44 79
44 48
44 177
44 125
44 119
45 69
45 72
45 128
45 140
45 144
45 145
45 149
45 150
45 88
45 199
45 160
45 100
45 71
45 111
45 189
45 117
45 184
45 197
45 187
45 60
45 61
45 126
45 127
46 96
46 75
46 100
46 72
46 201
46 82
46 78
46 88
46 68
46 152
46 184
46 103
46 194
46 48
46 140
46 51
46 117
46 73
46 160
46 59
46 61
46 190
47 115
47 99
47 86
47 74
47 85
48 96
48 75
48 68
48 72
48 66
48 201
48 78
48 150
48 88
48 100
48 152
48 110
48 195
48 194
48 199
48 82
48 177
48 140
48 51
48 131
48 73
48 160
48 59
48 125
48 190
49 141
49 167
50 63
50 143
50 55
51 96
51 194
51 75
51 68
51 70
51 72
51 78
51 87
51 88
51 100
51 201
51 158
51 165
51 110
51 82
51 73
51 84
51 59
51 190
52 107
52 97
52 67
52 179
52 102
52 139
52 178
52 115
52 85
52 87
52 116
53 89
53 124
53 175
54 98
54 147
54 164
54 135
54 191
54 188
54 130
54 159
55 143
55 63
56 120
58 87
58 204
58 157
58 62
59 100
59 75
59 72
59 88
59 68
59 96
59 103
59 140
59 160
59 61
59 190
60 69
60 71
60 111
60 144
60 189
60 149
60 121
60 187
60 61
60 127
61 72
61 75
61 140
61 144
61 149
61 88
61 100
61 184
61 199
61 96
61 103
61 145
61 71
61 117
61 160
61 189
61 190
62 157
62 70
62 104
62 90
62 154
63 143
64 128
64 160
64 66
64 131
64 146
64 138
64 151
64 77
64 203
64 119
64 92
64 125
64 158
65 133
66 194
66 131
66 165
66 73
66 110
66 177
66 79
66 125
67 97
67 178
67 115
67 139
67 102
67 179
67 107
67 116
68 96
68 194
68 70
68 201
68 75
68 78
68 82
68 84
68 87
68 158
68 165
68 104
68 190
69 145
69 170
69 199
69 142
69 81
69 163
69 174
69 93
69 126
69 127
70 165
70 104
70 201
70 78
70 82
70 84
70 87
70 158
71 144
71 189
71 149
71 184
71 121
71 93
71 117
72 160
72 75
72 145
72 88
72 100
72 96
72 103
72 194
72 199
72 189
72 140
72 117
72 73
72 184
72 190
73 96
73 131
73 194
73 195
73 110
73 150
73 88
73 100
73 152
73 177
73 76
73 125
73 190
74 99
74 101
74 107
74 86
74 153
74 85
75 100
75 82
75 78
75 88
75 184
75 96
75 103
75 194
75 140
75 201
75 160
75 190
76 195
76 177
76 150
76 137
76 152
76 183
76 94
77 146
77 182
77 151
77 156
77 122
77 203
77 92
78 96
78 194
78 179
78 201
78 139
78 82
78 87
78 165
78 104
78 178
78 116
78 84
78 190
79 131
79 138
79 119
79 125
79 110
80 123
81 163
81 142
81 197
81 174
81 126
82 96
82 194
82 179
82 201
82 139
82 87
82 165
82 104
82 178
82 116
82 84
82 190
84 178
84 104
84 201
84 139
84 87
84 116
84 179
84 165
85 99
85 101
85 107
85 115
85 118
85 153
85 186
86 99
87 179
87 97
87 104
87 201
87 139
87 178
87 165
87 116
88 131
88 150
88 152
88 160
88 177
88 184
88 189
88 190
88 194
88 195
88 199
88 140
88 92
88 96
88 100
88 145
88 117
88 125
89 124
89 175
90 154
91 176
91 97
91 114
91 181
91 113
91 106
91 109
92 128
92 146
92 131
92 151
92 100
92 160
92 199
92 111
92 138
92 119
92 125
92 127
93 144
93 169
93 142
94 137
94 183
95 168
95 155
96 201
96 100
96 152
96 103
96 194
96 140
96 190
97 116
97 102
97 178
97 139
97 109
97 113
97 114
97 179
97 181
97 106
98 130
98 147
98 164
98 135
98 136
98 191
98 188
98 159
99 115
100 131
100 150
100 152
100 160
100 177
100 184
100 189
100 190
100 194
100 195
100 197
100 199
100 140
100 145
100 117
100 125
101 107
101 118
101 186
101 153
102 192
102 198
102 106
102 178
102 113
102 114
102 115
102 181
102 186
103 140
103 190
104 201
106 192
106 114
106 179
106 178
106 181
106 113
106 109
107 139
107 153
107 116
108 161
108 196
108 132
108 171
109 176
109 114
109 181
109 113
110 131
110 165
110 195
110 194
110 177
110 125
111 128
111 199
111 145
111 146
111 163
111 149
111 151
111 160
111 119
111 187
111 127
113 114
113 181
114 178
114 179
114 181
115 198
115 118
115 186
116 139
116 178
116 179
117 140
117 144
117 145
117 150
117 199
117 160
117 189
117 184
118 186
119 197
119 199
119 128
119 151
119 146
119 131
119 125
119 160
119 163
119 138
119 127
121 144
121 149
121 200
121 187
121 189
122 156
122 182
123 166
124 175
125 197
125 128
125 145
125 131
125 150
125 160
125 195
125 199
125 177
125 151
125 138
126 163
126 133
126 145
126 197
126 174
126 195
126 180
126 150
126 199
127 128
127 199
127 138
127 145
127 151
127 160
127 163
127 197
128 199
128 138
128 145
128 146
128 151
128 160
128 163
129 138
129 163
130 147
130 164
130 135
130 193
130 191
130 188
130 159
131 195
131 197
131 138
131 194
131 150
131 177
133 195
133 180
133 174
133 150
133 197
134 161
135 147
135 164
135 191
135 188
135 159
136 164
136 200
136 188
136 159
137 172
137 173
137 183
138 163
138 151
138 197
138 199
139 178
139 179
140 160
140 199
140 189
140 184
140 190
141 167
142 163
142 169
142 170
142 174
144 189
144 149
144 184
145 150
145 199
145 160
145 163
145 195
145 197
145 174
145 189
145 184
146 203
146 160
146 151
146 182
146 156
146 158
147 164
147 193
147 191
147 188
147 159
149 189
149 187
150 152
150 197
150 195
150 199
150 177
150 184
151 160
151 163
152 194
152 195
152 177
152 183
156 182
157 204
158 203
158 165
159 164
159 200
159 188
160 184
160 189
160 190
160 203
160 199
161 171
163 199
163 197
163 174
164 191
164 188
165 194
169 170
171 196
172 173
174 197
177 197
177 194
177 195
178 201
178 179
178 181
179 201
179 181
184 199
184 189
184 190
188 193
188 191
189 199
190 201
190 194
191 193
192 202
192 198
194 201
195 197
195 199
197 199
198 202
