0 1
0 2
0 3
0 4
0 5
0 6
0 65
0 9
0 14
0 16
0 17
0 107
0 78
0 153
0 25
0 27
0 93
0 158
0 144
0 34
0 35
0 100
0 39
0 40
0 188
0 43
0 112
0 49
0 113
0 55
0 122
0 60
0 125
0 85
1 2
1 3
1 4
1 5
1 6
1 9
1 78
1 25
1 27
1 158
1 34
1 35
1 49
1 188
1 107
1 112
1 113
1 55
1 122
1 60
1 125
2 3
2 4
2 5
2 6
2 9
2 183
2 78
2 25
2 27
2 93
2 158
2 34
2 35
2 100
2 49
2 188
2 107
2 112
2 113
2 55
2 122
2 60
2 125
3 107
3 4
3 5
3 6
3 65
3 9
3 75
3 14
3 144
3 17
3 78
3 23
3 25
3 90
3 27
3 93
3 158
3 165
3 33
3 34
3 35
3 100
3 70
3 39
3 40
3 188
3 43
3 175
3 112
3 49
3 183
3 113
3 89
3 55
3 153
3 122
3 60
3 125
3 85
4 5
4 6
4 9
4 175
4 14
4 144
4 131
4 23
4 25
4 155
4 158
4 159
4 33
4 34
4 35
4 165
4 166
4 40
4 43
4 47
4 49
4 52
4 53
4 55
4 184
4 60
4 65
4 67
4 71
4 75
4 77
4 78
4 85
4 86
4 89
4 90
4 93
4 100
4 188
4 107
4 112
4 113
4 122
4 183
5 6
5 65
5 9
5 75
5 14
5 144
5 17
5 107
5 78
5 23
5 25
5 90
5 27
5 93
5 158
5 34
5 35
5 100
5 165
5 39
5 40
5 188
5 43
5 175
5 112
5 49
5 183
5 113
5 89
5 55
5 153
5 122
5 60
5 125
5 85
6 65
6 9
6 75
6 78
6 17
6 107
6 85
6 73
6 24
6 25
6 175
6 158
6 159
6 160
6 33
6 34
6 35
6 100
6 165
6 166
6 113
6 40
6 188
6 170
6 43
6 125
6 177
6 47
6 49
6 131
6 55
6 122
6 60
6 61
6 127
7 130
7 177
7 70
7 73
7 16
7 17
7 99
7 24
7 29
7 96
7 35
7 164
7 38
7 49
7 40
7 43
7 46
7 175
7 113
7 19
7 52
7 181
7 54
7 55
7 188
7 125
8 88
8 83
8 109
8 174
8 195
9 65
9 75
9 14
9 144
9 17
9 107
9 78
9 23
9 25
9 90
9 27
9 93
9 158
9 165
9 33
9 34
9 35
9 100
9 70
9 39
9 40
9 188
9 43
9 175
9 112
9 49
9 183
9 52
9 113
9 89
9 55
9 153
9 122
9 60
9 125
9 85
10 80
10 148
10 66
10 132
11 59
11 37
11 134
11 136
11 124
11 30
11 108
11 13
11 15
11 48
11 145
11 140
11 180
11 21
11 95
11 28
11 94
11 69
12 161
12 102
12 42
12 44
12 114
12 18
12 58
12 74
12 117
12 182
12 152
12 154
12 157
13 134
13 136
13 15
13 145
13 21
13 89
13 90
13 155
13 28
13 93
13 30
13 95
13 37
13 48
13 180
13 53
13 183
13 184
13 59
13 124
13 63
14 144
14 23
14 25
14 155
14 158
14 159
14 33
14 34
14 35
14 165
14 166
14 39
14 40
14 43
14 175
14 48
14 49
14 52
14 53
14 55
14 184
14 65
14 67
14 196
14 70
14 71
14 75
14 78
14 85
14 86
14 89
14 90
14 93
14 95
14 100
14 107
14 110
14 111
14 112
14 113
14 183
15 155
15 69
15 134
15 145
15 136
15 63
15 95
15 94
15 48
15 124
15 140
15 180
15 53
15 184
15 59
15 28
15 37
15 30
15 21
16 130
16 70
16 73
16 17
16 99
16 24
16 153
16 27
16 29
16 35
16 164
16 49
16 188
16 43
16 46
16 113
16 52
16 181
16 54
16 55
16 60
16 125
17 65
17 130
17 78
17 19
17 85
17 73
17 23
17 24
17 25
17 27
17 29
17 158
17 107
17 34
17 35
17 164
17 70
17 38
17 113
17 40
17 188
17 43
17 177
17 175
17 99
17 49
17 52
17 181
17 54
17 55
17 153
17 57
17 122
17 60
17 125
18 58
18 74
18 102
18 157
19 65
19 130
19 70
19 85
19 23
19 159
19 96
19 164
19 38
19 177
19 40
19 43
19 173
19 175
19 49
19 115
19 52
19 181
19 54
19 55
19 120
20 176
20 58
20 182
21 155
21 37
21 134
21 145
21 136
21 63
21 95
21 140
21 48
21 124
21 180
21 53
21 183
21 184
21 59
21 28
21 30
21 69
22 96
22 135
22 169
22 106
22 172
22 173
22 142
22 50
22 115
22 54
22 56
22 189
23 193
23 144
23 153
23 158
23 159
23 34
23 35
23 164
23 165
23 38
23 39
23 40
23 43
23 175
23 49
23 52
23 54
23 55
23 188
23 62
23 65
23 67
23 196
23 70
23 71
23 75
23 78
23 85
23 86
23 89
23 96
23 100
23 104
23 107
23 110
23 111
23 113
24 130
24 73
24 175
24 188
24 25
24 47
24 29
24 160
24 99
24 177
24 105
24 170
24 43
24 61
24 49
24 181
24 55
24 57
24 122
24 60
24 125
24 127
25 65
25 75
25 175
25 144
25 107
25 78
25 73
25 27
25 158
25 33
25 34
25 35
25 100
25 165
25 113
25 40
25 188
25 43
25 177
25 47
25 112
25 49
25 55
25 122
25 60
25 125
25 85
26 48
26 192
26 163
26 180
26 167
26 139
26 140
26 63
27 78
27 43
27 85
27 153
27 49
27 158
27 34
27 35
27 39
27 188
27 107
27 112
27 113
27 55
27 122
27 60
27 125
28 37
28 134
28 136
28 140
28 95
28 108
28 48
28 145
28 30
28 180
28 59
28 124
28 94
28 69
29 129
29 130
29 177
29 70
29 73
29 99
29 164
29 38
29 49
29 43
29 46
29 113
29 52
29 181
29 54
29 55
29 188
29 125
30 69
30 134
30 136
30 77
30 145
30 89
30 155
30 94
30 95
30 98
30 37
30 48
30 180
30 53
30 184
30 59
30 124
31 32
31 64
31 148
31 132
31 179
31 200
31 173
31 115
31 121
31 147
31 87
31 120
31 36
32 200
32 87
32 36
33 65
33 175
33 67
33 71
33 75
33 77
33 144
33 78
33 86
33 89
33 155
33 93
33 158
33 159
33 100
33 165
33 166
33 40
33 107
33 47
33 112
33 131
33 183
33 184
33 85
34 65
34 183
34 144
34 107
34 78
34 90
34 93
34 158
34 35
34 100
34 39
34 40
34 188
34 43
34 112
34 49
34 113
34 55
34 153
34 122
34 60
34 125
34 85
35 158
35 159
35 165
35 39
35 40
35 43
35 175
35 49
35 52
35 181
35 55
35 60
35 65
35 70
35 177
35 75
35 78
35 85
35 89
35 90
35 93
35 144
35 100
35 188
35 107
35 111
35 112
35 113
35 183
35 153
35 122
35 125
36 64
36 132
36 179
36 200
36 173
36 115
36 148
36 147
36 87
36 120
36 121
37 98
37 69
37 134
37 136
37 124
37 108
37 145
37 180
37 59
37 94
37 95
38 130
38 70
38 159
38 96
38 164
38 177
38 40
38 43
38 173
38 175
38 49
38 115
38 52
38 181
38 54
38 55
38 120
39 65
39 71
39 183
39 78
39 144
39 167
39 67
39 89
39 90
39 93
39 158
39 107
39 100
39 113
39 40
39 43
39 111
39 112
39 49
39 155
39 53
39 55
39 153
39 104
39 63
39 62
39 85
40 144
40 175
40 158
40 159
40 164
40 165
40 43
40 173
40 47
40 49
40 52
40 181
40 54
40 55
40 60
40 65
40 67
40 196
40 70
40 71
40 177
40 75
40 78
40 85
40 86
40 89
40 96
40 100
40 104
40 188
40 107
40 110
40 111
40 113
40 115
40 122
41 192
41 193
41 67
41 196
41 101
41 71
41 104
41 137
41 106
41 139
41 172
41 110
41 51
41 204
41 149
41 151
41 186
41 62
42 161
42 114
42 117
42 162
42 152
42 154
42 199
42 44
42 157
42 202
43 130
43 158
43 159
43 164
43 175
43 49
43 52
43 181
43 54
43 55
43 60
43 65
43 67
43 70
43 71
43 177
43 75
43 78
43 85
43 144
43 100
43 104
43 188
43 107
43 111
43 112
43 113
43 153
43 122
43 125
44 157
44 161
44 114
44 68
44 117
44 118
44 82
44 154
45 185
45 51
45 156
45 101
45 141
46 50
46 164
46 133
46 54
46 56
46 103
46 190
46 130
47 65
47 131
47 73
47 75
47 175
47 159
47 160
47 100
47 165
47 166
47 177
47 170
47 107
47 61
47 49
47 55
47 122
47 188
47 125
47 127
48 67
48 71
48 144
48 145
48 75
48 90
48 86
48 89
48 155
48 93
48 95
48 165
48 167
48 168
48 110
48 180
48 53
48 183
48 184
48 59
48 63
49 130
49 158
49 159
49 164
49 165
49 177
49 52
49 181
49 54
49 55
49 60
49 65
49 175
49 70
49 73
49 75
49 78
49 85
49 144
49 99
49 100
49 188
49 107
49 111
49 112
49 113
49 153
49 122
49 125
50 96
50 97
50 128
50 142
50 56
50 185
50 123
50 92
50 189
50 190
51 193
51 101
51 104
51 106
51 151
51 204
51 111
51 119
51 56
51 185
51 123
51 62
52 65
52 130
52 67
52 70
52 78
52 86
52 164
52 71
52 175
52 158
52 159
52 96
52 107
52 196
52 100
52 113
52 177
52 173
52 110
52 111
52 115
52 181
52 54
52 55
52 104
52 188
52 62
52 85
53 65
53 67
53 71
53 75
53 144
53 145
53 86
53 89
53 90
53 155
53 93
53 95
53 165
53 63
53 167
53 112
53 180
53 158
53 183
53 184
53 59
53 85
54 130
54 70
54 142
54 175
54 159
54 96
54 164
54 173
54 111
54 115
54 181
54 55
54 56
54 104
55 130
55 158
55 159
55 164
55 165
55 181
55 60
55 65
55 175
55 70
55 73
55 75
55 78
55 85
55 144
55 100
55 188
55 107
55 177
55 111
55 112
55 113
55 153
55 122
55 125
56 96
56 164
56 104
56 204
56 106
56 190
56 111
56 142
56 151
56 185
56 123
56 189
56 62
56 133
57 99
57 170
57 73
57 105
57 122
57 188
57 125
57 177
57 127
58 176
58 102
58 74
59 98
59 155
59 134
59 136
59 124
59 95
59 94
59 77
59 145
59 180
59 184
59 69
60 65
60 78
60 107
60 85
60 153
60 158
60 144
60 100
60 113
60 177
60 175
60 112
60 73
60 122
60 188
60 125
61 160
61 177
61 105
61 73
61 170
61 127
62 96
62 193
62 67
62 70
62 104
62 106
62 71
62 204
62 119
62 111
62 153
62 103
62 151
63 112
63 155
63 144
63 167
63 93
63 183
63 90
63 95
64 196
64 193
64 194
64 179
64 168
64 137
64 147
64 172
64 173
64 110
64 82
64 115
64 149
64 169
64 120
64 121
64 138
65 175
65 144
65 155
65 158
65 159
65 165
65 166
65 184
65 67
65 70
65 71
65 75
65 78
65 85
65 86
65 89
65 90
65 93
65 100
65 104
65 188
65 107
65 110
65 111
65 112
65 113
65 122
65 183
66 80
66 120
66 148
66 132
67 149
67 107
67 70
67 71
67 137
67 75
67 78
67 144
67 167
67 196
67 86
67 89
67 90
67 155
67 93
67 158
67 95
67 100
67 165
67 193
67 110
67 111
67 104
67 183
67 184
67 159
67 85
68 82
68 117
68 118
68 186
68 154
68 114
68 157
69 134
69 136
69 74
69 108
69 140
69 180
69 124
69 94
70 130
70 78
70 164
70 153
70 71
70 175
70 158
70 159
70 96
70 107
70 100
70 113
70 173
70 177
70 111
70 181
70 104
70 188
70 85
71 149
71 193
71 137
71 75
71 78
71 144
71 167
71 107
71 86
71 89
71 90
71 155
71 93
71 158
71 95
71 100
71 165
71 196
71 110
71 111
71 104
71 183
71 184
71 159
71 85
72 146
72 116
72 79
72 171
72 194
72 191
73 130
73 175
73 188
73 160
73 99
73 177
73 105
73 170
73 181
73 122
73 125
73 127
74 102
74 197
74 118
74 157
75 175
75 131
75 183
75 77
75 144
75 78
75 86
75 90
75 155
75 93
75 158
75 95
75 107
75 100
75 165
75 166
75 113
75 112
75 110
75 89
75 184
75 159
75 85
76 163
76 140
76 197
76 150
77 98
77 131
77 165
77 166
77 201
77 145
77 155
77 184
77 89
77 124
77 95
78 144
78 158
78 165
78 175
78 85
78 89
78 90
78 93
78 100
78 188
78 107
78 111
78 112
78 113
78 183
78 153
78 122
78 125
79 171
80 148
80 179
80 132
81 136
81 201
81 98
81 124
81 94
82 114
82 147
82 186
82 194
82 137
82 138
82 199
82 146
83 88
83 195
83 109
83 174
84 191
84 143
85 144
85 155
85 158
85 159
85 165
85 175
85 184
85 86
85 89
85 90
85 93
85 100
85 104
85 188
85 107
85 110
85 111
85 112
85 113
85 153
85 122
85 183
86 144
86 149
86 89
86 155
86 158
86 95
86 100
86 165
86 166
86 196
86 107
86 173
86 110
86 175
86 168
86 115
86 183
86 184
86 159
87 132
87 200
87 148
88 109
88 195
89 158
89 144
89 145
89 90
89 155
89 93
89 95
89 100
89 165
89 166
89 112
89 107
89 110
89 183
89 184
89 159
90 144
90 167
90 155
90 93
90 158
90 95
90 112
90 100
90 165
90 107
90 183
90 184
91 202
91 198
91 126
91 199
92 128
92 97
92 123
92 143
93 144
93 155
93 167
93 158
93 95
93 100
93 165
93 112
93 107
93 183
93 184
94 98
94 134
94 145
94 136
94 95
94 180
94 124
95 134
95 144
95 145
95 165
95 155
95 167
95 168
95 110
95 180
95 183
95 184
95 124
96 196
96 204
96 142
96 151
96 175
96 159
96 164
96 106
96 172
96 173
96 111
96 104
96 115
96 189
97 128
97 189
98 145
98 136
98 124
98 201
99 130
99 164
99 105
99 177
99 125
99 181
99 122
99 188
100 175
100 144
100 155
100 158
100 159
100 165
100 166
100 184
100 177
100 188
100 107
100 110
100 112
100 113
100 122
100 183
101 192
101 193
101 106
101 139
101 204
101 141
101 151
101 186
101 123
101 156
101 191
102 117
102 154
102 157
103 133
103 195
103 119
103 104
103 153
103 111
104 151
104 204
104 144
104 193
104 153
104 106
104 110
104 111
104 113
104 119
105 160
105 177
105 170
105 127
105 125
106 193
106 196
106 172
106 142
106 111
106 185
106 149
106 151
106 169
106 204
106 123
106 189
107 175
107 144
107 158
107 159
107 165
107 155
107 177
107 188
107 112
107 113
107 183
107 122
107 125
108 134
108 136
109 195
109 119
109 174
110 196
110 137
110 139
110 144
110 155
110 165
110 193
110 172
110 173
110 168
110 111
110 115
110 184
110 159
110 149
111 196
111 119
111 204
111 144
111 164
111 193
111 153
111 158
111 113
111 151
112 113
112 144
112 158
112 165
112 155
112 184
112 122
112 183
113 130
113 158
113 159
113 164
113 165
113 175
113 181
113 177
113 144
113 188
113 153
113 122
113 125
114 161
114 162
114 199
114 117
114 118
114 152
114 154
114 157
115 193
115 196
115 135
115 137
115 149
115 159
115 169
115 172
115 173
115 175
115 120
116 121
116 194
116 179
116 169
117 161
117 182
117 152
117 154
117 157
118 186
118 168
118 139
118 138
118 157
119 133
119 185
119 151
119 174
120 179
120 135
120 169
120 132
120 172
120 173
120 148
120 196
120 121
120 159
121 132
121 147
121 179
121 199
121 148
121 194
122 175
122 158
122 188
122 177
122 125
123 128
123 204
123 151
123 185
123 189
123 191
124 134
124 145
124 201
124 180
124 136
125 175
125 158
125 188
125 177
125 181
127 160
127 177
127 170
128 143
129 130
129 164
129 178
130 181
130 164
130 188
131 165
131 166
132 200
132 179
132 148
133 190
134 136
134 145
134 140
134 180
135 169
135 173
135 142
135 189
136 145
137 193
137 194
137 147
137 168
137 138
137 139
137 172
137 173
137 204
137 149
137 169
137 196
137 186
138 147
138 149
138 168
138 162
139 192
139 193
139 196
139 168
139 151
139 204
139 149
139 186
140 163
140 180
140 150
141 203
141 156
142 189
142 190
144 155
144 158
144 165
144 167
144 184
144 153
144 183
145 155
145 180
145 183
145 184
146 194
146 199
147 162
147 199
147 168
147 194
147 196
147 149
148 179
149 193
149 168
149 172
149 173
149 204
149 196
149 169
149 186
149 151
150 163
150 197
151 193
151 196
151 172
151 185
151 169
151 204
151 189
152 161
152 154
153 158
154 161
154 157
155 158
155 167
155 165
155 180
155 183
155 184
157 162
158 165
158 175
158 188
158 183
159 177
159 164
159 175
159 165
159 188
159 196
159 173
159 166
160 177
160 170
161 182
162 199
162 168
162 202
163 197
164 177
164 175
164 181
164 188
165 175
165 166
165 184
165 183
166 175
166 200
166 184
167 192
167 183
168 193
168 196
168 180
169 194
169 196
169 179
169 172
169 173
169 204
169 189
170 177
172 196
172 193
172 204
172 173
172 189
173 196
173 175
174 195
175 177
175 181
175 188
176 182
177 188
177 181
179 194
180 184
181 188
182 187
183 184
185 204
185 190
185 189
186 192
186 193
186 203
186 204
189 204
189 191
192 203
193 196
193 204
194 199
196 204
198 202
199 202
