0 198
0 1
0 2
0 3
0 4
0 5
0 6
0 7
0 72
0 9
0 10
0 11
0 76
0 175
0 14
0 15
0 145
0 18
0 148
0 47
0 158
0 37
0 97
0 197
0 163
0 164
0 70
0 166
0 194
0 172
0 111
0 114
0 116
0 187
0 119
0 202
0 143
0 125
1 198
1 2
1 3
1 4
1 5
1 6
1 7
1 72
1 9
1 10
1 11
1 76
1 194
1 14
1 143
1 145
1 18
1 148
1 196
1 90
1 158
1 37
1 97
1 164
1 70
1 166
1 168
1 172
1 175
1 176
1 114
1 116
1 119
1 58
1 187
1 202
2 194
2 3
2 4
2 5
2 6
2 7
2 72
2 9
2 10
2 11
2 76
2 14
2 15
2 145
2 18
2 148
2 196
2 90
2 143
2 198
2 158
2 37
2 97
2 164
2 70
2 166
2 172
2 175
2 176
2 114
2 116
2 119
2 202
2 58
2 187
2 125
3 4
3 5
3 6
3 7
3 72
3 9
3 10
3 11
3 76
3 175
3 14
3 15
3 145
3 18
3 148
3 90
3 143
3 198
3 158
3 37
3 97
3 164
3 70
3 166
3 194
3 172
3 111
3 114
3 116
3 119
3 202
3 58
3 187
3 125
4 196
4 5
4 6
4 7
4 72
4 9
4 10
4 11
4 76
4 194
4 143
4 145
4 18
4 148
4 203
4 90
4 198
4 37
4 97
4 164
4 70
4 166
4 172
4 175
4 176
4 114
4 116
4 119
4 58
4 187
4 202
5 197
5 6
5 7
5 72
5 9
5 10
5 11
5 76
5 175
5 14
5 15
5 145
5 18
5 148
5 90
5 111
5 158
5 198
5 97
5 163
5 164
5 37
5 166
5 194
5 172
5 47
5 114
5 116
5 187
5 119
5 202
5 58
5 143
5 70
5 125
6 7
6 9
6 10
6 11
6 143
6 145
6 18
6 131
6 148
6 24
6 27
6 158
6 160
6 164
6 166
6 172
6 175
6 176
6 49
6 187
6 192
6 194
6 139
6 196
6 69
6 72
6 75
6 76
6 83
6 90
6 91
6 97
6 98
6 59
6 195
6 108
6 110
6 114
6 119
6 124
7 71
7 9
7 10
7 11
7 76
7 194
7 14
7 15
7 81
7 18
7 195
7 20
7 90
7 79
7 198
7 160
7 97
7 148
7 163
7 164
7 70
7 145
7 175
7 176
7 114
7 187
7 119
7 184
7 84
7 143
7 125
8 131
8 54
8 75
8 140
8 83
8 139
8 46
8 23
8 90
8 27
8 156
8 31
8 91
8 110
8 49
8 179
8 118
8 87
8 59
8 188
8 189
8 126
8 21
9 72
9 10
9 11
9 76
9 194
9 14
9 15
9 145
9 18
9 195
9 148
9 196
9 90
9 143
9 198
9 158
9 37
9 97
9 163
9 164
9 70
9 166
9 172
9 175
9 176
9 114
9 116
9 119
9 187
9 202
10 145
10 11
10 76
10 79
10 88
10 18
10 83
10 84
10 196
10 24
10 164
10 90
10 27
10 156
10 32
10 97
10 98
10 131
10 165
10 195
10 81
10 108
10 200
10 175
10 176
10 49
10 114
10 181
10 119
10 160
10 148
10 124
10 192
11 200
11 143
11 14
11 15
11 81
11 18
11 131
11 20
11 22
11 24
11 90
11 79
11 198
11 160
11 97
11 98
11 163
11 164
11 165
11 195
11 71
11 108
11 175
11 177
11 181
11 183
11 184
11 84
11 187
12 67
12 69
12 134
12 201
12 139
12 77
12 16
12 188
12 151
12 28
12 94
12 34
12 37
12 38
12 103
12 169
12 107
12 172
12 113
12 185
12 57
12 122
12 191
12 60
12 166
13 194
13 196
13 69
13 72
13 202
13 139
13 142
13 16
13 145
13 147
13 148
13 151
13 28
13 166
13 38
13 168
13 107
13 172
13 110
13 114
13 116
13 58
13 124
14 198
14 130
14 143
14 17
14 18
14 22
14 56
14 152
14 175
14 15
14 197
14 97
14 163
14 164
14 199
14 47
14 111
14 177
14 183
14 120
14 187
14 125
14 62
15 198
15 184
15 76
15 130
15 143
15 17
15 18
15 195
15 22
15 175
15 111
15 197
15 97
15 163
15 199
15 47
15 177
15 183
15 56
15 187
15 125
15 62
16 161
16 34
16 99
16 147
16 69
16 38
16 103
16 201
16 138
16 107
16 113
16 67
16 139
16 151
16 122
16 59
16 28
17 130
17 197
17 198
17 199
17 47
17 111
17 177
17 22
17 56
17 120
17 62
17 95
18 72
18 76
18 194
18 145
18 195
18 148
18 196
18 90
18 143
18 198
18 158
18 37
18 97
18 164
18 70
18 166
18 172
18 175
18 114
18 116
18 119
18 202
18 58
18 187
18 125
19 65
19 173
19 53
19 134
19 157
20 176
20 35
20 101
20 102
20 71
20 43
20 79
20 81
20 163
20 84
20 86
20 153
21 64
21 131
21 54
21 23
21 140
21 83
21 87
21 90
21 27
21 156
21 30
21 98
21 91
21 195
21 92
21 46
21 179
21 117
21 118
21 119
21 184
21 121
21 181
22 130
22 163
22 197
22 198
22 177
22 184
22 73
22 195
22 199
22 187
22 183
22 56
22 47
22 62
22 95
23 192
23 131
23 54
23 44
23 75
23 83
23 24
23 89
23 90
23 27
23 156
23 31
23 133
23 98
23 110
23 108
23 109
23 46
23 49
23 179
23 118
23 59
23 189
23 126
24 192
24 160
24 131
24 196
24 200
24 81
24 83
24 88
24 90
24 27
24 156
24 31
24 32
24 98
24 165
24 195
24 92
24 108
24 176
24 49
24 181
24 54
25 36
25 152
25 180
25 159
25 29
25 125
25 93
25 111
26 171
26 138
26 99
26 44
26 141
27 192
27 160
27 131
27 196
27 133
27 75
27 179
27 88
27 83
27 90
27 92
27 31
27 32
27 98
27 165
27 156
27 110
27 108
27 109
27 46
27 176
27 49
27 115
27 54
27 124
27 189
27 126
28 161
28 34
28 99
28 100
28 69
28 38
28 138
28 107
28 78
28 113
28 67
28 147
28 182
28 151
28 122
29 180
29 36
29 197
29 152
29 159
29 125
29 61
29 93
29 111
30 64
30 195
30 121
30 184
30 73
30 91
30 140
30 183
30 46
30 117
31 98
31 179
31 156
31 75
31 108
31 109
31 49
31 83
31 54
31 89
31 92
31 189
31 126
32 160
32 192
32 98
32 131
32 165
32 81
32 200
32 156
32 108
32 79
32 49
32 83
32 181
32 86
32 88
32 90
32 92
33 96
33 188
33 132
33 68
33 185
33 39
33 40
33 41
33 55
33 77
33 146
33 51
33 52
33 117
33 87
33 121
33 186
33 60
33 169
34 188
34 161
34 99
34 69
34 38
34 103
34 105
34 107
34 77
34 201
34 113
34 178
34 67
34 139
34 182
34 151
34 122
34 59
35 81
35 101
35 86
35 71
35 88
35 84
35 43
35 153
35 79
36 180
36 152
36 159
36 93
36 111
37 72
37 202
37 194
37 143
37 145
37 148
37 158
37 164
37 166
37 168
37 107
37 172
37 175
37 76
37 114
37 116
37 119
37 58
37 191
38 161
38 99
38 100
38 69
38 103
38 201
38 138
38 107
38 113
38 147
38 139
38 151
38 122
39 65
39 132
39 134
39 201
39 77
39 146
39 188
39 121
39 68
39 157
39 96
39 40
39 41
39 173
39 51
39 52
39 117
39 55
39 185
39 186
39 60
39 169
40 67
40 132
40 201
40 77
40 60
40 146
40 121
40 87
40 68
40 41
40 103
40 178
40 51
40 52
40 117
40 55
40 185
40 186
40 188
40 169
41 68
41 134
41 65
41 169
41 77
41 173
41 146
41 51
41 55
41 132
41 186
41 60
41 157
41 185
42 152
42 125
42 61
42 102
42 71
43 128
43 101
43 102
43 71
43 79
43 81
43 86
43 153
43 88
43 84
44 171
44 99
44 133
44 138
44 75
44 109
44 110
44 141
44 144
44 49
44 115
44 142
44 179
44 59
44 124
44 189
44 126
45 48
45 128
45 50
45 106
45 203
45 204
46 64
46 131
46 54
46 140
46 83
46 87
46 90
46 156
46 98
46 91
46 195
46 92
46 179
46 117
46 118
46 119
46 184
46 121
46 181
47 66
47 198
47 199
47 130
47 143
47 120
47 197
47 95
47 111
47 112
47 177
47 183
47 56
47 187
47 125
47 62
48 128
48 50
48 106
48 204
49 192
49 160
49 131
49 196
49 133
49 75
49 142
49 179
49 83
49 90
49 156
49 98
49 108
49 109
49 110
49 115
49 54
49 59
49 124
49 189
49 126
50 203
50 70
51 64
51 132
51 68
51 185
51 55
51 77
51 96
51 146
51 188
51 52
51 117
51 87
51 121
51 186
51 60
51 169
52 64
52 132
52 134
52 77
52 146
52 188
52 121
52 87
52 68
52 91
52 158
52 96
52 169
52 117
52 55
52 185
52 186
52 60
53 65
53 162
53 85
53 134
53 157
53 173
54 98
54 131
54 179
54 156
54 75
54 140
54 83
54 118
54 89
54 92
54 189
54 126
55 67
55 68
55 134
55 201
55 77
55 146
55 188
55 87
55 132
55 186
55 103
55 113
55 178
55 117
55 169
55 185
55 122
55 60
56 129
56 66
56 177
56 197
56 167
56 73
56 199
56 130
56 112
56 183
56 120
56 62
56 95
57 65
57 201
57 134
57 193
57 169
57 173
57 113
57 105
57 185
57 122
57 60
57 157
57 94
57 191
58 72
58 202
58 76
58 143
58 145
58 148
58 93
58 164
58 166
58 168
58 194
58 107
58 172
58 114
58 116
58 180
59 67
59 196
59 69
59 172
59 75
59 142
59 139
59 201
59 133
59 99
59 166
59 103
59 188
59 107
59 109
59 110
59 179
59 119
59 122
59 124
60 65
60 67
60 132
60 185
60 134
60 201
60 77
60 146
60 68
60 186
60 157
60 94
60 103
60 173
60 113
60 178
60 117
60 121
60 122
60 188
60 169
61 152
61 102
61 125
62 130
62 163
62 197
62 198
62 177
62 183
62 111
62 187
62 120
62 125
62 199
63 82
64 96
64 87
64 121
64 91
64 140
64 117
65 68
65 134
65 173
65 185
65 169
65 157
65 94
66 112
66 120
66 130
66 199
66 129
66 73
66 167
66 177
66 95
67 161
67 99
67 178
67 103
67 139
67 77
67 113
67 146
67 188
67 201
67 169
67 122
67 185
68 96
68 132
68 77
68 173
68 146
68 117
68 169
68 186
68 157
68 185
69 194
69 139
69 196
69 133
69 72
69 201
69 75
69 142
69 145
69 147
69 148
69 151
69 99
69 166
69 103
69 168
69 107
69 172
69 109
69 110
69 113
69 114
69 119
69 122
69 124
70 72
70 202
70 203
70 194
70 143
70 145
70 148
70 97
70 164
70 114
70 175
70 176
70 116
71 101
71 102
71 79
71 81
71 163
71 86
71 153
71 84
72 194
72 202
72 203
72 76
72 143
72 145
72 147
72 148
72 196
72 97
72 164
72 166
72 168
72 107
72 172
72 175
72 114
72 116
72 124
73 177
73 199
73 183
73 184
73 95
74 144
74 192
74 115
74 196
74 133
74 124
74 109
74 142
74 190
75 133
75 172
75 139
75 87
75 90
75 99
75 103
75 188
75 109
75 110
75 179
75 119
75 124
75 189
75 126
76 139
76 194
76 145
76 148
76 90
76 143
76 158
76 198
76 97
76 164
76 166
76 168
76 107
76 172
76 175
76 114
76 116
76 119
76 187
76 202
77 186
77 134
77 201
77 146
77 188
77 87
77 132
77 157
77 185
77 103
77 113
77 178
77 117
77 121
77 122
77 169
78 105
78 182
78 127
79 160
79 101
79 102
79 200
79 108
79 81
79 163
79 86
79 153
79 84
79 176
79 88
79 165
80 120
81 160
81 200
81 88
81 163
81 86
81 153
81 165
81 84
81 98
81 101
81 102
81 108
81 176
83 192
83 160
83 131
83 196
83 88
83 90
83 156
83 98
83 165
83 92
83 108
83 179
83 181
83 200
83 189
83 126
84 160
84 176
84 101
84 102
84 163
84 86
84 153
84 88
84 165
85 129
85 162
86 101
86 88
86 153
87 132
87 179
87 140
87 146
87 118
87 121
87 186
87 91
87 188
87 117
88 160
88 98
88 131
88 165
88 200
88 108
88 176
88 92
88 192
89 179
89 118
89 126
90 145
90 131
90 148
90 156
90 164
90 165
90 166
90 172
90 175
90 179
90 181
90 184
90 187
90 192
90 160
90 194
90 139
90 196
90 200
90 91
90 98
90 195
90 108
90 110
90 114
90 119
91 181
91 131
91 158
91 119
91 140
91 195
91 117
91 184
91 121
91 187
91 156
91 183
92 160
92 98
92 131
92 165
92 181
92 200
92 140
92 108
92 156
93 116
93 180
93 168
93 202
94 134
94 193
94 105
94 173
94 113
94 169
94 122
94 157
94 185
94 191
95 129
95 167
95 199
95 130
95 177
95 112
95 183
96 132
96 117
96 186
96 121
96 162
97 175
97 145
97 148
97 143
97 198
97 163
97 164
97 194
97 111
97 114
97 116
97 119
97 202
97 187
97 125
98 192
98 160
98 131
98 196
98 200
98 156
98 165
98 195
98 108
98 181
99 161
99 138
99 109
99 110
99 141
99 171
99 133
100 147
100 149
100 135
100 137
100 151
100 127
101 128
101 102
101 176
101 153
102 128
102 153
102 125
103 201
103 146
103 188
103 139
103 185
103 166
103 169
103 107
103 172
103 110
103 113
103 119
103 122
104 106
104 203
104 190
105 113
105 178
105 122
105 170
105 127
106 204
107 194
107 202
107 139
107 145
107 147
107 148
107 151
107 201
107 122
107 168
107 172
107 191
107 110
107 113
107 114
107 116
107 119
107 166
108 192
108 160
108 131
108 196
108 200
108 156
108 165
108 176
108 181
109 192
109 196
109 133
109 141
109 142
109 144
109 179
109 171
109 110
109 115
109 124
109 189
109 126
110 192
110 194
110 139
110 196
110 172
110 142
110 201
110 145
110 133
110 166
110 188
110 179
110 119
110 124
111 130
111 198
111 197
111 125
111 143
111 187
111 120
111 152
111 159
112 120
112 129
112 167
112 130
112 199
113 134
113 201
113 139
113 188
113 151
113 169
113 178
113 185
113 122
113 191
114 203
114 143
114 145
114 148
114 196
114 164
114 166
114 168
114 194
114 172
114 175
114 176
114 116
114 119
114 187
114 124
114 202
115 192
115 196
115 133
115 142
115 144
115 124
115 189
116 202
116 143
116 145
116 148
116 164
116 166
116 168
116 194
116 172
116 175
116 180
117 132
117 146
117 188
117 185
117 169
117 121
117 186
118 179
118 140
118 126
119 194
119 143
119 145
119 131
119 139
119 196
119 158
119 148
119 187
119 164
119 166
119 172
119 175
119 184
119 121
119 195
120 197
120 198
120 199
120 130
121 195
121 132
121 146
121 188
121 158
121 169
121 185
121 186
122 134
122 201
122 139
122 146
122 188
122 151
122 169
122 178
122 185
122 191
123 193
123 154
123 170
123 127
124 192
124 139
124 196
124 172
124 142
124 144
124 145
124 148
124 133
124 176
124 190
125 198
125 143
125 152
125 197
125 163
125 164
126 179
126 156
126 189
127 137
127 154
127 170
128 153
129 167
130 187
130 197
130 198
130 177
130 199
130 158
130 183
131 192
131 160
131 195
131 156
131 165
131 181
131 184
131 200
132 201
132 185
132 188
132 146
132 186
132 169
133 192
133 139
133 196
133 141
133 142
133 144
133 179
133 171
133 138
133 189
134 201
134 146
134 169
134 173
134 157
134 185
134 186
134 191
135 137
135 149
135 150
137 149
138 144
138 161
138 171
138 141
139 194
139 196
139 142
139 145
139 201
139 158
139 166
139 188
139 172
140 156
141 144
141 161
141 171
141 189
142 192
142 176
142 196
142 144
142 190
143 202
143 175
143 145
143 148
143 152
143 198
143 158
143 197
143 163
143 164
143 166
143 194
143 172
143 187
144 171
145 148
145 203
145 196
145 164
145 166
145 168
145 194
145 172
145 175
145 176
145 187
145 202
146 201
146 188
146 186
146 178
146 185
146 169
147 168
147 151
147 149
148 203
148 196
148 164
148 166
148 168
148 194
148 172
148 175
148 176
148 187
148 202
149 150
150 168
150 180
151 161
152 197
152 198
152 180
152 159
154 170
155 191
156 160
156 165
156 179
156 181
156 200
157 173
157 185
157 169
158 194
158 195
158 198
158 166
158 172
158 175
158 187
160 192
160 196
160 200
160 165
160 195
160 176
160 181
161 182
163 195
163 198
163 200
163 165
163 177
163 181
163 183
163 184
163 187
164 194
164 196
164 198
164 166
164 172
164 175
164 176
164 202
164 187
165 195
165 200
165 181
166 202
166 168
166 194
166 172
166 175
168 194
168 180
168 172
168 202
169 185
169 201
169 188
169 186
169 173
169 178
170 193
171 189
172 202
172 196
172 187
172 194
172 175
173 185
175 194
175 195
175 196
175 198
175 176
175 187
175 202
176 192
176 203
176 196
176 190
177 197
177 198
177 199
177 184
177 195
177 187
177 183
178 201
178 188
178 185
179 189
180 202
181 195
181 200
181 184
181 183
183 198
183 184
183 187
183 195
183 199
184 198
184 195
184 200
184 187
185 186
185 201
185 188
186 201
186 188
187 195
187 197
187 198
187 194
187 199
188 201
189 192
190 203
192 196
194 202
194 196
194 198
195 200
197 198
197 199
198 199
