0 64
0 194
0 4
0 5
0 136
0 73
0 77
0 173
0 80
0 20
0 149
0 161
0 107
0 108
0 109
0 112
0 179
0 201
0 120
0 63
0 124
0 125
0 85
1 3
1 35
1 2
1 19
1 4
1 70
1 177
1 100
1 13
1 141
2 64
2 19
2 4
2 5
2 87
2 73
2 108
2 85
3 64
3 35
3 100
3 70
3 193
3 141
3 109
3 177
3 19
3 153
3 15
4 196
4 5
4 64
4 73
4 108
4 19
4 116
4 85
4 87
5 64
5 19
5 85
5 87
5 73
5 108
6 32
6 96
6 22
6 167
6 8
6 42
6 43
6 204
6 199
6 54
6 183
6 88
6 91
6 60
6 190
6 95
7 160
7 187
7 101
7 200
7 169
7 106
7 173
7 176
7 18
7 84
7 201
7 186
7 63
7 138
7 126
7 159
8 96
8 199
8 9
8 10
8 140
8 88
8 25
8 155
8 156
8 167
8 95
8 32
8 91
8 39
8 42
8 43
8 178
8 47
8 114
8 52
8 54
8 183
8 60
9 96
9 130
9 131
9 133
9 198
9 199
9 137
9 140
9 79
9 82
9 88
9 204
9 54
9 156
9 93
9 95
9 32
9 91
9 37
9 167
9 42
9 43
9 44
9 45
9 29
9 178
9 155
9 118
9 183
9 60
9 143
9 190
10 32
10 39
10 156
10 42
10 140
10 178
10 47
10 114
10 52
10 24
10 25
10 155
10 60
11 192
11 162
11 163
11 196
11 70
11 49
11 40
11 92
11 75
11 109
11 46
11 15
11 16
11 17
11 50
11 116
11 23
11 148
11 58
11 28
11 191
12 128
12 65
12 66
12 131
12 132
12 133
12 137
12 76
12 162
12 14
12 143
12 16
12 146
12 148
12 78
12 86
12 23
12 90
12 28
12 158
12 31
12 112
12 34
12 99
12 102
12 192
12 40
12 41
12 107
12 191
12 46
12 48
12 113
12 50
12 180
12 118
12 119
12 184
12 185
12 58
12 59
12 125
12 127
13 19
13 100
13 70
13 177
13 141
13 35
14 192
14 133
14 135
14 72
14 78
14 16
14 17
14 46
14 197
14 26
14 92
14 157
14 69
14 33
14 34
14 163
14 164
14 142
14 28
14 127
14 191
14 110
14 48
14 118
14 119
14 184
14 185
14 59
14 62
14 21
15 192
15 65
15 196
15 70
15 73
15 75
15 76
15 162
15 163
15 148
15 86
15 23
15 153
15 158
15 31
15 98
15 99
15 102
15 40
15 107
15 109
15 46
15 49
15 116
15 87
16 192
16 66
16 69
16 162
16 78
16 17
16 23
16 191
16 26
16 92
16 157
16 197
16 133
16 33
16 34
16 163
16 102
16 40
16 28
16 127
16 110
16 46
16 48
16 49
16 50
16 118
16 119
16 184
16 185
16 58
16 59
16 21
17 192
17 69
17 135
17 72
17 75
17 142
17 26
17 92
17 157
17 197
17 33
17 163
17 28
17 46
17 78
17 110
17 49
17 51
17 119
17 57
17 191
17 61
17 21
18 129
18 101
18 71
18 201
18 106
18 173
18 176
18 179
18 84
18 149
18 120
18 63
18 53
19 64
19 70
19 73
19 141
19 35
19 85
19 87
19 153
19 100
20 65
20 131
20 132
20 198
20 73
20 76
20 77
20 173
20 80
20 85
20 86
20 87
20 196
20 90
20 31
20 96
20 98
20 99
20 40
20 107
20 109
20 112
20 116
20 54
20 125
21 33
21 197
21 164
21 69
21 72
21 110
21 78
21 119
21 26
21 59
21 92
21 157
21 62
21 191
22 32
22 96
22 198
22 42
22 43
22 204
22 115
22 54
22 183
22 121
22 91
22 60
22 138
22 190
22 95
23 192
23 65
23 66
23 132
23 162
23 76
23 75
23 77
23 146
23 148
23 86
23 152
23 196
23 90
23 28
23 158
23 31
23 144
23 34
23 99
23 102
23 113
23 40
23 41
23 107
23 109
23 46
23 112
23 49
23 50
23 180
23 184
23 185
23 58
23 125
23 191
24 32
24 39
24 156
24 140
24 178
24 47
24 114
24 52
24 25
24 155
24 60
24 42
25 32
25 39
25 156
25 140
25 178
25 47
25 114
25 52
25 155
25 60
25 42
26 33
26 197
26 164
26 69
26 135
26 72
26 110
26 78
26 119
26 157
26 62
26 191
27 56
27 45
27 175
28 192
28 65
28 67
28 69
28 135
28 72
28 76
28 98
28 75
28 163
28 78
28 86
28 90
28 92
28 157
28 31
28 133
28 34
28 99
28 162
28 102
28 142
28 40
28 197
28 46
28 49
28 50
28 118
28 119
28 184
28 185
28 191
28 127
29 130
29 131
29 198
29 167
29 41
29 175
29 44
29 45
29 79
29 81
29 143
29 115
29 137
29 91
29 60
29 93
29 190
30 195
30 84
30 151
30 120
30 89
30 201
30 202
31 192
31 65
31 66
31 67
31 132
31 133
31 162
31 76
31 98
31 77
31 185
31 146
31 131
31 86
31 196
31 90
31 158
31 34
31 99
31 102
31 180
31 40
31 41
31 107
31 109
31 46
31 112
31 113
31 50
31 116
31 118
31 137
31 184
31 148
31 58
31 143
31 125
32 178
32 204
32 199
32 140
32 79
32 167
32 88
32 91
32 156
32 93
32 95
32 96
32 155
32 198
32 39
32 42
32 43
32 44
32 45
32 47
32 114
32 115
32 52
32 54
32 183
32 60
32 143
32 190
33 197
33 164
33 69
33 72
33 110
33 78
33 119
33 59
33 157
33 62
33 191
34 192
34 66
34 132
34 197
34 139
34 146
34 148
34 86
34 152
34 90
34 157
34 94
34 97
34 162
34 102
34 40
34 144
34 107
34 46
34 48
34 113
34 50
34 180
34 158
34 119
34 58
34 59
34 188
34 191
35 100
35 70
35 177
35 153
35 141
37 130
37 133
37 135
37 137
37 178
37 78
37 79
37 145
37 82
37 118
37 184
37 185
37 143
37 156
37 62
37 127
38 165
38 168
38 170
38 123
38 188
38 111
39 156
39 43
39 140
39 178
39 47
39 88
39 114
39 52
39 183
39 155
39 60
39 42
39 95
40 192
40 65
40 66
40 132
40 185
40 162
40 76
40 75
40 77
40 146
40 131
40 86
40 196
40 90
40 158
40 99
40 102
40 113
40 41
40 107
40 109
40 46
40 112
40 49
40 50
40 116
40 118
40 184
40 148
40 58
40 180
40 125
40 191
41 128
41 66
41 131
41 132
41 133
41 76
41 143
41 86
41 90
41 94
41 162
41 102
41 48
41 113
41 180
41 118
41 137
41 184
41 59
41 127
42 96
42 204
42 199
42 140
42 88
42 155
42 156
42 167
42 95
42 91
42 43
42 47
42 114
42 52
42 54
42 183
42 60
43 96
43 131
43 204
43 199
43 140
43 143
43 88
43 155
43 156
43 93
43 95
43 91
43 198
43 167
43 45
43 47
43 178
43 52
43 54
43 183
43 60
43 190
44 175
44 131
44 198
44 167
44 204
44 45
44 93
44 81
44 115
44 54
44 183
44 91
44 60
44 190
45 204
45 198
45 167
45 175
45 93
45 81
45 156
45 115
45 155
45 54
45 183
45 121
45 91
45 60
45 190
46 192
46 65
46 66
46 67
46 196
46 69
46 162
46 76
46 98
46 75
46 163
46 148
46 78
46 86
46 90
46 157
46 133
46 99
46 102
46 92
46 197
46 142
46 49
46 50
46 116
46 118
46 119
46 184
46 185
46 58
46 191
46 127
47 145
47 140
47 178
47 156
47 88
47 114
47 52
47 155
47 60
47 199
47 95
48 128
48 66
48 133
48 137
48 139
48 162
48 78
48 157
48 94
48 164
48 103
48 191
48 110
48 50
48 180
48 118
48 119
48 184
48 58
48 59
48 62
48 127
49 192
49 196
49 69
49 70
49 75
49 148
49 92
49 162
49 163
49 109
49 50
49 116
49 58
49 191
50 192
50 66
50 139
50 132
50 197
50 76
50 162
50 146
50 148
50 86
50 152
50 90
50 94
50 97
50 102
50 113
50 144
50 107
50 180
50 158
50 119
50 184
50 58
50 59
50 188
50 125
50 191
51 69
51 55
51 72
51 57
51 74
51 203
51 92
51 61
51 142
51 197
52 156
52 140
52 178
52 88
52 114
52 183
52 155
52 60
52 95
53 129
53 101
53 71
53 161
53 108
53 173
53 179
53 84
53 149
53 201
53 120
53 89
53 63
54 96
54 131
54 199
54 204
54 143
54 88
54 155
54 156
54 93
54 95
54 98
54 91
54 198
54 167
54 115
54 183
54 60
54 190
55 163
55 57
55 203
55 92
55 61
55 142
56 130
56 134
56 166
56 175
56 79
57 69
57 72
57 74
57 203
57 92
57 61
57 142
57 197
58 192
58 66
58 132
58 75
58 76
58 162
58 146
58 148
58 86
58 152
58 90
58 94
58 112
58 99
58 102
58 113
58 144
58 107
58 109
58 180
58 158
58 184
58 188
58 125
58 191
59 66
59 133
59 137
59 139
59 157
59 94
59 197
59 164
59 78
59 110
59 180
59 119
59 184
59 191
59 62
59 127
60 96
60 178
60 204
60 140
60 79
60 167
60 88
60 91
60 156
60 93
60 95
60 155
60 198
60 114
60 183
60 143
60 190
61 163
61 69
61 72
61 74
61 203
61 92
61 142
62 133
62 164
62 135
62 110
62 78
62 82
62 119
62 157
62 127
63 64
63 101
63 129
63 161
63 106
63 71
63 108
63 173
63 176
63 179
63 84
63 201
63 120
63 149
64 149
64 161
64 73
64 108
64 109
64 85
64 87
64 153
64 179
64 124
65 192
65 67
65 132
65 133
65 199
65 76
65 162
65 78
65 131
65 86
65 196
65 90
65 143
65 185
65 98
65 99
65 163
65 102
65 107
65 109
65 116
65 118
65 137
65 184
65 148
66 128
66 192
66 132
66 97
66 76
66 139
66 162
66 146
66 148
66 86
66 152
66 90
66 94
66 112
66 99
66 102
66 144
66 107
66 113
66 180
66 158
66 184
66 188
66 125
66 191
67 192
67 196
67 133
67 199
67 76
67 142
67 143
67 145
67 163
67 78
67 86
67 88
67 90
67 98
67 99
67 116
67 118
67 184
67 185
67 95
68 128
68 97
68 147
68 117
68 150
68 103
68 104
68 122
68 139
68 94
69 192
69 197
69 72
69 142
69 92
69 157
69 163
69 78
69 110
69 119
69 191
70 100
70 177
70 75
70 141
70 196
70 153
71 149
71 129
71 179
71 84
71 101
71 120
71 201
72 163
72 142
72 135
72 92
72 74
72 78
72 157
72 119
72 197
73 196
73 108
73 109
73 85
73 87
73 116
74 203
74 142
75 192
75 162
75 163
75 196
75 109
75 116
75 148
75 92
76 192
76 132
76 133
76 162
76 137
76 77
76 78
76 185
76 131
76 86
76 196
76 90
76 143
76 158
76 98
76 99
76 163
76 102
76 107
76 109
76 112
76 113
76 116
76 118
76 184
76 148
76 125
77 194
77 132
77 80
77 86
77 90
77 158
77 161
77 162
77 99
77 102
77 107
77 109
77 112
77 113
77 148
77 125
78 192
78 135
78 143
78 82
78 92
78 90
78 133
78 191
78 163
78 164
78 142
78 197
78 110
78 157
78 118
78 119
78 184
78 185
78 127
79 130
79 155
79 178
79 167
79 143
79 175
79 140
79 114
79 156
79 93
79 82
79 137
79 91
80 161
80 194
80 132
80 201
80 107
80 109
80 112
80 173
80 149
80 120
80 187
80 124
80 125
80 158
81 115
81 190
81 198
81 200
81 174
81 93
82 130
82 133
82 135
82 137
82 143
82 145
82 178
82 118
82 184
82 127
82 156
83 168
83 194
83 136
83 170
83 124
83 189
84 129
84 101
84 201
84 176
84 120
84 89
85 108
85 109
85 196
85 87
85 116
86 192
86 132
86 133
86 162
86 98
86 185
86 146
86 131
86 196
86 90
86 158
86 99
86 102
86 180
86 107
86 109
86 112
86 113
86 116
86 118
86 137
86 184
86 148
86 143
86 125
87 116
87 196
88 96
88 199
88 140
88 143
88 145
88 155
88 156
88 167
88 95
88 98
88 91
88 178
88 114
88 183
88 185
89 149
89 161
89 195
89 169
89 173
89 201
89 151
89 120
89 186
89 159
90 192
90 132
90 133
90 162
90 98
90 131
90 191
90 196
90 185
90 143
90 158
90 99
90 102
90 107
90 109
90 112
90 113
90 116
90 118
90 137
90 184
90 148
90 180
90 125
90 127
91 96
91 131
91 118
91 199
91 183
91 140
91 143
91 156
91 93
91 95
91 98
91 155
91 198
91 167
91 178
91 204
91 137
91 190
92 192
92 142
92 157
92 197
92 163
92 191
92 119
93 131
93 198
93 204
93 143
93 156
93 95
93 155
93 167
93 175
93 115
93 183
93 190
94 128
94 97
94 146
94 103
94 104
94 144
94 139
94 113
94 180
94 150
94 152
94 188
95 96
95 204
95 199
95 140
95 143
95 167
95 131
95 156
95 98
95 155
95 198
95 178
95 183
95 190
96 198
96 131
96 167
96 204
96 183
96 199
96 138
96 190
97 165
97 146
97 103
97 105
97 139
97 144
97 113
97 180
97 150
97 152
97 123
97 188
98 192
98 196
98 133
98 199
98 131
98 143
98 118
98 163
98 99
98 116
98 184
98 185
99 192
99 132
99 133
99 162
99 185
99 131
99 196
99 143
99 158
99 102
99 107
99 109
99 112
99 113
99 116
99 118
99 184
99 148
99 125
100 177
100 153
100 193
100 141
101 160
101 129
101 201
101 106
101 176
101 126
102 192
102 131
102 132
102 162
102 146
102 148
102 152
102 196
102 158
102 144
102 107
102 109
102 112
102 113
102 180
102 118
102 184
102 185
102 125
102 191
103 147
103 117
103 150
103 104
103 180
103 128
103 139
104 128
104 117
104 150
104 122
104 139
104 172
105 144
105 152
105 188
105 165
106 187
106 169
106 138
106 173
106 176
106 201
106 186
106 126
106 159
107 132
107 162
107 194
107 146
107 196
107 158
107 109
107 112
107 113
107 116
107 180
107 148
107 125
108 161
108 179
108 149
108 124
109 132
109 153
109 158
109 162
109 113
109 196
109 112
109 116
109 148
109 125
110 197
110 164
110 191
110 119
110 157
110 127
111 168
111 170
111 123
112 132
112 194
112 146
112 158
112 162
112 113
112 180
112 148
112 125
113 128
113 132
113 162
113 144
113 146
113 148
113 152
113 165
113 180
113 158
113 188
113 125
113 191
114 155
114 156
114 140
114 178
115 198
115 167
115 200
115 204
115 183
115 121
115 190
116 192
116 163
116 196
116 185
117 128
117 122
117 172
118 192
118 130
118 133
118 143
118 131
118 137
118 167
118 119
118 184
118 185
118 191
118 127
119 192
119 135
119 197
119 157
119 133
119 164
119 127
119 191
119 184
119 185
120 161
120 187
120 195
120 136
120 169
120 159
120 173
120 179
120 201
120 186
120 149
121 183
121 204
121 190
122 172
123 144
123 150
123 152
123 188
123 170
123 168
123 165
124 194
124 149
124 179
124 161
124 136
125 132
125 194
125 146
125 158
125 162
125 180
125 148
126 160
126 195
126 200
126 169
126 173
126 174
126 176
126 201
126 202
126 186
126 187
126 138
126 159
127 192
127 130
127 133
127 137
127 143
127 180
127 184
127 185
127 191
128 139
128 146
128 180
128 150
128 132
129 201
130 133
130 166
130 178
130 137
130 175
130 143
131 132
131 198
131 143
131 137
131 133
131 167
131 184
131 185
131 190
132 162
132 146
132 152
132 158
132 144
132 180
132 184
132 148
133 192
133 143
133 137
133 191
133 184
133 185
134 166
134 175
135 145
135 142
136 161
136 194
136 149
136 179
136 189
137 143
137 167
137 180
137 184
137 185
138 160
138 200
138 169
138 204
138 173
138 174
138 176
138 186
138 187
138 159
139 146
139 144
139 147
139 180
139 150
139 152
139 188
140 155
140 178
140 156
140 183
141 177
142 192
142 163
142 185
143 198
143 185
143 156
143 167
143 178
143 184
144 162
144 146
144 148
144 150
144 152
144 158
144 165
144 180
144 188
145 178
146 162
146 148
146 152
146 165
146 180
146 158
146 188
146 191
147 154
147 150
148 192
148 162
148 152
148 196
148 158
148 180
149 194
149 161
149 173
149 179
149 201
150 180
150 152
150 188
151 202
151 195
151 174
152 162
152 158
152 165
152 180
152 188
153 177
153 193
155 178
155 175
155 167
155 156
155 183
155 190
156 178
156 167
156 183
156 190
157 192
157 197
157 164
157 191
158 162
158 194
158 180
158 188
159 195
159 200
159 169
159 173
159 174
159 176
159 202
159 201
159 186
159 187
160 176
160 169
161 194
161 201
161 173
161 179
162 192
162 196
162 180
162 184
162 185
162 191
163 192
163 196
163 185
163 191
164 197
165 170
165 188
166 175
167 199
167 183
167 198
167 178
167 204
167 190
168 170
168 188
169 195
169 200
169 201
169 173
169 174
169 176
169 202
169 186
169 187
170 171
170 188
170 189
171 182
173 195
173 200
173 201
173 174
173 176
173 186
173 187
174 195
174 200
174 186
174 187
174 202
176 187
176 200
176 201
176 186
177 193
179 201
180 184
180 188
183 204
183 198
183 190
184 192
184 191
184 185
185 192
185 196
185 199
185 191
186 195
186 200
186 202
186 201
186 187
187 195
187 200
187 201
189 194
190 204
190 198
191 192
191 197
192 196
192 197
195 201
195 200
195 202
198 200
198 204
200 202
