0 128
0 1
0 2
0 3
0 4
0 5
0 6
0 74
0 192
0 13
0 144
0 17
0 19
0 21
0 22
0 24
0 89
0 26
0 130
0 157
0 31
0 97
0 34
0 39
0 105
0 42
0 197
0 116
0 117
0 182
0 59
0 126
0 85
1 128
1 2
1 3
1 4
1 197
1 6
1 74
1 192
1 130
1 144
1 17
1 19
1 21
1 22
1 24
1 89
1 26
1 31
1 131
1 39
1 105
1 42
1 116
1 117
1 182
1 59
1 170
1 126
2 130
2 3
2 4
2 5
2 6
2 137
2 74
2 203
2 192
2 13
2 144
2 17
2 19
2 21
2 22
2 24
2 89
2 26
2 156
2 157
2 30
2 31
2 32
2 97
2 34
2 163
2 101
2 39
2 40
2 42
2 197
2 168
2 128
2 116
2 117
2 182
2 56
2 126
2 85
3 131
3 4
3 5
3 6
3 74
3 192
3 13
3 144
3 17
3 19
3 21
3 22
3 24
3 89
3 26
3 130
3 31
3 34
3 39
3 105
3 42
3 197
3 128
3 116
3 117
3 182
3 170
3 126
3 85
4 5
4 6
4 137
4 74
4 130
4 192
4 13
4 144
4 17
4 19
4 21
4 22
4 24
4 89
4 26
4 86
4 157
4 31
4 32
4 97
4 34
4 163
4 101
4 39
4 40
4 156
4 42
4 197
4 203
4 168
4 128
4 116
4 117
4 182
4 126
4 85
5 128
5 197
5 6
5 97
5 129
5 11
5 13
5 14
5 19
5 139
5 85
5 86
5 24
5 89
5 26
5 28
5 130
5 32
5 33
5 34
5 39
5 40
5 106
5 44
5 109
5 83
5 116
5 182
5 137
5 148
5 61
6 130
6 97
6 129
6 128
6 11
6 13
6 14
6 17
6 19
6 139
6 21
6 86
6 24
6 89
6 26
6 28
6 157
6 197
6 32
6 33
6 34
6 163
6 39
6 40
6 106
6 148
6 44
6 109
6 83
6 116
6 117
6 182
6 55
6 137
6 61
6 85
7 187
7 75
7 101
7 168
7 156
7 10
7 119
7 51
7 53
7 203
7 87
7 56
7 163
7 91
7 124
7 189
7 30
8 128
8 193
8 133
8 113
8 40
8 137
8 199
8 204
8 141
8 109
8 81
8 85
8 86
8 23
8 168
8 165
9 193
9 139
9 196
9 198
9 161
9 204
9 11
9 12
9 141
9 14
9 80
9 18
9 83
9 148
9 86
9 151
9 90
9 92
9 158
9 33
9 98
9 100
9 166
9 167
9 28
9 107
9 108
9 45
9 46
9 112
9 49
9 114
9 147
9 122
9 190
9 63
10 91
10 101
10 87
10 75
10 51
10 53
10 119
10 187
10 156
10 189
10 30
11 128
11 129
11 107
11 147
11 113
11 139
11 12
11 13
11 14
11 141
11 80
11 83
11 148
11 85
11 86
11 151
11 24
11 89
11 204
11 28
11 197
11 196
11 33
11 98
11 198
11 39
11 40
11 92
11 193
11 43
11 44
11 109
11 112
11 108
11 19
11 116
11 122
11 61
11 190
11 63
12 193
12 196
12 198
12 141
12 14
12 80
12 147
12 148
12 151
12 24
12 89
12 92
12 186
12 96
12 98
12 167
12 108
12 45
12 46
12 112
12 49
12 172
12 116
12 121
12 122
12 123
12 190
12 63
13 128
13 97
13 129
13 130
13 14
13 19
13 139
13 21
13 86
13 24
13 89
13 26
13 28
13 197
13 32
13 33
13 34
13 39
13 40
13 106
13 44
13 109
13 83
13 116
13 182
13 137
13 148
13 61
13 85
14 128
14 129
14 107
14 196
14 113
14 141
14 80
14 81
14 19
14 148
14 85
14 86
14 151
14 24
14 89
14 28
14 197
14 33
14 98
14 198
14 39
14 40
14 92
14 193
14 43
14 44
14 109
14 112
14 108
14 147
14 204
14 122
14 61
14 190
14 63
15 33
15 67
15 44
15 43
15 76
15 178
15 93
15 61
15 145
15 18
15 20
15 181
15 180
15 90
15 28
15 29
16 192
16 176
16 27
16 164
16 38
16 103
16 74
16 75
16 126
16 144
16 177
16 195
16 52
16 21
16 120
16 58
16 59
16 117
16 30
16 31
17 197
17 137
17 74
17 75
17 192
17 130
17 21
17 22
17 24
17 89
17 26
17 128
17 157
17 30
17 31
17 32
17 97
17 163
17 101
17 39
17 40
17 156
17 42
17 203
17 168
17 51
17 53
17 182
17 119
17 56
17 117
17 126
17 85
18 161
18 43
18 196
18 70
18 73
18 107
18 76
18 112
18 108
18 114
18 83
18 139
18 181
18 90
18 29
18 158
18 63
19 97
19 129
19 128
19 83
19 139
19 21
19 86
19 24
19 89
19 26
19 28
19 130
19 32
19 33
19 34
19 39
19 40
19 106
19 197
19 44
19 109
19 116
19 182
19 137
19 148
19 61
19 85
20 48
20 173
20 50
20 67
20 178
20 93
20 25
20 188
20 77
20 78
21 86
21 137
21 74
21 192
21 148
21 85
21 22
21 24
21 89
21 26
21 27
21 130
21 157
21 30
21 31
21 144
21 97
21 197
21 163
21 101
21 39
21 40
21 156
21 42
21 109
21 168
21 128
21 116
21 117
21 182
21 59
21 126
22 201
22 74
22 203
22 192
22 144
22 26
22 156
22 157
22 31
22 97
22 101
22 42
22 175
22 117
22 182
22 58
22 59
23 81
23 66
23 84
23 165
23 113
23 121
23 171
23 199
24 137
24 74
24 80
24 148
24 86
24 89
24 26
24 27
24 92
24 31
24 144
24 197
24 198
24 39
24 40
24 105
24 42
24 109
24 192
24 128
24 116
24 117
24 182
24 130
24 170
24 126
24 85
25 194
25 77
25 178
25 173
25 78
25 29
25 48
25 50
25 181
25 93
25 95
26 137
26 128
26 130
26 144
26 156
26 157
26 30
26 31
26 32
26 34
26 163
26 39
26 40
26 42
26 53
26 182
26 56
26 192
26 197
26 74
26 203
26 85
26 86
26 89
26 97
26 101
26 109
26 168
26 116
26 117
26 119
26 126
27 128
27 195
27 164
27 38
27 103
27 177
27 74
27 126
27 120
27 52
27 118
27 186
27 59
27 94
27 31
28 129
28 132
28 113
28 204
28 141
28 81
28 148
28 85
28 86
28 196
28 29
28 33
28 98
28 39
28 40
28 193
28 43
28 44
28 109
28 108
28 114
28 61
28 190
28 63
29 33
29 67
29 178
29 73
29 43
29 76
29 114
29 145
29 181
29 90
29 93
30 203
30 137
30 74
30 75
30 91
30 156
30 31
30 163
30 101
30 168
30 189
30 176
30 51
30 52
30 117
30 118
30 119
30 56
30 58
30 126
30 53
31 137
31 74
31 75
31 192
31 130
31 144
31 89
31 156
31 157
31 97
31 163
31 164
31 101
31 39
31 40
31 42
31 203
31 168
31 128
31 52
31 117
31 182
31 119
31 56
31 58
31 59
31 189
31 126
31 85
32 97
32 34
32 163
32 39
32 42
32 203
32 53
32 182
32 55
32 56
32 157
32 197
33 129
33 139
33 196
33 113
33 76
33 81
33 148
33 85
33 86
33 204
33 197
33 34
33 39
33 193
33 43
33 44
33 109
33 108
33 83
33 180
33 61
33 190
34 128
34 97
34 139
34 148
34 85
34 86
34 89
34 157
34 197
34 39
34 129
34 106
34 44
34 83
34 182
34 55
34 61
35 65
35 194
35 67
35 69
35 102
35 178
35 72
35 173
35 47
35 146
35 180
35 62
35 54
35 60
35 93
35 134
36 132
36 147
36 100
36 37
36 70
36 73
36 152
36 41
36 158
36 111
37 64
37 100
37 70
37 73
37 95
37 111
37 41
37 88
37 132
37 143
37 158
38 160
38 195
38 52
38 103
38 120
38 164
38 138
38 202
38 177
39 129
39 137
39 128
39 148
39 157
39 163
39 133
39 40
39 42
39 44
39 182
39 61
39 193
39 197
39 130
39 74
39 85
39 86
39 89
39 97
39 109
39 168
39 116
39 117
40 128
40 193
40 137
40 74
40 148
40 86
40 89
40 157
40 81
40 133
40 97
40 197
40 163
40 168
40 44
40 109
40 117
40 182
40 61
40 126
40 85
41 64
41 132
41 100
41 70
41 73
41 143
41 111
41 114
41 147
41 181
41 63
41 158
41 95
42 197
42 128
42 203
42 192
42 130
42 144
42 89
42 156
42 157
42 97
42 163
42 101
42 117
42 182
42 74
43 129
43 132
43 204
43 193
43 108
43 139
43 76
43 145
43 83
43 148
43 86
43 196
43 90
43 93
43 44
43 178
43 114
43 180
43 181
43 61
44 129
44 193
44 137
44 204
44 81
44 146
44 148
44 85
44 86
44 197
44 133
44 109
44 180
44 55
44 61
45 96
45 198
45 167
45 46
45 79
45 112
45 49
45 172
45 151
45 122
45 92
46 96
46 112
46 198
46 167
46 107
46 108
46 79
46 80
46 49
46 172
46 151
46 122
46 92
46 190
47 67
47 180
47 69
47 102
47 134
47 188
47 60
47 62
48 50
48 194
48 188
48 77
48 78
48 173
49 96
49 112
49 198
49 167
49 108
49 79
49 80
49 172
49 151
49 122
49 92
50 173
50 178
50 194
50 188
50 77
50 78
50 93
51 97
51 163
51 101
51 168
51 156
51 75
51 203
51 157
51 53
51 189
51 119
51 56
51 91
51 124
51 74
52 176
52 164
52 103
52 75
52 177
52 195
52 126
52 118
52 120
52 58
52 59
53 97
53 163
53 101
53 168
53 137
53 74
53 203
53 157
53 156
53 189
53 119
53 56
53 91
53 124
54 65
54 194
54 67
54 72
54 173
54 178
54 180
54 183
54 93
54 62
54 95
55 97
55 163
55 69
55 61
55 146
55 60
55 157
55 127
56 137
56 74
56 203
56 91
56 156
56 157
56 97
56 163
56 101
56 168
56 119
56 124
56 189
56 117
57 129
57 107
57 166
57 161
57 76
57 106
57 139
57 108
57 83
57 150
57 90
57 170
58 176
58 164
58 201
58 74
58 75
58 175
58 117
58 59
58 156
58 189
59 130
59 164
59 103
59 74
59 192
59 144
59 117
59 126
60 65
60 146
60 180
60 69
60 102
60 72
60 127
60 134
61 129
61 193
61 137
61 204
61 81
61 146
61 148
61 85
61 86
61 197
61 133
61 109
61 180
62 65
62 194
62 67
62 134
62 102
62 178
62 72
62 173
62 146
62 180
62 93
62 69
63 193
63 132
63 70
63 141
63 80
63 147
63 151
63 152
63 196
63 90
63 158
63 96
63 161
63 98
63 100
63 198
63 167
63 107
63 108
63 112
63 114
63 204
63 122
63 190
64 179
64 132
64 73
64 88
64 71
64 143
64 111
64 95
65 133
65 134
65 72
65 173
65 146
65 67
65 180
65 127
65 102
65 69
66 99
66 165
66 113
66 169
66 71
66 143
66 81
66 179
66 171
66 152
66 125
66 199
67 194
67 69
67 134
67 72
67 173
67 178
67 180
67 188
67 93
68 96
68 98
68 147
68 100
68 167
68 152
68 122
68 123
68 141
68 159
69 102
69 134
69 72
69 146
69 180
69 127
70 132
70 100
70 73
70 196
70 114
70 111
70 147
70 181
70 152
70 122
70 143
70 158
71 99
71 132
71 179
71 88
71 169
71 125
71 143
72 133
72 134
72 173
72 146
72 180
72 127
72 102
73 132
73 100
73 114
73 111
73 147
73 181
73 143
73 158
73 95
74 137
74 128
74 75
74 192
74 89
74 156
74 157
74 97
74 163
74 101
74 203
74 168
74 182
74 119
74 117
74 189
74 126
74 85
75 201
75 203
75 91
75 156
75 164
75 101
75 168
75 176
75 117
75 118
75 119
75 189
76 196
76 166
76 129
76 161
76 106
76 107
76 108
76 114
76 145
76 83
76 139
76 90
77 78
78 173
78 178
78 194
78 188
78 93
79 112
79 150
79 151
79 172
79 167
79 92
80 193
80 196
80 204
80 198
80 141
80 147
80 84
80 151
80 89
80 92
80 186
80 96
80 98
80 167
80 148
80 108
80 109
80 112
80 116
80 121
80 122
80 123
80 190
81 132
81 133
81 113
81 137
81 193
81 199
81 109
81 141
81 204
81 86
81 165
83 129
83 196
83 161
83 139
83 90
83 197
83 166
83 106
83 107
83 108
83 112
83 148
84 98
84 199
84 104
84 121
84 186
84 123
84 94
85 128
85 97
85 129
85 148
85 86
85 89
85 157
85 133
85 163
85 193
85 197
85 109
85 168
85 116
85 117
85 182
85 137
85 130
85 126
86 128
86 129
86 98
86 193
86 204
86 141
86 148
86 89
86 133
86 198
86 196
86 109
86 108
86 116
86 182
86 137
86 197
86 168
86 190
87 187
87 91
87 140
87 154
88 179
88 152
88 185
88 143
88 111
89 137
89 148
89 92
89 144
89 163
89 198
89 197
89 109
89 168
89 128
89 116
89 117
89 182
89 130
89 192
89 126
90 161
90 196
90 166
90 145
90 106
90 107
90 114
90 112
90 108
90 139
90 181
91 101
91 168
91 156
91 119
91 174
91 203
91 163
91 187
91 124
91 189
92 128
92 130
92 198
92 141
92 148
92 151
92 155
92 186
92 96
92 98
92 170
92 108
92 112
92 172
92 116
92 122
92 123
92 190
93 194
93 178
93 173
93 180
94 120
94 123
94 177
94 103
94 104
94 121
94 186
94 126
95 111
95 143
95 183
96 98
96 198
96 167
96 172
96 141
96 147
96 151
96 152
96 122
96 123
97 128
97 203
97 137
97 119
97 156
97 157
97 163
97 101
97 197
97 168
97 182
97 117
98 193
98 132
98 198
98 199
98 141
98 147
98 196
98 151
98 152
98 186
98 158
98 148
98 100
98 167
98 108
98 109
98 112
98 113
98 204
98 121
98 122
98 123
98 190
99 179
99 165
99 169
99 171
99 125
100 204
100 141
100 143
100 147
100 196
100 152
100 132
100 158
100 167
100 111
100 112
100 114
100 122
100 190
101 203
101 137
101 156
101 157
101 163
101 168
101 189
101 182
101 119
101 117
102 146
102 134
102 127
103 177
103 126
103 120
103 164
103 195
104 121
104 186
104 123
105 130
105 116
105 131
105 144
105 155
105 192
105 170
106 129
106 139
106 161
106 107
106 145
106 166
107 196
107 198
107 139
107 150
107 151
107 161
107 166
107 108
107 112
107 114
107 122
107 190
108 129
108 196
108 198
108 161
108 141
108 139
108 151
108 148
108 167
108 158
108 166
108 193
108 112
108 114
108 147
108 204
108 122
108 190
109 128
109 129
109 196
109 193
109 137
109 204
109 141
109 148
109 199
109 133
109 163
109 198
109 197
109 113
109 190
109 168
109 126
110 184
110 200
110 115
110 149
111 143
111 132
111 158
112 172
112 139
112 196
112 198
112 141
112 148
112 150
112 151
112 158
112 161
112 166
112 167
112 114
112 147
112 204
112 122
112 190
113 132
113 165
113 193
113 204
113 141
113 147
113 152
113 196
113 143
113 199
114 132
114 139
114 147
114 196
114 158
114 161
114 204
114 181
114 190
115 184
115 200
115 149
116 128
116 148
116 155
116 130
116 144
116 197
116 131
116 198
116 170
116 117
116 182
116 192
116 126
117 197
117 137
117 192
117 130
117 144
117 156
117 157
117 163
117 203
117 168
117 128
117 182
117 119
117 126
118 176
118 177
118 164
118 195
119 163
119 168
119 156
119 203
119 157
119 189
120 177
120 195
120 186
120 202
121 199
121 186
121 123
121 141
122 193
122 141
122 147
122 151
122 152
122 196
122 158
122 198
122 167
122 172
122 204
122 123
122 190
123 198
123 167
123 199
123 141
123 151
123 152
123 186
124 203
124 127
125 165
125 169
125 179
126 137
126 192
126 130
126 144
126 177
126 168
126 128
126 182
126 186
127 146
127 134
128 137
128 192
128 144
128 148
128 163
128 197
128 168
128 182
128 130
129 139
129 148
129 197
129 166
130 192
130 144
130 148
130 155
130 197
130 131
130 182
130 170
131 144
131 170
131 155
131 192
132 193
132 196
132 204
132 141
132 143
132 147
132 152
132 158
132 181
132 190
133 163
133 165
133 137
133 146
133 168
134 146
134 180
137 148
137 156
137 157
137 197
137 163
137 168
137 182
138 160
139 196
139 161
139 145
139 148
139 197
139 166
140 200
140 154
140 187
141 193
141 198
141 199
141 147
141 148
141 196
141 151
141 152
141 186
141 158
141 167
141 204
141 190
143 179
143 147
143 152
143 158
144 192
144 155
144 182
146 180
147 193
147 196
147 152
147 158
147 198
147 167
147 204
147 190
148 196
148 193
148 204
148 197
148 198
148 190
149 184
149 200
150 161
150 166
151 196
151 198
151 161
151 167
151 172
151 190
152 179
152 167
152 199
152 158
153 200
154 187
155 170
156 203
156 157
156 163
156 168
156 189
156 182
157 203
157 197
157 163
157 168
157 182
158 193
158 204
158 196
158 167
158 181
158 190
159 185
159 191
161 196
161 166
161 190
163 203
163 168
163 182
164 176
164 201
164 177
164 195
165 169
165 199
166 170
167 198
167 172
167 190
168 203
168 182
169 179
169 171
171 199
171 200
172 198
173 194
173 178
173 180
173 188
174 184
174 187
175 201
175 189
176 195
176 201
176 189
177 195
177 202
178 194
178 180
178 181
182 192
182 197
182 203
183 194
186 199
189 203
189 201
190 193
190 198
190 196
190 204
193 198
193 199
193 196
193 204
196 198
196 204
198 204
199 204
