0 193
0 2
0 8
0 75
0 194
0 85
0 196
0 90
0 27
0 5
0 33
0 6
0 102
0 169
0 7
0 110
0 128
0 105
0 58
0 190
1 193
1 3
1 4
1 8
1 10
1 11
1 75
1 148
1 196
1 26
1 28
1 30
1 159
1 6
1 38
1 39
1 7
1 188
2 3
2 197
2 199
2 8
2 137
2 138
2 12
2 81
2 18
2 195
2 121
2 5
2 31
2 162
2 41
2 7
2 45
2 177
2 147
2 117
2 54
2 57
2 58
3 195
3 5
3 8
3 9
3 194
3 78
3 13
3 150
3 152
3 27
3 92
3 155
3 58
3 95
4 5
4 8
4 10
4 11
4 14
4 131
4 23
4 24
4 162
4 100
4 70
4 41
4 47
4 53
4 183
5 64
5 198
5 8
5 9
5 12
5 14
5 15
5 144
5 195
5 22
5 87
5 196
5 95
5 97
5 164
5 181
5 31
5 189
6 67
6 74
6 11
6 13
6 145
6 148
6 86
6 25
6 196
6 31
6 162
6 81
6 41
6 47
6 114
6 120
6 185
6 191
7 198
7 8
7 11
7 13
7 14
7 15
7 16
7 17
7 92
7 93
7 129
7 105
7 50
7 54
7 56
8 9
8 74
8 11
8 79
8 16
8 139
8 94
8 49
8 168
8 175
8 177
8 188
9 138
9 11
9 13
9 14
9 15
9 144
9 17
9 30
9 34
9 99
9 165
9 176
9 158
9 54
9 55
9 184
9 123
10 74
10 13
10 15
10 17
10 18
10 19
10 20
10 87
10 88
10 31
10 96
10 44
10 54
10 184
11 69
11 12
11 13
11 14
11 15
11 16
11 151
11 132
11 26
11 97
11 164
11 37
11 166
11 103
11 199
11 44
11 49
12 13
12 142
12 15
12 17
12 18
12 143
12 158
12 133
12 161
12 70
12 49
12 50
12 121
12 188
12 63
13 128
13 149
13 14
13 143
13 80
13 21
13 22
13 33
13 39
13 172
13 111
13 113
13 60
13 191
14 192
14 67
14 16
14 18
14 19
14 20
14 23
14 160
14 37
14 39
14 41
14 50
14 179
14 119
14 63
15 131
15 68
15 78
15 17
15 18
15 20
15 22
15 31
15 163
15 102
15 168
15 169
15 71
15 173
15 54
15 73
15 189
16 65
16 69
16 137
16 141
16 17
16 92
16 133
16 160
16 134
16 42
16 179
16 180
16 181
16 123
16 63
17 129
17 130
17 68
17 139
17 18
17 20
17 26
17 93
17 33
17 163
17 169
17 82
17 29
17 50
18 147
18 20
18 21
18 22
18 24
18 26
18 28
18 31
18 96
18 113
18 79
18 53
19 128
19 20
19 21
19 22
19 23
19 24
19 27
19 29
19 160
19 34
19 43
19 157
19 74
19 190
19 191
20 129
20 67
20 149
20 22
20 23
20 24
20 25
20 26
20 28
20 29
20 161
20 101
20 39
20 173
20 111
20 182
20 184
20 121
20 122
20 143
21 75
21 80
21 23
21 24
21 25
21 28
21 29
21 31
21 107
21 110
21 111
21 153
21 121
21 95
21 151
21 127
22 66
22 78
22 26
22 27
22 101
22 30
22 31
22 32
22 161
22 90
22 103
22 47
22 113
22 148
22 125
23 193
23 97
23 136
23 138
23 27
23 29
23 31
23 164
23 102
23 161
23 176
23 48
23 52
23 94
23 58
23 159
23 124
24 64
24 160
24 130
24 134
24 135
24 151
24 153
24 91
24 29
24 30
24 31
24 104
24 41
24 106
24 108
24 173
24 62
24 126
25 69
25 71
25 74
25 190
25 90
25 27
25 37
25 33
25 35
25 163
25 81
25 178
25 52
25 181
25 119
25 126
26 128
26 194
26 132
26 199
26 73
26 76
26 141
26 121
26 27
26 29
26 33
26 34
26 155
26 36
26 113
26 185
26 124
26 191
27 67
27 132
27 143
27 145
27 88
27 31
27 34
27 35
27 37
27 111
27 48
27 147
27 116
27 38
27 61
28 192
28 195
28 109
28 145
28 29
28 30
28 31
28 35
28 36
28 37
28 45
28 49
28 186
28 62
29 129
29 140
29 87
29 31
29 32
29 34
29 37
29 107
29 45
29 114
29 51
29 119
29 148
30 134
30 140
30 31
30 33
30 36
30 37
30 38
30 39
30 40
30 41
30 44
30 76
30 187
30 166
31 193
31 71
31 76
31 78
31 163
31 32
31 33
31 35
31 36
31 171
31 50
31 180
31 117
31 60
32 65
32 197
32 135
32 142
32 83
32 35
32 100
32 39
32 41
32 42
32 199
32 49
32 178
32 147
32 186
32 159
33 193
33 134
33 74
33 80
33 35
33 100
33 39
33 40
33 42
33 43
33 45
33 114
33 119
33 187
33 63
34 194
34 132
34 69
34 108
34 119
34 76
34 86
34 105
34 148
34 35
34 41
34 42
34 43
34 154
34 176
34 49
34 55
34 185
34 123
34 191
35 86
35 136
35 74
35 140
35 109
35 148
35 150
35 36
35 37
35 38
35 43
35 44
35 45
35 177
35 115
35 56
36 128
36 67
36 78
36 143
36 120
36 86
36 151
36 176
36 48
36 158
36 56
36 59
36 117
37 96
37 130
37 67
37 71
37 82
37 148
37 38
37 46
37 47
37 180
37 183
37 111
37 62
38 87
38 112
38 103
38 40
38 41
38 42
38 44
38 45
38 186
38 95
39 77
39 138
39 143
39 104
39 169
39 176
39 44
39 46
39 47
39 62
39 127
40 132
40 138
40 162
40 99
40 41
40 106
40 43
40 44
40 45
40 46
40 48
40 50
40 180
40 53
41 162
41 89
41 91
41 101
41 107
41 46
41 47
41 113
41 184
41 58
42 150
42 88
42 154
42 101
42 167
42 43
42 112
42 53
42 55
42 121
42 191
42 181
43 129
43 133
43 146
43 91
43 172
43 45
43 48
43 49
43 53
43 62
44 68
44 64
44 132
44 137
44 89
44 160
44 101
44 46
44 53
44 54
44 183
44 125
44 190
45 195
45 119
45 81
45 131
45 90
45 156
45 178
45 48
45 49
45 50
45 51
45 52
45 55
45 116
45 123
45 126
46 194
46 67
46 137
46 119
46 148
46 105
46 89
46 167
46 175
46 48
46 49
46 53
46 108
46 55
46 122
47 72
47 101
47 174
47 48
47 177
47 51
47 52
47 54
47 119
47 57
48 70
48 142
48 79
48 82
48 156
48 186
48 102
48 49
48 51
48 117
48 182
48 57
48 58
48 188
49 129
49 75
49 196
49 197
49 145
49 83
49 122
49 182
49 112
49 55
49 58
49 59
50 192
50 196
50 80
50 120
50 164
50 53
50 56
50 57
50 58
50 60
50 190
51 193
51 195
51 108
51 140
51 184
51 148
51 73
51 153
51 95
51 162
51 165
51 179
51 117
51 54
51 55
51 56
51 59
51 60
51 189
51 191
52 133
52 73
52 183
52 160
52 166
52 177
52 178
52 53
52 55
52 56
52 60
52 62
53 118
53 109
53 86
53 127
53 96
53 146
53 181
53 54
53 55
53 56
53 59
53 60
53 63
54 172
54 87
54 80
54 184
54 151
54 120
54 155
54 93
54 56
54 59
55 115
55 70
55 80
55 148
55 100
55 113
55 57
55 58
55 126
55 63
56 66
56 67
56 197
56 193
56 72
56 75
56 126
56 121
56 97
56 162
56 113
56 135
56 57
56 60
57 64
57 67
57 145
57 84
57 153
57 111
57 123
57 165
57 102
57 171
57 178
57 59
57 127
58 65
58 183
58 145
58 171
58 83
58 184
58 185
58 59
58 63
59 64
59 67
59 70
59 77
59 157
59 95
59 165
59 103
59 188
59 114
59 174
59 60
59 61
59 62
60 65
60 69
60 193
60 75
60 145
60 87
60 96
60 198
60 174
60 112
60 121
60 61
60 190
60 63
61 65
61 66
61 131
61 68
61 69
61 70
61 71
61 145
61 86
61 153
61 197
61 164
61 125
61 62
62 68
62 71
62 151
62 87
62 95
62 104
62 116
62 190
62 191
63 67
63 69
63 71
63 186
63 132
63 156
63 157
63 159
63 100
63 101
63 111
63 178
64 66
64 67
64 69
64 72
64 88
64 83
64 151
64 154
64 118
64 94
64 133
64 162
65 192
65 66
65 196
65 69
65 70
65 74
65 140
65 79
65 95
65 80
65 134
65 145
65 135
65 113
65 184
66 68
66 71
66 76
66 184
66 148
66 155
66 157
66 161
66 100
66 106
66 177
67 73
67 77
67 87
67 168
67 127
67 120
68 133
68 70
68 75
68 76
68 78
68 91
68 100
68 105
68 120
69 70
69 72
69 74
69 79
69 83
69 152
69 124
70 199
70 72
70 76
70 78
70 148
70 156
70 94
70 197
70 161
70 104
70 116
71 139
71 72
71 140
71 75
71 78
71 81
71 90
71 100
71 113
71 179
71 116
72 140
72 74
72 126
72 81
72 83
72 93
72 144
72 198
72 145
72 108
72 109
72 190
73 198
73 119
73 194
73 78
73 83
73 89
73 145
73 169
73 106
73 113
73 183
74 76
74 82
74 84
74 156
74 128
74 98
74 164
74 103
74 108
74 176
75 136
75 76
75 194
75 77
75 81
75 85
75 197
75 160
75 167
75 175
75 119
76 96
76 77
76 142
76 83
76 85
76 91
76 160
76 172
76 94
76 118
76 186
76 127
77 130
77 140
77 78
77 79
77 80
77 81
77 84
77 87
77 169
77 170
77 176
77 113
77 105
77 186
78 100
78 152
78 81
78 149
78 87
78 88
78 132
78 91
78 197
78 163
78 102
78 195
78 199
78 113
78 181
78 148
79 151
79 140
79 144
79 83
79 96
79 80
79 162
79 103
79 105
79 121
79 125
80 133
80 146
80 86
80 88
80 89
80 90
80 157
80 120
80 186
81 195
81 82
81 83
81 84
81 88
81 89
81 90
81 112
81 135
81 176
81 183
81 190
82 194
82 171
82 199
82 141
82 83
82 84
82 150
82 87
82 152
82 89
82 102
82 135
82 174
82 179
82 181
82 184
83 144
83 87
83 88
83 92
83 93
83 161
83 145
83 106
83 111
83 122
83 123
84 194
84 195
84 149
84 86
84 88
84 154
84 90
84 94
84 165
84 105
84 146
84 93
85 134
85 149
85 87
85 89
85 90
85 91
85 92
85 93
85 94
85 95
86 129
86 195
86 153
86 93
86 95
86 96
86 170
86 111
87 88
87 111
87 92
87 97
87 105
87 106
87 109
87 93
87 112
87 121
88 137
88 139
88 89
88 91
88 93
88 94
88 95
88 160
88 172
88 109
88 180
89 194
89 161
89 90
89 155
89 92
89 93
89 94
89 97
89 98
89 99
89 105
90 194
90 141
90 93
90 95
90 100
90 108
90 173
90 174
90 120
90 190
91 193
91 151
91 92
91 96
91 103
91 170
91 173
91 114
92 128
92 133
92 150
92 94
92 144
92 99
92 101
92 102
92 105
92 106
92 174
92 178
92 116
92 188
92 126
93 128
93 162
93 157
93 94
93 99
93 100
93 101
93 107
93 113
93 182
93 191
94 164
94 95
94 98
94 100
94 103
94 111
94 122
94 124
94 166
95 132
95 199
95 96
95 99
95 100
95 101
95 102
95 103
95 105
95 135
95 173
95 158
96 197
96 134
96 124
96 97
96 99
96 100
96 101
96 103
96 105
96 171
96 155
97 193
97 120
97 154
97 99
97 100
97 101
97 102
97 103
97 105
97 109
97 178
97 170
98 136
98 119
98 152
98 99
98 100
98 101
98 103
98 106
98 107
98 175
98 183
99 100
99 101
99 102
99 103
99 104
99 106
99 107
99 108
99 109
99 175
99 168
100 172
100 138
100 132
100 103
100 104
100 108
101 199
101 183
101 144
101 147
101 103
101 107
101 108
101 178
101 118
101 159
102 160
102 134
102 136
102 165
102 103
102 105
102 109
102 181
102 118
103 141
103 144
103 174
103 152
103 104
103 105
103 107
103 110
103 112
103 113
104 139
104 152
104 175
104 156
104 106
104 108
104 109
104 112
104 114
104 184
104 159
104 170
105 192
105 131
105 198
105 140
105 144
105 114
105 117
105 122
105 124
105 126
106 137
106 138
106 173
106 158
106 108
106 110
106 175
106 114
106 115
106 180
107 194
107 195
107 130
107 154
107 158
107 170
107 109
107 113
107 114
107 116
107 117
107 123
108 192
108 140
108 141
108 150
108 159
108 175
108 113
108 116
108 117
108 125
108 126
109 133
109 156
109 167
109 110
109 111
109 112
109 116
109 118
109 187
110 139
110 140
110 113
110 115
110 116
110 117
110 118
110 119
110 120
111 148
111 185
111 165
111 176
111 178
111 117
111 119
111 121
111 123
112 189
112 148
112 149
112 150
112 175
112 113
112 178
112 115
112 117
112 118
112 119
112 120
112 168
113 134
113 145
113 116
113 120
113 125
114 199
114 143
114 185
114 174
114 116
114 117
114 119
114 120
114 121
114 122
114 123
114 124
115 194
115 171
115 196
115 146
115 174
115 156
115 161
115 117
115 184
115 121
115 122
115 187
115 124
116 197
116 137
116 144
116 157
116 117
116 118
116 120
116 122
116 123
116 124
116 126
117 198
117 151
117 160
117 178
117 177
117 182
117 120
117 122
117 123
117 127
118 128
118 171
118 119
118 121
118 126
118 127
119 132
119 147
119 157
119 165
119 172
119 173
120 135
120 158
120 187
120 198
120 166
120 188
120 185
120 123
120 124
121 131
121 198
121 159
121 167
122 128
122 130
122 131
122 147
122 197
122 135
122 160
122 161
122 166
122 191
122 123
122 124
122 127
123 130
123 132
123 140
123 149
123 164
123 170
123 137
123 124
123 125
123 126
123 127
124 128
124 129
124 133
124 134
124 199
124 125
124 127
125 132
125 134
125 145
125 149
125 162
125 189
125 190
125 126
125 181
126 129
126 131
126 133
126 134
126 136
126 140
126 185
126 177
126 127
127 129
127 132
127 135
127 138
127 143
127 146
127 155
127 160
127 171
128 129
128 134
128 136
128 138
128 139
128 186
128 153
128 165
128 198
129 131
129 196
129 135
129 136
129 137
129 138
129 170
129 176
130 192
130 133
130 134
130 136
130 137
130 138
130 139
130 146
130 190
131 135
131 136
131 137
131 139
131 140
131 146
131 149
131 170
131 174
131 185
132 134
132 135
132 136
132 139
132 140
132 176
132 169
133 193
133 134
133 137
133 139
133 140
133 163
133 172
134 138
134 143
134 144
134 151
134 156
134 176
134 179
134 182
135 141
135 142
135 145
135 157
135 158
136 137
136 138
136 141
136 143
136 145
136 146
136 157
136 174
136 176
137 138
137 139
137 141
137 142
137 146
137 156
137 181
138 139
138 192
138 143
138 146
138 157
139 140
139 143
139 145
139 146
139 148
139 152
139 154
139 163
140 141
140 144
140 146
140 170
140 176
141 193
141 144
141 145
141 148
141 149
141 158
141 175
141 184
142 145
142 146
142 147
142 149
142 150
142 152
142 161
142 168
142 173
142 185
143 144
143 145
143 149
143 150
143 152
143 153
143 178
144 148
144 156
144 159
144 155
144 173
145 148
145 149
145 151
145 153
145 156
145 179
146 196
146 147
146 149
146 150
146 153
146 164
146 169
146 172
146 185
146 191
147 152
147 153
147 155
147 182
147 191
148 192
148 193
148 172
148 150
148 151
148 191
149 151
149 153
149 154
149 158
149 172
149 176
150 196
150 199
150 151
150 156
150 158
150 160
150 161
150 177
151 152
151 153
151 154
151 155
151 159
151 190
151 188
152 158
152 159
152 161
152 163
152 181
152 184
152 187
153 196
153 155
153 159
153 161
153 163
154 159
154 160
154 161
154 162
154 180
154 181
155 158
155 162
155 163
155 165
156 197
156 160
156 161
156 163
156 166
156 173
156 177
157 158
157 159
157 160
157 161
157 165
157 191
157 185
157 189
158 194
158 195
158 159
158 163
158 166
158 175
158 181
159 160
159 161
159 162
159 165
159 166
159 168
159 169
159 189
160 192
160 163
160 165
160 167
160 174
160 176
160 182
161 184
161 163
161 165
161 166
161 167
161 169
161 172
161 180
161 181
162 163
162 169
162 190
163 198
163 164
163 165
163 166
163 167
163 169
163 173
163 178
164 195
164 166
164 167
164 169
164 170
164 171
164 174
164 176
164 189
165 166
165 169
165 171
165 183
166 167
166 168
166 169
166 170
166 171
166 172
166 173
166 190
167 169
167 172
167 174
167 176
167 177
167 183
167 187
167 189
167 190
168 173
168 174
168 176
168 177
168 178
168 181
168 183
169 193
169 170
169 173
169 176
169 178
169 179
169 181
170 173
170 177
170 178
171 198
171 199
171 174
171 176
171 179
171 183
172 199
172 173
172 174
172 175
172 176
172 177
172 179
172 182
173 196
173 177
173 178
173 179
173 181
173 182
174 195
174 175
175 176
175 178
175 191
176 192
176 193
176 195
176 179
176 181
176 182
176 185
177 198
177 178
177 183
178 181
178 182
178 184
178 187
179 193
179 180
179 183
179 184
179 186
179 187
179 188
180 194
180 195
180 181
180 182
180 185
180 187
180 190
181 199
181 188
182 198
182 183
182 184
182 189
182 190
183 192
183 184
183 187
183 191
184 192
184 193
184 199
184 189
184 190
185 193
185 195
185 190
186 193
186 194
186 195
186 196
186 187
186 188
186 191
187 192
187 194
187 195
187 189
187 190
187 191
188 192
188 193
188 194
188 189
188 190
189 192
189 193
189 194
189 196
189 191
190 196
190 197
190 199
191 193
191 197
192 193
192 195
192 196
193 196
193 199
194 195
194 197
194 198
194 199
195 199
196 198
196 199
198 199
