0 192
0 193
0 2
0 3
0 4
0 199
0 9
0 81
0 151
0 88
0 196
0 91
0 92
0 5
0 176
0 170
0 71
0 48
0 128
0 181
0 118
0 57
0 123
0 60
0 190
1 192
1 194
1 3
1 4
1 198
1 199
1 9
1 10
1 11
1 79
1 16
1 57
1 196
1 93
1 197
1 7
1 181
1 118
1 185
2 193
2 194
2 195
2 5
2 6
2 199
2 67
2 92
2 3
2 35
2 134
2 170
2 7
2 174
2 48
2 72
2 128
2 52
2 59
2 58
2 187
3 194
3 75
3 4
3 198
3 135
3 8
3 9
3 11
3 14
3 146
3 196
3 157
3 94
3 6
3 105
3 193
3 109
3 140
3 185
4 194
4 5
4 198
4 9
4 12
4 144
4 150
4 32
4 161
4 35
4 169
4 107
4 45
4 113
4 178
4 58
5 197
5 7
5 8
5 14
5 80
5 146
5 131
5 196
5 143
5 162
5 155
5 199
5 91
5 54
5 57
5 123
5 62
5 127
6 195
6 197
6 198
6 199
6 8
6 9
6 77
6 15
6 160
6 80
6 65
6 167
6 194
6 170
6 136
6 180
6 118
6 185
6 125
7 76
7 10
7 12
7 13
7 16
7 17
7 155
7 165
7 104
7 43
7 45
7 174
7 48
7 179
7 54
7 120
7 123
8 199
8 73
8 12
8 13
8 14
8 147
8 148
8 21
8 141
8 22
8 29
8 130
8 198
8 42
8 154
8 93
8 111
8 112
8 187
9 136
9 10
9 13
9 15
9 152
9 31
9 168
9 106
9 199
9 172
9 175
9 181
9 58
9 191
10 72
10 11
10 13
10 15
10 16
10 17
10 188
10 23
10 79
10 102
10 60
10 107
10 109
10 52
10 41
10 151
11 65
11 73
11 12
11 66
11 15
11 17
11 86
11 23
11 154
11 92
11 96
11 103
11 28
11 108
11 146
11 48
11 178
11 138
11 183
11 125
12 138
12 140
12 13
12 14
12 20
12 21
12 100
12 86
12 150
12 99
12 131
12 101
12 41
12 72
12 83
12 121
12 59
12 85
13 15
13 17
13 18
13 19
13 21
13 22
13 23
13 28
13 69
13 101
13 195
13 81
13 50
13 180
13 185
13 38
13 60
13 149
14 192
14 70
14 162
14 77
14 15
14 19
14 85
14 24
14 161
14 98
14 170
14 117
14 184
14 122
14 62
15 195
15 55
15 17
15 18
15 23
15 25
15 93
15 107
15 29
15 173
15 175
15 114
15 115
15 137
16 71
16 197
16 76
16 18
16 20
16 24
16 90
16 33
16 100
16 105
16 135
16 172
16 109
16 115
16 73
16 153
16 59
17 198
17 75
17 144
17 18
17 19
17 21
17 23
17 153
17 33
17 105
17 44
17 50
17 83
17 184
17 185
17 188
18 133
18 146
18 22
18 89
18 26
18 27
18 28
18 29
18 167
18 54
18 177
18 178
18 53
18 182
18 72
18 63
19 128
19 194
19 196
19 198
19 74
19 144
19 20
19 22
19 23
19 26
19 27
19 28
19 157
19 109
19 29
19 183
19 185
19 138
20 66
20 196
20 199
20 83
20 88
20 90
20 21
20 22
20 23
20 24
20 26
20 58
20 37
20 104
20 176
20 51
20 122
21 139
21 68
21 73
21 22
21 26
21 27
21 31
21 34
21 155
21 38
21 106
21 115
21 56
21 170
22 152
22 88
22 25
22 30
22 155
22 41
22 171
22 78
22 175
22 180
22 181
22 185
22 123
22 61
23 198
23 142
23 150
23 25
23 28
23 31
23 32
23 164
23 37
23 145
23 109
23 48
24 70
24 199
24 87
24 28
24 29
24 94
24 32
24 34
24 99
24 45
24 48
24 189
25 129
25 196
25 26
25 27
25 37
25 31
25 33
25 36
25 165
25 40
25 42
25 178
25 110
25 50
25 84
25 59
25 106
26 151
26 152
26 27
26 28
26 157
26 32
26 33
26 35
26 29
26 112
26 50
26 118
26 122
26 85
27 129
27 175
27 143
27 91
27 28
27 29
27 30
27 31
27 32
27 36
27 37
27 40
27 110
27 111
27 177
27 125
28 128
28 96
28 130
28 65
28 89
28 29
28 33
28 35
28 36
28 169
28 42
28 109
28 99
28 116
28 125
29 196
29 199
29 152
29 149
29 154
29 32
29 33
29 35
29 168
29 156
29 42
29 45
29 53
30 64
30 132
30 135
30 126
30 80
30 152
30 31
30 35
30 117
30 188
30 190
30 166
31 86
31 139
31 98
31 141
31 80
31 35
31 37
31 41
31 113
31 118
32 65
32 130
32 98
32 79
32 80
32 90
32 165
32 34
32 123
32 40
32 42
32 181
32 56
32 122
32 59
32 190
33 135
33 76
33 78
33 145
33 199
33 101
33 36
33 38
33 40
33 156
33 42
33 43
33 47
33 157
33 178
33 118
33 56
34 198
34 140
34 144
34 156
34 158
34 162
34 36
34 37
34 41
34 42
34 107
34 109
34 176
34 184
34 126
35 129
35 131
35 197
35 71
35 137
35 145
35 83
35 67
35 101
35 38
35 39
35 40
35 43
35 158
35 182
35 183
35 56
35 195
36 160
36 194
36 71
36 182
36 70
36 161
36 74
36 162
36 82
36 153
36 37
36 39
36 41
36 43
36 46
36 48
36 115
36 94
36 54
36 127
36 170
36 191
37 139
37 79
37 82
37 147
37 40
37 41
37 42
37 43
37 114
37 183
37 188
37 61
38 64
38 81
38 83
38 153
38 103
38 105
38 42
38 45
38 47
38 106
38 122
38 95
38 60
38 125
38 85
39 51
39 131
39 70
39 119
39 93
39 161
39 40
39 41
39 44
39 46
39 50
39 115
39 105
39 190
39 63
40 197
40 71
40 136
40 120
40 85
40 86
40 159
40 171
40 44
40 45
40 47
40 179
40 72
41 193
41 66
41 198
41 112
41 153
41 154
41 105
41 46
41 176
41 49
41 51
41 58
41 189
42 128
42 129
42 67
42 70
42 137
42 160
42 140
42 162
42 113
42 48
42 49
42 118
42 127
42 62
42 166
43 194
43 131
43 71
43 143
43 85
43 150
43 89
43 100
43 91
43 92
43 96
43 167
43 104
43 45
43 48
43 49
43 52
43 183
43 168
44 65
44 193
44 80
44 174
44 46
44 47
44 48
44 49
44 52
44 53
44 182
44 184
44 121
45 128
45 74
45 139
45 82
45 148
45 94
45 46
45 48
45 50
45 51
45 54
45 55
45 187
46 76
46 149
46 105
46 107
46 174
46 47
46 51
46 52
46 181
46 55
46 116
46 60
46 61
47 64
47 193
47 179
47 70
47 135
47 108
47 142
47 174
47 159
47 48
47 49
47 51
47 52
47 59
48 66
48 195
48 152
48 153
48 97
48 87
48 169
48 49
48 51
48 53
48 54
48 57
48 127
48 106
48 62
48 117
49 65
49 72
49 151
49 88
49 123
49 50
49 51
49 53
49 54
49 58
49 59
49 63
50 194
50 106
50 174
50 156
50 53
50 54
50 55
50 56
50 57
50 60
50 125
51 177
51 87
51 91
51 99
51 164
51 102
51 178
51 54
51 55
51 56
51 106
52 128
52 121
52 90
52 93
52 159
52 163
52 103
52 53
52 58
52 60
53 171
53 69
53 73
53 140
53 142
53 149
53 150
53 159
53 162
53 170
53 146
53 126
53 55
53 57
53 59
53 61
53 191
54 66
54 142
54 124
54 148
54 111
54 160
54 104
54 105
54 175
54 55
54 120
54 121
54 59
54 60
54 63
55 64
55 65
55 190
55 111
55 94
55 161
55 187
55 103
55 168
55 57
55 59
55 62
56 195
56 68
56 69
56 140
56 163
56 89
56 162
56 100
56 170
56 85
56 61
56 126
57 64
57 129
57 193
57 73
57 119
57 80
57 145
57 146
57 83
57 197
57 176
57 121
57 61
58 64
58 66
58 69
58 128
58 139
58 130
58 150
58 153
58 187
58 114
58 182
58 123
59 65
59 137
59 142
59 62
60 66
60 68
60 69
60 78
60 79
60 90
60 198
60 189
60 184
60 123
60 61
61 64
61 65
61 68
61 70
61 73
61 192
61 80
61 81
61 83
61 84
61 147
61 185
61 164
61 169
61 62
61 63
62 64
62 66
62 67
62 69
62 70
62 77
62 83
62 151
62 160
62 163
62 107
62 112
62 114
62 126
62 127
63 64
63 66
63 67
63 70
63 143
63 120
63 137
63 157
63 99
64 65
64 66
64 69
64 73
64 80
64 82
64 147
64 121
64 92
64 186
64 124
64 109
64 176
64 118
64 188
65 66
65 68
65 70
65 71
65 72
65 75
65 184
65 94
65 190
66 67
66 132
66 198
66 71
66 74
66 76
66 161
66 79
66 80
66 123
66 171
66 175
66 190
67 68
67 69
67 70
67 72
67 75
67 84
67 85
67 152
67 130
67 113
67 188
68 130
68 70
68 72
68 73
68 74
68 75
68 76
68 78
68 79
68 120
68 102
68 113
69 71
69 76
69 78
69 79
69 173
69 90
69 169
69 109
69 174
69 182
69 127
70 72
70 140
70 75
70 76
70 77
70 79
70 141
70 164
70 158
70 177
71 73
71 74
71 75
71 77
71 81
71 85
71 160
71 175
71 176
72 73
72 75
72 85
72 168
72 111
72 177
72 137
72 127
73 149
73 138
73 75
73 78
73 173
73 80
73 88
73 105
73 146
73 147
73 169
74 128
74 75
74 76
74 77
74 142
74 80
74 81
74 83
74 107
74 124
75 139
75 78
75 80
75 165
75 144
75 134
75 81
75 104
75 120
76 130
76 79
76 80
76 83
76 88
76 156
76 134
76 103
76 118
76 121
76 138
77 140
77 78
77 79
77 80
77 83
77 88
77 154
77 156
77 150
77 163
77 112
77 178
77 181
78 161
78 81
78 83
78 84
78 86
78 88
78 89
78 158
78 197
78 99
78 109
78 180
78 137
78 148
79 195
79 193
79 81
79 84
79 86
79 88
79 103
79 129
79 174
79 125
79 104
79 168
80 90
80 104
80 116
80 117
80 183
80 95
80 190
81 139
81 88
81 90
81 99
81 108
81 179
81 118
81 185
82 129
82 142
82 83
82 149
82 92
82 183
82 125
83 193
83 131
83 171
83 88
83 90
83 100
83 107
83 172
83 177
83 187
83 124
83 127
84 128
84 192
84 196
84 148
84 85
84 86
84 153
84 88
84 90
84 116
84 183
84 188
84 127
85 150
85 134
85 86
85 151
85 153
85 197
85 173
85 136
85 180
85 182
85 126
86 196
86 87
86 90
86 91
86 92
86 93
86 96
86 99
86 164
86 115
87 129
87 88
87 89
87 93
87 94
87 96
87 97
87 155
87 182
88 193
88 194
88 197
88 90
88 91
88 97
88 98
88 99
88 166
88 106
88 117
88 127
89 90
89 92
89 93
89 96
89 99
89 113
89 117
89 187
89 126
90 128
90 192
90 195
90 139
90 141
90 92
90 96
90 97
90 163
90 169
90 113
90 127
91 132
91 155
91 94
91 97
91 99
91 168
91 107
91 146
91 110
91 175
91 178
91 117
91 121
92 94
92 95
92 96
92 97
92 99
92 100
92 101
92 168
92 112
93 164
93 154
93 94
93 96
93 161
93 99
93 101
93 110
93 175
93 191
94 119
94 147
94 165
94 98
94 104
94 172
94 174
94 155
94 121
95 129
95 133
95 148
95 165
95 97
95 98
95 99
95 100
95 101
95 102
95 103
95 116
96 130
96 198
96 156
96 165
96 98
96 99
96 101
96 105
96 106
96 173
96 189
97 134
97 98
97 99
97 100
97 102
97 103
97 104
97 105
97 173
97 114
97 116
97 119
97 159
97 125
97 191
98 192
98 171
98 196
98 143
98 145
98 159
98 101
98 166
98 105
98 175
98 177
98 190
99 128
99 198
99 101
99 102
99 183
99 185
99 187
100 130
100 196
100 173
100 148
100 103
100 104
100 107
100 110
100 112
100 178
100 159
101 175
101 134
101 141
101 149
101 102
101 104
101 107
101 110
101 111
101 115
101 124
102 133
102 138
102 140
102 150
102 155
102 106
102 110
102 111
102 178
102 179
102 170
103 132
103 142
103 149
103 176
103 104
103 106
103 107
103 108
103 109
103 112
103 113
103 121
104 147
104 107
104 109
104 110
104 111
104 112
104 114
105 132
105 142
105 155
105 106
105 111
105 113
105 114
105 119
106 156
106 108
106 110
106 115
107 142
107 145
107 153
107 109
107 110
107 115
107 169
108 137
108 142
108 144
108 154
108 157
108 110
108 112
108 113
108 180
108 117
109 192
109 132
109 135
109 143
109 158
109 182
109 112
109 117
110 152
110 153
110 112
110 116
110 117
110 118
110 120
110 122
110 189
111 196
111 144
111 153
111 159
111 165
111 136
111 114
111 182
111 121
111 189
112 150
112 152
112 175
112 113
112 118
112 119
112 122
113 197
113 172
113 144
113 186
113 115
113 116
113 118
113 123
114 167
114 115
114 117
114 119
114 123
114 124
114 189
114 190
114 181
115 130
115 146
115 152
115 144
115 174
115 180
115 119
115 121
115 123
115 124
115 191
116 130
116 131
116 173
116 146
116 118
116 122
116 124
116 125
117 198
117 175
117 186
117 162
117 182
117 122
117 123
117 125
118 128
118 131
118 199
118 158
118 187
118 168
118 181
118 120
118 121
118 123
118 127
119 128
119 129
119 131
119 198
119 159
119 164
119 166
119 181
119 121
119 122
119 123
120 194
120 133
120 138
120 143
120 148
120 191
120 123
120 124
120 126
121 128
121 130
121 150
121 153
121 164
121 169
122 129
122 130
122 199
122 140
122 174
122 156
122 185
122 124
122 126
122 127
123 128
123 130
123 132
123 133
123 188
123 172
123 176
123 191
123 125
123 126
123 127
124 129
124 132
124 133
124 143
124 184
124 186
124 168
124 170
124 178
124 125
124 127
125 132
125 133
125 134
125 191
126 128
126 131
126 135
126 136
126 145
126 127
127 128
127 158
127 160
127 174
128 165
128 176
128 180
128 191
129 130
129 131
129 132
129 197
129 134
129 135
129 139
129 144
129 186
130 131
130 132
130 134
130 141
130 149
131 135
131 137
131 140
131 141
131 167
131 197
131 178
131 183
132 193
132 133
132 134
132 135
132 137
132 140
132 156
132 187
132 167
133 134
133 139
133 140
133 141
133 143
133 144
133 156
133 158
133 164
133 172
133 173
133 179
134 192
134 139
134 199
134 136
134 137
134 138
134 142
134 159
134 175
134 180
135 197
135 136
135 137
135 139
135 140
135 196
135 165
135 168
135 172
135 187
136 195
136 199
136 138
136 139
136 142
136 145
136 146
136 153
136 157
136 186
137 141
137 142
137 144
137 145
137 147
137 155
138 139
138 143
138 146
138 155
138 158
138 166
139 140
139 141
139 144
139 145
139 146
139 148
139 149
139 199
139 185
140 141
140 143
140 146
140 149
140 199
140 183
140 185
140 181
141 142
141 145
141 147
141 149
141 151
141 153
141 173
141 183
141 190
142 195
142 143
142 151
142 181
143 146
143 149
143 150
143 151
143 187
144 150
144 151
144 157
144 165
145 146
145 148
145 149
145 150
145 155
145 181
146 194
146 147
146 185
146 155
146 159
146 195
146 184
147 151
147 152
147 153
147 157
147 179
148 149
148 152
148 154
148 155
148 156
148 157
148 188
149 150
149 156
149 157
149 158
149 162
149 170
149 176
149 181
149 183
150 154
150 157
150 158
150 160
150 155
150 165
151 152
151 153
151 154
151 155
151 156
151 157
151 158
151 159
151 166
152 199
152 153
152 154
152 157
152 158
152 170
153 154
153 186
153 158
153 162
153 178
153 188
153 189
154 155
154 156
154 158
154 160
154 161
154 162
154 170
154 157
154 177
154 186
155 156
155 157
155 159
155 163
155 166
156 171
156 158
156 159
156 163
156 165
156 197
157 197
157 158
157 159
157 160
157 163
157 164
157 166
157 169
158 195
158 159
158 161
158 166
158 167
159 195
159 160
159 161
159 163
159 166
159 169
159 170
160 164
160 198
160 168
160 169
160 170
160 180
161 162
161 164
161 165
161 166
161 167
161 173
162 197
162 165
162 169
162 170
162 171
162 176
163 192
163 166
163 168
163 169
163 170
163 171
163 172
163 182
163 185
164 165
164 166
164 167
164 168
164 172
164 173
164 174
165 193
165 166
165 170
165 171
165 172
165 182
166 167
166 169
166 173
166 174
166 175
167 168
167 169
167 170
167 171
167 172
167 173
167 175
167 177
167 184
167 185
168 192
168 170
168 171
168 176
169 197
169 172
169 175
169 176
169 177
169 190
170 197
170 172
170 175
170 176
170 179
170 181
170 182
170 189
171 195
171 199
171 172
171 173
171 174
171 176
171 180
171 186
171 190
172 192
172 174
172 175
172 176
172 178
172 189
173 176
173 180
173 182
173 183
174 178
174 176
174 177
174 182
175 176
175 177
175 180
175 183
175 185
176 177
176 183
177 194
177 178
177 181
177 182
177 185
177 186
177 187
178 183
178 187
178 191
179 197
179 181
179 184
179 185
179 187
179 189
180 183
180 185
180 187
180 190
181 193
181 184
181 191
182 192
182 184
182 185
183 192
183 185
183 187
183 189
183 190
183 191
184 193
184 186
184 189
185 197
185 188
185 191
186 194
186 195
186 197
186 187
186 188
186 189
187 192
187 193
187 195
187 197
187 190
188 193
188 194
188 197
188 195
188 189
188 191
189 192
189 194
189 196
189 198
189 190
190 193
190 196
190 197
190 199
191 194
191 198
191 199
192 196
192 197
192 198
192 199
194 196
194 197
194 198
195 198
195 199
196 197
196 198
