0 1
0 195
0 4
0 199
0 9
0 10
0 77
0 144
0 89
0 196
0 68
0 164
0 6
0 38
0 7
0 173
0 72
0 50
0 128
1 2
1 195
1 199
1 9
1 10
1 192
1 18
1 86
1 23
1 93
1 7
1 45
1 174
1 136
1 180
2 3
2 4
2 135
2 72
2 9
2 10
2 196
2 5
2 33
2 103
2 40
2 193
2 172
2 46
2 176
2 136
2 180
2 181
2 54
2 60
2 192
3 195
3 196
3 9
3 11
3 12
3 78
3 82
3 89
3 91
3 92
3 69
3 198
3 167
3 112
3 52
3 73
3 186
3 183
4 65
4 197
4 8
4 9
4 12
4 14
4 79
4 153
4 160
4 43
4 108
4 109
4 174
4 176
4 50
4 137
5 75
5 197
5 198
5 7
5 8
5 10
5 11
5 12
5 15
5 82
5 195
5 78
5 68
5 155
5 30
5 67
5 134
5 166
5 121
6 196
6 7
6 8
6 10
6 12
6 66
6 14
6 13
6 90
6 94
6 69
6 100
6 169
6 199
6 45
6 49
6 114
6 31
6 191
7 195
7 199
7 8
7 73
7 140
7 14
7 15
7 16
7 17
7 78
7 155
7 197
7 35
7 198
7 102
7 104
7 170
7 52
7 187
8 9
8 10
8 12
8 13
8 17
8 149
8 153
8 155
8 29
8 170
8 118
8 137
8 70
8 134
9 73
9 10
9 13
9 149
9 151
9 26
9 32
9 99
9 113
9 38
9 39
9 41
9 71
9 49
10 138
10 14
10 15
10 19
10 20
10 68
10 26
10 36
10 101
10 194
10 199
10 146
10 72
10 83
10 118
10 120
10 84
11 135
11 13
11 14
11 15
11 145
11 19
11 173
11 23
11 28
11 93
11 45
11 58
11 60
12 74
12 139
12 141
12 78
12 15
12 16
12 18
12 85
12 22
12 143
12 133
12 32
12 80
12 99
12 104
12 170
12 113
12 91
12 118
13 128
13 193
13 173
13 17
13 84
13 22
13 23
13 104
13 82
13 178
13 116
13 181
13 118
13 121
13 188
14 129
14 130
14 139
14 16
14 17
14 19
14 22
14 23
14 29
14 134
14 102
14 145
14 106
14 107
14 173
14 125
14 189
14 191
15 64
15 72
15 143
15 16
15 17
15 19
15 23
15 157
15 80
15 103
15 173
15 185
15 59
15 151
15 62
16 43
16 196
16 19
16 21
16 22
16 26
16 27
16 154
16 37
16 107
16 109
16 177
16 178
16 182
16 127
16 149
17 65
17 179
17 198
17 140
17 81
17 19
17 20
17 22
17 100
17 177
17 71
17 109
17 136
17 51
17 188
18 128
18 71
18 80
18 24
18 21
18 88
18 152
18 155
18 28
18 157
18 27
18 178
18 51
18 118
19 65
19 134
19 71
19 136
19 20
19 21
19 23
19 28
19 29
19 95
19 39
19 173
19 182
19 55
19 85
20 137
20 21
20 22
20 23
20 26
20 30
20 33
20 169
20 106
20 127
20 172
20 119
20 56
20 185
20 123
20 124
20 85
21 67
21 132
21 197
21 22
21 26
21 27
21 29
21 30
21 165
21 40
21 43
21 108
22 197
22 138
22 139
22 144
22 56
22 25
22 27
22 29
22 31
22 39
22 178
22 51
22 57
22 120
22 84
23 98
23 161
23 137
23 139
23 88
23 82
23 174
23 24
23 33
23 34
23 163
23 97
23 46
23 179
23 119
23 55
23 159
24 64
24 130
24 71
24 26
24 156
24 28
24 94
24 31
24 32
24 34
24 41
24 44
24 113
24 179
24 105
24 120
25 128
25 161
25 78
25 27
25 29
25 94
25 32
25 34
25 35
25 42
25 108
25 115
25 116
25 158
25 121
25 187
25 60
26 129
26 194
26 140
26 66
26 90
26 27
26 92
26 157
26 30
26 98
26 103
26 104
26 115
26 52
26 57
27 197
27 81
27 72
27 162
27 88
27 86
27 93
27 30
27 31
27 33
27 37
27 145
27 82
27 177
27 123
27 127
28 195
28 136
28 141
28 142
28 75
28 29
28 31
28 33
28 35
28 36
28 37
28 50
28 175
28 114
28 147
28 62
29 164
29 198
29 74
29 30
29 32
29 33
29 35
29 39
29 112
29 114
29 117
30 194
30 107
30 132
30 70
30 33
30 136
30 144
30 160
30 161
30 100
30 102
30 92
30 167
30 108
30 179
30 54
30 121
30 85
31 141
31 33
31 38
31 39
31 174
31 51
31 182
31 185
31 102
31 149
32 199
32 85
32 151
32 160
32 33
32 34
32 35
32 164
32 37
32 166
32 39
32 41
32 46
32 47
32 188
33 193
33 69
33 111
33 90
33 85
33 38
33 42
33 108
33 109
33 93
33 102
33 55
33 187
33 61
33 126
34 192
34 65
34 88
34 154
34 161
34 35
34 36
34 38
34 40
34 41
34 42
34 44
34 174
34 47
34 113
34 179
34 184
34 57
34 122
34 124
35 96
35 132
35 133
35 134
35 161
35 37
35 38
35 169
35 42
35 108
35 180
35 122
35 70
35 125
35 127
36 129
36 135
36 75
36 145
36 151
36 155
36 164
36 39
36 40
36 193
36 43
36 45
36 52
36 119
36 60
36 61
36 190
37 197
37 134
37 73
37 142
37 145
37 85
37 80
37 38
37 39
37 40
37 107
37 51
37 56
37 124
38 193
38 67
38 135
38 82
38 148
38 150
38 88
38 89
38 39
38 104
38 41
38 108
38 45
38 48
38 172
38 118
38 159
39 192
39 193
39 86
39 161
39 72
39 175
39 156
39 112
39 167
39 40
39 41
39 170
39 43
39 45
39 48
39 49
39 94
40 131
40 137
40 140
40 79
40 87
40 93
40 165
40 42
40 46
40 47
40 48
40 49
40 126
41 73
41 143
41 150
41 42
41 43
41 44
41 47
41 48
41 50
41 51
41 118
41 186
41 63
42 66
42 68
42 137
42 80
42 145
42 84
42 196
42 101
42 174
42 48
42 177
42 52
43 193
43 134
43 129
43 72
43 74
43 139
43 45
43 145
43 44
43 109
43 46
43 47
43 48
43 49
43 114
43 51
43 169
43 63
44 178
44 76
44 90
44 97
44 170
44 45
44 49
44 51
44 53
44 56
44 190
45 135
45 47
45 48
45 49
45 51
45 52
45 53
45 54
45 121
45 58
45 59
46 70
46 144
46 169
46 155
46 94
46 170
46 173
46 47
46 51
46 52
46 53
46 55
46 56
46 180
47 71
47 139
47 121
47 151
47 49
47 51
47 52
47 53
47 54
47 55
47 57
47 187
47 190
48 192
48 148
48 149
48 150
48 90
48 186
48 98
48 102
48 49
48 50
48 51
48 53
48 56
48 57
48 58
49 66
49 69
49 136
49 137
49 147
49 149
49 122
49 95
49 160
49 165
49 166
49 53
49 182
49 58
49 127
50 67
50 118
50 78
50 79
50 82
50 89
50 186
50 53
50 54
50 58
50 59
50 190
50 181
51 131
51 119
51 140
51 79
51 83
51 57
51 125
51 97
51 166
51 115
51 56
51 121
51 60
52 134
52 137
52 143
52 110
52 155
52 98
52 123
52 56
52 57
52 58
52 59
52 61
52 62
53 109
53 148
53 89
53 158
53 103
53 115
53 54
53 57
53 59
53 61
53 62
53 63
54 131
54 134
54 152
54 153
54 125
54 176
54 162
54 101
54 166
54 181
54 55
54 56
54 57
54 58
55 196
55 118
55 128
55 143
55 82
55 149
55 90
55 146
55 170
55 83
55 119
55 58
55 127
55 63
56 64
56 128
56 73
56 121
56 159
56 113
56 170
56 107
56 180
56 59
57 71
57 115
57 156
57 112
57 164
57 101
57 166
57 177
57 103
57 58
57 60
57 61
57 63
58 66
58 67
58 109
58 80
58 131
58 148
58 154
58 97
58 163
58 59
58 188
58 62
58 63
59 192
59 65
59 67
59 68
59 75
59 132
59 177
59 117
59 60
59 61
59 62
60 66
60 68
60 69
60 144
60 106
60 62
60 63
61 65
61 67
61 143
61 81
61 152
61 182
61 184
61 63
62 64
62 66
62 131
62 69
62 72
62 75
62 76
62 194
62 163
62 96
62 123
62 102
62 119
62 126
62 127
63 66
63 67
63 68
63 69
63 71
63 72
63 73
63 139
63 140
63 182
63 160
63 198
63 120
63 191
64 65
64 68
64 69
64 74
64 183
64 141
64 120
64 156
64 159
64 105
65 69
65 70
65 71
65 72
65 74
65 75
65 162
65 87
65 93
65 158
65 100
65 101
65 110
65 188
65 127
66 67
66 68
66 133
66 70
66 73
66 75
66 76
66 79
66 156
66 154
66 160
66 162
66 136
66 180
66 125
67 69
67 130
67 74
67 76
67 77
67 141
67 81
67 94
67 197
67 104
67 171
67 173
68 196
68 70
68 71
68 72
68 75
68 77
68 144
68 91
68 160
68 173
68 176
69 71
69 73
69 77
69 78
69 144
69 141
69 199
69 111
69 177
69 126
69 184
70 195
70 140
70 89
70 157
70 165
70 101
70 107
70 172
70 173
70 115
70 158
70 138
70 189
71 194
71 129
71 73
71 78
71 87
71 157
71 94
71 162
71 181
71 182
72 73
72 76
72 78
72 81
72 82
72 154
72 198
72 189
72 125
72 191
73 138
73 75
73 76
73 80
73 82
73 91
73 159
73 96
73 163
73 108
73 114
73 180
73 191
74 138
74 75
74 184
74 83
74 84
74 149
74 90
74 130
74 93
74 179
74 120
75 192
75 76
75 77
75 78
75 79
75 81
75 157
75 161
75 134
75 102
75 172
75 110
75 180
76 85
76 86
76 89
76 90
76 158
76 99
76 169
76 106
76 126
76 137
76 191
77 78
77 79
77 81
77 87
77 88
77 95
77 98
77 108
77 179
77 148
77 127
78 192
78 142
78 79
78 144
78 81
78 86
78 159
78 99
78 106
78 114
78 153
79 141
79 82
79 85
79 154
79 94
79 96
79 97
79 165
79 103
79 105
79 167
80 81
80 82
80 84
80 86
80 88
80 89
80 90
80 164
80 111
80 176
80 186
80 127
81 131
81 199
81 82
81 83
81 85
81 89
81 94
81 166
81 142
81 180
81 126
81 195
82 198
82 83
82 85
82 86
82 89
82 92
82 164
82 169
82 111
82 147
82 117
83 133
83 84
83 149
83 151
83 88
83 90
83 91
83 168
83 109
83 142
83 177
83 127
84 130
84 89
84 91
84 92
84 94
84 147
84 116
84 106
84 182
84 185
85 128
85 140
85 144
85 89
85 92
85 93
85 94
85 168
85 146
85 180
85 116
85 143
85 127
86 147
86 90
86 91
86 94
86 95
86 96
86 162
86 99
86 166
86 111
86 117
87 152
87 90
87 91
87 92
87 93
87 94
87 102
87 171
87 88
88 130
88 132
88 162
88 94
88 95
88 96
88 97
88 98
88 163
88 178
88 116
88 183
89 181
89 91
89 156
89 95
89 99
89 104
89 177
89 117
90 93
90 94
90 96
90 99
90 108
90 109
90 116
90 186
91 198
91 92
91 95
91 96
91 97
91 98
91 99
91 173
91 122
92 131
92 133
92 134
92 151
92 152
92 96
92 98
92 99
92 101
92 103
92 168
92 172
92 112
92 181
92 187
93 196
93 133
93 198
93 144
93 154
93 95
93 97
93 148
93 122
94 152
94 102
94 103
94 174
94 182
94 184
95 160
95 150
95 134
95 137
95 158
95 96
95 99
95 109
95 174
95 116
95 117
95 118
95 119
96 128
96 148
96 99
96 100
96 102
96 107
96 172
96 109
96 111
96 168
96 190
96 188
97 115
97 198
97 100
97 101
97 102
97 103
97 104
97 106
97 180
98 159
98 161
98 99
98 100
98 101
98 102
98 105
98 106
98 179
99 128
99 129
99 153
99 166
99 102
99 103
99 168
99 169
99 106
99 107
99 104
99 126
100 136
100 140
100 146
100 147
100 154
100 163
100 103
100 104
100 105
100 106
100 107
100 108
100 109
100 119
100 191
101 128
101 171
101 166
101 106
101 107
101 108
101 109
101 111
101 177
101 191
102 129
102 130
102 147
102 110
102 189
103 128
103 198
103 172
103 143
103 150
103 167
103 168
103 105
103 106
103 109
103 113
103 181
104 140
104 176
104 110
104 111
104 113
104 114
104 122
104 127
105 194
105 195
105 175
105 106
105 109
105 110
105 111
105 114
105 115
105 182
105 189
106 128
106 193
106 198
106 152
106 167
106 107
106 108
106 110
106 113
106 114
106 115
107 193
107 136
107 142
107 151
107 109
107 111
107 112
107 116
107 186
108 194
108 152
108 164
108 169
108 109
108 110
108 115
108 116
108 117
108 118
109 153
109 155
109 161
109 162
109 116
109 168
110 140
110 142
110 146
110 160
110 176
110 111
110 112
110 113
110 114
110 115
110 117
110 120
110 125
111 137
111 162
111 112
111 113
111 114
111 116
111 118
111 119
111 121
111 122
112 196
112 184
112 156
112 153
112 158
112 159
112 113
112 115
112 118
112 119
112 121
112 122
113 140
113 150
113 186
113 118
113 120
113 185
113 125
114 136
114 154
114 157
114 118
114 120
114 121
114 124
115 129
115 133
115 198
115 154
115 175
115 185
115 167
115 116
115 119
115 121
115 125
115 169
116 194
116 195
116 133
116 147
116 150
116 185
116 158
116 117
116 121
116 186
116 124
117 130
117 172
117 139
117 149
117 169
117 121
117 123
117 126
118 135
118 142
118 171
118 191
118 122
118 123
118 188
118 127
119 130
119 136
119 174
119 156
119 148
119 125
119 127
120 128
120 129
120 192
120 177
120 167
120 122
120 124
120 126
121 128
121 134
121 194
121 139
121 178
121 122
122 128
122 129
122 130
122 131
122 132
122 197
122 137
122 145
122 181
123 128
123 129
123 131
123 132
123 153
123 156
123 171
123 176
123 190
124 130
124 132
124 134
124 135
124 196
124 154
124 159
124 191
124 190
124 127
125 128
125 193
125 130
125 131
125 134
125 135
125 178
126 130
126 132
126 135
126 136
126 186
126 179
126 127
127 133
127 135
127 137
127 159
127 188
127 199
128 129
128 131
128 134
128 193
128 138
128 188
128 199
129 130
129 132
129 133
129 138
129 139
129 184
129 146
129 157
129 164
130 132
130 135
130 138
130 151
130 199
131 132
131 133
131 136
131 139
131 146
131 186
131 178
131 182
131 185
132 193
132 197
132 135
132 137
132 140
132 141
132 142
132 172
133 199
133 137
133 142
133 149
133 152
133 187
133 170
133 174
133 175
133 157
133 181
133 184
134 194
134 196
134 137
134 138
134 141
134 142
134 155
134 173
134 176
135 137
135 138
135 142
135 145
135 164
135 159
135 161
135 170
136 138
136 139
136 145
136 196
136 166
137 194
137 144
137 145
137 149
137 169
137 172
137 174
137 176
137 188
138 140
138 141
138 143
138 146
138 147
138 165
138 189
138 176
138 185
139 143
139 148
139 157
139 198
139 182
140 199
140 141
140 145
140 150
140 179
140 177
140 169
140 157
141 162
141 144
141 145
141 146
141 196
141 197
141 161
141 171
141 182
141 184
141 185
141 159
142 143
142 144
142 149
142 150
142 197
142 177
142 147
143 144
143 147
143 148
143 151
143 152
143 160
143 166
143 199
143 173
143 183
143 180
144 196
144 146
144 147
144 151
144 152
144 162
144 176
145 149
145 150
145 151
145 155
145 175
145 188
146 147
146 151
146 152
146 154
146 171
146 172
146 178
146 189
147 152
147 155
147 159
147 184
147 187
147 189
148 193
148 149
148 151
148 154
148 155
148 157
148 161
148 166
149 155
149 156
149 157
149 159
149 167
149 189
150 153
150 154
150 155
150 156
150 157
150 159
150 160
150 190
151 155
151 157
151 158
151 159
151 160
151 164
152 155
152 156
152 158
152 160
152 161
153 155
153 158
153 160
153 162
153 175
154 155
154 159
154 161
154 164
155 158
155 159
155 161
155 165
155 167
155 168
155 169
156 158
156 161
156 181
156 189
157 161
157 162
157 167
157 173
158 160
158 165
158 168
158 182
158 187
158 191
159 160
159 165
159 166
159 167
159 169
159 172
160 164
160 170
160 179
161 171
161 165
161 170
161 167
162 198
162 163
162 165
162 168
162 169
162 188
162 189
163 164
163 165
163 167
163 169
163 170
163 173
163 190
164 166
164 170
164 172
164 173
164 174
164 181
164 187
165 170
165 171
165 172
165 174
165 175
166 197
166 170
166 171
166 173
166 176
167 198
167 173
167 175
167 185
167 170
168 176
168 178
168 183
169 171
169 176
169 179
169 180
170 193
170 172
170 177
170 178
170 187
171 172
171 173
171 174
171 175
171 176
171 177
171 179
171 180
171 187
172 193
172 175
172 177
172 179
172 180
172 182
172 183
173 198
173 193
173 174
173 176
173 178
173 179
173 180
174 193
174 175
174 177
174 180
174 181
175 177
175 178
175 182
175 183
175 184
175 185
175 187
175 191
176 194
176 179
176 181
177 182
177 183
177 186
178 179
178 181
178 183
178 184
178 186
178 187
178 191
179 184
179 187
179 188
179 190
180 183
180 186
180 187
180 190
181 182
181 184
181 190
182 199
182 195
182 187
183 193
183 184
183 185
183 186
183 187
183 188
183 191
184 192
184 193
184 194
184 197
184 185
184 188
184 191
185 192
185 194
185 187
185 188
186 193
186 194
186 196
186 190
186 187
186 188
186 189
187 192
187 193
187 197
187 189
187 191
188 193
188 195
188 196
189 193
189 194
189 199
190 193
190 195
190 197
191 192
191 194
191 199
192 193
192 195
192 196
193 194
193 195
194 198
195 196
195 197
195 198
195 199
197 199
