0 128
0 193
0 194
0 3
0 4
0 75
0 15
0 147
0 84
0 29
0 95
0 162
0 6
0 105
0 108
0 44
0 51
0 190
0 119
0 126
1 193
1 2
1 3
1 196
1 7
1 9
1 10
1 194
1 13
1 16
1 17
1 195
1 66
1 156
1 197
1 98
1 166
1 64
1 191
2 130
2 195
2 4
2 6
2 9
2 12
2 79
2 139
2 150
2 151
2 88
2 198
2 7
2 114
2 51
2 119
2 192
3 194
3 5
3 70
3 7
3 10
3 11
3 141
3 86
3 24
3 153
3 154
3 143
3 193
3 179
3 52
3 187
3 63
4 128
4 196
4 197
4 6
4 8
4 9
4 10
4 79
4 141
4 143
4 93
4 27
4 170
4 113
4 178
4 116
4 118
4 122
4 191
5 66
5 197
5 7
5 8
5 9
5 10
5 12
5 179
5 91
5 156
5 6
5 172
5 44
5 51
6 139
6 172
6 11
6 12
6 13
6 14
6 151
6 133
6 80
6 163
6 44
6 110
6 9
6 31
7 10
7 12
7 13
7 14
7 149
7 102
7 49
7 176
7 113
7 51
7 21
7 125
7 65
8 17
8 147
8 71
8 159
8 165
8 67
8 187
8 101
8 103
8 40
8 135
8 175
8 48
8 180
8 121
8 63
8 191
9 71
9 10
9 11
9 12
9 13
9 14
9 18
9 95
9 32
9 102
9 103
9 105
9 106
9 114
9 120
9 127
10 198
10 11
10 13
10 15
10 16
10 95
10 139
10 45
10 174
10 111
10 49
10 55
11 14
11 16
11 81
11 31
11 160
11 33
11 98
11 37
11 191
11 113
11 178
11 116
11 117
11 122
11 187
11 181
12 13
12 14
12 77
12 16
12 17
12 18
12 20
12 132
12 95
12 160
12 167
12 181
12 186
12 127
13 14
13 15
13 17
13 18
13 131
13 22
13 24
13 86
13 157
13 160
13 35
13 106
13 116
14 15
14 16
14 18
14 20
14 21
14 27
14 156
14 31
14 161
14 166
14 71
14 172
14 45
14 175
14 48
14 177
14 115
14 118
14 57
15 128
15 141
15 18
15 20
15 22
15 25
15 157
15 158
15 104
15 45
15 46
15 176
15 147
15 180
15 137
15 125
15 126
16 68
16 118
16 73
16 145
16 18
16 21
16 150
16 24
16 165
16 167
16 105
16 110
16 51
16 117
16 182
16 188
16 190
17 64
17 194
17 197
17 199
17 19
17 20
17 86
17 25
17 27
17 156
17 159
17 133
17 155
17 32
17 166
17 102
17 109
17 46
17 50
17 117
17 95
18 198
18 20
18 21
18 22
18 23
18 24
18 27
18 160
18 162
18 107
18 140
18 180
18 117
18 186
18 191
19 69
19 55
19 21
19 22
19 23
19 24
19 25
19 27
19 29
19 174
19 180
19 181
19 183
19 60
20 199
20 76
20 141
20 21
20 86
20 23
20 25
20 27
20 30
20 38
20 44
20 110
20 112
20 184
20 185
21 175
21 131
21 83
21 23
21 27
21 29
21 30
21 31
21 105
21 47
21 48
21 184
21 124
21 63
22 130
22 195
22 77
22 28
22 29
22 31
22 32
22 107
22 38
22 168
22 43
22 111
22 48
22 57
22 95
22 60
23 129
23 195
23 68
23 198
23 140
23 152
23 196
23 156
23 30
23 31
23 33
23 102
23 144
23 82
23 176
23 49
23 148
23 42
24 196
24 136
24 137
24 139
24 81
24 33
24 34
24 39
24 105
24 107
24 157
24 51
24 119
24 120
25 194
25 70
25 26
25 29
25 31
25 33
25 35
25 134
25 102
25 39
25 109
25 112
25 114
25 182
25 62
26 160
26 134
26 85
26 28
26 30
26 31
26 32
26 101
26 167
26 46
26 47
26 180
27 192
27 129
27 150
27 75
27 162
27 45
27 33
27 35
27 36
27 37
27 43
27 82
27 176
27 163
27 51
27 182
27 186
27 85
28 150
28 74
28 75
28 144
28 145
28 154
28 29
28 94
28 32
28 36
28 108
28 47
28 113
28 52
28 182
28 183
28 190
29 67
29 198
29 87
29 153
29 95
29 32
29 35
29 36
29 101
29 42
29 108
29 52
29 187
29 31
29 61
29 165
30 137
30 119
30 141
30 79
30 100
30 31
30 32
30 34
30 35
30 36
30 37
30 108
30 111
30 49
30 183
31 192
31 193
31 108
31 138
31 158
31 159
31 33
31 36
31 39
31 41
31 172
31 173
31 49
31 53
31 186
31 123
31 62
31 85
32 128
32 133
32 90
32 159
32 96
32 33
32 34
32 35
32 36
32 170
32 63
33 193
33 199
33 160
33 146
33 97
33 38
33 40
33 42
33 82
33 46
33 49
33 114
33 53
33 55
33 187
33 60
33 170
34 192
34 65
34 164
34 137
34 76
34 152
34 100
34 111
34 97
34 35
34 36
34 40
34 43
34 110
34 125
34 57
34 186
34 170
34 191
35 192
35 197
35 70
35 135
35 173
35 81
35 38
35 168
35 43
35 181
35 120
36 138
36 159
36 95
36 165
36 37
36 38
36 39
36 40
36 44
36 175
36 118
36 122
36 62
37 64
37 198
37 159
37 38
37 39
37 40
37 41
37 43
37 44
37 46
37 115
38 193
38 67
38 84
38 153
38 89
38 49
38 168
38 41
38 42
38 45
38 48
38 157
38 119
38 60
38 189
39 194
39 164
39 134
39 75
39 141
39 90
39 154
39 41
39 43
39 45
39 47
39 116
39 169
40 67
40 135
40 195
40 41
40 42
40 43
40 44
40 49
40 50
40 94
40 55
40 122
40 191
41 178
41 149
41 151
41 165
41 42
41 43
41 44
41 45
41 47
41 48
41 104
41 51
41 119
41 186
41 123
41 127
42 133
42 199
42 136
42 154
42 43
42 44
42 45
42 46
42 48
42 49
42 179
42 52
42 169
43 193
43 143
43 85
43 92
43 176
43 44
43 45
43 50
43 53
43 118
43 58
43 124
44 129
44 193
44 74
44 98
44 142
44 80
44 87
44 92
44 161
44 45
44 180
44 51
44 54
44 121
44 70
44 189
44 63
45 143
45 99
45 84
45 161
45 173
45 46
45 47
45 49
45 178
45 51
45 55
45 184
45 63
46 171
46 178
46 75
46 115
46 131
46 169
46 90
46 95
46 160
46 67
46 172
46 49
46 51
46 52
46 122
46 189
47 129
47 75
47 183
47 67
47 84
47 50
47 53
47 56
47 57
47 62
47 127
48 183
48 92
48 145
48 83
48 156
48 166
48 142
48 49
48 50
48 52
48 55
48 57
48 117
49 130
49 71
49 90
49 94
49 187
49 50
49 184
49 58
49 59
50 192
50 76
50 173
50 153
50 155
50 92
50 159
50 110
50 51
50 52
50 183
50 58
50 60
51 198
51 199
51 150
51 97
51 123
51 53
51 55
51 56
51 58
51 59
51 60
51 190
52 69
52 77
52 81
52 94
52 95
52 187
52 178
52 56
52 57
52 59
52 60
53 131
53 197
53 161
53 136
53 97
53 165
53 168
53 189
53 190
53 118
53 55
53 59
53 63
54 64
54 197
54 108
54 140
54 77
54 158
54 160
54 169
54 175
54 114
54 55
54 57
54 186
54 59
54 61
55 65
55 132
55 138
55 89
55 91
55 97
55 124
55 58
55 61
55 62
55 63
56 64
56 65
56 132
56 133
56 138
56 125
56 180
56 58
56 60
56 61
57 64
57 66
57 67
57 70
57 75
57 88
57 121
57 58
57 59
57 61
57 63
58 65
58 66
58 67
58 137
58 130
58 143
58 184
58 84
58 94
58 159
58 134
58 178
58 179
58 62
59 67
59 68
59 69
59 198
59 72
59 81
59 83
59 149
59 159
59 116
59 197
59 183
59 60
59 62
60 128
60 67
60 68
60 73
60 119
60 132
60 154
60 157
60 163
60 101
60 168
60 106
60 102
60 190
60 122
60 61
60 62
61 64
61 192
61 130
61 67
61 68
61 182
61 71
61 74
61 144
61 93
61 96
61 166
61 178
61 62
62 138
62 182
62 92
62 186
62 156
62 95
62 115
62 63
63 66
63 131
63 70
63 72
63 126
63 145
63 123
63 166
63 174
63 99
63 187
64 192
64 65
64 198
64 71
64 72
64 143
64 82
64 185
64 88
64 156
64 166
64 108
64 118
65 193
65 68
65 69
65 70
65 73
65 74
65 192
65 150
65 151
65 155
65 170
66 68
66 69
66 70
66 129
66 72
66 83
66 85
66 163
66 100
66 107
66 108
66 116
66 181
66 119
67 68
67 69
67 71
67 73
67 160
67 98
67 140
68 128
68 69
68 71
68 72
68 140
68 76
68 78
68 83
68 152
68 160
68 166
68 167
68 127
68 175
68 117
69 133
69 70
69 71
69 75
69 77
69 79
69 84
69 151
69 174
69 190
69 126
70 198
70 71
70 72
70 76
70 79
70 80
70 99
70 101
70 122
70 191
71 72
71 73
71 74
71 76
71 85
71 150
71 153
71 160
71 123
71 189
71 192
71 182
71 119
71 120
71 188
72 74
72 76
72 78
72 79
72 80
72 82
72 153
72 155
72 157
72 161
72 134
72 104
72 146
72 175
73 137
73 74
73 75
73 76
73 79
73 83
73 157
73 107
73 103
73 169
73 135
74 75
74 76
74 77
74 142
74 83
74 160
74 145
74 167
74 125
74 140
74 147
74 187
75 140
75 141
75 78
75 80
75 82
75 83
75 132
75 96
75 171
75 178
75 181
76 77
76 78
76 81
76 82
76 83
76 85
76 156
76 130
76 189
76 136
76 138
77 129
77 81
77 82
77 83
77 84
77 86
77 88
77 90
77 100
77 195
77 167
77 113
78 197
78 141
78 79
78 81
78 82
78 84
78 85
78 196
78 133
78 161
78 166
78 171
78 110
78 183
78 148
79 119
79 140
79 80
79 81
79 82
79 83
79 85
79 88
79 96
79 164
79 181
79 137
80 192
80 132
80 82
80 84
80 86
80 88
80 89
80 90
80 104
80 106
80 173
80 186
81 193
81 82
81 84
81 85
81 150
81 87
81 88
81 92
81 96
81 100
81 120
82 83
82 85
82 86
82 87
82 89
82 90
82 119
82 126
83 149
83 195
83 130
83 141
83 84
83 85
83 87
83 154
83 162
83 171
84 139
84 86
84 90
84 91
84 92
84 93
84 94
84 159
84 170
84 154
84 177
84 95
85 196
85 86
85 87
85 89
85 90
85 91
85 93
85 102
85 171
85 108
85 113
86 145
86 99
86 90
86 92
86 93
86 155
86 100
86 170
86 174
87 192
87 193
87 195
87 136
87 152
87 171
87 108
87 147
87 181
87 188
88 196
88 199
88 139
88 90
88 91
88 92
88 94
88 96
88 98
88 168
88 109
88 147
89 140
89 91
89 92
89 95
89 97
89 98
89 104
89 144
89 168
90 199
90 91
90 93
90 94
90 100
90 170
90 113
90 183
91 195
91 199
91 162
91 92
91 98
91 100
91 101
91 170
91 107
91 111
91 180
91 125
92 161
92 138
92 158
92 96
92 97
92 98
92 99
92 102
92 110
92 166
93 128
93 137
93 95
93 96
93 97
93 99
93 100
93 103
93 116
93 165
93 149
94 160
94 161
94 163
94 156
94 99
94 164
94 101
94 104
94 106
94 114
94 181
94 184
95 199
95 180
95 100
95 155
95 191
96 131
96 151
96 141
96 142
96 101
96 105
96 171
96 115
96 117
96 170
97 138
97 141
97 163
97 150
97 158
97 160
97 98
97 99
97 164
97 102
97 105
97 107
97 172
97 173
97 157
97 177
98 129
98 152
98 157
98 99
98 100
98 101
98 103
98 104
98 105
98 107
98 119
98 169
99 160
99 152
99 101
99 103
99 107
99 108
99 115
99 182
99 119
99 120
100 198
100 135
100 102
100 103
100 104
100 105
100 109
100 111
100 157
100 114
100 121
100 127
101 197
101 199
101 139
101 102
101 167
101 105
101 108
101 110
101 111
101 117
101 121
102 151
102 161
102 188
102 165
102 105
102 107
102 109
102 110
102 111
102 112
102 182
103 133
103 144
103 148
103 150
103 104
103 105
103 106
103 111
103 113
103 116
104 194
104 175
104 105
104 106
104 108
104 111
104 176
104 113
104 114
104 188
104 170
105 143
105 144
105 146
105 147
105 106
105 111
105 113
105 182
105 184
105 185
106 130
106 143
106 149
106 154
106 107
106 174
106 111
106 113
106 114
106 123
106 190
107 132
107 133
107 162
107 174
107 150
107 155
107 156
107 111
107 176
107 114
107 116
107 117
108 133
108 198
108 154
108 166
108 115
108 116
108 187
109 192
109 195
109 137
109 169
109 171
109 110
109 111
109 113
109 117
110 132
110 147
110 158
110 171
110 112
110 115
110 120
111 131
111 150
111 134
111 162
111 144
111 146
111 153
111 161
111 176
111 114
111 115
111 116
111 119
112 196
112 139
112 145
112 132
112 165
112 113
112 114
112 116
112 118
112 119
112 120
113 192
113 158
113 165
113 114
113 180
113 119
113 116
113 122
113 188
114 192
114 136
114 146
114 182
114 187
114 117
114 118
114 122
114 123
114 124
114 125
115 136
115 141
115 145
115 148
115 185
115 166
115 171
115 183
115 120
115 122
115 123
115 124
116 192
116 131
116 171
116 155
116 166
116 194
116 117
116 123
117 144
117 150
117 162
117 119
117 121
117 124
118 128
118 199
118 140
118 152
118 153
118 167
118 120
118 121
118 123
118 124
118 125
119 173
119 145
119 147
119 149
119 176
119 168
119 182
119 185
119 123
119 125
119 126
119 127
120 129
120 194
120 166
120 145
120 171
120 123
120 125
120 126
121 129
121 138
121 146
121 195
121 157
121 158
121 165
121 125
121 126
121 127
122 130
122 194
122 148
122 173
122 191
122 126
122 127
123 129
123 199
123 141
123 195
123 187
123 124
124 130
124 171
124 133
124 199
124 146
124 195
124 150
124 158
124 176
124 188
124 125
125 131
125 133
125 145
125 151
125 197
125 170
125 182
126 128
126 131
126 132
126 133
126 145
126 154
126 170
126 175
127 128
127 129
127 131
127 196
127 133
127 143
127 175
127 158
127 159
127 148
127 199
127 187
128 193
128 195
128 133
128 134
128 147
128 197
128 181
128 183
129 132
129 134
129 139
129 153
129 196
130 194
130 131
130 133
130 134
130 136
130 137
130 138
130 153
130 188
131 133
131 199
131 141
131 156
131 187
131 169
131 173
131 177
131 178
132 133
132 134
132 135
132 136
132 137
132 139
132 140
132 142
132 195
132 168
133 135
133 142
133 144
133 149
133 152
133 156
133 172
133 180
134 135
134 138
134 140
134 141
134 142
134 144
134 195
134 161
134 164
134 172
135 136
135 138
135 139
135 141
135 144
135 145
135 147
135 184
136 139
136 140
136 142
136 144
136 145
136 162
136 185
137 195
137 138
137 140
137 142
137 143
137 147
137 159
137 155
137 182
137 187
138 194
138 140
138 141
138 145
138 148
138 153
138 154
138 162
138 164
138 184
139 198
139 142
139 143
139 145
139 146
139 152
139 156
139 157
139 163
140 142
140 145
140 148
140 150
140 160
140 172
140 173
141 146
141 148
141 149
141 179
141 160
141 144
141 199
141 147
142 194
142 143
142 144
142 146
142 147
142 148
142 149
143 145
143 151
143 152
143 153
143 157
143 167
143 171
144 145
144 148
144 149
144 150
144 151
144 153
144 161
144 187
145 150
145 154
145 186
146 148
146 150
146 151
146 152
146 154
146 167
146 171
146 190
147 154
147 156
147 164
147 176
147 178
148 196
148 197
148 149
148 152
148 165
148 166
148 174
149 193
149 150
149 154
149 159
149 185
150 179
150 199
150 156
150 159
150 160
150 168
150 188
150 191
151 192
151 154
151 158
151 160
151 161
151 163
151 164
151 179
152 156
152 157
152 161
152 162
153 194
153 158
153 160
153 161
153 163
153 173
154 196
154 160
154 161
154 162
154 163
155 192
155 158
155 197
155 160
155 161
155 163
156 196
156 159
156 161
156 164
156 165
156 183
157 164
157 167
157 181
158 162
158 163
158 164
158 166
159 194
159 160
159 161
159 162
159 168
159 182
160 197
160 161
160 163
160 199
160 186
160 188
161 163
161 164
161 166
161 167
161 169
161 171
162 171
162 170
163 164
163 166
163 170
163 172
163 181
164 192
164 165
165 193
165 169
165 172
165 179
166 198
166 167
166 168
166 169
166 191
167 168
167 169
167 170
168 198
168 170
168 171
168 174
168 175
168 176
168 177
168 178
169 171
169 176
169 179
169 183
169 184
169 191
170 194
170 171
170 174
170 177
170 179
171 181
172 173
172 174
172 176
172 177
172 179
172 182
173 194
173 175
173 179
173 180
173 183
173 188
174 193
174 175
174 176
174 177
174 178
174 180
174 182
174 183
175 178
175 179
175 181
175 184
176 194
176 183
176 184
176 185
176 186
176 189
177 195
177 179
177 180
177 182
177 183
177 184
177 186
178 198
178 182
178 184
178 185
178 188
179 195
179 186
179 180
179 181
179 183
179 184
179 187
180 181
180 183
180 184
180 190
181 182
181 183
181 184
181 185
181 189
181 191
182 188
182 191
183 192
183 199
183 184
183 185
183 187
183 188
183 190
184 192
184 193
184 194
184 186
184 187
184 191
185 192
185 194
185 195
185 198
185 186
185 187
185 191
186 187
187 193
187 194
187 195
187 189
187 190
188 192
188 196
188 190
189 192
189 193
189 194
189 196
189 199
189 190
190 192
190 194
190 197
190 198
191 192
191 195
191 199
192 194
193 195
193 197
193 198
193 199
194 195
194 197
195 197
195 198
196 197
196 198
196 199
197 198
198 199
