0 193
0 2
0 43
0 198
0 199
0 9
0 76
0 144
0 19
0 22
0 24
0 196
0 3
0 99
0 1
0 6
0 104
0 41
0 71
0 47
0 187
1 129
1 11
1 76
1 141
1 86
1 164
1 27
1 92
1 160
1 161
1 36
1 170
1 175
1 50
1 182
1 120
1 185
2 194
2 4
2 6
2 136
2 9
2 10
2 12
2 147
2 21
2 22
2 24
2 154
2 5
2 39
2 31
2 107
2 115
2 95
2 192
3 195
3 5
3 6
3 199
3 9
3 11
3 80
3 18
3 86
3 93
3 197
3 161
3 198
3 29
3 180
3 53
3 62
4 195
4 5
4 6
4 7
4 8
4 9
4 13
4 14
4 81
4 155
4 198
4 39
4 194
4 199
4 176
4 72
4 169
4 185
4 122
4 31
5 197
5 198
5 7
5 8
5 9
5 11
5 12
5 13
5 14
5 78
5 87
5 154
5 33
5 100
5 37
5 103
5 140
6 198
6 7
6 72
6 9
6 10
6 75
6 147
6 150
6 164
6 47
6 19
6 52
6 56
6 124
7 8
7 10
7 11
7 14
7 85
7 151
7 25
7 28
7 93
7 198
7 126
7 184
7 122
7 134
7 181
8 198
8 73
8 10
8 192
8 78
8 15
8 16
8 196
8 153
8 132
8 54
8 92
8 118
8 199
8 48
8 182
8 186
9 73
9 10
9 13
9 17
9 18
9 92
9 37
9 195
9 81
9 106
9 108
9 174
9 60
10 14
10 15
10 16
10 17
10 20
10 87
10 41
10 42
10 172
10 114
10 187
10 188
11 192
11 136
11 128
11 13
11 16
11 19
11 141
11 26
11 27
11 82
11 114
11 184
11 127
12 136
12 16
12 17
12 19
12 20
12 21
12 22
12 159
12 145
12 41
12 43
12 47
12 182
12 120
12 188
13 79
13 16
13 18
13 20
13 21
13 22
13 28
13 58
13 197
13 97
13 67
13 109
13 110
13 49
13 120
13 87
14 15
14 18
14 19
14 22
14 23
14 24
14 161
14 134
14 44
14 114
14 118
14 183
14 186
14 60
14 126
15 129
15 44
15 16
15 147
15 22
15 23
15 24
15 102
15 167
15 63
15 108
15 46
15 57
15 127
15 74
15 191
16 196
16 69
16 135
16 19
16 20
16 21
16 25
16 26
16 175
16 158
16 38
16 40
16 125
16 116
16 53
16 119
16 183
17 195
17 70
17 142
17 81
17 149
17 25
17 31
17 33
17 100
17 49
17 104
17 177
17 116
17 181
17 117
18 196
18 134
18 20
18 22
18 151
18 25
18 28
18 160
18 161
18 102
18 178
18 180
18 59
18 188
19 175
19 135
19 136
19 21
19 153
19 88
19 25
19 90
19 27
19 28
19 26
19 30
19 34
19 91
19 113
19 40
19 72
19 179
19 184
19 126
20 70
20 33
20 21
20 22
20 24
20 26
20 27
20 28
20 29
20 144
20 162
20 105
20 49
20 55
20 59
20 183
21 194
21 150
21 24
21 153
21 111
21 28
21 30
21 38
21 168
21 43
21 157
21 117
21 122
22 65
22 133
22 77
22 87
22 155
22 30
22 32
22 144
22 164
22 156
22 82
22 178
22 180
22 95
22 189
23 197
23 72
23 137
23 75
23 144
23 69
23 25
23 28
23 29
23 33
23 162
23 101
23 156
23 111
23 56
24 160
24 131
24 65
24 64
24 138
24 75
24 25
24 154
24 27
24 92
24 29
24 31
24 32
24 37
24 38
24 97
24 43
24 108
24 111
24 54
24 58
24 124
25 197
25 98
25 143
25 89
25 26
25 27
25 28
25 29
25 30
25 161
25 93
25 157
25 114
25 116
25 182
25 190
26 194
26 198
26 199
26 72
26 86
26 27
26 31
26 33
26 35
26 81
26 42
26 171
26 146
26 111
26 178
26 181
26 122
26 189
27 128
27 100
27 131
27 133
27 151
27 143
27 85
27 155
27 32
27 33
27 67
27 35
27 167
27 169
27 115
27 182
27 190
28 137
28 87
28 77
28 31
28 34
28 37
28 199
28 113
28 54
28 73
28 120
28 149
29 130
29 143
29 80
29 79
29 36
29 169
29 170
29 167
29 176
29 60
30 69
30 87
30 144
30 145
30 88
30 94
30 32
30 33
30 162
30 37
30 115
30 54
30 84
30 58
30 125
31 130
31 136
31 138
31 157
31 34
31 37
31 38
31 40
31 107
31 45
31 177
31 181
31 188
31 127
32 70
32 137
32 159
32 33
32 34
32 35
32 36
32 37
32 38
32 167
32 41
32 42
32 172
32 175
32 117
32 122
32 187
32 106
33 193
33 144
33 83
33 166
33 39
33 41
33 42
33 109
33 89
33 121
33 189
34 66
34 132
34 74
34 78
34 151
34 94
34 187
34 166
34 41
34 44
34 157
34 49
34 114
34 51
34 121
34 95
34 106
35 68
35 96
35 66
35 132
35 173
35 80
35 85
35 161
35 37
35 39
35 40
35 42
35 107
35 44
35 177
35 126
36 196
36 96
36 149
36 89
36 41
36 44
36 45
36 47
36 179
36 119
36 56
36 170
37 192
37 138
37 141
37 78
37 99
37 142
37 90
37 42
37 43
37 44
37 45
37 46
37 155
37 53
37 56
37 52
37 59
37 124
37 62
38 109
38 148
38 102
38 39
38 40
38 41
38 46
38 47
38 181
38 186
38 63
39 129
39 76
39 85
39 152
39 89
39 101
39 42
39 46
39 47
39 50
39 51
39 116
39 182
39 55
40 94
40 77
40 82
40 166
40 103
40 43
40 146
40 47
40 48
40 49
40 117
40 118
41 66
41 162
41 109
41 80
41 154
41 111
41 92
41 158
41 167
41 42
41 43
41 46
41 49
41 117
41 189
42 192
42 65
42 161
42 78
42 163
42 110
42 45
42 46
42 49
42 51
42 122
42 190
43 179
43 113
43 98
43 78
43 79
43 80
43 165
43 123
43 170
43 107
43 45
43 46
43 52
43 53
43 187
43 126
43 127
44 51
44 77
44 147
44 150
44 91
44 157
44 46
44 112
44 49
44 179
44 53
44 57
44 187
45 128
45 130
45 131
45 118
45 72
45 138
45 124
45 148
45 152
45 94
45 169
45 110
45 50
45 51
45 54
45 60
46 64
46 134
46 142
46 143
46 80
46 161
46 91
46 48
46 49
46 50
46 51
46 56
46 57
46 123
47 66
47 141
47 83
47 169
47 154
47 93
47 70
47 170
47 48
47 49
47 51
47 55
47 56
47 166
48 195
48 120
48 82
48 152
48 89
48 154
48 92
48 97
48 99
48 169
48 170
48 171
48 49
48 51
48 53
48 56
48 58
49 132
49 197
49 137
49 139
49 152
49 167
49 84
49 178
49 50
49 51
49 53
49 58
49 59
50 65
50 66
50 151
50 60
50 185
50 97
50 51
50 55
50 184
50 57
50 58
50 59
50 188
51 64
51 69
51 84
51 151
51 93
51 52
51 53
51 54
51 55
51 56
51 57
51 58
51 60
52 65
52 141
52 84
52 151
52 187
52 165
52 102
52 105
52 110
52 54
52 56
52 70
52 191
53 130
53 133
53 74
53 87
53 89
53 179
53 90
53 80
53 102
53 54
53 55
53 56
53 58
54 172
54 140
54 120
54 148
54 153
54 95
54 98
54 99
54 166
54 167
54 55
54 56
54 58
54 63
55 64
55 65
55 70
55 109
55 85
55 151
55 152
55 101
55 163
55 165
55 168
55 57
55 60
55 61
55 134
56 64
56 181
56 73
56 140
56 81
56 110
56 176
56 98
56 191
56 117
56 61
56 63
57 64
57 147
57 152
57 92
57 112
57 100
57 176
57 122
57 59
57 124
58 64
58 66
58 68
58 146
58 86
58 132
58 92
58 177
58 174
58 184
58 59
58 60
58 62
59 65
59 66
59 126
59 190
59 195
59 150
59 156
59 118
59 159
59 176
59 115
59 61
59 62
59 63
60 64
60 65
60 66
60 67
60 69
60 118
60 101
60 198
60 178
60 189
60 61
60 62
60 63
61 192
61 194
61 67
61 68
61 133
61 70
61 145
61 88
61 149
61 152
61 97
61 167
61 104
61 116
61 62
61 63
62 64
62 65
62 182
62 70
62 72
62 138
62 139
62 144
62 150
62 92
62 94
62 99
62 134
62 109
63 65
63 194
63 68
63 71
63 76
63 153
63 90
63 182
63 103
63 109
63 111
63 117
64 131
64 68
64 69
64 71
64 72
64 73
64 171
64 91
64 160
64 162
64 107
64 115
64 116
65 66
65 67
65 68
65 155
65 92
65 124
65 109
65 174
65 176
66 67
66 68
66 69
66 199
66 74
66 75
66 141
66 142
66 86
66 121
66 154
66 156
66 129
66 115
67 195
67 72
67 73
67 74
67 76
67 77
67 188
67 171
67 110
67 125
67 140
67 115
67 182
68 69
68 134
68 71
68 73
68 74
68 75
68 76
68 79
68 82
68 197
68 109
68 111
69 133
69 130
69 73
69 77
69 78
69 79
69 150
69 166
69 175
69 120
70 71
70 72
70 73
70 74
70 75
70 77
70 78
70 84
70 87
70 102
70 103
70 108
70 111
70 117
70 188
71 192
71 129
71 73
71 74
71 75
71 76
71 78
71 79
71 80
71 81
71 163
71 103
71 140
72 194
72 73
72 78
72 79
72 96
72 103
72 108
72 114
72 115
72 118
73 77
73 80
73 82
73 85
73 130
73 144
73 98
73 195
73 105
73 115
73 188
74 76
74 82
74 86
74 88
74 96
74 164
74 102
74 109
74 177
74 115
74 124
74 190
74 127
75 76
75 79
75 80
75 82
75 147
75 84
75 85
75 172
75 174
75 83
75 121
75 149
76 179
76 77
76 81
76 82
76 86
76 100
76 193
76 178
76 147
76 181
76 117
76 126
77 138
77 79
77 80
77 81
77 85
77 153
77 156
77 198
78 141
78 79
78 107
78 87
78 88
78 91
78 199
78 113
78 147
78 180
79 145
79 87
79 88
79 89
79 97
79 110
79 179
79 125
80 197
80 142
80 81
80 82
80 84
80 87
80 89
80 199
80 161
80 110
80 122
80 125
81 82
81 83
81 88
81 90
81 156
81 95
81 169
81 172
81 184
82 133
82 85
82 90
82 91
82 86
82 106
82 171
82 173
82 111
82 177
82 190
83 135
83 139
83 195
83 148
83 85
83 87
83 90
83 92
83 94
83 180
83 117
83 182
83 186
84 193
84 135
84 85
84 88
84 89
84 92
84 93
84 94
84 176
84 122
85 143
85 86
85 89
85 90
85 92
85 93
85 95
85 144
86 160
86 194
86 87
86 89
86 93
86 158
86 102
86 103
86 105
86 175
86 159
86 126
87 158
87 89
87 94
87 95
87 162
87 106
87 188
88 130
88 146
88 122
88 90
88 91
88 92
88 93
88 107
88 114
88 178
88 119
88 185
88 186
88 187
89 139
89 90
89 92
89 93
89 102
89 104
89 112
89 172
89 177
89 119
89 125
90 147
90 135
90 142
90 93
90 94
90 97
90 99
90 172
90 173
90 187
91 193
91 137
91 173
91 148
91 93
91 158
91 159
91 97
91 100
91 146
91 120
91 127
92 195
92 94
92 102
92 172
92 179
92 185
93 132
93 140
93 142
93 143
93 101
93 103
93 107
93 185
93 188
94 161
94 151
94 146
94 95
94 160
94 97
94 98
94 102
94 113
94 153
94 125
95 155
95 165
95 96
95 97
95 98
95 99
95 100
95 101
95 103
95 104
95 124
96 199
96 101
96 102
96 105
96 172
96 112
96 177
96 180
96 183
96 170
97 135
97 137
97 142
97 100
97 103
97 105
97 107
97 185
98 136
98 139
98 99
98 102
98 103
98 104
98 105
98 107
98 108
98 168
99 193
99 118
99 134
99 173
99 144
99 121
99 102
99 104
99 108
99 185
100 135
100 161
100 102
100 103
100 168
100 105
100 107
100 108
100 116
101 131
101 144
101 154
101 166
101 102
101 110
101 112
101 116
101 125
102 192
102 128
102 194
102 162
102 105
102 110
102 170
103 130
103 196
103 140
103 141
103 174
103 186
103 175
103 106
103 109
103 111
103 183
103 136
104 129
104 197
104 193
104 142
104 199
104 108
104 109
104 112
104 122
105 149
105 151
105 155
105 108
105 109
105 111
105 114
105 118
106 131
106 144
106 145
106 163
106 148
106 153
106 155
106 107
106 108
106 112
106 116
106 180
107 130
107 133
107 162
107 155
107 112
107 114
107 117
108 133
108 145
108 188
108 151
108 153
108 111
108 112
108 116
108 117
108 183
108 180
108 124
108 125
109 182
109 112
109 113
109 114
109 117
109 118
109 188
110 188
110 148
110 162
110 112
110 114
110 115
110 116
110 117
110 120
110 123
110 124
111 128
111 162
111 163
111 164
111 178
111 182
111 119
111 126
112 128
112 129
112 195
112 143
112 173
112 146
112 155
112 157
112 185
112 114
112 116
112 182
112 121
112 122
112 166
113 198
113 160
113 117
113 118
113 119
113 121
113 122
113 190
114 130
114 137
114 138
114 159
114 115
114 118
114 123
115 192
115 161
115 195
115 148
115 154
115 176
115 187
115 116
115 117
115 137
115 120
116 199
116 138
116 140
116 151
116 156
116 168
116 180
116 117
116 119
116 184
116 122
116 125
117 128
117 129
117 171
117 138
117 176
117 170
117 120
117 121
118 195
118 132
118 197
118 142
118 155
118 163
118 168
118 119
118 121
118 126
119 128
119 129
119 137
119 140
119 184
119 158
119 120
119 180
119 123
119 124
119 126
120 128
120 129
120 194
120 150
120 155
120 160
120 163
120 184
120 191
120 127
121 128
121 130
121 144
121 169
121 184
121 122
121 124
121 126
122 129
122 132
122 174
122 124
122 127
123 128
123 129
123 131
123 132
123 143
123 157
123 158
123 188
123 171
123 124
123 125
123 126
124 129
124 130
124 134
124 152
124 185
124 127
125 130
125 131
125 133
125 134
125 135
125 145
125 157
125 165
125 163
125 177
125 188
125 127
126 129
126 130
126 140
126 175
126 127
127 128
127 131
127 135
127 141
127 154
127 166
127 172
128 195
128 134
128 136
128 146
128 152
128 165
129 132
129 133
129 139
129 146
129 161
129 187
129 171
130 131
130 132
130 134
130 135
130 136
130 138
130 149
130 154
130 199
130 161
130 166
131 193
131 137
131 139
131 141
131 151
131 163
131 174
131 177
131 178
132 133
132 134
132 141
132 142
132 167
132 173
132 176
132 181
133 195
133 134
133 135
133 144
133 149
133 165
133 146
133 177
134 136
134 139
134 141
134 143
134 148
134 162
134 164
135 198
135 137
135 139
135 145
135 163
135 184
135 188
136 137
136 138
136 139
136 140
136 142
136 145
136 146
136 157
136 186
137 139
137 143
137 144
137 146
137 154
137 169
137 185
138 199
138 192
138 154
138 176
138 181
139 144
139 145
139 146
139 147
139 197
139 195
139 168
139 182
140 192
140 144
140 146
140 170
141 142
141 145
141 146
141 150
141 151
141 173
142 143
142 144
142 145
142 146
142 148
142 196
142 164
143 144
143 145
143 146
143 147
143 152
143 163
143 168
143 180
144 146
144 147
144 150
144 153
144 175
144 189
145 193
145 146
145 147
145 148
145 149
145 150
145 154
145 163
145 171
145 173
145 191
146 148
146 150
146 153
146 156
146 179
147 151
147 152
147 153
147 154
147 156
147 158
147 172
147 181
147 189
148 197
148 199
148 155
148 158
148 161
148 172
149 151
149 154
149 156
149 158
149 159
149 169
149 184
150 151
150 152
150 153
150 154
150 155
150 156
150 197
150 160
150 161
151 193
151 153
151 154
151 156
151 159
151 165
151 199
151 175
151 186
152 193
152 154
152 158
152 159
152 160
152 161
152 164
152 165
153 192
153 197
153 160
153 161
153 163
153 158
154 159
154 160
154 162
154 165
154 181
155 195
155 162
155 187
155 183
155 159
156 192
156 196
156 157
156 160
156 161
156 162
156 163
156 166
156 183
157 196
157 197
157 198
157 158
157 159
157 162
157 164
157 165
157 166
157 179
158 197
158 183
158 161
158 163
158 164
158 165
158 190
159 163
159 165
159 166
159 167
159 169
159 184
159 191
160 161
160 164
160 167
160 170
160 173
160 179
161 163
161 164
161 165
161 166
161 173
162 163
162 168
162 170
162 172
162 173
162 185
163 196
163 169
163 186
164 192
164 165
164 167
164 172
164 173
164 179
164 183
164 184
165 196
165 198
165 167
165 171
165 172
166 167
166 169
166 170
166 173
167 169
167 173
167 176
168 169
168 170
168 171
168 172
168 175
168 176
168 177
169 170
169 171
169 172
169 173
169 176
169 177
169 178
169 179
169 186
170 192
170 198
170 176
170 177
170 178
170 179
170 180
171 176
171 172
171 173
171 174
171 178
172 192
172 173
172 178
172 180
173 176
173 179
173 181
173 188
174 176
174 177
174 179
174 182
175 177
175 179
175 181
175 183
175 188
176 191
176 179
176 180
176 182
176 184
176 186
176 190
177 196
177 180
177 182
177 185
177 187
178 194
178 180
178 182
178 183
178 187
179 199
179 180
179 183
179 185
180 192
180 193
180 182
180 184
180 185
180 186
180 187
181 186
181 188
181 191
182 194
182 183
182 184
182 187
182 190
182 191
183 184
183 186
183 190
184 193
184 194
184 196
184 187
185 194
185 196
185 189
185 190
185 191
186 187
186 188
186 189
186 190
187 193
187 194
187 196
187 191
188 190
189 192
189 193
189 196
189 197
189 190
190 193
190 195
190 197
190 198
190 199
191 193
191 194
191 196
191 198
191 199
192 194
193 199
194 195
194 197
194 198
194 199
195 198
196 197
