0 192
0 130
0 3
0 199
0 73
0 10
0 23
0 194
0 195
0 25
0 24
0 196
0 5
0 161
0 6
0 159
0 114
0 116
0 182
0 185
0 186
0 59
0 124
0 190
0 191
1 2
1 4
1 5
1 70
1 199
1 9
1 11
1 77
1 87
1 196
1 155
1 160
1 6
1 105
1 43
1 180
1 137
1 134
1 191
2 4
2 8
2 9
2 10
2 12
2 83
2 85
2 105
2 156
2 158
2 5
2 161
2 198
2 40
2 92
2 7
2 174
2 114
2 183
2 124
3 195
3 5
3 198
3 7
3 10
3 13
3 148
3 22
3 151
3 27
3 96
3 35
3 164
3 177
3 181
4 196
4 6
4 7
4 8
4 9
4 11
4 12
4 141
4 85
4 87
4 169
4 92
4 160
4 194
4 55
4 187
4 183
5 197
5 198
5 7
5 9
5 11
5 13
5 90
5 93
5 31
5 6
5 182
5 137
5 120
5 126
6 198
6 8
6 10
6 11
6 14
6 15
6 86
6 89
6 196
6 175
6 69
6 197
6 100
6 44
6 47
6 137
6 184
6 121
7 192
7 64
7 198
7 13
7 14
7 15
7 20
7 132
7 90
7 92
7 197
7 35
7 167
7 171
7 47
7 180
7 119
7 57
7 186
7 59
7 125
7 191
8 199
8 137
8 10
8 12
8 194
8 14
8 17
8 19
8 158
8 105
8 61
8 48
8 49
8 115
8 138
8 121
8 125
9 199
9 10
9 75
9 12
9 14
9 15
9 17
9 18
9 30
9 100
9 38
9 145
9 146
9 185
10 129
10 11
10 12
10 141
10 145
10 19
10 87
10 24
10 68
10 92
10 158
10 130
10 163
10 100
10 105
10 71
10 116
10 123
10 62
11 195
11 12
11 13
11 83
11 151
11 153
11 155
11 69
11 33
11 162
11 164
11 106
11 185
11 188
11 61
12 33
12 77
12 14
12 144
12 17
12 21
12 22
12 151
12 24
12 157
12 16
12 99
12 164
12 106
12 172
12 178
13 141
13 16
13 18
13 19
13 24
13 179
13 96
13 134
13 170
13 172
13 177
13 51
13 184
13 123
13 151
13 42
14 192
14 65
14 75
14 16
14 17
14 19
14 73
14 23
14 25
14 30
14 193
14 106
14 173
14 113
14 83
14 55
14 59
15 16
15 18
15 19
15 21
15 23
15 156
15 93
15 103
15 106
15 44
15 189
15 113
15 58
15 61
15 126
16 79
16 139
16 124
16 18
16 19
16 20
16 21
16 143
16 114
16 103
16 41
16 108
16 109
16 178
16 73
16 84
16 188
17 128
17 132
17 139
17 18
17 19
17 23
17 26
17 91
17 95
17 37
17 40
17 114
17 140
17 159
17 188
17 191
18 194
18 179
18 20
18 21
18 22
18 23
18 24
18 94
18 159
18 155
18 42
18 172
18 51
18 126
19 69
19 139
19 21
19 153
19 24
19 25
19 29
19 94
19 32
19 33
19 35
19 170
19 45
19 176
19 53
19 89
19 119
20 67
20 68
20 24
20 27
20 29
20 30
20 38
20 71
20 181
20 56
20 189
20 126
21 192
21 26
21 27
21 92
21 93
21 30
21 31
21 167
21 104
21 29
21 54
22 193
22 66
22 137
22 78
22 153
22 26
22 28
22 32
22 36
22 106
22 114
22 140
22 53
22 123
22 190
23 24
23 26
23 28
23 29
23 31
23 32
23 39
23 44
23 176
23 94
23 159
24 66
24 161
24 79
24 149
24 26
24 27
24 29
24 185
24 99
24 80
24 43
24 182
24 57
24 125
25 66
25 68
25 137
25 141
25 196
25 155
25 28
25 30
25 31
25 33
25 172
25 45
25 47
25 59
26 69
26 139
26 155
26 29
26 30
26 33
26 34
26 180
26 36
26 167
26 80
26 50
26 115
26 52
26 119
26 148
27 65
27 143
27 115
27 147
27 89
27 28
27 31
27 32
27 33
27 34
27 36
27 166
27 105
27 113
27 179
27 183
27 57
28 96
28 150
28 135
28 136
28 138
28 152
28 154
28 31
28 32
28 33
28 44
28 110
28 49
28 55
28 126
29 64
29 128
29 199
29 73
29 80
29 82
29 30
29 95
29 34
29 35
29 60
29 106
29 176
29 158
29 124
30 87
30 140
30 142
30 144
30 88
30 152
30 36
30 37
30 39
30 40
30 44
30 91
30 116
30 184
30 121
30 61
31 75
31 143
31 83
31 93
31 32
31 34
31 35
31 166
31 38
31 39
31 40
31 41
31 115
32 130
32 74
32 36
32 37
32 39
32 40
32 41
32 44
32 45
32 113
32 52
32 53
32 187
33 193
33 107
33 82
33 155
33 36
33 101
33 41
33 43
33 108
33 115
33 118
33 184
33 122
33 61
34 196
34 54
34 75
34 149
34 69
34 48
34 197
34 35
34 164
34 40
34 41
34 43
34 44
34 175
34 112
34 183
34 182
34 119
34 121
34 61
35 194
35 171
35 142
35 87
35 96
35 38
35 168
35 45
35 47
35 180
35 118
35 122
35 159
35 191
36 65
36 130
36 131
36 197
36 98
36 142
36 143
36 173
36 155
36 38
36 39
36 43
36 45
36 48
36 158
36 120
36 121
37 68
37 75
37 175
37 86
37 93
37 38
37 43
37 44
37 158
37 119
37 125
38 192
38 136
38 145
38 150
38 94
38 165
38 167
38 40
38 41
38 43
38 44
38 47
38 108
38 116
38 188
39 199
39 151
39 147
39 71
39 113
39 168
39 43
39 44
39 46
39 47
39 48
39 158
39 182
39 57
39 53
40 146
40 174
40 43
40 46
40 47
40 48
40 49
40 118
40 124
40 127
41 97
41 111
41 123
41 178
41 60
41 45
41 174
41 47
41 50
41 114
41 119
41 57
41 122
41 91
41 124
42 128
42 134
42 137
42 162
42 77
42 173
42 84
42 85
42 153
42 89
42 102
42 106
42 103
42 45
42 48
42 115
42 120
42 188
42 127
43 142
43 80
43 164
43 94
43 176
43 45
43 49
43 179
43 52
43 53
43 120
43 168
43 62
44 131
44 85
44 101
44 46
44 48
44 50
44 51
44 52
44 54
45 198
45 183
45 86
45 169
45 167
45 47
45 99
45 102
45 51
45 55
45 58
45 61
45 191
46 179
46 154
46 69
46 47
46 176
46 50
46 51
46 53
46 54
46 55
46 121
46 58
46 187
47 145
47 183
47 89
47 184
47 121
47 169
47 101
47 98
47 164
47 112
47 177
47 50
47 52
47 120
47 62
48 131
48 73
48 184
48 85
48 151
48 92
48 109
48 177
48 54
48 57
48 122
48 189
49 183
49 78
49 147
49 148
49 169
49 116
49 52
49 53
49 55
49 57
49 125
50 65
50 179
50 198
50 199
50 108
50 148
50 88
50 175
50 123
50 51
50 52
50 53
50 120
50 58
50 63
51 107
51 132
51 139
51 63
51 83
51 86
51 92
51 114
51 175
51 180
51 53
51 54
51 55
51 56
51 57
51 59
51 117
52 67
52 196
52 144
52 84
52 153
52 114
52 168
52 53
52 55
52 58
52 181
53 192
53 71
53 172
53 109
53 169
53 114
53 54
53 56
53 58
53 60
53 62
54 132
54 70
54 162
54 82
54 156
54 105
54 116
54 56
54 57
54 61
55 65
55 133
55 135
55 138
55 147
55 149
55 88
55 111
55 100
55 113
55 169
55 181
55 56
55 57
55 123
55 61
55 62
56 64
56 65
56 132
56 181
56 62
56 174
56 97
56 134
56 57
56 59
56 126
56 63
57 74
57 178
57 59
57 60
57 61
57 62
57 63
58 65
58 66
58 70
58 148
58 151
58 90
58 154
58 158
58 99
58 166
58 177
58 113
58 183
58 59
59 193
59 66
59 67
59 79
59 151
59 154
59 134
59 103
59 71
59 125
59 112
59 113
59 60
59 61
59 62
59 63
60 64
60 147
60 69
60 138
60 143
60 81
60 83
60 148
60 155
60 123
60 63
60 112
60 61
60 127
61 65
61 66
61 67
61 68
61 137
61 145
61 148
61 124
61 121
61 154
61 95
61 169
61 185
61 63
62 128
62 65
62 66
62 67
62 68
62 69
62 70
62 73
62 192
62 141
62 176
62 63
62 112
62 127
63 65
63 66
63 67
63 68
63 72
63 73
63 76
63 153
63 96
63 111
63 181
64 66
64 68
64 71
64 76
64 130
64 149
64 152
64 154
64 107
64 189
64 179
64 122
64 187
64 138
65 193
65 66
65 72
65 74
65 75
65 190
65 87
65 156
65 158
65 123
65 165
65 171
65 173
65 126
66 131
66 68
66 71
66 73
66 82
66 149
66 100
66 102
66 180
66 117
67 130
67 69
67 70
67 71
67 73
67 76
67 77
67 150
67 193
67 109
67 125
67 179
68 192
68 70
68 73
68 75
68 76
68 79
68 82
68 152
68 156
68 95
68 164
68 106
68 191
68 118
68 189
69 74
69 76
69 79
69 151
69 89
69 97
69 98
69 110
70 118
70 71
70 72
70 74
70 77
70 79
70 80
70 145
70 111
70 160
70 102
70 107
70 173
70 119
70 138
71 193
71 72
71 75
71 76
71 142
71 79
71 80
71 146
71 102
71 167
71 173
71 189
71 184
71 127
72 194
72 196
72 128
72 75
72 76
72 78
72 81
72 147
72 152
72 154
72 158
72 102
72 106
72 172
72 176
72 179
72 118
72 119
72 184
73 133
73 75
73 78
73 79
73 85
73 154
73 92
73 163
73 167
73 93
73 115
73 118
74 140
74 138
74 76
74 77
74 78
74 81
74 83
74 84
74 149
74 121
74 89
74 90
74 186
75 132
75 130
75 78
75 164
75 82
75 84
75 151
75 89
75 100
75 129
75 169
75 171
75 118
75 186
75 126
76 129
76 81
76 86
76 94
76 197
76 175
76 178
76 182
76 159
77 196
77 80
77 81
77 82
77 84
77 85
77 87
77 181
77 148
77 123
77 189
78 80
78 81
78 82
78 83
78 86
78 197
78 108
78 174
78 175
78 179
78 188
79 80
79 82
79 83
79 87
79 89
79 154
79 133
79 175
79 177
80 152
80 82
80 83
80 87
80 89
80 90
80 172
80 88
80 125
80 191
81 83
81 88
81 90
81 91
81 94
81 159
81 165
81 169
81 179
81 117
81 149
82 132
82 138
82 84
82 85
82 86
82 87
82 88
82 91
82 159
82 96
82 97
82 173
82 186
82 126
83 131
83 87
83 89
83 90
83 113
83 108
83 177
83 122
84 85
84 150
84 89
84 90
84 92
84 93
84 94
84 114
85 87
85 154
85 92
85 95
85 161
85 114
85 116
86 129
86 197
86 87
86 89
86 175
86 92
86 93
86 94
86 96
86 157
86 134
86 188
86 190
87 133
87 135
87 91
87 94
87 97
87 169
87 175
87 115
87 116
87 182
87 185
87 187
87 190
88 192
88 194
88 134
88 161
88 136
88 90
88 157
88 183
88 117
89 132
89 135
89 162
89 91
89 94
89 197
89 176
89 99
89 184
89 188
89 190
90 156
90 93
90 95
90 97
90 99
90 166
90 157
90 119
91 138
91 93
91 97
91 98
91 99
91 100
91 101
91 145
91 107
91 146
91 94
91 148
91 189
92 193
92 115
92 150
92 143
92 102
92 114
92 118
93 136
93 96
93 102
93 103
93 174
93 183
93 185
94 129
94 195
94 133
94 198
94 167
94 95
94 161
94 163
94 101
94 103
94 148
94 124
94 125
95 96
95 97
95 100
95 101
95 102
95 103
95 104
95 105
95 174
96 192
96 194
96 197
96 151
96 152
96 162
96 101
96 104
96 181
96 121
97 133
97 198
97 136
97 174
97 99
97 102
97 106
97 107
97 173
97 110
97 157
97 181
97 121
97 190
98 171
98 199
98 136
98 150
98 103
98 105
98 167
98 157
98 115
98 122
98 166
98 189
99 134
99 140
99 142
99 153
99 158
99 163
99 108
99 112
99 114
99 180
99 119
99 188
99 191
100 101
100 103
100 105
100 106
100 107
100 108
100 110
100 181
100 118
101 135
101 164
101 102
101 104
101 169
101 106
101 171
101 174
101 111
101 177
101 115
102 161
102 167
102 152
102 103
102 104
102 105
102 109
102 112
102 159
102 134
103 196
103 137
103 140
103 147
103 104
103 105
103 108
103 109
103 110
103 111
103 113
103 158
104 197
104 137
104 162
104 105
104 106
104 107
104 108
104 109
104 112
104 113
104 179
104 117
105 135
105 144
105 149
105 107
105 108
105 109
105 110
105 112
105 113
105 114
105 181
105 168
106 146
106 107
106 110
106 113
106 115
106 116
106 124
107 140
107 143
107 108
107 113
107 181
107 127
108 172
108 109
108 112
108 113
108 116
108 117
108 125
109 196
109 139
109 148
109 158
109 144
109 112
109 113
109 118
109 189
110 183
110 111
110 113
110 117
110 118
110 119
110 123
110 124
110 189
111 141
111 163
111 114
111 115
111 116
111 117
111 119
111 120
111 121
112 129
112 196
112 140
112 148
112 150
112 175
112 156
112 114
112 116
112 118
112 122
113 199
113 136
113 150
113 158
113 114
113 147
113 116
113 121
114 133
114 142
114 155
114 158
114 160
114 162
114 187
114 116
114 117
114 120
114 121
114 122
114 125
115 183
115 143
115 146
115 185
115 159
115 166
115 117
115 118
115 119
115 121
116 134
116 144
116 145
116 157
116 180
116 118
116 120
116 122
116 124
116 126
117 141
117 173
117 155
117 161
117 170
117 118
117 119
117 122
117 123
117 124
117 127
118 148
118 162
118 136
118 120
118 125
119 144
119 177
119 187
119 182
119 121
119 122
119 123
119 127
120 192
120 144
120 147
120 176
120 180
120 125
120 126
121 193
121 137
121 144
121 188
121 154
121 155
121 166
121 161
121 180
121 123
121 124
122 128
122 129
122 130
122 189
122 124
122 125
122 126
122 127
123 131
123 173
123 152
123 170
123 125
123 127
124 128
124 131
124 130
124 151
124 175
124 126
125 128
125 130
125 134
125 187
125 126
126 129
126 195
126 132
126 133
126 135
126 186
126 165
126 193
126 190
126 127
127 130
127 133
127 135
127 137
127 150
127 169
127 164
127 172
128 129
128 130
128 131
128 133
128 134
128 136
128 138
128 157
128 163
129 132
129 134
129 135
129 136
129 139
129 185
129 164
129 166
129 177
130 131
130 132
130 133
130 198
130 137
130 138
130 139
131 132
131 135
131 136
131 139
131 140
131 141
131 149
131 163
132 134
132 137
132 138
132 139
132 142
132 167
132 168
132 188
133 137
133 140
133 141
133 149
133 159
133 187
134 139
134 142
134 143
134 150
134 155
134 165
134 199
134 189
135 136
135 151
135 140
135 142
135 143
135 144
135 145
135 173
136 139
136 141
136 158
136 160
137 143
137 145
137 146
137 147
137 186
138 199
138 140
138 144
138 149
138 151
138 165
138 172
138 186
139 192
139 140
139 173
139 146
139 180
140 143
140 148
140 149
140 150
140 145
140 168
140 179
140 182
141 199
141 143
141 147
141 148
141 195
141 182
141 190
142 143
142 144
142 145
142 148
142 149
142 150
142 151
142 152
142 196
142 165
143 144
143 150
143 151
143 152
143 175
143 177
144 197
144 146
144 163
144 168
144 184
145 146
145 148
145 150
145 153
145 161
145 162
145 169
145 174
146 147
146 150
146 151
146 152
146 153
146 154
146 171
147 148
147 149
147 150
147 154
147 181
147 188
148 150
148 151
148 153
148 156
148 154
148 158
148 165
148 172
148 190
149 198
149 151
149 159
149 170
149 167
150 151
150 152
150 157
150 159
150 168
150 190
151 152
151 154
151 156
151 165
152 156
152 157
152 162
152 170
152 168
152 189
153 154
153 155
153 156
153 158
153 160
153 167
153 169
153 176
154 193
154 195
154 156
154 157
154 160
154 161
154 164
154 168
154 170
154 191
155 193
155 159
155 163
155 164
156 195
156 157
156 158
156 162
156 163
156 174
156 175
156 178
157 158
157 161
157 162
157 163
157 167
157 171
158 171
158 198
158 160
158 162
158 163
158 164
158 165
159 164
159 167
159 169
159 184
159 191
160 198
160 162
160 163
160 164
160 165
160 172
160 182
161 163
161 165
161 167
161 171
161 178
161 183
161 188
162 163
162 165
162 166
162 167
162 173
163 164
163 165
163 166
163 167
163 168
163 171
163 172
163 173
164 165
164 167
164 169
164 172
164 174
164 182
165 167
165 169
165 171
165 172
165 174
165 175
166 197
166 170
166 173
166 174
166 184
167 196
167 171
167 172
167 173
167 177
167 187
168 171
168 172
168 176
168 177
168 178
169 199
169 170
169 171
169 172
169 175
169 177
169 179
170 175
170 178
170 179
171 177
171 179
171 186
172 174
172 180
172 182
173 175
173 176
173 178
173 180
173 185
174 199
174 177
174 178
174 179
174 181
174 182
174 183
175 178
175 179
175 180
175 183
176 177
176 182
176 184
177 197
177 178
177 179
177 180
177 181
177 185
177 186
178 196
178 179
178 180
178 181
178 182
178 183
178 188
179 186
179 187
179 188
179 189
180 196
180 181
180 182
180 184
180 185
180 187
180 190
181 193
181 198
181 182
181 187
181 190
181 191
182 198
182 185
182 189
182 190
183 184
183 189
183 191
184 194
184 187
184 190
185 194
185 187
185 188
185 189
185 191
186 193
186 194
186 196
186 188
186 190
186 191
187 196
187 197
187 190
187 191
188 197
188 198
188 190
188 191
189 192
189 193
189 198
190 194
190 195
190 197
190 191
191 195
191 199
192 194
192 195
192 196
192 197
193 194
193 197
194 195
194 196
194 197
194 198
195 196
195 197
195 198
195 199
196 198
197 199
