0 192
0 193
0 3
0 6
0 199
0 10
0 163
0 36
0 71
0 155
0 90
0 5
0 99
0 131
0 7
0 190
0 191
1 192
1 194
1 5
1 9
1 10
1 12
1 82
1 107
1 150
1 87
1 196
1 36
1 39
1 147
1 119
1 57
1 188
1 191
2 194
2 3
2 199
2 8
2 9
2 10
2 11
2 66
2 139
2 25
2 91
2 94
2 187
2 101
2 166
2 38
2 7
2 72
2 116
2 186
2 31
3 195
3 4
3 5
3 198
3 17
3 139
3 57
3 92
3 197
3 161
3 34
3 163
3 6
3 49
3 169
3 113
3 179
3 185
3 31
4 192
4 194
4 196
4 5
4 198
4 7
4 8
4 14
4 17
4 154
4 197
4 96
4 33
4 105
4 199
4 187
4 190
5 198
5 7
5 9
5 128
5 11
5 13
5 14
5 195
5 196
5 31
5 100
5 6
5 42
5 179
6 134
6 7
6 8
6 9
6 10
6 11
6 14
6 16
6 195
6 197
6 164
6 104
6 45
6 184
6 95
7 65
7 139
7 199
7 10
7 11
7 12
7 15
7 16
7 146
7 21
7 156
7 97
7 167
7 82
7 46
7 189
7 128
7 180
7 185
7 60
7 74
7 63
8 193
8 129
8 11
8 12
8 13
8 15
8 16
8 147
8 148
8 142
8 141
8 79
8 198
8 172
8 119
8 120
8 122
8 62
9 64
9 171
9 12
9 13
9 14
9 16
9 17
9 18
9 19
9 151
9 26
9 75
9 51
9 167
9 147
9 188
10 13
10 19
10 20
10 196
10 150
10 68
10 155
10 33
10 98
10 43
10 113
10 180
10 186
10 126
11 12
11 13
11 142
11 15
11 16
11 18
11 21
11 25
11 155
11 159
11 129
11 146
11 184
11 59
11 188
11 189
11 63
12 13
12 141
12 17
12 18
12 19
12 22
12 93
12 31
12 33
12 163
12 166
12 42
12 171
12 187
12 189
13 64
13 77
13 17
13 18
13 19
13 20
13 21
13 23
13 97
13 60
13 170
13 180
13 187
13 124
14 140
14 78
14 17
14 19
14 22
14 23
14 196
14 154
14 92
14 157
14 106
14 173
14 180
14 89
14 183
14 185
14 125
15 65
15 16
15 17
15 18
15 19
15 22
15 161
15 99
15 134
15 81
15 169
15 43
15 54
15 84
16 17
16 18
16 150
16 25
16 97
16 81
16 107
16 45
16 174
16 136
16 55
16 120
16 60
16 61
16 63
17 130
17 195
17 69
17 152
17 18
17 22
17 87
17 25
17 91
17 107
17 173
17 175
17 76
17 181
17 189
17 127
18 128
18 152
18 142
18 82
18 25
18 26
18 27
18 80
18 100
18 38
18 167
18 44
18 146
18 76
18 177
18 51
18 89
18 184
18 189
18 190
19 67
19 141
19 22
19 23
19 24
19 28
19 159
19 96
19 166
19 145
19 109
19 178
19 179
19 180
19 52
19 31
20 139
20 21
20 22
20 26
20 29
20 30
20 96
20 97
20 41
20 171
20 142
20 113
20 190
21 71
21 22
21 23
21 25
21 26
21 27
21 31
21 99
21 169
21 157
21 113
21 117
21 122
21 190
22 156
22 37
22 141
22 26
22 28
22 29
22 33
22 101
22 81
22 168
22 105
22 142
22 147
22 116
22 53
22 120
22 57
23 139
23 141
23 24
23 25
23 28
23 29
23 30
23 31
23 33
23 165
23 40
23 185
23 190
24 73
24 25
24 30
24 34
24 168
24 47
24 112
24 53
24 124
24 126
25 65
25 68
25 142
25 81
25 153
25 26
25 30
25 31
25 32
25 34
25 165
25 84
25 189
25 62
25 127
26 129
26 131
26 132
26 69
26 135
26 75
26 139
26 67
26 90
26 27
26 32
26 36
26 173
26 110
26 47
26 114
26 115
26 155
26 55
26 57
27 196
27 119
27 154
27 152
27 29
27 30
27 33
27 34
27 164
27 37
27 174
27 183
27 90
27 85
28 65
28 68
28 197
28 96
28 139
28 141
28 77
28 157
28 94
28 31
28 32
28 33
28 34
28 35
28 37
28 38
28 48
28 54
28 55
28 119
29 134
29 94
29 93
29 30
29 31
29 32
29 33
29 34
29 36
29 101
29 39
29 104
29 173
29 112
29 49
29 158
29 57
29 61
30 80
30 147
30 154
30 158
30 31
30 33
30 35
30 36
30 37
30 39
30 169
30 172
30 111
30 176
30 189
31 192
31 73
31 143
31 99
31 32
31 35
31 100
31 38
31 41
31 107
31 44
31 117
32 71
32 199
32 96
32 33
32 162
32 35
32 41
32 167
32 61
32 175
32 49
32 183
32 106
33 197
33 198
33 80
33 132
33 36
33 38
33 39
33 41
33 42
33 167
33 168
33 179
33 126
33 57
33 190
34 128
34 192
34 193
34 64
34 79
34 150
34 153
34 162
34 35
34 38
34 40
34 63
34 43
34 179
34 127
34 189
34 166
35 68
35 79
35 81
35 163
35 38
35 39
35 40
35 41
35 42
35 44
35 45
35 93
35 112
35 125
35 126
36 151
36 169
36 99
36 165
36 39
36 40
36 92
36 42
36 44
36 46
36 176
36 105
36 158
36 55
36 187
37 171
37 196
37 119
37 156
37 159
37 164
37 102
37 103
37 41
37 42
37 46
37 105
37 120
37 170
37 62
38 132
38 68
38 111
38 39
38 41
38 43
38 173
38 115
38 180
38 126
38 184
38 62
38 127
39 171
39 82
39 87
39 90
39 40
39 43
39 44
39 173
39 46
39 47
39 191
40 64
40 131
40 87
40 141
40 146
40 163
40 85
40 150
40 153
40 103
40 176
40 174
40 173
40 46
40 48
40 49
40 117
40 58
41 161
41 74
41 147
41 166
41 44
41 45
41 47
41 50
41 52
41 181
41 189
41 56
41 159
41 102
41 191
42 160
42 131
42 163
42 171
42 95
42 43
42 47
42 112
42 49
42 50
42 51
42 53
42 119
42 60
42 189
43 49
43 198
43 72
43 138
43 162
43 142
43 154
43 92
43 103
43 45
43 48
43 113
43 52
43 55
43 60
44 195
44 196
44 74
44 142
44 144
44 81
44 84
44 109
44 47
44 49
44 54
44 188
45 75
45 81
45 146
45 90
45 93
45 100
45 165
45 174
45 47
45 48
45 49
45 50
45 53
45 166
46 115
46 108
46 151
46 99
46 172
46 50
46 51
46 52
46 116
46 60
47 130
47 68
47 77
47 81
47 86
47 121
47 91
47 92
47 167
47 95
47 102
47 171
47 48
47 49
47 51
47 53
47 54
47 55
48 141
48 184
48 167
48 157
48 158
48 95
48 116
48 102
48 112
48 51
48 52
48 117
48 57
48 106
49 129
49 196
49 73
49 76
49 145
49 111
49 162
49 52
49 53
50 195
50 132
50 150
50 105
50 154
50 59
50 167
50 51
50 52
50 187
50 55
50 57
50 58
50 123
51 139
51 196
51 199
51 75
51 174
51 179
51 52
51 119
51 58
51 59
52 65
52 179
52 69
52 178
52 53
52 55
52 56
52 121
52 58
52 59
52 62
53 183
53 143
53 180
53 106
53 54
53 55
53 57
53 58
53 59
53 62
53 63
54 64
54 129
54 70
54 82
54 150
54 134
54 55
54 121
54 186
54 59
55 65
55 143
55 87
55 89
55 111
55 186
55 94
55 99
55 102
55 168
55 156
55 157
55 58
55 123
55 61
55 62
56 65
56 66
56 133
56 198
56 139
56 78
56 87
56 152
56 92
56 157
56 99
56 170
56 58
56 60
57 66
57 198
57 136
57 77
57 149
57 151
57 99
57 106
57 59
57 62
58 181
58 133
58 183
58 190
58 184
58 153
58 179
58 143
58 174
58 112
58 60
58 127
59 67
59 69
59 198
59 131
59 88
59 118
59 171
59 108
59 173
59 184
59 62
60 65
60 194
60 68
60 129
60 144
60 156
60 160
60 183
60 125
60 63
61 64
61 65
61 66
61 67
61 71
61 183
61 94
61 129
61 193
61 174
61 113
61 63
62 66
62 67
62 68
62 70
62 72
62 165
62 160
62 193
62 184
63 65
63 66
63 132
63 71
63 76
63 83
63 152
63 92
63 93
63 97
63 108
64 65
64 67
64 76
64 119
64 138
64 143
64 84
64 89
64 155
64 123
65 128
65 75
65 95
65 97
65 92
65 106
65 171
65 173
65 189
66 67
66 68
66 69
66 70
66 71
66 72
66 73
66 76
66 194
66 87
66 135
66 111
66 137
67 68
67 69
67 71
67 73
67 75
67 145
67 84
67 188
67 171
67 174
67 125
67 190
67 124
68 129
68 72
68 74
68 78
68 131
68 169
69 70
69 137
69 79
69 139
69 85
69 151
69 152
69 156
69 188
69 183
69 148
70 130
70 71
70 72
70 73
70 75
70 78
70 79
70 80
70 141
70 82
70 88
70 159
70 98
70 167
70 169
70 174
70 115
70 126
70 127
71 129
71 72
71 73
71 76
71 78
71 80
71 89
71 97
71 122
71 123
72 73
72 74
72 75
72 76
72 80
72 82
72 199
72 95
72 115
72 94
72 121
73 193
73 137
73 74
73 75
73 109
73 79
73 80
73 81
73 89
73 173
73 111
73 113
73 118
73 190
74 76
74 81
74 146
74 155
74 93
74 197
74 160
74 164
74 193
74 114
74 192
75 118
75 77
75 79
75 80
75 82
75 173
75 162
75 167
75 199
75 182
75 186
76 78
76 79
76 132
76 154
76 99
76 103
76 105
76 170
76 173
76 122
77 140
77 82
77 148
77 85
77 87
77 93
77 96
77 107
77 110
77 177
77 147
78 192
78 137
78 143
78 80
78 82
78 83
78 84
78 86
78 88
78 132
78 172
78 190
79 141
79 80
79 81
79 147
79 85
79 88
79 89
79 197
79 153
79 121
79 123
80 196
80 197
80 84
80 86
80 88
80 90
80 143
80 93
80 101
80 178
80 158
81 128
81 194
81 196
81 85
81 88
81 90
81 180
81 190
81 125
81 126
82 84
82 164
82 104
82 183
82 184
82 185
82 187
83 196
83 148
83 85
83 152
83 90
83 91
83 93
83 162
83 164
83 113
83 169
83 177
83 181
83 184
84 131
84 172
84 148
84 86
84 89
84 90
84 92
84 93
84 117
84 151
85 196
85 87
85 89
85 91
85 92
85 94
85 95
85 197
85 164
85 165
85 185
86 175
86 88
86 89
86 111
86 92
86 157
86 95
86 100
86 169
86 93
86 117
86 185
87 197
87 135
87 88
87 89
87 93
87 94
87 97
87 172
87 185
87 190
88 193
88 133
88 159
88 89
88 154
88 91
88 90
88 95
88 97
88 168
88 172
88 157
88 179
88 121
88 187
89 160
89 136
89 92
89 94
89 95
89 96
89 112
89 175
89 157
89 114
89 159
90 195
90 92
90 94
90 96
90 97
90 98
90 110
90 123
90 125
91 128
91 160
91 107
91 152
91 92
91 94
91 95
91 97
91 98
91 101
91 103
91 147
91 183
91 122
91 123
91 127
92 93
92 159
92 96
92 162
92 101
92 108
92 173
92 178
93 152
93 94
93 95
93 97
93 100
93 101
93 178
93 181
93 163
94 129
94 197
94 138
94 147
94 97
94 98
94 101
94 102
94 179
95 132
95 133
95 135
95 144
95 145
95 96
95 163
95 101
95 199
95 112
95 177
95 178
95 122
95 106
96 199
96 151
96 142
96 156
96 160
96 98
96 99
96 103
96 104
96 105
96 109
96 116
96 121
96 186
97 131
97 139
97 146
97 195
97 162
97 99
97 101
97 102
97 105
97 107
97 163
97 113
97 183
97 186
98 129
98 154
98 101
98 105
98 106
98 108
98 117
98 182
98 170
98 134
99 193
99 120
99 147
99 150
99 100
99 145
99 105
99 159
100 194
100 133
100 199
100 160
100 166
100 102
100 105
100 106
100 107
100 109
100 117
100 188
100 170
101 193
101 195
101 139
101 140
101 103
101 108
101 111
101 158
101 122
102 175
102 103
102 104
102 105
102 108
102 109
102 110
102 177
102 178
103 120
103 171
103 150
103 157
103 161
103 105
103 106
103 108
103 111
103 112
103 113
103 114
103 180
103 117
103 184
103 185
103 127
104 105
104 107
104 108
104 109
104 110
104 111
104 115
104 187
104 126
105 128
105 195
105 132
105 146
105 155
105 165
105 106
105 109
105 181
105 124
106 137
106 160
106 145
106 148
106 170
106 108
106 110
106 111
106 114
106 115
106 116
107 133
107 193
107 137
107 144
107 110
107 113
107 114
107 116
107 127
108 131
108 134
108 135
108 140
108 155
108 113
108 114
108 116
108 119
108 170
108 149
109 192
109 195
109 147
109 197
109 132
109 173
109 110
109 111
109 114
109 179
109 116
109 119
110 130
110 113
110 112
110 168
110 115
110 116
110 119
110 191
111 147
111 164
111 177
111 176
111 113
111 115
111 117
111 119
111 122
111 188
112 149
112 158
112 117
112 118
112 120
112 121
113 128
113 137
113 153
113 176
113 117
113 119
113 120
113 123
114 128
114 131
114 199
114 138
114 148
114 159
114 162
114 164
114 189
114 118
114 121
114 122
114 124
115 132
115 173
115 145
115 157
115 158
115 117
115 118
115 119
115 120
115 124
115 149
116 195
116 198
116 145
116 148
116 160
116 161
116 117
116 118
116 120
116 122
117 138
117 144
117 155
117 118
117 122
117 127
118 128
118 130
118 173
118 151
118 156
118 171
118 120
118 121
118 122
118 123
118 124
118 125
118 127
119 192
119 172
119 153
119 176
119 164
119 161
119 120
119 122
119 126
119 127
120 198
120 138
120 185
120 153
120 162
120 164
120 121
120 123
120 127
121 128
121 129
121 130
121 193
121 167
121 187
121 126
122 130
122 141
122 143
122 146
122 148
122 158
122 161
122 186
122 124
122 125
122 191
123 129
123 131
123 133
123 145
123 166
123 176
123 127
124 128
124 130
124 132
124 133
124 144
124 157
124 163
124 166
124 125
124 127
125 134
125 138
125 153
125 162
125 183
125 185
125 126
126 128
126 131
126 132
126 195
126 151
126 197
126 199
127 129
127 131
127 132
127 134
127 135
127 137
127 140
127 197
127 165
128 129
128 132
128 133
128 135
128 137
129 130
129 133
129 136
129 139
129 146
129 158
129 182
129 173
130 133
130 135
130 138
130 139
130 145
130 188
130 180
130 183
131 192
131 139
131 144
131 132
131 169
131 191
131 182
132 139
132 160
132 162
133 195
133 199
133 139
133 142
133 153
133 160
133 181
134 196
134 135
134 136
134 137
134 138
134 140
134 141
134 143
134 171
135 136
135 140
135 141
135 142
135 144
135 145
135 146
135 150
135 158
135 163
136 138
136 139
136 140
136 141
136 144
136 145
136 146
136 193
136 180
137 193
137 138
137 139
137 140
137 145
137 147
137 162
137 164
137 188
137 189
138 197
138 139
138 140
138 141
138 142
138 143
138 146
138 148
138 158
138 175
138 179
139 151
139 143
139 146
139 165
139 169
139 174
139 181
140 142
140 143
140 146
140 149
140 150
140 163
140 169
141 144
141 147
141 149
141 156
141 182
142 160
142 143
142 148
142 150
142 185
142 169
142 174
143 199
143 146
143 150
143 152
143 162
143 176
143 185
144 146
144 148
144 149
144 150
144 152
144 153
144 157
144 166
144 167
144 177
144 184
144 189
144 181
145 198
145 147
145 148
145 149
145 154
145 169
146 161
146 182
146 187
146 191
147 150
147 153
147 159
147 166
148 193
148 150
148 151
148 155
148 157
148 189
149 194
149 199
149 150
149 156
149 157
149 162
149 173
149 183
149 184
150 152
150 153
150 155
150 156
150 160
150 169
150 168
151 164
151 155
151 161
151 189
152 153
152 154
152 159
152 160
152 164
152 173
152 189
153 195
153 184
153 154
153 157
153 158
153 168
154 158
154 160
154 161
154 163
154 167
154 170
154 172
154 175
154 176
154 180
154 190
155 159
155 160
155 161
155 162
155 169
155 175
155 190
156 158
156 161
156 163
156 166
156 179
157 192
157 195
157 161
157 163
157 166
158 160
158 162
158 163
158 164
158 167
158 184
159 160
159 161
159 163
159 164
159 166
159 169
159 176
160 162
160 164
160 165
160 168
160 185
161 186
161 163
161 164
161 165
161 168
161 169
161 170
161 180
162 199
162 164
162 166
162 169
162 170
162 177
162 182
163 165
163 168
163 169
163 170
163 171
163 189
163 183
164 165
164 168
165 167
165 168
165 169
165 170
165 171
165 182
165 186
166 167
166 169
166 170
167 169
167 170
167 173
167 174
167 176
167 189
168 183
168 170
168 173
168 175
168 176
168 177
168 178
168 182
169 198
169 173
169 179
170 172
170 174
170 176
170 179
170 182
171 173
171 176
171 177
171 178
171 179
171 181
171 191
172 195
172 173
172 175
172 176
172 179
172 180
172 182
172 184
172 187
173 181
174 175
174 180
174 183
175 177
175 180
175 181
175 182
175 183
175 185
176 177
176 179
176 181
176 183
176 186
177 178
177 182
177 184
177 186
177 187
178 193
178 179
178 180
178 181
178 185
178 186
178 187
179 193
179 180
179 182
179 183
179 186
179 188
180 195
180 183
180 187
180 188
181 192
181 182
181 183
181 185
181 187
181 188
181 189
182 192
182 193
182 183
182 185
182 188
182 189
182 190
183 185
184 192
184 196
184 186
184 187
185 196
185 186
185 187
185 190
186 192
186 194
186 190
187 192
187 193
187 195
187 199
187 189
187 190
188 195
188 198
188 191
189 198
190 192
191 194
191 195
191 197
192 194
192 197
192 199
193 194
194 195
194 196
194 198
194 199
195 199
196 197
197 199
198 199
