0 1
0 66
0 4
0 197
0 199
0 9
0 10
0 2
0 77
0 85
0 153
0 196
0 91
0 95
0 133
0 98
0 100
0 174
0 162
0 116
0 181
0 31
0 42
1 195
1 4
1 149
1 199
1 8
1 9
1 10
1 11
1 21
1 87
1 160
1 71
1 180
1 181
2 195
2 6
2 199
2 8
2 73
2 79
2 81
2 146
2 3
2 22
2 98
2 131
2 145
2 41
2 108
3 4
3 5
3 6
3 9
3 11
3 78
3 13
3 153
3 155
3 32
3 38
3 105
3 170
3 50
3 125
4 194
4 196
4 5
4 198
4 193
4 8
4 13
4 143
4 16
4 75
4 195
4 90
4 168
4 43
4 53
4 57
4 159
4 188
4 190
5 197
5 198
5 7
5 10
5 11
5 12
5 81
5 195
5 196
5 90
5 27
5 160
5 67
5 100
5 70
5 172
5 173
5 111
5 48
5 51
5 74
5 190
5 63
6 198
6 129
6 8
6 9
6 10
6 12
6 15
6 141
6 19
6 85
6 28
6 158
6 100
6 102
6 104
6 199
6 45
6 179
6 180
6 122
7 130
7 67
7 199
7 8
7 9
7 10
7 13
7 84
7 153
7 69
7 197
7 161
7 162
7 101
7 110
7 180
7 186
7 61
7 63
8 128
8 12
8 13
8 14
8 141
8 19
8 148
8 167
8 129
8 170
8 199
8 44
8 50
8 51
8 182
8 183
8 187
8 70
8 189
9 11
9 12
9 13
9 15
9 16
9 17
9 18
9 149
9 165
9 167
9 42
9 83
9 188
9 85
10 131
10 64
10 11
10 12
10 13
10 78
10 16
10 17
10 18
10 20
10 28
10 94
10 160
10 37
10 119
10 122
10 188
10 127
11 13
11 15
11 21
11 23
11 79
11 162
11 35
11 134
11 103
11 40
11 167
11 109
11 73
11 120
11 186
12 13
12 14
12 18
12 20
12 21
12 22
12 155
12 150
12 27
12 135
12 110
12 111
12 136
12 83
12 191
12 127
13 65
13 130
13 16
13 17
13 19
13 20
13 22
13 89
13 123
13 170
13 171
13 110
13 49
13 140
13 179
13 122
13 187
14 65
14 139
14 15
14 88
14 82
14 20
14 21
14 22
14 28
14 158
14 163
14 134
14 166
14 170
14 50
14 182
15 193
15 143
15 80
15 17
15 18
15 83
15 20
15 29
15 158
15 133
15 35
15 177
15 118
15 95
16 193
16 115
16 69
16 141
16 80
16 17
16 19
16 20
16 26
16 156
16 93
16 95
16 161
16 67
16 99
16 40
16 169
16 135
16 108
16 179
16 190
16 120
16 126
17 198
17 81
17 147
17 148
17 24
17 26
17 27
17 157
17 96
17 161
17 98
17 106
17 51
17 84
17 123
17 138
17 190
17 191
18 194
18 67
18 132
18 20
18 21
18 22
18 24
18 27
18 28
18 158
18 43
18 44
18 173
18 175
18 112
18 172
18 153
18 123
18 125
19 64
19 193
19 131
19 196
19 79
19 20
19 149
19 23
19 68
19 27
19 31
19 32
19 101
19 93
19 179
19 89
19 57
19 188
20 129
20 175
20 71
20 140
20 81
20 21
20 141
20 23
20 24
20 25
20 90
20 27
20 29
20 176
20 115
20 88
20 124
20 126
20 63
21 67
21 129
21 137
21 22
21 23
21 24
21 26
21 30
21 39
21 40
21 156
21 82
21 116
21 117
21 119
21 59
22 131
22 196
22 199
22 86
22 24
22 26
22 27
22 31
22 32
22 161
22 35
22 38
22 176
22 173
22 112
22 183
23 68
23 161
23 77
23 152
23 154
23 27
23 28
23 95
23 32
23 99
23 178
23 179
23 121
23 187
24 80
24 184
24 29
24 158
24 32
24 34
24 145
24 174
24 175
24 48
24 30
24 120
24 59
24 188
24 63
25 65
25 158
25 80
25 26
25 27
25 32
25 35
25 38
25 104
25 172
25 47
25 112
25 53
25 60
26 147
26 86
26 27
26 92
26 30
26 31
26 33
26 35
26 101
26 156
26 115
26 180
26 118
26 189
27 192
27 64
27 131
27 74
27 76
27 30
27 31
27 34
27 35
27 167
27 105
27 170
27 197
27 114
27 122
28 195
28 197
28 137
28 151
28 76
28 92
28 29
28 94
28 36
28 37
28 38
28 104
28 170
28 49
28 114
28 124
29 128
29 96
29 101
29 143
29 144
29 82
29 93
29 31
29 160
29 34
29 35
29 107
29 46
29 180
29 84
29 159
29 188
29 102
30 72
30 138
30 139
30 88
30 94
30 95
30 160
30 162
30 35
30 36
30 166
30 167
30 31
30 127
31 65
31 195
31 133
31 88
31 67
31 36
31 39
31 41
31 110
31 124
31 189
32 133
32 139
32 34
32 35
32 36
32 37
32 39
32 40
32 177
32 54
32 127
33 70
33 35
33 37
33 38
33 41
33 42
33 108
33 45
33 112
33 184
34 196
34 71
34 35
34 36
34 37
34 38
34 39
34 40
34 41
34 42
34 44
34 104
35 195
35 70
35 97
35 177
35 75
35 79
35 154
35 153
35 36
35 167
35 41
35 43
35 49
35 169
35 120
35 61
36 65
36 130
36 196
36 129
36 85
36 89
36 157
36 37
36 39
36 40
36 45
36 179
36 94
36 119
36 187
36 126
37 76
37 98
37 141
37 81
37 86
37 152
37 99
37 41
37 44
37 176
37 49
37 50
37 54
37 56
37 122
38 71
38 137
38 75
38 147
38 73
38 153
38 176
38 167
38 40
38 107
38 110
38 51
38 183
38 56
38 186
39 192
39 130
39 196
39 135
39 136
39 140
39 162
39 142
39 143
39 145
39 176
39 92
39 119
39 95
39 61
40 160
40 132
40 72
40 83
40 92
40 106
40 44
40 45
40 47
40 49
40 116
40 158
41 141
41 86
41 153
41 92
41 42
41 43
41 44
41 46
41 48
41 49
41 180
41 185
41 191
42 115
42 197
42 107
42 88
42 168
42 170
42 43
42 111
42 49
42 50
42 51
42 52
43 67
43 132
43 142
43 81
43 150
43 91
43 159
43 176
43 44
43 48
43 49
43 50
43 52
43 106
44 178
44 118
44 71
44 173
44 179
44 182
44 106
44 45
44 47
44 49
44 50
44 54
44 125
45 66
45 179
45 142
45 182
45 93
45 95
45 47
45 48
45 52
45 54
45 55
45 184
45 59
46 198
46 87
46 77
46 147
46 105
46 88
46 164
46 91
46 171
46 50
46 52
46 53
46 58
46 190
47 128
47 115
47 148
47 91
47 49
47 51
47 53
47 54
47 55
47 58
47 60
47 166
48 65
48 68
48 197
48 78
48 173
48 144
48 148
48 86
48 155
48 122
48 69
48 97
48 162
48 49
48 50
48 52
48 189
49 128
49 193
49 129
49 73
49 120
49 87
49 154
49 53
49 58
49 59
49 62
50 118
50 76
50 143
50 88
50 179
50 98
50 113
50 104
50 51
50 54
50 59
50 60
50 170
50 126
51 196
51 198
51 75
51 76
51 110
51 186
51 152
51 157
51 162
51 108
51 109
51 189
51 56
51 58
51 61
51 63
52 194
52 182
52 141
52 144
52 145
52 86
52 176
52 54
52 56
52 58
52 59
52 62
53 130
53 108
53 109
53 148
53 159
53 160
53 162
53 166
53 104
53 54
53 60
53 61
54 173
54 88
54 154
54 79
54 156
54 103
54 55
54 56
54 116
54 58
54 59
54 60
55 65
55 69
55 129
55 192
55 80
55 174
55 86
55 99
55 56
55 58
55 60
55 61
55 62
55 63
56 66
56 129
56 144
56 149
56 152
56 161
56 171
56 178
56 190
56 185
56 58
56 60
56 62
57 64
57 193
57 74
57 87
57 68
57 167
57 106
57 110
57 116
57 182
57 186
57 60
57 62
57 127
58 64
58 66
58 132
58 198
58 111
58 95
58 102
58 186
58 59
58 60
58 61
58 62
59 64
59 128
59 66
59 67
59 136
59 74
59 192
59 142
59 145
59 79
59 94
59 168
59 178
59 174
59 120
59 127
59 60
59 63
60 65
60 68
60 121
60 94
60 101
60 165
60 103
60 107
60 174
60 112
60 62
60 191
61 65
61 66
61 78
61 86
61 152
61 186
61 165
61 184
61 62
61 127
62 64
62 65
62 67
62 71
62 119
62 145
62 88
62 160
62 189
62 183
62 179
62 182
62 63
63 64
63 67
63 198
63 199
63 183
63 78
63 146
63 157
63 111
63 126
63 181
64 67
64 68
64 69
64 120
64 147
64 86
64 88
64 106
64 135
64 172
64 178
64 184
65 67
65 70
65 71
65 75
65 146
65 103
65 108
65 115
65 123
66 67
66 69
66 70
66 73
66 76
66 90
66 186
66 169
66 127
67 70
67 71
67 136
67 75
67 77
67 88
67 159
67 102
67 117
68 134
68 71
68 72
68 74
68 76
68 77
68 78
68 120
68 154
68 105
68 127
68 184
69 140
69 75
69 130
69 142
69 90
69 93
69 144
69 101
69 166
69 168
69 109
69 191
70 72
70 73
70 76
70 120
70 148
70 88
70 152
70 158
70 160
70 162
70 164
70 169
70 94
70 184
70 185
71 72
71 75
71 76
71 77
71 79
71 155
71 163
71 106
71 177
71 118
72 194
72 75
72 76
72 79
72 82
72 151
72 143
72 157
72 159
72 163
72 106
72 173
72 118
73 135
73 76
73 79
73 82
73 83
73 143
73 95
73 97
73 102
73 118
73 122
74 75
74 77
74 79
74 80
74 82
74 84
74 157
74 145
74 124
74 112
74 188
75 128
75 76
75 99
75 84
75 150
75 196
75 159
75 131
75 167
75 174
75 119
75 184
76 194
76 78
76 80
76 81
76 82
76 84
76 85
76 130
76 142
76 113
76 117
76 119
77 128
77 81
77 83
77 84
77 86
77 88
77 155
77 164
77 173
77 125
77 113
77 178
77 180
77 189
78 129
78 139
78 82
78 86
78 196
78 112
78 100
78 193
78 124
79 196
79 144
79 81
79 146
79 83
79 84
79 85
79 161
79 102
79 167
79 111
79 185
79 138
80 85
80 87
80 89
80 90
80 93
80 101
80 108
80 184
80 185
80 122
80 190
81 192
81 144
81 147
81 85
81 87
81 88
81 89
81 90
81 158
81 97
81 188
82 83
82 84
82 87
82 88
82 89
82 92
82 101
82 167
82 168
82 105
82 179
82 186
83 198
83 84
83 85
83 86
83 90
83 92
83 172
83 180
84 131
84 85
84 87
84 89
84 91
84 93
84 100
84 168
84 174
85 196
85 150
85 87
85 89
85 91
85 93
85 94
85 95
85 170
85 174
85 187
86 194
86 196
86 133
86 151
86 90
86 96
86 167
86 168
86 174
86 179
87 128
87 132
87 140
87 89
87 92
87 93
87 96
87 113
87 168
87 108
87 114
87 158
87 185
88 155
88 93
88 94
88 95
88 97
88 98
88 91
88 113
88 110
88 177
89 194
89 134
89 152
89 164
89 90
89 91
89 99
89 144
89 172
89 173
89 153
89 148
89 123
89 190
90 156
90 93
90 96
90 97
90 100
90 168
90 144
90 181
90 184
91 194
91 92
91 157
91 96
91 100
91 101
91 105
91 108
91 146
91 176
91 117
92 192
92 164
92 198
92 139
92 143
92 169
92 93
92 97
92 102
92 173
92 157
92 119
92 111
92 189
93 150
93 97
93 99
93 172
93 175
93 177
93 186
93 95
93 191
94 129
94 132
94 144
94 154
94 99
94 174
94 175
94 123
94 182
94 119
95 151
95 157
95 96
95 98
95 102
95 104
95 105
95 154
96 199
96 122
96 149
96 100
96 103
96 106
96 172
96 174
96 186
96 159
96 125
97 192
97 167
97 155
97 185
97 99
97 100
97 101
97 102
97 105
97 106
97 107
97 121
97 191
98 131
98 172
98 102
98 103
98 104
98 106
98 109
98 177
98 122
98 170
99 141
99 151
99 100
99 101
99 103
99 106
99 107
99 109
100 135
100 146
100 147
100 150
100 156
100 154
100 163
100 103
100 105
100 106
100 107
100 109
100 181
100 184
100 170
101 136
101 137
101 166
101 103
101 105
101 107
101 109
101 111
101 115
101 121
101 159
102 198
102 165
102 103
102 104
102 105
102 172
102 111
102 112
102 137
102 187
102 191
103 139
103 145
103 154
103 158
103 104
103 105
103 109
103 111
103 113
103 189
103 190
104 118
104 145
104 147
104 175
104 106
104 111
104 112
104 114
104 183
104 121
104 188
105 197
105 108
105 146
105 110
105 111
106 130
106 158
106 109
106 110
106 112
106 113
106 114
106 116
106 188
107 193
107 163
107 108
107 109
107 114
107 115
107 116
107 117
107 118
107 181
108 193
108 115
108 132
108 176
108 174
108 111
108 112
108 117
108 118
108 124
109 181
109 199
109 147
109 149
109 159
109 133
109 165
109 175
109 119
109 188
109 126
110 182
110 164
110 165
110 111
110 112
110 113
110 116
110 120
111 150
111 176
111 175
111 112
111 113
111 115
111 180
111 117
111 187
111 188
112 185
112 114
112 115
112 116
112 118
112 119
112 120
112 121
112 186
113 163
113 174
113 115
113 116
113 117
113 119
113 120
113 121
113 123
114 192
114 139
114 154
114 157
114 115
114 119
114 120
114 122
114 126
115 129
115 195
115 196
115 182
115 174
115 118
115 120
115 122
115 123
115 125
116 118
116 134
116 190
116 163
116 117
116 120
116 121
116 122
116 123
116 124
116 181
117 158
117 191
117 167
117 118
117 119
117 122
117 123
117 126
118 195
118 139
118 150
118 137
118 166
118 125
118 127
119 128
119 132
119 139
119 142
119 159
119 180
119 121
119 122
119 124
120 133
120 177
120 147
120 170
120 184
120 121
120 123
120 124
120 189
120 126
121 128
121 129
121 140
121 176
121 155
121 171
121 122
121 123
121 127
122 128
122 129
122 131
122 132
122 145
122 156
122 172
122 173
122 175
122 189
122 126
122 127
123 129
123 131
123 133
123 137
123 194
123 149
123 168
123 124
123 125
123 126
124 131
124 132
124 133
124 135
124 159
124 165
124 171
124 189
124 125
124 126
125 132
125 134
125 131
125 182
125 187
125 176
125 177
125 126
125 127
126 128
126 130
126 132
126 133
126 134
126 135
126 136
126 137
127 192
127 129
127 130
127 131
127 132
127 133
127 134
127 135
127 136
127 150
127 162
127 172
127 175
127 178
128 130
128 131
128 133
128 141
128 170
128 180
128 190
128 187
128 188
129 130
129 131
129 166
129 174
130 132
130 193
130 137
130 140
130 161
130 181
130 188
131 136
131 139
131 169
131 171
131 147
132 136
132 138
132 139
132 142
132 148
132 152
132 167
132 170
132 173
132 185
133 134
133 136
133 137
133 140
133 142
133 143
134 149
134 192
134 141
134 142
134 143
134 156
134 197
134 170
134 173
134 177
135 193
135 138
135 139
135 141
135 142
135 144
135 149
135 151
135 166
135 136
135 181
135 182
136 137
136 141
136 142
136 145
136 152
136 197
136 178
136 189
137 149
137 139
137 141
137 142
137 144
137 146
138 139
138 141
138 142
138 143
138 144
138 147
138 148
138 159
138 193
139 143
139 147
139 151
139 157
139 160
139 199
139 175
140 192
140 142
140 143
140 144
140 145
140 146
140 147
140 149
140 196
140 162
140 197
141 142
141 147
141 153
141 170
141 182
141 191
142 143
142 144
142 145
142 148
142 149
142 161
142 178
142 185
143 147
143 151
143 153
143 165
143 198
143 181
144 148
144 152
144 154
144 155
145 192
145 147
145 151
145 153
145 154
145 155
145 187
145 172
145 175
145 183
146 147
146 148
146 151
146 153
146 156
146 169
146 182
146 189
146 191
147 152
147 154
147 155
147 175
148 149
148 150
148 151
148 152
148 171
148 153
149 151
149 152
149 158
149 161
149 163
150 151
150 156
150 158
150 159
150 180
150 184
151 156
151 158
151 160
151 161
151 163
151 168
151 188
152 193
152 155
152 156
152 162
152 189
152 182
153 192
153 156
153 157
153 159
153 160
153 161
153 162
154 194
154 157
154 158
154 159
154 163
154 169
154 183
155 157
155 160
155 162
155 163
155 167
156 193
156 159
156 160
156 163
156 165
156 166
156 177
157 193
157 161
157 163
157 165
157 166
157 167
157 177
157 191
158 198
158 161
158 166
158 168
158 172
159 167
159 168
159 169
160 190
160 161
160 162
160 164
160 167
161 171
161 177
162 194
162 168
162 169
163 164
163 165
163 166
163 168
163 169
163 187
164 165
164 168
164 170
164 171
164 173
164 174
164 176
165 167
165 169
165 170
165 171
165 172
165 174
165 175
165 177
165 186
166 194
166 184
166 188
167 172
167 175
168 172
168 174
168 178
168 189
168 191
169 195
169 170
169 171
169 175
169 178
169 179
170 172
170 181
171 198
171 185
171 172
171 175
171 176
171 177
171 181
172 173
172 175
172 177
172 178
172 182
172 184
173 177
173 178
173 180
173 183
174 196
174 197
174 177
174 176
174 180
175 193
175 194
175 179
175 181
176 195
176 177
176 180
176 182
176 183
176 185
176 191
177 192
177 179
177 184
177 186
178 182
178 183
178 184
178 185
179 181
179 184
180 194
180 184
180 188
181 198
181 182
181 184
181 185
181 187
181 191
182 185
182 187
182 189
183 193
183 186
183 189
183 190
184 187
185 194
185 195
185 186
185 189
185 191
186 192
186 194
186 196
186 188
187 192
187 193
187 195
187 198
187 189
187 188
188 193
188 197
188 198
188 189
189 197
189 198
189 191
190 192
190 191
191 196
191 198
191 199
192 198
192 199
194 195
194 197
195 196
195 197
197 199
198 199
