0 193
0 43
0 65
0 10
0 148
0 86
0 91
0 156
0 5
0 33
0 6
0 92
0 170
0 7
0 112
0 128
0 181
0 185
0 122
0 63
1 194
1 131
1 70
1 65
1 10
1 142
1 81
1 23
1 100
1 6
1 7
1 174
1 179
1 181
1 36
2 194
2 3
2 6
2 136
2 10
2 66
2 13
2 195
2 149
2 93
2 33
2 198
2 170
2 178
2 115
2 52
2 55
3 195
3 4
3 197
3 6
3 8
3 11
3 14
3 13
3 146
3 19
3 30
3 98
3 172
3 45
3 61
3 49
3 50
3 182
3 183
3 121
3 74
4 129
4 196
4 6
4 7
4 8
4 10
4 75
4 12
4 13
4 14
4 82
4 132
4 29
4 101
4 198
4 194
4 44
4 47
4 176
4 185
4 62
5 197
5 7
5 8
5 9
5 10
5 11
5 12
5 77
5 14
5 89
5 6
5 168
5 41
5 199
5 44
5 83
5 61
5 127
6 197
6 10
6 11
6 75
6 139
6 151
6 196
6 28
6 32
6 166
6 107
6 180
6 56
6 186
6 190
7 195
7 8
7 74
7 11
7 140
7 13
7 14
7 17
7 139
7 152
7 25
7 79
7 130
7 186
7 197
7 144
7 97
7 168
7 169
7 170
7 112
7 104
7 117
7 58
8 64
8 74
8 139
8 140
8 17
8 18
8 25
8 89
8 79
8 156
8 80
8 34
8 36
8 70
8 167
8 174
8 113
8 72
8 59
8 189
8 62
9 68
9 134
9 199
9 172
9 74
9 14
9 91
9 162
9 108
9 45
9 175
9 51
9 54
10 12
10 13
10 14
10 16
10 19
10 21
10 89
10 130
10 99
10 104
10 42
10 45
10 48
10 49
10 117
10 57
10 192
10 191
11 73
11 12
11 13
11 142
11 18
11 20
11 21
11 101
11 44
11 119
11 120
11 189
12 134
12 13
12 141
12 14
12 15
12 17
12 19
12 57
12 89
12 143
12 100
12 101
12 46
12 117
12 121
12 87
12 189
12 63
13 128
13 198
13 17
13 18
13 21
13 75
13 97
13 100
13 43
13 178
13 56
13 125
13 127
14 141
14 15
14 16
14 88
14 19
14 20
14 22
14 132
14 94
14 133
14 32
14 163
14 104
14 47
14 50
14 180
14 126
14 124
14 62
15 138
15 17
15 18
15 22
15 24
15 25
15 91
15 30
15 70
15 104
15 71
15 142
15 47
15 50
15 179
15 116
15 53
15 182
15 153
15 124
16 64
16 149
16 80
16 17
16 18
16 83
16 21
16 23
16 26
16 157
16 161
16 166
16 169
16 171
16 82
16 184
16 74
16 146
17 18
17 19
17 84
17 21
17 23
17 24
17 26
17 27
17 95
17 170
17 83
17 120
17 190
18 51
18 130
18 67
18 142
18 146
18 147
18 20
18 23
18 25
18 26
18 28
18 95
18 101
18 81
18 110
18 179
18 180
18 187
19 160
19 20
19 26
19 28
19 29
19 94
19 32
19 99
19 36
19 90
19 40
19 105
19 56
19 84
19 59
19 190
19 191
20 193
20 79
20 22
20 23
20 24
20 27
20 30
20 103
20 113
20 117
20 74
20 190
20 53
21 65
21 71
21 138
21 23
21 24
21 30
21 31
21 32
21 163
21 103
21 173
21 114
21 53
21 183
21 123
21 190
22 147
22 24
22 28
22 29
22 31
22 32
22 97
22 34
22 168
22 146
22 113
22 191
23 69
23 97
23 44
23 140
23 152
23 26
23 31
23 39
23 106
23 172
23 46
23 180
23 119
23 116
23 126
24 129
24 198
24 97
24 160
24 98
24 151
24 152
24 25
24 167
24 168
24 105
24 45
24 111
24 116
24 87
25 196
25 154
25 26
25 28
25 29
25 30
25 32
25 33
25 34
25 167
25 172
25 109
25 51
25 117
25 187
25 190
26 160
26 196
26 134
26 29
26 34
26 35
26 166
26 105
26 173
26 120
26 59
27 96
27 194
27 197
27 100
27 66
27 153
27 154
27 28
27 32
27 33
27 37
27 175
27 51
27 180
27 117
27 61
28 135
28 136
28 90
28 31
28 33
28 34
28 36
28 37
28 40
28 105
28 170
28 111
28 99
28 84
29 129
29 67
29 86
29 88
29 155
29 37
29 32
29 34
29 35
29 36
29 163
29 104
29 110
29 185
30 71
30 138
30 79
30 144
30 97
30 34
30 40
30 199
30 174
30 46
30 111
30 123
30 188
31 195
31 196
31 133
31 80
31 131
31 121
31 101
31 32
31 35
31 37
31 39
31 118
31 183
31 185
32 100
32 198
32 140
32 144
32 34
32 164
32 40
32 43
32 178
32 83
32 116
32 52
32 123
33 128
33 132
33 133
33 199
33 151
33 77
33 154
33 35
33 36
33 41
33 42
33 113
33 114
33 89
33 124
33 61
34 194
34 73
34 36
34 37
34 42
34 43
34 54
34 170
34 127
35 160
35 171
35 196
35 135
35 39
35 42
35 43
35 111
35 116
35 118
35 121
35 123
36 135
36 129
36 138
36 75
36 76
36 78
36 145
36 85
36 185
36 38
36 103
36 40
36 42
36 43
36 176
36 116
36 94
36 121
36 123
37 160
37 172
37 81
37 84
37 174
37 96
37 91
37 100
37 38
37 41
37 110
37 45
37 113
37 59
38 192
38 96
38 130
38 92
38 152
38 161
38 103
38 41
38 106
38 43
38 44
38 109
38 46
38 47
38 48
38 57
38 62
39 197
39 79
39 166
39 41
39 43
39 44
39 45
39 93
39 48
39 49
39 180
39 121
39 189
40 195
40 196
40 139
40 75
40 171
40 44
40 46
40 48
40 49
40 50
40 185
41 72
41 139
41 83
41 151
41 152
41 42
41 43
41 49
41 50
41 51
41 56
41 102
41 127
42 193
42 178
42 71
42 139
42 151
42 88
42 111
42 101
42 43
42 45
42 47
42 48
42 113
42 50
42 54
42 105
42 184
42 74
43 66
43 68
43 71
43 86
43 88
43 156
43 135
43 45
43 46
43 49
43 53
43 189
44 195
44 118
44 70
44 71
44 177
44 162
44 82
44 149
44 196
44 105
44 107
44 45
44 49
44 63
44 125
44 191
45 132
45 154
45 162
45 169
45 111
45 54
45 55
45 184
45 122
45 191
45 60
45 117
46 128
46 68
46 70
46 158
46 100
46 90
46 154
46 95
46 47
46 49
46 51
46 53
46 55
46 121
46 63
46 191
47 133
47 198
47 74
47 80
47 85
47 97
47 163
47 106
47 78
47 176
47 102
47 52
47 54
47 183
47 187
48 192
48 66
48 141
48 78
48 184
48 84
48 86
48 157
48 176
48 51
48 53
48 55
48 56
48 58
48 74
48 181
49 192
49 136
49 88
49 155
49 101
49 50
49 179
49 52
49 53
49 54
49 56
49 180
49 127
50 64
50 137
50 138
50 143
50 188
50 110
50 95
50 96
50 51
50 55
50 57
50 58
50 170
50 127
51 129
51 199
51 72
51 144
51 145
51 83
51 154
51 157
51 158
51 52
51 182
51 55
51 58
51 60
51 191
52 67
52 84
52 149
52 111
52 103
52 114
52 54
52 55
52 56
52 57
52 58
52 59
52 62
53 68
53 81
53 160
53 112
53 164
53 177
53 124
53 109
53 114
53 54
53 55
53 59
53 189
53 63
54 64
54 141
54 190
54 90
54 97
54 162
54 115
54 118
54 55
54 57
54 59
54 60
54 62
55 64
55 65
55 123
55 128
55 141
55 59
55 167
55 56
55 57
55 58
55 187
55 60
56 133
56 71
56 153
56 160
56 97
56 104
56 60
56 61
56 190
57 64
57 65
57 67
57 72
57 138
57 75
57 111
57 157
57 94
57 99
57 117
57 58
57 59
57 60
57 61
58 65
58 66
58 181
58 130
58 143
58 82
58 131
58 129
58 107
58 174
58 190
58 62
58 63
59 65
59 66
59 68
59 119
59 78
59 121
59 196
59 161
59 165
59 103
59 114
59 110
59 61
59 63
60 64
60 66
60 67
60 69
60 138
60 80
60 146
60 179
60 182
60 103
60 61
61 66
61 67
61 71
61 73
61 74
61 78
61 79
61 120
61 151
61 153
61 145
61 191
62 64
62 65
62 66
62 68
62 71
62 72
62 119
62 82
62 86
62 196
62 182
62 133
62 101
62 102
63 65
63 66
63 67
63 69
63 73
63 141
63 80
63 185
63 91
63 118
63 182
63 176
63 120
64 65
64 66
64 67
64 68
64 70
64 72
64 74
64 149
64 150
64 154
64 96
64 162
64 167
64 171
65 69
65 71
65 73
65 74
65 75
65 192
65 120
65 147
65 150
65 87
65 81
65 110
65 190
66 67
66 68
66 69
66 75
66 76
66 142
66 89
66 138
67 192
67 195
67 68
67 182
67 70
67 72
67 74
67 75
67 144
67 124
67 169
67 108
67 176
67 138
68 134
68 71
68 73
68 119
68 77
68 78
68 87
68 101
68 165
68 70
68 168
68 172
68 173
68 112
68 120
68 191
69 70
69 72
69 76
69 77
69 78
69 154
69 92
69 96
69 103
69 168
69 188
69 125
69 116
69 184
69 190
70 73
70 79
70 80
70 84
70 153
70 143
70 157
70 96
70 102
70 118
70 120
71 171
71 193
71 73
71 74
71 75
71 79
71 139
71 160
71 155
71 115
71 180
71 121
72 136
72 128
72 76
72 79
72 81
72 143
73 74
73 77
73 80
73 81
73 84
73 152
73 100
73 198
73 106
73 175
73 117
73 119
73 134
74 75
74 76
74 194
74 78
74 80
74 144
74 84
74 85
74 150
74 87
74 159
74 106
74 171
74 180
74 148
75 128
75 77
75 85
75 87
75 110
75 113
75 123
76 139
76 81
76 82
76 84
76 85
76 86
76 156
76 150
76 96
76 99
76 170
76 188
76 127
77 80
77 81
77 83
77 86
77 132
77 133
77 197
77 99
77 172
77 177
77 188
77 149
78 79
78 80
78 85
78 86
78 87
78 89
78 159
78 160
78 135
78 184
78 148
78 151
79 132
79 145
79 86
79 87
79 88
79 91
79 96
79 174
79 94
79 136
80 140
80 84
80 86
80 87
80 88
80 90
80 93
80 98
80 164
80 102
80 118
81 192
81 130
81 85
81 89
81 157
81 160
81 135
81 137
82 175
82 141
82 83
82 88
82 90
82 95
82 168
82 106
82 172
82 114
82 123
83 136
83 138
83 141
83 99
83 86
83 90
83 91
83 93
83 98
83 163
83 175
83 137
84 198
84 156
84 151
84 93
84 94
84 96
84 167
84 174
84 116
84 190
85 131
85 149
85 86
85 89
85 91
85 94
85 98
85 176
85 115
85 123
86 107
86 132
86 135
86 138
86 111
86 153
86 90
86 91
86 92
86 95
86 97
86 184
87 196
87 143
87 91
87 96
87 97
87 98
87 174
87 122
88 130
88 137
88 141
88 89
88 90
88 91
88 96
88 146
88 93
88 186
89 138
89 90
89 91
89 92
89 94
89 96
89 181
89 183
90 130
90 91
90 92
90 94
90 96
90 99
90 100
90 114
91 100
91 101
91 105
91 110
91 179
91 120
91 188
92 129
92 194
92 130
92 156
92 93
92 94
92 197
92 99
92 102
92 108
92 111
92 148
92 191
93 150
93 154
93 94
93 96
93 100
93 101
93 102
93 103
93 167
93 175
93 123
93 190
94 192
94 95
94 96
94 161
94 156
94 176
94 115
94 120
95 132
95 199
95 177
95 96
95 98
95 164
95 103
95 168
95 158
95 122
96 196
96 137
96 100
96 101
96 108
96 124
97 141
97 144
97 184
97 98
97 102
97 103
97 105
97 106
97 107
97 177
98 130
98 136
98 139
98 101
98 103
98 104
98 107
98 109
98 116
98 188
98 170
98 126
99 128
99 131
99 158
99 100
99 103
99 105
99 118
99 186
100 192
100 134
100 104
100 106
100 124
100 127
101 160
101 171
101 139
101 147
101 161
101 107
101 109
101 110
101 113
102 145
102 156
102 168
102 105
102 106
102 108
102 109
102 110
102 177
102 185
103 196
103 146
103 152
103 109
103 112
103 113
103 149
104 138
104 139
104 143
104 108
104 176
104 186
104 126
105 128
105 199
105 109
105 110
105 112
105 113
105 188
105 126
106 160
106 132
106 136
106 152
106 169
106 107
106 112
106 113
106 126
106 191
107 198
107 151
107 168
107 111
107 112
107 113
107 115
107 118
108 137
108 147
108 109
108 111
108 113
108 114
108 116
108 120
108 190
109 128
109 136
109 169
109 110
109 113
109 114
109 115
109 117
109 125
110 195
110 197
110 199
110 184
110 151
110 161
110 114
110 117
110 120
110 126
111 132
111 134
111 172
111 159
111 165
111 162
111 113
111 121
111 124
111 126
112 193
112 134
112 137
112 192
112 142
112 145
112 186
112 161
112 113
112 115
112 117
112 168
112 181
113 171
113 138
113 145
113 165
113 174
113 117
113 119
113 125
114 172
114 181
114 137
114 152
114 159
114 115
114 117
114 121
114 122
114 124
114 126
115 192
115 152
115 117
115 118
115 120
115 121
115 124
115 125
116 193
116 173
116 146
116 167
116 117
116 121
116 122
116 123
116 124
117 146
117 166
117 118
117 119
117 121
117 186
117 124
117 126
118 128
118 129
118 179
118 140
118 163
118 165
118 178
118 120
118 122
118 127
119 132
119 133
119 135
119 144
119 120
119 122
119 124
120 130
120 132
120 197
120 189
120 165
120 135
120 191
120 121
120 122
120 125
120 126
121 128
121 129
121 184
121 164
121 193
121 124
121 125
121 126
121 127
122 128
122 139
122 150
122 158
122 162
122 183
122 190
122 123
122 125
122 126
122 127
123 128
123 163
123 186
123 175
123 176
123 183
123 149
124 192
124 130
124 133
124 138
124 140
124 170
125 128
125 131
125 132
125 134
125 135
125 139
125 150
125 197
125 168
125 126
125 127
126 129
126 131
126 138
126 143
126 195
126 186
126 157
127 130
127 131
127 133
127 136
127 137
127 157
128 133
128 134
128 136
128 137
128 186
128 167
128 199
128 172
129 130
129 132
129 133
129 135
129 142
129 143
129 182
129 172
129 173
130 192
130 131
130 196
130 137
130 138
130 140
130 142
130 150
131 193
131 134
131 136
131 137
131 138
131 140
131 182
132 133
132 199
132 139
132 141
132 142
132 143
132 196
132 193
133 134
133 137
133 139
133 140
133 142
133 152
133 155
133 168
133 184
134 135
134 137
134 139
134 141
134 142
134 143
134 154
134 159
134 165
134 181
135 136
135 143
135 148
135 163
135 198
135 172
135 184
136 137
136 141
136 143
136 144
136 146
136 148
136 156
136 182
136 188
137 140
137 194
137 145
137 147
137 149
137 166
138 142
138 143
138 146
138 164
138 182
139 142
139 143
139 144
139 148
139 154
140 199
140 142
140 146
140 147
140 148
140 150
140 188
140 191
141 143
141 149
141 166
141 181
141 191
141 188
142 144
142 147
142 148
142 151
142 152
142 155
142 176
142 185
143 195
143 145
143 152
143 153
143 158
143 162
143 177
143 190
143 191
144 145
144 146
144 147
144 151
145 147
145 164
145 154
145 155
145 163
145 167
145 169
145 177
145 186
145 190
146 147
146 149
146 155
146 156
146 174
146 184
147 199
147 149
147 151
147 154
147 162
147 164
147 169
147 178
147 183
147 191
148 195
148 150
148 151
148 152
148 154
148 156
148 157
148 158
148 189
149 194
149 197
149 150
149 155
149 159
149 171
149 173
150 151
150 153
150 158
150 160
150 183
151 192
151 152
151 154
151 158
151 160
151 173
152 154
152 156
152 159
152 162
152 171
152 182
153 193
153 156
153 157
153 159
153 161
153 162
153 163
153 171
153 186
154 194
154 155
154 167
155 156
155 158
155 163
155 164
155 165
155 157
156 194
156 157
156 158
156 160
156 165
156 166
156 186
156 188
156 190
157 159
157 161
157 163
157 165
157 166
157 167
157 176
157 177
157 186
158 199
158 159
158 160
158 165
158 170
158 175
158 190
159 160
159 164
159 165
159 168
159 169
159 183
160 179
160 199
160 161
160 163
160 164
160 166
160 167
160 168
160 174
160 185
160 189
161 194
161 199
161 162
161 163
161 164
161 166
161 167
161 179
161 180
162 166
162 167
162 168
162 169
162 170
162 172
162 174
162 179
162 187
163 198
163 164
163 165
163 167
163 168
163 173
164 198
164 165
164 166
164 167
164 169
164 170
164 174
165 199
165 168
165 169
165 174
165 175
165 178
166 167
166 170
166 171
166 174
166 175
166 176
167 168
167 170
167 171
167 172
167 176
167 180
168 170
168 171
168 174
168 175
168 177
168 189
168 197
169 172
169 173
169 175
170 173
170 176
170 179
170 184
170 187
171 197
171 173
171 174
171 180
171 181
171 185
172 195
172 173
172 174
172 177
172 178
172 181
173 196
173 174
173 175
173 176
173 177
173 178
173 179
173 180
173 183
173 186
173 191
174 175
174 178
174 179
174 181
174 182
175 193
175 176
175 179
175 182
175 185
176 181
176 182
176 183
177 179
177 181
177 185
177 186
177 191
178 196
178 179
178 182
178 184
178 185
178 186
178 190
179 180
179 187
179 189
180 181
180 186
180 189
180 190
181 195
181 183
181 187
181 188
181 191
182 192
182 185
182 186
182 189
183 184
183 185
183 187
183 189
184 192
184 193
184 185
184 190
185 193
185 186
186 192
186 193
186 195
187 192
187 195
187 196
187 188
187 191
188 197
188 189
188 190
189 190
190 194
190 195
190 198
191 198
191 199
192 194
192 195
192 198
192 199
193 194
193 195
193 196
194 198
194 199
195 196
195 199
197 198
198 199
