0 39
0 58
0 55
0 29
1 66
1 197
1 71
1 78
1 15
1 16
1 83
1 20
1 14
1 92
1 157
1 158
1 31
1 99
1 28
1 172
1 111
1 19
2 72
2 121
2 11
2 13
3 72
3 9
3 138
3 142
3 82
3 86
3 89
3 34
3 164
3 146
3 41
3 42
3 18
3 61
3 178
3 54
3 121
3 188
3 106
5 68
5 7
5 8
5 144
5 24
5 153
5 103
5 156
5 32
5 161
5 167
5 168
5 43
5 109
5 175
5 50
5 54
5 183
5 61
5 191
6 120
6 97
6 60
7 66
7 8
7 172
7 11
7 13
7 78
7 15
7 19
7 14
7 87
7 90
7 92
7 157
7 30
7 162
7 99
7 102
7 108
7 46
7 49
7 83
7 158
7 182
7 183
7 56
7 62
7 181
8 129
8 9
8 11
8 13
8 14
8 15
8 19
8 21
8 157
8 30
8 31
8 160
8 33
8 162
8 165
8 177
8 168
8 44
8 176
8 49
8 172
8 158
8 54
8 183
8 56
8 186
8 188
8 190
8 181
8 194
8 67
8 68
8 198
8 161
8 74
8 83
8 139
8 86
8 87
8 94
8 99
8 100
8 102
8 104
8 108
8 116
8 118
8 125
8 126
8 149
9 138
9 11
9 13
9 14
9 15
9 16
9 19
9 24
9 27
9 28
9 157
9 30
9 31
9 34
9 37
9 42
9 172
9 46
9 49
9 180
9 158
9 182
9 56
9 186
9 159
9 62
9 181
9 66
9 197
9 70
9 76
9 78
9 83
9 142
9 87
9 90
9 96
9 144
9 99
9 102
9 105
9 108
9 112
9 187
9 121
11 144
11 18
11 21
11 22
11 24
11 153
11 155
11 156
11 160
11 33
11 34
11 165
11 167
11 41
11 44
11 45
11 175
11 48
11 177
11 50
11 183
11 57
11 191
11 32
11 67
11 68
11 72
11 74
11 80
11 82
11 88
11 94
11 103
11 104
11 106
11 107
11 146
11 110
11 112
11 118
11 149
12 121
13 131
13 45
13 18
13 150
13 155
13 156
13 30
13 160
13 161
13 34
13 162
13 146
13 167
13 168
13 43
13 44
13 173
13 175
13 177
13 50
13 183
13 57
13 65
13 68
13 74
13 77
13 86
13 88
13 91
13 100
13 103
13 104
13 106
13 107
13 109
13 112
13 123
13 125
14 149
14 133
14 194
14 142
14 143
14 144
14 20
14 21
14 24
14 153
14 26
14 156
14 150
14 32
14 34
14 163
14 167
14 129
14 41
14 42
14 44
14 45
14 175
14 48
14 177
14 50
14 52
14 137
14 185
14 168
14 188
14 191
14 65
14 66
14 68
14 197
14 74
14 75
14 80
14 82
14 88
14 100
14 103
14 104
14 107
14 109
14 111
14 112
14 113
14 183
14 118
14 160
14 123
14 125
14 127
15 141
15 142
15 143
15 24
15 26
15 156
15 31
15 33
15 164
15 37
15 167
15 41
15 42
15 135
15 50
15 175
15 178
15 182
15 186
15 188
15 61
15 194
15 196
15 54
15 78
15 82
15 86
15 88
15 89
15 90
15 94
15 103
15 169
15 124
16 96
16 194
16 195
16 196
16 197
16 188
16 135
16 141
16 51
16 180
16 86
16 105
16 88
16 187
16 28
16 61
16 94
16 159
17 193
17 154
17 115
17 132
18 162
18 121
18 138
18 30
19 171
19 196
19 141
19 143
19 144
19 22
19 153
19 26
19 156
19 33
19 34
19 164
19 167
19 168
19 41
19 135
19 178
19 175
19 48
19 50
19 54
19 183
19 188
19 65
19 194
19 68
19 161
19 86
19 199
19 88
19 89
19 92
19 94
19 99
19 103
19 107
19 108
19 110
19 112
19 169
19 124
20 102
20 158
20 139
20 46
20 49
20 83
20 157
20 62
21 172
21 161
21 68
21 168
21 78
21 46
21 49
21 83
21 87
21 56
21 186
21 31
21 157
21 158
22 135
22 138
22 141
22 142
22 151
22 157
22 158
22 31
22 33
22 37
22 48
22 41
22 42
22 172
22 46
22 176
22 49
22 181
22 182
22 56
22 186
22 62
22 196
22 54
22 78
22 83
22 86
22 87
22 90
22 92
22 94
22 99
22 102
22 108
22 110
22 116
22 190
22 121
22 126
23 75
23 69
23 137
23 139
23 78
23 90
23 28
23 93
23 31
23 197
23 102
23 49
23 157
23 176
23 113
23 51
23 62
23 182
23 186
23 126
23 127
24 66
24 139
24 198
24 194
24 190
24 162
24 78
24 86
24 87
24 90
24 157
24 182
24 176
24 34
24 37
24 102
24 172
24 112
24 49
24 116
24 181
24 54
24 56
24 188
24 62
25 128
25 39
25 58
25 55
25 29
25 79
26 172
26 142
26 90
26 92
26 157
26 158
26 31
26 33
26 37
26 42
26 108
26 46
26 181
26 182
26 121
26 186
26 62
27 194
27 196
27 54
27 70
27 135
27 138
27 76
27 141
27 86
27 88
27 121
27 188
27 61
27 94
28 182
28 181
28 139
28 141
28 190
28 86
28 88
28 93
28 197
28 33
28 163
28 198
28 102
28 113
28 172
28 157
28 176
28 126
28 188
28 61
28 62
29 128
29 36
29 85
29 134
29 119
29 145
29 170
29 101
30 77
30 141
30 150
30 153
30 91
30 32
30 34
30 103
30 43
30 175
30 112
30 183
30 57
30 123
30 191
31 196
31 141
31 144
31 153
31 32
31 33
31 168
31 42
31 135
31 44
31 45
31 52
31 137
31 191
31 68
31 161
31 74
31 160
31 82
31 88
31 89
31 93
31 94
31 100
31 104
31 107
31 110
31 112
31 113
31 169
31 125
31 127
32 139
32 198
32 172
32 78
32 190
32 87
32 162
32 99
32 102
32 108
32 49
32 116
32 181
32 182
32 56
32 186
32 126
32 191
33 135
33 138
33 141
33 151
33 158
33 164
33 37
33 169
33 171
33 172
33 46
33 48
33 49
33 178
33 51
33 181
33 186
33 190
33 66
33 196
33 197
33 70
33 199
33 78
33 82
33 83
33 88
33 89
33 90
33 143
33 92
33 94
33 99
33 102
33 108
33 110
33 121
33 124
34 66
34 70
34 138
34 78
34 92
34 157
34 162
34 99
34 37
34 108
34 46
34 112
34 172
34 182
34 56
34 121
34 62
35 73
36 128
36 189
36 53
36 38
36 58
36 174
36 79
37 171
37 151
37 141
37 144
37 153
37 163
37 164
37 165
37 167
37 41
37 48
37 50
37 51
37 52
37 137
37 191
37 65
37 66
37 67
37 199
37 74
37 75
37 80
37 82
37 88
37 89
37 143
37 93
37 107
37 109
37 111
37 112
37 113
37 169
37 122
37 124
37 127
38 136
38 53
38 40
38 55
39 101
39 145
39 170
39 174
39 79
39 81
39 179
39 85
39 119
39 189
39 134
40 179
40 189
40 174
41 138
41 144
41 151
41 157
41 158
41 164
41 169
41 42
41 171
41 172
41 46
41 48
41 49
41 178
41 54
41 186
41 62
41 198
41 66
41 182
41 70
41 78
41 82
41 83
41 142
41 89
41 90
41 143
41 99
41 108
41 110
41 116
42 194
42 70
42 138
42 76
42 78
42 82
42 83
42 89
42 143
42 92
42 157
42 158
42 164
42 142
42 171
42 108
42 48
42 49
42 178
42 172
42 54
42 169
42 121
42 186
42 188
42 61
43 139
43 78
43 83
43 87
43 92
43 162
43 99
43 102
43 176
43 62
43 182
43 56
44 65
44 107
44 158
44 74
44 83
44 186
44 157
44 62
45 172
45 46
45 49
45 83
45 186
45 157
45 158
46 129
46 144
46 161
46 164
46 168
46 171
46 178
46 183
46 61
46 194
46 68
46 71
46 74
46 80
46 82
46 83
46 199
46 88
46 89
46 94
46 100
46 104
46 112
46 118
46 124
47 120
47 148
48 172
48 190
48 141
48 78
48 143
48 82
48 88
48 89
48 92
48 90
48 94
48 164
48 102
48 171
48 108
48 142
48 157
48 176
48 49
48 178
48 116
48 126
48 182
48 169
48 124
48 62
48 181
49 133
49 151
49 141
49 142
49 143
49 153
49 156
49 150
49 163
49 167
49 135
49 172
49 175
49 50
49 52
49 54
49 183
49 185
49 191
49 66
49 196
49 69
49 71
49 74
49 75
49 78
49 82
49 86
49 199
49 88
49 89
49 90
49 94
49 100
49 103
49 104
49 107
49 109
49 110
49 112
49 113
49 169
49 122
49 123
49 124
49 125
50 66
50 139
50 190
50 157
50 99
50 172
50 176
50 83
50 181
50 182
50 126
50 62
51 181
51 185
51 196
51 133
51 198
51 135
51 137
51 139
51 141
51 78
51 190
51 88
51 90
51 93
51 94
51 96
51 102
51 111
51 176
51 113
51 52
51 62
51 182
51 116
51 126
51 127
52 69
52 139
52 78
52 190
52 90
52 122
52 197
52 102
52 172
52 176
52 116
52 181
52 182
52 62
52 186
52 126
53 128
53 101
53 145
53 170
53 174
53 79
53 81
53 179
53 85
53 119
53 189
53 134
54 66
54 86
54 142
54 144
54 92
54 197
54 99
54 108
54 105
55 128
55 101
55 145
55 174
55 79
55 179
55 85
55 119
55 58
55 134
56 194
56 68
56 144
56 150
56 87
56 153
56 161
56 100
56 168
56 109
56 104
56 183
56 123
56 188
56 61
56 191
57 162
57 70
57 121
57 138
57 76
58 128
58 101
58 145
58 170
58 119
58 79
58 81
58 179
58 85
59 81
59 179
60 120
61 66
61 70
61 138
61 76
61 78
61 87
61 69
61 144
61 142
61 92
61 112
61 83
61 180
61 187
61 105
61 121
61 122
62 129
62 171
62 150
62 151
62 144
62 149
62 153
62 156
62 197
62 163
62 164
62 167
62 178
62 137
62 66
62 67
62 69
62 71
62 78
62 80
62 82
62 86
62 89
62 93
62 199
62 109
62 110
62 111
62 112
62 169
62 122
62 123
62 124
64 85
65 129
65 108
65 83
65 149
65 90
65 92
65 157
65 99
65 172
65 118
65 186
66 194
66 196
66 86
66 139
66 141
66 144
66 88
66 167
66 78
66 90
66 182
66 157
66 94
66 102
66 172
66 175
66 112
66 126
66 183
66 176
66 186
66 188
67 176
67 74
67 107
67 139
67 126
67 182
67 90
67 181
68 83
68 99
68 100
68 104
68 92
68 157
68 158
69 194
69 163
69 113
69 172
69 190
69 181
69 88
69 116
69 111
69 188
69 127
70 86
70 72
70 76
70 140
70 142
70 143
70 98
70 152
70 82
70 131
70 84
70 88
70 89
70 94
70 155
70 146
70 173
70 112
70 147
70 106
70 184
71 102
71 158
71 139
71 126
71 176
71 83
71 78
71 157
72 155
72 121
73 95
74 129
74 80
74 78
74 83
74 149
74 90
74 157
74 158
74 165
74 172
74 182
74 186
75 163
75 102
75 122
75 139
75 172
75 93
75 176
75 78
75 182
75 90
75 181
76 131
76 199
76 138
76 77
76 142
76 143
76 82
76 86
76 89
76 91
76 164
76 169
76 171
76 173
76 112
76 178
76 124
77 121
77 138
78 133
78 139
78 141
78 142
78 144
78 150
78 163
78 164
78 172
78 178
78 181
78 137
78 176
78 151
78 191
78 196
78 198
78 82
78 88
78 89
78 90
78 143
78 135
78 93
78 94
78 100
78 102
78 104
78 107
78 109
78 110
78 113
78 116
78 190
78 122
78 123
78 124
78 183
78 126
78 127
79 145
79 119
79 101
79 170
79 85
80 107
80 102
80 158
80 126
80 176
80 83
80 139
80 157
81 136
81 166
82 198
82 196
82 135
82 138
82 139
82 151
82 88
82 90
82 92
82 157
82 94
82 158
82 102
82 142
82 176
82 108
82 110
82 116
82 126
82 182
82 121
82 186
82 190
82 181
83 178
83 129
83 141
83 142
83 143
83 144
83 151
83 196
83 156
83 158
83 160
83 164
83 167
83 168
83 175
83 177
83 183
83 188
83 194
83 199
83 88
83 135
83 94
83 100
83 103
83 104
83 161
83 171
83 107
83 109
83 110
83 112
83 118
83 169
83 123
83 124
83 125
84 138
85 128
86 197
86 138
86 92
86 159
86 96
86 144
86 99
86 198
86 108
86 116
86 181
86 105
86 121
86 187
86 190
87 194
87 144
87 183
87 153
87 188
88 138
88 143
88 151
88 157
88 158
88 197
88 164
88 169
88 171
88 172
88 180
88 181
88 182
88 186
88 187
88 190
88 198
88 195
88 196
88 199
88 141
88 89
88 90
88 92
88 94
88 144
88 99
88 105
88 108
88 110
88 116
88 121
88 124
89 135
89 172
89 138
89 139
89 141
89 90
89 92
89 157
89 94
89 142
89 176
89 108
89 121
89 186
90 129
90 171
90 133
90 141
90 144
90 149
90 153
90 150
90 172
90 182
90 137
90 191
90 196
90 197
90 143
90 94
90 165
90 107
90 109
90 110
90 112
90 113
90 118
90 123
90 183
91 121
91 162
92 171
92 142
92 144
92 151
92 153
92 164
92 168
92 183
92 188
92 191
92 161
92 199
92 94
92 99
92 110
92 112
92 124
93 186
93 198
93 139
93 157
93 197
93 163
93 102
93 176
93 113
93 116
93 182
93 185
93 122
93 126
93 127
94 138
94 139
94 151
94 158
94 172
94 181
94 186
94 159
94 190
94 144
94 99
94 102
94 108
94 110
94 121
94 126
96 194
96 196
96 135
96 141
96 188
97 120
98 152
98 121
98 138
99 171
99 141
99 143
99 144
99 151
99 153
99 156
99 161
99 167
99 168
99 175
99 183
99 188
99 191
99 194
99 199
99 103
99 107
99 108
99 109
99 110
99 112
99 169
99 123
99 124
100 161
100 172
100 104
100 186
100 157
100 158
101 128
102 129
102 133
102 139
102 141
102 143
102 144
102 153
102 150
102 163
102 164
102 169
102 175
102 178
102 137
102 191
102 196
102 197
102 199
102 176
102 135
102 103
102 109
102 112
102 113
102 118
102 123
102 183
102 126
103 181
103 139
103 162
103 190
103 176
103 157
103 126
104 161
104 172
104 168
104 157
104 158
105 195
105 196
105 135
105 180
105 187
105 188
106 121
106 138
107 172
107 157
107 186
107 182
107 118
108 171
108 151
108 141
108 112
108 144
108 142
108 150
108 161
108 168
108 135
108 109
108 110
108 183
108 153
108 123
108 191
109 198
109 172
109 139
109 190
109 157
109 162
109 176
109 182
109 126
109 181
110 196
110 135
110 172
110 141
110 144
110 142
110 151
110 186
111 157
111 122
112 172
112 198
112 139
112 162
112 194
112 138
112 190
112 157
112 176
112 116
112 126
112 182
112 121
112 186
112 188
112 181
113 186
113 198
113 137
113 139
113 190
113 157
113 197
113 163
113 172
113 176
113 116
113 181
113 182
113 122
113 126
116 141
116 143
116 150
116 153
116 133
116 197
116 164
116 156
116 135
116 178
116 175
116 181
116 137
116 185
116 190
116 191
116 196
116 199
116 183
116 122
116 123
116 124
117 120
118 129
118 126
118 176
118 157
118 158
118 149
119 128
120 130
121 196
121 135
121 143
121 141
121 152
121 131
121 199
121 144
121 169
121 171
121 173
121 124
122 133
122 198
122 137
122 172
122 181
122 182
122 185
122 188
122 127
123 172
123 190
123 157
123 162
123 176
123 126
124 198
124 199
124 158
124 142
124 172
124 181
124 182
124 186
124 190
125 160
125 177
125 172
125 186
125 157
126 129
126 133
126 144
126 149
126 153
126 150
126 163
126 165
126 167
126 156
126 191
126 197
126 127
127 137
127 139
127 197
127 163
127 157
127 176
127 181
129 158
129 157
132 154
133 198
133 137
133 139
133 172
133 190
133 157
133 181
135 138
135 151
135 172
135 180
135 181
135 186
135 187
135 190
135 195
135 196
135 198
135 159
135 144
136 174
136 189
137 186
137 198
137 139
137 190
137 157
137 163
137 181
137 182
137 185
138 194
138 196
138 142
138 141
138 152
138 144
138 164
138 146
138 173
138 178
138 147
138 169
138 184
138 143
138 188
139 167
139 197
139 163
139 165
139 153
139 185
139 191
141 151
141 162
141 172
141 180
141 158
141 182
141 186
141 159
141 190
141 181
141 195
141 197
141 198
141 144
142 199
142 144
142 151
142 143
142 188
142 171
142 157
142 172
142 169
142 186
143 172
143 181
143 182
143 186
143 190
144 151
144 158
144 176
144 182
144 186
144 188
144 196
149 176
149 157
150 162
150 198
150 172
150 190
150 176
150 157
150 181
151 196
151 172
151 182
151 186
153 198
153 172
153 190
153 157
153 182
153 181
156 198
156 157
156 167
156 172
156 181
157 160
157 161
157 163
157 167
157 171
157 175
157 177
157 168
157 188
157 197
158 194
158 171
158 183
158 161
158 199
158 164
158 178
158 169
158 168
159 194
159 196
159 188
160 177
160 186
161 186
162 183
162 173
162 175
162 191
163 197
163 176
163 182
164 172
164 178
164 181
164 182
164 190
165 198
165 190
165 176
165 181
165 182
166 179
167 172
167 176
167 182
168 186
169 172
169 182
169 186
171 172
171 182
172 183
172 185
172 196
172 199
172 178
175 198
175 190
175 181
176 197
176 191
176 185
177 186
178 198
178 181
178 182
178 186
178 190
180 196
181 197
181 185
181 190
181 191
181 198
181 199
181 183
182 191
182 197
182 199
183 198
183 186
185 190
186 199
186 196
187 196
188 197
190 191
190 196
190 198
190 199
191 198
194 195
194 197
195 196
196 198
197 198
198 199
