0 193
0 2
0 67
0 4
0 7
0 8
0 10
0 13
0 173
0 80
0 89
0 44
0 45
0 46
0 175
0 178
0 52
0 117
0 60
0 191
1 83
1 35
1 36
1 134
1 6
1 75
1 108
1 194
1 110
1 79
1 19
1 182
1 185
1 163
1 31
2 65
2 43
2 68
2 8
2 10
2 107
2 45
2 177
2 152
2 188
3 97
3 66
3 131
3 134
3 172
3 162
3 120
3 18
3 24
3 95
3 53
4 198
4 34
4 5
4 38
4 14
4 93
4 148
4 23
4 152
4 153
4 123
4 29
4 190
5 135
5 138
5 143
5 144
5 19
5 20
5 21
5 151
5 132
5 27
5 32
5 44
5 46
5 176
5 49
5 179
5 181
5 56
5 63
5 64
5 194
5 69
5 75
5 77
5 78
5 80
5 81
5 82
5 83
5 88
5 92
5 94
5 103
5 112
5 113
5 114
5 191
6 22
6 8
6 138
6 11
6 12
6 16
6 150
6 151
6 152
6 153
6 26
6 160
6 33
6 34
6 166
6 169
6 42
6 172
6 47
6 181
6 54
6 186
6 61
6 62
6 192
6 72
6 74
6 77
6 190
6 85
6 90
6 92
6 94
6 102
6 105
6 189
6 112
6 115
6 117
6 119
6 120
6 121
6 125
6 127
7 83
7 35
7 36
7 163
7 199
7 79
7 182
7 87
7 152
7 164
7 111
7 185
7 31
8 65
8 107
8 10
8 14
8 15
8 152
8 18
8 19
8 87
8 24
8 164
8 35
8 36
8 134
8 45
8 116
8 117
8 182
8 126
9 134
9 72
9 140
9 79
9 18
9 163
9 24
9 90
9 95
9 97
9 35
9 36
9 37
9 167
9 110
9 111
9 55
9 31
9 125
10 22
10 107
10 34
10 47
10 54
10 153
10 190
11 129
11 130
11 131
11 135
11 16
11 17
11 147
11 148
11 27
11 158
11 32
11 38
11 43
11 44
11 174
11 51
11 58
11 189
11 71
11 81
11 88
11 96
11 99
11 106
11 116
11 118
11 123
12 96
12 65
12 118
12 188
12 155
12 124
13 194
13 36
13 134
13 104
13 75
13 108
13 152
13 83
13 24
13 164
13 30
14 129
14 164
14 199
14 23
14 79
14 80
14 87
14 25
14 30
14 31
14 163
14 36
14 110
15 68
15 75
15 18
15 152
15 155
15 30
15 95
15 96
15 188
15 108
15 180
15 118
15 124
16 181
16 195
16 158
16 172
16 77
16 63
16 115
16 17
16 75
16 150
16 91
16 30
16 99
16 41
16 108
16 94
16 105
16 120
16 121
16 189
16 21
17 192
17 51
17 196
17 49
17 71
17 73
17 74
17 76
17 144
17 150
17 156
17 159
17 101
17 103
17 40
17 41
17 172
17 176
17 113
17 114
17 115
17 137
17 122
17 59
18 128
18 129
18 132
18 142
18 20
18 25
18 153
18 154
18 27
18 157
18 161
18 34
18 39
18 168
18 169
18 170
18 47
18 179
18 184
18 59
18 60
18 61
18 64
18 193
18 67
18 70
18 92
18 104
18 105
18 117
18 120
19 128
19 139
19 142
19 22
19 23
19 25
19 175
19 29
19 133
19 161
19 129
19 169
19 42
19 44
19 47
19 52
19 54
19 184
19 186
19 60
19 61
19 190
19 67
19 198
19 78
19 88
19 100
19 102
19 104
19 157
19 153
19 170
19 127
20 160
20 198
20 148
20 121
20 28
20 93
20 94
20 69
20 133
20 102
20 166
20 146
20 112
20 179
20 57
20 186
20 151
20 61
21 130
21 136
21 140
21 141
21 146
21 148
21 153
21 154
21 155
21 28
21 157
21 133
21 161
21 180
21 37
21 38
21 167
21 40
21 44
21 47
21 48
21 52
21 54
21 55
21 57
21 186
21 159
21 188
21 61
21 190
21 64
21 68
21 183
21 76
21 162
21 93
21 95
21 96
21 97
21 101
21 102
21 105
21 120
21 122
21 123
21 124
21 126
21 165
22 132
22 155
22 135
22 136
22 141
22 143
22 23
22 25
22 154
22 27
22 29
22 30
22 32
22 35
22 164
22 38
22 43
22 44
22 45
22 174
22 48
22 177
22 179
22 52
22 182
22 183
22 57
22 58
22 138
22 64
22 65
22 194
22 68
22 75
22 78
22 81
22 82
22 83
22 84
22 88
22 92
22 96
22 106
22 147
22 118
22 124
22 126
23 100
23 75
23 150
23 134
23 129
23 77
23 79
23 80
23 24
23 25
23 27
23 182
23 34
23 36
23 102
23 42
23 108
23 47
23 54
23 186
23 61
23 195
24 128
24 193
24 142
24 67
24 25
24 134
24 104
24 105
24 168
24 190
24 120
24 59
24 60
24 153
25 129
25 194
25 134
25 138
25 75
25 80
25 82
25 153
25 143
25 92
25 30
25 31
25 34
25 35
25 36
25 163
25 108
25 46
25 114
25 83
25 182
25 87
25 190
26 97
26 53
26 167
26 140
26 95
27 129
27 137
27 139
27 140
27 144
27 195
27 148
27 28
27 150
27 162
27 164
27 37
27 38
27 167
27 41
27 42
27 45
27 49
27 158
27 54
27 55
27 186
27 188
27 192
27 65
27 68
27 198
27 74
27 87
27 93
27 165
27 102
27 103
27 146
27 112
27 113
27 114
27 115
27 123
28 195
28 132
28 133
28 156
28 137
28 74
28 151
28 77
28 143
28 144
28 82
28 150
28 87
28 196
28 92
28 157
28 158
28 160
28 161
28 99
28 164
28 166
28 103
28 41
28 176
28 112
28 49
28 114
28 63
28 138
28 85
29 64
29 150
29 138
29 75
29 77
29 143
29 80
29 82
29 84
29 88
29 92
29 30
29 164
29 102
29 42
29 108
29 47
29 49
29 54
29 186
29 191
29 61
29 63
30 128
30 145
30 153
30 159
30 32
30 34
30 39
30 169
30 42
30 171
30 47
30 54
30 56
30 186
30 187
30 61
30 190
30 67
30 70
30 184
30 86
30 88
30 89
30 98
30 101
30 104
30 106
30 109
30 117
30 170
30 127
31 142
31 170
31 39
31 111
31 110
31 185
31 184
31 175
31 199
32 198
32 139
32 77
32 146
32 150
32 87
32 164
32 100
32 63
32 42
32 114
32 52
32 123
32 127
33 65
33 68
33 37
33 136
33 177
33 53
33 188
33 126
33 95
34 130
34 137
34 151
34 141
34 158
34 36
34 134
34 167
34 46
34 180
34 53
34 188
34 63
34 181
34 194
34 195
34 68
34 77
34 83
34 87
34 164
34 37
34 94
34 107
34 112
34 121
34 191
35 128
35 67
35 178
35 70
35 98
35 142
35 89
35 175
35 39
35 129
35 42
35 109
35 47
35 168
35 50
35 153
35 127
36 128
36 67
36 70
36 193
36 153
36 104
36 170
36 175
36 168
36 184
36 60
36 190
37 151
37 92
37 94
37 160
37 165
37 166
37 47
37 181
37 54
37 121
37 190
37 85
38 195
38 74
38 78
38 143
38 82
38 147
38 148
38 151
38 88
38 132
38 154
38 92
38 93
38 158
38 160
38 99
38 166
38 106
38 46
38 174
38 112
38 49
38 114
38 115
38 52
38 121
38 138
38 85
38 63
39 128
39 83
39 199
39 75
39 194
39 110
39 79
39 163
39 182
39 87
39 152
40 66
40 131
40 69
40 49
40 71
40 112
40 114
40 91
40 94
40 197
41 131
41 196
41 197
41 73
41 156
41 148
41 93
41 144
41 91
41 103
41 92
41 172
41 47
41 176
41 113
41 54
41 57
41 189
42 64
42 129
42 147
42 182
42 135
42 74
42 192
42 78
42 143
42 81
42 82
42 84
42 88
42 164
42 106
42 45
42 174
42 115
42 52
42 53
42 54
42 56
42 138
43 195
43 69
43 77
43 158
43 112
43 49
43 117
43 54
43 63
43 181
44 194
44 135
44 75
44 78
44 81
44 83
44 152
44 158
44 99
44 195
44 106
44 108
44 174
44 49
44 114
44 56
44 57
45 47
45 54
45 152
45 61
46 93
46 80
46 146
46 153
46 123
46 190
47 130
47 137
47 141
47 143
47 144
47 196
47 156
47 176
47 166
47 48
47 52
47 53
47 180
47 188
47 138
47 181
47 192
47 65
47 68
47 69
47 87
47 92
47 94
47 165
47 96
47 103
47 107
47 112
47 113
47 115
48 181
48 69
48 138
48 141
48 82
48 151
48 92
48 94
48 160
48 99
48 166
48 169
48 112
48 180
48 117
48 54
48 119
48 121
48 61
48 62
48 85
49 130
49 136
49 172
49 138
49 139
49 143
49 146
49 155
49 177
49 183
49 58
49 188
49 65
49 68
49 197
49 71
49 76
49 77
49 82
49 91
49 92
49 96
49 106
49 116
49 118
49 122
49 123
49 124
49 126
50 70
50 168
50 182
50 152
51 192
51 66
51 131
51 101
51 74
51 172
51 195
51 158
51 115
51 73
51 197
51 59
51 150
51 159
52 84
52 100
52 54
52 148
52 127
53 72
53 138
53 143
53 149
53 153
53 90
53 105
53 61
53 117
53 54
53 59
53 125
53 190
53 127
54 129
54 132
54 136
54 137
54 151
54 192
54 141
54 144
54 154
54 156
54 160
54 176
54 155
54 164
54 177
54 179
54 183
54 180
54 188
54 138
54 181
54 64
54 65
54 194
54 196
54 69
54 74
54 75
54 82
54 83
54 84
54 85
54 87
54 94
54 165
54 96
54 103
54 107
54 108
54 112
54 113
54 115
54 116
54 118
54 124
54 126
54 127
55 69
55 140
55 90
55 94
55 160
55 166
55 105
55 181
55 120
55 121
55 59
55 125
56 198
56 194
56 75
56 100
56 195
56 108
56 139
56 99
56 164
56 83
56 148
56 158
56 84
56 93
56 127
57 64
57 192
57 195
57 132
57 150
57 137
57 74
57 77
57 143
57 144
57 82
57 84
57 158
57 99
57 113
57 138
57 63
58 130
58 195
58 150
58 138
58 158
58 82
58 153
58 92
58 117
58 190
58 181
59 97
59 66
59 131
59 101
59 134
59 71
59 73
59 167
59 140
59 162
59 159
60 134
60 75
60 108
60 194
60 152
60 87
61 129
61 132
61 133
61 141
61 143
61 154
61 161
61 162
61 164
61 165
61 167
61 157
61 179
61 181
61 65
61 194
61 69
61 75
61 82
61 83
61 87
61 92
61 94
61 95
61 97
61 100
61 108
61 127
62 96
62 65
62 68
62 183
62 180
62 118
62 119
62 155
62 188
62 126
63 96
63 66
63 198
63 129
63 136
63 139
63 135
63 81
63 146
63 148
63 101
63 188
63 106
63 172
63 93
63 177
63 114
63 116
63 190
63 118
63 123
63 124
63 189
63 126
64 194
64 139
64 198
64 75
64 83
64 148
64 93
64 94
64 69
64 160
64 166
64 102
64 112
64 181
64 121
64 186
64 151
64 85
65 138
65 82
65 92
65 102
65 169
65 114
65 117
65 119
66 196
66 71
66 137
66 77
66 144
66 195
66 156
66 158
66 99
66 103
66 105
66 176
66 114
66 73
66 120
66 122
67 163
67 75
67 108
67 152
67 182
67 87
67 164
68 181
68 190
68 77
68 82
68 150
68 94
68 99
68 169
68 114
68 117
68 119
69 130
69 136
69 140
69 141
69 153
69 157
69 133
69 162
69 165
69 167
69 177
69 179
69 180
69 181
69 188
69 183
69 84
69 95
69 97
69 102
69 116
69 122
69 126
70 134
70 182
70 87
70 164
71 192
71 99
71 101
71 195
71 74
71 76
71 114
71 115
71 158
71 122
71 91
71 150
71 197
72 97
72 167
72 95
72 140
72 165
73 113
73 101
73 195
73 158
73 114
73 131
73 99
73 91
73 150
74 197
74 139
74 146
74 148
74 153
74 91
74 93
74 100
74 198
74 123
74 190
74 127
75 198
75 129
75 108
75 128
75 139
75 142
75 88
75 104
75 169
75 193
75 189
75 172
75 117
76 114
76 91
76 197
77 198
77 96
77 131
77 135
77 139
77 130
77 81
77 153
77 159
77 101
77 177
77 188
77 106
77 172
77 114
77 116
77 190
77 118
77 124
77 126
78 195
78 198
78 139
78 150
78 158
78 99
78 100
78 108
78 123
78 127
79 98
79 129
79 109
79 89
79 145
79 178
79 142
79 173
80 129
80 190
80 152
80 153
80 191
81 99
81 114
81 148
81 106
82 195
82 198
82 139
82 118
82 148
82 186
82 158
82 96
82 100
82 102
82 188
82 93
82 114
82 180
82 124
83 139
83 184
83 193
83 153
83 102
83 104
83 169
83 106
83 175
83 189
84 160
84 181
84 166
84 151
84 112
84 85
84 121
84 127
84 94
85 198
85 132
85 139
85 101
85 141
85 154
85 157
85 95
85 133
85 161
85 112
85 179
85 180
85 165
86 98
86 182
87 128
87 193
87 175
87 104
87 170
87 168
87 106
87 184
87 127
87 190
87 117
88 198
88 146
88 139
88 150
88 99
88 100
88 108
88 114
88 123
88 127
89 163
89 182
90 95
91 192
91 196
91 144
91 156
91 101
91 103
91 172
91 176
91 113
91 137
92 130
92 141
92 144
92 148
92 155
92 158
92 176
92 180
92 195
92 93
92 96
92 99
92 102
92 103
92 146
92 113
92 114
92 118
92 123
92 124
93 135
93 137
93 143
93 147
93 150
93 161
93 166
93 103
93 146
93 174
93 112
93 121
93 191
94 130
94 132
94 139
94 153
94 154
94 133
94 161
94 162
94 172
94 177
94 179
94 181
94 186
94 188
94 190
94 198
94 95
94 97
94 101
94 102
94 118
94 126
94 165
95 149
95 181
95 151
95 153
95 165
95 102
95 105
95 125
95 112
95 117
95 186
95 190
96 138
96 169
96 114
96 143
96 150
97 153
97 167
97 112
97 181
97 120
97 186
97 149
98 182
98 187
99 129
99 130
99 131
99 135
99 172
99 138
99 141
99 143
99 146
99 147
99 150
99 153
99 174
99 188
99 106
99 118
99 123
99 126
100 143
100 106
100 174
100 147
100 127
101 181
101 197
101 151
101 160
101 166
101 105
101 112
102 194
102 132
102 129
102 138
102 143
102 162
102 164
102 165
102 167
102 108
102 186
102 127
103 198
103 139
103 144
103 131
103 148
103 197
104 134
104 194
104 152
104 164
105 131
105 140
105 162
105 159
105 189
105 134
106 194
106 195
106 150
106 135
106 146
106 148
106 114
106 158
106 127
107 153
107 190
108 193
108 172
108 147
108 142
108 169
108 174
108 117
109 163
109 182
110 199
110 142
111 128
111 184
111 170
111 175
111 142
112 132
112 136
112 139
112 141
112 146
112 151
112 154
112 133
112 162
112 165
112 167
112 172
112 177
112 179
112 180
112 183
112 159
112 188
112 190
112 198
112 116
112 148
113 198
113 148
113 197
114 130
114 131
114 135
114 136
114 172
114 138
114 139
114 141
114 146
114 155
114 177
114 180
114 183
114 188
114 197
114 116
114 118
114 124
114 126
115 192
115 131
115 146
115 148
115 153
115 127
116 195
116 150
116 119
116 126
116 158
117 130
117 152
117 165
117 164
117 177
117 188
117 126
118 195
118 150
118 138
118 143
118 158
118 169
118 181
118 119
119 141
119 180
119 188
119 126
120 134
120 167
120 172
120 140
120 162
120 131
120 189
121 132
121 133
121 141
121 146
121 154
121 165
121 148
121 172
121 157
121 179
121 180
121 159
121 189
121 190
122 131
123 195
123 150
123 132
123 154
123 158
123 174
123 191
124 169
124 138
124 150
125 140
126 181
126 183
126 150
126 169
126 158
126 136
127 147
127 182
127 164
127 174
127 186
128 134
128 152
128 185
128 182
128 164
129 182
129 150
129 158
129 164
129 163
129 190
129 186
129 153
129 195
130 181
130 138
130 190
130 158
130 195
130 150
130 153
131 192
131 144
131 150
131 137
131 158
131 176
132 198
132 139
132 151
132 160
132 181
132 186
132 166
133 160
133 181
133 148
133 179
133 166
133 151
134 190
135 198
135 195
135 139
135 158
135 148
135 150
136 183
137 197
137 139
137 148
137 190
138 198
138 195
138 139
138 148
138 186
138 158
138 180
139 194
139 198
139 143
139 144
139 147
139 156
139 176
139 196
139 191
139 181
140 181
140 167
140 162
140 153
140 190
140 149
141 151
141 153
141 143
141 160
141 166
141 169
141 180
141 190
142 163
142 199
142 182
142 185
143 195
143 198
143 148
143 155
143 158
143 186
144 176
144 198
144 197
145 163
145 182
145 152
146 160
146 195
146 179
146 147
146 148
146 166
146 174
146 191
147 150
147 195
147 158
148 192
148 179
148 157
148 160
148 161
148 166
148 174
149 162
149 167
150 155
150 174
150 158
150 195
150 188
150 172
150 189
151 153
151 154
151 160
151 159
151 180
151 166
151 190
151 165
152 193
152 178
152 173
152 169
152 175
152 168
152 191
153 158
153 160
153 162
153 166
153 167
153 180
153 182
153 192
153 181
153 194
153 195
153 191
154 160
154 181
155 169
156 197
156 198
157 160
157 166
157 179
158 172
158 174
158 177
158 189
158 190
158 195
159 197
159 160
159 166
159 172
159 181
159 189
160 161
160 172
160 179
160 189
161 181
161 166
162 181
162 190
162 186
163 175
163 178
163 184
164 193
164 175
164 168
164 186
164 190
165 166
165 181
165 186
166 172
166 179
166 180
166 189
167 186
167 190
168 182
168 173
169 194
169 180
170 194
170 185
172 194
172 197
172 195
172 181
172 189
175 199
175 185
176 198
177 195
177 181
179 181
180 190
181 198
181 190
181 186
184 185
184 194
186 194
189 192
189 194
189 195
190 195
190 191
192 197
193 194
196 198
