0 1
0 13
0 173
0 53
0 152
0 123
0 117
1 128
1 9
1 11
1 12
1 14
1 131
1 159
1 161
1 42
1 43
1 172
1 174
1 175
1 192
1 51
1 182
1 185
1 186
1 61
1 64
1 65
1 66
1 67
1 68
1 197
1 199
1 75
1 76
1 77
1 80
1 81
1 82
1 142
1 89
1 91
1 97
1 106
1 107
1 110
1 115
1 119
1 125
1 127
2 129
2 196
2 5
2 193
2 137
2 74
2 78
2 143
2 184
2 149
2 57
2 156
2 31
2 163
2 165
2 166
2 167
2 105
2 112
2 177
2 53
2 169
2 56
2 121
2 58
3 192
3 68
3 9
3 138
3 12
3 77
3 79
3 148
3 21
3 22
3 89
3 100
3 171
3 173
3 175
3 123
4 51
4 116
4 171
4 40
4 9
4 83
4 77
5 182
5 7
5 136
5 73
5 66
5 14
5 85
5 150
5 23
5 27
5 185
5 95
5 96
5 34
5 99
5 101
5 102
5 106
5 45
5 142
5 47
5 112
5 49
5 118
5 119
5 111
5 121
5 188
5 134
5 166
6 32
6 68
6 182
6 166
6 167
6 73
6 12
6 13
6 142
6 125
6 112
6 108
6 185
6 85
6 118
6 23
6 121
6 106
6 150
7 129
7 131
7 68
7 161
7 74
7 75
7 12
7 13
7 78
7 15
7 80
7 149
7 86
7 121
7 25
7 92
7 30
7 31
7 16
7 163
7 36
7 166
7 167
7 156
7 107
7 46
7 112
7 177
7 53
7 120
7 57
7 159
7 124
7 61
9 149
9 129
9 138
9 139
9 12
9 143
9 16
9 17
9 19
9 21
9 151
9 152
9 153
9 155
9 156
9 157
9 30
9 31
9 162
9 165
9 38
9 40
9 170
9 173
9 46
9 175
9 48
9 53
9 56
9 57
9 190
9 181
9 192
9 68
9 69
9 140
9 78
9 83
9 86
9 89
9 92
9 100
9 104
9 114
9 116
9 117
9 123
9 127
10 154
11 155
11 68
11 165
11 39
11 12
11 13
11 78
11 173
11 152
11 117
11 56
11 57
11 31
12 128
12 133
12 136
12 140
12 175
12 173
12 16
12 17
12 171
12 24
12 26
12 27
12 29
12 32
12 34
12 134
12 42
12 43
12 45
12 46
12 47
12 176
12 49
12 180
12 54
12 186
12 64
12 65
12 66
12 67
12 68
12 71
12 160
12 76
12 77
12 83
12 85
12 86
12 88
12 89
12 152
12 91
12 92
12 94
12 96
12 101
12 102
12 110
12 174
12 116
12 117
12 123
12 127
13 43
13 136
13 140
13 142
13 144
13 145
13 171
13 150
13 29
13 158
13 32
13 134
13 135
13 45
13 47
13 49
13 182
13 185
13 58
13 189
13 160
13 66
13 73
13 14
13 93
13 96
13 98
13 99
13 101
13 102
13 103
13 106
13 108
13 111
13 119
13 122
13 125
13 85
14 128
14 129
14 137
14 143
14 16
14 17
14 19
14 174
14 196
14 26
14 184
14 31
14 133
14 163
14 165
14 39
14 169
14 42
14 173
14 46
14 176
14 177
14 180
14 54
14 56
14 57
14 186
14 64
14 193
14 194
14 68
14 198
14 71
14 74
14 81
14 24
14 88
14 90
14 91
14 92
14 37
14 105
14 167
14 110
14 112
14 117
14 121
14 123
15 171
15 134
15 75
15 77
15 81
15 82
15 195
15 25
15 27
15 199
15 101
15 160
15 161
15 36
15 37
15 17
15 43
15 119
15 124
15 61
16 83
16 68
16 171
16 77
16 51
16 116
17 64
17 194
17 67
17 68
17 133
17 77
17 24
17 82
17 20
17 88
17 90
17 91
17 171
17 76
17 51
17 116
17 117
17 54
17 180
18 130
18 63
19 67
19 103
19 119
19 140
19 66
19 144
19 83
19 122
19 150
19 27
19 93
19 95
19 98
19 164
19 165
19 39
19 106
19 142
19 116
19 182
19 73
19 56
19 57
19 58
19 125
20 37
20 71
20 76
20 26
20 91
20 94
21 51
21 83
21 67
21 116
21 171
21 140
21 127
22 162
22 38
22 40
22 41
22 171
22 77
22 141
22 50
22 51
22 89
22 28
22 127
23 193
23 68
23 136
23 73
23 74
23 78
23 143
23 149
23 150
23 152
23 169
23 155
23 156
23 29
23 32
23 34
23 163
23 166
23 167
23 105
23 196
23 173
23 53
23 118
23 137
23 184
23 123
24 133
24 68
24 43
24 81
24 180
24 117
24 123
25 97
25 67
25 171
25 140
25 77
25 82
25 51
25 120
25 27
26 64
26 128
26 66
26 68
26 198
26 65
26 76
26 194
26 81
26 174
26 88
26 71
26 90
26 101
26 160
26 37
26 102
26 42
26 43
26 110
26 117
26 186
26 123
27 129
27 196
27 137
27 149
27 155
27 30
27 31
27 161
27 163
27 36
27 166
27 167
27 48
27 178
27 181
27 184
27 57
27 159
27 53
27 193
27 195
27 68
27 199
27 75
27 82
27 86
27 143
27 97
27 105
27 117
27 120
27 121
27 124
28 100
28 69
28 148
28 79
29 68
29 167
29 73
29 74
29 108
29 111
29 112
29 177
29 185
29 125
30 67
30 182
30 136
30 119
30 140
30 77
30 142
30 83
30 150
30 95
30 34
30 106
30 171
30 108
30 45
30 51
30 118
30 73
30 58
30 188
31 129
31 171
31 182
31 134
31 140
31 77
31 144
31 145
31 83
31 142
31 150
31 197
31 135
31 93
31 158
31 95
31 160
31 98
31 101
31 106
31 43
31 108
31 189
31 116
31 118
31 73
31 119
31 188
31 125
32 68
32 150
32 106
32 108
32 142
32 111
32 85
32 118
32 185
32 188
32 125
32 182
34 163
34 68
34 167
34 136
34 142
34 125
34 112
34 177
34 182
34 121
34 74
36 82
36 117
36 119
36 120
37 64
37 66
37 67
37 133
37 198
37 65
37 194
37 140
37 76
37 77
37 82
37 88
37 91
37 90
37 97
37 102
37 171
37 51
37 180
37 117
37 54
37 120
37 126
38 67
38 100
38 170
38 138
38 148
38 140
38 77
38 79
38 51
38 84
38 171
38 153
38 116
38 179
39 193
39 83
39 67
39 196
39 197
39 135
39 137
39 140
39 77
39 143
39 144
39 145
39 171
39 169
39 184
39 156
39 93
39 158
39 98
39 164
39 165
39 102
39 103
39 105
39 43
39 51
39 116
39 53
39 55
39 56
39 189
40 83
40 67
40 69
40 104
40 171
40 140
40 114
40 51
40 116
40 147
40 151
40 100
41 179
41 100
41 69
41 104
41 138
41 139
41 79
41 114
41 147
41 84
41 151
41 153
41 148
41 170
41 157
41 190
42 64
42 123
42 68
42 128
42 76
42 173
42 176
42 174
42 152
42 91
42 94
43 64
43 68
43 133
43 112
43 76
43 74
43 78
43 184
43 82
43 163
43 196
43 169
43 143
43 94
43 97
43 155
43 165
43 166
43 129
43 105
43 193
43 71
43 48
43 178
43 180
43 117
43 137
43 56
43 123
43 181
45 68
45 166
45 167
45 73
45 74
45 108
45 111
45 112
45 177
46 83
46 68
46 171
46 77
46 51
46 116
46 86
46 119
46 92
47 177
47 163
47 68
47 167
47 74
48 66
48 67
48 135
48 140
48 77
48 78
48 144
48 145
48 83
48 171
48 58
48 160
48 102
48 93
48 189
48 51
48 55
48 125
49 112
49 68
49 166
49 121
50 51
50 67
50 100
50 138
50 171
50 140
50 77
50 79
51 139
51 151
51 152
51 155
51 156
51 162
51 173
51 175
51 53
51 56
51 57
51 192
51 68
51 69
51 78
51 81
51 82
51 89
51 92
51 165
51 166
51 178
51 104
51 112
51 114
51 117
51 121
51 123
51 149
52 72
53 142
53 144
53 145
53 149
53 150
53 156
53 158
53 164
53 165
53 171
53 182
53 55
53 56
53 185
53 58
53 188
53 189
53 66
53 73
53 77
53 83
53 87
53 93
53 95
53 102
53 103
53 108
53 115
53 116
53 118
53 122
54 64
54 66
54 68
54 102
54 81
54 76
54 91
54 94
55 129
55 196
55 193
55 137
55 143
55 56
55 149
55 155
55 156
55 165
55 169
55 178
55 181
55 184
55 189
56 193
56 67
56 196
56 197
56 134
56 140
56 66
56 144
56 184
56 171
56 87
56 137
56 156
56 98
56 164
56 165
56 102
56 169
56 116
56 83
56 57
56 122
56 189
57 193
57 67
57 196
57 184
57 140
57 77
57 143
57 144
57 145
57 122
57 87
57 83
57 93
57 158
57 95
57 98
57 164
57 165
57 103
57 105
57 135
57 116
57 137
57 58
57 119
57 169
57 149
58 193
58 196
58 74
58 78
58 143
58 149
58 87
58 155
58 156
58 95
58 163
58 166
58 105
58 112
58 177
58 178
58 169
58 184
58 181
59 191
60 62
61 131
61 97
61 173
61 80
61 152
61 82
61 107
61 117
61 120
61 123
63 130
64 128
64 152
64 68
64 134
64 71
64 76
64 81
64 174
64 88
64 91
64 94
64 101
64 160
64 65
64 173
64 110
64 176
64 117
64 186
64 123
65 66
65 123
65 68
65 102
65 71
65 76
65 160
65 173
65 152
65 117
65 134
65 88
65 91
65 94
65 101
66 68
66 181
66 71
66 76
66 78
66 149
66 152
66 91
66 156
66 94
66 165
66 155
66 167
66 129
66 105
66 173
66 177
66 178
66 121
66 163
66 123
66 166
66 117
67 196
67 129
67 184
67 138
67 139
67 141
67 143
67 148
67 155
67 162
67 169
67 173
67 175
67 177
67 181
67 137
67 192
67 193
67 68
67 69
67 74
67 78
67 79
67 81
67 82
67 83
67 86
67 89
67 92
67 165
67 100
67 178
67 105
67 109
67 112
67 117
67 123
68 142
68 133
68 136
68 128
68 175
68 173
68 171
68 150
68 197
68 164
68 134
68 172
68 180
68 188
68 192
68 182
68 71
68 73
68 160
68 81
68 174
68 83
68 85
68 86
68 152
68 91
68 92
68 93
68 94
68 96
68 144
68 98
68 101
68 102
68 103
68 106
68 108
68 111
68 140
68 115
68 116
68 117
68 118
68 119
68 122
68 123
68 125
68 127
69 192
69 83
69 100
69 138
69 148
69 140
69 77
69 175
69 116
69 171
69 89
71 123
71 198
71 102
71 194
71 76
71 126
71 117
71 88
71 91
71 90
71 94
72 168
72 113
72 146
73 149
73 193
73 129
73 137
73 143
73 173
73 85
73 152
73 196
73 167
73 169
73 184
73 185
73 123
73 125
73 117
74 160
74 182
74 134
74 136
74 140
74 77
74 85
74 150
74 96
74 101
74 142
74 112
74 118
74 185
74 188
74 125
75 97
75 117
75 173
76 134
76 128
76 194
76 174
76 152
76 90
76 198
76 94
76 101
76 160
76 102
76 173
76 110
76 176
76 117
76 123
76 126
77 149
77 129
77 138
77 139
77 148
77 151
77 152
77 155
77 156
77 162
77 173
77 177
77 181
77 78
77 82
77 86
77 92
77 165
77 97
77 100
77 178
77 104
77 105
77 109
77 117
77 120
77 127
78 197
78 134
78 144
78 83
78 122
78 87
78 93
78 95
78 160
78 98
78 164
78 101
78 102
78 103
78 171
78 178
78 116
78 181
78 119
78 185
78 125
79 192
79 138
79 140
79 141
79 83
79 153
79 162
79 171
79 179
79 116
79 127
80 117
80 123
81 133
81 140
81 152
81 82
81 94
81 97
81 173
81 180
81 117
81 123
82 134
82 140
82 171
82 101
82 160
82 159
82 173
82 117
82 119
82 120
82 123
82 124
83 129
83 138
83 139
83 147
83 148
83 151
83 153
83 155
83 156
83 157
83 162
83 165
83 170
83 175
83 178
83 179
83 190
83 181
83 192
83 140
83 84
83 86
83 89
83 100
83 104
83 114
83 149
84 192
84 148
84 100
84 179
84 138
84 140
84 162
84 175
84 116
84 170
84 153
84 89
84 127
85 163
85 167
85 108
85 111
85 112
85 177
85 121
85 125
85 166
86 171
86 140
86 119
86 92
87 129
87 163
87 196
87 165
87 167
87 105
87 193
87 143
87 112
87 184
87 121
87 166
87 137
87 149
89 138
89 153
89 179
89 100
89 173
89 140
89 116
89 117
89 123
89 127
90 94
91 134
91 128
91 174
91 152
91 101
91 160
91 102
91 173
91 110
91 117
91 186
91 126
92 171
92 140
93 193
93 137
93 143
93 144
93 155
93 156
93 98
93 105
93 178
93 184
93 181
94 134
94 174
94 160
94 101
94 102
94 110
94 176
94 186
95 149
95 129
95 163
95 166
95 105
95 143
95 112
95 177
95 121
95 156
96 112
96 177
96 166
96 167
97 171
97 134
97 195
97 152
97 159
97 161
97 117
97 119
97 123
97 124
98 164
98 165
98 105
98 103
98 143
98 144
98 196
98 137
98 122
98 169
99 112
99 177
99 163
99 166
99 167
99 121
100 192
100 140
100 141
100 153
100 157
100 162
100 171
100 109
100 175
100 116
100 190
100 127
101 160
101 112
101 120
101 163
101 196
101 169
101 155
101 166
101 167
101 105
101 193
101 117
101 184
101 121
101 143
102 181
102 149
102 156
102 167
102 165
102 112
102 178
102 121
102 123
102 117
103 105
103 144
103 122
103 149
104 139
104 171
104 151
105 134
105 135
105 140
105 145
105 122
105 158
105 160
105 164
105 171
105 108
105 185
105 119
105 125
106 129
106 149
106 152
106 156
106 166
106 167
106 173
106 123
106 188
107 117
107 152
107 123
108 129
108 193
108 143
108 149
108 196
108 156
108 169
108 184
108 125
109 148
109 138
109 171
109 140
110 123
110 173
110 117
110 152
111 129
111 167
111 125
111 117
111 185
112 160
112 136
112 177
112 140
112 163
112 150
112 182
112 167
112 142
112 118
112 121
112 188
112 125
112 134
112 166
114 116
114 171
115 152
115 123
115 156
115 173
115 117
116 129
116 138
116 139
116 148
116 149
116 151
116 153
116 156
116 157
116 162
116 165
116 170
116 175
116 179
116 190
116 192
116 147
116 117
117 128
117 131
117 133
117 134
117 195
117 150
117 159
117 160
117 161
117 172
117 175
117 176
117 192
117 180
117 186
117 188
117 197
117 199
117 140
117 118
117 119
117 124
117 127
118 193
118 136
118 137
118 142
118 143
118 163
118 166
118 167
118 177
118 185
118 182
118 184
118 121
118 188
118 125
119 129
119 137
119 184
119 152
119 196
119 143
119 155
119 167
119 193
119 159
119 173
119 169
119 120
119 123
119 124
120 160
120 134
120 171
120 159
120 124
121 160
121 163
121 150
121 182
121 167
121 142
121 188
121 125
121 134
122 129
122 193
122 137
122 143
122 144
122 184
122 149
122 196
122 155
122 156
122 164
122 165
122 169
123 128
123 133
123 131
123 171
123 159
123 172
123 174
123 176
123 180
123 182
123 186
123 197
123 140
123 124
123 125
123 127
125 129
125 136
125 150
125 152
125 169
125 155
125 163
125 166
125 167
125 193
125 173
125 177
125 178
125 181
125 137
125 184
125 188
125 196
127 192
127 148
127 152
127 153
127 157
127 170
127 173
127 179
127 190
128 173
128 152
129 134
129 140
129 145
129 142
129 135
129 158
129 171
129 189
129 182
130 187
131 152
131 173
133 160
133 134
134 184
134 163
134 196
134 169
134 155
134 165
134 166
134 193
134 177
134 137
134 143
135 155
135 196
135 137
135 143
135 178
135 181
135 184
135 156
135 149
136 163
136 166
136 167
136 150
136 185
136 188
137 196
137 144
137 145
137 158
137 165
137 160
137 169
137 189
137 185
137 188
138 192
138 140
138 141
138 148
138 153
138 179
138 157
138 162
138 170
138 171
138 175
138 190
139 171
139 151
139 140
140 196
140 143
140 148
140 157
140 162
140 163
140 169
140 170
140 175
140 179
140 181
140 190
140 165
140 166
141 148
142 149
142 150
142 156
142 163
142 166
142 167
142 173
142 177
142 188
143 145
143 150
143 160
143 185
143 158
143 188
143 189
144 193
144 184
144 149
144 196
144 155
144 156
144 165
144 169
144 178
144 181
145 155
145 196
145 193
145 184
145 156
145 169
145 149
147 171
148 192
148 153
148 179
148 157
148 162
148 170
148 171
148 175
148 190
149 171
149 150
149 185
149 156
149 158
149 164
149 165
149 182
149 188
150 196
150 156
150 163
150 166
150 167
150 169
150 177
150 182
151 171
152 171
152 172
152 174
152 175
152 176
152 192
152 185
152 186
152 195
152 197
152 199
153 192
153 170
153 175
153 157
153 190
155 158
155 160
155 171
155 189
155 185
156 171
156 182
156 165
156 185
156 188
156 189
157 179
157 162
157 190
158 196
158 193
158 178
158 184
158 169
160 193
160 184
160 163
160 166
160 167
160 177
160 178
160 181
162 170
162 179
162 190
163 182
163 166
163 167
164 165
165 193
165 197
165 184
165 171
165 189
166 182
166 185
166 188
167 182
167 185
167 177
167 188
169 193
169 184
169 185
170 179
171 173
171 181
171 178
172 173
173 174
173 175
173 176
173 192
173 182
173 185
173 186
173 197
173 199
173 195
175 192
175 179
177 182
177 185
177 188
179 192
179 190
181 189
182 188
184 196
184 189
184 185
184 188
185 196
188 193
193 196
194 198
