0 131
0 5
0 6
0 136
0 138
0 11
0 14
0 143
0 16
0 17
0 18
0 19
0 149
0 22
0 157
0 133
0 160
0 33
0 39
0 41
0 170
0 47
0 49
0 52
0 53
0 183
0 57
0 61
0 191
0 65
0 66
0 69
0 71
0 72
0 76
0 78
0 87
0 96
0 97
0 98
0 101
0 105
0 106
0 167
0 109
0 112
0 113
0 115
0 116
0 117
0 122
0 124
0 127
1 131
1 5
1 135
1 138
1 11
1 13
1 14
1 143
1 20
1 21
1 22
1 23
1 25
1 154
1 150
1 167
1 41
1 49
1 50
1 52
1 61
1 190
1 64
1 69
1 87
1 93
1 95
1 106
1 110
1 113
1 116
1 117
1 148
1 122
1 125
1 149
2 96
2 132
2 166
2 65
2 33
2 170
2 15
2 176
2 21
2 120
2 79
2 117
3 128
3 130
3 5
3 156
3 8
3 10
3 12
3 13
3 142
3 16
3 17
3 147
3 23
3 154
3 27
3 28
3 157
3 30
3 160
3 162
3 163
3 36
3 166
3 39
3 40
3 41
3 170
3 43
3 45
3 174
3 177
3 180
3 181
3 56
3 187
3 60
3 61
3 190
3 63
3 64
3 65
3 194
3 68
3 198
3 71
3 76
3 77
3 78
3 79
3 82
3 87
3 89
3 90
3 91
3 93
3 94
3 96
3 97
3 101
3 102
3 189
3 120
3 123
3 127
4 130
4 195
4 5
4 198
4 8
4 9
4 144
4 150
4 87
4 89
4 26
4 91
4 93
4 133
4 36
4 40
4 42
4 107
4 29
4 178
4 123
4 60
4 190
5 133
5 7
5 137
5 10
5 11
5 19
5 21
5 150
5 23
5 24
5 25
5 26
5 27
5 158
5 33
5 35
5 164
5 37
5 38
5 40
5 169
5 135
5 47
5 56
5 187
5 60
5 62
5 63
5 192
5 193
5 196
5 70
5 71
5 72
5 73
5 74
5 87
5 88
5 95
5 165
5 98
5 104
5 161
5 107
5 117
5 118
5 121
5 125
5 126
6 65
6 133
6 134
6 11
6 12
6 13
6 142
6 18
6 19
6 25
6 158
6 96
6 100
6 166
6 170
6 44
6 110
6 48
6 50
6 116
6 53
6 189
6 117
7 192
7 193
7 199
7 73
7 139
7 173
7 81
7 146
7 147
7 84
7 85
7 22
7 88
7 90
7 27
7 93
7 35
7 100
7 70
7 38
7 104
7 172
7 45
7 115
7 137
7 56
7 59
7 190
8 32
8 66
8 71
8 76
8 140
8 83
8 150
9 64
9 160
9 115
9 134
9 65
9 183
9 12
9 78
9 15
9 184
9 82
9 188
9 142
9 23
9 132
9 79
9 96
9 162
9 155
9 101
9 146
9 105
9 170
9 71
9 109
9 50
9 51
9 53
9 55
9 120
9 114
9 191
9 166
9 189
9 127
10 136
10 13
10 14
10 141
10 131
10 149
10 150
10 87
10 154
10 143
10 93
10 41
10 43
10 157
10 52
10 181
10 116
10 61
11 194
11 171
11 135
11 64
11 87
11 15
11 17
11 82
11 20
11 21
11 86
11 23
11 153
11 79
11 28
11 93
11 69
11 133
11 97
11 162
11 155
11 39
11 103
11 175
11 158
11 55
11 95
12 65
12 133
12 16
12 146
12 20
12 86
12 153
12 92
12 150
12 33
12 166
12 103
12 170
12 109
12 49
12 115
12 127
13 16
13 18
13 23
13 156
13 101
13 33
13 100
13 37
13 105
13 43
13 109
13 110
13 112
13 181
13 184
13 127
14 194
14 133
14 181
14 64
14 87
14 141
14 78
14 15
14 16
14 184
14 18
14 20
14 23
14 79
14 30
14 160
14 33
14 162
14 101
14 39
14 105
14 175
14 136
14 52
14 158
14 120
14 57
14 122
14 127
15 64
15 132
15 150
15 113
15 72
15 138
15 162
15 78
15 188
15 148
15 86
15 23
15 28
15 160
15 98
15 39
15 168
15 92
15 47
15 176
15 49
15 117
15 120
15 57
15 122
15 124
15 149
16 133
16 134
16 141
16 80
16 150
16 23
16 25
16 156
16 158
16 95
16 33
16 164
16 37
16 166
16 170
16 125
16 52
16 189
16 127
17 194
17 158
17 175
17 52
17 117
17 150
17 57
17 122
17 30
18 64
18 131
18 133
18 143
18 82
18 21
18 23
18 154
18 155
18 157
18 99
18 146
18 167
18 41
18 106
18 109
18 61
18 116
18 55
18 125
18 149
19 72
19 190
19 145
19 146
19 147
19 20
19 85
19 87
19 24
19 27
19 93
19 158
19 133
19 98
19 102
19 159
19 45
19 47
19 177
19 115
19 126
19 54
19 56
19 59
19 62
20 64
20 131
20 134
20 72
20 141
20 82
20 21
20 23
20 25
20 155
20 96
20 98
20 146
20 41
20 109
20 142
20 47
20 136
20 115
20 52
20 53
20 189
20 57
20 122
20 125
20 149
21 113
21 138
21 86
21 82
21 22
21 153
21 92
21 93
21 69
21 33
21 103
21 168
21 171
21 49
21 50
21 51
21 117
21 183
21 148
21 124
21 190
21 191
22 131
22 133
22 64
22 143
22 80
22 82
22 83
22 121
22 23
22 154
22 155
22 158
22 95
22 35
22 164
22 114
22 167
22 41
22 44
22 109
22 125
22 99
22 50
22 51
22 55
22 57
22 122
22 191
22 149
23 143
23 131
23 149
23 25
23 154
23 157
23 160
23 167
23 41
23 50
23 183
23 190
23 191
23 64
23 72
23 78
23 79
23 87
23 93
23 101
23 105
23 106
23 114
23 117
23 120
23 127
24 77
24 145
24 87
24 25
24 27
24 93
24 38
24 29
24 190
24 56
24 187
24 62
25 132
25 137
25 140
25 145
25 28
25 30
25 160
25 162
25 38
25 45
25 46
25 176
25 53
25 182
25 187
25 188
25 62
25 64
25 66
25 68
25 76
25 77
25 78
25 79
25 82
25 87
25 97
25 101
25 102
25 105
25 126
26 66
26 71
26 137
26 74
26 76
26 77
26 190
26 144
26 87
26 196
26 27
26 93
26 161
26 38
26 169
26 42
26 107
26 45
26 46
26 111
26 178
26 62
26 182
26 56
26 186
26 126
27 128
27 130
27 137
27 173
27 179
27 145
27 151
27 29
27 31
27 34
27 35
27 165
27 38
27 40
27 169
27 44
27 45
27 47
27 48
27 172
27 180
27 182
27 56
27 185
27 58
27 59
27 190
27 63
27 192
27 193
27 67
27 197
27 199
27 72
27 73
27 74
27 75
27 77
27 163
27 84
27 85
27 186
27 88
27 91
27 93
27 94
27 98
27 187
27 195
27 104
27 108
27 111
27 147
27 118
27 119
27 121
28 97
28 79
28 150
28 120
29 192
29 193
29 66
29 70
29 71
29 140
29 139
29 147
29 84
29 85
29 87
29 68
29 93
29 31
29 34
29 102
29 145
29 104
29 199
29 108
29 173
29 46
29 177
29 190
29 182
29 56
29 59
29 151
29 62
30 149
30 133
30 79
30 150
30 120
30 158
30 117
31 67
31 44
31 93
31 35
32 192
32 70
32 140
32 75
32 76
32 81
32 88
32 89
32 100
32 172
32 50
32 110
32 114
32 51
32 183
32 123
32 191
33 65
33 134
33 136
33 149
33 141
33 86
33 87
33 92
33 93
33 69
33 96
33 133
33 166
33 103
33 168
33 105
33 170
33 171
33 142
33 49
33 52
33 53
33 57
33 189
33 190
33 127
34 129
34 67
34 179
34 75
34 48
34 35
34 185
35 129
35 115
35 172
35 75
35 81
35 87
35 88
35 165
35 155
35 70
35 38
35 193
35 108
35 109
35 110
35 114
35 51
35 118
35 55
35 121
35 151
35 183
36 66
36 150
36 71
36 89
37 116
37 150
37 87
37 105
37 101
38 68
38 137
38 74
38 77
38 190
38 150
38 87
38 93
38 159
38 102
38 169
38 45
38 177
38 126
38 54
38 56
38 121
38 187
38 62
38 63
39 160
39 132
39 133
39 78
39 79
39 176
39 117
39 150
39 120
39 158
39 149
40 130
40 71
40 45
40 91
40 147
40 85
40 150
40 87
40 59
40 63
41 64
41 82
41 155
41 156
41 100
41 109
41 181
41 55
41 127
42 71
42 169
42 45
42 77
42 145
42 93
42 182
42 119
42 58
42 187
43 136
43 141
43 131
43 150
43 87
43 154
43 93
43 99
43 106
43 157
43 112
43 57
43 184
43 190
43 127
44 192
44 155
44 70
44 199
44 104
44 139
44 108
44 109
44 110
44 173
44 115
44 55
45 196
45 72
45 144
45 150
45 111
45 186
45 161
45 98
45 169
45 107
45 47
45 178
45 119
45 121
45 58
46 137
46 74
46 111
46 186
46 98
46 169
46 47
46 126
46 54
46 119
46 56
46 58
46 62
47 64
47 66
47 68
47 71
47 72
47 140
47 79
47 76
47 78
47 145
47 87
47 92
47 158
47 69
47 133
47 98
47 102
47 159
47 177
47 147
47 54
47 120
47 59
47 62
48 155
48 165
48 104
48 73
48 75
48 172
48 109
48 173
48 146
48 115
48 185
48 179
49 132
49 133
49 134
49 64
49 160
49 78
49 79
49 120
49 82
49 148
49 96
49 98
49 188
49 142
49 176
49 113
49 53
49 72
49 124
50 115
50 133
50 64
50 143
50 80
50 82
50 131
50 164
50 154
50 155
50 157
50 158
50 99
50 100
50 146
50 106
50 109
50 114
50 55
50 195
50 61
50 191
51 64
51 195
51 133
51 136
51 143
51 82
51 158
51 95
51 114
51 167
51 109
51 125
51 57
51 61
52 133
52 114
52 149
52 87
52 156
52 158
52 181
53 133
53 138
53 146
53 86
53 155
53 158
53 69
53 134
53 105
53 109
53 113
53 55
53 148
53 124
54 98
54 68
54 72
54 77
54 145
54 182
54 187
54 159
55 65
55 67
55 134
55 142
55 143
55 99
55 154
55 155
55 157
55 114
55 166
55 167
55 106
55 189
55 116
55 170
55 61
55 117
56 137
56 74
56 77
56 145
56 150
56 87
56 93
56 190
56 182
56 58
56 187
56 126
57 133
57 82
57 79
57 156
57 158
57 105
57 110
57 114
57 181
57 183
57 120
57 122
57 191
57 127
58 161
58 196
58 119
58 137
58 74
58 107
58 111
58 145
58 178
58 87
58 169
58 186
59 130
59 91
59 147
59 85
59 121
59 63
60 150
60 71
60 87
60 93
60 190
60 195
61 133
61 64
61 183
61 150
61 155
61 156
61 157
61 100
61 101
61 109
61 110
61 181
61 114
61 191
61 127
62 72
62 74
62 77
62 145
62 150
62 87
62 93
62 169
62 182
63 66
63 145
63 71
63 140
63 187
63 76
63 77
63 147
63 85
63 87
63 90
63 93
64 132
64 138
64 143
64 131
64 150
64 154
64 157
64 160
64 167
64 176
64 184
64 188
64 191
64 72
64 78
64 79
64 82
64 92
64 98
64 100
64 101
64 105
64 110
64 112
64 113
64 114
64 117
64 120
64 148
64 124
64 127
65 69
65 142
65 146
65 150
65 155
65 158
65 133
65 105
65 109
65 189
65 127
66 130
66 133
66 198
66 71
66 72
66 140
66 76
66 150
66 87
66 89
66 91
66 158
66 98
66 123
67 192
67 193
67 199
67 73
67 139
67 173
67 81
67 84
67 151
67 155
67 165
67 104
67 108
67 109
67 118
68 98
68 102
68 72
68 87
68 150
68 159
69 132
69 133
69 134
69 72
69 78
69 158
69 95
69 160
69 98
69 166
69 170
69 135
69 117
69 188
69 125
70 195
70 104
70 173
70 93
70 87
70 121
71 196
71 76
71 130
71 144
71 87
71 89
71 91
71 93
71 158
71 133
71 161
71 98
71 178
71 72
71 140
71 123
71 190
72 177
72 79
72 87
72 78
72 92
72 158
72 160
72 102
72 113
72 120
72 148
72 159
72 124
72 138
73 139
73 108
73 84
73 118
73 151
73 121
73 199
73 93
73 190
74 196
74 137
74 144
74 145
74 87
74 93
74 107
74 178
74 182
74 119
74 126
75 195
75 87
75 93
75 190
76 133
76 130
76 83
76 150
76 87
76 89
76 91
76 93
76 158
76 195
76 190
77 130
77 144
77 87
77 93
77 159
77 107
77 177
77 178
77 126
77 121
78 113
78 162
78 148
78 149
78 86
78 133
78 160
78 98
78 150
78 120
79 150
79 113
79 138
79 194
79 148
79 171
79 86
79 175
79 92
79 97
79 162
79 168
79 103
79 176
79 117
79 153
79 122
79 124
80 127
80 114
80 117
80 95
80 125
80 101
81 195
81 83
81 87
81 121
81 93
81 190
82 150
82 135
82 138
82 92
82 131
82 87
82 154
82 86
82 95
82 113
82 114
82 117
82 122
82 125
82 190
82 191
83 100
83 198
83 140
83 110
83 172
83 123
84 87
85 128
85 91
85 180
85 150
85 152
85 121
85 90
85 94
86 96
86 132
86 134
86 142
86 176
86 120
86 164
86 117
86 189
87 130
87 129
87 136
87 137
87 140
87 141
87 149
87 150
87 156
87 158
87 133
87 172
87 173
87 177
87 181
87 187
87 192
87 193
87 139
87 190
87 88
87 91
87 93
87 199
87 98
87 111
87 117
87 119
87 125
87 126
88 193
88 195
88 93
88 190
89 195
89 140
89 123
90 128
90 130
90 147
90 150
90 121
90 91
91 128
91 140
91 130
91 147
91 150
91 93
91 94
91 190
92 132
92 133
92 142
92 158
92 96
92 98
92 176
92 117
92 120
92 188
92 189
93 130
93 133
93 140
93 173
93 144
93 150
93 129
93 172
93 151
93 178
93 179
93 181
93 185
93 187
93 193
93 190
93 98
93 104
93 107
93 108
93 117
93 121
94 130
94 147
94 150
95 164
95 135
95 105
95 114
95 117
95 100
95 127
95 101
96 133
96 153
96 150
96 101
96 103
96 168
96 105
96 171
96 158
96 127
97 117
97 150
97 158
98 138
98 182
98 145
98 160
98 158
98 133
98 102
98 177
98 120
98 124
98 190
99 133
99 143
99 155
99 156
99 157
99 101
99 167
99 109
99 181
99 114
100 115
100 143
100 146
100 131
100 154
100 155
100 157
100 164
100 195
100 167
100 135
100 125
100 116
100 121
101 133
101 135
101 150
101 156
101 157
101 158
101 164
101 105
101 106
101 125
101 116
101 181
102 177
102 150
103 171
103 132
103 142
103 176
103 120
103 153
103 189
103 117
104 192
104 121
104 190
105 133
105 134
105 135
105 149
105 150
105 156
105 158
105 164
105 166
105 106
105 112
105 116
105 170
105 184
105 122
105 125
105 181
106 109
106 157
106 181
106 155
106 156
106 158
106 133
107 169
107 119
107 187
107 190
108 165
108 118
109 133
109 134
109 183
109 142
109 143
109 154
109 155
109 157
109 158
109 131
109 166
109 167
109 110
109 189
109 170
109 121
110 195
110 135
110 143
110 146
110 157
110 167
110 115
110 116
111 169
111 119
111 144
111 178
111 182
112 133
112 149
112 150
112 156
112 158
112 164
112 116
112 181
112 184
112 125
113 133
113 134
113 138
113 158
113 160
113 176
113 120
113 124
114 195
114 133
114 135
114 136
114 141
114 143
114 155
114 157
114 158
114 167
114 122
114 125
115 133
115 134
115 158
115 170
115 146
115 116
115 121
115 189
116 133
116 150
116 155
116 156
116 158
116 181
116 184
116 127
117 135
117 153
117 133
117 162
117 155
117 164
117 158
117 120
117 125
117 190
118 121
118 151
118 190
119 161
119 196
119 144
119 145
119 178
119 186
119 182
120 132
120 150
120 138
120 162
120 188
120 148
120 153
120 175
120 160
120 194
120 168
120 171
120 176
120 122
120 124
120 149
121 192
121 193
121 139
121 146
121 147
121 173
121 187
121 190
122 133
122 149
122 156
122 158
122 181
122 183
122 191
123 150
124 134
124 148
124 158
125 164
125 183
125 184
125 191
125 127
126 145
126 169
126 182
126 186
126 187
127 134
127 135
127 143
127 131
127 142
127 150
127 154
127 156
127 158
127 164
127 189
127 181
127 149
128 130
128 147
130 140
130 150
130 152
130 163
130 174
130 180
130 187
130 190
131 133
131 181
131 158
131 154
131 155
131 150
132 171
132 148
132 133
132 176
132 188
133 138
133 194
133 143
133 148
133 149
133 154
133 175
133 157
133 160
133 162
133 134
133 146
133 176
133 183
133 188
133 190
133 191
133 140
133 142
133 158
133 167
133 189
133 166
134 138
134 146
134 155
134 158
134 148
136 141
136 149
136 156
136 158
136 181
137 187
137 169
137 145
137 182
138 158
140 195
140 158
141 149
141 156
141 181
142 155
142 166
142 171
143 183
143 155
143 158
143 191
144 169
144 145
144 186
144 187
144 190
145 150
145 169
145 178
146 158
146 170
146 189
147 150
148 160
148 176
148 188
149 181
149 184
149 160
149 162
149 176
149 158
150 194
150 152
150 157
150 162
150 163
150 156
150 174
150 180
150 181
150 187
150 184
150 190
151 165
151 190
153 171
153 176
153 188
153 189
154 181
154 156
154 158
155 170
155 166
155 189
156 157
156 184
156 190
157 183
157 158
157 181
157 191
158 194
158 175
158 170
158 183
158 184
158 167
159 182
159 187
160 194
160 162
160 175
161 169
161 182
161 187
161 190
164 184
165 190
166 168
167 183
167 191
168 176
168 170
168 188
169 196
169 186
169 178
169 182
170 189
171 176
171 188
171 189
173 192
173 190
176 188
178 190
179 190
181 184
182 196
182 186
183 195
183 191
185 190
187 196
187 190
190 192
190 193
190 196
190 197
191 195
192 195
