0 128
0 1
0 4
0 8
0 9
0 17
0 147
0 20
0 23
0 26
0 27
0 154
0 34
0 155
0 165
0 169
0 44
0 176
0 187
0 63
0 192
0 65
0 72
0 75
0 79
0 81
0 86
0 91
0 92
0 37
0 102
0 108
0 118
0 119
0 148
1 5
1 8
1 9
1 11
1 12
1 16
1 18
1 19
1 21
1 23
1 29
1 32
1 35
1 38
1 39
1 40
1 43
1 45
1 46
1 48
1 50
1 54
1 56
1 57
1 59
1 63
1 64
1 71
1 73
1 80
1 87
1 90
1 92
1 95
1 104
1 105
1 107
1 113
1 114
1 119
1 120
1 122
1 123
1 124
1 130
1 132
1 134
1 139
1 146
1 149
1 151
1 153
1 154
1 156
1 161
1 162
1 166
1 167
1 169
1 173
1 174
1 177
1 179
1 180
1 183
1 185
1 190
1 195
1 198
1 199
2 129
2 3
2 4
2 133
2 6
2 136
2 151
2 13
2 14
2 143
2 16
2 22
2 23
2 25
2 26
2 156
2 30
2 35
2 166
2 168
2 179
2 54
2 58
2 188
2 62
2 65
2 67
2 68
2 69
2 198
2 71
2 73
2 78
2 79
2 163
2 89
2 92
2 93
2 94
2 182
2 144
2 109
2 113
2 114
2 115
2 190
2 125
3 12
4 131
4 5
4 8
4 138
4 11
4 140
4 78
4 82
4 83
4 21
4 91
4 165
4 162
4 27
4 100
4 101
4 170
4 191
4 142
4 47
4 50
4 182
4 183
4 123
4 61
4 85
5 66
5 67
5 197
5 7
5 8
5 9
5 10
5 132
5 194
5 78
5 138
5 16
5 82
5 107
5 142
5 23
5 89
5 154
5 92
5 161
5 100
5 156
5 193
5 71
5 146
5 178
5 73
5 153
5 187
5 124
5 61
6 7
6 8
6 108
7 135
7 8
7 11
7 140
7 162
7 144
7 82
7 83
7 21
7 150
7 91
7 158
7 33
7 98
7 36
7 165
7 102
7 43
7 44
7 50
7 53
7 183
7 184
7 123
7 61
8 171
8 137
8 128
8 139
8 142
8 16
8 17
8 20
8 21
8 26
8 27
8 156
8 157
8 158
8 133
8 32
8 34
8 165
8 38
8 167
8 170
8 43
8 44
8 45
8 46
8 47
8 49
8 50
8 180
8 53
8 138
8 55
8 57
8 58
8 187
8 61
8 190
8 191
8 192
8 66
8 182
8 71
8 75
8 78
8 81
8 82
8 86
8 91
8 97
8 100
8 101
8 108
8 112
8 114
8 117
8 118
8 148
9 131
9 132
9 193
9 72
9 137
9 10
9 78
9 83
9 154
9 27
9 100
9 165
9 107
9 178
9 47
9 50
9 182
9 183
9 191
10 139
10 21
10 22
10 27
10 28
10 150
10 32
10 38
10 170
10 50
10 174
10 178
10 137
10 185
10 194
10 197
10 70
10 91
10 93
10 102
10 104
11 133
11 139
11 16
11 20
11 154
11 27
11 156
11 185
11 32
11 155
11 37
11 38
11 169
11 171
11 44
11 174
11 182
11 55
11 57
11 59
11 190
11 65
11 66
11 67
11 71
11 73
11 75
11 78
11 79
11 80
11 87
11 92
11 95
11 102
11 105
11 106
11 107
11 108
11 119
11 148
12 100
12 69
12 129
12 138
12 78
12 143
12 115
12 52
12 131
12 182
12 164
12 94
13 141
13 14
13 188
13 109
13 62
13 127
14 141
14 19
14 163
14 188
14 62
14 127
15 31
16 139
16 78
16 18
16 171
16 154
16 27
16 32
16 162
16 91
16 100
16 101
16 38
16 183
16 43
16 174
16 49
16 50
16 155
16 182
16 55
16 123
16 102
17 128
17 134
17 175
17 116
17 86
18 182
18 131
18 133
18 198
18 138
18 77
18 78
18 179
18 23
18 152
18 154
18 155
18 92
18 29
18 95
18 96
18 80
18 100
18 102
18 103
18 106
18 167
18 44
18 46
18 111
18 136
18 51
18 117
18 54
18 59
18 126
19 163
19 100
19 69
19 129
19 109
19 141
19 115
19 52
19 154
19 143
19 188
19 62
19 127
20 134
20 137
20 140
20 142
20 82
20 84
20 21
20 186
20 153
20 122
20 161
20 183
20 168
20 42
20 110
20 189
20 50
20 116
20 170
20 148
20 58
20 123
20 61
20 85
21 131
21 132
21 145
21 146
21 23
21 154
21 26
21 161
21 168
21 193
21 50
21 178
21 182
21 183
21 56
21 58
21 187
21 138
21 65
21 194
21 67
21 197
21 72
21 75
21 78
21 79
21 84
21 89
21 100
21 104
21 107
21 108
21 189
21 118
21 148
21 124
22 193
22 67
22 132
22 182
22 199
22 78
22 24
22 131
22 149
22 151
22 88
22 89
22 90
22 29
22 100
22 166
22 39
22 107
22 108
22 178
22 179
22 54
22 138
23 135
23 167
23 137
23 77
23 142
23 83
23 154
23 111
23 93
23 160
23 97
23 101
23 103
23 42
23 43
23 82
23 46
23 112
23 49
23 50
23 51
23 180
23 106
23 170
23 121
23 117
23 61
23 126
23 85
24 130
24 165
24 40
24 173
24 120
24 53
24 88
24 57
24 90
24 91
24 149
25 141
25 188
25 109
25 62
25 127
26 101
26 79
26 83
26 84
26 85
27 193
27 130
27 134
27 113
27 140
27 120
27 83
27 85
27 151
27 132
27 156
27 199
27 198
27 162
27 35
27 37
27 166
27 39
27 169
27 107
27 72
27 178
27 123
27 116
27 54
27 73
27 56
27 136
27 119
28 113
28 178
28 35
28 132
28 193
28 107
28 74
29 64
29 131
29 136
29 138
29 139
29 78
29 171
29 159
29 32
29 167
29 174
29 112
29 177
29 53
29 182
29 57
29 63
30 68
31 125
32 131
32 132
32 179
32 135
32 151
32 154
32 160
32 162
32 36
32 37
32 38
32 169
32 174
32 136
32 51
32 54
32 193
32 139
32 198
32 199
32 77
32 78
32 83
32 87
32 96
32 100
32 166
32 103
32 106
32 107
32 108
32 116
32 117
32 119
32 123
32 126
33 34
33 36
33 37
33 102
33 44
33 98
33 150
33 57
33 155
33 156
33 133
34 193
34 131
34 132
34 182
34 135
34 73
34 78
34 83
34 85
34 100
34 199
34 101
34 36
34 37
34 166
34 39
34 169
34 196
34 107
34 178
34 179
34 54
34 57
34 138
35 100
35 70
35 78
35 53
35 182
35 154
36 193
36 195
36 132
36 98
36 78
36 185
36 196
36 155
36 159
36 37
36 102
36 105
36 107
36 44
36 45
36 182
36 57
37 195
37 196
37 135
37 140
37 162
37 78
37 185
37 154
37 159
37 101
37 38
37 105
37 42
37 44
37 45
37 174
37 47
37 182
37 57
37 123
37 170
37 191
38 131
38 133
38 193
38 73
38 140
38 78
38 139
38 151
38 169
38 154
38 155
38 156
38 162
38 102
38 105
38 199
38 136
38 178
38 185
38 123
38 138
39 195
39 100
39 182
39 138
39 159
39 78
39 53
39 154
39 93
39 63
40 131
40 105
40 138
40 45
40 53
40 185
40 154
40 91
42 65
42 66
42 137
42 183
42 81
42 153
42 161
42 148
42 169
42 170
42 114
42 110
42 47
42 176
42 50
42 119
42 84
42 122
42 189
42 190
42 191
43 192
43 131
43 118
43 198
43 65
43 138
43 151
43 76
43 182
43 78
43 179
43 152
43 89
43 154
43 92
43 133
43 96
43 162
43 99
43 100
43 156
43 46
43 123
43 187
43 54
43 87
43 59
44 193
44 132
44 133
44 134
44 73
44 140
44 85
44 150
44 87
44 196
44 155
44 135
44 95
44 123
44 167
44 169
44 107
44 108
44 174
44 178
44 116
44 187
44 118
44 119
44 184
44 59
44 151
44 102
45 130
45 193
45 78
45 169
45 154
45 105
45 107
45 173
45 178
45 119
45 120
45 185
46 67
46 65
46 96
46 138
46 87
46 78
46 80
46 131
46 171
46 89
46 154
46 155
46 95
46 100
46 102
46 167
46 112
46 117
46 182
46 55
46 59
47 66
47 119
47 142
47 81
47 82
47 132
47 92
47 169
47 107
47 108
47 146
47 176
47 118
47 73
47 56
47 61
48 115
48 52
48 69
48 182
48 100
48 154
48 78
48 62
48 143
49 67
49 133
49 65
49 156
49 89
49 154
49 59
49 92
50 133
50 142
50 145
50 146
50 132
50 156
50 168
50 176
50 189
50 56
50 186
50 187
50 138
50 192
50 65
50 66
50 67
50 72
50 79
50 81
50 193
50 89
50 92
50 100
50 107
50 108
50 61
50 118
50 148
50 124
51 96
51 67
51 134
51 65
51 76
51 171
51 92
51 162
51 99
51 103
51 167
51 172
51 112
51 116
51 55
51 123
52 115
53 192
53 132
53 118
53 134
53 85
53 151
53 88
53 120
53 156
53 199
53 133
53 162
53 198
53 166
53 107
53 108
53 173
53 72
53 178
53 179
53 116
53 181
53 54
53 73
53 56
53 136
53 123
54 64
54 171
54 139
54 195
54 93
54 159
54 174
54 112
54 177
54 179
54 155
54 55
54 180
54 165
54 63
55 65
55 179
55 134
55 140
55 76
55 77
55 151
55 152
55 92
55 96
55 162
55 103
55 156
55 172
55 112
55 136
55 116
55 117
55 121
55 123
55 126
56 137
56 78
56 82
56 83
56 154
56 91
56 101
56 182
56 183
56 191
57 64
57 131
57 196
57 134
57 73
57 138
57 140
57 162
57 88
57 195
57 149
57 154
57 90
57 198
57 159
57 177
57 107
57 174
57 136
57 116
57 181
57 182
57 120
57 123
57 63
58 101
58 75
58 110
58 183
58 148
58 122
58 189
59 162
59 134
59 102
59 97
59 116
59 180
59 154
59 123
59 167
61 192
61 65
61 67
61 73
61 183
61 89
61 92
61 170
61 107
61 108
61 110
61 118
61 137
61 148
61 122
61 191
62 141
62 163
62 188
63 182
63 198
63 135
63 136
63 73
63 78
63 83
63 85
63 150
63 151
63 154
63 98
63 100
63 101
63 166
63 199
63 179
63 119
63 184
64 198
64 166
64 199
64 73
64 135
64 179
64 119
64 154
64 169
65 171
65 134
65 140
65 82
65 93
65 97
65 162
65 101
65 167
65 183
65 112
65 116
65 117
65 180
65 123
65 85
66 131
66 134
66 138
66 140
66 82
66 85
66 162
66 100
66 101
66 123
66 170
67 140
67 142
67 82
67 93
67 162
67 106
67 116
67 180
69 143
70 193
70 100
70 78
70 113
70 178
70 131
70 182
70 132
71 134
71 162
71 140
71 82
71 114
71 116
71 154
71 123
71 190
72 100
72 101
72 170
72 78
72 83
72 182
72 137
72 132
72 85
73 131
73 134
73 140
73 142
73 150
73 154
73 155
73 162
73 177
73 182
73 184
73 139
73 78
73 82
73 85
73 91
73 98
73 100
73 191
73 116
73 123
74 107
75 161
75 101
75 134
75 110
75 79
75 145
75 83
75 186
75 189
75 153
75 116
75 168
75 122
75 85
76 162
76 131
76 100
76 134
76 167
76 171
76 123
77 96
77 171
77 167
77 112
77 89
77 92
78 135
78 151
78 152
78 153
78 156
78 133
78 161
78 136
78 180
78 182
78 198
78 194
78 139
78 197
78 162
78 84
78 176
78 93
78 95
78 99
78 104
78 105
78 174
78 113
78 140
78 116
78 117
78 120
79 134
79 168
79 140
79 162
79 145
79 83
79 116
79 183
79 123
80 131
80 100
80 134
80 102
80 167
80 138
80 155
80 116
80 117
80 154
80 123
81 131
81 82
81 83
81 183
81 138
81 191
82 183
82 107
82 89
82 92
82 161
82 148
82 170
82 114
82 110
82 176
82 137
82 189
82 190
82 191
83 128
83 139
83 145
83 147
83 153
83 157
83 168
83 175
83 176
83 186
83 187
83 189
83 190
83 84
83 86
83 108
83 110
83 114
83 118
83 122
84 153
84 154
84 161
84 182
84 148
84 85
85 133
85 153
85 92
85 161
85 91
85 165
85 102
85 156
85 148
85 110
85 155
85 119
85 189
85 169
86 162
86 147
86 123
86 157
87 100
87 134
87 102
87 140
87 116
87 182
87 154
87 155
88 149
88 165
88 90
88 93
89 142
89 134
89 93
89 116
89 183
89 117
90 149
90 93
91 132
91 118
91 120
91 199
91 162
91 101
91 166
91 107
91 108
91 173
91 178
91 179
91 123
92 135
92 140
92 142
92 154
92 160
92 162
92 167
92 171
92 172
92 180
92 191
92 183
92 93
92 96
92 97
92 103
92 106
92 111
92 112
92 121
92 123
93 132
93 182
93 193
93 136
93 131
93 149
93 199
93 166
93 107
93 178
93 179
93 181
93 138
95 162
95 131
95 100
95 134
95 102
95 167
95 140
95 138
95 155
95 116
95 182
95 154
95 123
95 117
96 162
96 134
96 167
96 106
96 171
96 140
96 112
96 139
96 117
96 123
97 133
97 166
97 156
97 182
97 154
98 102
98 107
98 196
98 132
98 155
98 135
99 162
99 134
99 167
99 138
99 140
99 116
100 130
100 134
100 139
100 151
100 152
100 156
100 133
100 173
100 136
100 104
100 167
100 110
100 174
100 113
100 117
100 120
101 133
101 156
101 186
101 168
101 169
101 119
101 148
102 132
102 133
102 136
102 140
102 174
102 150
102 156
102 162
102 166
102 167
102 135
102 178
102 179
102 187
102 192
102 193
102 196
102 199
102 108
102 116
102 118
103 139
103 167
103 172
103 112
103 171
104 194
104 131
104 132
104 197
104 193
104 107
104 182
104 183
104 138
105 130
105 132
105 134
105 140
105 173
105 154
105 162
105 107
105 174
105 178
105 116
105 182
105 120
105 185
105 123
106 162
106 139
106 134
106 167
106 140
106 116
107 132
107 134
107 135
107 139
107 140
107 146
107 154
107 150
107 155
107 165
107 170
107 174
107 137
107 184
107 191
107 194
107 197
107 183
107 162
107 185
107 113
107 116
107 123
107 124
108 139
108 140
108 142
108 158
108 165
108 162
108 155
108 134
108 116
108 183
108 123
108 191
110 131
110 142
110 145
110 148
110 138
111 160
111 112
111 171
111 167
111 162
112 133
112 198
112 199
112 151
112 179
112 166
112 156
112 171
112 172
112 136
112 117
112 160
112 121
112 126
113 131
113 154
113 182
114 134
114 140
114 162
114 116
114 154
114 123
116 128
116 139
116 147
116 157
116 185
116 155
116 169
116 171
116 190
116 192
116 187
116 118
116 119
116 160
116 148
116 126
117 131
117 138
117 139
117 155
117 171
117 182
118 192
118 137
118 187
118 142
118 144
118 158
118 165
118 134
118 170
118 183
118 123
118 191
119 195
119 134
119 137
119 162
119 154
119 159
119 191
119 177
119 123
119 170
120 131
120 165
120 138
120 182
120 185
120 154
121 167
122 131
122 138
122 142
122 154
122 189
122 183
122 148
122 186
123 171
123 133
123 152
123 154
123 155
123 169
123 175
123 182
123 190
123 160
123 185
123 165
123 148
123 126
124 131
124 132
124 137
124 170
124 146
124 183
124 154
126 171
126 134
126 167
126 139
127 163
127 188
128 134
128 140
128 157
130 185
130 154
131 134
131 151
131 198
131 167
131 173
131 176
131 136
131 189
131 146
131 174
132 194
132 135
132 146
132 197
132 154
132 165
132 170
132 155
132 137
132 185
133 171
133 196
133 140
133 154
133 155
133 162
133 167
133 174
133 182
133 183
134 138
134 147
134 152
134 154
134 185
134 160
134 155
134 169
134 171
134 182
134 190
134 192
134 187
134 148
135 195
135 139
135 150
135 155
135 159
135 177
135 182
135 184
135 185
136 198
136 138
136 195
136 159
136 155
136 167
136 171
136 174
136 182
137 192
137 193
137 178
137 169
137 146
137 176
137 183
137 187
138 139
138 194
138 151
138 152
138 167
138 173
138 174
138 176
138 183
138 189
138 197
138 198
139 182
139 198
139 140
139 151
139 154
139 156
139 193
139 162
139 178
139 179
139 160
140 185
140 155
140 169
140 174
140 182
140 187
140 190
140 192
140 148
141 163
141 188
142 192
142 148
142 183
142 187
142 189
142 191
144 192
145 183
145 189
146 170
146 154
146 191
147 175
148 153
148 161
148 162
148 189
149 181
149 154
150 196
150 178
150 193
150 155
151 171
151 154
151 167
151 174
152 167
152 171
152 182
153 161
153 182
154 156
154 185
154 161
154 162
154 169
154 180
154 189
154 190
154 194
154 197
154 198
154 199
154 166
154 174
155 192
155 193
155 162
155 196
155 199
155 187
155 166
155 167
155 179
155 184
156 196
156 162
156 171
156 174
156 182
156 183
157 175
158 187
159 198
159 166
159 179
159 199
160 162
161 182
162 169
162 174
162 182
162 190
162 192
162 185
162 165
162 187
163 188
165 199
165 187
165 166
165 173
165 179
165 181
166 195
166 174
166 177
166 180
167 198
167 172
168 183
168 186
169 174
169 177
169 170
169 191
170 192
170 193
170 178
171 198
174 193
174 185
174 178
174 179
174 199
176 182
176 183
177 198
177 199
177 179
178 194
178 197
178 184
179 195
179 180
180 182
180 199
182 198
182 194
182 197
183 186
183 187
183 192
183 194
183 197
183 189
184 196
185 193
186 189
187 191
191 192
193 194
193 197
195 198
195 199
