0 1
0 66
0 3
0 179
0 198
0 8
0 138
0 11
0 14
0 79
0 17
0 19
0 120
0 26
0 184
0 32
0 97
0 67
0 99
0 39
0 106
0 43
0 114
0 50
0 51
0 170
0 56
0 60
0 125
0 62
1 66
1 3
1 8
1 9
1 10
1 79
1 67
1 84
1 21
1 152
1 26
1 29
1 99
1 102
1 170
1 50
1 19
1 125
1 62
1 85
2 115
2 180
2 196
2 134
2 87
2 57
3 130
3 131
3 133
3 7
3 142
3 15
3 16
3 19
3 22
3 152
3 155
3 30
3 32
3 36
3 168
3 41
3 170
3 172
3 46
3 51
3 53
3 184
3 188
3 181
3 64
3 194
3 72
3 80
3 56
3 93
3 96
3 108
3 119
3 121
3 126
4 5
4 109
4 14
4 17
4 114
4 120
4 125
5 64
5 193
5 66
5 67
5 7
5 9
5 75
5 12
5 80
5 19
5 22
5 175
5 32
5 33
5 98
5 99
5 167
5 40
5 71
5 46
5 47
5 147
5 52
5 137
5 59
6 164
6 178
6 173
6 78
6 157
6 81
6 18
6 196
6 57
6 154
6 122
7 9
7 11
7 17
7 147
7 21
7 29
7 69
7 161
7 102
7 39
7 106
7 109
7 175
7 52
7 137
7 59
7 60
7 62
8 130
8 132
8 129
8 136
8 137
8 138
8 143
8 16
8 146
8 147
8 20
8 23
8 152
8 25
8 27
8 29
8 159
8 160
8 34
8 155
8 36
8 165
8 169
8 42
8 174
8 175
8 189
8 51
8 52
8 181
8 55
8 56
8 185
8 59
8 188
8 61
8 62
8 63
8 198
8 65
8 197
8 70
8 72
8 74
8 183
8 77
8 184
8 82
8 85
8 89
8 90
8 92
8 93
8 96
8 97
8 148
8 187
8 104
8 105
8 108
8 110
8 111
8 113
8 153
8 121
8 123
8 127
9 145
9 15
9 17
9 19
9 20
9 21
9 31
9 32
9 161
9 34
9 36
9 43
9 44
9 45
9 46
9 179
9 56
9 60
9 64
9 65
9 67
9 79
9 80
9 82
9 84
9 85
9 92
9 94
9 103
9 104
9 188
9 108
9 109
9 174
9 114
9 117
9 120
9 148
9 123
9 125
9 126
9 127
10 128
10 130
10 133
10 129
10 136
10 138
10 12
10 14
10 16
10 145
10 150
10 23
10 25
10 26
10 27
10 159
10 32
10 34
10 155
10 163
10 38
10 170
10 44
10 176
10 177
10 181
10 56
10 188
10 61
10 70
10 71
10 73
10 74
10 83
10 142
10 86
10 89
10 92
10 165
10 96
10 101
10 104
10 105
10 110
10 118
10 119
10 121
10 123
10 126
10 127
11 129
11 131
11 132
11 179
11 136
11 14
11 15
11 16
11 145
11 19
11 20
11 22
11 23
11 152
11 25
11 26
11 27
11 30
11 161
11 165
11 168
11 169
11 43
11 44
11 47
11 53
11 184
11 185
11 58
11 60
11 189
11 62
11 181
11 64
11 66
11 197
11 198
11 74
11 77
11 79
11 80
11 84
11 89
11 93
11 97
11 105
11 110
12 68
12 137
12 13
12 14
12 143
12 17
12 82
12 21
12 26
12 31
12 187
12 109
12 113
12 52
12 59
12 60
12 85
13 128
13 129
13 132
13 162
13 136
13 16
13 146
13 148
13 150
13 27
13 31
13 32
13 34
13 163
13 36
13 41
13 42
13 45
13 174
13 176
13 177
13 50
13 181
13 185
13 188
13 63
13 68
13 197
13 70
13 71
13 73
13 74
13 77
13 88
13 89
13 92
13 144
13 101
13 103
13 108
13 118
13 123
13 170
13 126
14 129
14 130
14 133
14 136
14 137
14 175
14 142
14 15
14 16
14 145
14 147
14 20
14 23
14 152
14 25
14 27
14 159
14 33
14 197
14 155
14 36
14 163
14 38
14 167
14 40
14 41
14 44
14 47
14 176
14 172
14 181
14 183
14 185
14 59
14 193
14 69
14 70
14 72
14 74
14 75
14 77
14 83
14 85
14 89
14 90
14 94
14 165
14 96
14 144
14 98
14 105
14 106
14 110
14 119
14 121
14 127
15 69
15 17
15 167
15 147
15 85
15 29
15 33
15 102
15 39
15 106
15 43
15 46
15 175
15 114
15 179
15 137
15 120
15 59
15 60
15 62
16 161
16 68
16 39
16 76
16 43
16 171
16 149
16 26
17 128
17 131
17 138
17 144
17 20
17 23
17 152
17 132
17 27
17 29
17 30
17 33
17 36
17 39
17 129
17 42
17 46
17 176
17 52
17 53
17 188
17 189
17 62
17 193
17 194
17 69
17 70
17 71
17 73
17 74
17 75
17 83
17 92
17 93
17 94
17 98
17 101
17 102
17 104
17 167
17 108
17 110
17 168
17 117
17 126
18 35
18 164
18 154
18 87
18 122
18 91
18 124
18 157
18 190
18 95
19 38
19 39
19 106
19 109
19 125
19 152
19 52
19 21
19 56
19 26
19 102
19 69
20 139
20 69
20 76
20 147
20 85
20 152
20 26
20 29
20 161
20 102
20 38
20 39
20 106
20 171
20 175
20 52
20 137
20 59
20 60
20 62
21 131
21 64
21 128
21 75
21 162
21 152
21 82
21 85
21 88
21 30
21 31
21 32
21 98
21 40
21 42
21 71
21 47
21 168
21 52
21 137
21 56
22 102
22 40
22 109
22 52
22 117
22 60
22 29
22 94
22 69
23 39
23 114
23 120
23 29
24 81
24 158
25 132
25 197
25 77
25 145
25 83
25 89
25 29
25 161
25 38
25 110
25 179
25 185
25 74
25 62
26 130
26 132
26 133
26 129
26 194
26 142
26 150
26 152
26 27
26 29
26 197
26 32
26 155
26 36
26 198
26 38
26 39
26 41
26 170
26 199
26 44
26 45
26 50
26 51
26 53
26 138
26 56
26 185
26 58
26 188
26 61
26 62
26 191
26 192
26 66
26 67
26 68
26 69
26 70
26 71
26 72
26 74
26 77
26 79
26 184
26 163
26 86
26 89
26 93
26 96
26 97
26 99
26 166
26 104
26 106
26 108
26 110
26 121
26 126
26 127
27 129
27 143
27 29
27 161
27 38
27 43
27 113
27 114
27 179
27 52
27 187
28 107
29 131
29 30
29 159
29 32
29 34
29 163
29 165
29 39
29 40
29 170
29 44
29 47
29 176
29 50
29 51
29 53
29 56
29 60
29 62
29 64
29 194
29 69
29 70
29 129
29 74
29 184
29 83
29 92
29 94
29 97
29 101
29 145
29 105
29 106
29 110
29 111
29 114
29 117
29 120
29 123
30 179
30 168
30 106
30 43
30 109
30 125
30 114
30 131
30 60
30 62
31 162
31 42
31 143
31 113
31 52
31 153
31 187
31 125
31 85
32 68
32 139
32 76
32 152
32 102
32 38
32 171
32 109
32 52
32 125
32 62
32 149
33 167
33 109
33 114
34 69
34 139
34 76
34 143
34 148
34 38
34 39
34 106
34 171
34 114
34 52
34 120
34 187
34 62
35 49
35 196
35 37
35 81
35 57
35 135
36 68
36 143
36 85
36 161
36 102
36 38
36 43
36 108
36 113
36 114
36 179
36 52
36 137
36 120
36 187
36 60
37 134
37 141
37 112
37 81
37 116
37 151
37 57
37 186
37 91
37 158
38 129
38 194
38 198
38 71
38 150
38 92
38 97
38 166
38 104
38 41
38 170
38 191
38 108
38 45
38 169
38 56
38 148
38 58
38 123
38 188
38 138
38 126
38 127
39 131
39 138
39 150
39 159
39 165
39 166
39 41
39 45
39 51
39 181
39 184
39 60
39 189
39 62
39 67
39 69
39 72
39 79
39 84
39 93
39 188
39 97
39 99
39 104
39 105
39 111
39 148
39 126
40 64
40 161
40 102
40 109
40 47
40 80
40 60
40 62
40 69
41 161
41 68
41 69
41 106
41 43
41 76
41 143
41 179
41 113
41 171
41 139
41 149
41 187
42 139
42 76
42 82
42 149
42 88
42 160
42 103
42 171
42 174
42 114
42 52
42 55
42 120
42 63
42 60
43 128
43 133
43 172
43 136
43 138
43 142
43 145
43 159
43 163
43 165
43 168
43 44
43 47
43 176
43 51
43 52
43 181
43 137
43 184
43 185
43 59
43 169
43 191
43 72
43 73
43 74
43 75
43 83
43 85
43 89
43 93
43 94
43 97
43 101
43 102
43 104
43 105
43 110
43 111
43 117
43 118
43 119
43 183
43 127
44 136
44 147
44 161
44 163
44 175
44 176
44 177
44 179
44 52
44 59
44 60
44 62
44 192
44 68
44 70
44 199
44 73
44 74
44 77
44 83
44 85
44 86
44 89
44 101
44 102
44 110
44 114
44 120
45 76
45 147
45 85
45 150
45 106
45 171
45 175
45 114
45 52
45 120
45 59
45 149
46 175
46 102
46 109
46 114
46 52
46 85
46 137
46 120
46 59
46 60
47 137
47 147
47 94
47 102
47 109
47 175
47 179
47 52
47 117
47 59
47 60
47 125
47 62
47 85
49 186
49 140
49 141
49 116
49 122
49 54
49 87
49 154
49 157
49 190
49 95
50 68
50 69
50 139
50 143
50 152
50 170
50 109
50 113
50 62
51 97
51 106
51 184
51 179
51 52
51 152
51 62
52 128
52 162
52 194
52 144
52 146
52 153
52 179
52 150
52 161
52 163
52 165
52 166
52 145
52 136
52 55
52 56
52 185
52 159
52 60
52 63
52 160
52 66
52 71
52 73
52 74
52 77
52 79
52 80
52 184
52 83
52 84
52 88
52 89
52 92
52 174
52 94
52 188
52 97
52 104
52 105
52 109
52 111
52 114
52 117
52 118
52 120
52 148
52 123
52 125
52 126
52 127
53 69
53 106
53 114
53 60
53 62
54 112
54 100
54 135
54 156
54 91
54 151
55 137
55 175
55 147
55 85
55 153
55 59
55 60
55 125
56 152
56 102
56 170
56 109
56 137
56 62
56 85
57 100
57 135
57 157
57 87
57 164
57 122
57 91
57 124
57 154
58 161
58 169
59 128
59 138
59 145
59 150
59 160
59 161
59 166
59 136
59 179
59 185
59 63
59 65
59 197
59 70
59 71
59 74
59 77
59 82
59 88
59 89
59 93
59 108
59 109
59 110
59 125
59 126
60 131
60 138
60 145
60 146
60 152
60 197
60 160
60 185
60 62
60 63
60 64
60 194
60 69
60 73
60 74
60 75
60 80
60 88
60 93
60 94
60 98
60 102
60 106
60 108
60 110
60 168
60 117
62 131
62 144
62 163
62 165
62 136
62 185
62 64
62 194
62 129
62 69
62 70
62 74
62 77
62 80
62 83
62 89
62 97
62 145
62 105
62 106
62 110
62 168
62 120
62 148
63 171
63 137
63 139
63 76
63 175
63 149
63 125
63 85
64 117
64 106
64 109
64 125
64 69
65 128
65 102
65 71
65 171
65 76
65 175
65 85
65 137
65 153
65 149
66 137
66 109
66 85
66 152
67 99
67 102
67 106
67 109
67 152
67 69
68 128
68 132
68 71
68 136
68 108
68 74
68 77
68 88
68 93
68 163
68 177
68 170
68 113
68 181
68 118
68 138
69 131
69 159
69 165
69 170
69 189
69 194
69 198
69 79
69 80
69 84
69 92
69 93
69 94
69 188
69 99
69 104
69 105
69 106
69 108
69 111
69 168
69 117
69 120
69 148
69 123
69 126
69 127
70 73
70 143
70 83
70 86
70 161
70 163
70 101
70 145
70 177
70 175
70 176
70 113
70 147
70 187
70 118
71 171
71 137
71 139
71 143
71 82
71 147
71 161
71 187
71 102
71 175
71 113
71 114
71 179
71 120
71 125
71 149
72 106
73 171
73 197
73 136
73 74
73 139
73 76
73 143
73 83
73 85
73 89
73 161
73 145
73 110
73 113
73 114
73 179
73 120
73 187
73 149
74 192
74 197
74 199
74 76
74 77
74 83
74 85
74 86
74 89
74 161
74 163
74 101
74 145
74 177
74 114
74 179
74 137
74 120
74 185
75 161
75 109
75 114
75 179
75 120
75 125
76 128
76 138
76 145
76 146
76 149
76 150
76 153
76 160
76 162
76 163
76 166
76 171
76 176
76 177
76 181
76 188
76 197
76 77
76 88
76 89
76 92
76 93
76 144
76 101
76 118
76 123
77 132
77 197
77 137
77 143
77 145
77 83
77 85
77 86
77 89
77 161
77 163
77 101
77 175
77 176
77 147
77 187
77 185
78 100
78 135
78 178
78 180
78 87
78 122
79 102
79 106
79 152
80 117
80 102
80 109
80 94
81 115
81 180
81 87
81 135
81 124
81 95
82 128
82 149
82 162
82 171
82 102
82 139
82 175
82 147
82 137
82 125
82 85
83 132
83 197
83 199
83 136
83 144
83 86
83 89
83 161
83 101
83 145
83 110
83 176
83 177
83 114
83 179
83 118
83 120
83 185
84 102
84 152
85 128
85 129
85 138
85 144
85 145
85 150
85 160
85 161
85 163
85 166
85 179
85 188
85 192
85 199
85 88
85 93
85 102
85 103
85 104
85 108
85 109
85 174
85 125
85 126
85 127
86 132
86 197
86 136
86 139
86 145
86 171
86 113
86 187
86 149
87 196
87 134
87 156
87 173
87 190
87 112
87 115
87 180
87 178
87 151
87 124
87 154
87 158
88 149
88 162
88 187
88 139
88 143
88 113
88 153
88 125
89 139
89 179
89 144
89 145
89 197
89 161
89 171
89 175
89 113
89 114
89 147
89 118
89 137
89 120
89 136
90 161
90 179
91 100
91 135
91 140
91 141
91 112
91 116
91 151
91 186
91 95
92 171
92 113
92 139
92 143
92 102
92 149
92 187
93 171
93 139
93 152
93 161
93 106
93 114
93 179
93 120
93 138
94 161
94 109
94 114
94 179
94 120
95 140
95 141
95 116
95 186
95 158
97 161
97 179
97 106
97 184
97 152
98 125
98 109
99 102
99 106
99 152
100 196
100 134
100 140
100 141
100 173
100 112
100 178
100 116
100 151
100 186
100 156
100 158
101 171
101 132
101 136
101 143
101 161
101 113
101 187
101 149
102 128
102 161
102 179
102 145
102 104
102 188
102 108
102 117
102 120
102 123
102 125
102 126
102 127
103 137
103 113
103 125
104 143
104 161
104 106
104 114
104 187
105 179
105 106
105 165
106 131
106 138
106 152
106 159
106 165
106 166
106 168
106 189
106 181
106 194
106 188
106 108
106 111
106 120
106 148
106 126
107 182
108 147
108 187
108 175
108 113
108 114
108 137
108 120
109 128
109 131
109 193
109 168
109 137
109 117
110 144
110 161
110 145
110 114
110 179
110 137
110 120
111 161
111 179
111 120
112 135
112 151
112 141
112 157
112 116
112 164
112 186
112 124
112 154
112 190
113 192
113 197
113 144
113 146
113 177
113 199
113 160
113 163
113 170
113 127
113 174
113 176
113 136
113 118
113 185
113 123
114 128
114 131
114 129
114 138
114 144
114 145
114 148
114 150
114 152
114 153
114 166
114 168
114 189
114 193
114 194
114 197
114 162
114 117
114 126
114 127
115 164
115 134
115 151
115 157
115 190
115 122
115 154
115 158
116 135
116 151
117 161
117 179
117 120
118 132
118 197
118 139
118 143
118 145
118 149
118 161
118 171
118 179
118 185
118 187
119 161
119 179
120 128
120 132
120 129
120 138
120 144
120 145
120 148
120 150
120 159
120 166
120 167
120 197
120 185
120 188
120 189
120 193
120 194
120 162
120 153
120 126
121 155
122 196
122 134
122 178
122 173
122 151
122 124
123 171
123 149
124 164
124 134
124 178
124 196
124 151
124 173
124 157
124 190
124 156
124 154
124 158
125 131
125 193
125 152
125 175
125 168
125 146
125 174
125 147
125 160
125 137
126 147
126 175
126 137
126 149
127 187
127 161
127 143
127 179
128 139
128 147
128 179
129 161
129 179
131 161
131 168
131 179
132 199
132 177
132 163
132 145
132 176
132 136
133 161
133 142
134 135
134 157
134 180
134 154
135 196
135 140
135 141
135 173
135 178
135 151
135 186
135 156
135 158
136 192
136 139
136 179
136 199
136 143
136 144
136 145
136 149
136 197
136 161
136 163
136 171
136 175
136 176
136 147
136 187
136 137
136 185
137 150
137 160
137 161
137 146
137 174
137 179
137 188
138 139
138 147
138 152
138 161
138 175
138 179
139 144
139 145
139 146
139 149
139 150
139 153
139 160
139 162
139 163
139 166
139 171
139 176
139 177
139 181
139 185
139 192
139 197
139 199
139 148
140 151
141 156
141 186
141 151
142 179
142 161
143 192
143 197
143 144
143 160
143 163
143 177
143 170
143 199
143 176
143 185
144 197
144 161
144 179
144 185
144 187
145 192
145 197
145 199
145 161
145 163
145 175
145 176
145 177
145 179
145 149
146 162
146 171
146 175
146 147
146 149
146 153
147 150
147 197
147 166
147 185
147 188
148 171
148 149
149 192
149 162
149 185
149 166
149 199
149 177
149 181
149 160
149 188
150 175
150 171
150 166
151 180
151 156
151 157
151 164
151 186
151 190
152 194
152 170
153 162
154 164
154 190
156 157
156 190
157 196
157 180
159 161
159 179
160 171
160 175
160 187
161 163
161 198
161 168
161 199
161 176
161 177
161 184
161 191
161 192
161 197
161 183
162 171
163 179
164 196
164 180
164 190
166 171
166 175
168 179
169 198
169 179
169 191
170 187
171 192
171 199
171 177
171 181
171 188
175 197
175 185
175 188
176 179
176 187
177 187
179 181
179 184
179 185
179 191
179 197
179 183
180 190
182 195
185 192
185 197
185 199
185 187
187 192
187 197
190 196
192 197
