0 136
0 79
0 84
0 22
0 89
0 90
0 173
0 176
0 57
0 56
0 121
1 130
1 4
1 5
1 8
1 79
1 18
1 196
1 22
1 23
1 89
1 158
1 69
1 161
1 162
1 165
1 47
1 178
1 116
1 118
1 184
1 31
1 127
2 64
2 110
2 37
2 167
2 137
2 95
2 108
2 77
2 109
2 81
2 50
2 83
2 85
2 152
2 25
2 61
2 149
3 129
3 107
3 198
3 7
3 9
3 77
3 144
3 18
3 20
3 150
3 91
3 160
3 187
3 36
3 39
3 41
3 103
3 110
3 47
3 114
3 53
3 118
3 73
3 186
3 59
3 188
3 126
3 117
4 131
4 5
4 7
4 8
4 9
4 10
4 11
4 12
4 14
4 15
4 152
4 21
4 150
4 23
4 24
4 25
4 179
4 156
4 158
4 197
4 34
4 36
4 37
4 38
4 167
4 129
4 169
4 42
4 43
4 174
4 175
4 51
4 138
4 137
4 184
4 58
4 59
4 60
4 61
4 62
4 63
4 64
4 67
4 196
4 69
4 73
4 74
4 80
4 82
4 139
4 86
4 92
4 186
4 94
4 165
4 96
4 100
4 102
4 188
4 107
4 108
4 110
4 189
4 114
4 115
4 190
4 120
4 122
5 131
5 150
5 7
5 10
5 14
5 18
5 19
5 22
5 24
5 25
5 29
5 161
5 163
5 36
5 37
5 129
5 171
5 174
5 53
5 138
5 57
5 186
5 59
5 188
5 61
5 198
5 195
5 70
5 79
5 84
5 89
5 92
5 96
5 102
5 107
5 111
5 116
5 117
5 118
5 120
5 124
6 131
6 133
6 134
6 7
6 136
6 137
6 140
6 142
6 15
6 174
6 22
6 24
6 25
6 155
6 31
6 34
6 167
6 40
6 169
6 173
6 46
6 176
6 51
6 183
6 186
6 59
6 60
6 61
6 71
6 143
6 84
6 88
6 89
6 91
6 96
6 100
6 101
6 188
6 189
6 117
6 121
6 123
6 124
7 192
7 111
7 142
7 79
7 17
7 18
7 148
7 26
7 27
7 93
7 31
7 161
7 98
7 155
7 104
7 105
7 47
7 48
7 116
7 118
7 124
7 127
8 195
8 70
8 103
8 40
8 41
8 171
8 14
8 144
8 178
8 54
8 183
8 187
8 29
9 136
9 73
9 79
9 16
9 82
9 67
9 84
9 21
9 22
9 153
9 89
9 154
9 31
9 161
9 43
9 111
9 116
9 57
9 58
9 124
9 127
10 130
10 199
10 77
10 28
10 17
10 148
10 196
10 92
10 93
10 197
10 36
10 39
10 104
10 156
10 106
10 110
10 114
10 127
11 198
11 166
11 42
11 13
11 53
11 73
11 56
11 153
11 90
11 59
12 197
12 168
12 50
12 52
12 86
12 156
13 198
13 136
13 74
13 190
13 80
13 82
13 19
13 84
13 22
13 121
13 89
13 16
13 40
13 42
13 43
13 44
13 173
13 46
13 47
13 176
13 147
13 53
13 182
13 153
13 57
13 123
13 126
14 130
14 199
14 18
14 19
14 86
14 23
14 196
14 156
14 158
14 69
14 162
14 165
14 168
14 197
14 45
14 47
14 178
14 52
14 118
14 184
14 122
15 116
15 38
15 136
15 142
15 47
15 84
15 21
15 118
15 68
15 189
15 31
16 145
16 21
16 73
16 153
16 90
16 123
16 38
16 43
16 44
16 179
16 55
16 56
17 129
17 36
17 188
17 39
17 77
17 110
17 48
17 114
17 148
17 117
17 150
17 186
17 92
18 130
18 137
18 138
18 19
18 20
18 174
18 150
18 152
18 156
18 29
18 159
18 34
18 166
18 167
18 40
18 171
18 173
18 46
18 176
18 52
18 54
18 183
18 56
18 186
18 188
18 61
18 63
18 64
18 195
18 196
18 197
18 70
18 199
18 85
18 86
18 90
18 91
18 96
18 108
18 168
18 117
18 121
18 191
18 126
18 127
19 70
19 97
19 190
19 67
19 20
19 21
19 86
19 118
19 156
19 29
19 197
19 160
19 177
19 40
19 41
19 42
19 171
19 46
19 168
19 147
19 52
19 181
19 54
19 183
19 126
19 127
20 162
20 69
20 70
20 168
20 156
20 197
20 184
20 122
20 86
20 29
20 126
20 127
21 100
21 42
21 140
21 190
21 169
21 53
21 73
21 153
21 57
21 154
21 59
21 60
21 189
21 126
22 130
22 136
22 140
22 142
22 143
22 141
22 147
22 151
22 155
22 157
22 31
22 133
22 33
22 37
22 166
22 167
22 40
22 169
22 42
22 172
22 173
22 46
22 175
22 176
22 177
22 190
22 51
22 180
22 181
22 56
22 59
22 60
22 61
22 134
22 196
22 71
22 73
22 79
22 84
22 88
22 90
22 94
22 97
22 101
22 111
22 62
22 123
22 124
23 171
23 70
23 97
23 41
23 103
23 173
23 46
23 177
23 147
23 54
23 187
23 195
23 29
23 181
24 128
24 185
24 136
24 76
24 194
24 78
24 79
24 81
24 196
24 142
24 87
24 89
24 155
24 27
24 86
24 30
24 197
24 32
24 161
24 98
24 35
24 168
24 156
24 170
24 146
24 47
24 49
24 50
24 52
24 118
24 119
24 116
24 95
24 124
24 149
25 192
25 155
25 194
25 72
25 75
25 66
25 142
25 79
25 146
25 84
25 196
25 89
25 26
25 27
25 31
25 32
25 161
25 35
25 164
25 113
25 105
25 170
25 111
25 112
25 49
25 116
25 119
25 132
25 136
25 124
25 125
26 37
26 186
26 117
27 129
27 194
27 131
27 37
27 191
27 117
27 186
27 91
27 188
28 163
28 102
28 104
28 106
28 107
28 77
28 110
28 93
28 115
28 120
29 130
29 195
29 196
29 199
29 158
29 69
29 162
29 165
29 103
29 171
29 45
29 47
29 178
29 184
29 126
30 64
30 96
30 34
30 37
30 167
30 137
30 138
30 108
30 152
30 50
30 85
30 61
31 136
31 139
31 142
31 145
31 150
31 155
31 157
31 159
31 33
31 37
31 40
31 42
31 174
31 183
31 186
31 59
31 188
31 189
31 63
31 129
31 84
31 89
31 91
31 100
31 101
31 108
31 111
31 117
31 123
31 124
32 64
32 131
32 37
32 167
32 137
32 108
32 174
32 152
32 85
32 61
32 63
33 198
33 161
33 139
33 126
33 145
33 147
33 40
33 173
33 46
33 111
33 177
33 53
33 183
33 57
33 124
33 181
34 193
34 66
34 199
34 136
34 76
34 142
34 81
34 83
34 84
34 149
34 87
34 196
34 111
34 95
34 98
34 170
34 146
34 47
34 49
34 50
34 118
34 124
35 64
35 37
35 167
35 137
35 108
35 174
35 152
35 85
35 61
35 63
36 130
36 199
36 77
36 110
36 196
36 92
36 127
37 135
37 72
37 75
37 130
37 99
37 196
37 87
37 89
37 98
37 164
37 199
37 112
37 116
37 119
38 68
38 65
38 198
38 139
38 141
38 51
38 53
38 55
38 153
38 57
38 154
38 189
38 62
39 113
39 104
39 156
39 135
39 48
39 114
39 106
39 148
39 168
39 92
39 125
39 127
40 161
40 142
40 145
40 84
40 89
40 90
40 47
40 157
40 162
40 155
40 166
40 111
40 116
40 118
40 183
40 56
40 124
40 126
41 130
41 165
41 70
41 199
41 45
41 168
41 178
41 52
41 54
41 122
41 156
41 158
41 127
42 67
42 182
42 80
42 145
42 82
42 89
42 90
42 157
42 166
42 43
42 44
42 47
42 179
42 116
42 56
42 58
42 126
43 166
43 100
43 139
43 190
43 141
43 51
43 153
43 126
43 73
43 56
43 57
43 154
43 62
44 65
44 198
44 166
44 94
44 141
44 190
44 53
44 154
44 62
45 195
45 171
45 54
45 183
45 187
46 97
46 57
46 151
46 79
46 145
46 89
46 90
46 47
46 155
46 172
46 111
46 176
46 177
46 53
46 121
46 126
46 181
47 133
47 134
47 137
47 138
47 140
47 145
47 131
47 150
47 156
47 160
47 166
47 167
47 129
47 169
47 171
47 173
47 157
47 176
47 54
47 183
47 61
47 191
47 64
47 65
47 152
47 197
47 70
47 71
47 85
47 86
47 88
47 90
47 91
47 94
47 97
47 101
47 195
47 108
47 189
47 147
47 121
47 126
47 127
48 129
48 163
48 102
48 107
48 77
48 110
48 150
48 186
49 131
49 146
49 167
49 61
49 174
50 64
50 128
50 131
50 135
50 137
50 138
50 78
50 81
50 83
50 149
50 87
50 91
50 95
50 96
50 163
50 102
50 167
50 107
50 108
50 109
50 174
50 125
50 113
50 191
50 120
50 185
50 159
50 61
50 63
51 136
51 141
51 142
51 79
51 80
51 84
51 89
51 90
51 155
51 166
51 111
51 118
51 56
51 124
52 73
52 77
52 174
52 156
52 160
52 163
52 102
52 168
52 103
52 110
52 118
52 120
52 126
53 130
53 68
53 199
53 80
53 145
53 82
53 196
53 157
53 182
53 55
53 58
54 160
54 162
54 69
54 103
54 144
54 118
54 184
54 122
54 187
54 158
54 165
55 68
55 198
55 154
55 62
56 65
56 67
56 141
56 79
56 139
56 151
56 89
56 90
56 111
56 154
56 94
56 166
56 118
56 153
56 123
56 62
57 68
57 97
57 80
57 147
57 151
57 196
57 100
57 172
57 173
57 176
57 177
57 181
57 73
57 121
57 59
57 127
58 65
58 198
58 139
58 141
58 190
58 82
58 74
58 62
59 130
59 199
59 136
59 142
59 79
59 84
59 153
59 89
59 154
59 155
59 86
59 197
59 196
59 111
59 116
59 124
60 101
60 161
60 136
60 111
60 142
60 79
60 84
60 88
60 89
60 155
60 118
61 135
61 136
61 130
61 142
61 149
61 132
61 156
61 170
61 193
61 194
61 196
61 199
61 72
61 75
61 79
61 81
61 83
61 84
61 87
61 89
61 95
61 98
61 99
61 146
61 111
61 112
61 113
61 118
61 119
61 124
61 125
62 166
62 74
62 79
62 82
62 179
62 68
62 90
62 182
63 128
63 136
63 137
63 78
63 79
63 81
63 83
63 84
63 87
63 161
63 108
63 109
63 111
63 113
63 116
63 119
63 185
63 124
63 125
64 128
64 135
64 78
64 81
64 83
64 85
64 87
64 152
64 132
64 109
64 112
64 119
64 185
64 149
65 118
65 141
65 80
65 179
65 182
65 89
65 79
65 94
65 166
66 193
66 167
66 170
66 76
66 138
67 100
67 198
67 166
67 139
67 90
67 190
68 198
68 139
68 189
69 160
69 103
69 171
70 160
70 130
70 196
70 162
70 199
70 144
70 118
70 122
70 187
70 126
70 165
71 133
71 169
71 111
71 140
71 175
71 142
71 79
71 180
71 118
71 89
71 134
72 167
73 100
73 116
73 161
73 168
73 79
73 153
73 154
73 156
74 198
74 139
75 167
75 152
75 85
76 96
76 131
76 167
76 170
76 91
76 138
77 197
77 135
77 148
77 92
77 93
77 104
77 156
77 106
77 113
77 114
77 168
77 127
78 96
78 131
78 135
78 159
78 137
78 138
78 108
78 191
78 174
78 113
78 85
78 91
78 125
79 130
79 137
79 139
79 145
79 147
79 174
79 133
79 161
79 166
79 199
79 159
79 173
79 176
79 177
79 181
79 196
79 88
79 89
79 90
79 91
79 94
79 100
79 101
79 108
79 191
79 116
79 121
79 123
80 139
80 198
80 190
80 141
80 94
81 131
81 135
81 137
81 138
81 152
81 83
81 149
81 91
81 159
81 95
81 96
81 167
81 108
81 191
81 174
81 113
81 125
81 85
82 100
82 198
82 139
82 190
83 96
83 113
83 137
83 138
83 135
83 108
83 125
83 85
83 152
83 167
84 129
84 130
84 131
84 140
84 142
84 151
84 155
84 172
84 150
84 133
84 161
84 134
84 166
84 167
84 159
84 176
84 189
84 183
84 88
84 89
84 90
84 91
84 94
84 96
84 100
84 191
84 111
84 116
84 121
84 123
84 124
85 128
85 132
85 135
85 149
85 87
85 152
85 95
85 164
85 109
85 112
85 118
85 119
85 185
85 125
86 197
86 174
86 91
86 160
86 163
86 102
86 103
86 110
86 115
86 118
86 120
86 126
87 96
87 131
87 167
87 159
87 137
87 138
87 108
87 191
87 174
87 152
87 91
88 161
88 155
88 118
88 136
88 124
88 175
88 142
88 180
88 116
88 89
88 169
88 143
88 134
89 136
89 142
89 141
89 145
89 174
89 155
89 157
89 133
89 166
89 167
89 159
89 173
89 177
89 181
89 183
89 190
89 90
89 91
89 97
89 100
89 101
89 111
89 121
89 123
90 136
90 141
90 151
90 139
90 166
90 172
90 190
90 118
90 153
90 123
90 183
91 128
91 149
91 130
91 196
91 155
91 199
91 136
91 111
91 194
91 142
91 156
91 185
91 98
91 99
91 109
91 118
91 116
91 95
91 124
91 125
91 127
92 110
92 114
92 127
93 129
93 150
94 155
94 182
94 136
94 111
94 141
94 142
94 124
94 118
95 96
95 131
95 113
95 167
95 138
95 135
95 174
95 125
95 152
95 159
96 128
96 194
96 136
96 142
96 170
96 118
97 142
97 155
97 157
97 173
97 147
97 116
97 118
97 124
97 126
98 129
98 138
98 167
98 191
98 174
98 117
98 186
98 188
98 159
99 167
100 136
100 142
100 155
100 156
100 161
100 168
100 111
100 124
101 161
101 155
101 134
101 140
101 175
101 180
101 116
101 169
101 124
101 143
102 130
102 168
102 196
102 148
102 156
102 197
103 144
103 195
103 156
103 197
103 162
103 168
103 171
103 178
103 184
103 122
103 187
103 127
104 186
104 117
104 188
104 110
106 129
106 186
106 150
106 188
106 110
107 148
107 196
107 127
108 128
108 135
108 109
108 111
108 113
108 118
108 119
108 185
108 124
108 125
109 131
109 135
109 159
109 137
109 125
110 197
110 135
110 148
110 114
110 156
110 127
111 129
111 130
111 131
111 134
111 136
111 138
111 140
111 145
111 188
111 157
111 150
111 133
111 167
111 199
111 159
111 173
111 137
111 186
111 196
111 183
111 161
111 191
111 116
111 117
111 123
112 164
112 167
112 152
113 125
113 167
113 149
113 137
114 127
115 130
115 199
115 156
115 148
116 134
116 136
116 140
116 142
116 152
116 147
116 157
116 174
116 176
116 189
116 190
116 199
116 129
116 183
116 145
116 121
117 129
117 194
117 136
117 142
117 148
117 155
117 161
117 124
117 127
118 130
118 134
118 137
118 140
118 141
118 145
118 175
118 156
118 133
118 166
118 169
118 171
118 173
118 174
118 157
118 176
118 177
118 181
118 183
118 190
118 191
118 152
118 196
118 197
118 143
118 199
118 131
118 195
118 147
118 126
118 127
119 167
119 137
119 152
120 199
120 168
120 196
120 156
120 197
121 136
121 142
121 145
121 157
121 172
121 173
121 123
121 124
122 160
122 177
122 181
122 123
123 136
123 142
123 147
123 153
123 154
123 166
123 176
123 177
123 124
124 130
124 136
124 138
124 147
124 157
124 150
124 133
124 134
124 167
124 169
124 159
124 173
124 174
124 175
124 176
124 177
124 180
124 181
124 137
124 186
124 188
124 196
124 199
124 183
124 143
124 191
124 189
125 128
125 149
125 159
125 167
125 185
126 130
126 196
126 197
126 145
126 156
126 199
126 160
126 195
126 177
126 173
126 157
126 168
126 183
126 190
126 127
127 144
127 150
127 159
127 160
127 191
127 187
127 188
128 131
128 159
128 137
128 191
128 174
128 152
129 130
129 199
129 150
129 196
129 161
129 186
129 188
130 131
130 136
130 144
130 150
130 161
130 163
130 171
130 174
130 186
130 138
130 198
130 195
130 196
130 187
131 194
131 199
131 136
131 146
131 142
131 196
131 155
131 185
133 155
133 136
133 142
134 136
134 140
134 175
134 142
134 143
134 155
134 169
135 137
135 167
135 152
136 138
136 140
136 142
136 151
136 155
136 161
136 166
136 167
136 169
136 172
136 174
136 175
136 176
136 189
136 180
136 186
136 196
136 199
136 143
136 191
137 142
137 155
137 185
138 193
138 149
138 196
138 170
138 146
139 166
139 145
139 157
140 161
140 142
141 179
141 166
142 147
142 155
142 161
142 167
142 173
142 176
142 177
142 181
142 183
142 186
142 159
142 191
142 189
143 161
144 165
144 171
144 168
144 178
144 156
144 199
145 198
145 190
145 147
145 153
145 154
145 157
145 176
145 177
145 183
145 181
147 155
147 157
147 161
147 181
148 163
148 150
148 186
148 188
149 167
149 174
149 191
149 152
149 159
150 196
151 166
152 161
152 164
152 185
153 154
154 179
154 182
155 161
155 159
155 173
155 176
155 183
155 186
155 188
156 174
156 167
156 159
156 160
156 187
156 191
157 198
157 190
157 173
157 176
157 177
157 183
158 195
158 187
159 191
159 185
160 162
160 168
160 184
161 169
161 174
161 175
161 176
161 180
161 183
161 186
161 196
161 199
161 188
162 195
162 171
162 183
163 196
163 199
163 168
163 197
165 195
165 171
165 183
165 187
166 179
166 172
166 190
166 183
167 168
167 170
167 193
167 196
167 194
168 174
168 187
170 193
170 174
171 196
171 199
171 178
171 184
171 187
172 173
173 176
173 177
173 181
174 199
174 194
174 196
174 185
177 181
178 195
178 187
179 182
182 198
184 195
185 191
186 194
186 196
187 196
187 199
188 194
195 196
195 199
196 198
196 199
198 199
