0 3
0 179
0 40
0 74
0 78
0 8
0 50
0 35
0 88
0 121
1 66
1 70
1 135
1 9
1 148
1 21
1 86
1 26
1 165
1 33
1 163
1 6
1 103
1 161
1 172
1 109
1 114
1 119
1 185
1 149
2 192
2 131
2 140
2 76
2 13
2 80
2 19
2 24
2 28
2 29
2 16
2 99
2 144
2 45
2 177
2 147
2 52
2 94
2 55
2 120
2 57
2 188
2 189
2 117
3 193
3 107
3 196
3 137
3 10
3 143
3 20
3 149
3 150
3 156
3 104
3 159
3 33
3 101
3 38
3 103
3 40
3 106
3 43
3 176
3 49
3 190
3 182
3 55
3 84
3 123
3 124
3 138
3 134
4 194
4 135
4 75
4 190
4 17
4 25
4 91
4 92
4 34
4 35
4 167
4 106
4 172
4 109
4 110
4 27
4 178
4 187
4 170
4 121
4 123
4 61
4 62
4 127
5 7
5 73
5 183
5 141
5 143
5 86
5 23
5 26
5 58
5 163
5 40
5 169
5 173
5 174
5 112
5 186
5 53
5 118
5 119
5 121
5 122
5 125
6 171
6 132
6 133
6 162
6 10
6 15
6 17
6 22
6 151
6 154
6 27
6 34
6 35
6 164
6 38
6 40
6 135
6 173
6 62
6 66
6 69
6 70
6 77
6 78
6 79
6 84
6 89
6 143
6 92
6 98
6 166
6 108
6 110
6 116
6 118
6 127
7 193
7 103
7 104
7 79
7 171
7 178
7 15
7 102
7 170
7 149
7 89
7 38
7 92
7 61
7 62
7 127
8 130
8 11
8 13
8 16
8 145
8 19
8 24
8 153
8 155
8 28
8 29
8 30
8 159
8 36
8 37
8 39
8 43
8 45
8 46
8 47
8 176
8 49
8 52
8 158
8 182
8 56
8 57
8 59
8 60
8 189
8 191
8 152
8 196
8 198
8 71
8 72
8 177
8 74
8 76
8 80
8 142
8 199
8 94
8 96
8 144
8 99
8 100
8 101
8 195
8 105
8 115
8 117
9 185
9 111
9 12
9 151
9 44
10 66
10 132
10 70
10 135
10 73
10 75
10 194
10 78
10 143
10 20
10 149
10 86
10 26
10 122
10 165
10 98
10 35
10 102
10 167
10 40
10 109
10 174
10 175
10 112
10 104
10 50
10 119
10 121
10 58
10 187
10 183
10 166
11 66
11 35
11 37
11 135
11 74
11 75
11 172
11 109
12 148
12 86
12 119
12 26
12 151
12 102
12 185
12 149
13 37
13 74
13 174
13 113
13 179
13 121
13 88
13 120
13 58
13 63
14 32
14 67
14 37
14 199
14 74
14 95
15 193
15 66
15 141
15 173
15 163
15 20
15 149
15 86
15 87
15 68
15 26
15 93
15 35
15 165
15 102
15 103
15 172
15 109
15 174
15 104
15 53
15 183
15 121
15 58
15 125
16 135
16 74
16 75
16 66
16 143
16 88
16 91
16 35
16 37
16 167
16 40
16 194
16 172
16 109
16 50
16 179
16 120
16 187
17 66
17 68
17 69
17 135
17 194
17 137
17 75
17 162
17 82
17 163
17 21
17 22
17 25
17 154
17 91
17 160
17 97
17 98
17 35
17 70
17 102
17 103
17 170
17 167
17 178
17 175
17 114
17 116
17 132
17 186
17 187
17 149
18 64
18 66
18 69
18 135
18 73
18 75
18 194
18 78
18 143
18 20
18 22
18 23
18 26
18 122
18 150
18 133
18 102
18 103
18 40
18 169
18 106
18 108
18 109
18 174
18 112
18 172
18 116
18 53
18 137
18 121
18 58
18 123
18 183
18 190
18 181
19 32
19 67
19 37
19 74
19 113
19 179
19 120
20 64
20 193
20 66
20 132
20 98
20 135
20 194
20 172
20 75
20 143
20 162
20 78
20 139
20 23
20 25
20 79
20 93
20 97
20 34
20 35
20 166
20 42
20 44
20 109
20 110
20 175
20 104
20 178
20 116
20 53
20 183
20 87
20 106
20 62
21 160
21 82
21 25
21 170
21 178
21 31
22 64
22 116
22 165
22 84
22 53
22 25
22 92
22 127
23 193
23 25
23 79
23 197
23 27
23 164
23 102
23 104
23 106
23 110
23 112
23 178
23 170
23 183
23 42
23 62
24 74
25 133
25 141
25 143
25 26
25 154
25 31
25 40
25 169
25 42
25 135
25 173
25 53
25 181
25 193
25 66
25 69
25 70
25 75
25 77
25 82
25 86
25 87
25 93
25 102
25 103
25 104
25 108
25 114
25 116
25 118
25 119
25 122
25 125
25 149
26 139
26 81
26 84
26 89
26 79
26 92
26 197
26 34
26 27
26 164
26 106
26 171
26 178
26 42
26 170
26 151
26 61
26 62
26 127
27 86
27 73
27 183
27 149
27 150
27 137
27 68
27 122
27 163
27 165
27 103
27 169
27 112
27 53
27 119
27 186
27 123
27 190
28 32
28 67
28 37
28 113
28 74
28 80
28 99
28 146
28 83
28 52
28 88
28 179
28 95
28 30
28 63
29 107
29 70
29 135
29 74
29 75
29 66
29 143
29 88
29 91
29 156
29 101
29 35
29 37
29 113
29 40
29 194
29 43
29 172
29 109
29 174
29 49
29 50
29 179
29 155
29 187
29 121
29 58
29 159
29 124
29 134
29 63
30 130
30 37
30 74
30 47
30 80
30 63
31 128
31 129
31 197
31 41
31 42
31 139
31 48
31 114
31 51
31 157
32 130
32 199
32 80
32 145
32 100
32 144
32 36
32 45
32 113
32 115
32 52
32 60
32 63
33 66
33 132
33 70
33 135
33 194
33 75
33 162
33 161
33 143
33 148
33 91
33 157
33 97
33 98
33 35
33 166
33 167
33 40
33 41
33 174
33 175
33 50
33 51
33 121
33 58
33 187
34 193
34 163
34 68
34 102
34 103
34 137
34 149
34 150
34 123
34 186
34 190
34 165
35 129
35 132
35 131
35 137
35 140
35 149
35 175
35 38
35 39
35 41
35 42
35 43
35 157
35 176
35 178
35 54
35 187
35 60
35 138
35 62
35 191
35 66
35 196
35 197
35 70
35 79
35 84
35 90
35 91
35 96
35 97
35 98
35 103
35 188
35 167
35 110
35 123
36 67
36 37
36 198
36 145
36 74
36 179
36 88
36 94
36 63
37 130
37 142
37 146
37 152
37 155
37 159
37 39
37 43
37 46
37 49
37 52
37 182
37 55
37 56
37 57
37 59
37 189
37 191
37 195
37 196
37 71
37 74
37 80
37 83
37 90
37 199
37 96
37 99
37 100
37 101
37 107
37 117
37 124
37 126
37 85
38 132
38 141
38 143
38 149
38 162
38 165
38 166
38 167
38 40
38 169
38 135
38 172
38 173
38 174
38 175
38 50
38 53
38 58
38 187
38 193
38 66
38 194
38 73
38 75
38 77
38 78
38 97
38 98
38 102
38 103
38 109
38 112
38 116
38 118
38 121
38 122
39 194
39 70
39 40
39 74
39 75
39 66
39 143
39 50
39 179
39 88
40 137
40 150
40 156
40 164
40 134
40 170
40 178
40 174
40 49
40 50
40 55
40 58
40 62
40 191
40 196
40 78
40 79
40 81
40 84
40 90
40 103
40 106
40 110
40 190
40 121
40 123
40 124
40 127
41 66
41 132
41 166
41 70
41 162
41 172
41 98
41 109
41 91
42 193
42 66
42 68
42 197
42 70
42 139
42 82
42 163
42 132
42 186
42 98
42 102
42 104
42 170
42 112
42 178
42 119
42 122
42 183
43 66
43 74
43 78
43 50
44 161
44 148
44 102
44 103
44 104
44 193
44 185
44 149
45 67
45 74
45 50
45 115
45 120
45 153
45 63
45 158
45 95
46 88
46 74
47 130
47 67
47 74
47 80
47 113
47 52
47 63
47 95
48 128
48 82
48 51
49 97
49 70
49 113
49 167
49 175
49 78
49 143
49 50
49 187
49 91
49 63
50 134
50 143
50 153
50 155
50 156
50 158
50 159
50 164
50 171
50 176
50 182
50 55
50 138
50 62
50 191
50 193
50 196
50 81
50 84
50 89
50 90
50 92
50 101
50 102
50 104
50 107
50 61
50 115
50 127
51 82
52 65
52 67
52 74
52 120
52 146
52 83
52 85
52 88
52 179
52 95
53 64
53 79
53 81
53 84
53 89
53 154
53 92
53 69
53 133
53 102
53 103
53 170
53 171
53 108
53 178
53 116
53 181
53 61
53 62
53 127
54 162
54 132
54 98
54 70
54 194
54 66
54 175
54 113
54 179
54 187
54 88
54 120
54 91
54 166
54 63
55 74
55 78
55 143
55 120
55 179
55 174
55 88
55 121
55 58
56 59
57 97
57 67
57 162
57 166
57 145
57 74
57 132
57 66
57 175
57 113
57 187
57 88
57 120
57 98
57 91
57 63
58 143
58 81
58 84
58 149
58 89
58 182
58 165
58 155
58 164
58 134
58 106
58 107
58 110
58 138
58 121
58 62
59 74
60 194
60 179
60 70
60 135
60 74
60 75
60 113
60 67
60 88
60 120
60 95
60 63
61 64
61 69
61 137
61 77
61 141
61 150
61 143
61 163
61 103
61 168
61 173
61 174
61 112
61 116
61 118
61 121
61 123
61 190
61 127
62 137
62 141
62 149
62 150
62 132
62 162
62 163
62 165
62 166
62 167
62 169
62 172
62 173
62 174
62 175
62 186
62 183
62 193
62 66
62 68
62 70
62 73
62 77
62 86
62 87
62 91
62 93
62 98
62 102
62 104
62 109
62 112
62 118
62 119
62 121
62 122
62 125
63 192
63 130
63 67
63 147
63 182
63 198
63 199
63 136
63 140
63 76
63 80
63 124
63 156
63 131
63 85
63 155
63 95
63 99
63 177
63 105
63 107
63 142
63 83
63 94
63 184
63 159
64 103
64 106
64 84
64 154
64 92
64 69
65 113
66 129
66 137
66 140
66 147
66 149
66 150
66 152
66 156
66 159
66 197
66 165
66 172
66 157
66 178
66 188
66 138
66 191
66 192
66 194
66 139
66 182
66 72
66 75
66 76
66 79
66 84
66 135
66 96
66 101
66 195
66 103
66 105
66 106
66 107
66 110
66 190
66 123
66 124
66 170
66 126
67 192
67 130
67 147
67 71
67 136
67 140
67 76
67 145
67 153
67 158
67 188
67 100
67 105
67 199
67 113
68 197
68 139
68 79
68 89
68 92
68 163
68 164
68 171
68 110
68 178
68 186
68 170
69 116
69 180
69 165
69 103
69 168
69 106
69 178
69 84
69 170
69 149
70 107
70 182
70 129
70 136
70 139
70 76
70 79
70 144
70 134
70 124
70 155
70 156
70 159
70 96
70 197
70 101
70 165
70 103
70 105
70 138
70 191
71 74
72 74
73 171
73 112
73 106
73 89
73 122
74 130
74 145
74 152
74 153
74 159
74 177
74 191
74 195
74 196
74 198
74 80
74 142
74 199
74 90
74 94
74 96
74 99
74 100
74 101
74 115
74 117
74 126
75 129
75 132
75 137
75 140
75 147
75 149
75 150
75 162
75 170
75 178
75 187
75 138
75 190
75 191
75 192
75 193
75 79
75 84
75 144
75 98
75 103
75 104
75 105
75 167
75 188
76 97
76 166
76 162
76 167
76 98
76 175
76 113
76 179
76 187
76 88
76 120
76 91
77 193
77 141
77 84
77 149
77 87
77 93
77 165
77 102
77 103
77 104
77 170
77 173
77 110
77 178
77 127
78 193
78 196
78 143
78 149
78 150
78 90
78 155
78 104
78 101
78 165
78 102
78 103
78 106
78 107
78 159
78 176
78 190
78 84
78 123
78 124
78 138
78 134
79 132
79 194
79 143
79 149
79 163
79 165
79 167
79 135
79 172
79 174
79 186
79 187
79 190
79 193
79 86
79 87
79 91
79 97
79 103
79 104
79 112
79 118
79 119
79 121
79 125
80 130
80 142
80 113
80 179
80 88
80 120
80 95
81 143
81 149
81 86
81 87
81 186
81 163
81 164
81 165
81 174
81 112
81 119
81 121
81 183
82 160
82 129
82 197
82 178
82 114
82 170
82 157
83 113
84 135
84 194
84 141
84 149
84 143
84 122
84 133
84 165
84 103
84 169
84 172
84 109
84 174
84 154
84 112
84 168
84 116
84 180
85 113
86 164
86 110
86 178
86 170
87 193
87 164
87 104
87 171
87 110
87 141
87 178
87 173
87 89
88 196
88 136
88 140
88 142
88 145
88 90
88 96
88 99
88 176
88 147
88 189
88 191
89 149
89 93
89 163
89 165
89 103
89 169
89 174
89 112
89 186
89 121
89 122
90 196
90 135
90 172
90 109
90 143
90 174
90 121
90 179
91 129
91 131
91 134
91 135
91 136
91 137
91 139
91 147
91 132
91 156
91 162
91 167
91 157
91 187
91 188
91 138
91 191
91 192
91 194
91 197
91 96
91 98
91 103
91 109
91 166
92 133
92 137
92 143
92 149
92 186
92 154
92 150
92 163
92 165
92 103
92 168
92 108
92 112
92 180
92 116
92 118
92 121
92 122
92 127
93 102
93 170
93 171
93 110
93 141
93 173
93 178
94 113
94 145
95 144
95 130
95 145
95 199
95 113
95 115
95 158
96 132
96 135
96 194
96 143
96 97
96 162
96 166
96 175
96 179
97 192
97 129
97 131
97 134
97 193
97 136
97 140
97 147
97 156
97 159
97 101
97 103
97 104
97 188
97 175
97 155
97 105
97 124
97 138
98 192
98 129
98 194
98 131
98 197
98 136
98 149
98 165
98 102
98 103
98 167
98 172
98 109
98 105
98 139
98 187
98 138
99 113
99 179
101 132
101 167
101 159
101 175
101 187
102 132
102 139
102 141
102 162
102 166
102 135
102 172
102 178
102 183
102 151
102 194
102 197
102 143
102 106
102 109
102 110
102 118
102 170
102 125
103 133
103 172
103 141
103 171
103 162
103 167
103 170
103 135
103 173
103 174
103 175
103 180
103 181
103 194
103 143
103 166
103 106
103 108
103 109
103 110
103 111
103 168
103 116
103 118
103 121
103 127
104 139
104 141
104 143
104 162
104 135
104 172
104 178
104 194
104 197
104 166
104 109
104 110
104 111
104 116
104 170
105 132
105 166
105 135
105 194
105 175
105 179
105 162
105 187
105 167
106 183
106 143
106 122
106 150
106 133
106 169
106 172
106 109
106 174
106 154
106 112
106 116
106 137
106 121
106 123
106 190
107 113
107 167
107 143
107 121
107 187
108 149
108 165
108 127
109 132
109 131
109 137
109 147
109 149
109 150
109 152
109 162
109 167
109 170
109 157
109 187
109 192
109 193
109 196
109 144
109 166
109 110
110 193
110 150
110 137
110 141
110 173
110 163
110 149
110 143
110 172
110 174
110 186
110 119
110 121
110 123
110 183
110 190
111 161
111 148
111 193
111 149
112 139
112 197
112 164
112 169
112 171
112 183
112 122
112 127
113 192
113 130
113 182
113 198
113 140
113 131
113 142
113 115
113 146
113 155
113 144
113 145
113 188
113 177
113 184
115 120
115 158
116 193
116 149
116 154
116 165
116 178
116 170
116 127
117 179
117 120
118 165
118 164
118 178
118 193
118 149
118 170
118 127
119 164
119 139
119 178
119 170
119 197
120 192
120 131
120 198
120 144
120 188
120 189
121 134
121 137
121 143
121 149
121 150
121 155
121 156
121 159
121 164
121 165
121 171
121 174
121 176
121 138
121 196
121 123
121 124
121 127
122 197
122 170
122 139
122 178
122 171
122 169
122 127
123 135
123 127
124 167
124 143
124 187
124 175
125 193
125 164
125 178
125 170
127 133
127 137
127 154
127 150
127 165
127 173
127 168
127 190
127 181
129 132
129 166
129 162
129 194
129 175
129 167
131 147
131 167
131 172
131 187
131 179
132 135
132 193
132 157
132 159
132 172
132 138
132 191
133 165
133 149
133 170
134 167
134 187
134 175
134 143
134 174
135 136
135 137
135 150
135 152
135 162
135 165
135 167
135 170
135 178
135 187
135 138
135 190
135 191
135 193
135 196
135 144
135 166
136 162
136 166
136 194
136 175
136 179
137 194
137 143
137 172
138 194
138 143
138 167
138 170
138 178
138 174
138 175
138 187
139 193
139 183
139 163
139 166
139 167
139 178
139 187
139 170
140 172
140 175
141 193
141 165
141 170
141 173
141 178
142 179
143 149
143 150
143 156
143 164
143 170
143 178
143 174
143 176
143 191
143 193
143 182
143 165
144 194
144 172
145 198
145 177
145 179
147 192
147 179
147 194
147 172
147 175
148 170
148 151
149 172
149 194
149 151
149 164
149 171
149 173
149 174
149 181
150 194
150 172
150 190
151 161
151 165
151 185
152 194
152 172
154 180
154 168
154 170
155 175
156 167
156 175
156 187
157 167
157 172
157 162
157 187
159 166
159 162
159 175
160 170
160 178
162 194
162 197
162 193
162 167
162 172
162 187
162 191
163 164
163 171
163 186
163 197
164 186
164 165
164 174
164 183
165 168
165 171
165 172
165 174
165 180
165 181
165 194
166 194
166 193
166 167
166 172
166 187
166 191
167 197
167 175
167 188
167 191
167 192
167 182
168 180
169 170
169 171
169 178
170 197
170 183
170 186
170 193
171 174
172 192
172 193
172 196
172 178
172 188
174 196
175 191
175 187
175 188
176 179
178 193
178 197
178 194
178 186
178 183
179 192
179 196
179 188
179 189
179 191
182 187
183 197
187 192
187 194
187 188
187 197
188 194
190 194
191 194
192 194
193 194
193 197
