0 32
0 192
0 197
0 166
0 102
0 9
0 148
0 54
0 23
0 158
0 191
1 2
1 3
1 132
1 150
1 7
1 137
1 10
1 139
1 12
1 14
1 15
1 179
1 18
1 131
1 20
1 22
1 24
1 153
1 154
1 155
1 33
1 34
1 177
1 170
1 199
1 141
1 47
1 48
1 49
1 172
1 52
1 138
1 55
1 60
1 61
1 160
1 195
1 68
1 71
1 76
1 79
1 81
1 87
1 90
1 143
1 103
1 105
1 107
1 111
1 116
1 118
1 124
2 192
2 131
2 4
2 118
2 129
2 172
2 98
2 148
2 149
2 23
2 25
2 156
2 159
2 160
2 34
2 99
2 166
2 102
2 168
2 106
2 197
2 108
2 45
2 110
2 111
2 177
2 51
2 54
2 58
2 191
3 192
3 69
3 9
3 11
3 164
3 31
3 165
3 36
3 101
3 102
3 104
3 176
3 172
3 45
3 112
3 168
3 115
3 53
3 120
3 159
3 166
4 129
4 35
4 133
4 161
4 72
4 34
4 46
4 111
4 16
4 177
4 131
4 118
4 156
5 128
5 194
5 69
5 13
5 78
5 82
5 147
5 149
5 159
5 197
5 99
5 164
5 45
5 110
5 112
5 115
5 53
5 120
5 31
6 35
6 36
6 165
6 134
6 72
6 11
6 176
6 114
6 115
6 73
6 31
6 30
7 192
7 197
7 65
7 9
7 11
7 13
7 14
7 144
7 82
7 78
7 23
7 159
7 166
7 36
7 165
7 168
7 106
7 172
7 45
7 110
7 176
7 113
7 51
7 185
7 191
7 151
7 149
8 192
8 166
8 168
8 9
8 172
8 13
8 110
8 144
8 113
8 78
8 151
8 191
8 63
9 132
9 138
9 11
9 12
9 14
9 16
9 21
9 196
9 26
9 28
9 33
9 39
9 41
9 42
9 44
9 174
9 176
9 136
9 53
9 55
9 56
9 57
9 59
9 61
9 192
9 195
9 68
9 197
9 198
9 73
9 86
9 90
9 91
9 94
9 97
9 100
9 101
9 115
9 116
9 117
9 121
9 122
9 125
9 127
10 18
10 49
10 168
10 105
10 13
11 128
11 129
11 151
11 12
11 15
11 144
11 19
11 20
11 149
11 23
11 153
11 154
11 28
11 158
11 34
11 163
11 36
11 156
11 45
11 54
11 183
11 180
11 186
11 159
11 60
11 61
11 190
11 63
11 65
11 66
11 147
11 69
11 198
11 140
11 74
11 162
11 80
11 82
11 85
11 86
11 185
11 89
11 91
11 92
11 101
11 104
11 106
11 110
11 111
11 113
11 115
11 148
11 122
11 191
12 69
12 13
12 144
12 82
12 147
12 149
12 151
12 159
12 36
12 168
12 135
12 172
12 45
12 110
12 176
12 113
12 51
12 180
12 63
13 132
13 142
13 17
13 147
13 23
13 152
13 154
13 28
13 133
13 197
13 35
13 36
13 39
13 42
13 135
13 44
13 45
13 52
13 53
13 138
13 56
13 186
13 159
13 188
13 61
13 182
13 198
13 71
13 76
13 82
13 83
13 90
13 97
13 101
13 117
13 123
13 127
14 128
14 194
14 69
14 51
14 192
14 149
14 23
14 31
14 197
14 99
14 166
14 102
14 104
14 172
14 112
14 115
14 180
14 53
14 120
15 110
15 36
15 168
15 45
15 113
15 82
15 147
15 53
15 54
15 164
15 159
15 63
16 192
16 198
16 134
16 75
16 25
16 28
16 30
16 98
16 36
16 166
16 168
16 108
16 178
16 53
16 58
16 61
16 191
17 192
17 196
17 113
17 171
17 110
17 145
17 121
17 63
18 96
18 130
18 168
18 105
18 139
18 76
18 47
18 48
18 49
18 150
18 87
18 24
18 62
19 128
19 176
19 194
19 36
19 197
19 106
19 45
19 112
19 115
19 148
19 120
19 159
19 31
20 176
20 165
20 168
20 172
21 192
21 69
21 149
21 23
21 31
21 162
21 99
21 36
21 102
21 166
21 197
21 109
21 115
21 53
21 54
21 190
21 191
22 103
22 168
22 172
23 128
23 140
23 144
23 151
23 31
23 133
23 161
23 34
23 164
23 166
23 40
23 135
23 46
23 175
23 177
23 51
23 52
23 53
23 55
23 180
23 186
23 61
23 63
23 65
23 194
23 67
23 69
23 72
23 74
23 183
23 78
23 80
23 197
23 89
23 91
23 92
23 99
23 101
23 104
23 110
23 112
23 113
23 114
23 115
23 118
23 191
23 125
23 149
24 96
24 199
24 168
24 105
24 139
24 172
24 150
24 87
24 29
25 177
25 86
25 118
26 149
26 192
26 99
26 36
26 166
26 102
26 104
26 115
26 51
26 53
26 120
26 191
26 31
27 39
27 41
27 110
27 116
27 191
27 63
28 192
28 69
28 82
28 147
28 148
28 158
28 31
28 176
28 197
28 36
28 165
28 102
28 168
28 112
28 115
28 180
28 54
28 120
28 159
28 166
29 139
29 150
29 49
29 87
29 81
29 199
29 79
30 162
30 108
30 109
30 190
31 138
31 140
31 157
31 133
31 161
31 162
31 35
31 164
31 165
31 156
31 176
31 53
31 183
31 57
31 61
31 190
31 63
31 197
31 72
31 74
31 78
31 82
31 142
31 89
31 92
31 97
31 131
31 101
31 102
31 111
31 117
31 125
32 70
32 168
32 41
32 172
32 174
32 84
32 55
32 184
32 116
32 122
32 91
32 63
33 192
33 102
33 166
33 42
33 172
33 191
34 64
34 69
34 128
34 194
34 173
34 82
34 147
34 118
34 159
34 176
34 197
34 36
34 165
34 104
34 172
34 45
34 112
34 177
34 51
34 53
34 54
34 120
34 63
35 64
35 65
35 69
35 75
35 192
35 78
35 173
35 144
35 147
35 148
35 86
35 158
35 161
35 163
35 164
35 102
35 104
35 106
35 45
35 113
35 51
35 180
35 53
35 54
35 120
35 159
35 190
35 63
36 129
36 142
36 151
36 152
36 153
36 175
36 154
36 164
36 165
36 38
36 40
36 156
36 157
36 176
36 52
36 55
36 57
36 186
36 169
36 191
36 192
36 65
36 66
36 67
36 70
36 73
36 74
36 183
36 162
36 78
36 190
36 83
36 84
36 85
36 86
36 185
36 88
36 89
36 91
36 198
36 144
36 131
36 101
36 102
36 109
36 110
36 111
36 113
36 140
36 117
36 119
36 122
36 125
36 166
37 192
37 182
37 102
37 145
37 121
37 188
38 168
38 106
38 172
38 110
38 148
38 78
38 54
38 158
38 159
39 191
39 102
39 166
39 172
39 116
39 184
39 63
40 69
40 147
40 45
40 112
40 51
40 180
40 53
40 54
40 120
40 159
41 65
41 163
41 164
41 166
41 102
41 192
41 191
41 110
41 144
41 113
41 78
41 151
41 184
41 185
41 63
42 65
42 195
42 68
42 78
42 141
42 151
42 163
42 164
42 166
42 102
42 168
42 63
42 113
42 185
42 59
42 191
44 192
44 65
44 163
44 164
44 166
44 110
44 113
44 78
45 129
45 144
45 133
45 161
45 164
45 165
45 169
45 135
45 175
45 176
45 51
45 52
45 183
45 180
45 186
45 159
45 60
45 61
45 63
45 65
45 66
45 69
45 72
45 74
45 78
45 80
45 163
45 185
45 91
45 92
45 131
45 101
45 112
45 115
45 118
45 119
46 64
46 51
46 69
46 75
46 173
46 149
46 86
46 197
46 162
46 99
46 109
46 112
46 114
46 115
46 180
46 53
46 120
46 190
47 49
47 168
47 172
47 50
47 93
47 79
48 49
48 168
48 105
48 172
48 50
48 93
49 96
49 105
49 139
49 76
49 172
49 150
49 87
49 143
50 168
50 110
50 155
50 93
50 62
50 63
51 131
51 133
51 152
51 159
51 160
51 161
51 169
51 135
51 177
51 52
51 55
51 57
51 186
51 61
51 63
51 67
51 197
51 70
51 72
51 73
51 80
51 82
51 83
51 84
51 85
51 142
51 111
51 140
51 118
51 122
52 128
52 194
52 147
52 197
52 65
52 138
52 142
52 152
52 82
52 83
52 148
52 149
52 88
52 157
52 97
52 99
52 163
52 168
52 106
52 172
52 110
52 112
52 113
52 120
52 185
52 123
52 151
53 128
53 135
53 151
53 140
53 131
53 152
53 154
53 133
53 163
53 166
53 169
53 197
53 180
53 185
53 60
53 61
53 63
53 192
53 65
53 66
53 69
53 71
53 72
53 73
53 160
53 78
53 80
53 83
53 85
53 86
53 89
53 92
53 144
53 101
53 142
53 104
53 194
53 112
53 113
53 114
53 115
53 191
54 135
54 138
54 147
54 153
54 154
54 157
54 159
54 161
54 198
54 169
54 174
54 176
54 60
54 70
54 71
54 72
54 73
54 80
54 82
54 84
54 88
54 91
54 97
54 117
54 123
55 197
55 165
55 168
55 106
55 172
55 176
55 191
55 192
55 158
55 166
56 192
56 132
56 102
56 166
56 168
56 63
56 191
57 99
57 115
57 149
57 102
57 191
57 192
58 177
58 86
58 118
59 192
59 102
59 166
60 165
60 168
60 106
60 172
60 176
60 115
60 158
61 128
61 194
61 69
61 78
61 82
61 149
61 144
61 191
61 99
61 164
61 165
61 166
61 104
61 197
61 172
61 110
61 113
61 180
61 168
61 151
61 63
62 168
62 105
62 93
63 132
63 133
63 135
63 149
63 153
63 154
63 161
63 165
63 197
63 176
63 180
63 182
63 159
63 188
63 69
63 198
63 71
63 72
63 156
63 80
63 184
63 82
63 83
63 99
63 101
63 115
63 116
63 119
63 127
64 160
64 129
64 133
64 161
64 73
64 111
64 114
64 131
64 156
65 66
65 133
65 76
65 138
65 80
65 82
65 153
65 154
65 197
65 161
65 165
65 113
65 176
65 72
65 116
65 186
65 117
66 176
66 163
66 165
66 168
66 172
66 78
66 110
66 144
66 113
66 82
66 147
66 151
66 164
66 185
66 159
67 176
67 197
67 147
67 159
68 192
68 102
68 166
68 172
69 138
69 131
69 157
69 133
69 161
69 156
69 159
69 197
69 198
69 73
69 74
69 85
69 86
69 88
69 89
69 97
69 101
69 147
69 169
69 114
69 123
70 149
70 106
71 110
71 164
71 168
71 106
71 172
71 78
71 144
71 113
71 119
71 151
72 115
72 197
72 128
72 78
72 173
72 144
72 82
72 147
72 148
72 149
72 86
72 158
72 162
72 99
72 164
72 163
72 102
72 104
72 106
72 110
72 180
72 120
72 185
72 159
72 151
72 190
73 194
73 75
73 148
73 149
73 86
73 158
73 99
73 166
73 104
73 106
73 173
73 112
73 180
73 120
73 190
73 191
74 128
74 194
74 148
74 165
74 104
74 106
74 175
74 168
74 115
74 180
74 120
75 129
75 133
75 161
75 114
75 131
75 156
76 164
76 168
76 105
76 172
76 78
76 144
76 113
76 151
76 185
77 107
77 179
78 128
78 194
78 142
78 147
78 151
78 152
78 153
78 154
78 133
78 163
78 185
78 159
78 197
78 80
78 82
78 83
78 164
78 101
78 104
78 112
78 113
78 119
78 120
79 96
79 130
79 181
79 103
79 168
79 193
79 172
79 81
79 167
79 126
79 87
79 199
80 128
80 194
80 197
80 158
80 99
80 164
80 165
80 104
80 106
80 110
80 176
80 113
80 115
80 120
80 185
80 151
81 96
81 87
81 168
81 139
81 199
82 128
82 129
82 131
82 135
82 144
82 149
82 151
82 133
82 164
82 165
82 156
82 175
82 176
82 186
82 198
82 92
82 99
82 101
82 194
82 110
82 111
82 113
82 120
83 128
83 194
83 115
83 135
83 148
83 158
83 102
83 104
83 106
83 110
83 112
83 120
83 186
84 99
84 149
84 148
84 106
85 128
85 112
85 194
85 99
85 165
85 104
85 176
85 180
85 120
85 149
86 128
86 192
86 194
86 133
86 161
86 98
86 165
86 102
86 176
86 112
86 114
86 180
86 120
86 191
86 166
87 96
87 168
87 172
87 150
88 128
88 194
88 135
88 148
88 104
88 106
88 112
88 115
88 120
88 180
88 186
89 128
89 149
89 197
89 99
89 104
89 176
89 115
89 180
89 120
90 192
90 113
90 102
90 172
91 197
91 165
91 166
91 176
91 148
91 158
91 191
92 147
92 197
92 176
92 115
92 159
93 155
93 170
93 143
93 130
94 102
94 191
94 188
94 182
95 193
95 181
96 139
96 150
97 128
97 192
97 148
97 158
97 166
97 102
97 106
97 113
97 115
97 180
97 120
97 186
97 191
98 162
98 109
98 190
99 135
99 140
99 147
99 152
99 157
99 133
99 165
99 176
99 186
99 197
99 142
99 110
99 117
99 118
99 123
99 125
100 191
101 192
101 194
101 164
101 176
101 197
101 165
101 102
101 104
101 110
101 112
101 115
101 180
101 191
101 166
102 132
102 138
102 195
102 196
102 157
102 166
102 135
102 174
102 176
102 136
102 179
102 188
102 191
102 192
102 152
102 198
102 161
102 177
102 184
102 142
102 145
102 171
102 107
102 115
102 116
102 117
102 118
102 122
102 125
102 127
103 168
103 172
104 128
104 129
104 133
104 152
104 156
104 157
104 160
104 161
104 164
104 165
104 175
104 176
104 183
104 194
104 142
104 131
104 114
104 117
104 123
105 168
105 172
105 143
105 150
106 129
106 131
106 133
106 138
106 147
106 152
106 154
106 156
106 157
106 160
106 161
106 165
106 135
106 175
106 186
106 117
106 119
106 122
106 123
107 192
107 168
107 137
107 172
108 129
108 131
108 134
108 162
108 109
108 177
108 190
108 118
108 156
109 133
109 134
109 114
109 165
110 129
110 131
110 147
110 149
110 152
110 153
110 156
110 157
110 160
110 161
110 165
110 135
110 177
110 184
110 186
110 197
110 111
110 116
110 117
110 119
110 123
110 127
111 128
111 194
111 147
111 148
111 158
111 165
111 168
111 172
111 176
111 177
111 118
111 120
112 135
112 138
112 140
112 147
112 152
112 157
112 159
112 164
112 169
112 175
112 183
112 197
112 198
112 142
112 114
112 117
112 123
113 138
113 144
113 147
113 153
113 154
113 159
113 161
113 164
113 135
113 182
113 186
113 151
113 197
113 188
113 117
113 127
114 128
114 194
114 173
114 197
114 162
114 120
114 190
115 138
115 140
115 152
115 157
115 133
115 162
115 164
115 165
115 175
115 176
115 183
115 190
115 192
115 197
115 198
115 142
115 191
115 117
115 123
115 125
116 164
116 166
116 168
116 192
116 144
116 151
116 184
116 185
117 128
117 194
117 192
117 144
117 148
117 149
117 151
117 164
117 158
117 166
117 120
117 191
118 192
118 197
118 129
118 172
118 149
118 159
118 160
118 178
119 163
119 148
119 151
119 185
119 154
119 158
120 135
120 138
120 140
120 147
120 152
120 157
120 133
120 160
120 161
120 164
120 156
120 183
120 186
120 197
120 142
120 131
120 169
120 123
121 188
121 166
121 145
121 171
121 182
121 191
121 127
122 192
122 165
122 168
122 176
122 148
122 191
122 158
122 166
123 128
123 192
123 194
123 152
123 157
123 158
123 180
124 168
124 172
125 192
125 197
125 166
125 191
127 192
127 166
127 145
127 171
127 191
128 129
128 131
128 135
128 138
128 140
128 147
128 152
128 157
128 133
128 164
128 165
128 175
128 176
128 183
128 142
129 194
129 173
129 147
129 156
129 159
129 165
129 176
129 177
130 168
131 172
131 194
131 147
131 158
131 177
131 168
131 180
131 159
132 192
132 191
132 168
132 172
133 192
133 144
133 173
133 147
133 148
133 149
133 158
133 197
133 164
133 163
133 180
133 185
133 159
133 151
134 162
134 190
135 192
135 194
135 147
135 142
135 148
135 149
135 158
135 165
135 176
135 168
135 172
135 185
136 192
136 166
136 182
136 188
136 191
137 192
137 179
137 168
137 172
138 194
138 192
138 148
138 166
138 168
138 172
138 180
138 186
139 150
139 168
139 172
140 194
140 197
140 149
140 180
140 176
140 165
141 168
141 172
142 192
142 194
142 148
142 164
142 157
142 158
143 172
144 147
144 154
144 159
144 161
144 165
144 176
144 186
144 151
145 188
145 182
146 187
147 148
147 149
147 151
147 153
147 158
147 161
147 164
147 156
147 176
147 183
147 180
147 186
147 198
147 169
148 198
148 175
148 152
148 186
148 157
148 160
148 174
149 157
149 197
149 177
149 169
149 186
149 159
150 199
150 168
150 172
151 161
151 154
151 159
151 197
151 165
151 176
151 186
152 192
152 194
152 164
152 157
152 158
152 186
153 163
153 168
153 172
153 176
153 185
153 164
154 164
154 163
154 165
154 168
154 176
155 168
155 172
156 194
156 165
156 173
156 176
156 168
156 180
157 192
157 180
157 186
158 198
158 160
158 165
158 161
158 174
158 176
158 183
159 161
159 164
159 169
159 180
160 165
160 172
160 177
161 192
161 173
161 162
161 197
161 180
161 185
161 190
162 165
162 176
163 164
163 176
163 186
164 185
164 197
165 194
165 185
165 190
165 198
165 191
166 171
166 174
166 192
166 195
166 197
166 198
166 184
168 177
168 179
168 186
168 198
168 175
168 199
168 170
169 197
169 180
170 172
171 192
171 182
171 191
171 188
172 179
172 186
172 195
172 177
172 199
174 192
174 197
174 191
175 176
175 197
175 180
176 194
176 198
177 192
177 197
179 192
180 197
180 198
181 193
182 196
183 194
183 197
184 192
184 191
186 194
188 192
188 196
191 192
191 196
191 197
191 198
192 196
192 195
192 198
194 197
197 198
