0 64
0 129
0 132
0 68
0 182
0 6
0 7
0 9
0 75
0 12
0 17
0 21
0 87
0 25
0 91
0 94
0 34
0 163
0 164
0 102
0 167
0 104
0 196
0 173
0 174
0 48
0 113
0 114
0 51
0 118
0 119
0 56
0 57
0 187
0 124
0 190
1 2
1 3
1 4
1 5
1 70
1 11
1 19
1 151
1 29
1 30
1 96
1 100
1 101
1 169
1 43
1 45
1 46
1 176
1 131
1 121
1 188
1 189
1 181
2 128
2 171
2 133
2 136
2 138
2 11
2 13
2 14
2 15
2 144
2 146
2 195
2 22
2 23
2 27
2 28
2 157
2 32
2 162
2 36
2 37
2 39
2 40
2 172
2 176
2 49
2 184
2 185
2 186
2 60
2 61
2 191
2 192
2 139
2 197
2 73
2 74
2 77
2 83
2 85
2 92
2 93
2 95
2 107
2 110
2 111
2 117
2 120
2 126
3 67
3 69
3 71
3 172
3 130
3 142
3 79
3 24
3 18
3 99
3 122
3 150
3 88
3 93
3 193
3 97
3 35
3 36
3 168
3 41
3 171
3 135
3 108
3 47
3 157
3 177
3 55
3 58
4 35
4 36
4 198
4 135
4 172
4 108
4 13
4 47
4 157
4 177
4 18
4 171
4 150
4 122
4 93
4 127
5 152
5 130
5 193
5 136
5 73
5 77
5 14
5 146
5 147
5 84
5 85
5 24
5 88
5 26
5 155
5 93
5 159
5 162
5 36
5 37
5 166
5 39
5 170
5 157
5 178
5 52
5 62
5 127
5 195
5 61
5 126
5 117
6 65
6 194
6 132
6 64
6 9
6 141
6 17
6 196
6 86
6 25
6 91
6 31
6 160
6 98
6 164
6 38
6 102
6 167
6 42
6 44
6 48
6 72
6 125
6 190
7 65
7 194
7 132
7 64
7 12
7 76
7 17
7 25
7 31
7 160
7 33
7 164
7 38
7 102
7 167
7 104
7 175
7 48
7 190
8 32
8 133
8 40
8 10
8 139
8 140
8 13
8 49
8 83
8 20
8 185
8 90
8 60
8 154
8 95
9 34
9 163
9 68
9 25
9 148
9 114
9 94
10 192
10 195
10 133
10 199
10 73
10 138
10 13
10 145
10 77
10 146
10 83
10 20
10 85
10 22
10 23
10 197
10 90
10 28
10 154
10 159
10 161
10 191
10 37
10 39
10 92
10 170
10 107
10 178
10 111
10 136
10 50
10 117
10 184
10 185
10 127
10 61
10 126
10 63
11 128
11 135
11 130
11 143
11 144
11 152
11 18
11 149
11 150
11 23
11 24
11 155
11 35
11 36
11 171
11 172
11 47
11 177
11 52
11 53
11 55
11 180
11 58
11 189
11 62
11 191
11 193
11 66
11 197
11 71
11 78
11 13
11 88
11 89
11 15
11 93
11 101
11 103
11 108
11 109
11 110
11 120
11 122
11 127
12 33
12 38
12 42
12 160
12 76
12 174
12 175
12 86
12 125
12 31
13 14
13 145
13 146
13 178
13 153
13 156
13 29
13 30
13 32
13 162
13 39
13 28
13 61
13 46
13 176
13 136
13 50
13 179
13 158
13 186
13 138
13 181
13 195
13 70
13 73
13 74
13 77
13 82
13 90
13 92
13 96
13 100
13 101
13 106
13 111
13 112
13 116
13 117
13 189
13 169
13 121
14 100
14 166
14 103
14 197
14 84
14 23
14 180
14 26
14 191
14 101
14 189
14 127
15 134
15 109
15 16
15 19
15 110
15 26
15 30
15 96
15 144
15 36
15 166
15 103
15 169
15 43
15 46
15 176
15 115
15 181
15 54
15 183
15 189
16 193
16 66
16 67
16 69
16 198
16 71
16 143
16 130
16 78
16 144
16 152
16 18
16 147
16 142
16 150
16 24
16 89
16 79
16 97
16 35
16 36
16 168
16 41
16 108
16 110
16 53
16 120
16 62
16 149
17 48
17 194
17 132
17 190
17 164
17 196
17 174
18 179
18 70
18 80
18 82
18 19
18 151
18 176
18 89
18 26
18 156
18 30
18 165
18 131
18 166
18 106
18 43
18 112
18 115
18 116
18 181
18 54
18 183
18 153
18 121
18 123
18 188
19 149
19 66
19 171
19 193
19 172
19 130
19 144
19 24
19 147
19 46
19 150
19 88
19 89
19 143
19 30
19 155
19 36
19 101
19 103
19 169
19 43
19 108
19 109
19 110
19 157
19 176
19 52
19 181
19 120
19 191
19 189
19 62
19 127
20 189
20 186
20 103
20 28
20 74
20 95
21 25
22 192
22 197
22 137
22 139
22 140
22 63
22 145
22 23
22 27
22 28
22 32
22 161
22 101
22 103
22 92
22 107
22 191
22 111
22 49
22 50
22 180
22 189
22 105
22 184
22 59
22 60
22 138
22 127
23 131
23 136
23 137
23 140
23 146
23 195
23 151
23 26
23 156
23 29
23 30
23 161
23 162
23 166
23 39
23 40
23 43
23 46
23 176
23 49
23 50
23 179
23 180
23 158
23 184
23 59
23 60
23 63
23 181
23 139
23 70
23 73
23 77
23 80
23 84
23 85
23 188
23 100
23 101
23 103
23 105
23 106
23 107
23 116
23 126
24 134
24 155
24 115
24 52
24 54
24 183
24 88
24 84
24 26
24 166
24 165
25 68
25 182
25 75
25 148
25 87
25 91
25 94
25 34
25 173
25 174
25 114
25 51
25 118
25 119
25 56
25 57
26 135
26 136
26 143
26 144
26 152
26 147
26 149
26 150
26 155
26 159
26 162
26 35
26 36
26 37
26 41
26 170
26 197
26 47
26 177
26 52
26 53
26 55
26 61
26 62
26 67
26 69
26 198
26 71
26 73
26 77
26 78
26 79
26 142
26 88
26 89
26 97
26 99
26 195
26 108
26 109
26 110
26 117
26 122
26 126
26 127
27 137
27 139
27 140
27 90
27 28
27 154
27 161
27 100
27 103
27 40
27 105
27 107
27 180
27 184
27 60
27 189
27 63
28 192
28 133
28 137
28 139
28 140
28 145
28 83
28 90
28 92
28 154
28 95
28 32
28 161
28 100
28 40
28 105
28 107
28 111
28 49
28 50
28 180
28 184
28 185
28 59
28 60
28 138
28 63
29 128
29 69
29 198
29 71
29 78
29 79
29 122
29 143
29 93
29 197
29 96
29 97
29 36
29 142
29 168
29 41
29 171
29 172
29 109
29 110
29 47
29 157
29 177
29 53
29 55
29 120
29 58
29 191
29 127
30 128
30 197
30 198
30 71
30 172
30 78
30 143
30 144
30 150
30 89
30 93
30 35
30 36
30 108
30 109
30 157
30 53
30 120
30 191
30 127
31 64
31 102
31 174
32 161
32 101
32 103
32 74
32 107
32 189
32 180
32 186
32 90
32 127
32 154
32 63
33 64
33 102
33 167
33 174
34 75
34 163
34 91
35 179
35 70
35 71
35 78
35 80
35 82
35 131
35 84
35 151
35 176
35 156
35 165
35 96
35 158
35 134
35 166
35 169
35 106
35 43
35 45
35 46
35 112
35 115
35 53
35 54
35 183
35 123
35 181
36 128
36 151
36 153
36 156
36 158
36 166
36 169
36 43
36 45
36 46
36 176
36 179
36 180
36 181
36 188
36 70
36 80
36 82
36 84
36 143
36 96
36 144
36 100
36 101
36 106
36 109
36 110
36 112
36 116
36 131
36 121
37 199
37 77
37 146
37 84
37 85
37 154
37 90
37 159
37 197
37 100
37 166
37 39
37 170
37 178
37 180
37 127
37 191
38 64
38 102
38 104
38 167
38 174
39 100
39 197
39 159
39 77
39 146
39 170
39 85
39 180
39 90
39 127
39 154
40 192
40 100
40 101
40 103
40 74
40 197
40 191
40 189
40 180
40 186
40 138
40 127
41 96
41 97
41 69
41 166
41 169
41 43
41 46
41 79
41 176
42 64
42 86
42 167
42 72
42 76
42 102
42 141
43 128
43 135
43 143
43 144
43 150
43 168
43 47
43 177
43 181
43 55
43 58
43 53
43 193
43 66
43 67
43 197
43 198
43 71
43 78
43 79
43 89
43 93
43 97
43 101
43 103
43 108
43 109
43 110
43 120
43 191
43 127
45 128
45 171
45 198
45 71
45 78
45 143
45 144
45 88
45 155
45 93
45 135
45 109
45 110
45 47
45 177
45 52
45 53
45 55
45 120
45 58
46 128
46 69
46 198
46 135
46 143
46 144
46 99
46 150
46 89
46 93
46 197
46 97
46 168
46 171
46 108
46 109
46 110
46 47
46 53
46 120
46 58
46 191
46 127
47 179
47 80
47 84
47 156
47 158
47 96
47 165
47 166
47 106
47 176
47 115
47 181
47 54
47 121
47 123
48 194
48 132
48 196
48 164
48 174
49 192
49 197
49 138
49 140
49 154
49 100
49 101
49 103
49 63
49 107
49 189
49 180
49 184
49 186
49 59
49 60
49 74
49 127
50 191
50 197
50 74
50 107
50 154
50 111
50 186
50 184
50 90
50 127
50 92
50 63
52 193
52 66
52 147
52 130
52 84
52 155
52 62
52 166
53 198
53 134
53 80
53 84
53 176
53 156
53 158
53 96
53 165
53 166
53 169
53 112
53 115
53 54
53 123
53 181
54 128
54 193
54 66
54 71
54 130
54 78
54 144
54 152
54 147
54 149
54 150
54 89
54 143
54 135
54 108
54 109
54 110
54 120
54 58
55 80
55 82
55 153
55 156
55 158
55 96
55 176
55 166
55 106
55 112
55 179
55 116
55 181
56 91
56 75
58 134
58 80
58 131
58 151
58 156
58 158
58 96
58 176
58 169
58 106
58 112
58 115
58 181
58 183
58 121
58 188
59 192
59 161
59 139
59 197
59 137
59 138
59 107
59 191
59 105
59 63
60 192
60 197
60 137
60 74
60 139
60 140
60 161
60 101
60 103
60 105
60 107
60 191
60 189
60 180
60 184
60 186
60 63
60 138
60 127
61 100
61 166
61 103
61 191
61 189
61 84
61 117
61 154
61 90
61 127
61 101
62 193
62 66
62 147
62 166
62 130
62 149
62 152
62 84
62 155
63 192
63 197
63 137
63 139
63 145
63 90
63 92
63 154
63 161
63 100
63 105
63 107
63 111
63 184
63 138
63 127
64 72
64 160
64 76
64 141
64 174
64 175
64 125
64 65
65 102
65 104
65 141
65 174
65 72
65 86
66 147
66 134
66 155
66 115
66 149
66 183
66 88
66 152
66 123
66 181
66 165
67 96
67 176
67 166
67 168
67 169
67 142
67 84
67 181
68 75
69 96
69 176
69 166
69 79
69 84
69 181
70 198
70 71
70 78
70 80
70 150
70 89
70 156
70 158
70 135
70 112
70 177
70 122
70 191
70 127
71 198
71 134
71 80
71 84
71 176
71 156
71 96
71 166
71 112
71 115
71 158
71 183
71 181
72 102
72 167
72 104
72 76
73 100
73 166
73 103
73 189
73 180
73 154
73 90
73 191
73 101
73 127
74 133
74 139
74 140
74 145
74 83
74 92
74 95
74 100
74 101
74 103
74 105
74 111
74 180
74 185
74 189
75 148
75 114
76 104
76 102
76 86
76 167
76 141
76 174
77 199
77 146
77 84
77 85
77 154
77 101
77 159
77 197
77 100
77 170
77 103
77 178
77 180
77 90
77 189
77 127
78 198
78 179
78 80
78 82
78 84
78 153
78 156
78 96
78 134
78 106
78 112
78 115
78 116
78 158
78 183
78 123
78 181
79 96
79 97
79 166
79 84
79 181
79 169
79 176
80 197
80 82
80 150
80 89
80 156
80 122
80 158
80 198
80 135
80 108
80 112
80 177
80 116
80 153
80 191
80 127
81 100
81 103
81 84
81 85
81 154
81 127
81 101
81 90
82 112
82 198
82 135
82 177
82 153
82 122
82 156
82 158
82 127
83 100
83 133
83 103
83 189
83 180
83 154
83 186
83 90
84 152
84 146
84 149
84 150
84 155
84 157
84 159
84 162
84 168
84 170
84 171
84 172
84 191
84 198
84 142
84 197
84 89
84 93
84 199
84 97
84 99
84 108
84 117
84 122
84 85
84 127
85 199
85 146
85 90
85 154
85 159
85 197
85 100
85 101
85 170
85 103
85 178
85 180
85 189
85 127
86 102
86 167
86 104
88 193
88 147
88 166
88 130
88 149
89 134
89 150
89 176
89 156
89 165
89 169
89 108
89 112
89 115
89 116
89 158
89 183
89 123
89 181
90 192
90 195
90 139
90 140
90 145
90 137
90 92
90 95
90 161
90 170
90 178
90 111
90 117
90 138
90 184
90 185
90 159
91 163
91 148
91 114
91 94
92 145
92 154
92 161
92 100
92 103
92 107
92 111
92 189
92 180
92 184
92 186
92 127
93 151
93 100
93 101
93 176
93 115
93 180
93 131
93 188
93 189
93 181
95 100
95 101
95 103
95 189
95 186
95 180
95 154
95 133
96 128
96 198
96 143
96 144
96 99
96 122
96 97
96 142
96 168
96 109
96 110
96 177
96 120
97 176
97 166
97 181
97 169
99 166
99 169
99 176
99 181
100 128
100 171
100 133
100 136
100 138
100 139
100 140
100 143
100 146
100 157
100 162
100 172
100 176
100 178
100 181
100 185
100 186
100 192
100 195
100 197
100 199
100 109
100 110
100 111
100 120
100 191
100 126
100 127
101 171
101 136
101 137
101 138
101 140
101 146
101 157
101 159
101 161
101 162
101 170
101 172
101 176
101 185
101 186
101 191
101 192
101 139
101 197
101 199
101 195
101 105
101 107
101 109
101 110
101 111
101 126
101 127
102 160
102 141
102 174
102 175
102 167
102 125
103 128
103 171
103 133
103 136
103 137
103 138
103 140
103 144
103 146
103 157
103 159
103 161
103 162
103 170
103 172
103 176
103 181
103 184
103 185
103 186
103 191
103 192
103 139
103 199
103 105
103 107
103 109
103 110
103 111
103 117
103 120
103 127
104 141
104 174
104 125
105 192
105 197
105 154
105 161
105 107
105 191
105 138
105 184
105 186
105 189
105 127
106 198
106 135
106 171
106 172
106 157
106 177
106 122
106 191
106 127
107 192
107 197
107 137
107 139
107 145
107 154
107 161
107 191
107 189
107 180
107 138
107 127
108 176
108 156
108 131
108 166
108 169
108 112
108 116
108 158
108 153
108 121
108 188
108 181
109 134
109 144
109 143
109 165
109 166
109 169
109 176
109 115
109 180
109 181
109 183
109 120
109 123
109 189
110 128
110 143
110 144
110 166
110 169
110 176
110 115
110 180
110 181
110 120
110 189
111 145
111 154
111 161
111 191
111 189
111 180
111 127
112 197
112 150
112 122
112 198
112 135
112 177
112 116
112 153
112 191
112 127
113 129
113 187
113 124
115 193
115 171
115 198
115 143
115 144
115 135
115 172
115 157
115 120
116 197
116 198
116 177
116 150
116 122
116 191
116 156
116 158
116 127
117 166
117 154
117 180
117 191
117 127
118 119
119 129
119 187
119 124
120 134
120 165
120 166
120 169
120 176
120 180
120 181
120 183
120 123
120 189
121 198
121 135
121 188
121 177
121 131
121 122
121 150
121 191
121 151
121 127
122 131
122 156
122 158
122 176
122 166
122 179
123 128
123 193
123 134
123 130
123 135
123 143
123 183
123 198
124 187
125 167
125 174
126 195
126 166
126 189
126 180
126 154
126 191
126 197
127 131
127 136
127 137
127 140
127 145
127 146
127 151
127 153
127 156
127 161
127 162
127 166
127 170
127 178
127 176
127 179
127 180
127 158
127 138
127 184
127 181
127 139
127 199
127 188
127 195
127 189
128 134
128 165
128 166
128 169
128 176
128 180
128 181
128 189
130 134
130 183
130 155
130 165
131 197
131 198
131 172
131 157
131 177
131 171
131 150
132 194
132 164
132 174
133 189
133 180
133 185
133 186
134 193
134 165
134 198
134 144
134 143
135 179
135 153
135 156
135 158
135 176
135 166
135 169
135 181
136 166
136 191
136 180
136 154
136 197
136 189
137 192
137 197
137 138
137 154
137 161
137 184
137 186
137 189
137 191
138 139
138 140
138 154
138 161
138 180
138 184
138 189
139 192
139 197
139 154
139 161
139 191
139 189
139 184
139 186
140 192
140 197
140 154
140 186
140 191
140 189
141 167
142 176
142 168
142 169
143 165
143 166
143 169
143 176
143 180
143 183
144 166
144 169
144 176
144 180
144 181
144 183
144 189
145 161
145 191
145 197
145 154
145 186
145 184
146 178
146 180
146 191
146 189
146 197
147 193
147 166
147 155
149 193
149 166
149 155
150 151
150 176
150 156
150 166
150 169
150 181
150 188
151 197
151 198
151 172
151 157
151 177
151 171
151 191
151 188
152 193
152 166
153 197
153 198
153 177
153 191
153 158
154 192
154 195
154 178
154 199
154 161
154 170
154 184
154 185
154 159
155 193
155 166
156 197
156 158
156 198
156 177
156 191
157 179
157 169
157 180
157 188
157 189
158 197
158 198
158 177
158 191
159 166
159 189
159 178
160 167
160 174
161 192
161 197
161 191
161 189
161 180
161 184
162 191
162 197
162 180
164 194
164 196
164 174
164 190
165 193
165 183
166 197
166 168
166 170
166 177
166 191
166 198
166 195
167 174
168 176
168 169
168 181
169 198
169 172
169 191
170 189
171 176
171 179
171 180
171 188
171 189
172 179
172 189
172 180
172 188
174 194
174 196
174 175
174 190
176 197
176 177
176 180
176 189
176 191
176 193
177 179
177 181
177 188
178 191
178 180
179 197
179 198
179 191
180 184
180 185
180 186
180 191
180 192
180 197
181 197
181 189
181 191
181 193
181 198
183 193
183 198
184 192
184 197
184 189
184 191
185 189
186 189
188 197
188 198
188 191
189 191
189 192
189 195
191 195
194 196
195 197
