0 129
0 68
0 118
0 39
0 137
0 167
0 76
0 77
0 141
0 80
0 49
0 82
0 83
0 180
0 86
0 176
0 25
0 143
0 28
0 190
0 182
1 32
1 64
1 100
1 133
1 104
1 60
1 75
1 76
1 77
1 142
1 17
1 19
1 180
1 85
1 169
1 152
1 132
1 184
1 92
1 126
2 67
2 196
2 6
2 135
2 8
2 137
2 98
2 142
2 83
2 84
2 85
2 27
2 95
2 162
2 36
2 104
2 44
2 174
2 49
2 19
2 118
2 191
2 63
3 64
3 65
3 194
3 163
3 5
3 39
3 136
3 43
3 47
3 84
3 54
3 183
3 184
3 90
3 199
4 41
4 11
4 172
4 47
4 111
4 16
4 145
4 178
4 180
4 23
4 90
4 91
4 31
5 129
5 98
5 181
5 8
5 73
5 171
5 45
5 44
5 13
5 79
5 17
5 143
5 85
5 124
5 104
5 127
5 60
5 109
5 117
6 160
6 65
6 131
6 132
6 195
6 39
6 104
6 73
6 107
6 14
6 176
6 43
6 178
6 163
6 184
6 169
6 24
6 123
7 80
7 195
7 68
7 37
7 139
7 77
7 111
7 48
7 18
7 19
7 120
7 57
7 143
7 60
7 190
8 96
8 97
8 166
8 40
8 140
8 170
8 160
8 44
8 34
8 194
8 143
8 16
8 146
8 84
8 88
8 60
9 64
9 96
9 194
9 132
9 71
9 177
9 42
9 78
9 143
9 120
9 179
9 180
9 87
9 56
9 185
9 188
9 138
9 158
10 193
10 163
10 100
10 165
10 102
10 39
10 72
10 145
10 107
10 172
10 82
10 110
10 144
10 49
10 18
10 177
10 119
10 104
10 151
10 30
11 65
11 197
11 75
11 12
11 144
11 147
11 148
11 85
11 23
11 154
11 155
11 156
11 26
11 160
11 161
11 92
11 106
11 29
11 178
11 115
11 120
11 63
12 160
12 54
12 198
12 147
12 149
12 179
12 92
12 32
12 33
12 98
12 165
12 102
12 169
12 110
12 175
12 176
12 51
12 180
12 118
12 55
12 60
12 191
13 65
13 163
13 103
13 113
13 146
13 20
13 182
13 153
13 188
13 126
13 63
14 19
14 97
14 196
14 133
14 193
14 136
14 139
14 78
14 79
14 115
14 62
14 25
14 89
14 154
14 175
14 60
14 94
14 198
15 32
15 97
15 177
15 133
15 135
15 72
15 41
15 193
15 46
15 109
15 110
15 47
15 48
15 145
15 51
15 117
15 173
15 119
15 125
15 191
16 96
16 179
16 73
16 42
16 119
16 110
16 49
16 115
16 85
16 55
16 153
16 100
16 58
16 123
16 60
16 169
17 64
17 194
17 198
17 141
17 142
17 79
17 81
17 22
17 87
17 86
17 157
17 165
17 103
17 108
17 61
17 177
17 115
17 57
17 119
17 121
17 59
17 125
17 181
18 96
18 194
18 142
18 81
18 147
18 23
18 24
18 25
18 32
18 36
18 40
18 105
18 173
18 50
18 169
18 88
18 58
18 59
18 124
18 61
18 190
19 193
19 132
19 37
19 166
19 138
19 139
19 120
19 114
19 115
19 53
19 55
19 56
19 179
19 127
19 181
19 190
19 63
20 129
20 130
20 35
20 163
20 70
20 72
20 41
20 106
20 195
20 108
20 109
20 141
20 81
20 140
20 51
20 150
20 87
20 143
20 60
20 146
21 96
21 164
21 134
21 40
21 73
21 138
21 107
21 45
21 112
21 177
21 146
21 188
21 181
21 119
21 89
21 26
21 28
21 157
21 191
22 187
22 100
22 38
22 72
22 138
22 171
22 79
22 147
22 164
22 122
22 168
22 28
22 61
22 30
22 195
23 64
23 128
23 194
23 199
23 77
23 144
23 145
23 83
23 84
23 178
23 25
23 156
23 96
23 33
23 103
23 106
23 44
23 50
23 114
23 181
23 54
23 58
23 187
24 128
24 178
24 49
24 77
24 82
24 149
24 150
24 87
24 196
24 26
24 157
24 159
24 98
24 163
24 101
24 38
24 167
24 45
24 112
24 177
24 50
25 164
25 36
25 198
25 74
25 44
25 178
25 116
25 87
25 152
25 68
25 154
25 119
25 55
26 192
26 182
26 136
26 138
26 76
26 141
26 78
26 146
26 155
26 160
26 91
26 38
26 102
26 167
26 169
26 108
26 49
26 50
26 52
26 54
26 119
26 58
26 124
26 166
27 96
27 33
27 67
27 158
27 38
27 71
27 72
27 92
27 170
27 135
27 78
27 190
27 81
27 156
27 199
27 46
27 183
27 60
27 61
27 126
28 65
28 98
28 196
28 37
28 172
28 138
28 76
28 46
28 29
28 90
28 61
28 158
29 197
29 198
29 136
29 74
29 85
29 88
29 157
29 159
29 160
29 34
29 99
29 38
29 103
29 104
29 42
29 178
29 52
29 181
29 55
29 57
29 125
30 80
30 100
30 133
30 103
30 75
30 114
30 48
30 50
30 83
30 52
30 147
30 155
30 182
30 63
31 165
31 133
31 167
31 74
31 126
31 49
31 146
31 179
31 52
31 117
31 54
31 120
31 100
31 123
31 93
31 94
31 127
32 163
32 161
32 72
32 105
32 79
32 176
32 180
32 85
32 41
32 120
32 93
32 117
33 155
33 100
33 121
33 81
33 143
33 48
33 49
33 51
33 52
33 149
33 56
33 89
33 186
33 120
33 159
34 80
34 194
34 150
34 89
34 105
34 170
34 107
35 128
35 160
35 101
35 198
35 104
35 124
35 74
35 144
35 149
35 87
35 156
35 189
36 161
36 164
36 177
36 40
36 169
36 170
36 78
36 49
36 82
36 194
36 62
36 152
36 189
36 94
36 117
37 66
37 75
37 155
37 70
37 39
37 107
37 76
37 173
37 174
37 112
37 113
37 148
37 55
37 122
37 123
38 68
38 197
38 166
38 177
38 137
38 172
38 178
38 176
38 146
38 183
38 56
38 88
38 63
39 96
39 195
39 168
39 41
39 190
39 165
39 125
39 163
39 52
39 85
39 119
39 120
39 60
39 61
39 134
39 69
40 128
40 171
40 71
40 43
40 104
40 52
40 88
40 196
40 187
40 60
40 95
41 86
41 198
41 75
41 150
41 87
41 89
41 92
41 158
41 95
41 163
41 164
41 165
41 171
41 94
41 55
41 186
41 189
42 48
42 98
42 67
42 100
42 166
42 135
42 43
42 76
42 140
42 99
42 148
42 54
42 176
42 122
43 197
43 198
43 199
43 136
43 80
43 97
43 100
43 165
43 108
43 111
43 52
43 62
43 55
43 184
43 127
43 124
43 190
43 191
44 180
44 164
44 170
44 45
44 78
44 176
44 178
44 116
44 196
44 90
44 59
44 189
44 95
45 160
45 113
45 74
45 171
45 76
45 141
45 49
45 188
45 189
45 199
45 101
46 192
46 131
46 197
46 79
46 80
46 147
46 85
46 87
46 88
46 153
46 94
46 96
46 97
46 101
46 188
46 167
46 92
46 176
46 181
46 89
46 122
46 124
46 195
47 80
47 69
47 134
47 129
47 188
47 107
47 181
47 48
47 51
47 131
47 119
47 143
47 166
47 125
47 159
48 132
48 195
48 97
48 69
48 102
48 77
48 93
48 144
48 145
48 179
48 52
48 138
48 183
48 84
48 61
49 129
49 71
49 72
49 139
49 194
49 86
49 93
49 165
49 102
49 161
49 176
49 52
49 116
50 161
50 148
50 133
50 71
50 75
50 79
50 152
50 116
50 117
50 121
50 167
50 90
50 149
51 192
51 129
51 132
51 68
51 137
51 77
51 153
51 156
51 157
51 160
51 99
51 164
51 171
51 176
51 178
51 56
51 188
51 61
51 63
52 64
52 70
52 71
52 81
52 146
52 154
52 199
52 152
52 120
52 92
52 96
52 162
52 99
52 100
52 109
52 56
52 61
52 62
53 160
53 65
53 163
53 103
53 76
53 193
53 75
53 140
53 112
53 145
53 167
53 117
53 55
53 123
53 61
54 64
54 65
54 67
54 147
54 101
54 73
54 177
54 186
54 85
54 196
54 154
55 64
55 133
55 71
55 72
55 78
55 147
55 171
55 197
55 97
55 195
55 107
55 174
55 112
55 118
55 105
55 189
55 63
56 192
56 69
56 71
56 139
56 146
56 88
56 155
56 93
56 162
56 103
56 176
56 113
56 181
56 73
56 180
56 127
57 98
57 69
57 177
57 106
57 183
57 162
57 179
57 116
57 149
57 87
57 124
57 181
58 196
58 69
58 136
58 138
58 76
58 78
58 152
58 155
58 90
58 102
58 104
58 63
58 171
58 113
58 184
58 123
58 188
58 126
58 127
59 192
59 97
59 130
59 131
59 182
59 169
59 170
59 157
59 80
59 116
59 118
59 119
59 180
59 191
59 61
59 94
59 95
60 98
60 161
60 102
60 137
60 74
60 141
60 79
60 142
60 143
61 64
61 66
61 133
61 72
61 138
61 80
61 157
61 158
61 182
61 96
61 116
61 162
61 99
61 175
61 118
61 120
61 121
61 189
61 127
62 160
62 112
62 66
62 180
62 165
62 70
62 193
62 196
62 173
62 80
62 149
62 182
62 176
62 132
62 122
62 92
62 63
63 80
63 87
63 88
63 157
63 95
63 160
63 162
63 163
63 165
63 103
63 168
63 107
63 188
64 69
64 193
64 119
64 78
64 81
64 195
64 154
64 161
64 164
64 176
64 177
64 178
64 117
64 123
64 190
65 192
65 130
65 140
65 147
65 139
65 85
65 155
65 94
65 96
65 161
65 163
65 167
65 106
65 114
65 116
65 117
65 118
65 183
65 124
66 130
66 67
66 133
66 72
66 139
66 141
66 142
66 148
66 91
66 97
66 100
66 166
66 167
66 106
66 175
66 176
66 177
66 180
66 121
66 122
66 191
67 163
67 68
67 70
67 103
67 119
67 105
67 75
67 142
67 173
67 168
67 147
67 171
67 73
67 153
67 186
67 183
68 97
68 165
68 168
68 169
68 75
68 140
68 175
68 81
68 149
68 118
68 122
68 156
68 167
68 159
69 80
69 130
69 163
69 197
69 102
69 144
69 111
69 179
69 181
69 118
69 121
69 189
69 185
69 159
70 129
70 103
70 142
70 111
70 112
70 182
70 121
70 155
70 191
71 192
71 107
71 196
71 72
71 137
71 74
71 119
71 84
71 149
71 94
71 161
71 171
71 181
71 188
71 190
71 117
72 192
72 193
72 146
72 156
72 168
72 105
72 108
72 109
72 112
72 119
72 122
72 189
73 99
73 100
73 135
73 156
73 138
73 90
73 101
73 134
73 95
74 100
74 166
74 102
74 135
74 142
74 157
74 144
74 178
74 195
74 154
74 123
75 194
75 167
75 168
75 77
75 111
75 177
75 196
75 154
76 134
76 193
76 143
76 145
76 147
76 85
76 86
76 153
76 93
76 165
76 161
76 98
76 163
76 164
76 169
76 178
76 116
76 124
77 147
77 106
77 173
77 110
77 120
77 84
77 149
77 116
77 103
77 189
77 158
78 140
78 80
78 86
78 100
78 92
78 93
78 162
78 169
78 111
78 108
78 187
78 188
78 190
78 191
79 161
79 86
79 134
79 145
79 182
79 140
79 114
79 143
79 144
79 125
79 150
79 117
80 138
80 146
80 195
80 90
80 182
80 164
80 101
80 167
80 107
80 189
80 181
80 118
80 120
81 132
81 198
81 116
81 136
81 168
81 139
81 175
81 181
81 150
81 169
81 122
81 93
81 126
82 160
82 134
82 166
82 105
82 173
82 175
82 121
82 95
83 129
83 132
83 102
83 166
83 136
83 183
83 162
83 173
83 120
83 175
84 164
84 197
84 107
84 162
84 110
85 142
85 174
85 86
85 152
85 158
85 161
85 100
85 102
85 114
85 190
85 189
85 126
86 129
86 177
86 134
86 104
86 114
86 172
86 105
86 88
86 168
87 141
87 174
87 169
87 155
87 158
87 161
87 105
87 108
87 173
87 177
87 91
87 117
87 189
88 195
88 137
88 187
88 141
88 184
88 91
88 159
88 97
88 162
88 99
88 164
88 93
88 117
88 118
88 186
88 127
89 193
89 131
89 196
89 139
89 140
89 141
89 144
89 146
89 150
89 151
89 154
89 156
89 95
89 114
89 173
89 178
89 183
89 186
90 194
90 136
90 140
90 141
90 195
90 97
90 162
90 99
90 101
90 172
90 109
90 176
90 180
90 185
91 161
91 101
91 134
91 177
91 119
91 191
91 110
91 175
91 145
91 146
91 116
91 117
91 182
91 155
91 158
91 166
92 160
92 194
92 131
92 141
92 144
92 148
93 193
93 130
93 135
93 137
93 149
93 154
93 159
93 166
93 177
93 114
93 179
93 183
93 186
93 123
94 149
94 155
94 188
94 199
94 108
94 195
94 178
94 179
94 122
94 124
94 186
95 192
95 150
95 198
95 105
95 138
95 121
95 118
95 189
96 194
96 132
96 199
96 144
96 159
96 97
96 168
96 113
96 114
96 179
96 117
96 137
96 184
96 180
96 186
96 191
97 196
97 171
97 101
97 170
97 179
97 153
98 198
98 134
98 199
98 175
98 112
98 125
98 115
98 116
98 143
98 106
98 158
98 166
99 161
99 194
99 195
99 135
99 109
99 174
99 120
99 175
100 128
100 134
100 142
100 145
100 104
100 169
100 189
100 115
100 188
101 128
101 135
101 138
101 153
101 157
101 165
101 170
101 110
101 112
101 178
101 181
101 118
101 137
102 172
102 131
102 140
102 119
102 169
102 156
103 130
103 133
103 138
103 147
103 151
103 120
103 157
103 197
103 165
103 171
103 182
103 183
103 191
103 126
104 193
104 162
104 144
104 113
104 114
104 115
104 122
104 119
104 164
104 185
105 194
105 172
105 142
105 144
105 115
105 117
105 154
105 187
105 125
106 198
106 108
106 140
106 112
106 178
106 175
106 155
106 169
106 191
107 137
107 167
107 109
107 146
107 179
107 121
107 183
107 117
107 125
107 126
108 130
108 195
108 151
108 174
108 179
108 149
108 152
108 124
109 123
109 167
109 173
109 111
109 114
109 115
109 181
109 118
109 121
109 152
109 154
110 187
110 123
110 131
110 135
110 141
110 114
110 115
110 117
110 151
110 125
110 158
110 133
111 129
111 130
111 138
111 173
111 112
111 177
111 193
111 189
111 166
111 167
111 159
112 195
112 146
112 149
112 157
112 160
112 163
112 166
112 169
112 115
112 121
112 123
112 134
113 193
113 130
113 152
113 137
113 145
113 114
113 190
113 182
113 158
114 160
114 142
114 137
114 119
114 146
114 148
114 120
115 160
115 131
115 173
115 148
115 183
115 152
115 123
116 158
116 160
116 167
116 175
116 176
116 117
116 189
116 183
116 188
117 130
117 171
117 135
117 199
117 166
117 168
118 194
118 173
118 152
119 193
119 130
119 140
119 145
119 157
119 161
119 173
119 174
119 179
120 130
120 138
120 150
120 167
120 163
120 127
121 133
121 155
121 159
121 143
121 156
122 134
122 171
122 194
122 180
122 185
122 152
122 138
123 194
123 144
123 145
123 146
123 147
123 174
123 159
123 160
123 177
123 178
123 185
123 124
123 125
123 191
124 134
124 168
124 173
124 149
124 183
125 192
125 198
125 174
125 149
125 150
125 137
125 190
125 181
126 128
126 130
126 196
126 172
126 146
126 183
126 199
127 129
127 163
127 164
127 140
127 196
127 183
128 167
128 183
128 143
128 136
128 147
128 180
128 199
128 155
128 189
129 175
129 142
129 144
129 183
129 152
129 182
129 157
130 196
130 136
130 139
130 145
130 154
130 155
130 133
130 160
130 161
130 168
130 167
130 189
131 161
131 199
131 174
131 176
131 149
131 184
131 159
132 195
132 151
132 192
132 142
132 159
133 164
133 197
133 190
133 159
133 176
133 179
133 143
134 165
134 138
134 189
134 148
134 186
135 194
135 157
135 177
135 163
135 156
135 197
136 179
136 198
136 154
136 148
136 150
137 197
137 194
137 155
137 157
137 162
137 163
137 175
137 181
138 158
138 174
138 189
138 185
138 190
139 147
139 191
140 199
140 141
140 146
140 155
140 156
140 157
140 169
140 183
140 190
141 195
141 164
142 161
142 174
142 179
142 156
143 180
143 164
143 193
143 170
144 161
144 172
144 157
145 176
145 197
145 167
145 162
145 154
145 149
146 199
146 162
146 169
146 170
146 182
147 197
147 149
147 154
147 169
147 172
147 190
148 163
148 199
148 169
148 173
148 184
148 189
148 152
148 179
148 155
148 170
148 195
149 152
149 164
149 195
149 167
149 184
150 161
150 167
150 172
150 185
150 186
151 164
151 197
151 171
151 176
151 174
151 153
151 186
151 157
151 158
152 197
152 173
152 160
152 161
152 167
152 168
152 175
152 188
153 155
154 165
154 189
154 180
154 169
155 158
155 163
155 189
155 170
155 191
156 170
156 174
156 184
156 183
156 181
157 199
157 168
157 167
157 172
157 175
157 177
157 188
158 193
158 194
158 165
158 171
158 169
158 189
158 190
159 161
159 181
159 182
159 163
160 181
160 186
160 188
161 198
161 168
161 182
162 163
162 197
162 170
162 168
163 196
163 198
163 174
163 183
163 189
164 187
165 196
165 166
165 170
165 184
165 190
166 198
166 167
166 169
166 177
166 182
167 198
167 187
168 195
168 170
168 171
168 172
168 184
169 197
169 179
169 180
169 182
170 192
170 191
170 196
170 190
171 193
171 187
171 197
172 188
172 190
173 199
173 183
173 184
173 189
174 175
174 179
174 183
174 185
175 182
176 196
176 193
176 195
176 186
176 189
177 197
177 179
179 198
179 181
179 190
180 192
181 199
181 182
181 188
182 187
183 197
183 186
184 196
185 193
185 194
186 193
186 190
187 193
187 191
190 194
191 193
193 196
194 197
195 199
