0 68
0 69
0 198
0 135
0 137
0 140
0 143
0 144
0 82
0 196
0 153
0 90
0 26
0 95
0 98
0 100
0 101
0 39
0 42
0 107
0 179
0 54
0 184
0 123
1 66
1 195
1 5
1 136
1 73
1 11
1 12
1 141
1 15
1 144
1 20
1 27
1 37
1 97
1 165
1 104
1 43
1 50
1 176
1 140
1 116
1 183
2 160
2 192
2 130
2 196
2 135
2 104
2 11
2 44
2 142
2 16
2 177
2 51
2 21
2 150
2 119
2 88
2 59
2 167
2 85
3 194
3 27
3 4
3 198
3 6
3 45
3 47
3 187
3 121
3 152
3 132
3 155
3 28
3 125
4 64
4 161
4 98
4 132
4 69
4 113
4 41
4 162
4 78
4 111
4 49
4 46
4 152
4 164
4 26
4 123
4 61
4 133
5 6
5 135
5 144
5 21
5 47
5 92
5 157
5 159
5 167
5 31
5 105
5 170
5 7
5 110
5 111
5 114
5 179
5 117
5 169
5 58
5 59
5 189
6 64
6 128
6 8
6 10
6 77
6 15
6 81
6 149
6 153
6 89
6 90
6 156
6 94
6 133
6 197
6 35
6 168
6 41
6 43
6 48
6 178
6 52
6 30
6 183
6 184
6 186
6 63
6 60
6 61
6 127
7 64
7 133
7 100
7 38
7 135
7 161
7 196
7 11
7 30
7 56
7 153
7 159
7 70
7 29
7 62
7 63
8 64
8 182
8 99
8 100
8 102
8 39
8 11
8 172
8 135
8 111
8 48
8 88
8 146
8 86
8 24
8 173
8 60
8 93
8 30
8 127
9 128
9 179
9 72
9 14
9 79
9 85
9 151
9 88
9 25
9 158
9 165
9 33
9 100
9 101
9 104
9 188
9 42
9 171
9 174
9 175
9 176
9 115
9 62
9 118
9 186
9 124
9 170
9 126
9 191
10 64
10 193
10 66
10 12
10 81
10 82
10 23
10 90
10 27
10 94
10 96
10 100
10 166
10 102
10 39
10 110
10 178
10 115
10 120
10 188
10 189
11 156
11 70
11 40
11 105
11 177
11 145
11 146
11 52
11 168
11 55
11 88
11 137
11 91
11 28
11 29
11 31
12 132
12 150
12 198
12 71
12 13
12 14
12 15
12 141
12 145
12 22
12 199
12 69
12 41
12 193
12 43
12 178
12 181
12 54
12 56
12 123
12 126
13 172
13 171
13 68
13 103
13 137
13 43
13 141
13 112
13 83
13 21
13 183
13 88
13 62
13 60
13 126
14 176
14 150
14 167
14 104
14 105
14 171
14 110
14 190
14 112
14 49
14 116
14 53
14 86
14 153
14 121
14 62
14 21
15 192
15 130
15 131
15 132
15 65
15 137
15 193
15 183
15 112
15 113
15 55
15 90
15 60
15 29
15 30
16 136
16 140
16 141
16 83
16 174
16 57
16 152
16 156
16 30
16 159
16 188
16 39
16 105
16 170
16 45
16 46
16 113
16 19
16 116
16 52
16 187
16 124
17 129
17 194
17 74
17 75
17 81
17 146
17 86
17 158
17 164
17 40
17 44
17 174
17 112
17 168
17 180
17 62
17 119
17 184
17 186
17 60
17 190
17 63
18 64
18 176
18 99
18 167
18 43
18 44
18 175
18 79
18 48
18 49
18 179
18 20
18 21
18 180
18 120
18 89
18 143
18 60
18 192
18 94
18 95
19 176
19 99
19 165
19 39
19 168
19 169
19 42
19 107
19 142
19 79
19 50
19 139
19 53
19 54
19 184
19 28
19 167
19 126
19 159
20 34
20 100
20 37
20 81
20 71
20 72
20 169
20 74
20 77
20 142
20 49
20 152
20 57
20 155
20 188
20 69
21 128
21 192
21 75
21 76
21 146
21 84
21 149
21 152
21 155
21 29
21 30
21 97
21 187
21 100
21 39
21 168
21 42
21 110
21 111
21 114
21 179
21 55
21 123
22 172
22 193
22 43
22 104
22 171
22 140
22 175
22 81
22 51
22 87
22 152
22 26
22 95
23 193
23 132
23 36
23 134
23 103
23 72
23 108
23 46
23 146
23 51
23 85
23 118
23 55
23 56
23 100
23 58
23 27
23 28
23 90
24 162
24 195
24 101
24 190
24 141
24 173
24 145
24 149
24 119
24 25
24 26
24 94
24 117
25 32
25 129
25 27
25 113
25 163
25 168
25 103
25 136
25 142
25 46
25 49
25 161
25 117
25 54
25 56
25 59
25 170
26 192
26 67
26 177
26 120
26 178
26 195
26 52
26 118
26 150
26 180
26 155
26 91
26 60
26 62
26 31
27 68
27 69
27 142
27 147
27 91
27 159
27 170
27 113
27 51
27 180
27 117
27 55
27 57
27 58
27 123
27 189
27 127
28 65
28 168
28 43
28 174
28 141
28 110
28 77
28 157
28 148
28 46
28 156
28 61
28 159
29 32
29 128
29 34
29 69
29 70
29 92
29 194
29 176
29 50
29 147
29 150
29 153
29 58
29 156
29 60
30 132
30 138
30 184
30 82
30 91
30 98
30 163
30 36
30 101
30 103
30 41
30 174
30 79
30 52
30 181
30 119
30 56
30 57
30 186
30 191
30 60
30 149
31 129
31 66
31 67
31 198
31 71
31 73
31 130
31 80
31 155
31 146
31 99
31 171
31 153
31 103
31 95
31 35
31 38
31 39
31 168
31 105
31 43
31 109
31 177
31 176
31 49
31 52
31 60
31 61
32 144
32 129
32 34
32 131
32 162
32 163
32 146
32 71
32 104
32 105
32 106
32 98
32 46
32 48
32 114
32 115
32 88
32 156
32 158
33 128
33 130
33 72
33 74
33 141
33 78
33 83
33 85
33 159
33 97
33 167
33 168
33 170
33 45
33 178
33 51
33 117
33 182
33 56
33 60
33 190
34 97
34 130
34 36
34 167
34 168
34 105
34 77
34 145
34 94
34 175
34 156
34 125
34 126
35 161
35 197
35 164
35 134
35 167
35 72
35 63
35 191
35 112
35 84
35 56
35 116
35 155
35 166
35 94
36 128
36 131
36 195
36 162
36 119
36 76
36 98
36 109
36 113
36 51
36 84
36 149
36 152
36 60
36 125
37 66
37 68
37 65
37 78
37 80
37 145
37 142
37 155
37 160
37 163
37 164
37 101
37 41
37 106
37 108
37 180
37 117
37 120
37 121
37 125
38 64
38 162
38 102
38 42
38 107
38 194
38 190
38 177
38 179
38 117
38 86
38 55
38 188
38 62
39 196
39 69
39 192
39 147
39 148
39 90
39 92
39 157
39 94
39 102
39 167
39 173
39 51
39 118
39 120
39 186
39 59
40 98
40 69
40 198
40 167
40 169
40 109
40 45
40 143
40 119
40 154
40 157
41 65
41 130
41 136
41 137
41 83
41 148
41 89
41 91
41 92
41 157
41 163
41 100
41 156
41 107
41 109
41 47
41 176
41 52
41 182
41 119
41 185
41 62
42 101
42 72
42 76
42 141
42 157
42 48
42 150
42 119
42 88
42 57
42 154
42 156
42 93
42 169
43 66
43 67
43 150
43 70
43 199
43 151
43 145
43 84
43 87
43 156
43 100
43 105
43 171
43 177
43 52
43 55
43 57
43 187
43 191
44 179
44 72
44 105
44 78
44 111
44 48
44 83
44 122
44 155
44 188
44 186
44 190
44 191
45 66
45 131
45 166
45 71
45 137
45 75
45 194
45 110
45 79
45 49
45 114
45 67
45 149
45 88
45 104
45 61
45 181
46 128
46 65
46 130
46 133
46 139
46 77
46 82
46 84
46 197
46 97
46 107
46 178
46 110
46 47
46 114
46 117
46 183
46 151
46 181
47 70
47 76
47 139
47 140
47 144
47 82
47 195
47 185
47 91
47 94
47 69
47 99
47 114
47 111
47 48
47 49
47 178
47 180
47 182
47 105
47 55
47 186
47 189
48 112
48 101
48 169
48 82
48 79
48 80
48 147
48 87
48 185
48 124
48 165
49 130
49 197
49 70
49 82
49 94
49 160
49 97
49 110
49 176
49 113
49 53
49 183
49 57
49 58
49 61
49 191
50 67
50 199
50 137
50 77
50 144
50 82
50 147
50 85
50 86
50 88
50 89
50 154
50 159
50 161
50 195
50 179
50 184
50 185
50 122
50 59
51 65
51 67
51 129
51 76
51 83
51 152
51 154
51 157
51 96
51 107
51 105
51 103
51 108
51 110
51 179
51 122
51 188
51 125
52 128
52 66
52 133
52 194
52 143
52 80
52 83
52 149
52 150
52 152
52 155
52 93
52 198
52 110
52 105
52 122
52 62
53 160
53 131
53 68
53 81
53 76
53 108
53 111
53 112
53 78
53 119
53 56
53 62
53 191
54 161
54 162
54 166
54 102
54 135
54 105
54 138
54 183
54 194
54 110
54 175
54 114
54 57
54 89
54 61
54 169
55 66
55 199
55 172
55 80
55 87
55 153
55 154
55 91
55 92
55 158
55 165
55 105
55 108
55 173
55 176
55 181
55 58
55 187
56 64
56 128
56 194
56 134
56 142
56 87
56 156
56 166
56 92
56 193
56 108
56 174
56 189
56 112
56 179
56 59
56 125
56 127
57 129
57 196
57 133
57 74
57 148
57 121
57 90
57 101
57 96
57 165
57 102
57 178
57 117
57 183
57 58
58 160
58 65
58 164
58 198
58 103
58 73
58 189
58 180
58 85
58 137
58 165
59 97
59 139
59 181
59 73
59 193
59 75
59 140
59 175
59 171
59 151
59 71
59 91
59 125
59 94
59 101
60 194
60 138
60 81
60 84
60 88
60 164
60 158
60 160
60 162
60 168
60 106
60 108
60 179
60 182
60 62
61 67
61 69
61 79
61 188
61 87
61 157
61 197
61 169
61 93
61 177
61 180
61 117
61 120
61 121
61 124
61 190
61 63
62 67
62 196
62 183
62 79
62 82
62 149
62 88
62 157
62 162
62 176
62 137
62 116
62 125
63 65
63 83
63 67
63 147
63 161
63 173
63 110
63 112
63 146
63 148
63 78
63 89
64 162
64 103
64 82
64 110
64 189
64 80
64 177
64 181
64 87
64 122
64 123
64 102
64 94
65 66
65 196
65 136
65 137
65 110
65 150
65 93
65 98
65 167
65 171
65 172
65 175
65 184
65 126
66 192
66 98
66 162
66 130
66 109
66 81
66 193
66 182
66 93
67 139
67 196
67 158
67 78
67 143
67 176
67 84
67 149
67 127
68 98
68 155
68 164
68 73
68 139
68 79
68 81
68 147
68 87
68 120
68 152
68 151
69 197
69 76
69 79
69 144
69 145
69 196
69 89
69 98
69 102
69 173
69 93
69 140
69 190
70 75
70 197
70 72
70 73
70 76
70 195
70 89
70 153
70 92
70 158
70 159
70 164
70 169
70 135
70 94
70 118
70 120
70 188
70 181
71 192
71 133
71 198
71 137
71 142
71 147
71 87
71 152
71 158
71 98
71 124
71 140
71 180
71 182
71 148
71 188
72 129
72 133
72 147
72 153
72 157
72 96
72 165
72 105
72 111
72 176
72 181
72 123
72 190
72 117
73 96
73 162
73 131
73 101
73 105
73 189
73 82
73 90
73 184
73 148
73 133
73 102
74 132
74 170
74 129
74 104
74 138
74 172
74 111
74 179
74 87
74 184
74 93
74 127
75 196
75 108
75 141
75 178
75 150
75 152
75 92
75 189
75 95
76 158
76 162
76 115
76 101
76 103
76 194
76 135
76 126
76 110
76 114
76 90
76 117
76 154
77 181
77 102
77 162
77 171
77 141
77 110
77 173
77 87
77 88
77 125
77 190
77 133
78 181
78 135
78 105
78 109
78 161
78 143
78 112
78 114
78 83
78 153
78 132
78 122
78 123
78 124
79 129
79 109
79 80
79 92
79 146
79 147
79 173
79 156
79 197
79 99
79 105
79 106
79 175
79 114
79 170
79 186
79 188
80 132
80 135
80 105
80 147
80 87
80 108
80 81
80 178
80 83
80 85
80 120
80 164
81 128
81 193
81 134
81 85
81 154
81 157
81 94
81 161
81 171
81 173
81 113
81 121
81 187
81 190
81 181
82 194
82 133
82 135
82 143
82 84
82 150
82 155
82 182
82 159
82 163
82 169
82 108
82 115
82 118
82 122
82 126
83 193
83 197
83 135
83 145
83 151
83 89
83 90
83 94
83 121
83 186
83 123
83 124
84 128
84 163
84 198
84 159
84 140
84 125
84 120
84 88
84 152
84 123
84 93
84 94
84 127
85 196
85 198
85 129
85 194
85 88
85 91
85 126
86 96
86 193
86 177
86 165
86 135
86 105
86 198
86 175
86 148
86 151
86 120
86 90
86 156
86 125
86 94
86 127
87 134
87 184
87 145
87 153
87 91
87 92
87 103
87 105
87 189
87 178
87 116
88 160
88 134
88 190
88 185
88 152
88 90
88 92
88 154
88 162
88 198
88 103
88 104
88 109
88 176
88 181
88 121
88 124
89 164
89 132
89 168
89 112
89 116
89 119
89 153
89 185
90 192
90 194
90 196
90 141
90 143
90 159
90 162
90 169
90 111
90 140
90 115
90 190
90 187
90 126
91 130
91 139
91 142
91 150
91 153
91 159
91 162
91 102
91 178
91 181
91 184
91 186
92 160
92 161
92 130
92 113
92 148
92 188
92 126
93 195
93 199
93 137
93 139
93 141
93 150
93 185
93 94
93 161
93 106
93 180
93 184
93 127
94 136
94 141
94 96
94 167
94 178
94 114
94 184
94 148
95 98
95 197
95 142
95 143
95 181
95 119
95 153
95 154
96 160
96 147
96 199
96 137
96 192
96 109
96 175
96 115
96 152
96 121
97 130
97 196
97 141
97 143
97 148
97 149
97 157
97 161
97 99
97 105
97 171
97 123
97 117
97 182
97 169
98 198
98 150
98 199
98 132
98 154
98 100
98 166
98 135
98 118
98 185
99 192
99 163
99 137
99 177
99 126
100 160
100 194
100 109
100 168
100 136
100 178
100 182
100 155
100 158
100 149
101 161
101 194
101 123
101 110
101 157
101 114
101 185
101 190
101 106
101 127
102 160
102 162
102 163
102 108
102 142
102 144
102 193
102 174
102 170
102 150
103 194
103 197
103 136
103 142
103 146
103 148
103 153
103 156
103 158
103 159
103 173
103 121
104 163
104 199
104 145
104 147
104 122
104 184
104 190
104 191
105 139
105 141
105 199
105 179
105 118
105 158
105 133
105 109
105 110
105 176
105 108
105 149
106 162
106 196
106 133
106 175
106 140
106 146
106 114
106 149
106 119
106 126
107 131
107 198
107 144
107 145
107 146
107 184
107 154
107 155
107 124
108 162
108 136
108 119
108 166
109 160
109 197
109 138
109 140
109 146
109 152
109 175
109 176
109 177
109 114
109 117
110 198
110 199
110 140
110 128
110 139
110 141
110 156
110 155
110 159
110 142
110 125
110 111
111 162
111 135
111 140
111 127
111 174
111 180
111 152
111 123
111 122
112 193
112 162
112 137
112 151
112 157
112 126
113 129
113 175
113 163
113 144
113 135
113 140
113 173
113 114
113 187
113 125
114 141
114 149
114 150
114 163
114 164
114 168
114 169
114 176
114 178
114 116
114 118
115 163
115 164
115 193
115 169
115 143
115 186
115 170
116 192
116 195
116 129
116 193
116 174
116 179
116 186
116 158
117 195
117 164
117 129
117 167
117 121
117 186
117 134
118 128
118 160
118 168
118 192
118 144
118 154
118 146
119 181
119 197
119 177
119 158
119 172
119 184
120 193
120 194
120 182
120 143
120 145
120 156
120 133
121 160
121 166
121 138
121 125
121 178
121 182
121 122
121 123
121 126
122 162
122 165
122 134
122 178
122 140
122 138
122 150
122 185
122 123
122 182
123 198
123 196
123 159
124 134
124 178
124 148
124 182
124 159
125 198
125 145
125 162
125 176
125 126
125 150
126 139
126 155
126 159
126 171
126 173
126 187
127 160
127 132
127 163
127 183
127 153
127 186
128 193
128 199
128 139
128 141
128 142
128 144
128 146
128 170
128 171
128 174
128 179
128 186
128 191
129 187
129 131
129 154
129 159
130 164
130 165
130 198
130 167
130 141
130 146
130 187
130 169
130 190
131 194
131 164
131 168
131 144
131 184
131 146
131 176
132 192
132 177
132 179
132 190
132 156
132 138
133 141
133 196
133 150
133 190
134 192
134 166
134 173
134 159
135 196
135 154
135 160
135 177
135 185
135 191
136 164
136 161
136 170
136 193
136 159
137 194
137 190
137 148
137 142
137 181
138 188
138 170
138 190
138 173
138 180
138 186
138 155
138 158
139 165
139 170
139 172
139 173
139 179
139 191
140 168
140 151
140 160
141 147
141 191
142 178
142 186
143 178
143 154
144 196
144 193
144 192
144 145
144 154
144 161
144 167
144 184
144 191
145 177
145 170
145 157
145 153
145 186
146 178
146 151
147 191
147 197
147 166
147 189
147 185
147 158
148 195
148 177
148 193
148 151
148 186
148 189
149 162
149 198
149 161
149 171
149 180
150 196
150 151
150 170
150 187
151 185
151 179
152 161
152 164
152 199
152 158
153 155
153 199
153 175
153 185
153 189
154 156
154 158
154 164
154 167
154 173
154 168
154 187
154 188
154 189
155 193
155 164
155 170
156 199
156 189
156 183
156 186
156 188
156 170
157 160
157 171
157 174
157 179
158 196
158 174
158 180
158 186
159 172
159 175
159 181
160 192
160 195
160 197
160 172
161 175
161 185
162 182
162 179
162 190
162 191
163 165
163 177
163 171
163 176
163 190
163 186
163 195
164 169
164 178
164 187
164 190
165 183
166 198
166 186
167 169
167 174
167 183
168 188
168 171
169 193
169 189
169 183
170 194
170 195
170 171
170 172
170 189
170 191
171 196
171 174
171 181
171 182
171 184
172 194
172 182
172 198
172 189
172 177
172 178
172 179
173 183
174 194
174 187
174 191
177 196
178 190
179 185
180 193
180 198
180 189
180 181
181 187
182 196
183 196
184 196
184 197
187 192
188 193
188 195
190 191
191 196
196 198
197 198
