0 4
0 71
0 168
0 28
0 177
0 135
0 45
0 174
0 15
0 49
0 188
0 21
0 22
0 151
0 25
0 92
0 183
0 95
1 193
1 2
1 198
1 10
1 12
1 66
1 142
1 141
1 145
1 146
1 84
1 21
1 86
1 88
1 25
1 29
1 94
1 167
1 171
1 108
1 174
1 125
2 128
2 5
2 65
2 160
2 76
2 81
2 22
2 164
2 158
2 197
2 32
2 161
2 100
2 37
2 173
2 177
2 184
2 185
2 58
2 188
2 62
2 63
3 195
3 196
3 198
3 71
3 72
3 74
3 79
3 85
3 86
3 151
3 7
3 91
3 92
3 157
3 95
3 33
3 100
3 104
3 43
3 111
3 117
3 54
3 190
4 128
4 5
4 6
4 9
4 82
4 84
4 86
4 185
4 90
4 155
4 162
4 27
4 18
4 173
4 49
4 50
4 115
4 180
4 54
4 52
4 189
5 163
5 69
5 134
5 108
5 139
5 12
5 14
5 79
5 48
5 124
5 188
5 20
5 86
5 151
5 120
5 92
5 61
5 62
6 132
6 187
6 38
6 71
6 106
6 143
6 79
6 16
6 81
6 20
6 149
6 186
6 120
6 25
6 90
6 63
6 157
6 158
6 95
7 179
7 9
7 138
7 15
7 144
7 17
7 131
7 84
7 25
7 156
7 94
7 100
7 165
7 39
7 44
7 109
7 48
7 83
7 121
7 186
7 62
8 160
8 176
8 67
8 104
8 105
8 159
8 109
8 141
8 144
8 40
8 172
8 53
8 23
8 137
8 57
8 90
8 91
8 154
8 126
8 21
9 192
9 65
9 34
9 164
9 130
9 104
9 12
9 98
9 79
9 177
9 18
9 84
9 20
9 58
9 187
9 157
9 31
10 172
10 195
10 69
10 129
10 137
10 12
10 77
10 142
10 143
10 145
10 83
10 85
10 89
10 155
10 159
10 35
10 43
10 44
10 45
10 175
10 51
10 124
10 109
11 195
11 133
11 162
11 137
11 140
11 13
11 78
11 143
11 82
11 21
11 86
11 100
11 90
11 27
11 93
11 95
11 18
11 155
11 36
11 39
11 105
11 109
11 110
11 29
11 114
11 56
11 121
12 196
12 145
12 82
12 99
12 153
12 156
12 157
12 158
12 95
12 33
12 35
12 168
12 169
12 173
12 46
12 114
12 83
12 181
12 118
12 56
12 190
13 192
13 35
13 36
13 37
13 39
13 136
13 143
13 81
13 121
13 85
13 150
13 119
13 88
13 68
13 186
13 103
13 29
14 161
14 98
14 180
14 165
14 168
14 105
14 191
14 44
14 109
14 79
14 48
14 52
14 151
14 56
14 25
14 63
14 69
15 128
15 99
15 136
15 169
15 106
15 107
15 172
15 111
15 113
15 148
15 149
15 56
15 25
15 152
15 91
15 60
15 181
16 98
16 164
16 37
16 136
16 194
16 162
16 112
16 168
16 19
16 116
16 154
16 58
16 61
16 62
17 191
17 171
17 145
17 74
17 71
17 143
17 77
17 46
17 45
17 112
17 49
17 179
17 149
17 90
17 27
17 122
17 62
17 63
18 96
18 130
18 133
18 77
18 158
18 24
18 83
18 20
18 88
18 132
18 26
18 30
18 32
18 162
18 35
18 113
18 50
18 51
18 116
18 117
18 60
19 160
19 192
19 133
19 198
19 127
19 140
19 191
19 177
19 55
19 89
19 27
19 156
19 165
20 135
20 72
20 74
20 145
20 82
20 163
20 25
20 54
20 27
20 39
20 105
20 42
20 43
20 108
20 46
20 49
20 118
20 61
20 190
21 196
21 69
21 193
21 137
21 75
21 195
21 84
21 26
21 31
21 161
21 38
21 64
21 171
21 172
21 117
21 54
21 183
21 58
21 123
21 181
22 32
22 197
22 38
22 136
22 198
22 168
22 148
22 55
22 57
22 28
22 159
23 129
23 66
23 145
23 40
23 127
23 109
23 142
23 83
23 85
23 151
23 154
23 63
23 124
23 93
23 62
23 31
24 32
24 64
24 67
24 38
24 136
24 41
24 107
24 79
24 144
24 181
24 86
24 185
24 126
24 95
25 70
25 137
25 55
25 153
25 156
25 158
25 98
25 35
25 166
25 129
25 172
25 46
25 168
25 116
25 119
25 123
25 189
26 132
26 161
26 137
26 98
26 63
26 79
26 145
26 149
26 151
26 89
26 91
26 97
26 34
26 187
26 41
26 108
26 47
26 49
26 59
26 189
27 128
27 161
27 38
27 81
27 170
27 141
27 78
27 100
27 61
27 193
28 33
28 194
28 86
28 70
28 167
28 40
28 105
28 106
28 111
28 49
28 150
28 88
28 62
28 191
29 96
29 102
29 65
29 161
29 106
29 115
29 180
29 54
29 88
29 124
29 170
29 31
30 193
30 194
30 99
30 182
30 38
30 167
30 76
30 173
30 175
30 50
30 49
30 84
30 180
30 121
30 191
30 188
30 63
31 32
31 64
31 99
31 165
31 134
31 172
31 142
31 145
31 115
31 89
31 153
31 121
31 155
31 60
31 181
32 33
32 102
32 70
32 165
32 173
32 45
32 109
32 152
32 51
32 117
32 114
32 92
32 189
32 63
33 129
33 135
33 76
33 79
33 144
33 155
33 95
33 165
33 100
33 37
33 39
33 168
33 108
33 178
33 46
33 47
33 140
33 116
33 55
33 180
33 124
34 68
34 133
34 102
34 39
34 74
34 76
34 110
34 140
34 147
34 52
34 149
34 164
34 138
34 62
34 197
35 129
35 130
35 171
35 73
35 75
35 141
35 90
35 79
35 162
35 106
35 43
35 111
35 176
35 50
35 116
35 117
35 58
35 188
36 130
36 135
36 169
36 106
36 139
36 177
36 173
36 49
36 115
36 116
36 151
36 152
36 187
36 156
36 170
37 68
37 71
37 136
37 137
37 183
37 142
37 143
37 80
37 82
37 86
37 157
37 159
37 167
37 144
37 43
37 112
37 116
37 54
37 55
37 62
38 188
38 192
38 196
38 113
38 184
38 73
38 108
38 81
38 91
38 51
38 59
38 156
38 61
39 128
39 130
39 68
39 72
39 73
39 140
39 78
39 146
39 110
39 152
39 196
39 90
39 156
39 168
39 46
39 189
39 113
39 115
39 116
39 181
39 84
39 191
39 61
39 85
40 192
40 161
40 178
40 135
40 106
40 141
40 143
40 48
40 114
40 52
40 149
40 54
40 148
40 58
40 155
40 92
40 157
41 181
41 66
41 104
41 169
41 74
41 130
41 93
41 81
41 158
41 92
41 61
41 126
41 63
42 113
42 140
42 196
42 150
42 184
42 88
42 89
42 75
42 92
42 168
43 194
43 68
43 70
43 199
43 108
43 171
43 76
43 141
43 178
43 51
43 196
43 169
43 89
43 91
43 170
43 195
44 149
44 181
44 162
44 195
44 100
44 136
44 137
44 76
44 47
44 144
44 172
44 46
44 170
44 126
44 63
45 97
45 130
45 163
45 132
45 129
45 107
45 151
45 143
45 148
45 171
45 57
45 88
45 89
45 87
45 184
45 60
45 185
46 128
46 193
46 130
46 67
46 196
46 133
46 108
46 138
46 77
46 78
46 84
46 176
46 91
46 106
46 171
46 173
46 174
46 47
46 112
46 177
46 178
46 55
46 122
46 63
46 189
46 127
47 96
47 130
47 115
47 113
47 133
47 65
47 106
47 103
47 76
47 78
47 112
47 49
47 114
47 51
47 52
47 184
47 95
48 68
48 190
48 79
48 83
48 149
48 165
48 191
48 101
48 105
48 107
48 109
48 110
48 115
48 52
48 53
48 116
48 59
48 188
48 61
48 126
48 127
49 65
49 66
49 131
49 144
49 195
49 175
49 95
49 163
49 100
49 165
49 104
49 106
49 172
49 112
49 190
49 63
50 66
50 107
50 182
50 73
50 74
50 77
50 86
50 151
50 186
50 101
50 103
50 168
50 171
50 189
50 112
50 51
50 53
50 54
50 183
50 122
50 125
51 130
51 72
51 74
51 76
51 151
51 153
51 155
51 93
51 59
51 101
51 106
51 157
51 168
51 123
51 188
51 138
51 191
52 96
52 123
52 67
52 134
52 129
52 169
52 170
52 75
52 130
52 79
52 83
52 88
52 156
52 63
53 65
53 67
53 68
53 133
53 144
53 146
53 196
53 86
53 89
53 150
53 97
53 165
53 102
53 103
53 168
53 170
53 112
53 181
53 119
54 160
54 69
54 77
54 151
54 158
54 159
54 96
54 161
54 176
54 173
54 112
54 120
54 121
54 60
54 62
55 128
55 130
55 161
55 72
55 137
55 139
55 194
55 145
55 84
55 184
55 96
55 162
55 100
55 103
55 169
55 61
55 83
55 119
55 120
55 121
55 125
56 181
56 132
56 69
56 71
56 170
56 108
56 148
56 149
56 199
56 122
56 61
56 126
56 95
57 128
57 130
57 195
57 68
57 73
57 74
57 141
57 143
57 152
57 132
57 92
57 158
57 97
57 163
57 166
57 178
57 168
57 114
57 115
57 116
57 184
58 160
58 112
58 132
58 166
58 70
58 167
58 176
58 178
58 147
58 180
58 118
58 169
58 184
58 196
58 157
59 161
59 100
59 199
59 168
59 107
59 146
59 90
59 86
59 196
59 122
59 155
60 155
60 100
60 75
60 81
60 187
60 88
60 185
60 154
60 123
60 189
61 104
61 193
61 103
61 142
61 117
61 73
61 148
61 150
61 151
61 94
61 65
62 196
62 166
62 73
62 86
62 77
62 115
62 85
62 151
62 182
62 179
63 140
63 141
63 80
63 153
63 95
63 165
63 81
63 168
63 171
63 158
63 119
63 123
63 125
64 194
64 163
64 196
64 101
64 71
64 75
64 148
64 87
64 180
64 199
64 185
64 117
65 192
65 193
65 67
65 71
65 72
65 142
65 195
65 149
65 151
65 164
65 91
65 158
65 100
65 168
65 199
65 176
65 113
66 128
66 131
66 68
66 104
66 192
66 149
66 118
66 184
66 121
66 122
66 187
66 92
66 185
67 133
67 162
67 132
67 102
67 70
67 142
67 174
67 77
67 78
67 79
67 152
67 86
67 87
67 111
67 127
68 195
68 71
68 136
68 162
68 80
68 141
68 84
68 153
68 199
68 95
68 100
68 175
68 119
69 130
69 135
69 137
69 77
69 144
69 184
69 82
69 85
69 87
69 89
69 175
69 118
69 199
69 96
69 97
69 103
69 107
69 109
69 93
69 113
69 179
69 122
69 123
69 124
69 190
70 161
70 103
70 105
70 74
70 172
70 112
70 192
70 188
70 174
70 182
70 124
70 154
71 182
71 73
71 192
71 77
71 147
71 149
71 87
71 72
71 184
71 156
71 101
71 97
71 100
71 167
71 171
71 172
71 112
71 113
71 118
71 136
71 124
71 189
71 191
72 96
72 161
72 141
72 176
72 113
72 150
72 155
72 156
73 130
73 99
73 168
73 156
73 143
73 109
73 111
73 158
73 87
73 88
73 119
73 135
74 128
74 162
74 76
74 98
74 78
74 143
74 81
74 84
74 142
74 152
74 93
74 158
74 106
74 107
74 189
74 190
75 162
75 163
75 164
75 166
75 141
75 142
75 185
75 92
76 132
76 179
76 198
76 167
76 169
76 83
76 142
76 139
76 158
76 86
77 193
77 134
77 113
77 145
77 141
77 117
77 185
77 135
77 167
78 196
78 133
78 178
78 187
78 151
78 88
78 123
78 156
78 199
78 165
79 135
79 146
79 131
79 166
79 102
79 106
79 82
79 111
79 118
79 127
80 96
80 192
80 133
80 193
80 139
80 176
80 146
80 147
80 184
80 164
80 156
81 197
81 82
81 148
81 169
81 160
81 168
81 106
81 183
81 120
81 185
81 124
81 189
81 126
82 198
82 98
82 107
82 134
82 137
82 194
82 195
82 118
82 89
82 186
82 101
82 94
83 112
83 195
83 150
83 102
83 173
83 108
83 115
83 86
83 91
83 156
83 190
83 166
84 197
84 198
84 145
84 193
84 151
84 88
84 153
84 161
84 166
84 168
84 106
84 103
84 190
84 119
85 192
85 98
85 156
85 141
85 139
85 119
85 184
85 155
85 135
85 126
86 156
86 93
86 100
86 171
86 183
86 123
86 124
86 189
87 178
87 198
87 168
87 105
87 138
87 199
87 112
87 113
87 146
87 185
87 124
88 131
88 129
88 141
88 193
88 151
88 153
88 143
88 93
88 155
88 164
88 102
88 188
88 179
88 120
88 186
89 160
89 129
89 162
89 139
89 102
89 161
89 140
89 108
89 175
89 120
89 167
90 160
90 129
90 197
90 113
90 169
90 170
90 173
90 147
90 181
90 164
90 187
90 127
91 132
91 182
91 146
91 171
91 96
91 107
91 162
91 102
91 170
91 110
91 117
91 118
91 183
91 184
92 160
92 138
92 143
92 195
92 153
92 156
92 94
92 161
92 101
92 174
92 175
92 177
92 185
92 121
92 106
93 195
93 147
93 102
93 135
93 104
93 180
93 190
93 94
94 128
94 171
94 100
94 101
94 168
94 105
94 103
94 157
94 152
94 189
94 120
94 160
94 175
95 198
95 104
95 168
95 109
95 184
95 144
95 146
95 185
95 123
96 193
96 132
96 199
96 136
96 172
96 139
96 143
96 144
96 145
96 150
96 197
96 113
96 108
96 109
96 114
96 118
96 126
97 106
97 153
97 187
98 193
98 139
98 143
98 144
98 151
98 162
98 170
98 173
98 110
98 113
98 180
98 118
98 116
98 124
99 169
99 133
99 134
99 158
100 138
100 194
100 145
100 163
100 148
100 155
100 156
100 162
100 167
100 179
100 185
101 130
101 178
101 197
101 151
101 160
101 163
101 103
101 135
101 108
101 114
101 179
101 182
101 121
101 186
101 125
102 123
102 162
102 194
102 111
102 109
102 176
102 114
102 175
102 149
103 105
103 112
103 115
103 118
103 148
103 154
103 166
104 143
104 144
104 146
104 161
104 110
104 157
104 176
104 178
104 181
104 121
104 191
104 190
104 127
105 192
105 129
105 130
105 193
105 176
105 163
105 174
105 182
105 184
105 185
105 122
105 124
106 179
106 199
106 137
106 141
106 154
106 162
106 177
106 108
106 126
106 127
107 199
107 174
107 149
107 182
107 119
107 165
108 198
108 142
108 144
108 151
108 156
108 158
108 197
108 165
108 173
108 177
108 118
108 185
109 139
109 177
109 182
109 184
109 183
110 144
110 131
110 133
110 137
110 140
110 199
110 181
110 151
110 197
110 158
110 191
111 132
111 197
111 113
111 187
111 120
111 196
111 159
112 128
112 129
112 130
112 182
112 145
112 152
112 158
112 166
112 168
112 114
112 180
112 120
112 124
113 114
113 169
113 121
113 190
113 165
114 163
114 140
114 144
114 183
114 151
114 176
114 198
114 170
114 190
114 133
115 160
115 170
115 140
115 173
115 174
115 145
115 167
115 118
115 187
115 156
116 192
116 130
116 196
116 142
116 144
116 145
116 152
116 167
116 177
116 183
116 184
116 190
117 147
117 136
117 169
117 143
117 141
117 176
117 168
117 152
117 121
117 122
118 129
118 134
118 140
118 197
118 163
118 198
118 176
118 184
119 193
119 130
119 198
119 135
119 136
119 146
119 161
119 165
119 176
119 185
119 123
119 124
119 126
120 163
120 164
120 135
120 137
120 171
120 142
120 179
120 180
120 155
121 193
121 136
121 149
121 166
121 172
121 174
121 122
121 168
121 191
122 128
122 155
122 145
122 172
122 147
122 150
122 185
122 186
122 156
122 157
123 161
123 137
123 181
123 177
123 178
123 184
123 179
123 169
124 183
124 144
124 180
124 176
124 151
125 194
125 139
125 134
125 161
125 183
125 173
125 177
126 193
126 171
126 174
126 172
126 152
126 186
126 159
127 129
127 195
127 171
127 142
127 143
127 149
128 198
128 140
128 196
128 168
128 172
128 173
128 175
128 176
128 178
129 130
129 199
129 163
129 190
129 188
129 158
130 132
130 144
130 152
130 158
130 159
131 182
131 187
131 162
132 194
132 141
132 142
132 143
132 150
132 154
132 164
132 178
132 179
133 198
133 194
133 169
133 177
133 182
133 149
134 161
134 163
134 149
134 151
134 155
134 188
134 190
135 165
135 151
135 189
135 148
135 186
135 160
136 144
136 139
136 141
136 192
136 173
136 176
136 191
137 181
137 195
137 169
137 158
138 193
138 164
138 173
138 142
138 143
138 180
138 153
138 158
139 195
139 174
139 184
140 192
140 182
140 144
140 151
140 154
140 169
140 179
140 184
140 191
141 154
141 172
141 179
141 190
142 145
142 148
142 163
142 167
142 181
143 160
143 196
143 154
143 159
143 178
143 169
143 176
143 179
143 180
143 186
144 193
144 196
144 174
144 164
144 166
144 188
144 182
144 185
145 192
145 195
145 196
145 199
145 155
145 157
145 167
145 177
145 178
146 193
146 148
146 189
147 160
147 195
147 165
147 198
147 168
147 183
147 197
148 193
148 197
148 189
148 172
148 178
148 168
148 158
149 156
149 161
149 165
149 168
149 187
150 188
150 162
150 166
150 193
150 169
150 183
150 172
150 151
150 187
151 152
151 170
151 183
152 192
152 197
152 171
152 155
152 181
153 168
153 171
153 184
153 183
154 174
154 173
154 178
154 191
155 184
155 172
155 180
156 196
156 186
156 163
156 168
156 169
156 183
157 162
157 189
157 176
157 178
157 180
158 176
158 171
159 165
159 199
159 176
159 197
159 182
160 197
160 168
160 173
160 176
160 178
160 180
160 187
161 182
161 169
161 171
162 185
162 195
163 185
163 166
163 172
163 183
163 187
164 183
165 195
165 172
165 168
165 169
165 177
165 180
166 170
166 199
166 185
167 192
167 194
167 179
168 179
168 198
168 175
169 178
169 173
169 188
169 181
170 193
170 186
170 199
170 180
170 190
171 194
171 172
171 186
172 182
172 187
173 198
173 196
173 175
173 189
173 186
173 188
174 184
174 185
174 176
175 193
175 177
175 196
175 189
175 197
176 195
176 193
176 178
176 179
178 193
178 182
178 183
178 188
179 193
179 190
180 183
181 198
181 182
182 198
185 186
185 189
186 195
187 193
187 190
187 197
189 197
189 198
190 194
192 196
193 197
193 198
197 199
