0 165
0 134
0 71
0 74
0 107
0 14
0 175
0 113
0 146
0 154
0 55
0 122
0 167
0 28
0 61
0 199
0 191
1 64
1 35
1 132
1 71
1 72
1 138
1 107
1 178
1 174
1 176
1 50
1 131
1 53
1 25
1 122
1 103
1 62
2 80
2 99
2 36
2 39
2 168
2 144
2 103
2 44
2 15
2 16
2 193
2 52
2 120
2 180
2 186
2 155
2 29
2 62
3 160
3 34
3 163
3 37
3 166
3 167
3 194
3 44
3 106
3 171
3 108
3 114
3 79
3 16
3 82
3 147
3 20
3 88
3 153
3 154
3 93
4 128
4 162
4 131
4 165
4 70
4 71
4 40
4 177
4 11
4 44
4 77
4 111
4 112
4 72
4 18
4 115
4 24
4 57
4 125
4 127
5 161
5 197
5 99
5 164
5 70
5 102
5 72
5 9
5 107
5 76
5 124
5 178
5 51
5 149
5 120
5 153
5 59
5 60
5 126
5 127
6 100
6 39
6 139
6 14
6 189
6 145
6 114
6 51
6 20
6 117
6 88
6 26
6 59
6 157
6 181
7 112
7 67
7 100
7 165
7 193
7 40
7 41
7 107
7 12
7 141
7 15
7 48
7 113
7 114
7 54
7 55
7 47
7 62
7 127
8 96
8 139
8 71
8 108
8 127
8 12
8 45
8 144
8 50
8 84
8 94
8 55
8 20
8 27
8 60
8 93
8 62
8 95
9 160
9 130
9 195
9 136
9 105
9 171
9 50
9 83
9 116
9 55
9 20
9 28
9 133
10 160
10 136
10 141
10 158
10 15
10 83
10 85
10 22
10 55
10 89
10 58
10 126
10 63
11 32
11 97
11 162
11 99
11 150
11 39
11 129
11 161
11 106
11 173
11 174
11 143
11 112
11 177
11 131
11 52
11 54
11 164
11 63
12 171
12 41
12 42
12 135
12 79
12 112
12 49
12 83
12 180
12 26
12 155
12 199
12 191
13 192
13 161
13 195
13 140
13 75
13 172
13 46
13 44
13 18
13 183
13 153
13 31
14 131
14 196
14 78
14 143
14 147
14 20
14 185
14 26
14 111
14 92
14 95
14 33
14 91
14 41
14 42
14 174
14 175
14 113
14 114
14 120
14 84
14 187
15 193
15 132
15 145
15 175
15 17
15 82
15 19
15 119
15 152
15 122
15 159
15 156
15 127
16 192
16 132
16 70
16 199
16 140
16 142
16 86
16 88
16 154
16 157
16 31
16 99
16 36
16 102
16 38
16 168
16 171
16 45
16 110
16 177
16 95
17 32
17 97
17 178
17 70
17 102
17 39
17 41
17 141
17 176
17 82
17 52
17 29
17 94
18 130
18 198
18 73
18 74
18 77
18 112
18 49
18 146
18 147
18 117
18 89
18 94
18 191
19 130
19 69
19 70
19 199
19 136
19 86
19 151
19 179
19 93
19 160
19 99
19 164
19 102
19 188
19 44
19 175
19 177
19 178
19 115
19 53
19 182
19 56
19 60
19 62
19 63
20 64
20 192
20 66
20 69
20 193
20 147
20 78
20 25
20 30
20 98
20 100
20 165
20 106
20 108
20 45
20 111
20 176
20 178
20 172
20 137
20 58
20 60
21 32
21 147
21 37
21 177
21 136
21 77
21 111
21 49
21 83
21 84
21 122
21 59
21 191
22 192
22 165
22 148
22 37
22 104
22 137
22 191
22 45
22 110
22 138
22 114
22 84
22 86
22 88
22 116
22 159
22 156
22 74
22 150
22 69
23 34
23 186
23 102
23 103
23 105
23 74
23 43
23 50
23 147
23 170
23 62
23 55
23 122
23 91
23 92
23 106
23 94
23 95
24 192
24 66
24 163
24 134
24 151
24 140
24 146
24 46
24 79
24 114
24 115
24 78
24 89
24 121
24 175
24 126
25 40
25 73
25 44
25 45
25 109
25 144
25 104
25 50
25 118
25 169
25 120
25 90
25 63
25 159
25 190
25 95
26 161
26 99
26 133
26 103
26 28
26 107
26 178
26 67
26 121
26 110
26 150
26 89
26 184
26 57
26 122
26 92
26 31
27 186
27 164
27 101
27 195
27 137
27 108
27 141
27 174
27 47
27 173
27 147
27 116
27 117
27 151
27 89
27 122
27 155
27 93
27 126
27 165
28 98
28 99
28 132
28 37
28 125
28 112
28 35
28 53
28 150
28 57
28 175
28 188
28 93
28 94
29 193
29 165
29 130
29 171
29 76
29 162
29 110
29 77
29 52
29 53
29 150
29 184
29 180
29 186
29 158
30 172
30 161
30 66
30 35
30 164
30 195
30 39
30 40
30 137
30 103
30 44
30 48
30 72
30 115
30 121
30 56
30 52
30 152
30 63
31 192
31 33
31 67
31 178
31 172
31 42
31 140
31 47
31 82
31 115
31 180
31 153
31 121
32 161
32 75
32 136
32 73
32 171
32 107
32 91
32 59
32 92
32 190
32 63
33 198
33 193
33 130
33 196
33 69
33 134
33 136
33 183
33 82
33 93
33 160
33 112
33 162
33 163
33 100
33 166
33 38
33 103
33 170
33 176
33 180
33 119
33 58
33 188
34 160
34 80
34 133
34 134
34 97
34 112
34 106
34 167
34 47
34 48
34 148
34 171
34 88
34 153
34 156
34 93
34 63
35 162
35 195
35 103
35 168
35 137
35 74
35 79
35 177
35 52
35 181
35 55
35 184
35 121
35 47
36 129
36 132
36 70
36 162
36 74
36 83
36 109
36 175
36 115
36 52
36 147
36 54
36 152
36 156
36 189
37 130
37 132
37 133
37 44
37 139
37 108
37 48
37 188
37 187
37 189
38 114
38 132
38 80
38 40
38 64
38 42
38 155
38 188
38 46
39 68
39 166
39 105
39 78
39 190
39 51
39 94
39 118
39 87
39 56
39 124
39 93
40 97
40 70
40 137
40 170
40 172
40 161
40 80
40 120
40 146
40 116
40 177
40 88
40 191
40 165
40 61
40 63
41 66
41 145
41 197
41 104
41 105
41 199
41 162
41 175
41 172
41 54
41 119
41 122
41 94
42 64
42 128
42 68
42 135
42 138
42 80
42 145
42 151
42 88
42 132
42 157
42 158
42 98
42 102
42 106
42 174
42 176
42 55
42 120
42 123
43 51
43 163
43 164
43 165
43 45
43 143
43 173
43 83
43 53
43 56
43 122
43 155
43 188
43 157
44 84
44 144
44 71
44 104
44 99
44 136
44 52
44 86
44 150
44 163
44 62
45 129
45 68
45 71
45 139
45 140
45 142
45 56
45 152
45 155
45 93
45 96
45 97
45 102
45 120
45 61
45 126
46 160
46 123
46 147
46 69
46 74
46 75
46 174
46 79
46 176
46 81
46 51
46 47
46 124
46 63
47 192
47 76
47 80
47 147
47 149
47 152
47 71
47 169
47 107
47 109
47 112
47 177
47 50
47 180
47 99
47 122
47 59
48 71
48 72
48 139
48 76
48 142
48 174
48 149
48 90
48 165
49 128
49 99
49 71
49 183
49 108
49 75
49 77
49 173
49 176
49 51
49 199
49 54
49 87
49 184
49 91
49 61
49 62
49 191
50 194
50 68
50 197
50 65
50 137
50 75
50 76
50 184
50 167
50 85
50 111
50 156
50 93
50 94
50 159
50 160
50 103
50 129
50 107
50 181
50 56
50 186
51 65
51 107
51 196
51 71
51 78
51 154
51 94
51 101
51 70
51 166
51 177
51 179
51 182
51 119
51 102
51 191
52 193
52 68
52 70
52 73
52 190
52 163
52 85
52 150
52 89
52 107
52 111
52 113
52 178
52 53
52 121
52 188
52 62
53 193
53 71
53 170
53 103
53 80
53 117
53 151
53 154
53 59
53 190
54 72
54 140
54 76
54 77
54 82
54 148
54 154
54 158
54 95
54 99
54 177
54 113
54 182
54 56
54 188
54 94
54 126
54 117
55 129
55 119
55 108
55 79
55 170
55 152
55 57
55 123
55 188
56 130
56 133
56 141
56 142
56 85
56 150
56 87
56 89
56 154
56 186
56 100
56 105
56 172
56 115
56 116
56 57
56 58
56 187
56 191
57 96
57 161
57 195
57 197
57 70
57 199
57 72
57 74
57 141
57 175
57 168
57 180
57 100
58 65
58 66
58 129
58 136
58 73
58 130
58 80
58 81
58 153
58 91
58 92
58 159
58 96
58 99
58 164
58 184
58 108
58 175
58 176
58 172
58 138
59 160
59 130
59 67
59 142
59 131
59 150
59 151
59 175
59 156
59 97
59 163
59 101
59 173
59 112
59 179
59 63
59 70
59 61
59 127
60 187
60 132
60 102
60 177
60 104
60 73
60 170
60 140
60 168
60 143
60 147
60 119
60 123
60 158
60 165
61 128
61 132
61 133
61 74
61 139
61 81
61 82
61 148
61 196
61 157
61 102
61 171
61 111
61 112
61 104
61 186
61 189
61 190
62 128
62 68
62 171
62 110
62 196
62 153
62 89
62 190
63 194
63 133
63 136
63 158
63 81
63 146
63 148
63 85
63 94
63 161
63 107
63 173
63 174
63 168
63 114
63 118
63 138
63 181
64 96
64 99
64 70
64 97
64 103
64 110
64 190
64 178
64 193
64 158
64 84
64 91
64 106
64 126
64 181
65 132
65 136
65 169
65 75
65 76
65 114
65 77
65 117
65 185
65 156
65 190
65 159
66 128
66 161
66 98
66 102
66 167
66 108
66 191
66 78
66 111
66 110
66 87
66 143
66 92
66 95
67 129
67 198
67 136
67 106
67 103
67 94
67 142
67 190
67 179
67 117
67 153
67 167
67 126
68 192
68 164
68 198
68 106
68 139
68 143
68 182
68 123
68 95
69 179
69 132
69 101
69 134
69 105
69 159
69 144
69 115
69 151
69 122
69 155
69 165
69 93
69 150
69 127
70 132
70 123
70 175
70 157
70 104
71 131
71 129
71 81
71 83
71 132
71 111
71 98
71 163
71 193
71 108
71 116
71 184
71 127
72 97
72 167
72 137
72 75
72 76
72 111
72 140
72 84
72 117
72 89
72 143
72 93
73 193
73 195
73 132
73 134
73 74
73 78
73 150
73 88
73 154
73 155
73 98
73 164
73 102
73 168
73 106
73 114
73 184
73 126
74 167
74 107
74 172
74 79
74 177
74 131
74 105
74 174
74 122
74 188
75 164
75 132
75 197
75 146
75 113
75 145
75 83
75 153
75 121
75 186
75 168
75 124
75 158
75 95
76 132
76 105
76 114
76 112
76 93
76 136
76 119
76 152
76 89
76 156
76 127
77 131
77 198
77 136
77 139
77 83
77 86
77 88
77 196
77 93
77 162
77 108
77 173
77 113
77 119
77 190
78 96
78 195
78 132
78 197
78 198
78 79
78 81
78 121
78 186
78 184
78 95
79 194
79 155
79 87
79 80
79 184
79 82
79 148
79 86
79 119
79 106
79 149
80 129
80 131
80 197
80 181
80 136
80 190
80 141
80 163
80 105
80 175
80 176
80 91
80 180
80 126
80 127
81 130
81 169
81 174
81 176
81 82
81 179
81 116
81 117
81 186
81 122
81 155
82 132
82 139
82 134
82 161
82 135
82 108
82 109
82 116
82 185
82 180
82 155
82 199
83 150
83 105
83 148
83 86
83 180
83 151
83 189
84 161
84 100
84 148
84 152
84 153
84 189
84 191
85 161
85 195
85 103
85 172
85 191
85 142
85 111
85 145
85 89
85 154
85 175
86 162
86 101
86 103
86 108
86 106
86 113
86 158
86 121
86 90
86 155
86 94
86 127
87 96
87 160
87 132
87 133
87 113
87 141
87 142
87 112
87 183
87 164
87 92
88 143
88 144
88 152
88 164
88 156
88 93
88 99
88 100
88 134
88 102
88 168
88 179
88 118
88 119
88 137
88 191
89 135
89 137
89 139
89 148
89 95
89 160
89 168
89 106
89 109
89 178
89 115
89 122
89 170
90 192
90 181
90 133
90 105
90 178
90 189
90 156
90 147
90 158
90 153
90 92
90 125
90 126
90 95
91 162
91 100
91 153
92 160
92 163
92 166
92 199
92 168
92 105
92 141
92 125
92 186
92 117
92 120
92 159
92 149
93 130
93 134
93 97
93 140
93 139
93 153
93 95
93 96
93 112
93 147
94 179
94 135
94 141
94 142
94 106
94 167
94 111
94 177
94 119
94 122
94 187
94 124
95 192
95 147
95 136
95 114
95 121
95 186
95 124
95 125
95 190
96 192
96 130
96 131
96 199
96 162
96 144
96 145
96 147
96 173
96 154
96 155
96 97
96 98
96 166
96 194
96 171
96 109
96 136
96 191
97 131
97 198
97 143
97 98
97 195
97 118
98 112
98 117
98 138
98 170
98 120
98 122
98 125
99 179
99 140
99 142
99 152
99 111
99 159
99 101
99 177
99 105
99 171
99 115
99 184
99 123
99 125
100 192
100 168
100 184
100 138
100 175
100 179
100 122
100 186
101 129
101 194
101 170
101 108
101 110
101 175
101 154
101 118
102 129
102 154
102 118
102 159
102 197
102 116
102 182
102 183
102 191
102 127
103 197
103 142
103 143
103 151
103 159
103 171
103 178
103 174
103 175
103 115
103 120
103 191
103 181
104 130
104 131
104 199
104 139
104 175
104 159
104 147
104 155
104 127
105 192
105 131
105 135
105 119
105 145
105 152
105 169
105 195
105 199
105 175
105 179
105 116
105 137
105 180
105 138
106 128
106 194
106 136
106 162
106 175
106 156
106 166
106 108
106 111
106 176
106 113
106 116
106 170
106 126
107 194
107 133
107 172
107 114
107 144
107 113
107 182
107 157
107 190
108 139
108 140
108 146
108 147
108 149
108 154
108 122
108 163
108 177
108 194
108 199
108 180
109 135
109 138
109 149
109 154
109 124
109 189
110 179
110 164
110 198
110 136
110 154
110 147
110 117
110 165
111 195
111 133
111 130
111 151
111 160
111 167
111 176
111 119
111 185
111 124
112 194
112 140
112 135
112 117
112 182
112 119
112 190
112 191
113 176
113 193
113 144
113 145
113 163
113 171
113 156
113 190
114 143
114 149
114 156
114 158
114 193
114 182
114 137
114 186
114 188
114 125
115 129
115 162
115 197
115 155
115 149
115 121
115 163
116 161
116 182
116 151
116 140
116 146
116 153
116 199
116 197
117 165
117 194
117 130
117 173
117 184
117 186
117 157
117 127
118 160
118 137
118 171
118 191
118 145
118 150
118 187
118 182
118 157
118 199
119 131
119 199
119 139
119 141
119 147
119 151
119 163
119 167
119 176
119 177
119 122
119 123
119 183
120 180
120 194
120 143
120 173
120 148
120 123
121 155
121 195
121 138
121 159
121 184
122 131
122 193
122 172
122 146
122 160
122 179
123 199
123 140
123 175
123 164
123 146
123 171
123 142
123 132
123 138
124 160
124 133
124 140
124 141
124 174
124 135
125 192
125 198
125 199
125 191
125 143
125 144
125 151
125 153
125 175
125 190
126 129
126 130
126 135
126 140
126 142
126 157
126 145
126 195
126 186
127 192
127 140
127 147
127 135
127 162
127 169
127 172
127 174
127 183
127 184
127 186
127 191
128 129
128 166
128 190
128 164
128 187
129 132
129 173
129 165
129 162
129 199
129 180
129 188
129 183
130 161
130 193
130 183
130 137
131 134
131 136
131 137
131 140
131 186
131 187
131 184
131 138
132 152
132 143
132 160
132 173
132 174
132 175
132 140
132 137
133 196
133 189
133 162
133 142
133 145
133 154
133 197
134 198
134 140
134 141
134 146
134 149
134 153
134 152
134 159
134 165
134 166
134 169
134 171
135 162
135 190
135 169
135 140
135 170
136 197
136 198
136 150
136 153
136 157
136 191
137 145
137 172
137 180
137 187
138 145
138 195
138 149
138 150
138 185
138 174
138 178
138 182
138 183
138 188
138 170
139 178
139 140
139 180
139 152
140 176
140 162
140 175
140 189
141 177
141 152
142 147
142 158
143 198
143 166
143 194
143 173
143 174
143 153
143 168
144 198
144 177
144 189
144 146
144 151
144 188
145 168
145 189
145 157
145 179
146 194
146 196
146 167
146 169
146 152
146 181
146 185
146 153
146 188
147 194
147 197
147 151
147 152
147 162
147 167
147 169
147 179
147 181
147 190
148 168
148 177
148 156
149 165
149 178
149 181
149 185
149 157
149 159
150 192
150 195
150 190
151 187
151 153
152 198
152 195
152 197
152 196
152 164
152 160
152 161
152 165
153 186
153 155
153 161
153 181
153 180
154 195
154 163
154 191
155 161
155 167
155 193
155 179
156 182
156 178
156 172
156 188
156 159
157 191
157 166
158 164
158 180
158 174
159 194
159 174
159 168
159 184
159 181
160 162
160 163
160 184
160 189
161 193
161 185
161 197
161 171
161 177
161 179
161 181
161 184
162 195
162 184
162 181
162 183
162 190
163 172
163 193
163 196
163 166
163 168
163 186
163 188
164 190
164 176
164 196
165 194
165 179
165 180
165 187
166 172
166 177
167 197
167 174
167 184
168 198
168 173
168 182
169 193
169 172
169 175
170 180
171 173
171 178
172 173
172 177
172 188
173 181
173 180
174 198
175 195
176 198
176 178
176 179
176 185
177 198
177 178
178 198
178 182
179 199
179 186
179 185
180 194
180 185
181 189
184 196
184 197
187 191
188 192
188 196
188 197
188 199
190 197
191 193
191 195
192 197
196 198
