0 35
0 100
0 165
0 71
0 104
0 156
0 42
0 139
0 12
0 110
0 112
0 49
0 82
0 83
0 86
0 121
0 89
0 59
0 92
0 61
1 128
1 160
1 131
1 6
1 8
1 74
1 77
1 14
1 16
1 120
1 19
1 20
1 46
1 24
1 27
1 93
1 30
1 32
1 35
1 102
1 142
1 40
1 105
1 167
1 172
1 110
1 158
1 56
1 186
1 181
2 128
2 65
2 132
2 37
2 102
2 7
2 136
2 10
2 76
2 80
2 18
2 158
2 118
2 57
2 90
2 92
2 61
2 30
2 165
3 162
3 131
3 4
3 22
3 103
3 72
3 187
3 173
3 14
3 125
3 20
3 142
3 86
3 87
3 148
3 58
3 175
3 93
4 65
4 69
4 71
4 136
4 9
4 74
4 75
4 14
4 84
4 151
4 185
4 155
4 157
4 30
4 99
4 100
4 39
4 42
4 48
4 179
4 52
4 57
4 191
5 64
5 128
5 194
5 71
5 108
5 192
5 78
5 82
5 83
5 22
5 153
5 30
5 123
5 102
5 167
5 106
5 135
5 172
5 180
5 58
5 187
5 190
6 98
6 99
6 161
6 39
6 40
6 119
6 103
6 140
6 14
6 80
6 85
6 25
6 88
6 57
6 90
6 59
6 124
6 125
6 169
6 117
7 97
7 197
7 107
7 44
7 66
7 143
7 113
7 146
7 149
7 24
7 185
7 152
7 190
7 28
7 93
7 62
7 159
8 198
8 135
8 177
8 10
8 80
8 82
8 19
8 150
8 151
8 152
8 91
8 97
8 162
8 167
8 169
8 42
8 172
8 18
8 47
8 176
8 113
8 179
8 122
8 106
8 63
9 112
9 144
9 50
9 163
9 86
9 74
9 91
9 29
9 110
10 129
10 67
10 68
10 133
10 198
10 199
10 75
10 140
10 144
10 81
10 147
10 149
10 22
10 80
10 98
10 99
10 36
10 165
10 170
10 189
10 59
10 188
10 61
10 62
11 64
11 130
11 196
11 133
11 140
11 76
11 98
11 143
11 19
11 149
11 90
11 27
11 165
11 33
11 34
11 37
11 41
11 95
11 44
11 48
11 181
11 184
11 122
11 59
12 96
12 34
12 196
12 70
12 162
12 104
12 41
12 172
12 66
12 47
12 50
12 20
12 54
12 73
12 24
12 26
12 158
12 95
13 192
13 115
13 196
13 73
13 78
13 16
13 81
13 83
13 25
13 95
13 160
13 97
13 35
13 165
13 42
13 50
13 178
13 19
13 119
13 122
13 123
13 124
14 32
14 167
14 106
14 79
14 80
14 177
14 114
14 35
14 138
14 24
14 185
14 159
14 60
14 61
14 126
14 144
15 22
15 137
15 74
15 78
15 16
15 147
15 150
15 90
15 155
15 154
15 30
15 31
15 112
15 37
15 166
15 108
15 173
15 46
15 48
15 114
15 116
15 57
16 132
16 69
16 71
16 183
16 78
16 148
16 87
16 68
16 26
16 158
16 31
16 160
16 35
16 193
16 46
16 115
16 121
16 20
16 60
17 32
17 33
17 36
17 54
17 136
17 169
17 107
17 76
17 178
17 79
17 168
17 50
17 19
17 52
17 86
17 151
17 26
17 156
17 186
17 150
18 66
18 69
18 134
18 135
18 172
18 130
18 77
18 81
18 84
18 133
18 34
18 100
18 167
18 199
18 44
18 112
18 162
18 55
18 120
18 124
18 117
19 34
19 196
19 70
19 81
19 161
19 50
19 51
19 116
19 21
19 72
19 122
19 27
19 29
19 130
20 130
20 68
20 133
20 146
20 149
20 92
20 186
20 36
20 171
20 111
20 176
20 113
20 116
20 181
20 55
20 120
20 58
20 59
20 60
20 190
21 195
21 197
21 38
21 167
21 168
21 43
21 44
21 45
21 110
21 47
21 48
21 51
21 85
21 22
21 152
21 122
21 92
22 132
22 198
22 135
22 137
22 139
22 76
22 143
22 144
22 146
22 26
22 90
22 199
22 160
22 163
22 165
22 168
22 170
22 171
22 29
22 111
22 172
22 121
22 149
23 67
23 36
23 188
23 171
23 78
23 142
23 174
23 48
23 82
23 147
23 52
23 53
23 56
23 26
23 60
23 159
24 128
24 70
24 139
24 77
24 144
24 145
24 147
24 94
24 32
24 48
24 98
24 171
24 172
24 109
24 112
24 180
24 53
24 185
25 99
25 38
25 167
25 105
25 74
25 125
25 109
25 113
25 51
25 85
25 28
25 93
25 126
26 65
26 134
26 79
26 144
26 93
26 158
26 31
26 33
26 35
26 100
26 106
26 44
26 48
26 49
26 178
26 119
26 59
26 125
27 128
27 66
27 43
27 194
27 78
27 146
27 85
27 151
27 155
27 157
27 161
27 98
27 163
27 195
27 171
27 183
27 57
27 123
27 126
28 131
28 72
28 75
28 60
28 80
28 86
28 152
28 164
28 31
28 35
28 100
28 104
28 105
28 48
28 113
28 180
28 181
28 186
28 123
28 124
28 125
29 64
29 83
29 99
29 133
29 177
29 72
29 139
29 174
29 48
29 168
29 51
29 148
29 153
29 186
29 59
29 156
30 64
30 131
30 181
30 137
30 80
30 57
30 88
30 133
30 100
30 167
30 170
30 109
30 176
30 53
30 121
30 59
30 188
30 190
30 63
31 128
31 48
31 34
31 107
31 76
31 98
31 50
31 84
31 191
31 123
31 63
32 64
32 99
32 37
32 103
32 128
32 140
32 115
32 174
32 185
32 179
32 93
32 62
32 159
33 64
33 192
33 197
33 150
33 113
33 73
33 43
33 93
33 80
33 58
33 53
33 99
33 120
33 153
33 90
33 60
33 165
34 65
34 130
34 129
34 162
34 85
34 98
34 165
34 102
34 103
34 110
34 111
34 112
34 113
34 54
34 121
34 61
34 62
35 171
35 196
35 70
35 77
35 80
35 152
35 150
35 88
35 103
35 167
35 162
35 100
35 39
35 104
35 43
35 180
35 121
35 58
35 60
35 126
35 127
36 64
36 198
36 66
36 131
36 100
36 170
36 134
36 71
36 40
36 78
36 112
36 46
36 89
36 92
36 74
36 191
37 192
37 131
37 73
37 77
37 80
37 146
37 147
37 85
37 186
37 153
37 93
37 98
37 163
37 195
37 178
37 172
37 109
37 111
37 50
37 117
37 119
37 57
37 122
37 187
37 190
37 127
38 198
38 193
38 66
38 100
38 118
38 134
38 158
38 168
38 42
38 76
38 46
38 54
38 92
38 62
39 132
39 166
39 104
39 170
39 171
39 172
39 46
39 49
39 117
39 121
39 152
39 154
40 193
40 77
40 78
40 81
40 147
40 86
40 87
40 88
40 153
40 100
40 96
40 102
40 167
40 169
40 42
40 199
40 46
40 177
40 114
40 53
40 56
40 123
40 126
41 128
41 97
41 131
41 178
41 161
41 140
41 108
41 146
41 192
41 114
41 51
41 116
41 88
41 57
41 90
41 123
41 92
41 167
41 158
42 169
42 76
42 78
42 79
42 141
42 157
42 53
42 150
42 55
42 89
42 61
42 85
43 162
43 132
43 103
43 137
43 81
43 156
43 51
43 153
43 57
43 58
43 91
43 60
43 93
43 159
44 68
44 179
44 146
44 104
44 137
44 75
44 77
44 111
44 81
44 107
44 52
44 185
44 59
44 135
44 190
44 95
45 64
45 68
45 101
45 145
45 168
45 172
45 114
45 81
45 82
45 54
45 88
45 187
45 61
46 148
46 69
46 105
46 172
46 194
46 161
46 157
46 84
46 181
46 169
46 89
46 125
46 94
47 197
47 165
47 70
47 136
47 74
47 114
47 50
47 150
47 184
47 122
47 159
47 138
47 95
48 128
48 139
48 198
48 199
48 72
48 73
48 75
48 141
48 84
48 89
48 91
48 161
48 113
48 180
48 187
49 64
49 132
49 70
49 72
49 73
49 172
49 141
49 175
49 81
49 115
49 182
49 196
49 122
50 175
50 196
50 73
50 74
50 75
50 142
50 145
50 86
50 111
50 92
50 157
50 105
50 115
50 181
50 56
50 57
51 64
51 198
51 196
51 163
51 134
51 170
51 87
51 150
51 184
51 89
51 90
51 91
51 191
52 128
52 194
52 99
52 197
52 103
52 78
52 147
52 116
52 149
52 54
52 186
52 62
52 181
53 67
53 105
53 147
53 84
53 86
53 153
53 60
53 170
53 159
54 97
54 182
54 110
54 86
54 119
54 148
54 157
54 62
55 144
55 133
55 198
55 112
55 177
55 117
55 116
55 59
55 92
55 197
56 66
56 131
56 68
56 74
56 75
56 194
56 80
56 84
56 91
56 59
56 106
56 107
56 108
56 187
56 117
56 185
56 123
56 60
57 165
57 155
57 147
57 83
57 85
57 137
57 120
57 164
57 179
57 124
57 149
58 64
58 132
58 67
58 100
58 72
58 137
58 138
58 120
58 89
58 186
58 94
58 165
59 130
59 136
59 108
59 194
59 146
59 137
59 88
59 104
59 105
59 107
59 109
59 112
59 114
59 179
59 186
59 121
59 122
59 60
59 190
60 197
60 73
60 79
60 147
60 152
60 124
60 176
60 179
60 185
60 188
60 61
61 197
61 198
61 73
61 140
61 86
61 153
61 93
61 161
61 163
61 168
61 169
61 187
61 125
61 62
62 197
62 136
62 167
62 98
62 109
62 80
62 113
62 149
62 185
62 84
62 111
62 156
62 130
63 96
63 66
63 102
63 70
63 103
63 78
63 112
63 177
63 114
63 83
63 87
63 153
63 127
63 124
64 198
64 73
64 139
64 173
64 83
64 149
64 164
64 94
64 162
64 179
64 119
64 189
65 161
65 155
65 169
65 139
65 125
65 82
65 79
65 189
65 114
65 83
65 116
65 183
65 148
65 122
65 123
65 197
66 115
66 114
66 159
66 111
66 77
66 79
66 157
66 88
66 83
66 173
66 183
66 143
66 190
67 128
67 179
67 147
67 134
67 102
67 135
67 167
67 108
67 175
67 113
67 178
67 83
67 182
67 88
67 191
68 80
68 180
68 101
68 129
68 135
68 108
68 110
68 109
68 179
68 150
68 116
68 154
68 189
68 191
69 160
69 192
69 162
69 99
69 70
69 102
69 135
69 140
69 145
69 180
69 149
69 150
69 119
69 124
70 83
70 100
70 145
70 172
70 167
70 109
70 142
70 180
70 154
70 157
70 95
71 137
71 138
71 141
71 147
71 156
71 160
71 97
71 101
71 112
71 114
71 180
71 117
71 182
71 119
71 120
71 116
71 126
72 160
72 97
72 101
72 113
72 80
72 177
72 183
72 146
72 117
72 136
72 87
72 133
73 75
73 134
73 97
73 139
73 141
73 147
73 102
73 188
73 106
73 173
73 117
73 114
73 190
74 134
74 83
74 86
74 89
74 196
74 157
74 163
74 198
74 167
74 93
74 182
74 184
74 189
75 134
75 143
75 79
75 147
75 87
75 155
75 156
75 158
75 96
75 98
75 167
75 168
75 178
75 174
75 108
75 115
75 182
76 96
76 195
76 166
76 145
76 194
76 146
76 84
76 181
76 154
76 158
77 100
77 135
77 145
77 107
77 194
77 157
77 144
77 120
77 83
77 186
77 93
78 136
78 142
78 81
78 156
78 95
78 97
78 105
78 172
78 109
78 113
78 115
78 117
78 119
79 128
79 163
79 167
79 192
79 130
79 146
79 147
79 121
79 90
79 94
80 129
80 197
80 139
80 82
80 88
80 89
80 162
80 176
80 112
81 192
81 107
81 135
81 172
81 147
81 148
81 160
81 161
81 163
81 166
81 177
81 170
81 178
81 116
81 118
82 131
82 107
82 140
82 174
82 111
82 95
83 136
83 141
83 185
83 90
83 156
83 162
83 101
83 102
83 129
83 169
83 172
83 115
83 180
83 122
83 125
83 134
84 133
84 129
84 101
84 166
84 178
84 109
84 115
84 180
84 182
84 89
84 188
85 187
85 199
85 140
85 112
85 115
85 195
86 128
86 135
86 183
86 140
86 131
86 148
86 97
86 99
86 100
86 101
86 172
86 109
86 115
86 119
86 181
87 96
87 97
87 130
87 102
87 137
87 173
87 150
87 119
87 121
87 154
87 94
88 192
88 136
88 187
88 109
88 91
88 160
88 161
88 100
88 166
88 112
88 116
88 117
88 124
89 194
89 134
89 136
89 139
89 146
89 92
89 165
89 166
89 169
89 181
89 121
89 189
89 190
89 127
90 100
90 197
90 135
90 110
90 190
90 152
90 158
90 127
91 160
91 135
91 175
91 111
91 117
91 183
91 143
91 167
91 126
92 193
92 119
92 142
92 155
92 158
92 96
92 97
92 101
92 103
92 168
92 170
92 111
92 115
92 186
93 192
93 132
93 129
93 160
93 149
93 95
93 168
93 106
93 172
93 176
93 115
93 118
93 119
93 185
94 130
94 139
94 155
94 166
94 103
94 107
94 173
94 111
94 120
94 195
94 116
94 118
94 151
94 122
95 176
95 134
95 106
95 157
95 172
95 149
96 188
96 101
96 198
96 104
96 138
96 107
96 142
96 156
96 115
96 124
96 137
96 126
97 160
97 166
97 146
97 117
97 186
97 175
97 125
98 133
98 196
98 103
98 145
98 115
98 117
98 121
98 157
99 198
99 129
99 132
99 165
99 162
99 101
99 105
99 107
99 173
99 180
99 119
99 186
100 128
100 195
100 145
100 161
100 146
100 183
100 191
101 198
101 139
101 157
101 162
101 166
101 170
101 199
101 108
101 110
101 112
101 114
101 147
101 120
102 165
102 113
102 151
102 104
102 118
102 169
102 179
102 166
102 185
103 164
103 197
103 167
103 110
103 117
103 151
103 123
103 189
104 129
104 145
104 113
104 155
104 117
104 185
104 153
105 160
105 162
105 167
105 107
105 173
105 141
105 111
105 120
105 150
105 189
106 143
106 112
106 184
106 114
106 180
106 174
106 124
107 181
107 113
107 198
107 163
107 171
107 121
107 120
107 151
108 130
108 196
108 159
108 181
108 169
108 164
108 154
108 126
109 132
109 150
109 148
109 158
109 159
109 160
109 164
109 168
109 169
109 112
109 177
109 126
110 138
110 146
110 152
110 157
110 161
110 164
110 176
110 119
110 185
110 124
110 190
110 149
111 129
111 118
111 155
111 159
111 173
111 113
111 181
111 182
111 187
111 191
112 195
112 144
112 173
112 164
112 155
112 159
112 166
112 122
113 196
113 178
113 115
113 118
113 124
113 126
113 181
114 131
114 197
114 175
114 130
114 141
114 169
114 155
114 199
114 191
114 171
114 178
114 115
114 119
114 184
114 186
114 189
115 171
115 174
115 176
115 180
116 162
116 131
116 139
116 119
116 194
116 143
116 151
117 131
117 132
117 153
117 163
117 179
117 123
117 189
118 194
118 172
118 175
118 180
118 149
118 184
118 122
118 124
118 125
119 192
119 168
119 124
119 131
120 192
120 148
120 138
120 172
120 144
120 193
120 181
120 159
121 196
121 134
121 144
121 160
121 166
121 179
121 186
121 124
121 189
122 130
122 133
122 129
122 164
122 169
122 185
122 190
122 191
123 133
123 167
123 192
123 168
123 173
123 136
123 179
123 169
123 158
124 148
124 180
124 168
124 139
124 157
125 128
125 196
125 137
125 188
125 183
125 159
125 127
126 129
126 146
126 163
126 142
126 186
127 197
127 164
127 191
127 180
127 150
127 186
127 187
128 191
128 173
128 174
128 152
128 195
128 185
129 145
129 196
129 150
129 132
129 169
129 174
129 189
129 178
129 184
129 188
129 138
130 176
130 155
130 197
130 146
130 194
130 171
130 144
130 183
131 138
131 171
131 172
131 141
131 145
131 173
132 193
132 137
132 138
132 175
132 171
132 169
132 188
132 190
133 160
133 187
133 172
133 144
133 136
134 187
134 189
134 190
135 193
135 194
135 199
135 140
135 141
135 150
135 163
135 143
135 190
136 184
136 138
136 186
136 159
137 160
137 150
137 166
137 161
137 175
137 177
137 199
137 182
138 197
138 143
138 158
138 159
139 166
139 176
139 145
139 190
140 172
140 175
140 145
140 151
140 152
140 199
141 193
141 165
141 145
141 146
141 142
141 175
141 174
141 152
141 156
142 194
142 193
142 151
142 147
142 180
142 158
142 152
142 186
142 191
143 176
143 145
143 146
143 148
143 191
144 192
144 171
144 172
144 170
145 195
145 180
145 189
145 159
146 150
146 194
146 174
146 152
146 154
146 158
146 159
146 180
146 181
147 155
147 178
147 180
147 184
148 152
148 150
148 191
149 172
149 151
150 194
150 159
150 199
150 178
151 182
151 189
152 161
152 165
152 179
152 159
153 194
153 171
153 159
153 191
153 178
154 161
154 187
154 182
155 171
155 197
155 181
155 196
155 158
155 184
155 159
156 162
156 176
156 174
156 183
157 167
157 199
157 169
158 164
158 175
158 183
158 184
159 163
159 199
159 164
159 167
159 180
159 181
160 172
160 180
161 168
161 181
162 164
162 199
163 171
163 196
164 181
164 171
164 167
164 175
164 178
164 195
164 180
164 174
165 167
165 199
165 185
166 194
166 169
168 192
169 196
169 178
170 192
170 197
170 174
170 178
170 180
170 196
170 187
170 191
171 199
171 175
171 183
171 189
171 191
172 198
172 194
172 197
172 188
173 198
174 194
174 198
174 193
174 196
175 192
175 182
175 177
175 191
176 189
176 183
176 186
177 194
177 179
177 181
180 194
180 185
181 184
182 193
182 197
183 190
184 188
185 195
185 198
188 196
189 194
189 193
189 199
190 192
191 197
191 195
192 197
193 197
194 196
195 199
