0 97
0 130
0 131
0 170
0 92
0 138
0 43
0 140
0 77
0 110
0 81
0 188
0 116
0 151
0 120
0 124
0 157
0 197
1 160
1 67
1 4
1 198
1 8
1 75
1 15
1 195
1 21
1 23
1 89
1 79
1 156
1 32
1 176
1 99
1 36
1 174
1 175
1 112
1 25
1 54
1 61
2 131
2 100
2 114
2 71
2 167
2 172
2 141
2 143
2 144
2 82
2 179
2 148
2 26
2 60
2 125
2 94
3 64
3 165
3 164
3 132
3 133
3 102
3 41
3 108
3 142
3 140
3 115
3 85
3 150
3 151
3 4
3 181
3 93
3 63
4 162
4 5
4 195
4 103
4 129
4 105
4 10
4 139
4 109
4 14
4 189
4 115
4 52
4 73
4 57
4 154
4 27
4 125
4 127
5 32
5 33
5 162
5 7
5 104
5 10
5 12
5 77
5 47
5 51
5 97
5 87
5 25
5 188
5 159
6 64
6 192
6 130
6 67
6 133
6 134
6 10
6 194
6 78
6 13
6 84
6 87
6 88
6 15
6 198
6 103
6 45
6 177
6 178
6 59
6 124
6 191
7 130
7 131
7 101
7 102
7 168
7 170
7 119
7 13
7 158
7 174
7 81
7 52
7 117
7 118
7 23
7 197
7 69
7 28
7 183
7 62
8 98
8 72
8 106
8 44
8 162
8 111
8 112
8 51
8 183
8 153
8 79
8 60
8 190
9 192
9 199
9 75
9 13
9 77
9 88
9 19
9 86
9 152
9 89
9 79
9 161
9 155
9 100
9 109
9 110
9 112
9 91
9 117
9 54
9 183
9 123
9 61
10 42
10 76
10 78
10 112
10 113
10 19
10 181
10 54
10 68
10 179
10 124
10 74
10 95
11 193
11 195
11 198
11 137
11 81
11 146
11 83
11 84
11 22
11 87
11 89
11 93
11 159
11 37
11 41
11 107
11 44
11 176
11 115
11 25
11 54
11 59
12 160
12 198
12 132
12 70
12 74
12 151
12 173
12 80
12 114
12 19
12 182
12 23
12 124
13 192
13 161
13 195
13 37
13 138
13 103
13 79
13 17
13 18
13 20
13 151
13 25
13 122
13 125
13 197
14 182
14 165
14 102
14 104
14 116
14 74
14 44
14 45
14 78
14 15
15 67
15 132
15 133
15 74
15 78
15 195
15 86
15 151
15 89
15 29
15 96
15 162
15 35
15 49
15 104
15 196
15 171
15 108
15 113
15 125
16 97
16 98
16 100
16 38
16 194
16 190
16 130
16 173
16 48
16 84
16 62
16 148
16 123
16 61
16 126
17 165
17 36
17 67
17 100
17 37
17 103
17 172
17 111
17 178
17 115
17 20
17 149
17 182
17 25
17 163
17 60
17 63
18 165
18 148
18 132
18 70
18 102
18 137
18 138
18 158
18 174
18 188
18 84
18 62
18 22
18 57
18 156
18 170
18 94
18 101
19 128
19 160
19 180
19 165
19 193
19 136
19 107
19 45
19 111
19 20
19 181
19 23
19 89
19 185
19 192
19 126
20 197
20 70
20 108
20 144
20 84
20 23
20 152
20 157
20 95
20 112
20 164
20 38
20 172
20 174
20 176
20 52
20 181
20 118
20 57
20 61
21 195
21 69
21 198
21 73
21 80
21 67
21 148
21 89
21 91
21 95
21 34
21 35
21 168
21 105
21 173
21 31
21 59
21 181
21 84
21 187
21 191
22 194
22 198
22 146
22 113
22 39
22 82
22 48
22 81
22 83
22 155
22 85
22 182
22 127
22 58
22 123
22 188
22 93
22 158
22 117
23 128
23 130
23 195
23 182
23 136
23 194
23 79
23 87
23 24
23 91
23 97
23 27
23 170
23 108
23 173
23 174
23 111
23 50
23 54
23 61
23 127
24 192
24 65
24 171
24 136
24 187
24 79
24 149
24 86
24 153
24 91
24 159
24 161
24 35
24 164
24 37
24 167
24 41
24 106
24 43
24 46
24 47
24 176
24 50
24 117
24 183
24 58
24 59
24 188
24 190
24 191
25 130
25 140
25 143
25 151
25 27
25 156
25 176
25 98
25 99
25 102
25 103
25 112
25 190
25 51
25 181
25 125
25 62
26 129
26 67
26 162
26 106
26 199
26 98
26 111
26 82
26 179
26 148
26 150
26 57
26 186
26 47
26 60
26 29
26 94
27 65
27 73
27 119
27 78
27 145
27 146
27 83
27 86
27 156
27 158
27 34
27 99
27 103
27 54
27 55
27 57
27 123
27 60
27 63
28 96
28 192
28 34
28 107
28 175
28 80
28 50
28 118
28 55
28 167
28 92
28 29
28 62
28 159
29 128
29 129
29 194
29 131
29 100
29 198
29 71
29 72
29 138
29 160
29 172
29 173
29 110
29 168
29 52
29 117
29 190
29 62
30 161
30 163
30 132
30 69
30 199
30 183
30 174
30 177
30 115
30 53
30 182
30 87
30 185
30 155
30 127
31 197
31 199
31 137
31 74
31 77
31 142
31 143
31 83
31 87
31 95
31 160
31 101
31 40
31 170
31 111
31 189
31 116
31 190
31 183
31 58
31 59
31 124
31 42
31 126
32 38
32 71
32 168
32 41
32 170
32 76
32 108
32 116
32 183
32 60
32 159
33 96
33 65
33 98
33 187
33 162
33 134
33 71
33 129
33 161
33 42
33 82
33 194
33 141
33 48
33 50
33 51
33 86
33 56
33 91
33 197
34 165
34 101
34 167
34 73
34 199
34 142
34 143
34 176
34 145
34 146
34 86
34 57
34 37
34 150
34 127
35 133
35 67
35 132
35 101
35 71
35 47
35 42
35 75
35 184
35 79
35 104
35 123
35 199
35 151
35 59
35 188
35 190
35 85
36 133
36 74
36 144
36 180
36 151
36 84
36 59
36 156
36 158
36 197
37 139
37 134
37 79
37 98
37 78
37 151
37 91
37 159
37 97
37 187
37 100
37 103
37 42
37 110
37 47
37 119
37 88
37 122
37 59
37 138
38 176
38 150
38 102
38 135
38 104
38 167
38 142
38 149
38 118
38 185
38 89
38 156
38 62
39 64
39 100
39 118
39 198
39 145
39 72
39 105
39 139
39 172
39 110
39 79
39 49
39 46
39 121
39 95
40 192
40 196
40 194
40 68
40 134
40 81
40 137
40 170
40 140
40 78
40 144
40 49
40 188
40 180
40 149
40 182
40 169
40 89
40 60
40 95
41 65
41 196
41 133
41 71
41 96
41 141
41 147
41 174
41 155
41 162
41 99
41 168
41 106
41 135
41 46
41 175
41 177
41 116
41 137
41 58
41 126
42 65
42 179
42 97
42 177
42 147
42 150
42 153
42 156
42 197
42 102
42 103
42 171
42 44
42 45
42 174
42 111
42 49
42 178
42 51
42 56
42 57
43 129
43 66
43 192
43 76
43 82
43 189
43 177
43 114
43 180
43 85
43 54
43 191
43 124
43 93
43 190
43 95
44 64
44 97
44 101
44 129
44 72
44 145
44 141
44 114
44 148
44 151
44 120
44 94
45 192
45 98
45 73
45 139
45 125
45 47
45 112
45 86
45 120
45 57
45 175
45 60
45 61
46 186
46 102
46 168
46 75
46 154
46 109
46 158
46 79
46 80
46 167
46 180
46 126
46 118
46 183
46 121
46 90
46 93
46 94
47 161
47 99
47 198
47 137
47 139
47 78
47 109
47 157
47 184
47 58
47 143
47 60
47 90
47 158
48 131
48 164
48 101
48 102
48 199
48 104
48 141
48 77
48 111
48 113
48 148
48 120
48 153
48 79
49 97
49 194
49 132
49 179
49 166
49 139
49 77
49 168
49 114
49 147
49 116
49 117
49 58
49 157
49 158
50 128
50 98
50 69
50 188
50 60
50 75
50 192
50 191
50 190
50 146
50 147
50 121
50 85
50 57
50 119
50 158
50 95
51 98
51 163
51 164
51 198
51 129
51 145
51 140
51 161
51 88
51 114
51 172
51 177
51 87
51 56
51 63
52 129
52 131
52 68
52 166
52 169
52 75
52 112
52 89
52 154
53 96
53 65
53 130
53 131
53 68
53 135
53 105
53 170
53 76
53 78
53 182
53 153
53 61
53 126
54 192
54 196
54 161
54 148
54 150
54 137
54 157
54 159
54 97
54 100
54 165
54 168
54 108
54 176
54 179
54 73
54 189
55 66
55 67
55 182
55 75
55 79
55 84
55 156
55 97
55 98
55 100
55 102
55 167
55 107
55 172
55 109
55 180
55 118
55 56
55 61
55 126
56 64
56 107
56 165
56 166
56 65
56 139
56 108
56 144
56 178
56 182
56 154
56 119
56 197
57 187
57 136
57 132
57 172
57 145
57 173
57 175
57 121
57 124
57 125
58 128
58 67
58 198
58 137
58 79
58 150
58 89
58 96
58 101
58 170
58 112
58 113
58 179
58 119
58 122
58 62
59 97
59 175
59 147
59 185
59 164
59 163
59 155
59 124
60 96
60 102
60 103
60 145
60 106
60 171
60 194
60 179
60 185
60 188
60 126
61 64
61 135
61 164
61 149
61 103
61 73
61 106
61 113
61 166
61 153
61 92
61 183
61 101
62 129
62 131
62 132
62 74
62 135
62 78
62 80
62 81
62 147
62 85
62 176
62 91
62 93
62 94
62 196
62 99
62 101
62 104
62 106
62 71
62 108
62 112
62 155
62 170
62 63
63 128
63 97
63 133
63 134
63 178
63 107
63 146
63 110
63 80
63 82
63 84
63 183
63 157
63 95
64 97
64 197
64 99
64 133
64 105
64 109
64 111
64 173
64 118
64 169
64 88
64 163
64 91
64 182
64 166
65 129
65 132
65 69
65 76
65 77
65 151
65 196
65 155
65 100
65 91
65 171
65 114
65 118
65 169
65 123
65 190
66 194
66 67
66 100
66 133
66 167
66 73
66 139
66 173
66 77
66 142
66 109
66 144
66 81
66 163
66 197
66 182
66 101
67 160
67 135
67 109
67 112
67 99
67 86
67 155
68 160
68 69
68 134
68 171
68 140
68 114
68 84
68 187
68 106
68 94
69 96
69 155
69 182
69 195
69 97
69 141
69 111
69 118
69 154
69 143
69 94
70 102
70 136
70 73
70 77
70 110
70 175
70 113
70 184
70 159
71 161
71 136
71 139
71 77
71 80
71 114
71 186
71 119
71 154
72 161
72 98
72 100
72 130
72 104
72 140
72 171
72 109
72 93
72 157
72 146
72 83
72 148
72 86
72 122
72 79
72 188
73 160
73 193
73 99
73 133
73 75
73 142
73 141
73 107
73 164
73 186
73 85
74 133
74 160
74 188
74 101
74 134
74 104
74 139
74 108
74 109
74 179
74 87
74 175
74 156
75 133
75 194
75 134
75 104
75 138
75 81
75 169
75 191
75 124
75 127
76 194
76 199
76 136
76 160
76 142
76 78
76 86
76 153
76 161
76 162
76 168
76 171
76 108
76 173
76 111
76 187
76 138
76 85
77 145
77 130
77 177
77 173
77 113
77 147
77 189
77 125
78 132
78 140
78 155
78 157
78 96
78 100
78 106
78 113
78 114
78 119
78 186
79 197
79 134
79 138
79 80
79 99
79 174
79 87
79 90
79 96
79 112
79 108
79 116
79 118
79 183
79 127
80 194
80 99
80 106
80 167
80 141
80 176
80 145
80 152
80 154
80 159
81 102
81 159
81 109
81 111
81 112
81 113
81 131
81 152
81 175
81 154
81 103
81 95
82 192
82 197
82 102
82 193
82 172
82 178
82 147
82 116
82 85
82 184
82 153
82 127
83 97
83 130
83 171
83 135
83 175
83 176
83 114
83 118
83 151
83 93
83 190
84 160
84 97
84 132
84 121
84 178
84 188
84 114
84 89
84 154
84 159
84 100
85 192
85 136
85 138
85 152
85 153
85 111
85 156
85 157
85 168
85 188
85 107
85 175
85 187
85 124
85 189
85 191
86 133
86 107
86 149
86 197
86 91
86 167
86 171
86 172
86 176
86 122
86 124
86 126
87 97
87 194
87 136
87 144
87 113
87 182
87 191
87 93
88 147
88 133
88 135
88 167
88 143
88 157
88 190
88 196
88 179
88 91
88 101
88 102
88 94
89 128
89 134
89 193
89 150
89 91
89 122
89 159
89 162
89 171
89 176
89 104
89 119
89 124
89 149
90 128
90 99
90 103
90 140
90 144
90 159
90 117
90 119
90 185
90 123
90 125
90 127
91 130
91 134
91 139
91 152
91 198
91 167
91 111
91 177
91 115
91 183
91 121
91 127
92 192
92 195
92 132
92 167
92 104
92 105
92 135
92 109
92 149
92 151
92 187
92 191
93 150
93 157
93 96
93 165
93 195
93 172
93 110
93 136
93 178
93 180
93 118
93 119
93 120
94 96
94 195
94 103
94 108
94 171
94 196
94 155
95 132
95 142
95 148
95 196
95 158
95 163
95 166
95 172
95 111
95 112
95 120
95 127
96 195
96 199
96 138
96 141
96 142
96 146
96 150
96 102
96 178
96 114
96 118
96 121
96 123
97 131
97 159
97 157
97 102
97 105
97 174
97 114
97 186
97 148
97 139
97 166
97 125
97 126
98 195
98 132
98 144
98 102
98 107
98 175
98 113
98 126
98 121
98 189
98 190
99 134
99 131
99 148
99 172
99 169
99 108
99 174
99 115
99 124
99 125
99 191
100 138
100 182
100 101
100 158
100 159
100 197
100 105
100 172
100 116
100 118
100 191
101 108
101 142
101 145
101 182
101 132
102 192
102 193
102 136
102 142
102 143
102 153
102 155
102 156
102 164
102 198
102 145
102 177
102 180
102 119
103 133
103 137
103 140
103 188
103 105
103 175
103 189
103 185
103 134
103 127
104 129
104 171
104 144
104 148
104 152
104 155
104 133
104 107
104 108
104 111
104 136
104 121
104 123
105 171
105 135
105 110
105 177
105 147
105 148
105 199
106 160
106 192
106 198
106 139
106 140
106 151
106 110
106 174
106 154
106 137
107 161
107 132
107 170
107 151
107 173
107 144
107 145
107 175
107 159
108 132
108 196
108 159
108 171
108 173
108 119
108 186
108 125
109 112
109 131
109 116
109 117
109 132
109 186
109 187
109 159
110 135
110 186
110 155
111 128
111 134
111 129
111 176
111 167
111 178
111 179
111 181
112 194
112 132
112 139
112 141
112 142
112 149
112 150
112 153
112 154
112 113
112 179
112 182
112 137
112 121
112 136
112 191
113 129
113 134
113 148
113 155
113 169
113 115
113 184
113 122
113 191
114 193
114 140
114 137
114 148
114 121
114 159
114 149
115 194
115 166
115 145
115 169
115 116
115 117
115 126
116 179
116 166
116 177
116 136
116 192
116 117
116 183
117 192
117 161
117 162
117 131
117 182
117 134
117 173
117 178
117 148
117 122
117 198
118 186
118 176
118 149
118 153
118 179
119 198
119 139
119 143
119 167
119 177
119 180
119 188
119 165
120 150
120 135
120 127
120 124
120 169
121 160
121 134
121 136
121 162
121 198
121 169
121 171
121 168
121 123
121 189
121 191
122 135
122 169
122 151
122 199
122 150
122 187
122 125
122 126
122 182
123 129
123 171
123 175
123 163
123 185
123 169
123 152
123 188
123 176
123 127
124 131
124 133
124 135
124 147
124 154
124 168
124 171
124 177
125 193
125 197
125 199
125 138
125 144
125 149
125 159
125 160
125 178
125 191
126 182
126 166
126 153
126 189
126 190
127 198
127 130
127 131
127 153
128 130
128 147
128 133
128 140
128 197
128 175
129 195
129 134
129 139
129 143
129 144
129 147
129 169
129 186
129 191
130 162
130 147
130 161
130 194
130 174
130 141
131 155
131 169
131 146
131 180
132 194
132 147
132 153
132 190
133 194
133 141
133 147
133 149
133 143
133 178
134 198
134 194
134 141
134 157
134 172
134 191
135 141
136 140
136 159
136 165
136 199
136 173
136 178
136 182
136 188
136 149
137 139
137 150
137 198
137 154
137 179
137 138
138 187
138 143
138 192
138 189
138 179
138 183
138 153
138 188
139 195
139 197
139 198
139 159
139 162
139 163
139 164
139 166
139 185
139 186
140 176
140 143
141 195
141 144
141 146
141 147
141 150
141 153
141 170
142 165
142 199
142 174
142 145
142 178
143 195
143 197
143 180
144 152
144 199
144 170
144 174
144 187
144 168
145 194
145 156
145 177
145 171
145 197
145 166
146 198
146 175
146 148
146 171
147 197
147 162
147 187
147 165
147 178
147 173
147 176
147 180
148 195
148 178
148 177
148 151
148 152
148 154
148 158
148 160
148 167
148 170
148 184
149 166
149 181
150 199
150 156
150 167
150 180
150 188
150 189
150 195
151 196
151 172
151 189
151 188
151 192
152 166
152 171
152 195
152 182
152 169
152 186
152 188
152 157
153 194
153 199
153 154
153 172
153 183
154 159
155 198
155 163
155 166
156 163
156 199
156 174
157 162
157 182
158 192
158 175
158 191
158 179
158 188
158 190
159 173
159 182
159 176
160 161
161 166
161 170
161 168
161 191
162 195
162 173
163 188
163 191
163 175
163 190
163 189
164 165
164 167
164 179
164 197
165 172
165 174
167 193
167 195
167 196
167 179
167 181
168 181
168 170
168 189
169 194
169 175
170 199
170 193
170 175
170 186
171 194
171 196
171 188
171 176
172 195
172 183
172 188
173 196
173 179
173 198
173 178
174 198
174 184
175 177
175 181
176 181
176 183
176 191
177 195
177 189
177 191
178 179
180 187
180 188
181 196
181 197
182 196
182 197
182 183
183 197
184 193
184 194
185 199
187 194
187 195
187 193
189 199
190 193
190 199
191 192
191 198
192 193
193 195
195 196
196 198
198 199
