0 131
0 132
0 5
0 70
0 39
0 168
0 199
0 174
0 80
0 164
0 115
0 117
0 86
0 121
0 6
0 125
0 134
0 63
1 64
1 128
1 75
1 5
1 8
1 9
1 11
1 76
1 175
1 83
1 149
1 169
1 90
1 111
1 186
1 97
1 34
1 35
1 165
1 166
1 168
1 105
1 174
1 47
1 176
1 51
1 53
1 73
1 121
1 58
1 59
2 144
2 17
2 3
2 84
2 113
2 152
2 148
2 154
2 187
2 45
2 46
3 96
3 176
3 155
3 165
3 102
3 167
3 106
3 76
3 29
3 80
3 113
3 186
3 182
3 119
3 26
3 59
3 198
3 42
3 127
4 64
4 181
4 34
4 195
4 132
4 130
4 40
4 170
4 140
4 66
4 77
4 45
4 8
4 114
4 84
4 117
4 120
4 152
4 184
4 174
4 95
5 98
5 36
5 134
5 161
5 140
5 137
5 170
5 76
5 112
5 50
5 53
5 54
5 153
5 24
5 25
5 31
5 159
5 85
6 65
6 68
6 165
6 97
6 8
6 145
6 196
6 199
6 192
6 110
6 189
6 104
6 83
6 147
6 185
6 187
6 156
6 157
6 62
6 181
7 192
7 66
7 36
7 179
7 104
7 138
7 154
7 13
7 78
7 111
7 173
7 82
7 51
7 54
7 186
7 25
7 58
7 125
8 128
8 130
8 129
8 9
8 13
8 81
8 84
8 17
8 22
8 151
8 132
8 26
8 186
8 103
8 53
8 120
8 57
8 58
8 123
8 149
9 32
9 194
9 133
9 38
9 65
9 105
9 128
9 71
9 108
9 146
9 46
9 81
9 114
9 174
9 137
9 154
9 28
9 166
10 160
10 97
10 164
10 135
10 72
10 138
10 174
10 14
10 15
10 157
10 113
10 178
10 51
10 53
10 25
10 56
10 89
10 186
10 27
10 93
11 67
11 196
11 69
11 74
11 120
11 195
11 21
11 22
11 157
11 159
11 176
11 98
11 102
11 171
11 48
11 113
11 114
11 181
11 56
11 121
11 138
11 191
12 112
12 197
12 131
12 101
12 72
12 151
12 172
12 109
12 142
12 16
12 168
12 82
12 121
12 118
12 55
12 24
12 57
12 187
12 157
12 63
13 69
13 151
13 141
13 142
13 143
13 145
13 156
13 84
13 23
13 100
13 92
13 157
13 199
13 165
13 97
13 163
13 36
13 101
13 102
13 105
13 135
13 44
13 175
13 48
13 49
13 60
13 62
14 178
14 33
14 99
14 164
14 165
14 71
14 129
14 106
14 151
14 45
14 174
14 112
14 18
14 42
14 158
14 118
14 55
14 185
14 183
14 30
15 160
15 97
15 130
15 132
15 169
15 43
15 79
15 49
15 149
15 150
15 183
15 57
15 58
15 124
15 93
15 30
15 181
16 128
16 65
16 108
16 79
16 184
16 86
16 23
16 89
16 111
16 93
16 30
16 96
16 155
16 36
16 103
16 104
16 169
16 42
16 171
16 44
16 29
16 50
16 51
16 73
16 153
16 57
16 123
16 63
17 186
17 72
17 73
17 197
17 110
17 84
17 21
17 151
17 152
17 121
17 154
17 188
17 125
17 94
17 85
18 65
18 66
18 155
18 68
18 102
18 145
18 105
18 75
18 143
18 80
18 81
18 178
18 85
18 54
18 153
18 90
18 123
18 124
18 157
19 149
19 66
19 168
19 104
19 105
19 119
19 76
19 142
19 44
19 81
19 41
19 87
19 143
19 60
19 190
19 31
20 194
20 131
20 69
20 199
20 140
20 22
20 88
20 26
20 155
20 156
20 159
20 160
20 161
20 197
20 113
20 41
20 111
20 177
20 178
20 181
20 183
20 185
20 125
20 62
21 192
21 198
21 130
21 43
21 70
21 71
21 76
21 74
21 140
21 149
21 153
21 91
21 28
21 93
21 32
21 99
21 101
21 171
21 27
21 55
21 187
21 190
22 35
22 100
22 38
22 70
22 105
22 196
22 43
22 175
22 124
22 163
22 117
22 151
22 180
22 59
22 28
22 149
23 112
23 197
23 182
23 103
23 104
23 73
23 144
23 110
23 29
23 179
23 52
23 46
23 150
23 123
23 61
23 149
24 33
24 68
24 72
24 73
24 171
24 141
24 158
24 79
24 174
24 149
24 183
24 37
24 126
24 127
25 64
25 68
25 76
25 144
25 147
25 155
25 159
25 96
25 197
25 99
25 101
25 40
25 170
25 43
25 44
25 175
25 50
25 115
25 119
25 120
25 185
25 122
25 123
25 125
26 96
26 33
26 133
26 156
26 170
26 160
26 44
26 45
26 77
26 115
26 51
26 117
26 169
26 90
26 92
26 93
26 31
27 64
27 100
27 132
27 163
27 36
27 38
27 103
27 41
27 43
27 126
27 47
27 141
27 164
27 146
27 84
27 57
27 155
27 188
27 62
28 132
28 134
28 170
28 173
28 80
28 49
28 84
28 87
28 116
28 189
28 30
28 117
29 128
29 130
29 70
29 71
29 136
29 137
29 138
29 190
29 152
29 90
29 155
29 157
29 100
29 37
29 38
29 41
29 44
29 111
29 117
29 120
29 189
29 134
30 65
30 194
30 68
30 69
30 198
30 40
30 151
30 83
30 190
30 55
30 56
30 191
30 125
30 158
30 127
31 192
31 33
31 197
31 147
31 165
31 161
31 74
31 46
31 79
31 114
31 63
32 33
32 67
32 100
32 69
32 166
32 43
32 140
32 113
32 50
32 86
32 88
32 91
32 92
32 189
33 65
33 132
33 167
33 96
33 42
33 154
33 78
33 111
33 186
33 118
33 183
33 57
33 123
33 93
34 96
34 194
34 107
34 166
34 40
34 73
34 170
34 160
34 78
34 175
34 189
34 118
34 89
34 188
34 61
35 36
35 136
35 41
35 74
35 76
35 175
35 145
35 83
35 53
35 169
35 58
35 124
35 127
36 129
36 197
36 164
36 38
36 138
36 111
36 179
36 50
36 147
36 86
36 186
36 58
36 122
36 37
37 197
37 150
37 134
37 103
37 72
37 60
37 106
37 145
37 79
37 112
37 113
37 156
37 177
37 54
37 122
37 187
37 92
37 95
38 128
38 67
38 196
38 197
38 70
38 76
38 83
38 88
38 100
38 90
38 155
38 92
38 159
38 42
38 109
38 180
38 62
38 58
38 187
38 124
38 126
38 191
39 64
39 98
39 67
39 166
39 183
39 137
39 43
39 172
39 77
39 78
39 112
39 178
39 187
39 151
39 155
39 157
39 62
39 159
40 65
40 195
40 105
40 46
40 109
40 78
40 81
40 82
40 180
40 62
40 124
40 119
40 95
40 117
40 53
41 194
41 197
41 113
41 138
41 79
41 148
41 85
41 84
41 103
41 168
41 108
41 111
41 48
41 177
41 178
41 116
41 182
41 122
41 124
42 194
42 100
42 101
42 65
42 80
42 161
42 142
42 171
42 191
42 79
42 180
42 117
42 88
42 175
42 133
43 164
43 101
43 72
43 105
43 106
43 75
43 141
43 174
43 168
43 131
43 57
43 59
43 191
44 129
44 196
44 86
44 198
44 108
44 139
44 78
44 145
44 82
44 150
44 94
44 102
44 172
44 49
44 183
44 61
45 68
45 193
45 67
45 100
45 104
45 137
45 75
45 108
45 109
45 157
45 182
45 55
45 123
45 156
45 61
46 179
46 136
46 74
46 75
46 130
46 109
46 144
46 86
46 143
46 96
46 162
46 165
46 173
46 115
46 180
46 181
46 59
46 138
46 63
47 96
47 171
47 196
47 198
47 134
47 73
47 75
47 192
47 173
47 174
47 50
47 52
47 86
47 160
47 180
48 130
48 99
48 100
48 198
48 137
48 143
48 141
48 131
48 148
48 150
48 132
48 188
49 67
49 68
49 165
49 168
49 106
49 139
49 142
49 113
49 153
49 155
49 62
49 159
50 66
50 187
50 191
50 78
50 178
50 54
50 121
50 122
50 123
50 157
50 182
51 164
51 169
51 74
51 116
51 117
51 185
51 121
51 90
51 190
52 96
52 194
52 163
52 185
52 103
52 170
52 180
52 81
52 148
52 86
52 56
52 120
52 153
53 128
53 98
53 134
53 193
53 192
53 110
53 147
53 118
53 87
53 90
53 60
54 66
54 132
54 102
54 171
54 116
54 153
54 56
54 84
54 154
55 198
55 102
55 105
55 78
55 143
55 112
55 156
55 115
55 150
55 183
55 56
55 186
55 92
55 93
56 64
56 75
56 68
56 147
56 87
56 89
56 154
56 93
56 96
56 162
56 167
56 105
56 174
56 175
56 57
56 58
57 123
57 65
57 112
57 187
57 146
57 120
57 82
57 139
57 171
57 169
57 125
57 126
57 95
58 75
58 144
58 152
58 88
58 184
58 157
58 159
58 96
58 106
58 71
58 172
58 114
58 182
58 63
59 66
59 150
59 134
59 72
59 109
59 110
59 141
59 163
59 145
59 131
59 139
59 122
59 159
60 160
60 161
60 99
60 135
60 105
60 107
60 140
60 141
60 177
60 80
60 145
60 150
60 152
60 156
60 199
60 191
61 192
61 97
61 198
61 130
61 167
61 72
61 169
61 66
61 77
61 111
61 83
61 116
61 151
61 180
61 122
61 143
61 92
62 67
62 199
62 138
62 75
62 145
62 146
62 85
62 167
62 161
62 100
62 166
62 171
62 103
62 191
62 174
62 189
62 123
62 102
62 149
63 133
63 66
63 69
63 172
63 199
63 136
63 73
63 74
63 176
63 178
63 83
63 84
63 149
63 198
63 93
64 187
64 137
64 171
64 110
64 146
64 147
64 78
64 169
64 124
65 160
65 130
65 180
65 97
65 176
65 78
65 157
65 148
65 182
65 184
65 138
66 129
66 105
66 103
66 143
66 81
66 180
66 113
66 151
66 196
66 156
67 162
67 132
67 102
67 103
67 140
67 112
67 114
67 179
67 85
67 152
67 133
68 129
68 143
68 147
68 85
68 152
68 95
68 161
68 164
68 112
68 110
68 176
68 177
68 183
68 120
69 130
69 131
69 139
69 135
69 194
69 106
69 173
69 80
69 170
69 90
69 187
69 167
70 96
70 193
70 118
70 97
70 129
70 106
70 140
70 173
70 78
70 147
70 150
70 87
70 122
70 117
70 134
70 95
71 160
71 129
71 102
71 106
71 77
71 111
71 81
71 82
71 189
71 89
71 91
71 124
72 97
72 175
72 155
72 81
72 77
72 125
72 187
72 149
72 152
72 165
73 192
73 99
73 193
73 112
73 75
73 141
73 82
73 115
73 121
73 154
73 169
74 194
74 132
74 133
74 142
74 175
74 184
74 93
75 103
75 136
75 172
75 179
75 84
75 105
75 91
76 98
76 135
76 141
76 110
76 180
76 84
76 153
76 163
76 124
77 128
77 162
77 163
77 107
77 175
77 113
77 82
77 86
77 121
77 153
77 91
77 188
77 126
78 192
78 144
78 82
78 148
78 149
78 87
78 88
78 153
78 94
78 99
78 198
78 106
78 176
78 113
78 180
78 181
78 124
78 170
79 128
79 182
79 134
79 141
79 88
79 155
79 157
79 159
79 161
79 91
79 165
79 172
79 116
79 118
79 122
79 123
80 129
80 130
80 196
80 134
80 139
80 195
80 120
80 115
80 84
80 86
80 88
80 153
80 127
81 176
81 132
81 133
81 135
81 175
81 144
81 196
81 121
81 91
81 124
81 125
82 128
82 192
82 195
82 139
82 91
82 160
82 97
82 167
82 111
82 177
82 116
82 117
82 189
83 192
83 162
83 105
83 197
83 126
83 86
83 137
83 120
83 121
84 129
84 182
84 148
84 89
84 93
84 162
84 107
84 172
84 157
84 114
84 115
84 119
84 132
84 124
85 137
85 131
85 86
85 151
85 88
85 154
85 159
85 197
85 165
85 166
85 167
85 170
85 111
85 147
85 180
85 190
85 184
85 121
85 124
86 199
86 136
86 152
86 100
86 91
86 93
86 158
86 98
86 101
86 167
86 109
86 110
86 178
86 183
86 184
86 185
86 122
86 127
87 192
87 97
87 139
87 103
87 107
87 108
87 175
87 111
87 178
87 91
87 199
88 128
88 195
88 132
88 199
88 151
88 157
88 94
88 161
88 162
88 174
88 93
88 177
88 185
88 118
88 119
88 121
88 123
88 188
89 96
89 193
89 163
89 196
89 133
89 140
89 162
89 110
89 151
90 128
90 195
90 106
90 176
90 181
90 174
90 112
90 170
90 185
90 144
90 133
91 99
91 170
91 176
91 180
91 151
91 183
91 159
92 176
92 102
92 153
92 111
93 130
93 195
93 196
93 120
93 147
93 159
93 167
93 176
93 188
93 189
94 128
94 98
94 196
94 198
94 135
94 177
94 114
94 158
95 160
95 130
95 138
95 139
95 144
95 113
95 186
96 128
96 193
96 197
96 98
96 146
96 150
96 160
96 100
96 120
96 122
96 188
97 126
97 183
97 146
97 157
97 135
97 110
97 181
97 182
97 119
97 188
97 134
97 127
98 160
98 170
98 107
98 175
98 147
98 199
98 119
98 184
98 153
98 186
98 187
98 197
99 161
99 194
99 164
99 193
99 104
99 173
99 142
99 188
99 155
99 159
100 135
100 110
100 113
100 116
100 142
100 119
100 152
101 196
101 137
101 107
101 173
101 155
101 149
102 160
102 109
102 173
102 149
102 111
102 103
103 198
103 140
103 158
103 126
103 120
103 148
103 188
103 165
104 129
104 166
104 139
104 140
104 117
104 120
104 124
104 157
104 127
105 195
105 134
105 184
105 148
105 160
105 165
105 167
105 173
105 119
105 123
106 144
106 159
106 162
106 188
106 171
106 109
106 111
106 177
106 178
106 186
106 124
106 190
107 194
107 196
107 133
107 141
107 149
107 153
107 158
107 108
107 175
107 112
107 180
107 118
107 119
107 185
107 122
107 125
107 190
107 191
108 180
108 199
108 143
108 145
108 116
108 118
108 119
108 148
108 191
108 156
108 169
108 165
109 160
109 161
109 197
109 131
109 173
109 147
109 155
109 151
109 122
109 157
109 165
110 187
110 150
110 171
110 112
110 147
111 195
111 135
111 161
111 196
111 121
112 198
112 135
112 148
112 168
112 169
112 175
112 113
112 114
112 186
112 187
113 129
113 198
113 142
113 131
113 151
113 153
113 143
113 195
113 175
113 115
113 116
113 180
114 160
114 167
114 172
114 143
114 182
114 169
114 164
115 160
115 162
115 166
115 135
115 138
115 119
115 143
115 179
115 152
115 187
116 129
116 130
116 197
116 138
116 139
116 164
116 154
116 122
116 175
116 181
116 169
116 186
117 160
117 195
117 179
117 143
117 149
117 196
118 128
118 161
118 183
119 166
119 180
119 150
119 157
119 127
120 134
120 156
120 163
120 175
120 157
120 187
120 123
120 124
120 191
121 179
121 138
121 161
121 182
121 158
121 181
122 128
122 160
122 136
122 143
122 154
122 156
122 157
122 179
123 192
123 133
123 134
123 199
123 143
123 152
123 155
123 164
123 172
123 180
123 182
123 169
124 128
124 198
124 140
124 163
124 193
124 135
124 172
124 174
124 149
125 197
125 141
125 179
125 136
125 135
125 127
126 162
126 187
126 164
126 136
126 129
126 138
126 174
126 169
126 188
126 195
127 194
127 164
127 163
127 166
127 137
127 154
127 197
128 192
128 153
128 143
128 162
128 166
128 171
128 175
128 177
129 182
129 184
130 134
130 135
130 142
130 185
130 159
130 160
130 136
130 184
130 180
130 191
131 175
131 141
131 182
131 183
131 180
132 167
132 172
132 189
132 193
132 151
132 157
133 192
133 135
133 176
133 149
133 182
133 185
134 140
134 194
134 147
134 149
134 150
134 143
134 170
134 163
134 181
135 182
135 155
136 165
136 198
136 167
136 148
136 156
137 162
137 168
137 140
137 142
137 151
137 155
138 142
138 148
138 198
138 143
138 146
138 153
138 175
139 166
139 145
139 177
139 191
139 142
140 199
140 147
140 159
141 192
141 176
141 194
141 179
141 193
141 168
141 191
142 192
142 150
142 174
142 148
142 183
142 165
143 144
143 166
143 182
144 181
144 179
144 177
144 147
144 175
144 185
145 167
145 158
145 152
145 186
145 157
146 195
146 198
146 169
146 185
146 181
146 184
146 156
147 184
147 151
147 153
147 154
147 155
147 163
147 172
147 180
147 189
148 192
148 163
148 174
148 184
148 189
149 151
149 160
149 177
149 188
149 178
150 161
150 186
150 183
150 165
151 199
151 168
151 178
151 187
152 179
152 189
152 164
152 155
153 196
153 156
153 195
153 171
153 177
153 179
153 186
154 167
154 172
155 192
155 193
155 162
155 168
155 180
155 163
156 171
156 177
156 175
157 196
157 162
157 169
157 170
157 174
157 177
158 166
158 186
158 159
159 198
159 177
159 199
160 173
160 163
160 168
160 193
160 174
161 162
161 169
161 175
161 189
161 179
161 180
161 170
162 190
162 165
162 168
162 171
162 175
162 180
162 181
163 193
163 199
163 169
163 191
164 165
164 176
164 188
165 195
165 168
165 171
165 169
165 187
165 188
166 167
167 178
167 176
167 175
167 182
168 187
168 177
168 170
168 173
168 180
169 194
169 172
169 176
169 184
169 186
170 180
171 188
171 185
173 191
173 190
174 186
174 181
175 180
175 188
176 182
177 194
177 195
177 190
179 197
179 191
180 181
180 186
181 198
181 195
181 184
182 186
182 190
183 187
184 187
184 189
186 188
188 197
189 192
191 196
191 197
193 199
194 195
195 196
