0 1
0 130
0 99
0 165
0 33
0 73
0 106
0 167
0 175
0 47
0 93
0 115
0 180
0 187
0 123
0 74
0 190
0 127
1 65
1 132
1 5
1 70
1 193
1 72
1 137
1 128
1 140
1 13
1 152
1 197
1 33
1 163
1 101
1 40
1 107
1 178
1 181
1 121
1 122
1 192
1 189
2 160
2 51
2 130
2 36
2 49
2 194
2 81
2 145
2 161
2 138
2 77
2 177
2 111
2 17
2 82
2 115
2 116
2 162
2 150
2 23
2 94
3 65
3 195
3 197
3 135
3 12
3 55
3 140
3 78
3 24
3 152
3 153
3 93
3 95
3 160
3 39
3 40
3 106
3 109
3 178
3 51
3 119
3 123
4 64
4 181
4 71
4 136
4 41
4 106
4 107
4 49
4 18
4 83
4 148
4 53
4 54
4 186
4 154
4 61
4 21
5 128
5 194
5 131
5 198
5 97
5 15
5 80
5 81
5 146
5 151
5 24
5 89
5 90
5 159
5 33
5 38
5 193
5 174
5 175
5 112
5 116
5 183
6 32
6 64
6 131
6 100
6 39
6 141
6 14
6 178
6 84
6 183
6 124
6 125
6 190
7 194
7 197
7 134
7 199
7 140
7 114
7 142
7 143
7 50
7 46
7 182
7 88
7 31
7 191
8 96
8 144
8 66
8 132
8 182
8 169
8 157
8 141
8 125
8 80
8 113
8 189
8 115
8 181
8 86
8 55
8 58
8 188
8 122
8 197
9 64
9 33
9 27
9 102
9 39
9 104
9 184
9 107
9 173
9 79
9 177
9 131
9 116
9 21
9 88
9 25
9 58
9 91
9 156
9 186
10 128
10 144
10 75
10 164
10 69
10 40
10 41
10 11
10 174
10 99
10 49
10 19
10 116
10 23
10 185
10 90
10 27
10 60
10 122
11 194
11 195
11 132
11 73
11 12
11 19
11 88
11 167
11 160
11 103
11 168
11 169
11 170
11 171
11 114
11 49
11 178
11 116
11 53
11 185
11 117
12 129
12 130
12 165
12 198
12 135
12 136
12 170
12 44
12 175
12 46
12 15
12 99
12 113
12 51
12 87
12 152
12 27
12 167
12 94
13 32
13 37
13 38
13 71
13 106
13 43
13 44
13 46
13 50
13 21
13 22
13 121
13 160
13 57
13 155
13 185
13 197
14 192
14 66
14 99
14 132
14 169
14 107
14 76
14 45
14 109
14 114
14 20
14 149
14 182
14 55
14 25
14 92
15 65
15 83
15 164
15 51
15 171
15 191
15 176
15 115
15 53
15 182
15 31
15 95
16 64
16 65
16 130
16 35
16 100
16 165
16 70
16 135
16 172
16 198
16 177
16 51
16 21
16 86
16 56
16 164
16 90
16 156
16 195
17 128
17 139
17 144
17 146
17 85
17 93
17 158
17 31
17 162
17 164
17 166
17 103
17 41
17 167
17 82
17 174
17 115
17 119
17 56
17 185
17 63
18 192
18 69
18 134
18 199
18 72
18 138
18 77
18 20
18 150
18 26
18 30
18 123
18 169
18 42
18 45
18 61
18 49
18 52
18 53
18 183
18 187
18 125
19 192
19 162
19 182
19 168
19 73
19 109
19 113
19 20
19 62
19 54
19 55
19 27
19 170
19 94
20 66
20 132
20 72
20 138
20 87
20 130
20 190
20 151
20 24
20 153
20 90
20 158
20 31
20 161
20 98
20 100
20 104
20 42
20 45
20 115
20 82
20 170
20 62
21 65
21 66
21 69
21 198
21 129
21 24
21 88
21 179
21 175
21 29
21 30
21 163
21 38
21 104
21 105
21 111
21 115
21 180
21 120
21 122
21 187
21 62
22 34
22 105
22 44
22 98
22 77
22 79
22 157
22 189
22 109
22 83
22 54
22 87
22 152
22 154
22 27
22 92
22 159
23 181
23 68
23 101
23 38
23 193
23 137
23 43
23 45
23 174
23 117
23 150
23 123
23 93
23 30
23 149
24 194
24 196
24 71
24 75
24 143
24 145
24 146
24 84
24 57
24 89
24 179
24 79
24 29
24 94
24 97
24 98
24 41
24 115
24 182
24 119
24 187
24 63
25 129
25 131
25 68
25 181
25 71
25 74
25 39
25 177
25 84
25 53
25 55
25 120
25 121
25 26
25 124
25 157
25 137
25 127
26 66
26 123
26 166
26 172
26 98
26 29
26 173
26 84
26 149
26 86
26 56
26 122
26 91
26 58
26 126
26 127
27 64
27 67
27 69
27 76
27 143
27 81
27 82
27 83
27 85
27 105
27 89
27 155
27 161
27 100
27 37
27 167
27 41
27 44
27 110
27 46
27 118
27 56
27 123
27 61
27 126
27 149
28 160
28 66
28 195
28 69
28 39
28 137
28 42
28 50
28 176
28 81
28 114
28 116
28 118
28 123
28 92
28 158
28 133
29 96
29 97
29 162
29 35
29 195
29 40
29 73
29 158
29 112
29 104
29 178
29 99
29 153
29 120
29 124
29 93
29 30
30 160
30 196
30 135
30 137
30 42
30 87
30 82
30 93
30 173
30 83
30 180
30 153
30 158
30 95
31 66
31 67
31 136
31 75
31 77
31 79
31 195
31 149
31 152
31 94
31 101
31 166
31 39
31 199
31 175
31 181
31 55
31 139
31 124
32 64
32 164
32 68
32 177
32 168
32 60
32 138
32 109
32 77
32 111
32 49
32 188
32 116
32 152
32 57
32 122
32 92
32 157
32 191
33 196
33 135
33 76
33 79
33 80
33 147
33 148
33 89
33 162
33 39
33 42
33 183
33 184
33 121
33 63
33 124
33 62
33 191
34 65
34 67
34 36
34 182
34 134
34 71
34 187
34 75
34 109
34 80
34 123
34 199
34 53
34 121
34 89
34 91
34 135
34 185
35 65
35 66
35 197
35 135
35 139
35 76
35 143
35 80
35 82
35 87
35 144
35 39
35 169
35 108
35 173
35 113
35 180
35 119
35 58
35 59
35 183
36 96
36 149
36 131
36 165
36 166
36 113
36 171
36 107
36 78
36 175
36 49
36 178
36 117
36 122
36 154
36 62
36 127
37 67
37 199
37 77
37 79
37 144
37 81
37 148
37 149
37 152
37 97
37 99
37 100
37 165
37 102
37 108
37 46
37 51
37 121
37 186
37 125
37 191
38 65
38 98
38 68
38 51
38 161
38 168
38 194
38 76
38 173
38 146
38 83
38 152
38 191
39 192
39 194
39 132
39 133
39 141
39 144
39 158
39 69
39 164
39 107
39 114
39 178
39 181
39 137
40 160
40 196
40 140
40 106
40 107
40 125
40 46
40 112
40 86
40 186
40 153
40 58
40 47
40 90
40 158
41 103
41 136
41 105
41 173
41 78
41 48
41 83
41 85
41 152
41 93
42 66
42 178
42 114
42 103
42 183
42 44
42 77
42 79
42 145
42 181
42 55
42 187
42 190
43 98
43 132
43 44
43 46
43 174
43 112
43 113
43 116
43 117
43 182
43 186
43 92
44 65
44 194
44 196
44 134
44 78
44 77
44 83
44 151
44 164
44 160
44 176
44 98
44 100
44 108
44 46
44 112
44 187
44 62
44 127
45 96
45 161
45 98
45 134
45 72
45 137
45 170
45 171
45 108
45 82
45 77
45 177
45 52
45 174
45 184
45 155
45 157
46 128
46 129
46 130
46 72
46 140
46 151
46 87
46 92
46 111
46 49
46 179
46 181
46 189
46 55
46 120
46 191
46 125
46 127
47 60
47 139
47 173
47 114
47 180
47 53
47 150
47 120
47 191
47 92
47 93
47 127
48 66
48 195
48 132
48 165
48 71
48 74
48 103
48 81
48 188
48 148
48 185
48 164
48 156
48 61
48 127
49 160
49 139
49 141
49 79
49 144
49 195
49 84
49 110
49 80
49 164
49 166
49 178
49 119
49 138
50 193
50 67
50 132
50 134
50 144
50 83
50 147
50 183
50 187
50 93
51 64
51 97
51 168
51 124
51 98
51 137
51 152
51 89
51 58
51 92
51 102
51 101
52 193
52 131
52 69
52 134
52 135
52 73
52 74
52 139
52 142
52 84
52 85
52 87
52 154
52 94
52 182
52 97
52 99
52 167
52 169
52 178
52 118
52 137
52 120
52 57
52 186
52 187
52 62
52 191
53 64
53 160
53 99
53 133
53 105
53 138
53 162
53 144
53 137
53 111
53 58
53 91
53 157
54 198
54 97
54 70
54 134
54 199
54 74
54 142
54 116
54 55
54 58
54 188
54 186
54 94
54 165
55 64
55 129
55 66
55 196
55 137
55 78
55 83
55 150
55 152
55 160
55 172
55 118
55 60
55 61
56 66
56 83
56 144
56 81
56 74
56 79
57 198
57 197
57 164
57 69
57 166
57 71
57 75
57 174
57 189
57 177
57 146
57 181
57 151
57 123
57 93
57 63
58 197
58 134
58 113
58 73
58 170
58 167
58 183
58 143
58 114
58 120
58 89
58 123
58 61
59 128
59 129
59 130
59 132
59 102
59 167
59 104
59 74
59 75
59 192
59 141
59 136
59 84
59 181
60 66
60 198
60 199
60 141
60 144
60 84
60 154
60 157
60 163
60 101
60 166
60 105
60 172
60 109
60 112
60 177
60 179
60 117
60 186
61 160
61 65
61 98
61 198
61 193
61 136
61 114
61 66
62 142
62 164
62 198
62 112
62 74
62 108
62 110
62 80
62 140
62 182
62 183
62 157
62 185
62 117
63 194
63 99
63 196
63 124
63 75
63 86
63 121
63 187
63 188
63 190
64 80
64 83
64 71
64 97
64 160
64 76
64 77
64 143
64 84
64 169
65 66
65 69
65 136
65 67
65 84
65 88
65 92
65 159
65 161
65 164
65 166
65 103
65 104
65 106
65 171
65 179
65 125
65 126
66 194
66 68
66 129
66 137
66 145
66 152
66 196
66 96
66 162
66 165
66 171
66 112
66 179
66 180
66 159
67 97
67 68
67 167
67 74
67 103
67 176
67 179
67 107
67 150
67 87
67 120
67 122
67 91
67 125
68 197
68 70
68 139
68 77
68 79
68 144
68 82
68 84
68 154
68 92
68 102
68 178
68 115
68 116
68 122
68 151
68 190
68 166
69 123
69 196
69 103
69 125
69 111
69 144
69 152
69 183
69 88
69 106
69 127
70 129
70 72
70 76
70 141
70 154
70 156
70 94
70 197
70 160
70 176
70 105
70 193
70 108
70 174
70 111
70 112
70 179
70 182
70 123
71 192
71 130
71 145
71 149
71 87
71 93
71 97
71 165
71 104
71 174
71 112
71 182
71 184
71 123
71 124
72 102
72 97
72 105
72 193
72 199
72 78
72 79
72 112
72 87
72 169
72 123
73 132
73 133
73 74
73 75
73 175
73 179
73 82
73 117
73 138
73 151
73 164
73 182
73 185
73 181
74 84
74 193
74 173
74 179
74 137
74 122
74 124
74 154
75 161
75 182
75 139
75 159
75 79
75 116
75 150
75 186
75 148
76 192
76 195
76 88
76 83
76 84
76 149
76 87
76 152
76 154
76 156
76 90
76 103
76 104
76 113
76 179
76 122
76 124
76 191
77 131
77 133
77 79
77 80
77 83
77 149
77 87
77 153
77 155
77 157
77 161
77 197
77 146
77 189
77 106
77 170
77 184
77 196
77 125
77 195
78 87
78 110
78 177
78 84
78 184
78 185
78 154
78 183
79 192
79 130
79 95
79 162
79 166
79 103
79 168
79 194
79 188
80 128
80 130
80 140
80 144
80 148
80 86
80 88
80 165
80 105
80 172
80 109
80 114
80 180
80 190
80 169
80 124
81 155
81 164
81 134
81 137
81 140
81 186
81 92
82 161
82 170
82 190
82 182
82 151
82 148
83 131
83 199
83 172
83 184
83 146
83 196
83 89
83 161
83 107
83 177
83 118
83 185
83 126
83 127
84 141
84 144
84 149
84 163
84 102
84 108
84 123
84 191
85 161
85 99
85 165
85 102
85 113
85 168
85 138
85 184
85 188
85 150
85 87
85 120
85 154
85 124
85 166
86 128
86 194
86 136
86 103
86 161
86 170
86 143
86 114
86 179
86 182
86 87
86 169
86 175
86 92
87 138
87 148
87 154
87 155
87 93
87 164
87 168
87 111
87 176
87 114
87 115
88 160
88 198
88 107
88 113
88 179
88 152
88 89
88 90
89 123
89 99
89 131
89 138
89 173
89 179
89 180
89 149
89 151
89 185
89 170
89 95
90 192
90 198
90 145
90 146
90 152
90 133
90 98
90 164
90 171
90 173
90 181
90 183
90 120
90 185
90 123
90 138
91 192
91 105
91 172
91 174
91 177
91 140
91 115
91 180
91 150
91 123
91 181
92 110
92 183
92 153
92 189
93 196
93 197
93 195
93 140
93 131
94 128
94 139
94 132
94 179
94 162
94 107
94 141
94 156
94 125
94 126
95 96
95 128
95 130
95 198
95 195
95 104
95 170
95 176
95 172
95 112
95 136
95 178
95 115
95 154
95 125
96 163
96 167
96 143
96 147
96 116
96 181
96 164
96 186
96 126
97 130
97 137
97 197
97 186
97 182
98 162
98 99
98 115
98 154
98 148
98 191
99 165
99 181
99 103
99 136
99 107
99 109
99 189
99 121
99 151
100 160
100 161
100 187
100 107
100 118
100 183
100 184
100 153
100 157
100 190
100 198
101 194
101 165
101 102
101 197
101 141
101 146
101 158
102 165
102 130
102 155
102 177
102 197
102 111
102 152
102 118
102 120
102 132
102 156
102 125
103 196
103 134
103 104
103 141
103 112
103 121
103 118
104 133
104 165
104 167
104 113
104 159
104 172
104 137
104 148
104 135
104 185
105 161
105 130
105 197
105 187
105 143
106 135
106 145
106 113
106 178
106 147
106 182
106 153
106 136
106 155
107 163
107 184
107 199
107 113
107 142
107 183
107 179
107 123
108 128
108 191
108 167
108 171
108 174
108 111
108 131
108 117
108 116
108 155
108 156
108 109
108 165
109 196
109 182
109 162
109 130
109 189
109 112
109 116
109 157
110 147
110 189
110 117
111 193
111 140
111 138
111 171
111 174
111 179
111 116
111 197
112 129
112 196
112 172
112 144
112 188
112 180
112 119
112 124
112 125
113 192
113 171
113 163
113 154
113 157
113 162
113 166
113 189
113 180
113 117
113 125
113 195
114 193
114 132
114 138
114 144
114 149
114 158
114 163
114 161
114 135
114 182
114 124
115 131
115 134
115 145
115 172
115 143
115 120
115 189
115 126
116 193
116 173
116 147
116 159
116 197
116 163
116 179
116 121
116 126
116 191
117 188
117 165
117 195
117 167
117 178
117 163
117 150
117 120
117 186
118 128
118 130
118 147
118 165
118 169
118 170
118 183
118 149
118 158
119 193
119 179
119 177
119 174
119 146
119 149
119 183
119 186
120 149
120 129
120 164
120 137
120 192
120 157
121 140
121 142
121 145
121 131
121 171
121 182
121 183
121 184
121 186
121 158
121 127
122 198
122 134
122 174
122 150
122 170
122 191
123 149
123 133
123 164
123 183
123 188
124 161
124 139
124 142
124 180
125 191
125 194
125 177
125 138
125 199
126 179
126 128
126 186
126 148
126 154
127 179
127 195
127 135
127 148
127 142
127 150
127 152
127 153
127 197
128 198
128 193
128 143
128 148
129 195
129 166
129 168
129 137
129 177
129 140
129 182
129 188
129 169
130 192
130 153
130 156
130 164
130 193
130 183
131 136
131 140
131 148
131 151
131 164
131 155
131 197
131 172
131 178
132 194
132 177
132 166
132 168
132 190
132 182
132 137
133 191
133 164
133 141
133 173
133 156
133 188
133 151
133 190
133 181
134 194
134 182
134 145
134 149
134 158
134 163
134 199
134 179
134 187
135 197
135 166
135 167
135 191
135 173
135 149
135 150
135 159
135 189
136 172
136 150
136 166
136 171
136 176
136 155
136 180
136 158
137 198
137 183
137 148
137 159
137 199
138 180
138 178
138 155
139 193
139 144
139 146
139 147
139 148
139 161
139 168
139 173
139 174
139 176
139 178
139 184
139 190
140 161
140 143
140 173
140 142
140 189
140 156
141 161
141 164
141 175
141 181
142 193
142 166
142 168
142 146
142 190
142 151
142 186
142 159
143 182
143 186
144 193
144 153
144 197
144 145
144 173
144 183
144 191
145 174
145 175
145 152
145 146
145 180
145 170
146 193
146 179
146 155
146 154
146 190
147 158
147 151
148 174
148 195
148 152
148 185
148 157
149 193
149 150
149 166
149 173
150 176
150 163
150 167
151 187
151 165
151 195
151 164
151 184
151 159
152 157
152 159
153 166
153 199
153 169
153 172
153 168
153 190
154 166
154 188
154 177
154 178
154 180
154 186
155 197
155 183
156 193
156 171
156 199
157 167
157 190
157 168
158 161
158 164
158 170
158 172
158 176
158 191
159 177
160 192
160 193
160 166
160 199
160 172
160 184
161 197
161 164
161 166
161 167
161 168
161 172
161 177
161 189
162 166
162 175
163 194
163 195
163 164
163 196
163 191
163 189
164 198
164 180
165 173
165 175
165 178
165 186
166 167
166 199
166 181
166 187
167 172
167 185
167 199
168 198
168 190
168 181
169 178
169 170
169 173
169 171
169 189
169 181
171 172
171 180
172 191
172 178
173 177
173 182
173 187
174 194
174 179
174 185
175 179
176 194
176 199
177 178
178 197
178 191
179 185
181 195
181 198
181 185
181 188
181 190
182 198
182 190
182 183
182 184
182 186
184 191
185 192
185 193
186 199
186 191
189 192
190 199
195 197
195 199
198 199
