0 149
0 129
0 132
0 171
0 100
0 146
0 148
0 108
0 45
0 13
0 17
0 82
0 147
0 20
0 85
0 119
0 89
0 154
0 189
0 36
1 129
1 66
1 195
1 198
1 8
1 9
1 11
1 12
1 130
1 145
1 24
1 152
1 90
1 158
1 176
1 164
1 167
1 44
1 48
1 177
1 116
1 58
1 59
1 127
2 66
2 196
2 102
2 162
2 74
2 75
2 77
2 112
2 114
2 147
2 21
2 55
2 56
2 153
2 186
2 119
2 156
2 29
2 31
3 128
3 192
3 67
3 196
3 193
3 9
3 79
3 17
3 20
3 22
3 23
3 154
3 47
3 161
3 162
3 35
3 41
3 175
3 114
3 116
3 117
3 105
3 184
3 57
3 187
4 84
4 65
4 36
4 6
4 199
4 80
4 10
4 140
4 48
4 146
4 51
4 52
4 121
4 89
4 100
4 61
4 95
5 193
5 133
5 198
5 41
5 107
5 191
5 15
5 18
5 19
5 23
5 24
5 137
5 179
5 175
5 61
5 31
6 192
6 68
6 70
6 135
6 23
6 143
6 82
6 148
6 85
6 22
6 121
6 88
6 94
6 97
6 104
6 41
6 196
6 18
6 49
6 56
6 185
7 152
7 133
7 199
7 8
7 76
7 138
7 75
7 12
7 13
7 81
7 18
7 148
7 150
7 88
7 153
7 90
7 27
7 94
7 32
7 33
7 163
7 41
7 45
7 176
7 113
7 52
7 55
7 184
7 137
7 59
7 183
7 191
8 64
8 132
8 69
8 65
8 77
8 142
8 149
8 39
8 71
8 91
8 156
8 33
8 35
8 103
8 105
8 193
8 179
8 58
8 124
8 126
9 196
9 135
9 140
9 77
9 45
9 18
9 151
9 26
9 28
9 158
9 102
9 40
9 43
9 109
9 175
9 49
9 180
9 30
9 183
9 185
9 122
9 62
9 117
10 171
10 68
10 70
10 40
10 169
10 11
10 141
10 46
10 180
10 84
10 110
10 88
10 36
10 26
10 123
10 60
10 90
11 106
11 194
11 67
11 69
11 195
11 43
11 78
11 93
11 95
11 21
11 87
11 179
11 27
11 117
11 74
11 126
11 53
12 128
12 69
12 65
12 108
12 74
12 192
12 18
12 19
12 152
12 135
12 159
12 197
12 163
12 102
12 49
12 169
12 44
12 110
12 113
12 182
12 186
13 181
13 198
13 73
13 74
13 14
13 18
13 148
13 151
13 154
13 29
13 30
13 97
13 103
13 168
13 41
13 108
13 174
13 113
13 114
13 62
13 183
13 120
13 59
13 124
13 189
13 126
13 117
14 64
14 65
14 171
14 101
14 38
14 129
14 144
14 107
14 77
14 80
14 145
14 167
14 184
14 121
14 58
14 156
14 29
14 191
15 193
15 195
15 77
15 144
15 17
15 18
15 87
15 25
15 154
15 158
15 69
15 160
15 34
15 38
15 104
15 107
15 47
15 113
15 178
15 115
15 180
15 54
15 60
16 128
16 171
16 164
16 37
16 168
16 106
16 75
16 141
16 113
16 85
16 182
16 23
16 154
16 155
16 151
16 122
17 70
17 71
17 76
17 81
17 188
17 149
17 176
17 154
17 29
17 96
17 161
17 162
17 36
17 38
17 105
17 170
17 43
17 172
17 173
17 112
17 50
17 183
17 186
17 123
17 60
17 125
17 62
18 193
18 159
18 71
18 48
18 81
18 140
18 116
18 185
18 24
18 57
18 27
18 60
18 109
18 95
19 133
19 132
19 70
19 167
19 60
19 141
19 110
19 113
19 114
19 83
19 148
19 178
19 22
19 28
19 157
19 37
20 97
20 133
20 167
20 105
20 151
20 108
20 140
20 57
20 23
20 184
20 121
20 90
20 60
20 192
20 31
21 103
21 44
21 140
21 46
21 56
21 172
21 54
21 120
21 57
21 186
21 92
21 167
21 159
22 123
22 51
22 36
22 163
22 71
22 80
22 112
22 74
22 139
22 48
22 115
22 50
22 149
22 55
22 176
22 169
22 27
22 191
23 97
23 165
23 72
23 73
23 140
23 77
23 112
23 147
23 88
23 121
23 60
23 134
23 95
24 32
24 164
24 199
24 168
24 137
24 170
24 139
24 141
24 175
24 177
24 84
24 85
24 105
24 56
24 185
24 122
24 156
25 68
25 133
25 71
25 73
25 87
25 140
25 147
25 84
25 154
25 151
25 132
25 90
25 155
25 29
25 94
25 161
25 162
25 38
25 40
25 42
25 171
25 108
25 177
25 51
25 62
25 126
26 144
26 130
26 198
26 102
26 113
26 136
26 139
26 48
26 81
26 114
26 84
26 150
26 120
26 180
26 123
26 94
27 96
27 128
27 134
27 136
27 74
27 50
27 77
27 79
27 157
27 81
27 51
27 85
27 151
27 160
27 42
27 159
28 64
28 150
28 134
28 71
28 168
28 74
28 142
28 80
28 49
28 54
28 73
28 186
28 124
28 95
29 65
29 166
29 38
29 161
29 40
29 66
29 114
29 115
29 180
29 149
29 54
29 168
29 188
30 96
30 128
30 66
30 97
30 136
30 42
30 199
30 76
30 44
30 176
30 51
30 84
30 183
30 153
30 187
30 192
30 185
31 64
31 71
31 73
31 130
31 77
31 184
31 85
31 86
31 156
31 158
31 163
31 39
31 104
31 175
31 48
31 178
31 56
31 185
31 122
31 59
31 63
32 181
32 34
32 36
32 153
32 39
32 73
32 74
32 71
32 44
32 66
32 141
32 48
32 132
32 85
32 55
32 57
32 149
33 193
33 66
33 71
33 75
33 130
33 142
33 173
33 56
33 85
33 151
33 90
33 91
33 97
33 194
33 109
33 114
33 180
33 126
33 119
33 184
33 190
34 181
34 66
34 35
34 36
34 37
34 42
34 111
34 77
34 144
34 85
34 86
34 196
34 59
34 74
34 63
35 39
35 177
35 170
35 75
35 130
35 145
35 171
35 52
35 149
35 182
35 151
35 121
35 58
35 190
35 63
36 37
36 136
36 75
36 77
36 46
36 109
36 112
36 178
36 106
36 110
36 153
36 154
36 42
36 117
37 86
37 70
37 135
37 40
37 137
37 182
37 173
37 142
37 93
37 104
37 156
37 54
37 90
37 92
37 61
37 94
37 127
38 128
38 130
38 131
38 68
38 71
38 132
38 76
38 196
38 152
38 98
38 41
38 108
38 173
38 112
38 49
38 117
38 56
38 125
39 65
39 196
39 70
39 44
39 136
39 146
39 120
39 124
39 94
40 96
40 172
40 162
40 67
40 44
40 109
40 157
40 186
40 83
40 180
40 181
40 118
40 119
40 122
40 169
40 69
41 136
41 140
41 75
41 76
41 79
41 184
41 146
41 131
41 84
41 88
41 91
41 92
41 93
41 69
41 160
41 161
41 98
41 43
41 45
41 179
41 54
41 55
41 56
41 148
41 125
41 126
41 191
42 64
42 198
42 139
42 98
42 141
42 146
42 92
42 161
42 102
42 176
42 110
42 112
42 49
42 55
42 58
42 123
42 188
42 189
43 132
43 167
43 106
43 75
43 143
43 48
43 149
43 180
43 119
43 68
43 155
43 190
44 192
44 66
44 71
44 76
44 141
44 173
44 88
44 90
44 95
44 108
44 109
44 50
44 182
44 140
44 62
45 64
45 132
45 75
45 192
45 145
45 87
45 89
45 154
45 157
45 161
45 100
45 101
45 166
45 171
45 48
45 120
45 124
45 61
45 63
46 65
46 194
46 100
46 166
46 97
46 105
46 141
46 175
46 113
46 52
46 183
46 155
46 125
46 158
46 149
47 165
47 198
47 72
47 171
47 173
47 143
47 184
47 163
47 116
47 62
47 118
47 120
47 155
47 188
47 158
47 197
48 130
48 64
48 159
48 79
48 168
48 90
48 183
48 57
48 58
48 123
49 64
49 192
49 66
49 72
49 73
49 138
49 77
49 78
49 143
49 152
49 94
49 95
49 198
49 107
49 172
49 175
49 124
49 74
50 65
50 163
50 103
50 170
50 174
50 114
50 53
50 60
51 198
51 66
51 164
51 134
51 103
51 106
51 171
51 80
51 84
51 196
51 54
51 183
51 90
51 92
51 166
52 193
52 98
52 136
52 142
52 199
52 77
52 112
52 113
52 83
52 148
52 117
52 115
52 185
52 120
52 132
52 184
52 170
53 128
53 160
53 66
53 99
53 134
53 102
53 104
53 187
53 178
53 177
53 107
53 149
53 118
53 56
53 57
53 58
53 91
53 125
53 197
54 194
54 70
54 71
54 137
54 75
54 76
54 77
54 80
54 145
54 149
54 150
54 153
54 155
54 101
54 102
54 193
54 199
54 172
54 173
54 175
54 115
54 122
54 187
55 192
55 147
55 69
55 193
55 72
55 75
55 111
55 83
55 56
55 57
55 187
55 157
55 133
56 192
56 71
56 138
56 194
56 184
56 154
56 163
56 70
56 135
56 177
56 120
56 185
56 58
56 124
56 189
56 127
57 72
57 76
57 142
57 176
57 89
57 154
57 91
57 161
57 171
57 109
57 175
57 178
57 115
57 63
58 192
58 68
58 134
58 199
58 189
58 143
58 148
58 93
58 95
58 167
58 168
58 175
58 72
58 118
58 185
58 61
58 62
59 69
59 102
59 137
59 74
59 75
59 140
59 109
59 190
59 85
59 183
59 181
59 153
59 187
59 117
59 106
59 94
60 64
60 191
60 114
60 88
60 180
60 184
60 63
61 96
61 145
61 170
61 183
61 142
61 189
61 113
61 82
61 115
61 87
61 185
61 91
61 188
61 93
62 160
62 66
62 131
62 132
62 101
62 135
62 106
62 112
62 115
62 84
62 196
62 185
62 111
62 158
63 160
63 192
63 102
63 71
63 104
63 169
63 193
63 76
63 78
63 111
63 146
63 179
63 89
63 125
64 193
64 133
64 71
64 137
64 145
64 151
64 91
64 94
64 160
64 102
64 168
64 178
64 182
64 119
64 125
64 127
65 160
65 98
65 134
65 170
65 82
65 173
65 115
65 119
65 122
65 175
65 181
66 70
66 199
66 138
66 140
66 148
66 87
66 92
66 100
66 170
66 180
66 123
66 191
67 98
67 196
67 179
67 108
67 141
67 113
67 147
67 116
67 182
67 119
67 88
67 125
67 159
68 129
68 100
68 137
68 106
68 112
68 81
68 134
68 156
68 94
68 166
69 193
69 75
69 198
69 199
69 136
69 144
69 131
69 139
69 87
69 157
69 104
69 101
69 173
69 179
69 158
69 118
69 105
69 184
69 127
70 193
70 135
70 150
70 90
70 91
70 154
70 159
70 96
70 162
70 109
70 185
70 186
70 187
71 129
71 130
71 150
71 193
71 148
71 184
71 157
71 162
71 170
71 113
71 178
71 84
71 187
71 124
72 161
72 162
72 186
72 182
72 77
72 142
72 79
72 80
72 195
72 84
72 141
72 124
72 125
72 94
72 191
73 194
73 195
73 136
73 80
73 146
73 149
73 153
73 155
73 158
73 162
73 164
73 101
73 166
73 173
73 110
73 181
74 128
74 139
74 144
74 195
74 84
74 152
74 89
74 93
74 159
74 101
74 177
74 179
75 193
75 132
75 136
75 137
75 130
75 80
75 86
75 155
75 158
75 182
75 160
75 168
75 106
75 174
75 116
75 187
75 124
75 189
76 197
76 140
76 95
76 109
76 168
76 141
76 114
76 148
76 183
76 91
76 170
76 94
77 135
77 120
77 150
77 137
77 164
77 92
77 155
77 166
77 184
77 110
77 113
77 179
77 119
77 123
78 172
78 146
78 147
78 170
78 143
78 79
79 134
79 142
79 145
79 147
79 154
79 156
79 159
79 131
79 167
79 107
79 114
79 116
79 117
79 119
79 120
79 185
79 85
80 132
80 172
80 147
80 152
80 123
80 189
81 130
81 102
81 134
81 114
81 141
81 157
81 178
81 156
81 125
82 139
82 100
82 199
82 169
82 160
82 172
82 173
82 93
82 143
82 178
82 83
83 131
83 140
83 173
83 144
83 145
83 146
83 84
83 151
83 91
83 158
83 161
83 195
83 105
83 111
83 178
83 179
83 94
83 185
83 124
83 181
84 130
84 179
84 137
84 145
84 135
84 112
84 178
84 115
84 183
84 127
85 96
85 146
85 150
85 164
85 100
85 165
85 166
85 104
85 110
85 113
85 185
85 124
86 198
86 104
86 105
86 106
86 109
86 156
86 168
86 146
86 115
86 119
86 185
86 155
86 92
87 131
87 103
87 176
87 177
87 181
87 175
87 127
87 197
87 101
88 97
88 164
88 101
88 135
88 182
88 142
88 131
88 118
88 187
88 126
88 159
89 160
89 130
89 99
89 137
89 143
89 187
89 124
89 157
90 198
90 171
90 179
90 139
90 193
90 155
90 156
90 93
90 97
90 195
90 167
90 129
90 105
90 170
90 107
90 175
90 120
90 138
90 127
91 196
91 179
91 106
91 141
91 184
91 118
91 151
91 153
91 117
92 132
92 118
92 130
92 199
92 172
92 145
92 114
92 153
92 158
92 95
93 97
93 115
93 106
93 140
93 178
93 110
93 144
93 138
93 120
93 187
93 158
93 159
94 198
94 145
94 178
94 181
94 188
94 159
95 191
95 138
95 107
95 173
95 157
95 188
95 186
95 108
95 155
95 122
95 159
96 137
96 109
96 147
96 180
96 149
96 152
97 130
97 196
97 135
97 147
97 153
97 165
97 199
97 109
97 179
97 118
97 148
97 188
98 194
98 164
98 197
98 183
98 142
98 119
98 123
98 157
98 159
99 160
99 137
99 188
99 110
99 142
100 128
100 165
100 198
100 129
100 115
100 117
100 152
101 128
101 161
101 131
101 172
101 152
101 190
101 186
101 197
102 196
102 168
102 176
102 183
103 128
103 160
103 165
103 137
103 142
103 174
103 116
103 121
103 187
103 191
104 129
104 194
104 187
104 115
104 182
105 130
105 152
105 153
105 155
105 167
105 107
105 108
105 115
105 180
105 120
105 187
105 188
106 134
106 199
106 140
106 150
106 107
106 176
106 179
106 184
106 122
106 125
107 171
107 132
107 134
107 127
107 150
107 125
108 160
108 196
108 197
108 139
108 109
108 144
108 150
108 169
108 152
108 111
109 142
109 152
109 155
109 167
109 111
109 179
109 183
109 190
110 134
110 135
110 145
110 113
110 132
110 122
110 123
110 126
111 138
111 180
111 149
111 184
111 123
111 188
112 129
112 145
112 147
112 156
112 177
112 167
112 113
112 179
112 116
112 117
112 119
112 191
113 131
113 167
113 138
114 160
114 131
114 165
114 135
114 167
114 184
114 155
115 195
115 196
115 118
115 198
115 199
115 139
115 141
115 121
115 182
115 161
115 164
115 167
115 177
115 178
116 196
116 133
116 136
116 190
116 171
116 126
116 191
117 129
117 136
117 139
117 141
117 164
117 148
117 153
117 152
117 160
117 187
117 137
117 127
118 198
118 162
118 163
118 195
118 194
118 173
118 127
119 134
119 168
119 180
119 121
119 154
119 156
119 190
120 192
120 193
120 198
120 147
120 169
120 180
120 188
120 126
121 142
121 144
121 148
121 188
121 158
121 195
122 163
122 184
122 169
122 186
122 157
122 190
122 127
123 128
123 187
123 164
123 171
123 178
124 131
124 179
124 134
124 135
124 177
124 140
124 147
124 139
124 153
124 155
124 169
124 174
124 148
124 188
125 142
125 133
125 150
125 189
126 139
126 172
126 178
126 147
126 191
127 197
127 132
127 173
127 147
127 188
128 197
128 137
128 167
128 142
128 182
128 134
128 188
128 149
129 162
129 195
129 166
129 135
129 172
129 175
129 143
129 148
129 155
129 159
130 131
130 197
130 134
130 138
130 145
130 164
130 167
130 186
131 132
131 133
131 137
131 139
131 140
131 145
131 153
131 171
131 175
131 181
132 198
132 177
132 136
132 147
133 161
133 180
133 158
134 195
134 137
134 138
134 192
134 166
134 178
134 189
135 196
135 176
135 137
135 186
136 198
136 138
136 156
136 170
136 180
136 137
136 184
136 186
136 188
137 146
137 193
137 171
137 156
137 199
137 195
137 170
137 172
138 161
138 195
138 170
138 176
138 179
138 181
138 150
138 186
138 190
139 193
139 198
139 168
139 169
139 189
139 183
139 165
140 144
140 153
140 188
140 196
140 179
140 185
141 172
141 177
141 157
141 181
142 163
142 157
142 170
142 189
142 191
143 177
143 146
143 179
144 164
144 166
144 173
144 177
144 150
145 147
145 153
145 195
145 170
145 171
145 178
145 185
145 190
146 181
146 173
146 190
147 149
147 168
147 176
147 174
147 190
148 173
148 176
148 184
148 154
148 191
149 174
149 176
149 158
150 160
150 163
150 185
150 158
150 191
151 155
151 166
151 178
151 199
151 192
151 174
152 195
152 174
152 187
152 170
153 198
153 188
153 154
153 158
153 166
153 172
153 177
154 194
154 155
154 174
154 176
154 188
154 190
155 196
155 173
155 188
155 175
155 167
155 177
156 193
156 177
157 193
157 177
157 167
157 175
157 158
158 194
158 196
158 174
158 179
159 160
159 172
159 171
159 191
159 174
159 163
160 190
160 162
160 165
160 191
160 175
160 179
161 183
162 163
162 181
162 185
163 187
163 184
163 186
164 188
164 177
164 186
164 181
164 190
165 178
165 175
165 177
165 184
165 188
165 181
166 199
166 183
166 175
167 197
168 193
168 180
168 199
168 195
169 197
170 193
170 196
170 188
171 172
171 177
171 187
171 184
172 182
172 175
172 179
173 199
173 176
173 188
174 198
174 187
174 183
175 196
175 198
175 197
175 186
175 184
176 198
176 187
177 193
178 192
178 187
178 185
178 189
179 185
180 193
180 194
180 185
180 187
180 190
181 195
181 190
181 187
181 182
182 184
182 191
183 186
184 187
186 198
186 196
186 197
187 189
189 191
190 198
192 197
193 195
