0 96
0 98
0 171
0 164
0 37
0 183
0 169
0 43
0 142
0 80
0 146
0 51
0 149
0 182
0 55
0 121
0 59
0 60
0 125
0 159
1 195
1 69
1 71
1 23
1 76
1 14
1 16
1 149
1 87
1 155
1 28
1 5
1 59
1 37
1 178
1 41
1 42
1 199
1 108
1 109
1 176
1 114
1 187
1 57
1 123
1 127
2 45
2 99
2 68
2 130
2 77
2 40
2 106
2 13
2 110
2 111
2 177
2 82
2 179
2 181
2 54
2 120
2 186
2 123
2 195
3 96
3 194
3 4
3 177
3 75
3 110
3 17
3 50
3 179
3 116
3 118
3 153
3 20
3 183
3 62
3 52
4 64
4 96
4 36
4 71
4 72
4 9
4 128
4 135
4 172
4 161
4 80
4 192
4 19
4 20
4 53
4 151
4 132
4 91
4 138
4 85
5 196
5 69
5 65
5 142
5 15
5 81
5 18
5 83
5 20
5 79
5 28
5 94
5 197
5 162
5 37
5 41
5 7
5 45
5 177
5 178
5 187
6 33
6 195
6 181
6 39
6 105
6 140
6 46
6 48
6 178
6 52
6 21
6 169
6 88
6 63
7 64
7 198
7 72
7 143
7 145
7 22
7 15
7 30
7 32
7 33
7 163
7 165
7 102
7 104
7 169
7 42
7 91
7 55
7 121
7 106
7 63
8 129
8 162
8 197
8 134
8 71
8 169
8 106
8 87
8 77
8 80
8 53
8 150
8 23
8 27
8 61
8 181
9 32
9 130
9 197
9 40
9 107
9 12
9 125
9 157
9 50
9 86
9 59
9 28
9 61
9 158
9 63
10 160
10 126
10 99
10 69
10 166
10 124
10 74
10 76
10 101
10 110
10 79
10 113
10 53
10 54
10 119
10 56
10 92
10 138
10 94
10 37
11 33
11 102
11 193
11 44
11 140
11 13
11 47
11 146
11 19
11 52
11 21
11 88
11 90
11 175
11 188
11 157
11 190
12 34
12 40
12 41
12 170
12 175
12 162
12 79
12 48
12 72
12 18
12 147
12 52
12 21
12 54
12 116
12 59
12 29
12 185
12 117
13 129
13 68
13 197
13 134
13 193
13 72
13 76
13 77
13 78
13 144
13 81
13 23
13 153
13 92
13 94
13 101
13 17
13 53
13 118
13 188
13 63
14 194
14 163
14 68
14 166
14 38
14 103
14 136
14 178
14 46
14 16
14 114
14 116
14 142
14 191
14 61
14 95
15 96
15 198
15 99
15 131
15 38
15 102
15 104
15 138
15 103
15 125
15 115
15 21
15 152
15 153
15 93
16 160
16 146
16 158
16 21
16 166
16 129
16 76
16 30
16 31
17 128
17 129
17 98
17 164
17 37
17 165
17 168
17 107
17 110
17 77
17 141
17 83
17 53
17 122
17 59
17 60
17 190
17 63
18 65
18 66
18 161
18 38
18 97
18 119
18 137
18 23
18 135
18 145
18 81
18 55
18 91
18 60
18 190
19 128
19 192
19 83
19 67
19 101
19 134
19 199
19 106
19 157
19 43
19 82
19 115
19 139
19 187
19 150
19 151
19 153
19 175
19 61
20 64
20 67
20 100
20 71
20 168
20 106
20 139
20 172
20 163
20 179
20 167
20 25
20 90
20 27
20 122
20 101
21 192
21 150
21 199
21 136
21 22
21 154
21 155
21 182
21 32
21 99
21 70
21 42
21 45
21 113
21 179
21 117
21 118
21 185
21 122
21 59
21 106
21 190
22 97
22 101
22 41
22 138
22 151
22 172
22 142
22 79
22 144
22 86
22 137
22 56
22 89
22 117
22 29
22 150
22 31
23 131
23 196
23 133
23 193
23 73
23 76
23 77
23 145
23 82
23 86
23 87
23 153
23 154
23 93
23 159
23 97
23 38
23 48
23 105
23 107
23 44
23 112
23 72
23 179
23 117
23 108
23 55
23 120
23 189
24 132
24 113
24 72
24 75
24 140
24 146
24 153
24 94
24 163
24 165
24 39
24 103
24 45
24 175
24 177
24 50
24 179
24 53
24 184
24 186
24 123
24 124
24 181
25 129
25 132
25 69
25 72
25 139
25 140
25 79
25 145
25 147
25 156
25 94
25 165
25 160
25 98
25 166
25 102
25 170
25 197
25 175
25 148
25 122
25 59
26 160
26 198
26 136
26 41
26 79
26 75
26 109
26 110
26 77
26 152
26 82
26 170
26 137
26 56
26 111
26 58
26 27
26 93
26 190
27 192
27 99
27 68
27 197
27 167
27 169
27 79
27 171
27 108
27 110
27 93
27 112
27 51
27 84
27 153
27 59
27 90
27 185
28 134
28 161
28 72
28 105
28 170
28 127
28 46
28 136
28 82
28 41
28 54
28 122
28 118
28 124
28 93
28 150
28 101
29 112
29 99
29 164
29 37
29 167
29 44
29 80
29 172
29 89
29 159
29 60
29 93
29 31
30 195
30 182
30 70
30 43
30 174
30 179
30 53
30 54
30 151
30 90
30 123
30 135
30 95
31 48
31 155
31 36
31 161
31 137
31 170
31 44
31 175
31 93
31 113
31 179
31 84
31 187
31 87
31 88
31 122
31 123
31 94
32 51
32 158
32 133
32 198
32 105
32 161
32 183
32 142
32 79
32 83
32 180
32 164
32 199
32 63
32 188
32 94
32 101
33 128
33 198
33 35
33 69
33 75
33 175
33 78
33 79
33 49
33 146
33 163
33 151
33 90
33 167
33 124
33 93
33 81
34 160
34 66
34 38
34 107
34 146
34 143
34 145
34 82
34 53
34 189
34 120
34 185
34 90
34 58
34 62
35 194
35 101
35 129
35 40
35 199
35 108
35 142
35 144
35 168
35 180
35 54
35 88
35 92
35 158
36 149
36 80
36 139
36 44
36 173
36 190
36 48
36 148
36 85
36 176
36 90
36 92
36 126
36 127
37 179
37 64
37 183
37 153
37 74
37 155
37 161
37 91
37 173
37 111
37 178
37 115
37 116
37 190
37 182
37 55
37 56
37 57
37 61
37 120
38 128
38 132
38 138
38 79
38 83
38 149
38 150
38 88
38 97
38 100
38 169
38 43
38 146
38 174
38 112
38 49
38 117
38 54
38 56
38 185
38 124
38 127
39 86
39 113
39 170
39 71
39 140
39 46
39 81
39 147
39 54
39 151
39 166
39 62
39 127
40 68
40 166
40 135
40 156
40 75
40 77
40 177
40 47
40 49
40 140
40 194
40 87
40 59
40 124
41 196
41 198
41 193
41 140
41 141
41 80
41 145
41 84
41 91
41 95
41 101
41 42
41 47
41 176
41 51
41 184
41 57
41 63
41 62
41 127
42 64
42 43
42 164
42 134
42 65
42 72
42 174
42 79
42 176
42 107
42 150
42 119
42 160
42 122
42 47
42 167
42 63
43 101
43 78
43 47
43 49
43 86
43 56
43 89
43 179
43 191
43 60
43 165
44 80
44 161
44 93
44 48
44 121
44 120
44 89
44 95
45 133
45 66
45 146
45 167
45 169
45 108
45 98
45 142
45 48
45 82
45 53
45 114
45 187
45 154
45 62
46 192
46 129
46 66
46 100
46 156
46 73
46 162
46 107
46 146
46 144
46 114
46 149
46 121
46 59
46 127
47 64
47 98
47 99
47 132
47 101
47 71
47 189
47 179
47 84
47 150
47 137
47 197
47 170
47 95
48 160
48 194
48 69
48 71
48 103
48 125
48 146
48 172
48 121
48 86
48 100
48 175
48 60
48 102
49 193
49 194
49 68
49 74
49 141
49 142
49 144
49 81
49 86
49 94
49 99
49 165
49 172
49 61
49 104
49 181
49 56
49 57
49 188
49 125
50 160
50 171
50 164
50 71
50 138
50 75
50 60
50 112
50 163
50 53
50 199
50 187
50 156
50 158
51 130
51 132
51 166
51 104
51 108
51 162
51 194
51 140
51 52
51 181
51 93
51 63
52 192
52 65
52 83
52 128
52 146
52 131
52 88
52 93
52 158
52 187
52 195
52 170
52 107
52 178
52 112
52 114
52 59
53 197
53 70
53 84
53 85
53 86
53 153
53 154
53 156
53 161
53 166
53 103
53 105
53 107
53 175
53 179
53 169
53 56
53 58
53 188
54 136
54 137
54 135
54 130
54 82
54 195
54 171
54 150
54 57
54 186
54 167
54 61
55 193
55 164
55 70
55 188
55 172
55 78
55 115
55 124
56 130
56 69
56 135
56 77
56 80
56 152
56 149
56 87
56 88
56 92
56 150
56 97
56 163
56 177
56 161
56 144
56 174
56 175
56 178
56 179
56 117
56 182
56 59
56 106
57 98
57 166
57 145
57 139
57 176
57 115
57 180
57 85
57 152
57 89
57 92
57 167
57 181
58 133
58 166
58 72
58 73
58 77
58 110
58 144
58 113
58 115
58 121
58 120
58 89
58 188
58 190
59 130
59 197
59 77
59 82
59 88
59 93
59 95
59 105
59 171
59 109
59 112
59 73
59 116
60 128
60 130
60 131
60 162
60 134
60 135
60 194
60 137
60 140
60 88
60 94
60 95
61 133
61 74
61 75
61 140
61 148
61 142
61 89
61 92
61 99
61 167
61 104
61 119
61 120
61 185
61 62
62 96
62 161
62 164
62 75
62 108
62 142
62 111
62 80
62 113
62 147
62 187
62 176
62 196
62 91
62 199
63 197
63 143
63 82
63 89
63 98
63 103
63 171
63 174
63 125
63 137
63 170
63 190
63 191
64 194
64 132
64 197
64 73
64 138
64 143
64 148
64 85
64 86
64 68
64 154
64 175
64 160
64 162
64 99
64 167
64 173
64 177
64 117
64 183
65 96
65 129
65 131
65 103
65 146
65 112
65 83
65 182
65 119
65 121
65 90
65 123
65 156
65 158
65 191
66 187
66 134
66 104
66 74
66 184
66 116
66 185
66 152
66 153
66 155
66 188
66 191
67 144
67 83
67 197
67 152
67 121
67 170
67 171
67 192
67 159
68 133
68 194
68 78
68 81
68 86
68 88
68 154
68 161
68 164
68 101
68 103
68 173
68 182
68 120
68 189
69 128
69 145
69 80
69 105
69 87
69 129
69 189
69 113
69 121
69 89
69 154
69 187
69 157
69 190
70 128
70 132
70 170
70 136
70 169
70 74
70 76
70 112
70 120
70 84
70 88
70 116
70 90
70 138
70 94
71 128
71 199
71 162
71 142
71 152
71 148
71 85
71 150
71 88
71 89
71 160
71 97
71 98
71 106
71 136
71 117
71 184
71 123
71 125
72 137
72 148
72 90
72 156
72 94
72 159
72 160
72 162
72 174
72 76
72 181
72 121
72 125
73 163
73 199
73 137
73 187
73 110
73 144
73 145
73 195
73 87
73 120
73 153
73 93
74 96
74 145
74 106
74 173
74 102
74 79
75 96
75 165
75 199
75 158
75 190
75 112
75 179
75 85
75 183
75 185
75 188
75 181
76 128
76 194
76 132
76 193
76 151
76 143
76 88
76 89
76 96
76 162
76 163
76 100
76 101
76 106
76 107
76 187
76 118
76 153
76 123
77 155
77 105
77 173
77 109
77 176
77 156
77 116
77 185
77 92
78 102
78 135
78 107
78 174
78 79
78 184
78 167
78 195
78 152
78 164
78 90
78 187
78 157
78 127
79 194
79 196
79 136
79 91
79 158
79 159
79 164
79 182
79 120
79 187
79 190
79 127
80 96
80 129
80 193
80 167
80 140
80 147
80 84
80 186
80 90
81 156
81 193
81 103
81 108
81 142
81 175
81 179
81 118
81 120
81 186
81 92
82 197
82 136
82 140
82 141
82 142
82 143
82 83
82 85
82 158
82 97
82 194
82 174
82 112
82 180
82 119
82 190
83 195
83 131
83 198
83 166
83 174
83 176
83 181
83 183
83 123
83 124
83 157
83 133
84 149
84 112
84 139
84 132
84 119
84 108
84 164
84 192
84 87
84 127
84 137
84 183
85 128
85 163
85 193
85 146
85 190
85 92
85 93
85 181
86 96
86 97
86 140
86 173
86 174
86 143
86 146
86 193
86 116
86 183
86 167
87 135
87 183
87 184
87 147
87 92
87 94
87 165
87 199
87 172
87 177
87 114
87 185
87 119
87 121
87 187
88 198
88 132
88 163
88 121
88 175
88 92
88 96
88 100
88 111
88 180
88 178
88 116
88 126
89 193
89 107
89 131
89 187
89 173
89 164
89 123
89 122
89 103
90 198
90 131
90 196
90 149
90 150
90 165
90 174
90 176
90 113
90 123
90 126
91 129
91 98
91 187
91 195
91 139
91 111
91 147
91 148
91 158
91 182
91 137
91 179
91 125
92 187
92 175
92 194
92 171
92 190
92 131
92 111
92 95
93 194
93 186
93 198
93 141
93 144
93 147
93 95
93 96
93 101
93 102
93 107
93 122
93 126
94 128
94 96
94 133
94 150
94 156
94 166
94 167
94 109
94 184
94 121
94 136
94 123
94 191
95 135
95 124
95 150
95 111
95 191
95 101
95 104
95 171
95 173
95 110
95 115
95 187
95 182
95 121
95 123
95 127
96 197
96 195
96 132
96 156
96 164
96 101
96 103
96 105
96 106
96 167
96 175
96 181
96 124
96 189
96 191
97 161
97 102
97 114
97 173
97 178
97 120
97 175
97 150
97 127
98 176
98 131
98 165
98 137
98 135
98 141
98 117
99 131
99 168
99 175
99 110
99 144
99 143
99 115
99 169
99 117
100 112
100 162
100 163
100 171
100 110
100 154
100 155
100 125
101 194
101 182
101 161
101 173
101 110
101 115
101 138
101 159
101 188
101 125
101 126
102 197
102 164
102 165
102 105
102 174
102 175
102 145
102 142
102 151
102 125
102 158
102 149
103 133
103 134
103 173
103 182
103 159
104 150
104 105
104 159
104 126
105 135
105 143
105 159
105 163
105 110
105 111
105 119
105 120
105 123
105 125
105 181
106 192
106 197
106 137
106 176
106 184
106 182
106 169
106 122
106 170
107 171
107 198
107 135
107 178
107 111
107 140
107 147
107 137
108 133
108 161
108 139
108 189
108 146
108 187
108 118
108 180
108 167
108 182
109 130
109 131
109 132
109 173
109 145
109 114
109 195
109 181
109 151
109 164
109 123
110 128
110 136
110 144
110 156
110 186
110 158
110 168
110 176
110 177
110 114
110 181
110 187
111 193
111 138
111 175
111 116
111 117
111 183
111 121
112 198
112 167
112 119
112 169
112 163
112 181
112 121
112 165
113 150
113 158
113 161
113 170
113 174
113 176
113 179
113 116
113 119
113 185
113 186
113 187
113 127
114 162
114 136
114 161
114 144
114 141
114 152
114 120
114 116
114 169
115 128
115 129
115 147
115 135
115 188
115 138
115 183
115 144
115 157
115 118
115 154
115 158
116 150
116 139
116 141
116 131
116 148
116 153
116 187
116 164
116 177
116 169
116 121
117 129
117 145
117 146
117 148
117 151
117 156
117 159
117 165
117 167
117 174
117 177
117 185
118 189
118 120
118 152
118 157
118 127
119 132
119 198
119 136
119 176
119 144
119 190
119 180
119 158
120 182
120 138
120 139
120 188
120 156
120 165
120 170
120 174
120 123
120 124
120 126
121 192
121 144
121 145
121 188
121 148
121 174
121 150
121 175
121 133
121 163
121 161
121 179
121 124
122 132
122 165
122 135
122 123
123 196
123 144
123 149
123 153
123 160
123 164
123 166
123 178
123 169
124 182
124 134
124 194
124 128
124 146
124 150
124 155
125 198
125 187
125 138
125 145
125 178
125 164
126 130
126 131
126 133
126 171
126 141
126 179
126 182
126 187
127 135
127 147
127 149
127 174
127 172
127 175
127 180
127 185
128 171
128 187
129 194
129 131
129 168
129 193
129 184
129 186
129 133
130 162
130 170
130 171
130 145
130 156
131 140
131 144
131 188
131 193
131 199
131 176
131 181
131 183
131 185
132 194
132 140
132 144
132 148
132 186
132 159
132 198
132 167
132 181
133 164
133 138
133 158
133 141
133 177
133 185
134 136
134 135
134 140
134 141
134 180
134 150
134 151
134 155
134 157
134 158
135 162
135 145
135 150
135 152
135 156
135 163
135 158
136 182
136 140
136 141
136 150
136 155
136 169
136 173
136 186
137 160
137 164
137 195
137 148
138 192
138 139
138 145
138 148
138 149
138 151
138 156
138 160
138 171
138 180
138 185
138 186
139 175
139 176
139 152
139 181
139 153
139 170
139 159
140 179
140 195
140 160
140 162
140 164
140 177
140 178
140 184
140 190
141 147
141 197
141 160
141 164
141 165
141 167
141 171
141 176
141 187
141 190
142 168
142 176
143 164
143 173
143 177
143 180
143 178
143 153
143 157
144 178
144 166
144 167
144 168
144 177
144 173
145 192
145 147
145 148
145 152
145 154
145 175
145 164
145 166
146 196
146 198
146 152
146 176
146 149
147 179
147 168
147 174
147 153
147 152
148 192
148 195
148 159
148 160
148 167
148 199
148 178
148 191
149 161
149 168
149 164
149 198
149 186
150 196
150 160
150 187
150 166
150 181
150 159
151 175
151 170
151 157
152 192
152 172
152 181
152 153
152 183
153 192
153 167
153 171
153 175
153 177
153 178
153 190
154 193
154 162
154 167
154 174
154 180
154 186
154 185
155 199
155 172
155 157
155 158
156 163
156 182
157 198
157 182
158 194
158 161
158 189
159 193
159 166
159 183
159 195
159 175
159 165
160 167
160 190
161 195
161 183
162 176
162 196
163 166
163 197
164 193
164 173
165 178
166 168
167 193
167 192
167 169
167 178
168 192
168 186
169 192
169 194
169 176
169 179
169 190
170 197
170 199
170 178
170 185
171 174
172 182
172 199
172 196
172 181
172 180
173 175
173 194
173 195
174 197
174 186
175 180
175 189
176 180
177 193
177 178
177 195
177 180
177 186
178 195
178 193
179 182
180 191
180 182
181 188
183 187
183 189
183 199
184 195
184 199
185 198
185 190
187 188
188 199
188 196
189 191
195 196
