0 129
0 66
0 196
0 70
0 104
0 74
0 162
0 13
0 141
0 52
0 117
0 170
0 157
0 181
1 129
1 98
1 68
1 7
1 108
1 13
1 111
1 18
1 83
1 20
1 23
1 180
1 175
2 129
2 68
2 181
2 199
2 141
2 142
2 84
2 196
2 23
2 25
2 26
2 95
2 36
2 37
2 39
2 104
2 106
2 167
2 176
2 178
2 51
2 117
2 121
2 58
2 31
2 124
2 127
3 192
3 129
3 99
3 39
3 168
3 105
3 183
3 140
3 15
3 50
3 35
3 119
3 154
3 175
3 156
3 94
4 129
4 68
4 22
4 134
4 71
4 80
4 83
4 84
4 150
4 88
4 26
4 28
4 159
4 162
4 100
4 38
4 39
4 169
4 178
4 114
4 51
4 53
4 118
4 119
4 61
4 190
5 32
5 33
5 99
5 163
5 38
5 199
5 156
5 10
5 191
5 174
5 143
5 128
5 148
5 169
5 24
5 79
5 124
5 159
6 192
6 151
6 99
6 199
6 124
6 42
6 75
6 76
6 13
6 111
6 16
6 148
6 30
6 150
6 87
6 143
6 28
6 94
6 159
7 192
7 86
7 134
7 193
7 136
7 10
7 151
7 79
7 146
7 150
7 23
7 91
7 94
7 32
7 97
7 41
7 107
7 172
7 57
7 58
7 125
8 192
8 193
8 68
8 70
8 136
8 74
8 143
8 17
8 18
8 22
8 87
8 89
8 26
8 155
8 30
8 81
8 37
8 39
8 168
8 41
8 107
8 52
8 118
8 58
9 64
9 128
9 187
9 68
9 166
9 113
9 15
9 103
9 143
9 14
9 111
9 49
9 148
9 53
9 118
9 79
9 167
9 30
10 128
10 160
10 155
10 196
10 44
10 106
10 135
10 12
10 143
10 50
10 19
10 57
10 121
10 91
10 28
11 64
11 195
11 132
11 101
11 38
11 145
11 105
11 140
11 45
11 143
11 113
11 156
11 89
11 26
11 28
11 126
11 159
12 51
12 195
12 196
12 37
12 146
12 156
12 44
12 109
12 79
12 173
12 82
12 19
12 57
12 92
12 126
13 171
13 164
13 32
13 72
13 73
13 135
13 44
13 146
13 144
13 18
13 172
13 116
13 178
13 137
13 25
13 60
14 65
14 196
14 197
14 70
14 71
14 43
14 143
14 151
14 78
14 15
14 16
14 51
14 53
14 119
14 56
14 137
14 91
14 124
14 157
14 63
15 128
15 194
15 173
15 19
15 25
15 153
15 29
15 31
15 33
15 35
15 102
15 167
15 104
15 41
15 106
15 109
15 47
15 189
15 179
15 190
15 59
15 170
15 62
15 191
16 64
16 129
16 196
16 133
16 199
16 139
16 76
16 142
16 146
16 86
16 151
16 91
16 28
16 30
16 160
16 162
16 36
16 134
16 103
16 169
16 43
16 21
16 60
16 85
17 65
17 67
17 73
17 78
17 145
17 146
17 83
17 148
17 23
17 154
17 91
17 185
17 95
17 160
17 37
17 103
17 41
17 44
17 118
17 119
17 56
17 121
17 159
17 124
17 190
18 132
18 99
18 68
18 101
18 33
18 131
18 71
18 172
18 141
18 152
18 19
18 180
18 53
18 88
18 57
18 155
18 125
18 165
19 132
19 133
19 38
19 135
19 43
19 109
19 52
19 53
19 22
19 90
19 91
19 188
19 29
19 94
20 197
20 135
20 136
20 73
20 139
20 148
20 150
20 87
20 90
20 96
20 35
20 166
20 105
20 42
20 199
20 109
20 53
20 185
20 186
20 187
20 189
21 129
21 195
21 133
21 135
21 72
21 55
21 77
21 142
21 24
21 150
21 88
21 179
21 93
21 159
21 199
21 172
21 178
21 112
21 114
21 51
21 116
21 119
21 185
21 63
21 127
22 65
22 132
22 75
22 76
22 173
22 111
22 84
22 54
22 52
22 90
22 124
22 122
22 30
22 95
23 67
23 76
23 74
23 183
23 140
23 194
23 146
23 85
23 150
23 157
23 99
23 165
23 172
23 93
23 180
23 49
23 115
23 52
23 119
23 57
23 122
23 125
24 195
24 72
24 147
24 148
24 46
24 150
24 88
24 94
24 31
24 97
24 165
24 110
24 174
24 189
24 117
24 54
24 55
24 184
24 186
24 95
24 53
24 127
25 64
25 196
25 197
25 136
25 137
25 78
25 79
25 144
25 149
25 157
25 159
25 32
25 33
25 101
25 39
25 104
25 42
25 167
25 109
25 47
25 49
25 119
25 189
26 160
26 65
26 98
26 70
26 129
26 193
26 34
26 142
26 47
26 173
26 180
26 118
26 121
26 154
26 29
26 190
26 101
27 32
27 129
27 98
27 99
27 166
27 39
27 41
27 107
27 76
27 77
27 174
27 143
27 82
27 52
27 117
27 183
27 184
27 192
27 167
27 158
28 66
28 135
28 76
28 84
28 156
28 94
28 95
28 96
28 162
28 164
28 92
28 106
28 107
28 109
28 46
28 182
28 120
28 59
28 61
29 65
29 175
29 131
29 147
29 69
29 38
29 77
29 110
29 61
29 49
29 178
29 158
29 118
29 151
29 90
29 92
29 62
30 66
30 150
30 151
30 87
30 91
30 32
30 33
30 36
30 102
30 38
30 106
30 43
30 172
30 72
30 181
30 58
30 190
31 193
31 133
31 54
31 141
31 184
31 45
31 144
31 152
31 147
31 94
31 161
31 91
31 41
31 173
31 174
31 178
31 83
31 118
31 120
31 63
32 65
32 198
32 139
32 143
32 77
32 142
32 82
32 87
32 164
32 100
32 193
32 107
32 44
32 110
32 47
32 153
32 188
32 189
33 138
33 190
33 86
33 87
33 79
33 156
33 93
33 158
33 197
33 34
33 35
33 105
33 174
33 47
33 50
33 116
33 56
33 186
33 153
34 130
34 67
34 147
34 163
34 102
34 129
34 72
34 169
34 44
34 173
34 80
34 83
34 52
34 195
34 165
35 134
35 102
35 181
35 113
35 178
35 149
35 54
35 148
35 92
35 93
35 166
36 192
36 97
36 101
36 166
36 104
36 172
36 42
36 44
36 130
36 141
36 113
36 178
36 179
36 84
36 149
36 116
36 90
36 61
37 64
37 172
37 163
37 196
37 71
37 41
37 75
37 46
37 82
37 83
37 52
37 187
37 192
37 190
38 129
38 131
38 134
38 73
38 146
38 151
38 155
38 159
38 164
38 101
38 170
38 109
38 174
38 47
38 183
38 181
38 118
38 55
38 120
38 123
38 125
39 73
39 139
39 77
39 84
39 86
39 153
39 88
39 158
39 165
39 96
39 100
39 101
39 41
39 48
39 116
39 54
39 55
39 186
39 188
39 169
40 128
40 163
40 69
40 73
40 109
40 78
40 47
40 51
40 181
40 87
40 156
40 125
40 126
40 159
41 65
41 195
41 68
41 150
41 78
41 81
41 82
41 147
41 86
41 88
41 91
41 176
41 165
41 102
41 171
41 108
41 109
41 48
41 177
41 50
41 116
41 54
41 183
41 121
41 61
42 67
42 68
42 135
42 169
42 106
42 139
42 159
42 142
42 143
42 43
42 196
42 187
42 56
42 155
42 157
43 64
43 65
43 155
43 133
43 166
43 103
43 176
43 79
43 49
43 187
43 199
43 89
43 122
43 91
43 188
44 160
44 67
44 93
44 75
44 81
44 131
44 90
44 157
44 94
44 171
44 174
44 175
44 147
44 188
44 125
45 64
45 96
45 131
45 163
45 199
45 192
45 174
45 93
45 80
45 81
45 114
45 147
45 139
45 149
45 86
45 151
45 58
45 182
45 125
46 198
46 72
46 169
46 174
46 80
46 168
46 147
46 180
46 119
46 137
46 123
47 160
47 66
47 132
47 133
47 138
47 173
47 157
47 158
47 159
47 95
47 109
47 111
47 94
47 182
47 55
47 59
47 127
48 66
48 68
48 69
48 72
48 172
48 80
48 188
48 92
48 157
48 98
48 99
48 107
48 108
48 110
48 112
48 177
48 105
48 124
48 62
48 127
49 161
49 162
49 68
49 185
49 102
49 103
49 74
49 190
49 174
49 125
49 116
49 53
49 94
50 130
50 69
50 97
50 104
50 80
50 51
50 54
50 151
50 88
50 122
50 59
50 125
51 193
51 134
51 90
51 156
51 123
51 170
51 109
51 177
51 115
51 182
51 184
51 187
51 60
51 189
51 191
52 192
52 167
52 91
52 180
52 149
52 119
52 54
52 151
52 126
52 197
53 129
53 194
53 195
53 182
53 199
53 136
53 80
53 196
53 159
53 197
53 174
53 176
53 62
53 54
53 119
53 56
53 124
53 125
53 126
54 172
54 192
54 67
54 135
54 73
54 138
54 143
54 144
54 85
54 153
54 89
54 155
54 166
54 168
54 108
54 115
54 118
54 120
54 63
54 60
54 127
55 129
55 132
55 101
55 72
55 177
55 103
55 140
55 168
55 148
55 117
55 118
55 71
55 143
55 61
56 194
56 163
56 134
56 171
56 157
56 141
56 93
56 112
56 86
56 152
56 186
56 59
56 74
56 191
57 96
57 129
57 162
57 123
57 161
57 71
57 76
57 114
57 110
57 79
57 84
57 181
57 137
57 91
57 199
58 97
58 100
58 133
58 198
58 138
58 190
58 78
58 111
58 142
58 118
58 183
58 196
58 92
58 157
58 149
59 128
59 194
59 137
59 140
59 78
59 83
59 85
59 87
59 156
59 158
59 95
59 99
59 168
59 108
59 117
59 190
59 60
59 189
59 62
60 192
60 65
60 162
60 67
60 100
60 133
60 194
60 79
60 181
60 184
60 185
60 156
60 94
61 133
61 100
61 121
61 106
61 87
61 112
61 177
61 84
61 181
61 88
62 96
62 66
62 136
62 108
62 78
62 145
62 116
62 151
62 152
62 123
63 149
63 100
63 182
63 166
63 72
63 76
63 82
63 180
63 87
63 132
63 94
63 126
64 65
64 130
64 67
64 196
64 135
64 74
64 76
64 142
64 173
64 85
64 154
64 92
64 157
64 97
64 163
64 193
64 175
64 182
64 119
64 189
64 149
65 128
65 194
65 195
65 196
65 75
65 140
65 141
65 79
65 149
65 88
65 173
65 125
65 126
66 197
66 67
66 69
66 70
66 72
66 172
66 108
66 174
66 115
66 179
66 195
67 100
67 102
67 140
67 139
67 77
67 156
67 172
67 117
67 196
67 191
67 130
68 198
68 134
68 81
68 143
68 144
68 148
68 150
68 185
68 138
69 105
69 151
69 114
69 190
69 83
69 85
69 73
69 153
69 155
69 92
69 158
70 132
70 101
70 136
70 98
70 176
70 178
70 184
70 164
70 168
71 131
71 198
71 177
71 196
71 75
71 113
71 83
71 149
71 90
71 191
71 122
71 95
72 139
72 91
72 156
72 157
72 164
72 101
72 105
72 112
72 177
72 116
72 117
72 185
72 123
72 188
72 190
73 196
73 134
73 80
73 150
73 92
73 81
73 162
73 163
73 164
73 166
73 169
73 173
73 113
73 148
73 122
73 102
74 130
74 131
74 196
74 135
74 160
74 108
74 77
74 80
75 194
75 99
75 86
75 129
75 172
75 107
75 197
75 95
75 127
76 130
76 99
76 118
76 105
76 194
76 145
76 114
76 123
76 154
77 96
77 199
77 141
77 82
77 187
77 182
77 186
77 90
77 123
77 156
77 190
77 159
78 194
78 131
78 196
78 143
78 82
78 87
78 155
78 95
78 162
78 191
78 172
78 178
78 174
78 114
78 180
78 120
78 126
78 127
79 166
79 104
79 144
79 112
79 105
79 154
79 157
79 158
80 149
80 195
80 140
80 98
80 145
80 148
80 87
80 152
80 155
80 106
80 172
80 110
80 111
80 182
80 137
80 184
80 123
80 125
80 85
81 128
81 181
81 162
81 167
81 107
81 140
81 174
81 178
81 148
81 117
81 187
81 109
81 159
82 128
82 160
82 147
82 148
82 156
82 93
82 158
82 159
82 165
82 162
82 106
82 107
82 172
82 112
82 120
83 192
83 134
83 147
83 88
83 89
83 93
83 158
83 99
83 106
83 175
83 94
83 122
83 187
83 188
84 176
84 187
84 150
84 134
84 169
84 139
84 140
84 162
84 144
84 184
84 166
84 95
85 97
85 182
85 133
85 161
85 109
85 174
85 180
85 121
85 166
85 189
85 127
86 96
86 131
86 100
86 133
86 198
86 108
86 177
86 152
86 180
86 137
86 184
86 176
86 197
87 195
87 144
87 145
87 149
87 91
87 170
87 174
87 178
87 116
87 117
87 184
87 121
88 197
88 136
88 106
88 167
88 140
88 111
88 168
88 185
88 132
88 154
88 94
89 144
89 131
89 102
89 161
89 138
89 109
89 174
89 112
90 160
90 182
90 161
90 113
90 178
90 116
90 153
90 124
91 96
91 196
91 163
91 113
91 105
91 158
91 120
92 138
92 151
92 152
92 93
92 94
92 100
92 105
92 106
92 112
92 140
92 118
92 122
92 127
93 151
93 162
93 97
93 156
93 138
93 107
93 174
93 148
93 121
94 185
94 153
94 161
94 131
94 102
94 103
94 168
94 124
94 109
94 121
95 150
95 138
95 194
95 115
95 116
95 148
96 160
96 129
96 130
96 155
96 143
96 176
96 177
96 158
96 118
96 151
96 197
97 194
97 156
97 109
97 112
97 145
97 148
97 150
97 122
97 187
97 124
97 159
98 130
98 155
98 132
98 166
98 109
98 110
98 141
98 173
98 114
98 163
98 148
98 187
98 152
98 196
99 194
99 144
99 150
99 160
99 131
99 101
99 103
99 104
99 105
99 107
99 113
99 182
99 123
99 190
100 146
100 163
100 165
100 172
100 173
100 113
100 179
100 190
100 119
100 184
100 187
100 126
101 197
101 199
101 142
101 157
101 102
101 107
101 108
101 110
101 184
101 186
101 119
101 127
102 129
102 194
102 133
102 198
102 145
102 148
102 154
102 170
102 177
102 178
102 137
103 161
103 166
103 136
103 106
103 146
103 187
103 199
103 117
103 168
103 188
103 183
103 195
104 131
104 198
104 199
104 136
104 137
104 145
104 146
104 173
104 154
104 159
104 161
104 166
104 107
104 114
104 183
104 184
104 189
105 192
105 194
105 124
105 175
105 155
105 143
105 133
106 196
106 199
106 137
106 139
106 141
106 150
106 165
106 166
106 168
106 107
106 182
107 130
107 138
107 140
107 145
107 155
107 159
107 110
107 179
108 123
108 136
108 183
108 159
108 175
108 179
108 148
108 190
108 119
108 182
109 137
109 166
109 112
109 180
109 189
109 126
110 128
110 195
110 196
110 134
110 192
110 141
110 145
110 155
110 159
111 162
111 150
111 172
111 169
111 152
111 184
111 186
112 162
112 194
112 117
113 128
113 160
113 163
113 168
113 177
113 158
114 128
114 138
114 189
114 146
114 179
114 155
114 170
114 181
115 161
115 131
115 132
115 182
115 134
115 168
115 119
115 145
115 180
115 147
115 153
115 155
115 195
115 190
116 133
116 138
116 177
116 190
116 178
116 193
116 118
116 117
117 196
117 198
117 138
117 194
117 148
117 161
117 118
117 188
117 125
118 192
118 194
118 199
118 147
118 158
118 162
118 164
118 171
118 119
118 180
119 181
119 198
119 142
119 152
119 168
119 191
119 177
119 183
119 123
120 194
120 163
120 134
120 137
120 139
120 140
120 197
120 126
121 132
121 183
121 140
121 194
121 172
121 124
122 188
122 144
122 177
122 153
122 187
122 167
123 129
123 199
123 136
123 154
123 155
124 192
124 171
124 174
124 148
124 185
124 187
124 165
124 159
125 132
125 172
125 144
125 142
125 127
125 188
125 189
125 158
126 163
126 138
127 133
127 165
127 164
127 134
127 130
127 152
127 197
128 134
128 150
128 164
128 198
128 167
128 171
128 186
128 189
128 190
128 191
129 133
129 140
129 145
129 148
129 132
129 165
129 160
129 186
130 169
130 189
131 195
131 139
131 145
131 142
131 175
131 180
131 181
131 189
131 149
132 135
132 157
132 145
132 167
133 140
133 145
133 150
133 154
133 175
133 187
134 145
134 149
134 156
134 158
134 160
134 162
134 196
134 171
134 175
134 177
135 160
135 167
135 192
135 176
135 152
135 181
136 161
136 163
136 141
136 186
137 198
137 182
137 142
137 140
137 189
138 145
138 152
139 161
139 199
139 181
139 156
140 147
140 148
140 171
140 161
140 163
140 172
140 189
141 195
141 165
141 193
141 144
141 154
142 172
142 187
143 146
143 154
143 166
143 173
143 175
143 177
143 178
144 193
144 194
144 198
144 177
144 169
144 151
144 157
144 179
145 147
145 196
145 152
145 153
145 154
145 178
145 180
145 183
145 189
146 192
146 161
146 155
147 179
147 176
147 183
147 156
148 165
148 168
148 197
148 191
149 187
149 186
149 185
150 196
150 154
150 197
150 198
150 182
151 193
151 190
151 173
151 199
151 172
151 181
151 183
151 191
152 192
152 161
152 184
152 158
153 196
153 198
153 170
153 186
154 164
154 158
154 166
155 194
155 191
155 174
155 178
155 184
156 182
157 195
157 159
157 176
157 166
157 171
157 182
157 183
158 195
158 165
158 179
158 183
158 190
158 191
159 171
159 177
159 167
159 189
159 190
159 181
160 192
160 189
160 185
161 197
162 165
162 193
162 188
162 197
163 195
163 166
163 177
163 184
163 190
164 177
164 188
164 184
165 171
165 176
165 186
166 176
166 177
166 191
167 180
167 198
167 175
168 188
169 192
169 171
169 178
169 176
169 186
169 199
169 191
170 179
171 197
172 185
173 191
173 189
173 185
174 194
174 180
175 193
175 189
175 191
176 189
176 177
176 178
177 189
177 181
178 193
178 194
179 192
179 197
181 193
181 198
181 187
182 197
182 199
183 192
184 190
185 193
185 190
185 189
186 196
187 194
188 192
189 192
190 192
193 199
194 198
197 198
