0 130
0 67
0 134
0 135
0 12
0 13
0 18
0 87
0 24
0 90
0 155
0 93
0 97
0 103
0 104
0 105
0 110
0 112
0 113
0 114
0 116
0 54
0 183
0 123
0 188
0 125
1 198
1 134
1 8
1 9
1 74
1 75
1 79
1 20
1 153
1 91
1 93
1 94
1 101
1 109
1 46
1 47
1 112
1 49
1 116
1 181
1 54
1 119
1 61
2 64
2 194
2 3
2 68
2 70
2 139
2 184
2 82
2 67
2 22
2 24
2 93
2 34
2 100
2 101
2 105
2 171
2 47
2 183
2 120
2 58
2 188
2 189
3 32
3 128
3 195
3 69
3 102
3 40
3 74
3 184
3 114
3 153
3 152
3 89
3 58
4 68
4 43
4 175
4 176
4 145
4 114
4 20
4 21
4 184
4 164
4 91
4 124
4 61
4 126
4 149
5 35
5 68
5 133
5 198
5 7
5 9
5 199
5 110
5 112
5 81
5 163
5 53
5 150
5 151
5 184
5 37
5 95
6 160
6 194
6 91
6 37
6 198
6 8
6 54
6 107
6 82
6 14
6 145
6 18
6 174
6 22
6 184
6 59
6 191
7 192
7 161
7 83
7 99
7 167
7 8
7 124
7 138
7 18
7 82
7 110
7 174
7 176
7 136
7 50
7 19
7 117
7 54
7 87
7 92
8 128
8 23
8 79
8 81
8 110
8 22
8 151
8 27
8 157
8 101
8 109
8 46
8 175
8 176
8 177
8 52
8 121
8 57
8 60
8 126
8 63
9 131
9 10
9 14
9 83
9 22
9 88
9 25
9 92
9 93
9 197
9 98
9 169
9 109
9 174
9 61
9 116
9 119
9 52
9 125
9 126
10 69
10 134
10 28
10 144
10 17
10 86
10 151
10 152
10 89
10 90
10 92
10 58
10 198
10 39
10 41
10 43
10 112
10 113
10 178
10 153
10 122
10 62
10 63
11 187
11 198
11 137
11 76
11 28
11 48
11 18
11 174
11 55
11 24
11 31
11 92
11 189
11 30
11 95
12 64
12 132
12 101
12 40
12 108
12 13
12 174
12 48
12 24
12 83
12 116
12 150
12 153
12 56
12 88
12 26
12 188
12 122
13 192
13 98
13 134
13 73
13 119
13 112
13 179
13 22
13 55
13 57
14 131
14 196
14 133
14 70
14 71
14 75
14 126
14 142
14 146
14 83
14 20
14 151
14 156
14 159
14 160
14 161
14 163
14 164
14 165
14 92
14 53
14 119
14 121
14 58
14 187
14 125
14 134
15 34
15 131
15 198
15 71
15 199
15 94
15 50
15 16
15 49
15 18
15 20
15 85
15 56
15 116
15 186
15 184
15 61
15 30
16 96
16 162
16 139
16 101
16 105
16 74
16 75
16 138
16 45
16 142
16 172
16 21
16 22
16 56
16 61
16 150
16 69
17 195
17 199
17 73
17 146
17 147
17 152
17 154
17 91
17 32
17 97
17 36
17 37
17 104
17 41
17 106
17 108
17 181
17 169
17 57
17 127
17 74
17 191
18 66
18 171
18 133
18 140
18 146
18 20
18 149
18 154
18 27
18 93
18 94
18 35
18 36
18 105
18 71
18 108
18 110
18 115
18 52
18 118
18 59
18 125
19 192
19 65
19 133
19 198
19 136
19 76
19 143
19 81
19 27
19 94
19 69
19 34
19 36
19 170
19 47
19 181
19 118
19 184
19 95
19 125
19 63
20 96
20 98
20 171
20 65
20 136
20 167
20 46
20 110
20 26
20 190
20 159
21 192
21 198
21 71
21 183
21 82
21 86
21 90
21 92
21 29
21 95
21 36
21 165
21 106
21 43
21 172
21 113
21 52
21 190
21 182
21 55
21 121
21 122
21 189
21 62
21 127
22 140
22 66
22 112
22 86
22 25
22 152
22 89
22 143
22 93
22 95
22 97
22 37
22 40
22 41
22 43
22 47
22 48
22 115
22 62
22 63
23 112
23 100
23 98
23 83
23 36
23 57
23 41
23 26
23 170
23 47
24 197
24 199
24 140
24 194
24 77
24 152
24 156
24 158
24 163
24 102
24 103
24 41
24 107
24 114
24 52
24 119
24 56
24 180
24 191
25 128
25 172
25 195
25 42
25 159
25 45
25 77
25 176
25 177
25 147
25 84
25 119
25 184
25 58
25 143
25 188
25 61
25 31
26 144
26 99
26 132
26 197
26 166
26 135
26 104
26 87
26 112
26 136
26 35
26 29
27 128
27 160
27 194
27 131
27 69
27 198
27 71
27 72
27 138
27 86
27 165
27 96
27 36
27 37
27 166
27 43
27 173
27 110
27 176
27 118
27 57
27 63
28 194
28 131
28 54
28 71
28 143
28 83
28 84
28 156
28 30
28 162
28 36
28 38
28 103
28 170
28 171
28 51
28 182
28 188
28 42
28 127
29 171
29 99
29 199
29 72
29 105
29 42
29 107
29 191
29 189
29 136
29 115
29 84
29 119
29 89
29 187
29 93
29 126
29 95
30 163
30 134
30 104
30 137
30 109
30 176
30 82
30 51
30 117
30 150
30 152
30 79
30 158
30 63
31 172
31 144
31 182
31 134
31 105
31 107
31 140
31 110
31 80
31 113
31 147
31 46
31 86
31 41
31 137
31 59
31 189
31 94
32 149
32 65
32 194
32 131
32 70
32 81
32 124
32 42
32 107
32 109
32 190
32 144
32 83
32 116
32 85
32 119
32 92
32 158
32 117
33 36
33 165
33 199
33 104
33 156
33 119
33 77
33 143
33 50
33 148
33 62
33 87
33 59
33 60
33 93
33 94
34 129
34 164
34 102
34 39
34 73
34 71
34 113
34 52
34 87
34 88
34 55
34 90
34 183
34 153
35 97
35 148
35 114
35 45
35 110
35 79
35 145
35 147
35 52
35 85
35 89
35 90
35 143
35 60
35 197
36 192
36 171
36 197
36 134
36 135
36 137
36 141
36 81
36 157
36 95
36 160
36 59
36 43
36 44
36 174
36 50
36 187
36 119
36 121
36 123
37 179
37 59
37 196
37 177
37 118
37 127
38 193
38 71
38 73
38 167
38 47
38 144
38 50
38 179
38 84
38 117
38 86
38 180
38 156
38 62
39 65
39 131
39 132
39 199
39 55
39 142
39 79
39 146
39 149
39 143
39 158
39 97
39 91
39 166
39 102
39 108
39 175
39 51
39 117
39 119
39 185
39 60
39 125
39 190
40 192
40 132
40 197
40 73
40 78
40 143
40 131
40 155
40 96
40 101
40 168
40 41
40 174
40 189
40 112
40 140
40 53
40 54
40 183
40 56
40 58
40 187
40 125
41 51
41 180
41 150
41 135
41 105
41 183
41 175
41 144
41 115
41 116
41 104
41 127
41 182
42 65
42 194
42 99
42 100
42 198
42 71
42 139
42 108
42 189
42 192
42 185
42 85
42 55
42 88
42 158
43 161
43 72
43 75
43 144
43 81
43 148
43 153
43 158
43 84
43 97
43 199
43 46
43 189
43 119
43 121
43 123
43 61
43 85
44 193
44 162
44 134
44 70
44 167
44 72
44 73
44 141
44 104
44 178
44 181
44 86
44 88
44 121
44 152
44 63
44 166
44 127
45 192
45 130
45 164
45 134
45 113
45 168
45 76
45 175
45 81
45 84
45 86
45 121
45 154
45 180
45 190
46 148
46 134
46 71
46 105
46 112
46 48
46 104
46 83
46 142
46 88
46 89
46 90
46 181
46 199
47 131
47 69
47 129
47 188
47 172
47 173
47 174
47 80
47 145
47 114
47 179
47 159
47 182
47 65
48 195
48 198
48 144
48 56
48 146
48 87
48 90
48 156
48 157
48 80
48 99
48 102
48 172
48 54
48 120
48 185
48 188
48 125
49 128
49 131
49 70
49 103
49 161
49 159
49 143
49 147
49 116
49 86
49 151
49 184
49 172
49 190
49 127
50 195
50 169
50 75
50 147
50 149
50 151
50 68
50 156
50 62
51 64
51 65
51 130
51 100
51 72
51 74
51 75
51 175
51 177
51 148
51 170
51 57
51 125
51 95
52 132
52 69
52 198
52 142
52 83
52 158
52 100
52 166
52 104
52 170
52 107
52 111
52 112
52 123
52 187
53 64
53 165
53 155
53 100
53 198
53 188
53 108
53 141
53 111
53 189
53 85
53 86
53 88
53 57
53 59
53 60
53 125
53 101
54 100
54 69
54 96
54 138
54 147
54 129
54 79
54 146
54 142
54 85
54 175
54 93
54 158
54 117
55 96
55 192
55 162
55 101
55 70
55 72
55 73
55 158
55 77
55 146
55 135
55 156
55 60
55 170
55 94
56 66
56 101
56 124
56 143
56 147
56 149
56 185
56 121
56 59
56 92
56 125
56 127
57 64
57 68
57 119
57 140
57 116
57 148
57 136
57 91
57 183
58 164
58 165
58 167
58 98
58 94
58 62
59 129
59 130
59 199
59 137
59 76
59 79
59 151
59 100
59 159
59 168
59 172
59 140
59 118
59 122
60 102
60 199
60 77
60 174
60 180
60 90
60 157
60 63
61 133
61 193
61 80
61 141
61 145
61 86
61 88
61 68
61 124
61 197
62 70
62 71
62 72
62 73
62 75
62 183
62 177
62 179
62 137
62 95
62 124
62 118
62 134
62 63
63 129
63 131
63 199
63 87
63 76
63 86
63 151
63 88
63 93
63 159
63 100
63 173
63 189
63 185
63 122
63 124
63 138
64 160
64 179
64 135
64 136
64 143
64 145
64 83
64 151
64 159
64 96
64 161
64 103
64 170
64 108
64 174
64 177
64 119
64 120
64 122
64 188
65 98
65 102
65 160
65 175
65 79
65 151
65 120
65 185
65 90
65 95
66 193
66 199
66 72
66 139
66 145
66 147
66 84
66 88
66 155
66 92
66 161
66 100
66 173
66 111
66 177
66 117
66 119
66 148
66 123
66 183
67 163
67 165
67 134
67 108
67 140
67 77
67 80
67 177
67 147
67 126
67 88
67 187
67 158
68 193
68 102
68 168
68 109
68 174
68 111
68 155
69 132
69 100
69 118
69 180
69 109
69 110
69 115
69 147
69 87
69 84
69 122
69 188
69 133
70 133
70 134
70 71
70 172
70 149
70 154
70 91
70 97
70 100
70 165
70 103
70 168
70 105
70 110
70 190
70 182
70 184
71 131
71 135
71 139
71 77
71 150
71 164
71 102
71 104
71 180
71 121
72 161
72 195
72 140
72 106
72 75
72 98
72 110
72 125
72 177
72 190
72 94
73 129
73 196
73 193
73 108
73 77
73 80
73 145
73 141
73 151
73 92
73 93
73 159
73 100
73 105
73 177
73 123
74 132
74 150
74 166
74 103
74 136
74 105
74 79
74 118
74 119
74 185
74 190
74 182
75 160
75 129
75 193
75 114
75 79
75 149
75 185
75 155
75 93
76 96
76 172
76 99
76 195
76 199
76 143
76 111
76 178
76 181
76 120
76 121
76 79
76 159
76 95
77 139
77 80
77 131
77 85
77 87
77 153
77 154
77 157
77 94
77 162
77 93
77 117
77 122
77 126
78 128
78 133
78 102
78 107
78 110
78 143
78 146
78 83
78 174
78 183
78 120
78 121
78 189
79 198
79 99
79 151
79 159
79 96
79 197
79 100
79 165
79 169
79 172
79 173
79 110
79 118
79 122
80 160
80 132
80 198
80 102
80 105
80 106
80 164
80 185
81 96
81 97
81 109
81 113
81 180
81 119
81 100
81 90
81 159
82 128
82 132
82 168
82 142
82 144
82 113
82 120
82 94
82 85
83 97
83 145
83 146
83 116
83 85
84 160
84 195
84 132
84 135
84 105
84 175
84 102
84 183
84 101
85 195
85 87
85 152
85 155
85 97
85 162
85 104
85 108
85 168
85 180
85 119
85 181
86 181
86 133
86 193
86 108
86 139
86 175
86 149
86 152
86 92
86 94
86 155
86 100
86 188
86 199
86 117
86 137
87 194
87 107
87 198
87 98
87 89
87 156
87 90
87 99
87 100
87 168
87 171
87 179
87 119
87 188
87 190
88 193
88 199
88 145
88 148
88 158
88 100
88 103
88 175
88 94
88 120
88 117
89 192
89 101
89 167
89 141
89 157
89 112
89 150
89 190
89 121
89 154
89 175
89 156
89 126
90 199
90 136
90 142
90 148
90 152
90 154
90 103
90 107
90 173
90 110
90 111
91 98
91 164
91 170
91 167
91 144
91 171
91 113
91 153
91 186
91 156
91 102
91 199
91 165
92 96
92 197
92 134
92 130
92 152
92 155
92 158
92 97
92 98
92 162
92 167
92 105
92 173
92 110
92 176
92 181
92 186
92 124
92 127
93 171
93 196
93 135
93 136
93 140
93 141
93 144
93 147
93 94
93 95
93 107
93 119
94 130
94 131
94 142
94 150
94 154
94 194
94 120
94 189
95 161
95 138
95 157
95 177
95 146
95 154
95 182
95 149
96 187
96 182
96 198
96 145
96 199
96 141
96 114
96 153
96 136
96 191
97 192
97 131
97 133
97 105
97 171
97 177
97 111
97 144
97 126
98 193
98 139
98 140
98 159
98 165
98 106
98 125
98 174
98 175
98 136
98 116
98 180
98 170
99 132
99 101
99 104
99 106
99 113
99 150
99 120
99 197
100 195
100 135
100 147
100 154
100 118
100 199
100 165
100 167
100 168
100 107
100 157
100 137
100 127
100 122
100 117
101 113
101 161
101 176
101 194
101 150
101 169
101 117
102 130
102 133
102 134
102 146
102 156
102 167
102 163
102 198
102 169
102 106
102 103
102 175
102 183
102 120
102 185
103 197
103 142
103 170
103 127
104 171
104 119
104 192
104 149
105 193
105 195
105 196
105 134
105 136
105 156
105 162
105 163
105 109
105 157
105 112
105 177
105 117
105 188
105 127
106 129
106 132
106 198
106 135
106 177
106 138
106 167
106 158
106 195
106 176
106 126
107 130
107 196
107 139
107 141
107 149
107 164
107 198
107 171
107 112
107 184
107 187
107 124
107 189
108 129
108 182
108 193
108 145
108 195
108 152
108 157
108 162
108 167
108 173
108 118
109 171
109 134
109 177
109 128
109 160
109 174
109 189
109 112
109 182
109 157
109 126
109 127
110 192
110 146
110 163
110 157
111 160
111 135
111 172
111 139
111 141
111 173
111 112
111 151
111 123
111 192
111 199
112 167
112 176
112 122
112 169
113 135
113 148
113 153
113 156
113 157
113 160
113 161
113 167
113 168
113 176
113 117
113 188
114 161
114 179
114 167
114 136
114 193
114 188
115 130
115 135
115 168
115 140
115 178
115 157
115 176
115 188
115 169
115 156
115 126
115 127
116 194
116 128
116 124
116 150
116 153
116 168
116 177
116 118
116 169
116 187
116 188
117 160
117 140
117 161
117 134
117 120
118 191
118 142
118 144
118 196
119 163
119 172
119 176
119 120
119 189
120 136
120 139
120 144
120 145
120 157
120 164
120 165
120 177
120 188
121 171
121 141
121 157
121 177
121 151
121 125
121 127
122 161
122 130
122 123
122 135
122 194
122 167
122 132
122 188
123 195
123 143
123 183
124 128
124 134
124 156
124 161
124 149
125 133
125 141
125 184
125 185
125 154
125 159
125 169
125 176
125 178
125 189
125 191
126 128
126 197
126 141
126 147
126 151
126 154
126 158
126 163
126 164
126 195
126 170
127 193
127 198
127 139
127 140
127 157
127 189
127 149
128 160
128 164
128 196
128 182
128 151
129 171
129 179
129 199
129 173
129 157
129 147
129 170
129 151
129 169
129 143
130 198
130 163
130 171
130 142
130 145
130 148
130 158
130 184
131 193
131 136
131 151
131 153
131 170
131 199
131 191
131 168
131 187
132 148
132 199
132 157
132 163
132 182
132 185
132 149
133 199
133 136
133 138
133 157
133 184
133 156
134 193
134 144
134 147
134 150
134 152
134 170
134 199
134 182
134 183
134 184
134 187
134 181
135 147
135 150
135 153
135 198
135 159
135 165
135 199
135 172
135 190
136 198
136 148
136 151
136 156
136 179
137 176
137 163
137 166
137 171
137 164
137 144
137 186
137 155
138 140
138 174
138 145
138 146
138 181
139 140
139 147
139 149
139 151
139 175
139 158
139 167
139 173
139 182
139 170
141 195
141 157
141 189
141 147
141 152
141 186
142 144
142 199
142 196
142 198
142 170
142 147
142 150
142 189
142 159
143 162
143 160
143 144
143 148
143 176
143 191
144 192
144 145
144 147
144 176
144 155
144 167
144 169
145 146
145 181
145 157
145 196
145 173
146 163
146 150
146 177
146 151
146 159
146 185
146 155
147 163
147 171
147 176
147 181
148 162
148 169
148 196
148 172
148 178
148 194
148 154
149 160
149 195
149 152
149 156
149 167
149 187
150 192
150 151
150 161
150 166
150 173
150 189
151 167
151 174
151 181
152 156
152 157
152 164
152 174
152 183
152 184
152 189
153 155
153 172
153 185
153 184
153 180
153 191
154 192
154 180
154 198
154 171
154 158
154 189
154 184
155 163
155 177
155 171
155 164
155 187
155 184
155 159
155 189
156 183
156 188
156 179
156 157
156 197
156 160
156 181
156 190
157 194
157 173
157 187
157 177
158 160
158 171
158 185
158 175
158 180
159 198
159 178
159 169
160 193
160 172
160 179
160 180
160 187
161 164
161 170
161 174
161 175
161 180
161 183
161 190
162 175
162 198
162 168
163 167
163 170
163 172
163 174
163 177
163 180
163 182
164 168
164 180
164 177
164 199
165 179
165 189
166 189
166 177
166 180
166 184
166 186
168 198
169 184
169 179
170 196
170 171
170 175
170 190
170 186
171 180
172 191
173 184
174 193
174 178
174 190
175 192
175 179
175 186
175 189
176 193
176 195
176 185
176 187
177 188
178 181
179 184
180 188
181 184
181 189
182 195
183 190
183 195
184 193
184 194
184 190
184 186
185 192
186 194
186 188
186 190
187 194
189 195
190 193
191 195
