0 65
0 3
0 68
0 5
0 134
0 71
0 9
0 11
0 141
0 142
0 155
0 17
0 18
0 83
0 87
0 176
0 25
0 26
0 27
0 90
0 30
0 107
0 97
0 91
0 101
0 38
0 81
0 188
0 170
0 103
0 177
0 93
0 99
0 157
0 114
0 116
0 94
0 118
0 73
0 23
0 180
0 60
0 61
1 80
2 160
2 68
2 5
2 177
2 9
2 41
2 151
2 17
2 183
2 21
2 23
2 137
2 186
2 27
2 93
2 94
2 31
3 192
3 131
3 4
3 8
3 9
3 143
3 17
3 19
3 20
3 21
3 22
3 26
3 92
3 90
3 31
3 96
3 99
3 37
3 103
3 42
3 114
3 110
3 49
3 50
3 179
3 126
3 118
3 73
3 184
3 186
3 59
3 62
3 191
4 64
4 68
4 161
4 136
4 23
4 89
4 27
4 156
4 93
4 160
4 97
4 98
4 41
4 172
4 111
4 114
4 179
4 180
4 62
4 122
4 59
4 60
4 126
4 63
5 128
5 51
5 136
5 9
5 192
5 130
5 142
5 143
5 17
5 18
5 22
5 23
5 153
5 26
5 27
5 160
5 33
5 170
5 174
5 179
5 180
5 53
5 54
5 183
5 184
5 58
5 61
5 62
5 64
5 68
5 70
5 75
5 76
5 94
5 95
5 99
5 100
5 103
5 105
5 115
5 55
5 42
5 126
6 61
7 161
7 67
7 122
7 178
7 78
7 114
7 187
7 21
7 184
7 154
7 91
7 58
7 126
7 53
8 192
8 98
8 105
8 55
8 48
8 51
8 21
8 23
8 152
8 189
8 31
9 73
9 11
9 140
9 130
9 78
9 80
9 17
9 131
9 20
9 142
9 23
9 25
9 90
9 27
9 94
9 31
9 160
9 97
9 98
9 41
9 42
9 178
9 177
9 114
9 52
9 105
9 56
9 186
9 95
9 60
9 191
10 160
10 118
10 97
10 136
10 73
10 11
10 77
10 143
10 17
10 22
10 23
10 89
10 25
10 155
10 158
10 95
10 133
10 33
10 98
10 99
10 119
10 189
10 177
10 114
10 52
10 54
10 55
10 180
10 58
10 31
10 61
11 99
11 163
11 31
11 44
11 13
11 46
11 112
11 177
11 147
11 180
11 55
11 153
11 25
11 185
11 59
11 126
11 95
12 184
12 134
12 22
12 104
12 89
12 124
12 142
12 95
13 32
13 130
13 83
13 166
13 23
13 184
13 153
13 170
13 146
14 184
14 114
14 166
14 62
15 130
15 99
15 73
15 63
15 27
15 177
15 114
15 86
15 184
15 26
15 31
15 154
15 95
16 146
16 188
16 58
16 59
16 124
16 46
16 143
17 65
17 135
17 141
17 145
17 146
17 19
17 21
17 22
17 151
17 25
17 186
17 27
17 122
17 94
17 31
17 133
17 165
17 98
17 99
17 163
17 103
17 105
17 112
17 177
17 52
17 118
17 73
17 58
17 59
17 189
17 190
17 63
18 98
18 68
18 134
18 141
18 21
18 55
18 152
18 153
18 188
18 95
19 67
19 71
19 73
19 78
19 153
19 26
19 90
19 94
19 31
19 161
19 98
19 164
19 165
19 38
19 177
19 104
19 169
19 107
19 44
19 108
19 51
19 184
19 122
19 168
20 33
20 99
20 69
20 158
20 105
20 44
20 173
20 78
20 178
20 53
20 137
20 153
20 125
20 126
20 133
21 68
21 179
21 70
21 73
21 66
21 194
21 107
21 22
21 23
21 153
21 27
21 122
21 94
21 160
21 136
21 177
21 105
21 42
21 43
21 112
21 49
21 178
21 115
21 116
21 53
21 57
21 58
21 59
21 188
21 117
22 131
22 134
22 172
22 142
22 173
22 179
22 23
22 26
22 27
22 28
22 31
22 133
22 176
22 36
22 166
22 168
22 44
22 45
22 48
22 178
22 51
22 52
22 53
22 57
22 58
22 59
22 188
22 62
22 64
22 160
22 66
22 164
22 68
22 75
22 77
22 190
22 83
22 89
22 94
22 95
22 97
22 98
22 99
22 105
22 108
22 114
22 116
22 117
22 122
22 126
23 142
23 144
23 188
23 148
23 153
23 133
23 39
23 40
23 170
23 51
23 180
23 137
23 52
23 58
23 60
23 61
23 63
23 66
23 67
23 68
23 73
23 55
23 141
23 83
23 57
23 90
23 94
23 95
23 99
23 104
23 105
23 114
23 122
23 191
23 124
24 81
24 130
24 36
24 184
24 73
24 26
24 27
25 129
25 67
25 68
25 77
25 79
25 141
25 83
25 151
25 90
25 58
25 31
25 98
25 187
25 178
25 40
25 173
25 112
25 177
25 114
25 52
25 55
25 122
25 123
25 188
26 128
26 68
26 141
26 142
26 120
26 148
26 122
26 87
26 90
26 155
26 92
26 118
26 133
26 165
26 98
26 99
26 37
26 40
26 107
26 178
26 114
26 51
26 116
26 54
26 119
26 56
26 58
26 187
26 61
26 126
26 191
27 134
27 132
27 142
27 144
27 145
27 153
27 31
27 160
27 33
27 45
27 177
27 178
27 51
27 180
27 55
27 59
27 188
27 61
27 62
27 68
27 69
27 73
27 77
27 78
27 89
27 90
27 97
27 99
27 101
27 103
27 112
27 114
27 116
27 187
27 122
27 126
28 97
28 99
28 165
28 102
28 103
28 170
28 107
28 108
28 173
28 142
28 175
28 49
28 87
28 55
28 122
28 191
28 126
28 31
30 112
30 131
30 148
30 158
30 128
30 170
30 62
31 129
31 155
31 135
31 130
31 142
31 153
31 179
31 32
31 35
31 37
31 167
31 177
31 178
31 51
31 52
31 53
31 54
31 55
31 56
31 58
31 59
31 188
31 61
31 62
31 63
31 160
31 68
31 73
31 80
31 163
31 90
31 91
31 93
31 95
31 98
31 99
31 131
31 101
31 104
31 105
31 112
31 114
31 115
31 118
31 122
31 191
31 124
31 126
32 160
32 65
32 114
32 155
32 181
32 134
32 55
32 73
32 59
33 192
33 162
33 177
33 98
33 143
33 113
33 82
33 179
34 66
34 133
34 184
34 188
34 58
34 187
34 124
34 173
34 95
35 160
35 66
35 68
35 37
35 104
35 42
35 183
35 112
35 81
35 151
35 120
35 153
36 73
37 71
37 137
37 142
37 144
37 81
37 150
37 153
37 91
37 93
37 94
37 95
37 160
37 165
37 104
37 105
37 45
37 52
37 117
37 58
37 59
37 61
38 65
38 194
38 148
38 118
38 81
38 184
38 61
38 94
39 179
39 174
39 54
40 128
40 99
40 113
40 172
40 173
40 142
40 49
40 147
40 78
40 57
40 90
41 67
41 68
41 179
41 130
41 78
41 80
41 131
41 66
41 89
41 156
41 95
41 160
41 98
41 99
41 42
41 142
41 174
41 49
41 178
41 51
41 116
41 62
41 118
41 57
41 188
41 191
42 97
42 98
42 151
42 174
42 146
42 169
42 90
42 185
43 64
43 192
43 146
44 180
44 70
44 184
44 137
44 189
45 99
45 49
45 59
45 116
45 56
45 54
45 166
45 53
46 144
46 164
46 133
46 166
46 177
46 140
46 113
46 178
46 147
46 116
46 55
46 56
46 62
47 174
47 63
48 134
48 70
48 156
48 142
48 80
48 82
48 190
48 153
48 188
48 62
49 192
49 66
49 73
49 142
49 145
49 156
49 188
49 87
49 88
49 153
49 91
49 158
49 95
49 160
49 162
49 165
49 116
49 117
49 54
49 120
49 60
49 62
50 146
50 68
51 133
51 65
51 87
51 68
51 55
51 141
51 142
51 116
51 90
51 150
52 192
52 181
52 67
52 68
52 133
52 136
52 142
52 90
52 156
52 95
52 97
52 165
52 188
52 178
52 111
52 177
52 114
52 180
52 126
52 55
52 56
52 185
52 122
52 59
52 60
52 61
52 62
52 166
53 66
53 74
53 77
53 78
53 144
53 121
53 89
53 92
53 94
53 160
53 98
53 99
53 166
53 168
53 169
53 71
53 174
53 175
53 114
53 118
53 55
53 153
53 57
53 59
53 191
54 130
54 113
54 73
54 75
54 79
54 80
54 170
54 118
54 150
54 57
54 95
54 90
54 126
55 192
55 130
55 131
55 134
55 140
55 141
55 142
55 150
55 154
55 157
55 161
55 162
55 164
55 177
55 169
55 172
55 175
55 136
55 178
55 56
55 159
55 188
55 61
55 181
55 64
55 160
55 66
55 68
55 71
55 73
55 87
55 88
55 90
55 91
55 93
55 99
55 112
55 116
55 118
55 122
55 125
56 143
56 144
56 163
56 151
56 188
56 80
56 99
56 165
56 104
56 105
56 117
56 119
56 122
56 187
56 124
56 62
57 66
57 139
57 92
57 81
57 188
57 105
57 89
57 156
57 157
57 162
57 112
57 168
57 183
57 58
57 124
58 192
58 67
58 68
58 76
58 98
58 142
58 89
58 90
58 97
58 116
58 104
58 71
58 179
58 178
58 115
58 126
58 122
58 62
58 166
59 64
59 86
59 156
59 136
59 137
59 162
59 142
59 190
59 82
59 83
59 92
59 133
59 98
59 99
59 161
59 104
59 105
59 144
59 174
59 112
59 178
59 184
59 121
59 122
59 62
60 129
60 130
60 139
60 134
60 77
60 78
60 87
60 68
60 160
60 102
60 105
60 114
60 116
60 117
60 73
60 184
60 122
60 61
61 140
61 144
61 148
61 151
61 153
61 155
61 156
61 158
61 160
61 162
61 163
61 134
61 169
61 174
61 95
61 62
61 63
61 66
61 183
61 77
61 89
61 90
61 97
61 99
61 166
61 104
61 106
61 111
61 114
61 117
61 118
61 123
62 129
62 130
62 134
62 143
62 144
62 145
62 146
62 131
62 153
62 154
62 160
62 155
62 177
62 168
62 170
62 178
62 180
62 194
62 68
62 73
62 78
62 83
62 142
62 90
62 91
62 94
62 97
62 98
62 99
62 110
62 114
62 116
62 117
62 118
62 122
63 96
63 139
63 111
63 144
63 184
63 185
63 122
63 158
64 98
64 99
64 172
64 112
64 114
64 163
64 150
64 153
64 91
64 156
64 118
64 126
65 97
65 117
65 104
65 116
65 139
66 129
66 132
66 71
66 136
66 73
66 119
66 146
66 99
66 84
66 137
66 90
66 156
66 93
66 94
66 95
66 160
66 165
66 166
66 114
66 179
66 116
66 191
67 136
67 73
67 77
67 147
67 86
67 89
67 94
67 188
67 98
67 172
67 112
67 117
67 118
67 137
67 124
67 181
68 128
68 155
68 134
68 129
68 132
68 142
68 179
68 160
68 178
68 176
68 177
68 191
68 192
68 73
68 77
68 78
68 79
68 80
68 85
68 87
68 90
68 91
68 94
68 95
68 98
68 99
68 102
68 188
68 146
68 112
68 113
68 116
68 118
68 169
68 120
68 122
68 124
68 125
68 126
69 98
69 99
69 155
69 119
69 73
69 114
69 126
70 128
70 129
70 105
70 77
70 142
70 93
70 76
70 192
70 125
70 94
70 95
71 97
71 179
71 166
71 104
71 105
71 184
71 146
71 154
71 120
71 188
71 122
71 95
72 144
72 169
73 129
73 143
73 146
73 153
73 156
73 173
73 138
73 77
73 78
73 86
73 93
73 94
73 95
73 188
73 98
73 99
73 104
73 105
73 116
73 117
73 137
73 122
74 90
75 179
75 104
75 158
75 85
76 98
77 192
77 129
77 139
77 162
77 131
77 153
77 90
77 91
77 95
77 160
77 98
77 134
77 103
77 169
77 170
77 111
77 112
77 177
77 118
77 122
78 192
78 139
78 133
78 136
78 190
78 141
78 143
78 80
78 146
78 87
78 91
78 92
78 105
78 177
78 116
78 183
78 126
79 97
79 87
79 104
79 91
79 143
79 151
79 116
80 118
80 161
80 146
80 84
80 153
80 90
80 91
80 95
80 97
80 164
80 101
80 112
80 178
80 174
80 177
80 114
80 117
80 126
81 92
81 170
81 142
81 177
81 83
81 90
81 156
81 191
82 114
82 113
82 142
82 134
82 87
82 91
82 94
83 128
83 143
83 180
83 155
83 158
83 122
83 91
83 90
84 176
84 168
84 154
84 192
84 98
84 94
84 143
85 129
85 150
85 185
85 164
85 170
85 126
86 173
87 131
87 162
87 192
87 141
87 90
87 154
87 89
87 93
87 160
87 98
87 99
87 166
87 177
87 104
87 105
87 172
87 114
87 115
87 181
87 184
87 122
87 187
87 126
88 98
88 124
88 157
88 126
89 137
89 142
89 91
89 93
89 160
89 162
89 99
89 164
89 163
89 166
89 167
89 178
89 177
89 114
89 116
89 121
89 122
90 130
90 179
90 151
90 140
90 142
90 146
90 150
90 152
90 155
90 156
90 158
90 165
90 166
90 188
90 192
90 183
90 95
90 97
90 99
90 101
90 104
90 116
90 122
90 124
91 128
91 183
91 192
91 141
91 158
91 160
91 98
91 166
91 167
91 104
91 105
91 180
91 188
92 142
92 131
92 153
92 156
92 186
92 95
93 192
93 126
93 143
93 145
93 156
93 158
93 160
93 165
93 98
93 99
93 166
93 174
93 189
93 177
93 116
93 117
93 122
93 187
93 183
93 134
94 128
94 126
94 142
94 143
94 158
94 130
94 133
94 98
94 139
94 164
94 177
94 104
94 169
94 173
94 110
94 113
94 180
94 160
94 122
94 191
94 188
94 166
95 129
95 131
95 134
95 136
95 144
95 147
95 153
95 160
95 164
95 166
95 177
95 168
95 137
95 180
95 188
95 191
95 192
95 183
95 143
95 99
95 105
95 116
95 122
96 136
96 99
96 104
96 143
96 192
96 126
97 122
97 160
97 99
97 104
97 111
97 118
97 184
97 106
97 127
98 133
98 142
98 144
98 148
98 153
98 155
98 160
98 163
98 165
98 166
98 170
98 178
98 179
98 180
98 137
98 191
98 161
98 99
98 104
98 111
98 147
98 118
98 169
98 124
98 125
98 126
99 134
99 137
99 142
99 146
99 153
99 160
99 162
99 164
99 165
99 171
99 174
99 177
99 178
99 188
99 173
99 143
99 100
99 107
99 113
99 115
99 116
99 118
99 119
99 148
99 122
99 124
101 113
101 153
101 183
101 174
102 141
102 126
102 143
103 160
103 166
103 111
103 114
103 122
104 131
104 133
104 136
104 142
104 144
104 186
104 160
104 122
104 177
104 188
104 108
104 111
104 113
104 179
104 180
104 124
105 129
105 160
105 122
105 158
105 133
105 163
105 164
105 167
105 170
105 142
105 112
105 177
105 178
105 179
105 180
105 118
105 121
105 126
106 112
106 184
107 111
107 189
107 116
107 150
107 184
107 123
107 122
108 113
108 132
108 134
108 151
108 125
108 126
108 173
110 183
111 163
111 112
111 117
111 118
111 183
111 120
111 124
112 129
112 194
112 133
112 134
112 153
112 144
112 145
112 174
112 178
112 181
112 118
112 184
112 122
112 188
113 160
113 177
113 170
113 114
113 179
113 142
113 152
113 164
113 118
114 140
114 130
114 118
114 150
114 144
114 165
114 188
114 178
114 183
114 132
114 122
114 181
115 160
115 177
115 192
115 132
115 141
116 175
116 130
116 141
116 124
116 146
116 188
116 153
116 160
116 174
116 178
116 184
116 125
117 128
117 194
117 134
117 192
117 144
117 150
117 170
117 173
117 137
118 192
118 130
118 134
118 136
118 131
118 150
118 151
118 153
118 158
118 160
118 173
118 178
118 180
118 186
118 191
118 183
118 119
118 122
119 128
119 185
119 156
120 160
120 164
122 128
122 131
122 133
122 134
122 137
122 151
122 142
122 144
122 150
122 160
122 161
122 162
122 163
122 165
122 156
122 176
122 178
122 181
122 180
122 192
122 184
122 188
122 147
122 191
122 125
122 126
123 134
124 160
124 165
124 130
124 184
124 126
125 164
125 170
125 138
125 151
125 141
125 143
125 186
125 154
125 191
126 129
126 130
126 134
126 140
126 141
126 143
126 145
126 147
126 156
126 158
126 160
126 166
126 184
126 192
126 169
126 127
127 163
127 191
128 181
128 143
128 146
128 153
128 166
129 166
129 142
129 153
129 151
129 189
130 132
130 138
130 158
130 146
130 188
130 166
130 167
130 174
131 160
131 151
131 140
131 173
131 163
131 183
133 134
133 142
133 141
133 146
133 143
133 160
133 176
133 187
133 164
133 184
133 180
133 188
133 190
134 137
134 142
134 143
134 148
134 153
134 154
134 158
134 176
134 177
134 178
134 172
135 146
136 160
136 192
136 174
136 190
137 180
137 186
137 146
138 142
138 169
139 144
140 179
140 142
141 160
141 188
141 170
141 181
141 151
142 143
142 145
142 146
142 150
142 176
142 166
142 177
142 159
142 178
142 192
142 183
142 169
143 181
143 162
143 177
143 178
143 179
143 185
144 181
144 194
144 152
144 160
144 173
144 177
145 185
146 154
146 166
146 184
146 170
147 155
147 151
148 160
148 192
148 173
150 186
150 185
150 188
151 178
151 164
151 158
152 190
153 187
153 192
153 154
153 160
153 162
153 166
153 177
153 168
153 161
153 178
153 188
154 179
155 174
155 177
156 160
156 178
157 184
158 168
160 188
160 164
160 166
160 177
160 176
160 178
160 184
160 161
160 165
160 189
161 176
161 172
162 168
162 174
162 176
163 165
163 189
164 192
165 188
165 174
166 186
166 168
166 172
166 189
166 177
166 185
166 191
168 183
169 191
170 179
170 185
170 187
173 191
174 180
177 184
177 181
177 183
178 186
178 179
180 192
180 188
183 189
184 187
184 190
187 194
188 191
