0 64
0 192
0 66
0 67
0 5
0 70
0 9
0 10
0 142
0 189
0 17
0 18
0 99
0 23
0 137
0 25
0 90
0 175
0 28
0 93
0 94
0 133
0 160
0 98
0 35
0 131
0 37
0 166
0 105
0 106
0 125
0 146
0 111
0 112
0 177
0 116
0 53
0 54
0 73
0 61
0 63
2 191
2 86
2 136
2 11
2 77
2 142
2 177
2 150
2 153
2 26
2 27
2 165
3 192
3 131
3 5
3 136
3 10
3 11
3 12
3 141
3 142
3 22
3 151
3 24
3 26
3 91
3 93
3 150
3 31
3 98
3 163
3 101
3 177
3 175
3 180
3 49
3 50
3 116
3 118
3 121
3 59
3 125
3 190
4 160
4 192
4 104
4 73
4 87
4 142
4 80
4 179
4 105
4 41
4 55
4 23
4 89
4 90
4 191
4 60
4 93
4 158
4 95
5 150
5 7
5 10
5 139
5 140
5 142
5 173
5 17
5 21
5 22
5 23
5 25
5 27
5 156
5 31
5 32
5 166
5 39
5 42
5 171
5 45
5 177
5 52
5 153
5 184
5 180
5 186
5 59
5 151
5 61
5 62
5 191
5 64
5 160
5 68
5 73
5 77
5 84
5 87
5 89
5 90
5 95
5 96
5 97
5 98
5 99
5 102
5 104
5 105
5 108
5 111
5 116
5 118
5 170
5 120
5 122
5 125
7 96
7 160
7 66
7 99
7 134
7 138
7 77
7 110
7 67
7 148
7 46
7 118
7 55
7 61
8 160
8 17
8 82
8 37
8 22
8 105
8 192
9 66
9 147
9 179
9 70
9 177
9 10
9 142
9 79
9 16
9 17
9 146
9 19
9 154
9 23
9 90
9 155
9 122
9 94
9 95
9 144
9 35
9 36
9 103
9 174
9 48
9 99
9 114
9 51
9 180
9 55
9 58
9 59
10 64
10 130
10 68
10 71
10 192
10 141
10 142
10 179
10 19
10 147
10 73
10 23
10 26
10 154
10 94
10 133
10 97
10 34
10 99
10 163
10 103
10 104
10 161
10 42
10 177
10 51
10 116
10 118
10 55
10 120
10 186
10 59
11 192
11 37
11 71
11 104
11 119
11 146
11 83
11 155
11 22
11 23
11 153
11 122
11 91
11 156
11 118
11 94
12 160
12 177
12 116
12 38
13 64
13 130
13 73
13 153
13 57
13 122
13 159
13 125
13 94
13 95
14 17
14 130
14 158
14 118
14 161
14 89
14 170
14 27
14 142
15 161
15 163
15 73
15 114
15 174
15 112
15 17
15 18
15 52
15 21
15 41
15 122
15 85
16 192
16 25
16 166
16 22
16 41
16 153
16 125
16 185
16 31
17 129
17 130
17 131
17 23
17 192
17 21
17 151
17 25
17 27
17 31
17 160
17 163
17 166
17 41
17 42
17 176
17 177
17 178
17 52
17 53
17 57
17 159
17 189
17 191
17 64
17 66
17 68
17 71
17 77
17 78
17 142
17 86
17 90
17 98
17 105
17 112
17 114
17 116
17 169
17 122
18 98
18 132
18 73
18 45
18 130
18 78
18 176
18 177
18 179
18 62
18 41
18 153
18 126
18 31
19 99
19 68
19 102
19 104
19 105
19 178
19 142
19 146
19 20
19 174
19 118
19 41
19 52
19 123
19 158
19 165
20 192
20 112
20 115
20 150
20 70
20 119
20 156
20 87
20 80
20 179
20 89
20 55
20 184
20 25
20 122
20 27
20 60
21 129
21 130
21 152
21 71
21 194
21 78
21 146
21 151
21 24
21 90
21 79
21 185
21 31
21 160
21 98
21 99
21 103
21 104
21 112
21 27
21 114
21 52
21 62
21 180
21 126
21 127
22 129
22 130
22 147
22 23
22 24
22 154
22 27
22 26
22 158
22 31
22 160
22 33
22 165
22 38
22 49
22 41
22 172
22 176
22 136
22 178
22 52
22 53
22 183
22 56
22 58
22 59
22 61
22 192
22 66
22 68
22 70
22 73
22 78
22 184
22 90
22 95
22 97
22 99
22 104
22 105
22 177
22 189
22 112
22 116
22 118
22 119
22 122
22 124
22 126
23 129
23 132
23 131
23 134
23 141
23 147
23 25
23 26
23 158
23 40
23 42
23 172
23 46
23 48
23 189
23 178
23 51
23 137
23 184
23 57
23 58
23 59
23 61
23 191
23 192
23 66
23 68
23 69
23 70
23 71
23 83
23 85
23 89
23 90
23 92
23 95
23 97
23 98
23 99
23 105
23 108
23 111
23 112
23 116
23 117
23 120
23 122
23 126
24 160
24 161
24 105
24 62
24 142
24 88
24 26
24 91
24 94
25 77
25 78
25 81
25 146
25 87
25 153
25 26
25 27
25 156
25 31
25 33
25 98
25 172
25 82
25 179
25 62
25 57
25 126
25 191
26 64
26 192
26 68
26 182
26 70
26 66
26 142
26 77
26 80
26 115
26 82
26 90
26 122
26 94
26 31
26 160
26 144
26 37
26 102
26 41
26 107
26 108
26 173
26 46
26 112
26 114
26 51
26 52
26 181
26 118
26 183
26 58
26 187
26 165
27 131
27 134
27 135
27 45
27 151
27 28
27 158
27 31
27 160
27 133
27 34
27 37
27 166
27 177
27 173
27 174
27 49
27 52
27 54
27 58
27 188
27 62
27 63
27 64
27 66
27 68
27 161
27 162
27 87
27 90
27 91
27 93
27 95
27 99
27 111
27 118
27 120
27 191
27 126
28 131
28 73
28 75
28 142
28 113
28 156
28 188
28 180
28 126
28 150
28 55
28 62
28 91
28 151
28 94
29 48
29 151
30 112
30 98
30 69
30 59
30 130
30 94
30 79
31 129
31 136
31 142
31 147
31 151
31 154
31 133
31 160
31 161
31 35
31 164
31 166
31 40
31 176
31 177
31 178
31 180
31 54
31 55
31 168
31 188
31 61
31 62
31 65
31 66
31 67
31 69
31 70
31 73
31 187
31 183
31 83
31 90
31 97
31 98
31 99
31 101
31 103
31 144
31 113
31 116
31 117
31 122
31 125
31 126
32 128
32 160
32 90
32 188
32 93
32 180
32 146
32 52
32 54
32 148
32 122
32 124
32 58
32 94
32 191
33 114
33 164
33 116
33 41
33 184
33 90
33 183
33 124
34 64
34 65
34 99
34 133
34 97
34 161
34 192
34 87
34 184
34 89
34 95
35 128
35 130
35 59
35 104
35 142
35 112
35 168
35 163
35 174
35 150
35 55
35 57
35 122
35 123
35 93
36 80
36 114
36 99
36 132
37 64
37 66
37 155
37 54
37 42
37 98
37 143
37 84
37 86
37 160
37 122
38 130
38 68
38 73
38 140
38 112
38 114
38 147
38 118
38 169
38 90
38 122
39 73
39 161
40 177
40 98
40 69
40 191
41 68
41 133
41 70
41 73
41 79
41 151
41 162
41 142
41 83
41 87
41 137
41 89
41 91
41 94
41 95
41 160
41 98
41 173
41 113
41 178
41 180
41 181
41 55
41 122
42 192
42 131
42 164
42 70
42 110
42 143
42 99
42 52
42 181
42 179
42 188
42 94
43 96
44 180
44 115
44 116
44 151
45 48
45 112
45 153
45 114
45 77
45 174
45 79
46 160
46 97
46 99
46 164
46 134
46 136
46 73
46 187
46 55
46 161
46 190
46 183
46 181
46 118
46 87
46 91
46 125
46 126
47 83
47 117
47 119
48 67
48 95
49 162
49 131
49 166
49 103
49 105
49 87
49 77
49 142
49 123
49 155
49 118
49 55
49 56
49 185
49 122
49 62
50 114
50 116
50 142
50 150
50 137
50 189
50 126
51 192
51 97
51 98
51 68
51 134
51 87
51 175
51 177
51 84
51 54
51 89
51 92
51 94
52 130
52 131
52 140
52 194
52 142
52 153
52 156
52 133
52 160
52 166
52 174
52 175
52 178
52 55
52 188
52 61
52 191
52 192
52 66
52 68
52 70
52 78
52 81
52 147
52 89
52 90
52 143
52 95
52 97
52 99
52 115
52 117
52 121
52 122
52 125
53 66
53 131
53 142
53 80
53 146
53 151
53 153
53 156
53 95
53 160
53 98
53 166
53 173
53 174
53 111
53 178
53 181
53 122
53 59
53 188
53 125
53 62
54 131
54 104
54 188
54 75
54 191
54 78
54 59
54 92
54 125
55 142
55 143
55 144
55 188
55 174
55 151
55 153
55 158
55 160
55 165
55 178
55 179
55 184
55 180
55 59
55 60
55 192
55 66
55 67
55 68
55 75
55 79
55 80
55 81
55 163
55 87
55 89
55 90
55 91
55 93
55 94
55 95
55 98
55 99
55 105
55 112
55 116
55 118
55 120
55 121
55 122
55 125
56 129
56 134
56 137
56 141
56 142
56 77
56 80
56 82
56 153
56 90
56 160
56 161
56 165
56 166
56 104
56 146
56 111
56 112
56 117
56 118
56 58
56 59
56 60
56 62
57 64
57 130
57 67
57 135
57 177
57 108
57 141
57 99
57 114
57 120
57 122
57 126
57 95
58 192
58 131
58 132
58 87
58 142
58 143
58 82
58 92
58 162
58 174
58 179
58 116
58 119
58 186
58 187
58 188
58 125
59 130
59 67
59 70
59 136
59 140
59 78
59 79
59 146
59 164
59 143
59 86
59 93
59 95
59 133
59 98
59 100
59 163
59 102
59 171
59 175
59 178
59 73
59 185
59 122
59 124
59 190
59 62
59 181
60 66
60 131
60 70
60 105
60 87
60 172
60 98
60 143
60 118
60 183
60 191
61 128
61 67
61 134
61 72
61 160
61 80
61 81
61 82
61 131
61 90
61 96
61 136
61 166
61 103
61 111
61 113
61 117
61 118
61 183
61 185
61 122
61 62
61 181
62 128
62 130
62 68
62 134
62 73
62 132
62 78
62 143
62 89
62 90
62 92
62 93
62 160
62 161
62 99
62 177
62 104
62 108
62 146
62 142
62 178
62 105
62 151
62 153
62 191
63 184
63 114
63 162
64 68
64 139
64 98
64 144
64 153
64 69
64 159
64 173
64 175
64 114
64 179
64 119
64 184
64 95
65 128
65 130
65 143
65 66
65 142
66 68
66 159
66 93
66 95
66 160
66 165
66 99
66 164
66 145
66 108
66 176
66 125
66 191
67 192
67 194
67 134
67 144
67 81
67 87
67 153
67 90
67 155
67 92
67 161
67 165
67 104
67 169
67 114
67 116
67 122
67 188
67 126
67 191
68 128
68 134
68 136
68 151
68 142
68 144
68 148
68 152
68 154
68 133
68 160
68 163
68 165
68 157
68 177
68 181
68 184
68 180
68 188
68 189
68 70
68 82
68 87
68 89
68 90
68 93
68 94
68 95
68 97
68 98
68 99
68 166
68 105
68 106
68 111
68 112
68 113
68 114
68 116
68 117
68 119
68 120
68 122
69 130
69 110
69 118
69 166
69 162
70 140
70 78
70 79
70 151
70 155
70 95
70 166
70 104
70 176
70 177
70 183
70 122
70 125
71 161
71 99
71 134
71 77
71 78
71 79
71 176
71 191
73 130
73 139
73 142
73 174
73 153
73 150
73 160
73 161
73 177
73 178
73 179
73 180
73 183
73 184
73 186
73 188
73 191
73 74
73 78
73 85
73 87
73 88
73 91
73 92
73 94
73 95
73 97
73 98
73 116
73 118
73 119
73 122
73 126
74 95
75 177
75 156
75 119
75 87
76 120
76 163
77 128
77 192
77 194
77 141
77 142
77 145
77 90
77 87
77 91
77 93
77 99
77 166
77 178
77 116
77 124
77 189
78 160
78 91
78 155
78 99
78 87
78 152
78 154
78 95
79 98
79 107
79 147
79 173
79 144
79 82
79 115
79 94
80 96
80 180
80 133
80 184
80 122
80 87
80 108
80 146
80 120
80 114
80 154
80 91
81 194
81 99
81 166
81 104
81 114
81 84
81 184
81 186
81 158
82 96
82 133
82 188
82 126
83 188
83 99
83 89
83 103
83 135
83 175
84 178
84 131
84 97
84 89
84 90
84 183
85 113
85 102
85 191
85 188
85 142
86 192
86 98
86 150
86 169
86 153
86 165
87 128
87 192
87 134
87 161
87 98
87 142
87 186
87 88
87 90
87 154
87 158
87 144
87 162
87 113
87 177
87 185
87 89
87 148
88 177
88 116
88 122
88 94
89 160
89 162
89 90
89 91
89 93
89 94
89 133
89 180
89 103
89 116
89 153
89 122
89 151
89 183
90 131
90 136
90 140
90 141
90 146
90 148
90 137
90 153
90 175
90 177
90 181
90 180
90 133
90 192
90 160
90 194
90 91
90 93
90 94
90 95
90 97
90 98
90 99
90 101
90 102
90 104
90 105
90 106
90 189
90 114
90 115
90 116
90 118
90 122
90 191
90 124
90 126
90 166
91 192
91 143
91 184
91 146
91 131
91 139
91 142
91 151
91 92
91 158
91 95
91 96
91 188
91 99
91 165
91 103
91 170
91 174
91 112
91 113
91 178
91 147
91 117
91 153
91 137
91 124
92 192
92 99
92 179
92 172
92 185
92 177
92 116
92 180
93 160
93 143
93 142
93 141
93 146
93 131
93 158
93 95
93 104
93 105
93 107
93 172
93 177
93 179
93 116
93 126
93 118
93 185
93 122
94 96
94 131
94 137
94 142
94 179
94 156
94 105
94 184
94 95
94 99
94 164
94 104
94 174
94 112
94 113
94 114
94 116
94 160
94 122
94 188
94 138
94 191
95 129
95 138
95 147
95 153
95 155
95 157
95 158
95 133
95 160
95 161
95 176
95 177
95 179
95 188
95 97
95 98
95 99
95 113
95 114
95 116
95 117
95 118
95 169
95 122
95 126
96 97
96 163
96 104
96 173
96 142
96 143
96 117
96 119
96 133
97 128
97 134
97 142
97 145
97 153
97 155
97 154
97 102
97 111
97 116
97 137
97 184
98 192
98 130
98 142
98 188
98 156
98 158
98 165
98 166
98 174
98 180
98 186
98 99
98 102
98 104
98 105
98 108
98 111
98 112
98 168
98 116
98 122
98 191
99 142
99 143
99 146
99 153
99 154
99 156
99 158
99 160
99 161
99 155
99 172
99 176
99 162
99 137
99 184
99 188
99 164
99 104
99 174
99 112
99 180
99 116
99 119
99 122
99 124
99 126
100 160
100 148
100 101
101 160
101 118
101 155
101 142
102 161
102 107
102 142
102 177
102 178
102 122
103 181
103 179
103 133
103 166
103 145
103 177
103 122
103 158
104 128
104 192
104 132
104 172
104 142
104 120
104 168
104 108
104 177
104 116
104 191
105 128
105 135
105 142
105 146
105 160
105 166
105 177
105 178
105 179
105 116
105 158
105 120
105 180
107 128
107 141
108 163
108 136
108 189
108 190
108 186
110 161
110 130
111 176
111 114
112 130
112 131
112 134
112 143
112 141
112 142
112 153
112 165
112 169
112 179
112 119
112 126
113 134
113 140
113 117
113 156
113 143
113 168
113 114
113 147
113 180
113 185
113 122
114 161
114 142
114 153
114 160
114 163
114 168
114 178
114 177
114 180
114 189
114 191
114 124
114 125
115 133
115 144
115 156
115 122
115 118
116 134
116 136
116 119
116 142
116 148
116 160
116 131
116 188
116 154
116 150
116 118
116 124
116 125
117 165
117 177
117 183
117 173
117 180
117 188
118 132
118 134
118 141
118 184
118 142
118 153
118 150
118 160
118 161
118 164
118 124
118 146
118 158
118 190
118 188
119 192
119 174
119 189
119 178
119 122
120 192
120 129
120 156
120 133
122 129
122 130
122 140
122 142
122 144
122 158
122 133
122 177
122 168
122 180
122 178
122 184
122 188
122 192
122 160
122 166
122 189
122 126
123 163
124 160
124 142
124 183
124 159
125 129
125 139
125 140
125 142
125 145
125 131
125 185
125 156
125 184
125 188
125 183
125 126
126 192
126 133
126 151
126 142
126 184
126 147
126 160
126 172
126 177
126 153
126 188
126 191
127 176
128 166
128 142
128 146
128 163
128 139
128 171
128 169
129 193
129 166
129 134
129 184
129 156
130 192
130 152
130 156
130 133
130 165
130 142
130 174
130 179
130 137
130 188
131 175
131 146
131 153
131 177
131 168
131 184
132 160
132 142
132 154
132 143
133 141
133 184
133 154
133 158
133 161
133 166
133 170
134 182
134 143
134 154
134 156
134 160
134 162
134 163
134 186
134 188
135 181
136 165
136 163
136 166
136 147
136 142
136 180
137 160
137 142
137 163
137 180
137 185
138 184
139 143
140 188
140 158
141 174
141 191
141 188
141 158
141 165
142 144
142 160
142 164
142 166
142 176
142 179
142 180
142 188
142 189
142 191
142 152
142 190
143 153
143 160
143 189
143 191
144 165
144 177
144 145
144 164
146 156
146 161
147 175
147 177
147 173
147 179
147 181
148 163
148 160
150 188
150 166
150 184
150 158
151 153
151 160
151 166
151 180
151 187
151 188
152 153
153 192
153 161
153 184
153 173
153 160
154 164
154 188
155 160
156 166
156 168
156 178
156 180
156 190
156 191
157 184
158 165
158 166
158 177
158 188
160 167
160 172
160 177
160 178
160 186
160 188
160 184
160 165
161 181
161 183
162 177
162 168
162 191
163 173
163 174
166 178
166 169
166 180
166 188
166 190
166 191
168 188
168 172
168 173
169 192
169 174
170 178
171 176
171 192
172 178
172 191
174 192
174 193
174 179
175 191
177 192
177 179
177 188
178 192
178 191
178 181
179 192
179 181
179 187
180 188
181 187
183 188
183 187
184 192
184 193
184 189
184 185
184 191
184 188
185 194
188 191
188 192
191 192
