0 192
0 3
0 5
0 10
0 14
0 146
0 21
0 25
0 26
0 155
0 154
0 133
0 160
0 162
0 165
0 166
0 40
0 42
0 171
0 177
0 178
0 179
0 52
0 55
0 56
0 188
0 62
0 64
0 67
0 68
0 69
0 71
0 73
0 78
0 142
0 89
0 94
0 95
0 99
0 104
0 113
0 116
0 118
0 119
0 122
0 126
0 85
2 99
2 129
2 11
2 37
2 22
2 177
2 120
2 26
2 59
3 64
3 4
3 5
3 68
3 9
3 128
3 55
3 143
3 173
3 82
3 148
3 73
3 153
3 89
3 91
3 122
3 94
3 95
3 32
3 164
3 146
3 96
3 112
3 177
3 52
3 158
3 119
3 160
3 58
3 60
3 138
3 126
4 34
4 41
4 170
4 139
4 174
4 15
4 177
4 181
4 150
4 87
4 185
4 122
4 91
4 191
5 130
5 134
5 9
5 23
5 142
5 15
5 131
5 148
5 22
5 151
5 24
5 153
5 26
5 156
5 154
5 31
5 32
5 165
5 170
5 47
5 176
5 179
5 52
5 55
5 184
5 180
5 58
5 61
5 62
5 63
5 192
5 160
5 68
5 73
5 80
5 89
5 90
5 94
5 95
5 96
5 97
5 98
5 99
5 105
5 189
5 157
5 116
5 118
5 126
6 113
7 98
7 148
7 158
7 118
7 23
7 15
7 151
7 142
7 31
8 33
8 83
8 60
8 179
9 64
9 71
9 136
9 137
9 11
9 78
9 143
9 17
9 163
9 148
9 142
9 22
9 87
9 164
9 185
9 91
9 93
9 94
9 31
9 32
9 33
9 99
9 158
9 166
9 97
9 40
9 45
9 183
9 177
9 178
9 116
9 126
9 55
9 184
9 57
9 122
9 95
9 188
9 61
9 62
10 160
10 131
10 25
10 73
10 13
10 77
10 79
10 147
10 21
10 150
10 87
10 152
10 89
10 26
10 94
10 31
10 96
10 33
10 98
10 99
10 112
10 107
10 172
10 111
10 48
10 177
10 52
10 117
10 118
10 55
10 153
10 122
10 59
10 126
11 160
11 97
11 99
11 68
11 134
11 38
11 83
11 192
11 51
11 105
11 55
11 137
11 132
11 90
11 59
11 61
11 62
11 95
12 80
12 49
12 162
12 51
12 105
12 180
12 39
12 73
12 27
12 62
12 31
13 96
13 17
13 114
13 117
13 105
13 104
13 73
13 177
13 95
14 97
14 130
14 35
14 116
14 168
14 146
14 126
15 160
15 97
15 106
15 143
15 53
15 151
15 153
15 89
15 90
15 27
15 181
16 48
16 163
16 68
16 184
16 90
16 111
17 67
17 134
17 78
17 77
17 163
17 84
17 21
17 22
17 89
17 90
17 26
17 94
17 31
17 98
17 99
17 101
17 102
17 39
17 188
17 142
17 174
17 112
17 180
17 114
17 116
17 118
17 73
17 57
17 58
17 60
17 61
17 190
18 192
18 113
18 67
18 99
18 164
18 104
18 136
18 27
18 93
19 160
19 192
19 114
19 179
19 85
19 57
19 41
19 183
19 191
19 46
19 21
20 97
20 133
20 193
20 143
20 111
20 80
20 49
20 147
20 62
20 22
20 119
20 26
20 27
20 188
20 186
20 126
20 95
21 192
21 172
21 126
21 148
21 150
21 87
21 89
21 90
21 91
21 156
21 93
21 31
21 160
21 97
21 98
21 99
21 105
21 43
21 108
21 173
21 174
21 111
21 112
21 113
21 178
21 123
21 116
21 117
21 118
21 55
21 153
21 59
21 61
21 62
22 134
22 140
22 142
22 143
22 144
22 146
22 147
22 174
22 24
22 25
22 27
22 31
22 160
22 36
22 165
22 38
22 40
22 172
22 46
22 49
22 178
22 179
22 180
22 55
22 58
22 59
22 60
22 61
22 190
22 68
22 71
22 82
22 84
22 87
22 88
22 89
22 93
22 94
22 97
22 98
22 187
22 104
22 122
22 126
23 64
23 128
23 105
23 70
23 160
23 144
23 83
23 87
23 152
23 153
23 90
23 27
23 28
23 122
23 94
23 31
23 133
23 33
23 98
23 99
23 131
23 134
23 104
23 41
23 108
23 173
23 112
23 163
23 183
23 52
23 53
23 55
23 57
23 58
23 168
23 61
23 126
24 122
24 52
24 180
24 58
24 90
24 62
24 181
25 130
25 69
25 134
25 58
25 84
25 186
25 26
25 91
25 93
25 31
25 32
25 98
25 35
25 104
25 105
25 170
25 46
25 154
25 112
25 179
25 116
25 53
25 54
25 180
25 122
25 188
25 126
25 191
26 160
26 131
26 70
26 184
26 139
26 130
26 78
26 80
26 82
26 85
26 153
26 91
26 31
26 133
26 165
26 98
26 101
26 38
26 41
26 178
26 52
26 53
26 120
26 180
26 186
26 188
27 132
27 134
27 137
27 151
27 142
27 147
27 152
27 154
27 159
27 160
27 161
27 41
27 42
27 43
27 172
27 175
27 49
27 53
27 55
27 56
27 58
27 59
27 188
27 61
27 62
27 192
27 68
27 71
27 73
27 184
27 87
27 90
27 94
27 97
27 99
27 104
27 112
27 140
27 116
27 119
27 122
28 64
28 160
28 98
28 35
28 177
28 101
28 142
28 105
28 78
28 111
28 112
28 49
28 178
28 51
28 52
28 53
28 188
28 62
29 73
29 67
29 95
30 184
30 131
30 165
30 136
30 122
30 172
30 142
31 130
31 134
31 142
31 143
31 158
31 133
31 170
31 177
31 178
31 51
31 52
31 54
31 55
31 57
31 62
31 68
31 69
31 71
31 73
31 78
31 91
31 93
31 94
31 98
31 99
31 101
31 102
31 104
31 108
31 117
31 122
31 125
31 149
32 97
32 66
32 140
32 176
32 145
32 180
32 153
32 157
32 190
32 165
33 112
33 80
33 49
33 116
33 181
33 57
33 58
33 156
34 130
34 68
34 181
34 73
34 91
34 173
35 192
35 162
35 180
35 68
35 71
35 105
35 124
35 114
35 84
35 174
35 57
35 90
35 91
35 126
36 95
36 93
36 55
37 64
37 96
37 166
37 136
37 112
37 160
37 76
37 142
37 80
37 114
37 116
37 87
37 184
37 154
37 93
37 95
38 160
38 161
38 133
38 170
38 111
38 153
38 124
38 122
38 95
39 61
39 103
40 112
40 70
40 188
41 160
41 66
41 67
41 134
41 193
41 140
41 146
41 87
41 153
41 159
41 96
41 98
41 163
41 164
41 177
41 173
41 112
41 49
41 114
41 52
41 53
41 180
41 56
41 116
41 59
41 125
41 126
42 160
42 98
42 52
42 53
42 151
42 56
42 183
42 62
44 73
44 148
44 188
44 68
44 165
45 184
45 140
45 77
45 142
46 97
46 68
46 118
46 124
46 111
46 51
46 52
46 181
46 57
46 122
46 92
46 63
47 115
48 67
48 180
48 152
48 139
48 142
48 95
49 192
49 132
49 97
49 77
49 78
49 144
49 147
49 151
49 90
49 160
49 106
49 111
49 177
49 53
49 121
49 59
49 188
49 61
50 80
50 160
50 134
50 94
51 54
51 166
51 105
51 108
51 177
51 156
51 179
51 148
51 86
51 180
51 122
51 187
51 118
52 64
52 66
52 68
52 192
52 142
52 144
52 82
52 131
52 148
52 150
52 88
52 94
52 98
52 99
52 165
52 175
52 177
52 114
52 54
52 105
52 184
52 122
52 61
52 62
52 191
53 130
53 133
53 151
53 89
53 157
53 166
53 112
53 117
53 54
53 105
53 56
53 185
53 126
54 64
54 128
54 66
54 99
54 165
54 194
54 105
54 139
54 192
54 141
54 78
54 80
54 177
54 151
54 120
54 61
55 132
55 135
55 136
55 141
55 143
55 154
55 133
55 165
55 168
55 169
55 193
55 173
55 178
55 179
55 181
55 184
55 57
55 58
55 188
55 61
55 191
55 64
55 65
55 66
55 67
55 68
55 160
55 80
55 87
55 89
55 90
55 99
55 105
55 111
55 113
55 114
55 116
55 118
55 120
55 122
56 97
56 99
56 68
56 166
56 116
56 168
56 73
56 160
56 142
56 80
56 163
56 84
56 118
56 89
56 58
56 156
57 66
57 68
57 71
57 130
57 143
57 85
57 89
57 90
57 94
57 160
57 162
57 177
57 104
57 173
57 113
57 180
57 118
57 122
57 188
57 125
58 129
58 68
58 184
58 160
58 77
58 144
58 90
58 91
58 95
58 133
58 98
58 99
58 166
58 170
58 111
58 178
58 122
58 124
58 183
58 126
59 192
59 69
59 136
59 144
59 83
59 153
59 156
59 93
59 94
59 160
59 80
59 99
59 101
59 103
59 173
59 115
59 116
59 105
59 184
59 185
60 66
60 113
60 172
60 77
60 154
60 178
60 131
60 85
60 183
60 184
60 90
60 125
60 95
61 128
61 130
61 134
61 136
61 141
61 142
61 153
61 150
61 133
61 160
61 165
61 172
61 177
61 180
61 184
61 151
61 189
61 62
61 191
61 78
61 83
61 87
61 89
61 90
61 91
61 92
61 95
61 99
61 104
61 105
61 116
61 117
61 118
62 160
62 66
62 68
62 134
62 194
62 77
62 142
62 79
62 87
62 89
62 93
62 158
62 133
62 97
62 169
62 159
62 177
62 183
62 179
62 182
62 73
62 180
62 122
62 119
62 188
62 126
63 192
63 70
63 111
63 81
63 146
63 147
63 78
63 179
63 125
63 159
64 192
64 80
64 151
64 152
64 91
64 94
64 96
64 98
64 163
64 102
64 103
64 104
64 174
64 113
64 117
64 116
64 191
65 192
65 154
65 99
66 128
66 130
66 69
66 134
66 194
66 73
66 77
66 79
66 144
66 124
66 150
66 89
66 92
66 93
66 158
66 95
66 133
66 99
66 164
66 166
66 103
66 176
66 151
66 175
66 112
66 116
66 119
66 120
66 183
67 97
67 130
67 131
67 80
67 105
67 146
67 93
67 137
67 160
67 151
67 126
67 127
68 130
68 172
68 142
68 131
68 174
68 153
68 150
68 160
68 164
68 166
68 180
68 177
68 178
68 188
68 191
68 192
68 194
68 73
68 183
68 77
68 78
68 80
68 87
68 90
68 93
68 94
68 95
68 98
68 99
68 105
68 108
68 114
68 116
68 118
68 120
68 122
68 126
69 116
69 162
69 104
69 95
69 122
70 160
70 144
70 155
70 78
70 93
70 112
70 177
70 114
70 85
70 122
70 95
71 99
71 134
71 177
71 136
71 145
71 89
71 184
71 126
73 130
73 142
73 147
73 148
73 153
73 160
73 166
73 173
73 177
73 184
73 188
73 191
73 194
73 78
73 83
73 85
73 87
73 89
73 90
73 94
73 98
73 99
73 100
73 145
73 116
73 122
73 124
73 126
75 137
75 93
75 125
76 128
76 90
76 146
77 192
77 129
77 134
77 151
77 78
77 144
77 142
77 87
77 90
77 156
77 93
77 185
77 188
77 98
77 165
77 168
77 108
77 179
77 116
77 118
77 119
77 180
77 122
77 191
77 124
77 127
78 144
78 177
78 151
78 90
78 92
78 94
78 95
78 161
78 103
78 174
78 180
78 184
79 160
79 101
79 103
79 168
79 105
79 183
79 98
79 174
79 173
79 87
79 90
80 160
80 143
80 144
80 184
80 118
80 154
80 87
80 153
80 91
80 92
80 90
80 96
80 99
80 167
80 114
80 180
80 181
80 121
81 99
81 85
81 134
81 151
81 90
81 125
81 94
81 95
82 117
82 103
83 192
83 97
83 112
83 179
83 180
83 117
83 124
83 94
84 116
84 113
84 184
84 92
84 95
85 179
85 105
85 178
85 156
85 190
86 115
86 141
86 118
87 131
87 119
87 142
87 147
87 90
87 156
87 93
87 160
87 176
87 163
87 164
87 188
87 111
87 112
87 177
87 183
87 115
87 184
87 151
88 114
88 99
88 118
88 169
88 122
88 93
88 111
89 160
89 134
89 136
89 190
89 126
89 142
89 147
89 185
89 91
89 156
89 95
89 133
89 97
89 180
89 105
89 171
89 107
89 174
89 189
89 113
89 114
89 116
89 159
89 124
90 128
90 130
90 131
90 146
90 153
90 156
90 185
90 160
90 165
90 168
90 169
90 170
90 178
90 184
90 192
90 152
90 91
90 94
90 95
90 97
90 98
90 104
90 108
90 111
90 112
90 113
90 116
90 120
90 122
90 124
90 126
91 130
91 136
91 142
91 143
91 99
91 152
91 95
91 160
91 144
91 169
91 108
91 112
91 177
91 179
91 116
91 181
91 118
91 137
92 97
92 165
92 141
92 147
92 183
92 156
92 181
93 144
93 158
93 95
93 99
93 171
93 108
93 176
93 179
93 117
93 118
93 137
93 122
93 181
94 134
94 140
94 142
94 153
94 154
94 155
94 160
94 133
94 164
94 174
94 176
94 183
94 188
94 95
94 98
94 99
94 105
94 108
94 113
94 114
94 116
94 118
94 122
94 124
95 142
95 146
95 147
95 150
95 156
95 160
95 168
95 177
95 180
95 184
95 164
95 165
95 105
95 108
95 189
95 112
95 114
95 117
95 118
95 122
95 125
95 126
95 127
96 173
96 181
96 118
96 138
97 192
97 160
97 130
97 138
97 151
97 154
97 161
97 98
97 99
97 131
97 165
97 176
97 188
98 192
98 130
98 134
98 141
98 142
98 144
98 148
98 155
98 161
98 165
98 177
98 178
98 179
98 185
98 190
98 194
98 99
98 104
98 105
98 116
98 122
98 124
98 126
99 128
99 134
99 135
99 184
99 142
99 144
99 137
99 153
99 156
99 160
99 162
99 165
99 166
99 172
99 174
99 176
99 177
99 179
99 180
99 188
99 191
99 183
99 186
99 101
99 104
99 105
99 108
99 146
99 117
99 119
99 122
99 124
99 126
99 127
100 110
101 160
101 141
101 174
102 134
102 154
102 143
103 160
103 184
103 105
103 188
104 162
104 128
104 156
104 160
104 177
104 168
104 105
104 111
104 113
104 116
104 181
104 118
104 169
104 120
104 122
104 188
104 191
105 137
105 138
105 162
105 164
105 166
105 168
105 172
105 173
105 179
105 184
105 180
105 188
105 191
105 112
105 113
105 117
105 118
105 121
105 122
105 125
106 179
106 165
107 160
107 178
107 153
107 122
108 129
108 133
108 134
108 143
108 156
108 162
108 168
108 174
108 113
108 116
108 122
110 116
111 176
111 118
111 184
111 126
112 130
112 142
112 141
112 148
112 154
112 160
112 131
112 177
112 113
112 114
112 122
112 168
112 125
113 172
113 128
113 192
113 153
113 154
113 161
113 177
113 180
113 124
113 125
114 133
114 161
114 137
114 142
114 141
114 146
114 153
114 144
114 166
114 177
114 178
114 158
114 118
114 180
114 122
114 187
114 188
114 134
114 181
115 160
115 145
115 116
115 117
115 173
116 129
116 134
116 141
116 145
116 153
116 159
116 133
116 163
116 172
116 174
116 178
116 180
116 181
116 137
116 188
116 190
116 160
116 142
116 165
116 122
116 125
116 126
117 131
117 134
117 142
117 144
117 153
117 166
117 184
117 126
117 191
118 192
118 130
118 119
118 140
118 142
118 141
118 175
118 144
118 166
118 167
118 180
118 158
118 182
118 191
118 126
118 127
119 166
119 134
119 177
120 160
120 151
120 126
121 179
121 148
121 160
121 191
122 128
122 179
122 136
122 139
122 141
122 142
122 143
122 149
122 154
122 160
122 163
122 165
122 177
122 181
122 184
122 188
122 189
122 192
122 194
122 166
122 125
123 163
123 143
124 192
124 179
124 130
124 162
124 138
124 142
124 145
124 148
124 158
124 168
124 184
124 126
125 129
125 194
125 185
125 173
125 178
125 126
126 130
126 153
126 157
126 133
126 160
126 166
126 173
126 174
126 177
126 181
126 188
126 192
126 142
126 191
127 161
127 146
128 177
128 130
128 184
129 173
129 146
129 184
129 188
129 194
130 156
130 160
130 171
130 189
130 177
130 137
130 184
131 192
131 151
131 145
131 148
131 133
131 168
131 173
131 179
131 185
132 180
132 177
132 172
133 192
133 139
133 154
133 188
133 178
133 177
133 179
133 180
133 151
134 142
134 156
134 160
134 158
134 177
136 146
136 142
136 153
136 191
137 160
137 162
138 179
138 188
139 190
140 144
140 192
141 183
141 162
141 143
141 148
141 154
141 155
141 161
141 166
141 174
141 177
141 179
142 146
142 151
142 152
142 160
142 176
142 166
142 172
142 174
142 177
142 179
142 181
142 186
142 192
143 145
143 148
143 156
143 161
143 165
143 174
143 172
143 180
143 166
144 153
144 165
144 185
144 181
146 173
146 148
146 160
146 153
146 188
147 188
147 181
147 185
148 184
148 155
148 189
150 160
151 194
151 164
151 168
151 170
151 191
152 192
152 179
152 181
152 188
153 160
153 161
153 158
153 177
153 178
153 176
153 187
153 180
154 160
154 156
154 180
155 176
156 160
156 164
156 185
158 164
158 173
158 174
158 177
158 187
159 174
160 178
160 162
160 177
160 172
160 173
160 188
160 191
160 192
160 185
160 183
160 169
160 166
161 191
161 174
163 170
163 173
163 178
163 183
165 192
166 168
166 180
166 188
166 189
168 170
168 187
169 174
169 188
170 183
172 178
174 183
174 180
175 192
175 191
176 183
176 180
177 185
177 184
177 186
178 192
178 188
180 188
180 191
187 194
188 192
