0 192
0 194
0 68
0 5
0 73
0 11
0 13
0 77
0 79
0 18
0 169
0 23
0 153
0 93
0 94
0 95
0 160
0 98
0 187
0 165
0 166
0 177
0 31
0 105
0 146
0 46
0 175
0 113
0 115
0 52
0 158
0 54
0 137
0 57
0 58
0 59
0 151
0 61
0 62
1 27
1 3
2 97
2 134
2 40
2 9
2 139
2 140
2 125
2 81
2 153
2 90
2 188
2 61
3 9
3 11
3 142
3 144
3 17
3 19
3 78
3 22
3 87
3 28
3 93
3 158
3 95
3 98
3 99
3 166
3 168
3 159
3 112
3 116
3 117
3 118
3 185
3 122
3 59
3 62
4 160
4 68
4 5
4 7
4 104
4 9
4 42
4 159
4 78
4 168
4 177
4 116
4 117
4 22
4 184
4 58
4 27
4 28
4 106
4 95
5 131
5 132
5 7
5 9
5 142
5 15
5 144
5 146
5 21
5 22
5 23
5 27
5 28
5 158
5 31
5 32
5 161
5 162
5 166
5 41
5 46
5 178
5 52
5 53
5 180
5 58
5 59
5 63
5 160
5 68
5 69
5 71
5 73
5 78
5 80
5 82
5 87
5 88
5 90
5 186
5 94
5 95
5 98
5 99
5 112
5 114
5 117
5 118
5 153
5 122
5 126
6 116
6 108
6 62
7 192
7 97
7 40
7 180
7 86
7 122
7 59
7 37
7 158
7 191
8 96
8 97
8 166
8 118
8 158
8 191
9 51
9 134
9 193
9 136
9 10
9 130
9 17
9 19
9 21
9 22
9 26
9 28
9 154
9 31
9 160
9 33
9 35
9 164
9 166
9 168
9 156
9 170
9 179
9 181
9 55
9 184
9 58
9 59
9 188
9 62
9 191
9 32
9 67
9 73
9 80
9 87
9 89
9 91
9 186
9 94
9 95
9 131
9 103
9 120
9 122
10 132
10 12
10 142
10 15
10 144
10 22
10 25
10 153
10 27
10 156
10 160
10 162
10 166
10 40
10 41
10 175
10 177
10 52
10 54
10 55
10 187
10 188
10 61
10 32
10 66
10 68
10 77
10 87
10 169
10 90
10 91
10 93
10 97
10 98
10 99
10 38
10 189
10 59
10 114
10 115
10 116
10 119
10 124
10 126
11 66
11 68
11 101
11 134
11 136
11 73
11 170
11 172
11 112
11 52
11 21
11 151
11 88
11 89
11 26
11 91
11 58
11 53
12 64
12 96
12 130
12 166
12 137
12 112
12 21
12 25
12 26
12 27
12 188
13 160
13 130
13 51
13 68
13 177
13 180
13 169
13 132
13 77
13 78
14 105
14 179
14 166
14 191
15 99
15 137
15 139
15 46
15 177
15 163
15 181
15 118
15 55
15 184
15 90
15 155
15 154
16 48
16 114
16 163
16 181
16 118
16 183
16 123
16 157
17 64
17 192
17 68
17 133
17 79
17 18
17 19
17 21
17 151
17 25
17 154
17 69
17 160
17 34
17 99
17 164
17 104
17 105
17 173
17 49
17 52
17 181
17 73
17 153
17 180
17 95
17 126
18 97
18 180
18 74
18 112
18 116
18 53
18 55
18 153
18 27
18 63
19 66
19 161
19 190
19 130
19 141
19 144
19 147
19 22
19 87
19 25
19 94
19 95
19 96
19 33
19 101
19 165
19 104
19 177
19 83
19 52
19 181
19 119
19 62
20 123
20 99
20 31
20 23
20 77
20 142
20 115
20 53
20 118
20 87
20 58
20 27
20 154
20 126
20 95
21 128
21 192
21 66
21 143
21 156
21 84
21 22
21 69
21 88
21 25
21 91
21 28
21 94
21 95
21 97
21 98
21 155
21 105
21 108
21 47
21 177
21 114
21 179
21 116
21 30
21 118
21 56
21 180
21 58
21 140
21 190
22 130
22 141
22 142
22 143
22 152
22 146
22 23
22 137
22 26
22 156
22 133
22 160
22 35
22 37
22 41
22 43
22 44
22 46
22 48
22 177
22 178
22 179
22 181
22 55
22 57
22 187
22 60
22 62
22 64
22 66
22 68
22 71
22 73
22 80
22 163
22 185
22 88
22 89
22 91
22 93
22 94
22 95
22 97
22 98
22 99
22 102
22 104
22 105
22 114
22 190
22 118
22 121
22 122
23 128
23 45
23 129
23 136
23 141
23 142
23 143
23 145
23 146
23 153
23 27
23 28
23 185
23 133
23 160
23 161
23 49
23 168
23 173
23 174
23 177
23 178
23 183
23 56
23 57
23 31
23 62
23 192
23 77
23 87
23 90
23 91
23 95
23 96
23 98
23 99
23 104
23 111
23 116
23 118
23 122
24 25
24 119
24 189
24 87
25 65
25 130
25 67
25 70
25 136
25 141
25 78
25 190
25 80
25 90
25 87
25 120
25 26
25 101
25 93
25 94
25 31
25 160
25 144
25 187
25 37
25 173
25 142
25 48
25 179
25 158
25 134
25 56
25 148
25 153
25 95
25 62
26 128
26 130
26 155
26 70
26 161
26 143
26 122
26 87
26 89
26 91
26 93
26 95
26 160
26 97
26 35
26 134
26 102
26 112
26 44
26 151
26 27
26 49
26 178
26 51
26 53
26 108
26 55
26 153
26 180
26 58
26 60
26 61
26 166
27 192
27 130
27 67
27 134
27 129
27 136
27 139
27 141
27 112
27 184
27 84
27 68
27 95
27 32
27 33
27 99
27 101
27 133
27 41
27 135
27 45
27 111
27 48
27 169
27 55
27 160
27 58
27 124
27 61
27 126
28 129
28 130
28 68
28 144
28 169
28 90
28 94
28 80
28 98
28 99
28 166
28 41
28 85
28 125
28 126
28 127
29 170
29 175
30 114
30 136
30 185
30 154
30 91
30 156
30 37
30 111
31 140
31 142
31 144
31 146
31 133
31 32
31 161
31 163
31 166
31 169
31 42
31 174
31 175
31 177
31 181
31 183
31 188
31 62
31 191
31 192
31 65
31 68
31 33
31 73
31 160
31 84
31 87
31 89
31 90
31 91
31 94
31 98
31 105
31 114
31 118
31 153
31 148
31 122
31 126
32 144
32 160
32 105
32 156
32 177
33 97
33 105
33 46
33 142
33 177
33 178
33 85
33 188
34 65
34 55
35 131
35 68
35 70
35 136
35 141
35 174
35 185
35 89
35 91
35 93
35 96
35 155
35 37
35 105
35 46
35 179
35 52
35 55
35 184
35 57
35 59
36 131
37 160
37 161
37 99
37 73
37 45
37 80
37 118
37 86
37 119
37 179
37 124
37 93
37 133
38 96
38 69
38 54
38 87
38 73
38 59
38 188
38 158
38 174
39 98
39 67
39 130
39 141
40 192
40 84
40 53
40 73
40 148
40 146
40 142
40 127
41 65
41 68
41 73
41 77
41 78
41 80
41 81
41 147
41 142
41 152
41 153
41 95
41 160
41 97
41 98
41 99
41 101
41 156
41 170
41 114
41 180
41 118
41 58
41 61
42 176
42 113
42 98
42 99
42 147
42 184
42 179
42 114
42 174
43 80
44 144
44 130
44 116
44 53
44 108
44 118
44 142
45 192
45 170
45 143
45 61
45 78
45 95
46 105
46 110
46 176
46 146
46 174
46 55
46 185
46 90
46 122
48 114
48 83
48 158
49 64
49 192
49 66
49 67
49 68
49 104
49 125
49 99
49 116
49 188
49 58
50 130
50 179
50 93
50 118
50 165
51 97
51 130
51 102
51 104
51 107
51 172
51 93
51 118
51 55
51 57
51 58
51 79
51 60
51 90
51 94
52 194
52 68
52 71
52 140
52 82
52 99
52 148
52 87
52 90
52 156
52 122
52 94
52 160
52 166
52 177
52 168
52 169
52 172
52 146
52 112
52 113
52 180
52 158
52 118
52 58
52 188
52 125
52 62
52 63
53 160
53 139
53 68
53 71
53 137
53 113
53 126
53 55
53 152
53 92
53 61
53 62
53 133
54 96
54 98
54 68
54 133
54 137
54 192
54 130
54 143
54 116
54 59
54 93
54 127
55 130
55 141
55 142
55 147
55 172
55 174
55 177
55 178
55 179
55 180
55 183
55 58
55 59
55 188
55 61
55 190
55 63
55 192
55 73
55 77
55 86
55 91
55 94
55 95
55 96
55 98
55 99
55 102
55 103
55 104
55 105
55 113
55 114
55 120
55 122
55 191
55 126
56 68
56 179
56 140
56 77
56 142
56 89
56 90
56 58
56 97
56 99
56 112
56 114
56 115
56 116
56 190
56 118
56 57
56 122
56 60
56 125
56 62
56 191
57 147
57 151
57 190
57 152
57 99
57 88
57 89
57 90
57 93
57 95
57 160
57 98
57 104
57 114
57 116
57 126
57 118
57 119
57 122
57 188
57 125
57 62
58 161
58 141
58 132
58 92
58 90
58 97
58 99
58 113
58 172
58 174
58 111
58 180
58 118
58 105
58 186
58 188
58 125
59 64
59 126
59 68
59 134
59 77
59 78
59 79
59 141
59 99
59 142
59 87
59 90
59 155
59 157
59 95
59 160
59 188
59 98
59 177
59 104
59 105
59 113
59 117
59 120
59 185
59 122
59 60
59 61
59 62
60 133
60 104
60 110
60 143
60 142
60 91
60 61
60 95
61 192
61 130
61 135
61 66
61 141
61 80
61 99
61 148
61 86
61 88
61 158
61 95
61 165
61 91
61 134
61 112
61 180
61 184
61 185
61 189
61 62
62 150
62 136
62 143
62 148
62 160
62 172
62 179
62 184
62 186
62 159
62 63
62 192
62 66
62 68
62 71
62 77
62 87
62 88
62 89
62 92
62 94
62 99
62 131
62 104
62 105
62 147
62 118
62 153
62 124
63 192
63 116
63 173
63 179
63 180
63 90
63 165
64 160
64 99
64 73
64 78
64 114
64 142
64 122
64 91
64 188
64 174
65 133
65 141
65 71
65 130
65 177
66 130
66 68
66 73
66 77
66 87
66 90
66 91
66 160
66 100
66 168
66 174
66 112
66 178
66 116
66 183
66 180
66 188
66 126
67 128
67 166
67 174
67 176
67 115
67 151
67 95
68 131
68 142
68 146
68 152
68 154
68 157
68 160
68 162
68 177
68 178
68 181
68 73
68 77
68 86
68 87
68 91
68 94
68 95
68 97
68 98
68 99
68 104
68 112
68 122
68 126
69 192
69 146
69 177
69 153
69 95
69 92
70 98
70 99
70 164
70 179
70 166
70 174
70 112
70 82
70 184
70 89
70 90
71 192
71 75
71 105
71 139
71 143
71 146
71 191
71 118
71 126
72 180
73 181
73 162
73 130
73 158
73 141
73 169
73 151
73 89
73 91
73 156
73 94
73 95
73 133
73 161
73 98
73 99
73 108
73 173
73 104
73 179
73 116
73 117
73 118
73 153
73 121
73 126
73 166
75 113
77 129
77 131
77 87
77 140
77 142
77 143
77 160
77 163
77 101
77 110
77 112
77 118
77 188
78 165
78 102
78 168
78 192
78 142
78 81
78 163
78 185
78 88
78 90
78 122
78 133
79 116
79 97
79 80
79 137
79 122
79 135
79 177
80 160
80 161
80 194
80 134
80 101
80 113
80 156
80 188
80 116
80 184
80 91
81 166
81 105
81 120
81 122
81 151
81 146
81 95
82 129
82 184
82 150
82 95
83 98
83 99
83 118
83 112
83 122
83 140
83 126
84 112
84 177
84 178
84 188
85 144
85 131
85 133
85 161
85 177
85 90
86 97
86 98
86 189
86 177
86 179
86 90
86 91
86 124
87 128
87 192
87 162
87 164
87 146
87 150
87 154
87 95
87 96
87 98
87 131
87 102
87 114
87 181
87 122
87 189
87 166
88 160
88 97
88 98
88 110
88 175
88 184
88 154
88 191
89 131
89 142
89 99
89 91
89 154
89 160
89 98
89 163
89 168
89 180
89 114
89 179
89 116
89 118
89 120
89 122
89 124
89 191
90 179
90 140
90 146
90 154
90 143
90 122
90 94
90 97
90 98
90 155
90 142
90 105
90 180
90 177
90 158
90 183
90 124
91 128
91 192
91 143
91 99
91 153
91 144
91 103
91 170
91 111
91 177
91 116
91 132
91 122
91 126
91 191
92 160
92 181
92 98
92 116
92 191
92 156
92 192
93 128
93 179
93 137
93 192
93 142
93 99
93 154
93 158
93 95
93 161
93 98
93 169
93 107
93 114
93 116
93 188
93 125
94 192
94 130
94 161
94 140
94 142
94 169
94 137
94 186
94 158
94 133
94 97
94 98
94 99
94 165
94 166
94 103
94 104
94 105
94 178
94 189
94 112
94 114
94 181
94 122
94 125
94 191
95 130
95 134
95 136
95 151
95 146
95 133
95 160
95 162
95 164
95 165
95 166
95 168
95 174
95 178
95 182
95 184
95 192
95 98
95 99
95 131
95 108
95 189
95 112
95 113
95 114
95 116
95 118
95 124
95 126
96 98
96 105
96 111
96 120
96 154
96 188
96 125
97 129
97 131
97 137
97 161
97 159
97 163
97 164
97 181
97 138
97 126
98 129
98 130
98 134
98 140
98 142
98 160
98 173
98 175
98 188
98 191
98 183
98 99
98 104
98 105
98 113
98 116
98 117
98 118
98 126
99 129
99 134
99 136
99 142
99 131
99 153
99 160
99 180
99 166
99 178
99 138
99 188
99 184
99 105
99 108
99 112
99 114
99 115
99 116
99 118
99 122
100 192
100 130
101 130
101 176
102 192
102 165
102 136
102 178
102 184
102 153
102 182
103 112
103 130
103 132
103 142
104 131
104 162
104 142
104 190
104 177
104 137
104 154
104 113
104 170
104 174
104 185
104 122
104 124
104 126
104 191
105 130
105 142
105 133
105 136
105 160
105 162
105 186
105 122
105 164
105 165
105 166
105 170
105 159
105 174
105 180
105 177
105 114
105 147
105 116
105 126
105 121
106 160
106 164
107 178
107 191
108 130
108 132
108 194
108 114
108 180
108 118
108 185
108 140
109 125
110 181
110 118
110 188
111 161
111 155
111 158
111 112
111 116
111 122
111 152
111 180
111 154
111 165
112 184
112 150
112 133
112 165
112 134
112 166
112 146
112 176
112 117
112 185
112 122
112 188
112 126
113 144
113 163
113 165
113 142
113 178
113 153
114 134
114 142
114 145
114 146
114 147
114 160
114 164
114 165
114 166
114 119
114 175
114 177
114 179
114 116
114 122
114 124
114 125
115 131
115 137
115 173
115 144
115 178
115 125
115 191
116 192
116 130
116 154
116 160
116 161
116 164
116 165
116 178
116 122
116 188
116 126
117 118
117 120
117 154
117 188
118 128
118 130
118 134
118 142
118 153
118 154
118 160
118 133
118 166
118 167
118 174
118 189
118 179
118 122
118 124
118 126
119 128
119 124
120 130
120 137
120 178
120 154
121 135
121 150
122 192
122 130
122 136
122 151
122 141
122 142
122 143
122 144
122 146
122 184
122 157
122 158
122 160
122 161
122 163
122 166
122 176
122 177
122 178
122 188
122 191
122 194
122 125
122 126
124 133
124 130
124 134
124 139
124 172
124 148
124 126
124 166
125 144
125 146
125 154
125 158
125 162
125 164
125 177
125 188
126 134
126 142
126 146
126 147
126 151
126 158
126 160
126 166
126 169
126 173
126 176
126 178
126 180
126 184
126 185
126 188
126 138
126 191
128 174
128 144
128 183
128 148
128 158
129 160
129 174
129 144
129 187
129 158
130 192
130 131
130 134
130 193
130 179
130 156
130 166
130 177
130 140
131 192
131 143
131 179
131 160
131 170
131 173
131 176
131 184
132 192
132 162
132 134
132 136
132 169
132 139
132 142
132 178
132 183
132 156
133 151
133 142
133 160
133 178
133 180
133 137
134 157
134 159
134 160
134 189
134 180
134 187
136 160
136 142
136 190
136 144
136 188
137 169
137 141
137 158
137 177
138 160
138 147
138 181
138 154
139 144
140 166
140 169
141 145
141 164
141 165
141 166
141 189
141 176
141 153
141 188
142 192
142 172
142 146
142 150
142 151
142 153
142 160
142 167
142 170
142 173
142 177
142 178
142 179
142 180
142 189
142 183
142 184
142 169
143 188
143 156
143 158
143 160
143 164
143 169
143 177
143 181
143 191
144 184
144 153
144 179
144 165
144 166
144 160
144 185
144 188
145 166
146 186
146 176
146 183
146 151
147 166
147 169
147 153
147 187
147 159
148 160
148 188
149 177
150 160
150 153
150 154
151 177
151 178
151 183
151 184
151 156
152 177
152 154
152 188
153 158
153 161
153 164
153 166
153 187
154 160
155 192
157 177
157 178
157 192
158 194
158 160
158 177
158 180
159 185
160 163
160 180
160 184
160 188
160 191
160 187
161 166
163 173
163 179
163 174
163 191
164 176
165 179
165 192
166 182
166 179
166 172
167 191
168 191
169 181
169 184
169 180
171 178
173 177
173 183
174 176
174 188
175 189
176 187
177 179
177 181
177 183
177 180
177 186
178 185
179 191
181 183
184 192
187 191
188 190
