0 192
0 4
0 5
0 134
0 9
0 10
0 142
0 15
0 17
0 146
0 19
0 21
0 22
0 23
0 179
0 27
0 156
0 157
0 150
0 31
0 160
0 33
0 166
0 169
0 174
0 51
0 53
0 54
0 55
0 188
0 62
0 63
0 64
0 67
0 68
0 73
0 143
0 77
0 85
0 89
0 90
0 91
0 92
0 93
0 95
0 99
0 102
0 105
0 113
0 114
0 122
0 191
0 126
2 112
2 33
2 116
2 38
2 104
2 73
2 90
2 122
2 14
3 192
3 194
3 131
3 5
3 70
3 71
3 136
3 177
3 11
3 142
3 174
3 87
3 27
3 95
3 160
3 161
3 163
3 49
3 167
3 45
3 46
3 113
3 179
3 52
3 117
3 57
3 122
3 126
3 191
4 35
4 150
4 142
4 41
4 122
4 173
4 46
4 15
4 99
4 51
4 53
4 118
4 185
4 57
4 26
4 91
4 188
4 90
4 31
5 128
5 8
5 9
5 142
5 146
5 148
5 22
5 23
5 137
5 25
5 26
5 27
5 154
5 31
5 32
5 35
5 164
5 165
5 166
5 45
5 179
5 52
5 55
5 184
5 59
5 188
5 61
5 62
5 191
5 160
5 66
5 68
5 69
5 71
5 73
5 74
5 183
5 78
5 85
5 87
5 89
5 90
5 93
5 94
5 95
5 103
5 105
5 111
5 112
5 113
5 114
5 116
5 122
5 124
5 126
6 163
6 95
7 33
7 163
7 165
7 105
7 140
7 175
7 23
7 58
7 91
7 92
7 90
7 31
8 177
8 114
8 68
8 38
8 69
8 152
8 159
8 125
8 14
8 37
9 128
9 130
9 67
9 184
9 138
9 13
9 145
9 19
9 22
9 23
9 25
9 98
9 27
9 28
9 26
9 158
9 95
9 97
9 34
9 99
9 37
9 165
9 167
9 40
9 41
9 170
9 174
9 104
9 114
9 105
9 118
9 55
9 56
9 180
9 58
10 192
10 66
10 70
10 139
10 162
10 78
10 77
10 141
10 146
10 23
10 89
10 90
10 27
10 130
10 160
10 98
10 163
10 164
10 166
10 172
10 177
10 116
10 55
10 52
10 58
10 31
11 133
11 68
11 69
11 38
11 104
11 73
11 170
11 151
11 12
11 49
11 19
11 134
11 185
11 122
11 91
11 156
11 62
11 31
12 161
12 130
12 132
12 166
12 150
12 177
12 180
12 107
12 126
12 111
13 96
13 91
13 116
13 129
14 99
14 133
14 104
14 139
14 18
14 67
14 180
14 53
14 118
14 87
14 122
14 125
15 116
15 53
15 57
15 184
15 25
15 95
15 60
15 143
15 31
16 32
16 49
16 166
16 153
16 64
16 137
16 26
16 90
17 160
17 194
17 68
17 185
17 70
17 136
17 192
17 78
17 80
17 120
17 83
17 22
17 151
17 152
17 153
17 175
17 94
17 95
17 144
17 97
17 98
17 35
17 164
17 105
17 106
17 178
17 174
17 111
17 99
17 49
17 114
17 19
17 180
17 158
17 118
17 183
17 56
17 57
17 122
17 61
17 62
18 32
18 66
18 99
18 69
18 166
18 138
18 19
18 52
18 46
18 183
18 122
18 91
18 62
18 159
19 66
19 68
19 144
19 21
19 132
19 90
19 27
19 158
19 159
19 160
19 98
19 99
19 113
19 172
19 49
19 180
19 118
19 57
19 188
19 61
20 80
20 68
20 165
20 87
20 26
20 44
20 63
21 64
21 130
21 68
21 133
21 194
21 77
21 141
21 146
21 84
21 85
21 22
21 23
21 89
21 179
21 27
21 93
21 94
21 95
21 161
21 102
21 177
21 107
21 172
21 174
21 112
21 49
21 178
21 147
21 52
21 183
21 56
21 116
21 58
21 188
21 126
22 192
22 132
22 136
22 151
22 142
22 144
22 146
22 23
22 152
22 25
22 27
22 31
22 133
22 165
22 168
22 41
22 172
22 176
22 177
22 178
22 179
22 52
22 182
22 57
22 63
22 64
22 160
22 66
22 68
22 70
22 73
22 84
22 24
22 89
22 90
22 91
22 93
22 94
22 95
22 98
22 99
22 105
22 108
22 111
22 112
22 116
22 122
22 191
22 126
23 142
23 147
23 137
23 27
23 158
23 160
23 165
23 166
23 177
23 169
23 170
23 173
23 46
23 176
23 49
23 178
23 51
23 54
23 55
23 58
23 62
23 69
23 78
23 81
23 83
23 86
23 87
23 88
23 90
23 94
23 97
23 98
23 107
23 111
23 112
23 118
23 122
23 124
24 164
24 66
24 153
24 142
24 69
24 71
24 137
24 73
24 90
24 134
25 129
25 66
25 186
25 55
25 142
25 81
25 146
25 147
25 85
25 86
25 150
25 27
25 26
25 94
25 95
25 116
25 99
25 163
25 40
25 122
25 113
25 52
25 73
25 184
25 57
25 58
25 168
25 60
25 61
25 63
26 193
26 66
26 150
26 69
26 90
26 27
26 28
26 94
26 95
26 133
26 144
26 49
26 104
26 177
26 113
26 50
26 115
26 52
26 118
26 73
26 31
27 134
27 139
27 194
27 144
27 145
27 133
27 160
27 161
27 162
27 164
27 37
27 168
27 169
27 178
27 179
27 180
27 137
27 56
27 58
27 59
27 151
27 61
27 62
27 191
27 64
27 66
27 67
27 68
27 70
27 73
27 55
27 77
27 78
27 80
27 89
27 91
27 95
27 188
27 98
27 99
27 105
27 112
27 113
27 115
27 116
27 118
27 153
27 122
27 124
28 160
28 97
28 67
28 131
28 104
28 41
28 112
28 73
28 80
28 114
28 58
28 54
28 55
28 184
28 90
28 126
29 97
29 140
29 31
30 64
30 136
30 68
30 118
30 55
30 88
30 153
30 142
31 136
31 142
31 143
31 146
31 188
31 151
31 153
31 156
31 150
31 133
31 32
31 161
31 91
31 41
31 159
31 177
31 55
31 59
31 60
31 61
31 62
31 191
31 64
31 160
31 66
31 68
31 69
31 77
31 78
31 189
31 80
31 163
31 87
31 90
31 93
31 94
31 95
31 97
31 98
31 99
31 105
31 108
31 154
31 112
31 118
31 122
31 124
32 165
32 130
32 178
32 37
32 134
32 71
32 104
32 107
32 140
32 166
32 46
32 120
32 122
33 160
33 105
33 77
33 142
33 173
33 55
33 184
33 169
33 58
33 188
33 158
33 95
34 124
34 53
34 174
34 173
35 98
35 77
35 173
35 144
35 52
35 118
35 153
35 60
35 95
36 59
36 116
37 130
37 99
37 69
37 166
37 73
37 93
37 114
37 84
37 54
37 116
37 61
37 126
38 129
38 98
38 168
38 130
38 142
38 112
38 181
38 56
38 153
38 189
39 178
39 78
40 96
40 114
40 52
40 73
40 55
40 185
40 183
40 178
40 142
41 128
41 130
41 133
41 71
41 77
41 141
41 80
41 82
41 94
41 95
41 161
41 98
41 99
41 164
41 165
41 102
41 113
41 169
41 170
41 49
41 114
41 180
41 73
41 56
41 126
42 101
42 166
42 135
42 169
42 106
42 78
42 175
42 115
42 84
42 87
42 155
42 92
42 95
43 165
43 170
43 125
43 133
44 144
44 160
44 162
44 134
44 55
45 177
45 70
45 183
45 108
45 125
46 97
46 194
46 134
46 77
46 79
46 180
46 181
46 153
46 122
46 91
46 58
47 172
47 94
48 105
48 90
48 85
49 66
49 161
49 77
49 78
49 79
49 153
49 91
49 95
49 144
49 180
49 142
49 112
49 114
49 116
49 190
49 55
49 184
49 52
49 61
49 126
49 191
50 180
50 164
50 66
50 126
51 82
51 69
51 54
51 153
51 124
51 142
51 165
52 66
52 68
52 70
52 190
52 77
52 142
52 141
52 80
52 83
52 87
52 130
52 95
52 160
52 162
52 131
52 165
52 105
52 170
52 172
52 174
52 99
52 126
52 118
52 169
52 104
52 122
52 188
52 62
53 147
53 84
53 85
53 87
53 90
53 156
53 95
53 160
53 161
53 101
53 188
53 191
53 175
53 112
53 178
53 56
53 187
53 124
53 62
53 63
54 129
54 163
54 134
54 146
54 148
54 58
54 122
54 126
55 129
55 134
55 139
55 192
55 172
55 142
55 143
55 147
55 160
55 177
55 169
55 170
55 174
55 128
55 180
55 158
55 183
55 184
55 57
55 58
55 60
55 62
55 181
55 64
55 68
55 71
55 73
55 78
55 85
55 185
55 90
55 94
55 95
55 99
55 101
55 105
55 108
55 111
55 114
55 118
55 153
55 122
55 124
55 126
56 130
56 73
56 77
56 143
56 163
56 99
56 165
56 104
56 178
56 179
56 116
56 181
56 185
56 191
56 126
57 129
57 134
57 147
57 151
57 152
57 80
57 83
57 126
57 88
57 122
57 94
57 95
58 130
58 134
58 150
58 89
58 90
58 160
58 163
58 164
58 101
58 124
58 154
58 189
58 114
58 116
58 126
58 118
58 180
58 187
58 60
58 61
58 62
59 64
59 65
59 68
59 129
59 73
59 142
59 147
59 94
59 160
59 161
59 165
59 168
59 105
59 172
59 174
59 175
59 113
59 116
59 62
59 137
59 180
59 122
59 95
59 124
59 126
60 96
60 67
60 101
60 141
60 152
60 113
60 146
60 190
60 87
60 120
60 175
60 62
61 66
61 131
61 134
61 175
61 130
61 142
61 141
61 80
61 85
61 87
61 89
61 90
61 91
61 158
61 133
61 161
61 98
61 188
61 177
61 105
61 172
61 111
61 114
61 118
61 169
61 184
61 180
61 123
61 124
61 62
61 191
62 160
62 66
62 139
62 68
62 134
62 125
62 177
62 77
62 81
62 148
62 87
62 89
62 90
62 93
62 158
62 96
62 191
62 99
62 166
62 95
62 108
62 146
62 111
62 113
62 179
62 116
62 117
63 98
63 131
63 114
63 150
63 95
64 166
64 71
64 168
64 183
64 108
64 79
64 81
64 91
64 99
64 90
65 130
65 94
66 178
66 73
66 184
66 153
66 91
66 95
66 160
66 99
66 102
66 177
66 169
66 114
66 189
66 179
66 126
66 183
66 120
66 116
66 122
67 162
67 131
67 70
67 134
67 143
67 177
67 178
67 174
67 182
67 87
67 184
67 153
67 122
67 158
68 192
68 126
68 130
68 158
68 177
68 77
68 78
68 190
68 81
68 87
68 153
68 92
68 160
68 188
68 134
68 119
68 156
68 172
68 142
68 136
68 114
68 94
68 118
68 182
68 180
68 122
68 151
69 191
69 140
69 178
69 111
69 151
69 122
69 126
70 98
70 177
70 169
70 74
70 111
70 144
70 114
70 188
71 73
71 128
71 172
71 142
71 189
71 114
71 99
71 150
71 186
71 170
72 126
73 129
73 139
73 136
73 192
73 78
73 92
73 99
73 142
73 89
73 91
73 94
73 160
73 98
73 178
73 180
73 158
73 122
73 188
73 183
73 169
73 181
75 177
75 114
75 77
77 78
77 143
77 81
77 146
77 185
77 91
77 93
77 94
77 102
77 171
77 178
77 114
77 118
77 169
77 116
78 192
78 130
78 131
78 142
78 170
78 177
78 180
78 120
78 122
79 96
79 134
79 113
79 161
79 139
79 141
79 147
79 90
79 94
80 129
80 131
80 139
80 186
80 93
80 160
80 99
80 104
80 172
80 91
80 179
80 122
80 95
81 153
81 166
81 105
81 174
81 177
81 118
81 88
81 89
81 169
81 188
81 126
82 176
82 192
82 130
82 118
82 134
82 169
82 142
83 164
83 134
83 118
83 124
84 112
84 147
84 122
84 90
84 136
85 97
85 99
85 112
85 170
85 183
85 108
85 177
85 116
85 126
86 98
87 192
87 137
87 151
87 142
87 89
87 158
87 96
87 97
87 131
87 170
87 102
87 124
87 113
87 179
87 116
87 118
87 169
87 191
88 142
88 118
88 105
89 160
89 134
89 143
89 148
89 152
89 94
89 95
89 96
89 161
89 105
89 137
89 185
89 126
90 128
90 137
90 192
90 142
90 151
90 154
90 161
90 163
90 164
90 135
90 174
90 177
90 178
90 188
90 191
90 91
90 95
90 98
90 103
90 108
90 114
90 117
90 126
91 133
91 143
91 142
91 94
91 160
91 161
91 98
91 164
91 101
91 168
91 105
91 146
91 125
91 112
91 179
91 181
91 189
91 159
92 98
92 99
92 170
92 166
92 130
92 185
93 160
93 126
93 165
93 106
93 166
93 172
93 142
93 177
93 180
93 122
93 124
94 162
94 139
94 143
94 163
94 121
94 118
94 95
94 97
94 98
94 99
94 172
94 112
94 177
94 180
94 116
94 188
94 125
94 126
95 128
95 142
95 143
95 151
95 156
95 133
95 162
95 177
95 180
95 178
95 184
95 188
95 160
95 161
95 98
95 99
95 104
95 105
95 108
95 114
95 116
95 191
95 126
96 192
96 162
96 99
96 151
96 142
96 163
96 124
97 128
97 131
97 132
97 133
97 134
97 151
97 98
97 105
97 176
97 178
97 180
97 182
98 128
98 160
98 150
98 192
98 141
98 142
98 133
98 164
98 134
98 168
98 171
98 172
98 163
98 105
98 190
98 118
98 184
98 180
98 122
98 188
98 126
99 128
99 131
99 134
99 192
99 141
99 143
99 151
99 158
99 160
99 142
99 177
99 178
99 180
99 187
99 188
99 183
99 184
99 185
99 105
99 114
99 116
99 118
99 120
99 126
100 192
100 180
101 146
101 134
101 191
101 175
102 137
103 160
103 131
103 166
103 137
103 178
103 190
103 118
103 105
103 156
103 158
104 192
104 133
104 135
104 136
104 143
104 142
104 151
104 163
104 105
104 111
104 115
104 180
104 122
104 188
105 192
105 107
105 141
105 142
105 144
105 151
105 155
105 160
105 113
105 166
105 112
105 178
105 187
105 118
105 184
105 188
105 169
105 127
106 114
106 163
106 180
106 118
106 146
107 192
107 146
108 160
108 175
108 181
108 119
108 142
108 141
108 146
108 116
108 122
110 124
111 162
111 113
111 142
111 118
111 116
111 183
111 188
112 128
112 130
112 158
112 177
112 172
112 178
112 189
112 114
112 116
112 180
112 125
112 126
113 132
113 134
113 143
113 188
113 177
113 114
113 118
113 184
113 126
114 131
114 138
114 142
114 154
114 151
114 122
114 160
114 172
114 180
114 185
114 168
114 188
114 126
115 168
115 118
116 130
116 194
116 151
116 142
116 146
116 175
116 182
116 191
116 178
116 147
116 118
116 134
116 188
117 164
117 166
117 134
117 172
117 142
117 145
117 150
117 153
117 187
117 122
118 130
118 151
118 144
118 152
118 157
118 160
118 161
118 169
118 177
118 180
118 190
118 142
118 189
118 119
119 166
119 169
119 174
120 142
120 185
120 122
121 161
122 128
122 130
122 131
122 180
122 168
122 170
122 172
122 176
122 177
122 181
122 184
122 151
122 160
122 141
122 142
122 146
122 124
124 160
124 130
124 131
124 134
124 161
124 146
124 154
124 158
124 163
124 164
124 165
124 173
124 188
125 129
125 162
125 193
125 189
126 134
126 136
126 142
126 146
126 147
126 155
126 156
126 168
126 175
126 176
126 191
126 192
126 183
126 185
126 182
127 184
128 133
128 164
128 166
128 142
128 191
129 179
129 184
129 155
130 131
130 160
130 188
130 175
130 177
130 179
130 190
131 133
131 161
131 144
131 146
131 152
131 162
131 178
131 174
131 177
132 188
132 133
132 184
132 172
132 142
133 144
133 192
133 136
134 160
134 155
134 142
134 144
134 152
134 186
134 163
134 191
135 153
135 170
136 160
136 176
136 191
136 144
136 183
136 152
136 184
137 160
137 194
137 141
137 177
137 150
137 189
137 153
138 144
139 188
139 142
140 177
141 160
141 164
141 151
141 142
141 147
141 153
141 158
142 143
142 144
142 152
142 146
142 154
142 157
142 160
142 177
142 174
142 178
142 158
142 191
142 192
142 153
142 166
142 168
143 166
143 144
143 152
144 187
144 177
144 152
145 160
145 150
146 188
146 151
146 150
146 160
146 169
146 180
146 189
147 166
148 150
148 151
148 173
149 151
150 155
150 191
150 178
150 189
151 192
151 172
152 176
152 178
152 175
152 158
153 183
153 174
153 164
153 156
153 158
153 165
153 177
154 177
155 166
156 163
156 166
156 190
156 177
158 160
158 166
160 164
160 166
160 175
160 177
160 179
160 180
160 181
160 191
161 192
161 177
161 173
161 178
161 169
161 184
162 168
162 181
162 188
163 193
163 168
164 177
164 191
165 192
165 170
165 177
166 194
166 168
166 172
167 168
168 179
169 192
169 176
172 175
172 177
172 184
172 180
173 188
173 192
174 184
174 188
177 178
177 179
177 188
178 185
178 180
178 189
178 181
179 184
179 190
179 180
180 192
180 181
180 184
181 187
183 188
184 187
184 188
185 191
187 192
188 189
188 191
