0 192
0 2
0 68
0 5
0 130
0 71
0 172
0 10
0 13
0 163
0 19
0 21
0 150
0 23
0 89
0 179
0 27
0 28
0 174
0 31
0 32
0 99
0 134
0 177
0 41
0 125
0 46
0 111
0 112
0 113
0 51
0 52
0 117
0 118
0 184
0 185
0 122
0 159
0 188
0 61
0 62
0 191
1 17
2 160
2 71
2 169
2 10
2 176
2 12
2 14
2 144
2 179
2 150
2 90
2 93
2 191
3 64
3 160
3 162
3 5
3 103
3 168
3 105
3 138
3 142
3 177
3 148
3 21
3 22
3 9
3 184
3 57
3 122
3 28
3 31
4 129
4 180
4 150
4 102
4 167
4 73
4 142
4 143
4 49
4 146
4 147
4 25
4 78
4 89
4 55
4 153
4 57
4 184
4 125
4 158
5 130
5 8
5 137
5 10
5 11
5 13
5 142
5 143
5 17
5 18
5 23
5 25
5 27
5 31
5 160
5 37
5 168
5 41
5 171
5 44
5 178
5 50
5 172
5 180
5 53
5 57
5 59
5 151
5 61
5 62
5 191
5 192
5 68
5 77
5 79
5 83
5 185
5 89
5 92
5 93
5 96
5 97
5 98
5 99
5 104
5 188
5 108
5 114
5 116
5 118
5 122
5 124
6 67
6 164
6 117
7 17
7 18
7 52
7 134
7 118
7 71
7 130
7 94
7 166
8 33
8 164
8 97
8 104
8 9
8 184
8 146
8 56
8 122
8 91
8 62
9 192
9 160
9 66
9 68
9 134
9 73
9 17
9 21
9 23
9 89
9 154
9 91
9 93
9 95
9 32
9 162
9 99
9 37
9 167
9 184
9 172
9 189
9 114
9 51
9 116
9 117
9 153
9 180
9 122
9 31
9 125
9 62
10 51
10 134
10 136
10 151
10 141
10 143
10 18
10 22
10 23
10 25
10 158
10 160
10 42
10 174
10 47
10 177
10 179
10 180
10 53
10 56
10 52
10 59
10 61
10 62
10 181
10 32
10 185
10 73
10 77
10 80
10 87
10 89
10 90
10 91
10 98
10 99
10 104
10 108
10 116
10 122
10 126
11 32
11 133
11 130
11 115
11 68
11 38
11 165
11 45
11 49
11 19
11 148
11 21
11 166
11 26
11 70
11 122
11 95
12 71
12 172
12 140
12 130
12 79
12 112
12 51
12 84
12 53
12 25
12 89
12 26
12 92
12 125
12 63
13 161
13 66
13 99
13 87
13 78
13 174
13 114
13 62
13 55
13 185
13 94
13 85
14 177
14 181
14 103
14 89
14 28
14 31
15 33
15 98
15 165
15 49
15 40
15 113
15 83
15 52
15 22
15 180
15 90
15 28
16 104
16 68
16 102
16 56
16 26
16 184
16 170
17 192
17 66
17 68
17 55
17 130
17 142
17 79
17 144
17 170
17 22
17 87
17 90
17 27
17 93
17 94
17 69
17 160
17 98
17 99
17 166
17 168
17 105
17 95
17 45
17 49
17 183
17 179
17 117
17 54
17 73
17 56
17 122
17 31
17 188
17 125
17 62
17 191
18 180
18 136
18 188
18 77
18 142
18 143
18 80
18 177
18 179
18 116
18 118
18 23
18 184
18 89
18 90
18 92
18 61
18 31
19 192
19 68
19 76
19 77
19 143
19 145
19 99
19 21
19 23
19 89
19 122
19 95
19 160
19 35
19 169
19 112
19 177
19 114
19 116
19 117
19 153
19 52
19 58
19 31
19 60
19 126
19 191
20 35
20 68
20 179
20 40
20 41
20 107
20 158
20 111
20 80
20 99
20 116
20 126
20 22
20 73
20 152
20 25
20 90
20 91
20 30
20 191
21 68
21 162
21 73
21 74
21 77
21 78
21 141
21 144
21 84
21 142
21 87
21 169
21 90
21 91
21 31
21 98
21 164
21 102
21 105
21 112
21 177
21 179
21 180
21 184
21 122
21 188
21 62
22 128
22 129
22 133
22 134
22 141
22 142
22 144
22 147
22 150
22 23
22 25
22 26
22 157
22 158
22 160
22 162
22 180
22 164
22 166
22 169
22 172
22 46
22 177
22 178
22 51
22 52
22 55
22 56
22 57
22 186
22 60
22 62
22 192
22 68
22 73
22 77
22 87
22 90
22 94
22 95
22 188
22 97
22 99
22 104
22 105
22 111
22 112
22 114
22 116
22 117
22 118
22 120
22 122
22 126
23 130
23 132
23 136
23 143
23 148
23 150
23 31
23 160
23 40
23 41
23 46
23 176
23 177
23 51
23 52
23 158
23 137
23 184
23 58
23 188
23 62
23 66
23 67
23 68
23 73
23 55
23 77
23 78
23 81
23 85
23 87
23 89
23 90
23 91
23 94
23 95
23 98
23 105
23 111
23 168
23 117
23 118
23 122
24 66
24 67
24 68
24 37
24 137
24 183
24 141
24 175
24 113
24 105
24 156
24 93
24 94
24 133
25 66
25 134
25 136
25 142
25 87
25 68
25 27
25 156
25 93
25 185
25 160
25 163
25 38
25 103
25 168
25 45
25 174
25 111
25 116
25 55
25 180
25 122
25 61
25 126
25 63
26 134
26 161
26 143
26 80
26 145
26 148
26 27
26 158
26 31
26 160
26 37
26 41
26 170
26 177
26 114
26 94
26 55
26 184
26 58
26 188
26 61
26 62
26 191
27 130
27 131
27 140
27 142
27 147
27 152
27 154
27 28
27 158
27 160
27 161
27 180
27 156
27 170
27 173
27 175
27 177
27 178
27 179
27 52
27 181
27 54
27 55
27 56
27 57
27 58
27 59
27 60
27 63
27 64
27 65
27 68
27 70
27 84
27 87
27 90
27 91
27 93
27 96
27 98
27 101
27 103
27 107
27 113
27 114
27 116
27 118
27 122
27 191
28 67
28 38
28 103
28 73
28 172
28 148
28 184
30 165
30 82
30 180
30 68
30 78
30 52
30 58
30 31
31 129
31 130
31 136
31 128
31 144
31 137
31 155
31 160
31 161
31 165
31 41
31 42
31 44
31 177
31 178
31 52
31 53
31 55
31 57
31 61
31 62
31 191
31 192
31 65
31 68
31 158
31 73
31 77
31 87
31 91
31 93
31 94
31 95
31 96
31 99
31 102
31 104
31 105
31 108
31 112
31 147
31 118
31 122
32 180
32 35
32 116
32 153
32 90
32 174
32 93
33 80
33 152
33 180
33 60
33 95
34 82
34 132
34 69
34 182
34 191
35 42
35 143
35 112
35 52
35 94
35 182
35 56
35 92
35 189
35 126
35 191
36 122
36 94
37 64
37 128
37 99
37 68
37 161
37 46
37 153
37 184
37 52
37 126
37 185
37 137
37 121
37 191
37 93
37 62
37 95
38 113
38 73
38 184
38 90
38 151
38 62
39 56
39 98
39 114
40 66
40 133
40 166
40 137
40 174
40 179
40 118
40 153
40 79
41 64
41 130
41 192
41 189
41 80
41 81
41 146
41 154
41 156
41 93
41 95
41 97
41 99
41 170
41 166
41 145
41 168
41 42
41 125
41 113
41 179
41 116
41 187
41 118
41 55
41 56
41 180
41 122
41 61
41 62
41 191
42 166
42 69
42 70
42 60
42 122
43 192
44 112
44 160
44 153
44 93
44 47
45 160
45 192
45 164
45 165
45 189
45 112
45 114
45 61
45 158
46 139
46 156
46 154
46 191
46 143
46 112
46 177
46 114
46 55
46 122
46 91
46 151
46 125
46 133
48 88
48 68
48 163
48 52
48 53
49 160
49 112
49 101
49 146
49 138
49 172
49 141
49 142
49 80
49 114
49 54
49 87
49 122
49 158
50 116
51 64
51 66
51 99
51 68
51 70
51 143
51 184
51 169
52 64
52 132
52 70
52 168
52 189
52 77
52 158
52 91
52 101
52 97
52 98
52 102
52 103
52 104
52 170
52 135
52 192
52 125
52 114
52 179
52 180
52 94
52 99
52 55
52 58
52 59
52 61
53 128
53 68
53 73
53 143
53 147
53 85
53 132
53 160
53 165
53 166
53 60
53 177
53 190
53 55
53 122
53 124
53 62
53 127
54 119
54 153
54 90
54 188
54 158
55 128
55 130
55 131
55 135
55 142
55 147
55 174
55 150
55 152
55 158
55 133
55 161
55 180
55 168
55 176
55 56
55 57
55 188
55 64
55 66
55 68
55 73
55 78
55 81
55 83
55 185
55 91
55 94
55 98
55 99
55 102
55 104
55 105
55 116
55 117
55 118
55 169
55 153
55 122
55 124
55 126
56 78
56 144
56 99
56 85
56 87
56 160
56 165
56 104
56 172
56 174
56 111
56 113
56 184
56 58
56 61
57 64
57 66
57 73
57 183
57 143
57 145
57 68
57 91
57 94
57 69
57 162
57 179
57 62
57 121
57 122
57 188
57 189
57 126
58 128
58 130
58 131
58 68
58 134
58 62
58 142
58 79
58 80
58 95
58 97
58 98
58 99
58 163
58 61
58 179
58 117
58 183
58 185
58 59
58 125
58 126
58 181
59 193
59 130
59 67
59 136
59 140
59 78
59 84
59 142
59 151
59 89
59 90
59 91
59 94
59 95
59 99
59 164
59 113
59 114
59 179
59 181
59 153
59 148
59 122
59 159
59 188
59 138
59 62
60 95
60 166
60 144
60 73
60 160
60 108
60 174
60 99
60 148
60 105
60 88
60 90
60 91
60 122
60 63
61 67
61 135
61 136
61 139
61 140
61 84
61 153
61 158
61 95
61 160
61 178
61 170
61 175
61 112
61 114
61 169
61 122
61 126
62 142
62 153
62 156
62 133
62 168
62 174
62 175
62 177
62 178
62 179
62 137
62 184
62 188
62 63
62 160
62 66
62 183
62 77
62 141
62 82
62 89
62 90
62 93
62 94
62 95
62 97
62 99
62 166
62 104
62 113
62 114
62 116
62 118
62 121
62 122
63 128
63 99
63 69
63 105
63 122
63 170
64 128
64 129
64 194
64 68
64 69
64 73
64 78
64 67
64 142
64 90
64 92
64 95
64 160
64 99
64 181
64 105
64 122
64 188
65 114
65 122
65 78
66 192
66 130
66 179
66 75
66 142
66 80
66 89
66 90
66 93
66 95
66 98
66 101
66 172
66 157
66 112
66 113
66 184
66 122
66 151
66 191
67 188
67 98
67 99
67 71
67 73
67 170
67 78
67 93
67 124
67 114
67 179
67 84
67 142
68 129
68 130
68 131
68 134
68 158
68 146
68 160
68 177
68 180
68 184
68 188
68 73
68 81
68 86
68 89
68 95
68 96
68 98
68 99
68 105
68 112
68 113
68 114
68 115
68 124
69 144
69 170
69 160
69 192
69 98
70 107
70 177
70 184
70 142
70 113
70 152
70 156
70 125
71 164
71 169
71 80
71 147
71 87
71 153
71 90
73 131
73 134
73 135
73 142
73 160
73 163
73 172
73 173
73 180
73 184
73 138
73 75
73 77
73 80
73 87
73 88
73 90
73 91
73 93
73 94
73 95
73 98
73 99
73 105
73 108
73 113
73 114
73 116
73 120
73 148
74 151
75 134
75 186
75 138
75 114
75 110
76 144
76 90
76 116
77 151
77 143
77 137
77 186
77 91
77 93
77 94
77 99
77 101
77 168
77 105
77 113
77 119
77 184
77 122
77 183
77 149
78 86
78 134
78 172
78 142
78 150
78 156
78 95
78 160
78 98
78 166
78 108
78 180
78 181
78 185
78 122
78 188
78 126
78 191
79 153
79 89
79 94
79 111
80 131
80 183
80 144
80 186
80 153
80 158
80 165
80 96
80 101
80 166
80 177
80 105
80 170
80 178
80 114
80 94
80 122
80 188
81 178
81 83
81 174
81 134
81 90
81 94
81 143
82 113
82 115
82 118
82 107
82 98
83 96
83 192
83 131
83 139
83 142
83 114
83 116
83 181
83 124
84 148
84 124
85 147
85 90
85 143
86 99
86 151
86 122
86 183
87 192
87 131
87 163
87 148
87 90
87 94
87 95
87 99
87 177
87 159
87 174
87 190
87 118
87 119
87 122
87 124
87 126
88 98
88 179
88 134
88 105
89 160
89 148
89 91
89 95
89 133
89 98
89 99
89 100
89 101
89 166
89 173
89 174
89 143
89 116
89 117
89 125
90 192
90 133
90 130
90 144
90 162
90 164
90 166
90 177
90 178
90 179
90 141
90 91
90 95
90 97
90 99
90 104
90 146
90 115
90 148
90 122
90 125
90 126
91 192
91 130
91 143
91 142
91 141
91 146
91 154
91 116
91 136
91 168
91 119
91 105
91 176
91 113
91 114
91 187
91 181
91 180
91 184
91 122
91 183
92 192
92 107
92 111
92 147
92 180
92 179
92 126
92 191
93 192
93 129
93 138
93 142
93 146
93 131
93 148
93 151
93 179
93 94
93 165
93 162
93 99
93 105
93 176
93 178
93 115
93 180
93 181
93 184
93 122
93 188
94 192
94 139
94 140
94 99
94 142
94 96
94 166
94 188
94 95
94 151
94 112
94 178
94 118
94 124
95 192
95 130
95 131
95 150
95 142
95 143
95 148
95 160
95 164
95 171
95 151
95 174
95 181
95 183
95 191
95 193
95 96
95 97
95 98
95 99
95 101
95 188
95 145
95 105
95 110
95 112
95 116
95 119
95 122
95 125
95 126
96 160
96 142
96 147
96 156
96 189
97 188
97 98
97 134
97 103
97 154
97 179
97 158
97 185
97 156
98 119
98 190
98 122
98 160
98 99
98 100
98 101
98 166
98 105
98 142
98 174
98 177
98 115
98 117
98 120
98 188
98 169
99 192
99 130
99 131
99 135
99 136
99 142
99 144
99 153
99 179
99 156
99 158
99 133
99 161
99 164
99 170
99 172
99 177
99 178
99 180
99 160
99 188
99 165
99 103
99 104
99 105
99 147
99 118
99 169
99 126
100 180
100 189
100 191
101 161
101 164
101 135
101 179
101 184
102 112
102 114
102 104
102 168
102 191
103 160
103 188
103 118
103 153
103 122
104 128
104 129
104 131
104 134
104 137
104 143
104 165
104 172
104 177
104 116
104 188
104 166
105 192
105 132
105 135
105 136
105 137
105 141
105 142
105 143
105 144
105 151
105 160
105 161
105 175
105 177
105 179
105 181
105 185
105 188
105 111
105 113
105 115
105 118
105 122
105 126
107 129
107 179
107 133
107 154
107 134
108 176
108 165
108 163
108 116
108 174
110 118
111 128
111 131
111 160
111 173
111 174
111 180
111 117
111 122
112 192
112 130
112 143
112 160
112 161
112 166
112 190
112 189
112 114
112 158
112 126
113 194
113 152
113 120
113 186
113 130
113 159
113 177
113 179
113 122
113 191
114 192
114 181
114 143
114 173
114 177
114 185
114 131
114 163
114 125
114 126
114 180
114 116
114 122
114 188
114 166
115 131
115 144
115 177
115 153
115 159
116 192
116 160
116 130
116 131
116 161
116 142
116 143
116 184
116 179
116 158
116 133
116 174
116 185
116 120
116 121
116 124
116 125
117 179
117 166
117 151
117 125
118 129
118 130
118 132
118 134
118 136
118 137
118 190
118 184
118 147
118 152
118 169
118 186
118 122
118 160
118 166
118 178
118 155
118 158
118 120
118 159
119 179
119 184
119 151
120 160
120 177
120 139
121 129
122 128
122 129
122 154
122 158
122 160
122 165
122 167
122 174
122 151
122 178
122 145
122 182
122 184
122 181
122 177
122 131
122 170
122 153
122 136
122 191
122 124
122 125
122 126
123 179
124 179
124 184
124 150
124 153
124 156
124 165
125 128
125 141
125 180
125 178
125 177
125 184
126 129
126 137
126 140
126 141
126 143
126 145
126 142
126 155
126 161
126 162
126 177
126 170
126 174
126 163
126 180
126 184
126 191
126 127
128 129
128 165
128 154
128 179
128 185
129 163
129 172
129 141
129 178
129 150
130 150
130 164
130 177
130 173
130 185
130 188
130 190
131 192
131 145
131 147
131 148
131 137
131 158
131 160
131 178
131 177
132 164
132 174
133 161
133 162
133 166
133 134
133 137
133 140
133 146
133 158
133 157
134 141
134 144
134 153
134 157
134 159
134 160
134 169
134 174
134 168
134 184
134 191
135 179
135 175
136 166
136 143
136 155
136 188
136 158
137 160
137 184
137 158
137 150
138 160
138 183
138 154
138 158
138 191
141 160
141 177
141 144
141 179
141 176
142 160
142 193
142 143
142 152
142 154
142 165
142 166
142 159
142 146
142 178
142 189
142 191
143 155
143 166
143 169
143 159
143 191
144 160
144 178
144 183
144 153
145 180
145 189
145 169
146 161
146 183
146 174
146 151
147 192
147 151
147 174
148 160
148 192
148 185
149 179
150 182
150 192
150 188
151 174
151 160
151 170
151 176
153 166
153 176
153 177
153 190
153 184
153 191
154 177
154 191
155 177
155 180
156 188
156 186
157 160
157 184
158 192
158 180
158 169
158 176
158 175
158 188
159 188
160 173
160 161
160 166
160 177
160 168
160 169
160 178
160 180
160 191
161 191
161 192
162 169
162 168
163 165
164 194
164 191
165 169
165 170
165 178
166 192
166 177
169 176
169 175
169 188
170 178
172 173
173 188
173 179
173 178
174 184
174 177
176 181
177 178
177 180
177 183
177 184
177 191
177 192
178 192
178 181
178 185
179 188
179 191
181 192
181 188
183 192
183 193
183 185
183 188
184 190
188 189
192 193
