0 129
0 132
0 5
0 136
0 10
0 11
0 141
0 142
0 17
0 146
0 21
0 23
0 153
0 26
0 27
0 28
0 29
0 133
0 160
0 35
0 165
0 156
0 173
0 174
0 176
0 177
0 178
0 51
0 180
0 181
0 183
0 58
0 59
0 188
0 189
0 62
0 68
0 71
0 73
0 190
0 87
0 90
0 91
0 95
0 98
0 99
0 102
0 112
0 114
0 116
0 117
0 41
2 116
2 98
2 180
2 52
2 162
2 73
2 55
2 9
2 12
2 77
2 169
3 194
3 68
3 13
3 142
3 124
3 83
3 20
3 46
3 151
3 153
3 91
3 31
3 160
3 97
3 98
3 99
3 177
3 41
3 191
3 110
3 111
3 48
3 49
3 114
3 19
3 53
3 118
3 105
3 184
3 122
3 59
3 60
3 126
3 21
4 19
4 160
4 98
4 163
4 22
4 165
4 192
4 179
4 177
4 114
4 115
4 181
4 118
4 151
4 120
4 122
4 91
4 31
5 131
5 134
5 7
5 141
5 142
5 17
5 22
5 23
5 25
5 26
5 27
5 31
5 160
5 161
5 34
5 155
5 38
5 168
5 180
5 178
5 52
5 53
5 183
5 57
5 59
5 181
5 192
5 66
5 68
5 69
5 73
5 75
5 77
5 80
5 81
5 87
5 90
5 91
5 93
5 95
5 97
5 98
5 99
5 166
5 105
5 113
5 114
5 118
5 122
5 191
5 125
5 126
6 158
7 177
7 34
7 99
7 116
7 134
7 23
7 185
7 172
7 66
7 141
8 112
8 115
8 99
8 53
8 134
8 103
8 26
8 31
8 95
9 131
9 68
9 25
9 183
9 66
9 80
9 17
9 19
9 21
9 22
9 87
9 89
9 26
9 155
9 92
9 122
9 94
9 31
9 98
9 165
9 177
9 43
9 108
9 189
9 49
9 52
9 55
9 58
9 188
9 61
9 63
10 192
10 66
10 68
10 133
10 130
10 135
10 11
10 77
10 17
10 146
10 83
10 21
10 22
10 23
10 93
10 150
10 97
10 98
10 165
10 104
10 124
10 122
10 108
10 178
10 46
10 111
10 114
10 180
10 87
10 60
10 61
10 126
11 160
11 131
11 68
11 133
11 178
11 93
11 18
11 170
11 153
11 89
11 122
11 155
11 188
11 90
11 62
12 64
12 67
12 178
12 102
12 38
12 177
12 122
12 66
12 158
12 17
12 146
12 116
12 21
12 90
12 93
12 62
12 95
13 66
13 130
13 144
13 113
13 67
13 21
13 151
13 56
13 152
13 28
13 125
13 94
13 95
14 97
14 114
14 87
14 59
14 60
14 159
14 31
15 66
15 99
15 22
15 194
15 106
15 107
15 173
15 142
15 16
15 177
15 179
15 118
15 122
15 59
16 192
16 129
16 31
16 41
16 23
16 181
16 87
16 55
16 58
16 143
16 90
16 95
17 130
17 68
17 70
17 158
17 143
17 145
17 19
17 20
17 22
17 132
17 94
17 160
17 99
17 134
17 39
17 188
17 167
17 174
17 48
17 179
17 116
17 53
17 52
17 122
17 59
17 124
17 190
17 62
18 64
18 192
18 131
18 69
18 102
18 73
18 42
18 142
18 115
18 53
18 118
18 87
18 184
19 194
19 142
19 131
19 20
19 22
19 153
19 27
19 93
19 158
19 95
19 160
19 161
19 99
19 38
19 178
19 114
19 116
19 53
19 59
19 61
20 160
20 68
20 71
20 23
20 191
20 78
20 174
20 99
20 142
20 87
20 154
20 27
20 95
21 160
21 130
21 68
21 119
21 77
21 144
21 82
21 67
21 174
21 22
21 23
21 137
21 90
21 27
21 28
21 186
21 94
21 31
21 96
21 33
21 187
21 36
21 165
21 103
21 105
21 95
21 159
21 173
21 46
21 113
21 179
21 52
21 55
21 122
21 59
21 192
21 126
22 129
22 194
22 142
22 145
22 151
22 152
22 25
22 154
22 28
22 29
22 31
22 160
22 161
22 163
22 166
22 156
22 42
22 172
22 173
22 174
22 178
22 179
22 180
22 54
22 55
22 187
22 60
22 189
22 62
22 66
22 68
22 73
22 77
22 79
22 80
22 81
22 85
22 87
22 90
22 94
22 95
22 96
22 97
22 98
22 99
22 188
22 103
22 112
22 116
22 122
22 126
23 129
23 131
23 136
23 139
23 141
23 142
23 151
23 152
23 153
23 26
23 27
23 31
23 160
23 34
23 177
23 41
23 174
23 49
23 178
23 52
23 55
23 184
23 180
23 61
23 64
23 71
23 83
23 87
23 89
23 90
23 93
23 94
23 95
23 98
23 99
23 104
23 105
23 111
23 114
23 116
23 148
23 122
23 124
24 83
24 68
24 134
24 106
24 77
24 144
24 115
24 116
24 53
24 118
24 184
24 185
24 26
24 61
24 62
25 64
25 128
25 131
25 68
25 55
25 140
25 78
25 99
25 89
25 156
25 93
25 31
25 133
25 35
25 163
25 104
25 108
25 45
25 157
25 113
25 52
25 117
25 118
25 73
25 122
25 59
25 188
25 192
25 62
26 160
26 66
26 139
26 87
26 130
26 144
26 83
26 84
26 174
26 73
26 90
26 27
26 95
26 133
26 33
26 163
26 166
26 104
26 188
26 107
26 151
26 31
26 111
26 116
26 181
26 118
26 55
26 56
26 59
26 124
26 61
26 126
27 134
27 142
27 143
27 153
27 154
27 159
27 160
27 33
27 35
27 166
27 44
27 45
27 46
27 52
27 54
27 55
27 185
27 187
27 60
27 62
27 191
27 192
27 68
27 69
27 73
27 190
27 80
27 88
27 89
27 90
27 92
27 95
27 98
27 99
27 103
27 188
27 108
27 114
27 117
27 120
27 148
27 122
27 126
28 192
28 66
28 35
28 37
28 162
28 156
28 108
28 142
28 111
28 190
28 90
28 143
28 117
28 122
28 150
28 63
29 93
29 119
30 32
30 66
30 116
30 146
30 142
31 128
31 130
31 138
31 132
31 143
31 131
31 133
31 160
31 33
31 163
31 164
31 37
31 38
31 174
31 177
31 51
31 56
31 58
31 151
31 62
31 66
31 67
31 161
31 80
31 184
31 139
31 87
31 91
31 92
31 95
31 96
31 99
31 100
31 166
31 102
31 104
31 105
31 112
31 116
31 118
31 153
31 122
31 126
32 96
32 181
32 66
32 67
32 71
32 107
32 89
32 144
32 115
32 53
32 54
32 55
32 56
32 57
32 154
32 93
32 159
33 97
33 69
33 73
33 138
33 141
33 158
33 144
33 180
33 170
33 185
33 156
33 122
33 94
34 179
34 116
34 134
34 58
34 44
34 93
35 130
35 105
35 107
35 77
35 78
35 125
35 112
35 188
35 121
35 61
35 94
36 116
36 132
36 60
36 141
36 95
37 99
37 103
37 168
37 105
37 183
37 76
37 125
37 62
37 73
37 123
37 93
37 94
38 112
38 97
38 114
38 188
38 90
38 77
38 126
39 177
39 55
40 180
40 68
40 181
40 86
40 169
40 41
40 122
40 59
40 158
41 130
41 78
41 80
41 145
41 82
41 89
41 90
41 91
41 94
41 160
41 155
41 105
41 189
41 104
41 116
41 158
41 118
41 55
41 180
41 60
41 61
42 80
42 84
42 53
42 136
42 175
42 140
42 61
42 190
42 125
43 169
44 68
44 98
45 116
45 155
45 68
45 89
45 145
45 87
45 124
45 186
45 189
46 160
46 192
46 130
46 67
46 157
46 112
46 148
46 170
46 153
46 59
46 53
46 94
46 95
47 99
48 122
48 170
48 94
49 160
49 162
49 134
49 77
49 158
49 112
49 113
49 146
49 84
49 126
49 180
49 153
49 89
49 58
49 59
49 122
49 62
50 176
50 73
50 68
51 128
51 131
51 68
51 87
51 184
51 188
51 173
51 94
52 131
52 139
52 130
52 142
52 144
52 148
52 150
52 158
52 160
52 162
52 164
52 178
52 179
52 53
52 54
52 137
52 58
52 187
52 151
52 61
52 62
52 66
52 68
52 73
52 79
52 90
52 95
52 96
52 99
52 104
52 188
52 114
52 116
52 153
52 122
52 126
53 192
53 96
53 129
53 160
53 142
53 153
53 95
53 98
53 164
53 172
53 118
53 122
54 160
54 66
54 163
54 71
54 184
54 179
54 152
54 188
54 125
54 191
55 131
55 141
55 146
55 148
55 151
55 157
55 160
55 169
55 172
55 179
55 180
55 137
55 188
55 191
55 64
55 67
55 68
55 69
55 73
55 80
55 90
55 91
55 93
55 95
55 144
55 98
55 102
55 107
55 116
55 118
55 122
55 123
55 125
55 126
56 130
56 134
56 136
56 94
56 143
56 188
56 89
56 153
56 91
56 158
56 99
56 166
56 105
56 180
56 117
56 185
56 122
56 60
56 61
56 126
56 63
57 192
57 98
57 68
57 134
57 71
57 73
57 173
57 142
57 146
57 126
57 118
57 105
57 169
57 122
57 155
57 124
57 94
57 95
58 130
58 67
58 66
58 78
58 141
58 146
58 142
58 153
58 155
58 93
58 95
58 160
58 97
58 99
58 105
58 144
58 111
58 176
58 114
58 137
58 180
58 126
59 66
59 68
59 70
59 130
59 152
59 89
59 154
59 94
59 95
59 133
59 165
59 99
59 131
59 163
59 142
59 108
59 110
59 174
59 158
59 183
59 186
59 188
59 61
59 62
60 128
60 160
60 103
60 141
60 113
60 181
60 105
60 153
60 91
60 61
60 126
61 192
61 68
61 77
61 78
61 80
61 184
61 148
61 85
61 175
61 93
61 95
61 160
61 164
61 166
61 104
61 111
61 99
61 178
61 115
61 116
61 126
62 67
62 136
62 142
62 146
62 188
62 154
62 91
62 92
62 95
62 97
62 98
62 99
62 145
62 104
62 105
62 167
62 177
62 178
62 115
62 169
62 180
62 122
62 124
63 145
63 82
63 68
63 118
63 89
63 184
64 67
64 142
64 80
64 90
64 156
64 94
64 160
64 98
64 113
64 104
64 105
64 173
64 177
64 116
64 180
64 122
64 126
65 192
65 105
65 146
65 99
65 126
66 128
66 160
66 130
66 134
66 136
66 146
66 153
66 161
66 165
66 167
66 170
66 174
66 111
66 177
66 178
66 73
66 120
66 122
66 126
67 134
67 142
67 77
67 143
67 192
68 134
68 136
68 141
68 142
68 131
68 151
68 179
68 157
68 133
68 160
68 161
68 162
68 180
68 164
68 165
68 175
68 177
68 184
68 188
68 73
68 86
68 89
68 91
68 95
68 96
68 99
68 104
68 106
68 117
68 118
68 153
68 122
68 125
68 126
69 98
69 131
69 164
69 166
69 161
69 73
69 144
69 87
69 80
69 122
69 151
70 161
70 177
70 81
70 169
70 135
70 142
70 80
70 114
70 147
70 183
70 154
71 134
71 177
71 142
71 145
71 78
71 184
71 124
71 116
72 172
73 131
73 132
73 134
73 144
73 145
73 147
73 148
73 151
73 160
73 166
73 170
73 178
73 179
73 184
73 188
73 74
73 183
73 79
73 83
73 87
73 94
73 99
73 104
73 113
73 118
73 153
73 122
73 124
73 125
73 126
74 152
74 178
74 113
75 97
75 95
75 134
75 87
76 136
76 144
76 158
77 192
77 161
77 136
77 144
77 88
77 83
77 153
77 89
77 154
77 80
77 98
77 177
77 169
77 112
77 119
77 122
77 188
78 160
78 116
78 130
78 107
78 174
78 178
78 84
78 122
78 150
78 94
78 181
79 151
79 91
79 142
79 111
80 87
80 140
80 163
80 170
80 105
80 89
80 91
80 99
80 168
80 178
80 114
80 118
80 188
80 126
81 123
81 99
81 156
81 91
81 143
81 122
81 142
81 141
82 133
82 89
83 160
83 97
83 164
83 105
83 137
83 90
84 160
84 126
84 122
84 177
84 89
85 160
85 177
85 98
85 87
85 104
85 193
85 172
85 94
86 129
86 161
86 177
86 174
87 129
87 136
87 192
87 147
87 89
87 156
87 158
87 160
87 99
87 165
87 146
87 105
87 144
87 142
87 174
87 114
87 181
87 153
87 122
87 126
88 122
88 160
88 98
89 192
89 193
89 136
89 142
89 141
89 184
89 99
89 95
89 91
89 146
89 177
89 104
89 168
89 111
89 105
89 169
90 192
90 130
90 141
90 142
90 143
90 152
90 156
90 150
90 160
90 172
90 177
90 179
90 180
90 181
90 184
90 151
90 139
90 185
90 91
90 95
90 96
90 97
90 105
90 110
90 111
90 113
90 116
90 122
90 124
91 192
91 130
91 136
91 126
91 158
91 188
91 169
91 154
91 94
91 161
91 98
91 168
91 172
91 189
91 177
91 118
91 185
91 122
91 125
91 127
92 99
92 95
92 178
92 174
92 143
92 146
92 180
92 151
93 96
93 131
93 140
93 142
93 158
93 95
93 105
93 151
93 179
93 116
93 118
93 184
93 124
94 133
94 135
94 99
94 152
94 164
94 155
94 101
94 159
94 150
94 95
94 98
94 161
94 116
94 142
94 108
94 191
94 177
94 114
94 105
94 158
94 165
94 125
95 134
95 151
95 160
95 165
95 166
95 177
95 179
95 184
95 191
95 192
95 194
95 97
95 98
95 99
95 101
95 102
95 117
95 118
95 120
95 148
95 122
95 124
96 97
96 133
96 160
96 143
96 176
96 177
96 183
96 153
97 160
97 134
97 140
97 141
97 143
97 146
97 151
97 153
97 158
97 98
97 104
97 105
97 174
97 178
97 122
97 159
97 124
98 140
98 142
98 143
98 133
98 160
98 161
98 163
98 165
98 170
98 177
98 180
98 137
98 184
98 186
98 188
98 191
98 104
98 113
98 114
98 126
99 128
99 130
99 134
99 140
99 175
99 142
99 146
99 160
99 163
99 164
99 166
99 136
99 179
99 181
99 183
99 180
99 188
99 191
99 192
99 105
99 113
99 114
99 118
99 122
99 124
99 125
100 165
101 180
101 118
102 170
102 184
102 154
102 114
103 114
103 166
103 143
103 191
104 126
104 142
104 141
104 166
104 105
104 113
104 114
104 117
104 118
105 134
105 161
105 142
105 143
105 184
105 150
105 155
105 160
105 162
105 188
105 177
105 151
105 113
105 114
105 147
105 190
105 163
107 133
107 166
107 143
107 122
108 192
108 182
108 136
108 143
108 147
108 118
108 126
110 148
110 118
111 165
111 172
111 113
112 160
112 181
112 167
112 191
112 192
112 142
112 118
112 184
112 187
112 156
113 192
113 142
113 145
113 148
113 159
113 166
113 176
113 178
113 115
113 137
113 126
114 128
114 141
114 142
114 156
114 163
114 178
114 184
114 151
114 126
114 191
115 141
116 131
116 133
116 136
116 151
116 148
116 142
116 135
116 160
116 170
116 174
116 177
116 180
116 188
116 126
117 160
117 191
117 142
117 175
117 184
117 178
117 118
117 154
118 194
118 134
118 151
118 143
118 188
118 148
118 150
118 185
118 176
118 166
118 178
118 153
118 190
119 177
119 124
119 157
120 153
120 137
121 184
121 179
122 192
122 134
122 135
122 184
122 142
122 144
122 131
122 158
122 133
122 165
122 177
122 178
122 151
122 160
122 188
122 147
122 185
122 126
124 134
124 141
124 142
124 152
124 146
124 137
124 153
124 156
124 180
124 186
125 151
125 142
125 173
125 147
125 163
125 188
126 192
126 136
126 131
126 152
126 158
126 160
126 161
126 163
126 170
126 180
126 177
126 178
126 181
126 184
126 166
127 177
127 141
128 160
128 178
128 162
128 141
128 143
129 160
129 136
129 192
129 177
129 178
130 131
130 155
130 142
130 150
130 160
130 164
130 163
130 191
131 192
131 136
131 140
131 184
131 150
131 155
131 165
131 166
131 177
131 153
132 178
132 172
132 158
133 160
133 136
133 137
133 192
133 141
133 156
133 180
134 184
134 143
134 150
134 160
134 164
134 170
134 174
134 190
135 175
136 144
136 159
136 153
136 188
137 160
137 164
137 177
137 175
137 186
137 165
138 153
139 164
139 188
140 158
141 178
141 184
142 152
142 153
142 154
142 160
142 163
142 166
142 156
142 172
142 173
142 174
142 175
142 180
142 178
142 184
142 188
142 191
142 185
142 143
143 155
143 170
143 174
143 179
144 192
144 160
144 151
144 154
144 158
144 177
144 179
145 160
145 153
145 154
145 183
146 161
146 147
146 150
146 154
146 158
146 180
146 191
147 160
147 166
147 178
147 180
147 152
147 155
148 153
148 186
150 164
150 177
150 154
150 191
151 175
151 155
151 160
151 180
151 168
151 157
151 188
152 179
153 154
153 163
153 166
153 176
153 178
153 191
154 160
154 184
155 180
156 166
156 169
157 192
158 160
158 177
158 170
158 179
158 188
159 178
159 166
160 192
160 161
160 163
160 168
160 178
160 184
160 191
160 188
160 189
161 188
161 177
161 184
161 164
162 165
163 166
163 184
164 177
164 179
165 171
165 192
165 193
166 177
166 181
169 177
169 180
169 181
170 189
171 184
173 174
176 181
176 188
177 181
177 186
177 192
177 191
178 183
179 192
179 184
179 191
180 192
180 188
183 184
183 189
184 191
184 188
188 192
188 189
188 191
189 194
191 193
