0 128
0 130
0 131
0 5
0 134
0 9
0 10
0 142
0 144
0 17
0 18
0 21
0 153
0 25
0 27
0 160
0 35
0 38
0 41
0 178
0 51
0 52
0 137
0 57
0 58
0 188
0 64
0 194
0 68
0 70
0 71
0 73
0 55
0 77
0 87
0 94
0 97
0 98
0 99
0 104
0 106
0 108
0 115
0 118
0 119
0 122
1 187
2 80
2 18
2 99
2 116
2 133
2 86
2 71
2 153
2 105
2 122
2 183
3 68
3 179
3 134
3 11
3 190
3 77
3 78
3 141
3 146
3 99
3 148
3 87
3 91
3 31
3 176
3 98
3 35
3 178
3 45
3 27
3 114
3 19
3 155
3 53
3 118
3 55
3 180
3 124
3 62
4 192
4 161
4 99
4 100
4 104
4 172
4 78
4 143
4 168
4 114
4 52
4 22
4 184
4 154
4 28
4 62
5 129
5 130
5 137
5 192
5 141
5 142
5 144
5 145
5 146
5 19
5 22
5 23
5 153
5 26
5 27
5 31
5 32
5 33
5 164
5 37
5 177
5 41
5 42
5 43
5 172
5 173
5 46
5 49
5 179
5 181
5 185
5 58
5 59
5 188
5 62
5 64
5 160
5 68
5 69
5 71
5 73
5 74
5 80
5 83
5 87
5 90
5 95
5 98
5 99
5 103
5 104
5 114
5 116
5 118
5 122
5 124
5 125
5 126
6 153
6 51
6 116
6 77
6 93
7 160
7 51
7 68
7 21
7 104
7 73
7 131
7 28
7 142
7 143
8 163
8 180
8 22
8 93
8 94
8 31
9 130
9 67
9 68
9 71
9 136
9 73
9 11
9 13
9 143
9 16
9 17
9 174
9 19
9 20
9 21
9 23
9 153
9 26
9 156
9 90
9 31
9 160
9 80
9 99
9 101
9 166
9 135
9 44
9 178
9 93
9 47
9 176
9 113
9 114
9 52
9 118
9 120
9 180
9 59
9 188
9 61
9 62
10 64
10 131
10 68
10 193
10 160
10 192
10 142
10 83
10 21
10 22
10 151
10 155
10 158
10 96
10 33
10 164
10 169
10 106
10 178
10 30
10 118
10 55
10 57
10 58
10 124
10 183
10 126
11 66
11 105
11 166
11 87
11 12
11 77
11 78
11 15
11 113
11 18
11 20
11 174
11 23
11 116
11 90
11 140
12 34
12 91
12 133
12 130
12 87
12 55
12 66
13 80
13 81
13 36
13 37
13 166
13 151
13 184
13 144
13 27
14 99
14 126
14 151
14 125
14 158
14 159
15 33
15 97
15 165
15 81
15 142
15 113
15 52
15 53
15 118
15 55
15 120
15 85
16 97
16 169
16 166
16 168
16 142
16 111
16 19
16 148
16 78
16 119
16 25
16 126
17 129
17 134
17 136
17 75
17 192
17 141
17 149
17 26
17 27
17 154
17 94
17 95
17 160
17 98
17 99
17 70
17 166
17 103
17 104
17 105
17 174
17 117
17 73
17 55
17 58
17 159
17 188
18 51
18 68
18 162
18 136
18 98
18 177
18 115
18 148
18 21
18 22
18 55
18 156
19 130
19 142
19 20
19 78
19 150
19 186
19 153
19 154
19 27
19 122
19 95
19 163
19 165
19 49
19 168
19 159
19 112
19 113
19 53
19 73
19 58
19 63
19 21
20 64
20 192
20 69
20 142
20 80
20 22
20 26
20 91
20 28
20 93
20 94
20 161
20 27
20 170
20 112
20 177
20 116
20 58
20 191
20 126
20 63
21 130
21 133
21 142
21 22
21 152
21 27
21 150
21 159
21 33
21 168
21 169
21 170
21 171
21 174
21 176
21 177
21 52
21 181
21 55
21 188
21 190
21 53
21 68
21 73
21 119
21 87
21 93
21 97
21 98
21 102
21 105
21 112
21 113
21 114
21 117
21 118
21 41
21 137
21 191
21 126
22 131
22 137
22 151
22 142
22 145
22 23
22 24
22 153
22 154
22 27
22 31
22 160
22 163
22 168
22 41
22 172
22 173
22 174
22 177
22 178
22 180
22 53
22 55
22 56
22 186
22 187
22 191
22 66
22 183
22 80
22 184
22 83
22 87
22 89
22 90
22 93
22 94
22 95
22 97
22 98
22 99
22 101
22 105
22 111
22 112
22 115
22 116
22 122
22 126
23 160
23 130
23 131
23 73
23 78
23 79
23 144
23 81
23 120
23 85
23 87
23 89
23 91
23 186
23 150
23 32
23 176
23 98
23 99
23 101
23 41
23 42
23 148
23 172
23 142
23 153
23 177
23 178
23 105
23 117
23 118
23 56
23 55
23 122
23 59
23 188
23 170
23 62
23 181
24 32
24 81
24 114
24 164
24 55
24 152
24 192
24 142
24 31
25 128
25 66
25 161
25 73
25 55
25 130
25 28
25 79
25 99
25 87
25 89
25 90
25 92
25 122
25 144
25 98
25 35
25 177
25 104
25 105
25 183
25 113
25 178
25 179
25 116
25 41
25 184
25 58
25 59
25 61
26 64
26 128
26 131
26 68
26 161
26 140
26 98
26 142
26 79
26 144
26 152
26 90
26 158
26 95
26 133
26 97
26 34
26 99
26 105
26 170
26 111
26 113
26 179
26 118
26 169
26 57
26 59
26 190
26 191
27 130
27 134
27 142
27 152
27 153
27 155
27 31
27 133
27 34
27 163
27 165
27 166
27 41
27 45
27 46
27 177
27 51
27 180
27 55
27 184
27 185
27 188
27 61
27 62
27 192
27 160
27 78
27 141
27 80
27 90
27 91
27 94
27 95
27 99
27 102
27 104
27 105
27 108
27 111
27 116
27 117
27 118
27 120
27 122
27 126
28 64
28 66
28 67
28 68
28 151
28 150
28 90
28 94
28 95
28 160
28 162
28 164
28 37
28 41
28 71
28 173
28 48
28 116
28 105
28 31
28 183
29 126
29 62
30 112
30 99
30 164
30 163
30 87
30 41
30 157
30 78
31 129
31 141
31 142
31 143
31 144
31 131
31 32
31 166
31 49
31 168
31 156
31 171
31 173
31 46
31 136
31 51
31 52
31 55
31 184
31 58
31 59
31 188
31 61
31 62
31 192
31 66
31 68
31 73
31 74
31 78
31 83
31 90
31 93
31 95
31 97
31 99
31 167
31 177
31 114
31 116
31 117
31 118
31 137
31 122
31 124
31 125
32 160
32 91
32 71
32 183
32 75
32 172
32 143
32 80
32 157
32 178
32 99
32 55
32 59
32 60
32 93
33 166
33 91
33 118
33 191
33 153
33 154
33 77
34 114
34 99
34 52
34 146
34 40
34 93
34 63
35 65
35 133
35 70
35 105
35 122
35 160
35 112
35 80
35 177
35 163
35 117
35 90
35 124
35 61
35 126
35 165
36 160
36 180
36 111
37 165
37 98
37 104
37 124
37 62
37 184
37 114
37 53
37 118
37 87
37 126
37 59
37 94
37 95
38 98
38 52
38 105
38 41
38 139
38 169
39 50
39 87
39 56
39 41
39 44
39 142
40 64
40 80
40 134
40 151
40 73
40 90
40 143
40 191
40 177
40 95
41 65
41 66
41 68
41 71
41 137
41 128
41 192
41 130
41 78
41 143
41 83
41 89
41 93
41 164
41 168
41 44
41 177
41 125
41 157
41 113
41 158
41 116
41 60
41 61
41 181
42 160
42 194
42 99
42 73
42 183
42 61
42 184
42 116
42 181
42 56
42 122
42 91
42 90
42 95
44 133
44 49
44 178
44 118
44 102
44 93
44 95
45 160
45 49
45 114
45 118
45 167
45 73
45 188
45 93
45 175
46 128
46 98
46 99
46 68
46 169
46 162
46 142
46 112
46 164
46 179
46 116
46 118
46 89
46 188
46 62
47 94
48 99
48 192
48 51
48 70
49 107
49 129
49 66
49 99
49 68
49 103
49 83
49 78
49 112
49 158
49 56
49 90
49 192
49 94
49 63
50 80
50 52
50 118
51 112
51 162
51 99
51 73
51 95
51 160
51 108
51 114
51 78
51 158
51 55
51 94
52 192
52 130
52 67
52 79
52 188
52 151
52 88
52 132
52 91
52 122
52 94
52 95
52 99
52 104
52 105
52 159
52 173
52 174
52 157
52 177
52 120
52 57
52 58
52 60
53 194
53 183
53 140
53 87
53 153
53 90
53 143
53 160
53 99
53 102
53 105
53 174
53 177
53 114
53 179
53 116
53 117
53 169
53 166
54 113
54 166
54 129
54 104
54 59
54 92
54 157
54 126
54 95
55 133
55 184
55 142
55 131
55 154
55 164
55 172
55 180
55 181
55 56
55 185
55 188
55 62
55 191
55 192
55 66
55 152
55 68
55 73
55 75
55 77
55 78
55 80
55 81
55 90
55 91
55 93
55 94
55 95
55 98
55 99
55 103
55 105
55 108
55 146
55 115
55 117
55 118
55 122
56 64
56 130
56 132
56 73
56 146
56 87
56 90
56 156
56 154
56 94
56 160
56 166
56 105
56 177
56 111
56 112
56 62
56 151
56 125
56 126
56 191
57 97
57 130
57 67
57 68
57 155
57 184
57 160
57 172
57 180
57 112
57 179
57 131
57 118
57 152
57 116
57 91
57 124
58 136
58 151
58 77
58 142
58 143
58 84
58 87
58 94
58 95
58 165
58 99
58 163
58 168
58 170
58 159
58 178
58 180
58 114
58 179
58 183
58 122
58 60
59 192
59 136
59 142
59 89
59 146
59 73
59 93
59 94
59 98
59 105
59 170
59 107
59 114
59 179
59 150
59 119
59 180
59 122
59 126
60 160
60 163
60 134
60 161
60 168
60 105
60 142
60 87
60 90
61 67
61 71
61 183
61 142
61 131
61 78
61 73
61 93
61 99
61 177
61 104
61 169
61 174
61 168
61 178
61 180
61 117
61 188
61 170
61 126
62 129
62 130
62 87
62 78
62 120
62 82
62 131
62 88
62 101
62 160
62 98
62 180
62 168
62 105
62 146
62 111
62 177
62 178
62 179
62 116
62 137
62 126
62 63
63 129
63 98
63 143
63 153
63 120
63 116
63 124
63 126
64 68
64 71
64 142
64 143
64 155
64 160
64 162
64 105
64 114
64 179
64 116
64 183
64 185
64 122
64 191
65 160
65 150
65 91
65 156
66 192
66 194
66 67
66 136
66 73
66 143
66 144
66 146
66 131
66 151
66 152
66 79
66 93
66 99
66 102
66 173
66 175
66 114
66 179
66 180
66 105
66 183
66 126
67 97
67 68
67 69
67 103
67 135
67 77
67 142
67 113
67 114
67 83
67 147
67 87
67 98
68 192
68 132
68 134
68 142
68 147
68 151
68 152
68 154
68 158
68 133
68 162
68 165
68 167
68 168
68 172
68 179
68 184
68 160
68 71
68 177
68 183
68 81
68 90
68 95
68 98
68 99
68 104
68 105
68 174
68 116
68 118
68 122
68 124
68 125
68 126
69 160
69 134
69 137
69 144
69 163
69 114
69 147
69 122
69 188
70 160
70 130
70 177
70 104
70 105
70 163
70 90
70 125
71 131
71 134
71 192
71 79
71 116
71 153
71 122
71 191
71 158
71 133
72 94
73 131
73 139
73 142
73 152
73 154
73 160
73 161
73 177
73 178
73 180
73 185
73 188
73 192
73 77
73 78
73 80
73 87
73 89
73 90
73 91
73 93
73 94
73 95
73 99
73 104
73 111
73 113
73 116
73 117
73 118
73 122
73 125
73 126
75 179
75 81
77 192
77 130
77 193
77 142
77 143
77 81
77 186
77 153
77 79
77 122
77 158
77 95
77 91
77 166
77 177
77 178
77 115
77 116
77 185
77 187
77 188
78 192
78 179
78 138
78 156
78 93
78 160
78 177
78 178
78 158
78 118
78 122
79 180
79 165
79 104
79 105
79 151
79 190
80 131
80 142
80 82
80 99
80 90
80 93
80 150
80 97
80 164
80 166
80 177
80 104
80 158
80 168
81 160
81 97
81 99
81 136
81 192
81 184
81 114
81 117
81 150
81 154
81 93
81 95
82 114
82 183
82 90
82 93
82 141
83 188
83 99
83 147
83 113
83 172
83 141
83 146
83 117
83 124
84 170
84 150
84 151
84 104
84 90
85 160
85 105
85 151
85 177
85 114
85 150
85 120
85 153
85 154
85 91
86 177
86 114
86 142
86 166
87 128
87 134
87 126
87 142
87 90
87 101
87 122
87 94
87 95
87 96
87 98
87 99
87 164
87 102
87 168
87 105
87 140
87 118
87 153
87 191
87 183
87 166
88 95
89 128
89 142
89 144
89 174
89 90
89 92
89 93
89 94
89 95
89 160
89 177
89 104
89 108
89 111
89 113
89 178
89 115
89 116
89 184
89 180
90 129
90 142
90 143
90 148
90 151
90 160
90 165
90 156
90 177
90 178
90 180
90 185
90 191
90 184
90 91
90 94
90 95
90 99
90 112
90 114
90 118
90 125
91 192
91 160
91 141
91 146
91 93
91 94
91 95
91 99
91 108
91 174
91 114
91 158
91 120
91 191
91 124
91 181
92 160
92 130
92 151
92 94
93 192
93 162
93 183
93 98
93 153
93 165
93 178
93 104
93 107
93 177
93 114
93 118
93 148
93 122
94 192
94 132
94 150
94 183
94 142
94 144
94 99
94 137
94 95
94 160
94 109
94 153
94 118
94 180
94 125
95 131
95 137
95 179
95 146
95 148
95 153
95 158
95 133
95 163
95 177
95 178
95 188
95 192
95 160
95 96
95 97
95 99
95 104
95 108
95 114
95 116
95 118
95 122
96 130
96 131
96 134
96 143
96 184
96 114
96 116
96 120
96 111
97 165
97 166
97 113
97 128
97 144
97 122
97 158
98 192
98 130
98 145
98 141
98 142
98 144
98 184
98 133
98 160
98 103
98 169
98 178
98 146
98 112
98 177
98 114
98 180
98 126
98 153
98 121
98 166
99 134
99 143
99 144
99 148
99 154
99 133
99 155
99 163
99 177
99 180
99 188
99 192
99 160
99 158
99 183
99 162
99 142
99 104
99 105
99 108
99 112
99 113
99 116
99 117
99 120
99 122
99 124
99 126
100 166
101 144
101 126
101 143
102 139
102 108
102 151
103 192
103 104
103 173
103 180
103 150
103 154
103 126
104 192
104 130
104 155
104 142
104 118
104 150
104 156
104 170
104 172
104 125
104 112
104 113
104 115
104 181
104 185
104 186
104 134
105 192
105 131
105 133
105 134
105 130
105 142
105 144
105 153
105 158
105 160
105 165
105 168
105 172
105 174
105 178
105 180
105 151
105 106
105 108
105 111
105 114
105 117
105 121
105 122
105 124
107 180
107 183
107 184
107 123
108 112
108 184
108 113
108 148
108 153
111 112
111 118
111 184
111 192
111 113
111 146
112 130
112 133
112 136
112 137
112 143
112 144
112 153
112 160
112 177
112 188
112 190
112 118
112 124
112 126
113 138
113 141
113 142
113 139
113 165
113 116
113 120
113 153
114 160
114 134
114 153
114 150
114 122
114 166
114 188
114 174
114 154
114 177
114 178
114 116
114 185
114 124
115 131
115 172
115 158
116 160
116 156
116 192
116 184
116 146
116 152
116 162
116 177
116 191
116 176
116 155
116 126
116 122
116 188
117 160
117 164
117 141
117 142
117 188
117 126
118 130
118 142
118 145
118 131
118 159
118 160
118 166
118 176
118 177
118 172
118 186
118 188
118 191
118 187
118 119
118 122
118 125
119 168
119 170
120 128
120 158
120 144
120 183
120 142
120 188
122 192
122 131
122 134
122 136
122 130
122 142
122 143
122 156
122 150
122 133
122 160
122 161
122 162
122 172
122 173
122 177
122 178
122 179
122 184
122 180
122 188
122 183
122 141
122 170
122 153
122 124
122 125
123 147
124 142
124 185
124 152
124 160
124 174
124 177
124 191
124 188
125 192
125 173
125 143
125 184
125 134
125 181
125 169
125 188
126 134
126 139
126 140
126 130
126 143
126 160
126 144
126 164
126 176
126 142
126 177
126 185
126 188
127 154
127 134
128 169
128 192
128 177
128 146
128 179
128 189
129 164
129 136
129 178
129 180
129 159
130 151
130 184
130 156
130 153
130 179
130 174
130 177
130 147
130 183
131 160
131 132
131 151
131 192
131 169
131 162
131 164
131 168
131 177
131 181
132 149
132 134
132 153
133 192
133 134
133 141
133 142
133 143
133 150
133 153
133 160
133 176
133 180
133 191
134 160
134 151
134 142
134 186
134 164
134 172
134 174
134 179
135 191
136 177
136 139
136 161
136 181
137 160
137 161
137 188
138 188
138 163
138 140
139 162
139 172
139 141
140 191
141 147
141 166
141 173
141 188
142 151
142 146
142 153
142 161
142 155
142 165
142 177
142 179
142 191
142 160
142 194
143 151
143 158
143 172
143 173
143 177
143 178
143 179
143 184
143 188
144 179
144 180
145 185
145 181
146 160
146 192
146 154
148 179
148 169
148 170
148 181
150 192
150 190
150 184
151 193
151 156
151 160
151 177
152 172
153 181
153 161
153 174
154 162
154 161
154 188
155 191
156 178
156 173
156 177
156 185
157 180
158 160
158 170
158 188
158 190
160 192
160 184
160 173
160 188
160 161
160 165
160 176
160 180
160 187
160 191
160 183
160 163
160 170
161 188
161 179
161 191
162 165
163 194
163 166
164 174
164 177
165 191
166 184
166 178
166 188
167 178
168 177
169 172
169 177
169 182
170 192
170 177
172 179
172 178
174 189
175 177
176 194
176 179
177 178
177 180
177 188
177 191
178 192
178 181
179 194
179 186
179 184
179 191
180 183
181 191
184 192
184 191
185 188
185 191
188 192
192 194
