0 130
0 3
0 5
0 134
0 9
0 10
0 151
0 141
0 14
0 79
0 21
0 22
0 87
0 152
0 25
0 26
0 143
0 90
0 150
0 95
0 97
0 98
0 166
0 31
0 170
0 172
0 178
0 142
0 111
0 177
0 114
0 116
0 183
0 184
0 52
0 122
0 59
0 188
2 112
2 97
2 19
2 117
2 134
2 119
2 177
2 188
2 181
3 4
3 73
3 75
3 142
3 144
3 19
3 20
3 87
3 89
3 27
3 93
3 158
3 95
3 97
3 148
3 180
3 167
3 40
3 175
3 104
3 114
3 52
3 118
3 55
3 56
3 116
3 58
3 31
3 61
4 160
4 66
4 5
4 166
4 104
4 42
4 98
4 46
4 112
4 177
4 21
4 151
4 153
4 31
5 130
5 131
5 8
5 9
5 10
5 141
5 142
5 143
5 144
5 17
5 146
5 22
5 23
5 26
5 31
5 32
5 35
5 164
5 37
5 166
5 177
5 40
5 169
5 49
5 181
5 54
5 55
5 58
5 188
5 62
5 191
5 160
5 66
5 67
5 68
5 70
5 183
5 77
5 78
5 80
5 81
5 90
5 91
5 94
5 95
5 96
5 98
5 99
5 104
5 105
5 107
5 113
5 114
5 118
5 122
5 124
5 126
6 143
6 23
7 64
7 184
7 98
8 121
8 89
8 11
8 124
8 151
8 78
9 67
9 70
9 73
9 12
9 13
9 78
9 77
9 115
9 17
9 146
9 84
9 142
9 22
9 23
9 137
9 25
9 27
9 86
9 93
9 94
9 31
9 160
9 161
9 134
9 104
9 156
9 107
9 177
9 114
9 51
9 180
9 158
9 55
9 124
9 143
9 62
10 65
10 68
10 70
10 128
10 183
10 12
10 77
10 142
10 144
10 146
10 19
10 148
10 85
10 22
10 150
10 132
10 90
10 27
10 122
10 94
10 31
10 98
10 91
10 37
10 41
10 108
10 178
10 174
10 125
10 114
10 126
10 54
10 153
10 56
10 58
10 59
10 61
10 62
11 192
11 73
11 142
11 79
11 19
11 148
11 150
11 26
11 95
11 160
11 161
11 162
11 99
11 49
11 31
11 41
11 189
11 177
11 181
11 54
11 59
11 61
11 126
12 130
12 68
12 182
12 134
12 40
12 73
12 178
12 118
12 87
12 122
12 59
12 126
12 95
13 97
13 131
13 25
13 101
13 116
13 55
13 60
13 126
14 144
14 168
14 160
14 174
14 48
14 104
14 50
14 53
14 57
14 62
14 95
15 130
15 99
15 132
15 179
15 168
15 188
15 95
15 141
15 144
15 131
15 118
15 23
15 59
15 156
15 31
16 80
16 148
16 186
16 108
16 166
17 192
17 132
17 134
17 194
17 142
17 145
17 18
17 19
17 21
17 22
17 153
17 26
17 158
17 35
17 167
17 41
17 172
17 45
17 174
17 177
17 178
17 179
17 181
17 57
17 62
17 191
17 64
17 66
17 49
17 73
17 87
17 88
17 90
17 93
17 98
17 104
17 116
17 119
17 120
17 125
17 126
17 127
18 160
18 33
18 98
18 81
18 42
18 192
18 77
18 142
18 20
18 25
18 91
18 125
18 52
19 160
19 70
19 73
19 142
19 144
19 131
19 87
19 26
19 27
19 156
19 90
19 31
19 32
19 97
19 166
19 170
19 178
19 55
19 122
19 62
20 112
20 148
20 113
20 143
20 41
20 42
20 108
20 93
20 79
20 80
20 49
20 67
20 105
20 55
20 57
20 58
20 27
20 90
20 94
21 160
21 130
21 133
21 161
21 137
21 183
21 77
21 99
21 150
21 153
21 89
21 179
21 91
21 28
21 31
21 96
21 97
21 162
21 35
21 164
21 37
21 145
21 168
21 105
21 108
21 46
21 175
21 27
21 113
21 178
21 115
21 116
21 181
21 118
21 169
21 122
21 60
21 126
22 128
22 130
22 131
22 134
22 151
22 192
22 141
22 142
22 143
22 144
22 23
22 152
22 25
22 26
22 184
22 133
22 160
22 33
22 180
22 166
22 41
22 177
22 178
22 51
22 52
22 137
22 56
22 57
22 61
22 62
22 64
22 68
22 75
22 77
22 179
22 90
22 95
22 98
22 99
22 100
22 101
22 145
22 105
22 116
22 117
22 118
22 120
22 55
22 122
22 125
22 126
23 130
23 131
23 132
23 140
23 142
23 146
23 158
23 31
23 160
23 35
23 41
23 42
23 45
23 175
23 178
23 52
23 137
23 59
23 188
23 192
23 32
23 66
23 68
23 69
23 55
23 78
23 85
23 89
23 91
23 95
23 98
23 104
23 107
23 113
23 115
23 116
23 119
23 122
23 124
23 183
23 126
24 97
24 178
24 67
24 181
24 26
24 139
24 42
25 129
25 131
25 68
25 186
25 192
25 77
25 141
25 58
25 151
25 36
25 90
25 28
25 93
25 160
25 144
25 100
25 188
25 104
25 169
25 116
25 53
25 184
25 52
25 122
25 124
25 126
25 181
26 66
26 131
26 70
26 130
26 142
26 145
26 27
26 122
26 98
26 104
26 172
26 48
26 114
26 180
26 184
26 58
26 188
26 62
27 129
27 130
27 134
27 136
27 142
27 144
27 145
27 146
27 158
27 159
27 160
27 38
27 168
27 169
27 45
27 174
27 178
27 180
27 181
27 31
27 61
27 192
27 70
27 73
27 78
27 83
27 85
27 90
27 91
27 92
27 95
27 97
27 99
27 101
27 104
27 116
27 41
27 126
27 166
28 128
28 130
28 180
28 107
28 141
28 77
28 116
28 52
28 58
28 143
28 61
29 73
29 67
30 128
30 134
30 104
30 73
30 92
30 95
31 130
31 134
31 184
31 141
31 142
31 158
31 33
31 34
31 155
31 37
31 166
31 40
31 169
31 172
31 177
31 178
31 179
31 52
31 181
31 55
31 56
31 180
31 59
31 151
31 61
31 62
31 191
31 192
31 194
31 68
31 71
31 73
31 183
31 77
31 78
31 79
31 81
31 87
31 89
31 95
31 188
31 97
31 98
31 99
31 131
31 165
31 104
31 105
31 114
31 116
31 161
31 122
31 124
32 80
32 66
32 134
32 105
32 141
32 46
32 174
33 64
33 66
33 131
33 165
33 166
33 105
33 171
33 142
33 52
33 85
33 169
33 185
33 63
33 189
34 56
34 73
34 146
34 120
35 99
35 36
35 177
35 73
35 151
35 77
35 142
35 178
35 51
35 94
35 133
36 152
37 134
37 103
37 177
37 150
37 118
37 55
37 184
37 59
37 60
37 61
37 126
38 192
38 117
38 87
38 108
38 93
38 165
39 177
39 75
39 142
40 92
40 178
40 73
40 179
40 123
41 128
41 66
41 69
41 134
41 162
41 137
41 130
41 142
41 144
41 146
41 85
41 153
41 156
41 58
41 98
41 99
41 166
41 105
41 173
41 52
41 118
41 55
41 56
41 57
41 122
41 183
41 126
42 134
42 105
42 144
42 83
42 56
42 164
42 122
42 156
42 62
43 59
43 165
44 58
44 155
44 114
45 99
45 91
45 53
45 118
45 104
45 172
45 62
45 159
46 96
46 162
46 131
46 68
46 116
46 142
46 104
46 73
46 192
46 78
46 174
46 80
46 52
46 120
46 93
46 53
47 188
47 102
48 160
48 89
48 155
48 142
48 143
49 66
49 68
49 79
49 150
49 87
49 90
49 133
49 163
49 104
49 105
49 108
49 174
49 114
49 181
49 55
49 57
49 188
49 62
49 191
50 128
50 192
51 160
51 52
51 55
51 58
51 151
51 173
51 63
52 65
52 179
52 128
52 151
52 78
52 188
52 153
52 155
52 93
52 158
52 99
52 169
52 166
52 112
52 178
52 116
52 55
52 56
52 185
52 60
52 126
53 66
53 131
53 68
53 172
53 142
53 90
53 92
53 95
53 160
53 162
53 164
53 102
53 177
53 108
53 111
53 112
53 113
53 58
53 188
53 62
54 134
54 87
54 55
54 156
54 142
54 101
55 142
55 144
55 145
55 151
55 152
55 156
55 158
55 160
55 161
55 166
55 177
55 137
55 57
55 60
55 62
55 68
55 73
55 74
55 82
55 89
55 90
55 91
55 95
55 98
55 99
55 101
55 102
55 103
55 188
55 114
55 116
55 117
55 120
55 122
55 126
56 192
56 68
56 136
56 80
56 116
56 122
56 91
56 124
56 94
57 129
57 68
57 73
57 140
57 144
57 148
57 89
57 91
57 156
57 97
57 162
57 177
57 173
57 114
57 116
57 184
57 122
57 62
58 64
58 130
58 134
58 73
58 144
58 81
58 85
58 90
58 160
58 98
58 99
58 101
58 166
58 104
58 125
58 114
58 116
58 118
58 121
58 122
58 60
58 61
58 126
59 192
59 131
59 68
59 133
59 73
59 132
59 90
59 93
59 161
59 162
59 104
59 169
59 189
59 177
59 115
59 116
59 118
59 137
59 87
59 124
59 138
59 126
60 96
60 160
60 68
60 70
60 137
60 77
60 147
60 150
60 180
60 90
60 126
60 191
61 130
61 134
61 194
61 136
61 77
61 142
61 141
61 146
61 131
61 88
61 122
61 161
61 98
61 156
61 175
61 177
61 115
61 62
61 184
61 63
61 188
61 126
61 127
62 192
62 131
62 134
62 143
62 153
62 156
62 160
62 166
62 177
62 115
62 64
62 65
62 68
62 73
62 80
62 81
62 142
62 89
62 90
62 94
62 98
62 99
62 102
62 105
62 113
62 114
62 147
62 118
62 122
62 126
63 96
63 67
63 165
63 134
63 104
63 105
63 160
63 174
63 78
63 93
63 178
63 142
63 122
63 94
64 192
64 162
64 68
64 71
64 105
64 189
64 77
64 174
64 143
64 80
64 94
64 164
64 90
64 175
64 191
65 98
65 118
65 73
65 125
66 192
66 130
66 131
66 73
66 77
66 144
66 146
66 90
66 166
66 108
66 111
66 118
66 122
66 188
66 126
67 97
67 130
67 68
67 78
67 178
67 117
67 164
67 122
67 158
68 192
68 130
68 141
68 188
68 152
68 156
68 160
68 163
68 170
68 174
68 175
68 177
68 179
68 189
68 191
68 73
68 183
68 82
68 87
68 90
68 91
68 93
68 94
68 98
68 99
68 105
68 113
68 119
68 122
68 124
68 125
69 99
69 103
69 169
69 75
69 144
69 177
69 179
69 185
69 156
69 157
69 94
69 95
70 98
70 131
70 177
70 113
70 178
70 117
70 150
70 119
70 137
70 153
70 92
70 122
70 95
71 96
71 130
71 165
71 97
71 104
71 137
71 90
71 92
73 128
73 129
73 130
73 134
73 162
73 136
73 141
73 142
73 148
73 160
73 164
73 173
73 184
73 192
73 140
73 77
73 87
73 91
73 92
73 93
73 98
73 99
73 104
73 107
73 110
73 112
73 114
73 118
73 122
73 124
74 160
74 99
75 114
75 134
76 192
76 98
77 130
77 78
77 99
77 86
77 186
77 93
77 158
77 95
77 160
77 188
77 105
77 109
77 142
77 178
77 115
77 180
77 117
77 122
78 133
78 142
78 144
78 147
78 89
78 98
78 100
78 104
78 172
78 191
78 111
78 131
79 129
79 130
79 99
79 161
79 162
79 118
79 152
79 126
80 160
80 135
80 139
80 141
80 145
80 146
80 151
80 152
80 154
80 95
80 161
80 102
80 105
80 178
80 180
80 183
80 122
80 191
81 98
81 168
81 137
81 170
81 143
81 122
81 188
82 157
82 126
83 160
83 98
83 99
83 116
83 133
83 146
83 153
83 122
83 111
84 122
84 175
84 180
84 153
85 99
85 131
85 139
85 142
86 130
86 113
87 194
87 141
87 142
87 143
87 156
87 158
87 160
87 97
87 162
87 164
87 177
87 172
87 94
87 118
87 184
87 122
88 129
88 118
88 89
88 135
89 137
89 183
89 153
89 155
89 160
89 180
89 166
89 168
89 105
89 176
89 173
89 112
89 113
89 116
89 117
89 118
89 120
89 186
89 125
89 181
90 192
90 130
90 131
90 134
90 137
90 142
90 143
90 151
90 152
90 158
90 159
90 160
90 165
90 172
90 179
90 180
90 191
90 94
90 95
90 188
90 98
90 105
90 116
90 153
90 122
90 124
90 125
90 126
91 129
91 130
91 131
91 134
91 142
91 153
91 158
91 95
91 160
91 98
91 99
91 188
91 170
91 175
91 112
91 180
91 114
91 116
91 120
91 124
91 126
92 144
92 161
92 183
92 174
93 192
93 134
93 138
93 183
93 142
93 174
93 94
93 160
93 98
93 165
93 168
93 105
93 107
93 177
93 178
93 179
93 122
93 188
94 128
94 132
94 134
94 141
94 142
94 150
94 151
94 158
94 160
94 161
94 175
94 177
94 178
94 179
94 180
94 184
94 188
94 95
94 96
94 98
94 99
94 103
94 105
94 107
94 113
94 116
94 118
94 122
94 191
94 124
94 126
95 128
95 134
95 129
95 144
95 133
95 160
95 169
95 172
95 174
95 176
95 177
95 181
95 186
95 151
95 192
95 142
95 99
95 105
95 107
95 116
95 119
95 122
95 191
95 127
96 192
96 161
96 98
96 158
96 108
96 141
96 179
96 122
96 124
97 133
97 137
97 151
97 143
97 160
97 98
97 99
97 162
97 166
97 172
97 112
97 178
97 180
97 117
97 118
97 122
97 126
98 129
98 134
98 141
98 142
98 147
98 153
98 133
98 163
98 166
98 167
98 170
98 173
98 177
98 180
98 181
98 182
98 188
98 160
98 146
98 189
98 114
98 116
98 118
98 122
98 125
98 126
98 127
99 130
99 131
99 134
99 140
99 147
99 152
99 155
99 163
99 166
99 174
99 180
99 187
99 188
99 191
99 192
99 143
99 102
99 104
99 105
99 108
99 114
99 116
99 117
99 169
99 122
99 123
99 124
99 126
100 172
100 116
100 140
101 177
102 169
102 126
102 142
102 115
102 184
102 154
102 175
102 158
103 178
103 150
103 156
103 166
104 130
104 132
104 141
104 190
104 131
104 148
104 122
104 160
104 172
104 158
104 153
104 151
104 126
105 129
105 136
105 160
105 142
105 143
105 146
105 163
105 152
105 165
105 177
105 159
105 179
105 116
105 181
105 184
105 122
105 189
106 188
107 169
107 134
107 185
108 165
108 168
108 174
108 114
108 163
108 180
108 148
109 178
110 177
111 129
111 156
111 122
111 124
111 114
111 159
112 160
112 166
112 170
112 194
112 175
112 146
112 115
112 185
112 152
112 188
112 126
113 160
113 162
113 163
113 137
113 140
113 190
113 184
113 134
114 130
114 122
114 133
114 166
114 169
114 180
114 178
114 179
114 116
114 190
114 188
114 191
115 191
115 180
116 128
116 156
116 139
116 155
116 146
116 122
116 160
116 165
116 172
116 174
116 151
116 183
116 153
117 160
117 137
117 181
117 154
117 189
117 191
118 192
118 134
118 194
118 136
118 130
118 158
118 152
118 122
118 187
118 170
118 172
118 178
118 179
118 186
118 126
118 184
118 124
119 153
119 170
119 151
119 125
119 161
120 163
121 167
122 128
122 131
122 132
122 129
122 137
122 142
122 144
122 133
122 161
122 162
122 164
122 168
122 172
122 173
122 174
122 178
122 140
122 188
122 192
122 160
122 153
122 125
122 126
123 184
124 192
124 160
124 142
124 144
124 147
124 153
124 156
124 161
124 186
125 160
125 163
125 167
125 137
125 173
125 177
125 175
125 176
125 191
126 130
126 134
126 136
126 137
126 142
126 143
126 147
126 152
126 160
126 161
126 178
126 180
126 191
126 192
126 188
126 189
128 181
128 148
128 180
128 135
128 140
129 172
129 143
129 194
129 142
129 163
129 188
130 192
130 134
130 136
130 142
130 141
130 145
130 152
130 188
130 161
130 174
130 175
130 179
130 151
131 143
131 141
131 165
131 171
131 176
131 147
131 183
131 153
131 181
133 192
133 163
133 134
133 142
133 136
133 177
133 144
133 151
133 188
134 142
134 170
134 156
134 172
134 174
136 161
136 191
136 176
136 180
136 165
137 141
137 142
137 177
137 168
137 184
138 160
138 153
138 158
139 148
139 169
140 184
140 188
140 186
141 160
141 146
141 148
141 143
141 174
141 184
141 190
142 144
142 153
142 156
142 154
142 158
142 164
142 166
142 168
142 177
142 178
142 180
142 185
142 188
142 160
142 152
142 181
142 161
142 147
142 191
143 192
143 144
143 159
143 166
143 168
143 179
143 181
144 153
144 188
144 155
144 177
144 187
144 184
144 159
145 177
145 162
146 192
146 147
146 153
146 163
146 170
146 172
146 180
146 188
147 160
147 152
148 165
148 172
148 183
148 188
149 169
149 151
151 192
151 194
151 162
151 177
152 160
152 163
153 192
153 154
154 188
154 166
155 163
155 161
155 170
156 183
156 160
156 165
158 172
158 179
158 191
159 160
159 170
160 161
160 166
160 170
160 174
160 177
160 180
160 184
160 185
160 181
160 188
160 191
162 178
162 180
163 174
163 179
163 188
164 174
164 180
164 187
165 170
165 180
165 177
165 178
166 178
166 177
166 181
166 188
167 170
168 177
168 175
169 194
169 191
169 177
169 180
169 184
172 186
172 184
174 176
174 178
175 177
175 178
177 180
177 192
177 194
179 184
180 190
181 188
181 191
183 188
184 188
184 191
187 192
188 192
188 191
