0 128
0 192
0 2
0 3
0 132
0 5
0 9
0 11
0 142
0 15
0 188
0 21
0 22
0 23
0 153
0 32
0 37
0 166
0 41
0 171
0 177
0 178
0 51
0 181
0 59
0 60
0 61
0 191
0 64
0 68
0 73
0 81
0 82
0 83
0 87
0 90
0 91
0 93
0 95
0 104
0 105
0 110
0 112
0 118
0 122
0 126
2 160
2 98
2 132
2 133
2 104
2 9
2 23
2 178
2 85
2 87
2 95
3 130
3 131
3 4
3 194
3 136
3 138
3 62
3 12
3 141
3 142
3 143
3 58
3 25
3 90
3 28
3 93
3 95
3 161
3 105
3 51
3 53
3 122
3 126
4 130
4 5
4 183
4 13
4 141
4 18
4 21
4 22
4 91
4 28
4 98
4 99
4 113
4 105
4 108
4 174
4 177
4 52
4 54
4 55
4 126
5 9
5 10
5 11
5 142
5 17
5 18
5 19
5 20
5 21
5 22
5 23
5 24
5 25
5 27
5 158
5 31
5 32
5 161
5 180
5 39
5 41
5 170
5 46
5 178
5 52
5 55
5 184
5 57
5 58
5 151
5 61
5 62
5 192
5 160
5 66
5 67
5 68
5 71
5 73
5 76
5 87
5 90
5 97
5 98
5 99
5 104
5 188
5 108
5 174
5 114
5 117
5 118
5 153
5 148
5 122
5 124
5 126
6 46
7 189
7 114
7 99
7 54
7 125
7 110
7 31
8 99
8 52
8 117
8 131
8 77
8 78
8 174
9 67
9 130
9 10
9 139
9 77
9 142
9 143
9 80
9 163
9 87
9 89
9 26
9 91
9 95
9 33
9 99
9 164
9 134
9 102
9 188
9 179
9 116
9 54
9 56
9 180
9 122
9 31
9 60
9 62
9 191
10 192
10 130
10 155
10 70
10 162
10 11
10 77
10 142
10 17
10 18
10 20
10 87
10 25
10 90
10 27
10 28
10 94
10 160
10 98
10 99
10 169
10 44
10 174
10 48
10 177
10 178
10 116
10 117
10 183
10 57
10 122
10 188
10 189
11 194
11 70
11 139
11 78
11 146
11 21
11 150
11 151
11 89
11 28
11 94
11 95
11 33
11 164
11 166
11 105
11 46
11 177
11 114
11 116
11 158
11 183
11 122
11 31
11 125
11 62
12 112
12 114
12 37
12 89
12 139
13 33
13 98
13 131
13 68
13 118
13 97
13 114
13 189
13 18
13 20
13 86
13 57
13 58
13 154
14 87
14 56
14 73
14 122
14 188
14 142
14 95
15 192
15 68
15 165
15 63
15 44
15 180
15 53
15 57
15 36
15 59
15 117
16 160
16 53
16 62
16 191
17 128
17 68
17 70
17 184
17 143
17 77
17 78
17 79
17 80
17 145
17 83
17 142
17 22
17 23
17 25
17 91
17 94
17 95
17 97
17 37
17 166
17 107
17 46
17 174
17 49
17 114
17 52
17 126
17 134
17 153
17 57
17 122
17 62
18 179
18 103
18 73
18 112
18 177
18 19
18 21
18 22
18 58
18 91
18 61
18 94
19 71
19 188
19 148
19 22
19 23
19 153
19 156
19 95
19 161
19 34
19 99
19 38
19 41
19 170
19 172
19 174
19 114
19 179
19 124
19 62
20 192
20 130
20 179
20 161
20 136
20 77
20 144
20 22
20 153
20 90
20 93
20 95
20 160
20 80
20 105
20 106
20 157
20 178
20 51
20 52
20 181
20 180
20 122
20 59
20 126
20 63
21 128
21 130
21 68
21 73
21 143
21 142
21 79
21 24
21 86
21 87
21 88
21 91
21 28
21 95
21 160
21 98
21 99
21 164
21 105
21 146
21 111
21 179
21 116
21 187
21 55
21 120
21 180
21 31
21 60
21 191
22 130
22 131
22 137
22 143
22 25
22 26
22 27
22 154
22 31
22 160
22 161
22 34
22 155
22 46
22 177
22 178
22 55
22 184
22 57
22 58
22 59
22 60
22 61
22 62
22 63
22 192
22 66
22 67
22 68
22 73
22 78
22 189
22 85
22 87
22 89
22 90
22 91
22 93
22 94
22 95
22 96
22 98
22 99
22 104
22 105
22 146
22 111
22 112
22 114
22 147
22 116
22 117
22 118
22 119
22 122
22 125
22 126
23 129
23 141
23 144
23 146
23 151
23 154
23 26
23 160
23 161
23 35
23 37
23 38
23 44
23 178
23 179
23 52
23 181
23 54
23 55
23 184
23 59
23 62
23 66
23 68
23 71
23 73
23 74
23 75
23 78
23 87
23 91
23 93
23 95
23 98
23 99
23 145
23 105
23 108
23 112
23 147
23 124
24 160
24 118
24 134
24 92
24 62
25 64
25 68
25 133
25 137
25 143
25 79
25 188
25 91
25 29
25 30
25 166
25 177
25 60
25 42
25 172
25 111
25 113
25 114
25 118
25 183
25 184
25 58
25 95
25 124
26 128
26 130
26 67
26 134
26 138
26 78
26 144
26 83
26 90
26 27
26 186
26 94
26 95
26 160
26 34
26 99
26 164
26 163
26 41
26 173
26 113
26 178
26 179
26 62
26 118
26 55
26 56
26 185
26 122
26 188
26 125
26 126
27 66
27 134
27 177
27 142
27 145
27 69
27 89
27 91
27 28
27 90
27 94
27 95
27 160
27 98
27 36
27 166
27 103
27 174
27 49
27 114
27 179
27 53
27 122
27 188
28 64
28 122
28 126
28 39
28 103
28 45
28 111
28 99
28 184
28 90
28 93
28 30
29 99
29 62
30 116
30 148
30 84
30 37
30 89
30 91
30 142
30 165
31 129
31 134
31 142
31 153
31 150
31 159
31 160
31 37
31 39
31 168
31 172
31 48
31 178
31 179
31 52
31 55
31 184
31 185
31 58
31 62
31 191
31 66
31 68
31 73
31 183
31 78
31 89
31 90
31 94
31 95
31 165
31 99
31 104
31 105
31 106
31 112
31 114
31 115
31 118
31 122
31 124
31 125
32 33
32 146
32 35
32 115
32 91
32 172
32 192
32 174
33 180
33 132
33 57
33 89
33 55
33 142
34 83
34 181
34 89
35 97
35 99
35 136
35 156
35 131
35 180
35 53
35 55
35 56
35 58
35 60
35 126
35 181
36 126
36 118
37 160
37 91
37 70
37 81
37 41
37 191
37 174
37 79
37 80
37 99
37 116
37 85
37 59
37 181
37 192
38 180
38 147
38 143
38 178
38 90
38 154
38 55
38 153
38 122
38 91
38 58
38 94
38 95
39 88
40 66
40 102
40 71
40 41
40 42
40 162
40 143
40 83
40 55
40 169
40 187
40 61
40 130
41 66
41 73
41 183
41 141
41 143
41 90
41 91
41 160
41 161
41 98
41 188
41 177
41 114
41 116
41 117
41 55
41 57
41 60
41 61
41 126
42 160
42 104
42 122
42 138
42 90
42 184
42 45
42 157
43 178
43 99
43 124
43 133
44 192
44 55
44 153
44 122
45 176
45 108
45 131
45 68
45 170
45 134
45 55
45 105
45 122
46 59
46 68
46 108
46 114
46 78
46 173
46 112
46 91
46 51
46 52
46 151
46 54
46 124
47 88
47 156
48 178
48 68
48 118
48 56
48 57
48 61
49 144
49 66
49 134
49 73
49 87
49 82
49 142
49 112
49 114
49 180
49 55
49 57
49 125
49 95
50 168
50 89
50 99
50 125
51 66
51 73
51 77
51 142
51 80
51 131
51 86
51 153
51 92
51 94
51 95
51 161
51 187
51 168
51 105
51 170
51 178
51 114
51 116
51 53
51 183
51 184
51 59
51 60
51 126
52 192
52 160
52 131
52 134
52 71
52 139
52 77
52 142
52 82
52 163
52 174
52 68
52 91
52 95
52 96
52 99
52 108
52 189
52 114
52 179
52 155
52 54
52 119
52 153
52 180
52 58
52 59
52 188
52 61
53 64
53 192
53 68
53 69
53 73
53 142
53 79
53 99
53 86
53 87
53 153
53 95
53 160
53 165
53 104
53 105
53 91
53 116
53 118
53 169
53 59
53 188
53 126
54 98
54 107
54 162
54 145
54 180
54 126
54 95
55 137
55 139
55 141
55 142
55 146
55 152
55 153
55 155
55 158
55 160
55 164
55 174
55 178
55 59
55 60
55 62
55 64
55 67
55 68
55 69
55 73
55 87
55 93
55 94
55 95
55 99
55 103
55 112
55 114
55 116
55 118
55 122
55 124
55 126
56 97
56 130
56 166
56 177
56 73
56 183
56 174
56 143
56 145
56 180
56 94
56 153
56 90
56 126
56 95
57 67
57 68
57 71
57 177
57 87
57 89
57 154
57 98
57 97
57 173
57 169
57 122
57 61
57 62
58 128
58 130
58 67
58 162
58 136
58 77
58 82
58 99
58 87
58 91
58 93
58 95
58 98
58 102
58 105
58 177
58 114
58 179
58 118
58 119
58 180
58 125
58 62
58 127
59 129
59 68
59 70
59 137
59 146
59 85
59 153
59 90
59 156
59 94
59 95
59 160
59 166
59 169
59 111
59 113
59 114
59 184
59 116
59 123
59 188
59 61
59 62
60 98
60 68
60 102
60 71
60 94
60 130
60 178
60 91
60 188
60 62
60 95
61 134
61 136
61 137
61 80
61 185
61 91
61 95
61 144
61 187
61 189
61 112
61 113
61 125
61 62
62 130
62 136
62 142
62 148
62 154
62 158
62 160
62 164
62 159
62 178
62 191
62 192
62 68
62 73
62 77
62 82
62 90
62 93
62 95
62 98
62 99
62 104
62 105
62 108
62 114
62 115
62 116
62 117
62 120
62 126
63 144
63 164
63 143
64 161
64 180
64 134
64 70
64 168
64 79
64 112
64 114
64 116
64 89
64 184
64 154
64 126
65 82
65 180
65 103
65 91
65 141
65 78
66 192
66 115
66 136
66 75
66 143
66 146
66 84
66 169
66 90
66 91
66 158
66 95
66 160
66 97
66 99
66 139
66 165
66 177
66 108
66 114
66 187
66 105
66 122
66 183
66 126
66 191
67 168
67 137
67 151
67 154
67 125
67 144
67 83
67 116
67 150
68 139
68 140
68 142
68 188
68 148
68 160
68 161
68 168
68 177
68 178
68 181
68 194
68 71
68 183
68 80
68 173
68 82
68 87
68 90
68 94
68 95
68 98
68 99
68 100
68 101
68 104
68 105
68 108
68 174
68 116
68 122
68 126
69 144
69 187
69 119
69 156
69 174
70 130
70 99
70 104
70 160
70 188
71 160
71 116
71 130
71 99
71 108
71 164
71 147
71 90
71 122
71 95
73 192
73 126
73 150
73 130
73 193
73 177
73 77
73 141
73 84
73 90
73 91
73 157
73 94
73 99
73 103
73 170
73 142
73 174
73 180
73 178
73 105
73 118
73 148
73 124
73 125
73 85
74 124
74 78
75 184
77 192
77 183
77 80
77 88
77 94
77 95
77 160
77 161
77 98
77 180
77 105
77 112
77 113
77 118
77 137
77 124
77 125
78 128
78 133
78 129
78 136
78 91
78 160
78 162
78 166
78 105
78 108
78 173
78 176
78 118
79 96
79 130
79 137
79 172
79 178
79 179
79 87
79 88
79 188
80 192
80 193
80 179
80 136
80 143
80 145
80 87
80 152
80 89
80 90
80 91
80 93
80 99
80 111
80 112
80 177
80 181
80 122
81 141
81 142
81 190
81 181
81 118
81 89
81 122
81 188
81 94
81 95
82 99
82 112
82 188
83 97
83 101
83 142
83 179
83 89
83 122
84 105
84 184
84 157
85 132
85 104
85 138
85 140
85 98
85 148
85 91
85 189
85 150
85 95
86 192
86 151
86 153
87 192
87 135
87 136
87 130
87 145
87 89
87 91
87 93
87 94
87 95
87 184
87 165
87 102
87 113
87 104
87 105
87 108
87 115
87 116
87 118
87 153
87 126
88 114
88 89
88 169
89 139
89 133
89 161
89 136
89 98
89 142
89 153
89 94
89 160
89 99
89 166
89 169
89 107
89 179
89 180
89 122
89 188
90 134
90 139
90 143
90 147
90 151
90 160
90 161
90 175
90 181
90 184
90 159
90 188
90 191
90 192
90 93
90 99
90 103
90 105
90 111
90 115
90 116
90 118
90 148
90 122
90 123
91 130
91 151
91 140
91 142
91 143
91 144
91 156
91 164
91 166
91 177
91 183
91 132
91 185
91 181
91 104
91 105
91 174
91 118
91 120
92 128
92 130
92 99
92 137
92 104
92 140
92 192
92 110
92 143
93 129
93 133
93 136
93 146
93 152
93 95
93 160
93 99
93 107
93 174
93 176
93 178
93 118
93 191
94 129
94 130
94 132
94 133
94 137
94 142
94 143
94 153
94 157
94 160
94 166
94 167
94 168
94 177
94 180
94 95
94 99
94 104
94 188
94 146
94 112
94 113
94 118
94 122
95 136
95 146
95 156
95 160
95 164
95 165
95 177
95 172
95 142
95 178
95 183
95 97
95 99
95 131
95 166
95 104
95 105
95 108
95 113
95 116
95 119
95 122
95 126
96 129
96 98
96 150
96 138
96 107
96 143
96 166
97 100
97 166
97 136
97 108
97 143
97 164
97 114
97 131
97 150
97 179
97 186
97 126
98 131
98 144
98 188
98 139
98 156
98 118
98 133
98 169
98 102
98 104
98 122
98 151
98 174
98 114
98 190
98 105
98 153
99 130
99 142
99 145
99 137
99 132
99 160
99 162
99 166
99 156
99 178
99 174
99 175
99 176
99 177
99 180
99 188
99 191
99 163
99 103
99 104
99 105
99 112
99 114
99 147
99 116
99 118
99 120
99 122
99 124
99 125
100 114
100 163
100 113
100 130
101 116
101 117
101 118
101 105
101 122
101 174
102 144
102 191
103 178
103 107
103 114
103 131
103 155
104 135
104 143
104 153
104 160
104 112
104 116
105 192
105 133
105 138
105 179
105 131
105 122
105 168
105 188
105 142
105 157
105 112
105 113
105 180
105 153
105 126
105 151
107 183
107 172
108 134
108 159
108 160
108 114
108 116
108 184
108 122
108 191
110 131
112 179
112 142
112 153
112 165
112 146
112 177
112 115
112 117
112 125
113 129
113 191
113 170
113 151
113 143
113 126
113 188
114 132
114 169
114 179
114 156
114 122
114 163
114 168
114 180
114 191
115 160
115 181
115 142
115 179
115 126
116 128
116 192
116 132
116 133
116 134
116 142
116 144
116 151
116 152
116 154
116 161
116 166
116 172
116 174
116 180
116 158
116 183
116 138
116 193
116 165
116 191
116 125
117 160
117 192
117 172
117 142
117 183
117 153
118 160
118 131
118 158
118 136
118 151
118 192
118 144
118 147
118 133
118 161
118 165
118 153
118 188
118 126
119 160
119 165
119 139
120 161
120 177
120 188
121 172
122 134
122 144
122 147
122 157
122 158
122 160
122 162
122 177
122 159
122 188
122 189
122 142
122 185
122 124
122 125
122 126
122 166
123 125
123 191
124 130
124 179
124 163
124 148
124 150
125 191
125 142
125 180
125 188
126 151
126 190
126 142
126 143
126 160
126 169
126 177
126 170
126 176
126 178
126 183
128 165
128 145
128 188
128 187
128 191
129 160
129 173
129 143
129 176
130 192
130 151
130 164
130 131
130 153
130 160
130 134
130 147
130 180
130 183
130 191
131 132
131 161
131 142
131 160
131 184
131 188
132 170
132 188
133 180
133 134
133 141
133 183
133 153
134 135
134 183
134 141
134 144
134 146
134 160
134 180
134 165
134 177
134 176
134 137
134 184
135 158
136 160
136 148
136 177
136 152
136 159
137 147
137 184
137 180
137 158
137 152
140 183
140 142
141 161
141 142
141 146
141 147
141 158
142 143
142 145
142 152
142 154
142 160
142 177
142 168
142 174
142 184
142 188
142 192
142 183
142 147
143 192
143 184
143 151
143 166
143 170
143 179
143 158
143 169
144 160
144 170
144 183
144 172
144 180
145 191
146 160
146 189
146 180
146 191
147 192
147 164
147 165
148 165
148 162
148 194
148 176
148 169
148 153
149 161
150 152
151 153
151 158
151 163
151 172
151 177
151 189
152 166
152 156
153 160
153 159
153 174
154 165
155 177
155 180
155 189
156 192
156 164
156 188
156 157
157 163
158 160
158 168
158 188
159 169
160 166
160 172
160 177
160 178
160 189
160 191
160 192
161 171
161 177
163 178
163 184
165 179
165 177
165 188
166 184
166 192
166 172
166 174
166 177
166 179
166 180
168 174
168 184
168 175
169 191
172 188
172 192
173 177
174 176
174 177
174 178
174 179
174 191
175 176
175 178
177 185
177 184
177 188
177 186
177 179
177 180
177 191
178 183
179 193
179 194
179 188
179 183
179 180
179 190
183 188
184 188
184 189
185 191
188 192
189 192
189 190
