0 129
0 130
0 5
0 9
0 10
0 12
0 141
0 142
0 17
0 18
0 21
0 23
0 24
0 133
0 160
0 37
0 166
0 43
0 48
0 178
0 179
0 180
0 53
0 55
0 56
0 57
0 58
0 62
0 181
0 64
0 66
0 68
0 69
0 70
0 75
0 89
0 90
0 94
0 95
0 98
0 99
0 116
0 117
0 120
0 122
0 124
0 126
1 154
2 83
2 21
2 71
2 57
2 163
2 11
2 124
2 141
2 142
3 64
3 129
3 5
3 134
3 19
3 21
3 175
3 186
3 69
3 161
3 99
3 102
3 168
3 41
3 44
3 111
3 112
3 114
3 115
3 185
3 122
3 125
4 99
4 105
4 11
4 13
4 61
4 177
4 35
4 116
4 22
4 73
4 153
4 20
4 154
4 125
5 128
5 130
5 133
5 8
5 9
5 140
5 142
5 146
5 22
5 23
5 153
5 154
5 31
5 160
5 161
5 180
5 164
5 37
5 49
5 168
5 41
5 172
5 174
5 136
5 178
5 52
5 53
5 55
5 56
5 116
5 159
5 60
5 62
5 191
5 65
5 73
5 183
5 78
5 184
5 87
5 89
5 90
5 94
5 95
5 98
5 99
5 188
5 177
5 112
5 113
5 25
5 117
5 122
5 126
6 98
6 118
7 162
7 35
7 68
7 73
7 146
7 46
7 18
7 116
7 126
7 105
7 89
7 93
7 94
7 191
8 160
8 161
8 178
8 19
8 102
8 89
8 28
8 85
9 129
9 66
9 67
9 181
9 135
9 136
9 73
9 87
9 13
9 78
9 79
9 99
9 84
9 22
9 23
9 153
9 179
9 91
9 94
9 69
9 160
9 33
9 35
9 27
9 114
9 51
9 116
9 57
9 118
9 126
9 20
9 62
9 117
10 192
10 66
10 73
10 23
10 94
10 147
10 21
10 22
10 87
10 158
10 95
10 160
10 99
10 103
10 104
10 177
10 168
10 178
10 52
10 117
10 118
10 137
10 180
10 122
10 31
10 61
10 191
11 64
11 165
11 35
11 163
11 73
11 108
11 174
11 112
11 152
11 18
11 67
11 116
11 22
11 55
11 137
11 169
11 27
11 124
11 31
12 19
12 188
12 156
12 172
12 46
12 152
12 115
12 52
12 21
12 151
12 24
12 25
12 122
12 60
12 53
12 63
13 100
13 41
13 134
13 89
13 129
13 183
13 189
13 46
13 165
14 160
14 57
14 98
14 147
14 166
15 192
15 31
15 105
15 62
15 45
15 94
15 151
15 25
15 27
15 60
15 158
15 191
16 33
16 134
16 118
16 23
16 89
16 27
16 150
16 79
17 129
17 73
17 141
17 142
17 18
17 174
17 22
17 23
17 169
17 90
17 91
17 156
17 154
17 185
17 95
17 96
17 165
17 98
17 35
17 101
17 39
17 105
17 108
17 46
17 180
17 113
17 114
17 179
17 116
17 181
17 137
17 57
18 96
18 99
18 179
18 104
18 83
18 116
18 26
18 27
18 60
18 191
19 192
19 66
19 73
19 77
19 22
19 87
19 89
19 26
19 27
19 92
19 160
19 33
19 105
19 43
19 112
19 113
19 180
19 181
19 184
19 57
20 129
20 163
20 38
20 104
20 142
20 112
20 113
20 114
20 51
20 116
20 158
20 55
20 184
20 154
20 27
20 94
20 95
21 160
21 68
21 69
21 134
21 97
21 73
21 161
21 155
21 82
21 87
21 137
21 90
21 27
21 185
21 31
21 133
21 33
21 98
21 99
21 164
21 177
21 105
21 170
21 113
21 52
21 118
21 55
21 184
21 180
21 122
21 124
21 192
21 191
22 130
22 134
22 142
22 143
22 146
22 24
22 27
22 158
22 133
22 160
22 33
22 162
22 35
22 36
22 166
22 176
22 177
22 52
22 183
22 56
22 57
22 62
22 67
22 68
22 70
22 73
22 80
22 82
22 90
22 91
22 92
22 93
22 94
22 95
22 96
22 98
22 99
22 104
22 108
22 112
22 116
23 128
23 131
23 135
23 141
23 142
23 152
23 26
23 27
23 28
23 29
23 158
23 31
23 160
23 34
23 165
23 177
23 41
23 44
23 49
23 179
23 180
23 181
23 54
23 55
23 188
23 62
23 191
23 192
23 65
23 68
23 71
23 80
23 81
23 83
23 89
23 93
23 94
23 95
23 99
23 114
23 116
23 117
23 118
23 122
23 124
23 126
24 129
24 66
24 155
24 87
24 160
24 27
24 98
24 191
25 130
25 68
25 71
25 77
25 142
25 118
25 147
25 27
25 157
25 32
25 161
25 98
25 99
25 105
25 178
25 111
25 177
25 91
25 54
26 192
26 126
26 131
26 147
26 179
26 130
26 73
26 87
26 98
26 142
26 86
26 90
26 27
26 154
26 94
26 31
26 97
26 34
26 36
26 37
26 166
26 103
26 40
26 105
26 174
26 189
26 48
26 113
26 183
26 51
26 52
26 30
26 118
26 55
26 151
26 125
26 62
27 132
27 137
27 141
27 143
27 152
27 156
27 31
27 160
27 161
27 162
27 91
27 41
27 173
27 175
27 177
27 51
27 52
27 57
27 58
27 59
27 188
27 61
27 192
27 139
27 68
27 69
27 55
27 80
27 81
27 163
27 85
27 90
27 92
27 94
27 99
27 112
27 116
27 118
28 128
28 98
28 145
28 134
28 103
28 136
28 41
28 87
28 44
28 142
28 176
28 172
28 164
28 151
28 61
29 122
30 192
30 49
30 52
30 151
30 170
30 190
31 128
31 130
31 131
31 142
31 143
31 150
31 158
31 160
31 91
31 164
31 38
31 177
31 41
31 170
31 47
31 49
31 178
31 179
31 52
31 181
31 55
31 58
31 138
31 62
31 191
31 192
31 68
31 70
31 78
31 80
31 82
31 92
31 93
31 94
31 95
31 98
31 99
31 105
31 116
31 118
31 122
32 146
32 172
32 57
32 168
32 60
33 133
33 105
33 166
33 95
34 49
34 98
34 116
34 118
34 152
34 57
34 186
35 192
35 68
35 122
35 78
35 177
35 90
35 53
35 73
35 184
35 87
35 60
35 61
35 94
35 127
36 180
36 134
36 153
36 122
36 94
37 160
37 180
37 161
37 136
37 108
37 116
37 185
37 57
37 58
37 126
38 98
38 68
38 89
38 104
38 41
38 59
38 140
38 125
39 72
40 113
40 99
40 134
40 105
40 41
40 188
40 61
40 62
40 77
41 66
41 158
41 77
41 141
41 150
41 153
41 91
41 92
41 94
41 69
41 165
41 107
41 172
41 46
41 168
41 114
41 53
41 183
41 120
41 122
41 188
41 126
41 191
42 146
42 115
42 52
42 53
42 118
42 105
42 152
42 57
42 131
43 118
44 166
44 122
44 126
45 99
45 178
45 67
45 164
45 53
45 73
45 94
46 144
46 180
46 68
46 70
46 136
46 112
46 52
46 89
46 90
46 124
46 61
47 181
47 85
48 179
48 116
48 94
49 67
49 66
49 102
49 98
49 113
49 179
49 180
49 89
49 95
50 64
50 57
50 146
50 177
51 176
51 133
51 71
51 168
51 143
51 142
51 93
51 80
51 145
51 94
51 87
51 52
51 91
51 61
51 62
52 64
52 192
52 66
52 70
52 140
52 77
52 142
52 79
52 188
52 156
52 122
52 96
52 161
52 98
52 165
52 124
52 108
52 178
52 113
52 114
52 53
52 118
52 58
52 95
52 60
52 138
52 62
53 161
53 68
53 134
53 151
53 111
53 180
53 179
53 55
53 121
53 124
54 129
54 130
54 99
54 68
54 87
54 122
54 151
54 177
55 129
55 130
55 136
55 137
55 142
55 143
55 144
55 154
55 160
55 166
55 168
55 169
55 177
55 56
55 59
55 151
55 189
55 64
55 194
55 68
55 70
55 73
55 60
55 184
55 85
55 90
55 94
55 95
55 97
55 99
55 105
55 112
55 116
55 122
55 125
55 126
56 128
56 66
56 99
56 105
56 119
56 130
56 142
56 112
56 177
56 118
56 84
56 122
56 160
56 116
56 90
56 59
56 61
57 160
57 68
57 150
57 132
57 192
57 98
57 144
57 87
57 89
57 90
57 155
57 105
57 174
57 112
57 115
57 73
57 58
57 60
57 61
57 126
58 66
58 67
58 69
58 71
58 73
58 138
58 151
58 130
58 78
58 146
58 148
58 150
58 87
58 89
58 179
58 92
58 94
58 96
58 116
58 99
58 100
58 104
58 188
58 178
58 158
58 126
58 153
58 122
58 124
58 62
59 69
59 136
59 73
59 142
59 99
59 186
59 93
59 95
59 160
59 97
59 98
59 155
59 164
59 101
59 168
59 105
59 188
59 172
59 173
59 175
59 114
59 181
59 118
59 122
59 91
59 60
59 166
60 160
60 68
60 95
60 87
60 77
60 142
60 99
60 131
60 150
60 126
60 63
61 65
61 130
61 68
61 69
61 136
61 151
61 120
61 146
61 110
61 87
61 90
61 133
61 176
61 98
61 166
61 169
61 112
61 177
61 115
61 180
61 181
61 118
61 122
61 124
61 62
61 191
62 185
62 68
62 71
62 142
62 83
62 147
62 87
62 90
62 79
62 150
62 69
62 160
62 98
62 99
62 95
62 172
62 183
62 180
62 113
62 114
62 73
62 120
62 116
62 188
62 126
62 191
63 99
63 66
63 67
63 68
63 165
63 73
63 87
63 95
64 97
64 83
64 133
64 146
64 169
64 114
64 111
64 81
64 67
64 120
64 126
65 191
66 129
66 130
66 68
66 69
66 141
66 142
66 79
66 144
66 150
66 87
66 156
66 122
66 94
66 95
66 98
66 99
66 177
66 191
66 112
66 179
66 116
66 187
67 192
67 130
67 69
67 71
67 142
67 80
67 87
67 94
67 99
67 188
67 93
67 114
67 179
67 183
67 121
67 122
67 191
67 124
68 133
68 142
68 146
68 160
68 165
68 177
68 178
68 179
68 73
68 77
68 80
68 82
68 83
68 185
68 89
68 91
68 94
68 97
68 98
68 99
68 100
68 104
68 188
68 110
68 174
68 114
68 116
68 117
68 122
68 191
68 124
68 126
69 122
69 77
69 105
70 77
70 144
70 146
70 157
70 112
70 102
70 110
70 189
70 176
70 177
70 178
70 179
70 180
70 122
70 125
70 116
71 96
71 176
71 183
71 140
71 98
71 174
71 99
71 177
71 192
71 86
71 91
71 122
72 90
72 99
72 166
73 130
73 134
73 142
73 146
73 151
73 156
73 157
73 150
73 165
73 166
73 168
73 174
73 178
73 181
73 184
73 77
73 78
73 85
73 87
73 89
73 90
73 91
73 92
73 95
73 99
73 104
73 105
73 108
73 112
73 114
73 127
75 160
75 126
76 120
77 192
77 184
77 183
77 143
77 142
77 79
77 80
77 81
77 124
77 105
77 91
77 94
77 95
77 97
77 166
77 144
77 177
77 147
77 116
77 119
77 120
77 153
78 130
78 134
78 183
78 142
78 143
78 144
78 184
78 87
78 153
78 94
78 102
78 170
78 177
78 178
78 116
78 187
78 120
78 95
78 124
79 160
79 112
79 165
79 170
79 158
79 179
79 85
79 151
79 148
79 90
80 166
80 136
80 105
80 172
80 174
80 176
80 81
80 85
80 152
81 144
81 170
81 140
81 143
81 114
81 148
81 95
82 192
82 113
82 114
82 184
83 99
83 104
83 105
83 144
83 177
83 179
83 116
83 191
83 94
83 181
84 181
85 128
85 108
85 114
85 179
85 126
85 95
86 95
86 174
87 192
87 129
87 141
87 144
87 186
87 89
87 118
87 137
87 133
87 160
87 97
87 166
87 168
87 188
87 125
87 174
87 111
87 99
87 114
87 180
87 181
87 159
89 128
89 192
89 150
89 122
89 95
89 96
89 136
89 165
89 103
89 129
89 105
89 173
89 175
89 160
89 168
89 151
90 130
90 131
90 134
90 142
90 146
90 147
90 152
90 155
90 154
90 160
90 166
90 174
90 177
90 186
90 188
90 183
90 93
90 94
90 95
90 98
90 99
90 103
90 111
90 113
90 116
90 190
90 118
90 122
90 125
90 126
91 192
91 179
91 183
91 142
91 93
91 160
91 176
91 98
91 99
91 164
91 166
91 177
91 174
91 112
91 113
91 116
91 118
91 122
91 126
92 98
92 179
92 174
92 93
92 122
93 194
93 179
93 162
93 146
93 153
93 157
93 98
93 99
93 101
93 102
93 105
93 112
93 178
93 116
93 119
93 185
93 191
94 140
94 194
94 144
94 145
94 153
94 150
94 133
94 176
94 168
94 178
94 180
94 158
94 184
94 191
94 192
94 160
94 95
94 96
94 99
94 104
94 112
94 113
94 116
94 148
94 126
95 139
95 142
95 144
95 150
95 153
95 155
95 156
95 158
95 170
95 172
95 176
95 178
95 185
95 192
95 161
95 97
95 98
95 103
95 104
95 105
95 112
95 116
95 118
95 123
95 125
95 126
96 160
96 97
96 130
96 137
96 108
96 177
96 154
96 125
97 98
97 99
97 181
97 138
97 143
97 164
97 173
97 178
97 153
97 188
97 126
98 131
98 132
98 136
98 144
98 146
98 153
98 157
98 134
98 177
98 168
98 169
98 174
98 179
98 183
98 192
98 152
98 185
98 99
98 101
98 102
98 145
98 104
98 105
98 108
98 189
98 112
98 114
98 116
98 118
98 122
98 124
98 126
98 166
99 130
99 134
99 136
99 139
99 140
99 194
99 142
99 173
99 144
99 131
99 137
99 157
99 160
99 161
99 164
99 166
99 172
99 178
99 180
99 181
99 184
99 188
99 111
99 147
99 118
99 153
99 122
99 191
99 125
99 126
100 145
100 141
101 180
101 151
101 168
101 122
101 124
101 190
101 191
102 177
102 105
102 184
102 168
102 188
103 130
103 131
103 136
103 142
103 111
103 177
103 155
104 133
104 118
104 142
104 177
104 158
104 150
104 132
104 166
104 122
105 128
105 129
105 134
105 136
105 119
105 150
105 137
105 143
105 166
105 169
105 174
105 113
105 114
105 116
105 181
105 160
105 144
106 166
106 118
107 137
107 113
108 178
108 185
108 153
108 189
110 180
110 165
110 191
111 129
111 161
111 160
111 178
111 114
111 118
111 120
111 188
111 159
112 138
112 194
112 161
112 134
112 169
112 163
112 113
112 114
112 116
112 118
112 122
113 130
113 147
113 152
113 160
113 163
113 165
113 177
113 174
113 178
113 187
114 192
114 189
114 142
114 143
114 137
114 153
114 133
114 188
114 165
114 146
114 177
114 178
114 118
114 120
114 186
114 151
114 125
115 191
116 134
116 142
116 143
116 154
116 157
116 158
116 160
116 176
116 163
116 167
116 170
116 179
116 151
116 192
116 184
116 118
116 122
116 124
116 125
117 160
117 134
117 137
117 154
117 122
117 124
117 125
118 133
118 146
118 150
118 156
118 144
118 166
118 177
118 173
118 179
118 180
118 137
118 122
118 188
118 153
119 192
119 184
119 179
119 126
120 169
120 177
120 180
122 128
122 130
122 134
122 129
122 172
122 142
122 146
122 131
122 148
122 153
122 154
122 160
122 135
122 177
122 179
122 188
122 190
122 191
122 163
122 189
122 169
122 125
122 126
123 132
124 130
124 142
124 156
124 160
124 166
125 160
125 139
125 154
125 158
125 171
125 184
125 188
125 183
126 134
126 136
126 145
126 137
126 160
126 165
126 135
126 151
126 177
126 172
126 180
126 184
127 192
128 181
128 187
128 166
128 141
128 180
128 159
129 135
129 146
129 183
130 160
130 134
130 192
130 174
130 175
131 160
131 192
131 179
131 188
131 138
131 180
131 181
131 154
132 180
132 137
132 153
133 135
133 177
133 178
133 160
133 192
133 141
133 180
134 190
134 145
134 144
134 166
134 177
134 169
134 180
134 188
134 189
135 158
135 183
135 191
136 165
136 191
136 162
136 178
136 187
137 163
137 144
137 186
137 157
138 180
139 144
139 174
140 171
140 166
141 177
141 142
141 178
141 147
141 181
141 152
141 151
141 158
142 143
142 146
142 160
142 166
142 172
142 177
142 181
142 184
142 185
142 192
142 188
143 160
143 180
143 174
143 153
143 156
143 169
144 169
144 158
144 160
144 177
144 187
145 188
145 191
146 160
146 156
146 166
146 172
146 179
146 191
147 166
147 177
147 184
148 179
148 187
148 175
149 191
150 160
150 165
150 188
151 192
151 167
151 190
152 160
153 164
153 163
153 158
153 160
153 166
153 178
153 176
153 183
153 184
153 191
154 166
154 177
154 169
154 160
154 184
155 177
155 186
156 192
156 165
156 177
156 178
156 172
157 180
157 174
158 162
158 170
158 177
160 162
160 166
160 169
160 177
160 178
160 179
160 180
160 191
160 192
160 184
160 165
160 188
160 183
161 191
161 184
162 180
163 192
163 177
163 188
164 181
164 166
164 188
164 173
164 180
165 174
165 179
165 191
166 183
166 188
166 177
166 168
166 172
166 186
167 194
167 174
168 192
168 172
168 180
168 183
170 179
172 177
172 178
175 189
176 188
177 179
177 191
177 194
177 184
178 194
178 192
178 183
179 191
180 181
180 189
181 192
181 184
183 184
183 188
184 188
185 188
188 192
192 194
