0 192
0 130
0 3
0 132
0 5
0 135
0 10
0 12
0 13
0 142
0 19
0 20
0 24
0 26
0 29
0 158
0 31
0 160
0 133
0 163
0 41
0 172
0 173
0 177
0 57
0 185
0 64
0 68
0 73
0 79
0 83
0 86
0 87
0 89
0 90
0 91
0 92
0 93
0 94
0 102
0 105
0 114
0 118
0 126
1 118
2 17
2 162
2 51
2 59
2 155
2 94
3 128
3 131
3 129
3 143
3 17
3 153
3 25
3 90
3 91
3 156
3 58
3 95
3 32
3 99
3 37
3 104
3 41
3 27
3 177
3 178
3 116
3 119
3 184
3 122
3 31
3 60
3 125
3 62
4 192
4 99
4 105
4 142
4 93
4 146
4 94
4 22
4 26
4 59
4 90
4 126
5 130
5 9
5 10
5 141
5 142
5 145
5 21
5 22
5 23
5 153
5 154
5 27
5 156
5 158
5 31
5 160
5 161
5 155
5 41
5 175
5 180
5 49
5 52
5 53
5 137
5 56
5 57
5 59
5 188
5 62
5 66
5 67
5 68
5 69
5 70
5 73
5 55
5 77
5 78
5 80
5 89
5 90
5 94
5 98
5 101
5 102
5 111
5 113
5 115
5 116
5 117
5 118
5 119
5 122
5 124
5 183
6 172
6 78
7 160
7 161
7 148
7 102
7 40
7 108
7 18
7 83
7 52
7 55
7 25
7 188
7 93
7 95
8 49
8 178
8 99
8 180
8 81
8 57
8 25
8 10
8 27
8 188
8 173
9 160
9 67
9 68
9 113
9 10
9 162
9 37
9 20
9 21
9 22
9 153
9 93
9 94
9 95
9 133
9 161
9 98
9 99
9 164
9 101
9 102
9 103
9 40
9 124
9 122
9 174
9 180
9 104
9 179
9 52
9 158
9 118
9 120
9 148
9 58
9 168
9 60
9 61
10 160
10 68
10 134
10 192
10 141
10 143
10 80
10 83
10 21
10 150
10 137
10 91
10 95
10 96
10 188
10 99
10 177
10 105
10 172
10 174
10 49
10 116
10 126
10 118
10 73
10 57
10 122
10 31
10 60
10 62
10 191
11 160
11 97
11 34
11 166
11 71
11 129
11 177
11 107
11 141
11 17
11 185
11 89
11 122
11 27
11 61
12 130
12 189
12 118
13 33
13 99
13 184
13 37
13 87
13 160
13 153
13 59
13 192
13 161
14 64
14 145
14 133
14 73
14 90
14 139
14 140
15 163
15 36
15 70
15 71
15 136
15 142
15 112
15 104
15 21
15 22
15 55
15 154
15 60
16 133
16 118
17 128
17 68
17 186
17 134
17 71
17 73
17 142
17 80
17 26
17 99
17 84
17 87
17 90
17 156
17 93
17 31
17 160
17 33
17 162
17 35
17 100
17 105
17 144
17 178
17 111
17 177
17 114
17 116
17 131
17 189
17 137
17 23
17 148
17 122
17 124
17 61
17 62
17 191
18 35
18 37
18 166
18 104
18 42
18 55
18 141
18 114
18 190
18 89
18 57
18 122
18 27
18 62
18 31
19 66
19 67
19 133
19 130
19 77
19 124
19 131
19 22
19 23
19 152
19 155
19 28
19 30
19 96
19 188
19 103
19 41
19 45
19 46
19 176
19 177
19 178
19 158
19 184
19 60
19 61
19 126
19 191
20 161
20 68
20 165
20 102
20 151
20 192
20 46
20 178
20 179
20 105
20 23
20 153
20 89
20 122
20 191
20 188
20 62
20 31
21 67
21 68
21 55
21 143
21 126
21 146
21 147
21 151
21 89
21 90
21 91
21 185
21 31
21 160
21 161
21 162
21 99
21 163
21 102
21 105
21 171
21 108
21 112
21 177
21 53
21 73
21 56
21 57
21 122
21 59
21 61
21 62
21 166
22 131
22 136
22 141
22 142
22 146
22 150
22 23
22 152
22 25
22 27
22 160
22 37
22 166
22 39
22 168
22 41
22 42
22 174
22 179
22 180
22 55
22 58
22 60
22 61
22 62
22 66
22 68
22 73
22 77
22 80
22 90
22 92
22 93
22 94
22 95
22 97
22 99
22 103
22 188
22 107
22 116
22 118
22 153
22 124
23 194
23 136
23 151
23 180
23 141
23 143
23 144
23 149
23 25
23 152
23 89
23 155
23 27
23 157
23 95
23 160
23 161
23 98
23 35
23 166
23 38
23 49
23 176
23 175
23 112
23 113
23 114
23 51
23 52
23 54
23 55
23 153
23 116
23 122
23 31
23 125
24 192
24 122
25 150
25 79
25 82
25 151
25 89
25 28
25 160
25 97
25 177
25 41
25 42
25 172
25 174
25 49
25 180
25 54
25 184
25 122
25 60
26 160
26 69
26 134
26 73
26 187
26 188
26 148
26 153
26 68
26 154
26 91
26 58
26 31
26 32
26 99
26 36
26 105
26 170
26 108
26 177
26 172
26 52
26 126
26 118
26 180
26 122
26 59
26 60
26 61
26 62
27 192
27 134
27 143
27 131
27 158
27 31
27 160
27 133
27 40
27 169
27 122
27 46
27 177
27 178
27 179
27 52
27 53
27 55
27 56
27 180
27 59
27 188
27 62
27 191
27 64
27 66
27 139
27 68
27 85
27 93
27 94
27 95
27 97
27 99
27 114
27 147
27 116
27 41
27 136
27 126
28 128
28 130
28 99
28 68
28 81
28 170
28 103
28 140
28 178
28 78
28 144
28 49
28 146
28 46
28 54
28 56
28 57
28 58
28 94
29 41
30 55
30 184
30 156
30 174
30 31
31 130
31 141
31 142
31 149
31 154
31 133
31 32
31 33
31 37
31 41
31 172
31 173
31 174
31 178
31 52
31 55
31 184
31 180
31 58
31 187
31 188
31 62
31 191
31 65
31 68
31 71
31 160
31 79
31 87
31 88
31 89
31 90
31 93
31 95
31 165
31 99
31 102
31 105
31 108
31 183
31 116
31 148
31 122
31 125
32 192
32 35
32 150
32 166
32 107
32 145
32 178
32 51
32 52
32 118
32 180
32 58
32 94
33 97
33 98
33 99
33 133
33 113
33 161
33 107
33 177
33 80
33 114
33 116
33 184
33 191
33 60
33 95
34 160
34 184
34 126
34 142
34 88
34 73
34 90
34 122
34 94
34 95
35 99
35 132
35 134
35 71
35 136
35 55
35 89
35 163
35 52
35 158
35 54
35 153
35 57
35 90
35 59
35 183
35 94
36 177
36 54
36 87
36 104
37 160
37 162
37 182
37 178
37 51
37 52
37 55
37 169
37 90
37 59
37 94
38 146
38 51
38 73
38 187
38 60
39 114
39 67
39 184
39 125
39 130
40 160
40 178
40 107
40 180
40 152
40 42
40 90
41 65
41 66
41 134
41 194
41 137
41 74
41 192
41 141
41 144
41 67
41 89
41 154
41 156
41 93
41 94
41 99
41 131
41 165
41 105
41 107
41 113
41 178
41 181
41 118
41 122
41 62
42 98
42 136
42 164
42 113
42 73
42 178
42 183
42 114
42 81
42 83
42 158
42 87
42 122
42 91
42 62
44 88
44 142
45 113
45 98
45 51
45 53
45 55
45 73
45 163
45 160
45 194
45 94
46 192
46 130
46 99
46 172
46 78
46 175
46 113
46 53
46 90
46 91
47 145
47 126
48 81
48 138
48 181
48 62
49 161
49 156
49 87
49 140
49 142
49 144
49 120
49 189
50 57
50 98
50 191
50 71
51 99
51 105
51 87
51 98
51 142
51 176
51 124
51 122
51 60
51 157
51 62
51 130
52 65
52 132
52 179
52 68
52 70
52 140
52 156
52 99
52 85
52 73
52 89
52 90
52 101
52 158
52 122
52 98
52 105
52 95
52 172
52 178
52 154
52 163
52 91
52 115
52 53
52 55
52 58
52 59
53 64
53 67
53 73
53 87
53 78
53 118
53 131
53 151
53 157
53 165
53 98
53 99
53 163
53 179
53 54
53 184
53 116
53 62
54 64
54 128
54 98
54 99
54 133
54 124
54 114
54 143
54 112
54 82
54 118
54 153
54 122
54 191
55 142
55 144
55 160
55 133
55 135
55 178
55 183
55 56
55 58
55 188
55 61
55 62
55 192
55 66
55 68
55 73
55 77
55 78
55 86
55 90
55 91
55 92
55 93
55 165
55 96
55 98
55 99
55 104
55 113
55 118
55 122
55 124
56 161
56 98
56 155
56 68
56 133
56 188
56 170
56 151
56 141
56 142
56 112
56 148
56 57
56 189
57 192
57 161
57 73
57 78
57 80
57 184
57 99
57 151
57 154
57 93
57 97
57 62
57 183
57 122
57 188
57 189
57 126
57 191
58 66
58 133
58 134
58 77
58 78
58 144
58 81
58 82
58 83
58 137
58 89
58 90
58 91
58 94
58 162
58 102
58 112
58 113
58 117
58 191
58 188
58 61
58 62
58 63
59 134
59 137
59 75
59 184
59 148
59 89
59 92
59 94
59 97
59 104
59 105
59 175
59 62
59 120
59 60
59 126
60 97
60 183
60 99
60 116
60 151
60 188
60 125
60 62
61 128
61 192
61 150
61 142
61 143
61 80
61 81
61 88
61 89
61 90
61 160
61 97
61 99
61 101
61 166
61 105
61 122
61 171
61 176
61 177
61 117
61 73
61 188
61 126
61 85
62 139
62 142
62 144
62 188
62 157
62 160
62 155
62 159
62 173
62 64
62 66
62 73
62 183
62 82
62 163
62 84
62 85
62 87
62 90
62 91
62 96
62 98
62 99
62 105
62 146
62 110
62 112
62 114
62 116
62 170
62 120
62 148
62 122
62 125
63 80
63 177
63 114
63 174
63 184
63 122
63 94
63 125
64 123
64 67
64 142
64 135
64 105
64 192
64 77
64 78
64 112
64 114
64 99
64 88
64 189
64 95
65 113
65 131
65 179
65 90
65 142
66 192
66 73
66 79
66 90
66 86
66 94
66 95
66 160
66 161
66 99
66 163
66 102
66 174
66 112
66 180
66 118
66 184
66 122
66 125
66 126
66 166
67 181
67 99
67 164
67 104
67 77
67 113
67 105
67 137
67 126
68 131
68 142
68 143
68 144
68 146
68 151
68 160
68 161
68 162
68 169
68 179
68 180
68 191
68 192
68 69
68 73
68 78
68 79
68 85
68 86
68 185
68 89
68 90
68 93
68 95
68 98
68 99
68 104
68 105
68 116
68 122
68 125
69 177
69 178
69 120
69 89
69 154
69 95
70 133
70 158
70 137
70 124
70 142
71 128
71 145
71 177
71 138
71 143
71 78
71 147
71 180
71 117
71 153
71 91
71 126
71 95
72 114
72 166
73 128
73 143
73 151
73 152
73 153
73 155
73 158
73 160
73 180
73 169
73 174
73 177
73 184
73 186
73 75
73 90
73 92
73 93
73 95
73 98
73 99
73 100
73 104
73 105
73 112
73 116
73 118
73 119
73 120
73 122
73 126
75 96
75 160
75 131
75 154
75 188
76 78
77 162
77 99
77 164
77 134
77 160
77 143
77 112
77 85
77 91
77 126
77 191
78 98
78 99
78 105
78 107
78 115
78 118
78 95
78 90
78 85
79 160
79 136
79 149
79 183
79 189
79 94
79 95
80 163
80 164
80 177
80 105
80 143
80 93
80 114
80 179
80 169
80 184
80 101
81 192
81 98
81 172
81 162
81 178
81 89
81 91
81 92
81 126
82 192
82 99
82 163
82 89
82 181
83 113
83 147
83 169
83 172
83 126
84 174
84 126
84 113
85 98
85 166
85 191
85 112
85 113
85 99
85 115
85 120
85 89
85 91
85 188
85 95
86 192
86 147
86 153
86 156
87 162
87 136
87 177
87 142
87 144
87 146
87 151
87 90
87 185
87 160
87 161
87 98
87 99
87 166
87 145
87 105
87 108
87 116
87 118
87 180
87 122
88 167
88 184
88 174
89 129
89 134
89 137
89 138
89 142
89 99
89 90
89 91
89 156
89 154
89 94
89 97
89 165
89 159
89 177
89 116
89 151
90 134
90 151
90 141
90 153
90 132
90 156
90 160
90 163
90 177
90 178
90 180
90 188
90 194
90 91
90 94
90 95
90 98
90 104
90 105
90 189
90 168
90 116
90 122
90 125
91 142
91 144
91 131
91 154
91 156
91 95
91 98
91 99
91 162
91 164
91 113
91 126
91 180
91 191
91 125
92 171
92 151
92 94
92 143
93 192
93 133
93 142
93 153
93 95
93 160
93 163
93 168
93 112
93 124
94 160
94 132
94 192
94 141
94 169
94 149
94 153
94 122
94 145
94 173
94 157
94 112
94 177
94 115
94 116
94 118
94 105
94 184
94 180
94 125
94 126
95 192
95 134
95 142
95 131
95 148
95 151
95 156
95 160
95 163
95 166
95 168
95 169
95 170
95 172
95 174
95 177
95 184
95 159
95 188
95 189
95 98
95 101
95 117
95 118
95 122
95 125
95 126
96 99
96 160
96 114
96 131
96 146
97 160
97 130
97 99
97 132
97 150
97 105
97 174
97 156
97 120
97 165
98 131
98 142
98 143
98 144
98 145
98 146
98 148
98 185
98 133
98 166
98 172
98 174
98 180
98 188
98 194
98 182
98 112
98 113
98 114
98 116
98 118
98 122
98 125
98 126
99 192
99 130
99 156
99 139
99 131
99 137
99 160
99 175
99 177
99 184
99 159
99 181
99 183
99 141
99 163
99 187
99 188
99 105
99 108
99 110
99 174
99 112
99 116
99 118
99 119
99 191
100 192
100 162
100 118
100 122
100 172
100 158
102 112
103 112
103 177
103 131
103 171
104 160
104 188
104 194
104 165
104 168
104 142
104 179
104 156
104 126
105 192
105 134
105 137
105 142
105 146
105 151
105 153
105 160
105 163
105 164
105 172
105 178
105 183
105 180
105 145
105 112
105 113
105 114
105 118
105 122
105 125
105 126
107 131
107 118
107 181
107 133
108 181
108 118
108 169
109 166
110 115
110 180
110 125
111 144
111 129
111 114
111 166
111 136
111 184
111 125
111 191
112 193
112 133
112 134
112 162
112 151
112 142
112 184
112 185
112 170
112 172
112 114
112 116
112 158
112 180
112 188
112 125
113 161
113 136
113 138
113 143
113 144
113 174
113 177
113 119
113 126
114 130
114 131
114 161
114 192
114 142
114 144
114 153
114 164
114 173
114 177
114 180
114 184
114 121
114 122
114 187
114 189
115 160
115 124
116 192
116 134
116 135
116 143
116 126
116 142
116 141
116 144
116 131
116 160
116 164
116 165
116 188
116 177
116 179
116 150
116 118
116 120
116 122
116 190
117 162
117 122
117 183
117 158
118 131
118 158
118 139
118 130
118 143
118 153
118 174
118 154
118 177
118 162
118 160
118 122
118 151
118 183
118 126
119 168
119 124
120 160
120 124
121 125
121 130
122 128
122 140
122 142
122 179
122 158
122 160
122 163
122 166
122 168
122 180
122 177
122 178
122 151
122 192
122 185
122 162
122 153
122 148
122 126
123 188
124 192
124 157
124 160
124 169
124 175
124 177
124 188
124 125
124 126
125 150
125 156
125 154
125 165
126 142
126 150
126 156
126 158
126 160
126 161
126 168
126 169
126 172
126 174
126 177
126 187
126 188
127 152
128 193
128 177
128 188
128 148
128 184
128 187
129 144
129 134
129 136
129 154
129 142
130 136
130 142
130 159
130 160
130 163
130 172
130 178
130 188
130 189
130 191
131 192
131 137
131 141
131 142
131 146
131 154
131 158
131 168
131 177
131 160
131 180
131 191
132 136
132 184
132 191
133 192
133 141
133 158
133 173
133 174
134 163
134 186
134 152
134 156
134 160
134 161
134 164
134 174
134 175
134 181
134 184
135 166
136 166
136 172
136 173
136 179
136 155
136 184
137 183
137 172
137 141
137 174
137 184
137 156
137 169
138 157
139 192
140 160
140 142
140 188
141 192
141 166
141 167
141 146
141 142
142 172
142 146
142 150
142 160
142 163
142 167
142 174
142 176
142 192
142 180
142 181
142 188
142 177
142 143
142 184
143 146
143 148
143 150
143 154
143 160
143 177
143 188
144 192
144 162
144 160
144 165
144 172
144 174
144 176
144 179
144 184
144 183
145 172
145 171
146 160
146 162
146 148
146 151
146 153
146 173
146 174
146 180
146 185
147 160
147 178
147 152
147 167
147 175
148 192
148 187
148 169
149 167
150 163
150 160
150 178
150 174
150 170
150 188
151 156
151 185
151 160
151 164
151 183
151 153
151 191
152 161
152 163
152 166
152 180
152 154
152 155
153 172
153 188
153 191
154 186
155 163
156 160
156 183
157 192
157 174
158 191
158 174
159 177
159 193
160 164
160 172
160 175
160 177
160 178
160 179
160 180
160 181
160 184
160 192
160 194
160 173
160 188
161 184
161 162
161 177
161 188
162 166
162 182
163 171
163 191
164 178
164 183
166 186
166 178
166 180
166 185
167 177
167 181
168 177
168 188
170 176
170 174
170 185
170 172
172 191
173 178
174 190
174 175
175 194
176 194
177 192
177 188
178 194
180 189
180 191
183 184
183 191
184 188
184 189
185 192
189 191
191 192
