0 7
0 8
0 9
0 138
0 11
0 143
0 16
0 18
0 20
0 22
0 153
0 26
0 29
0 31
0 32
0 33
0 162
0 91
0 165
0 168
0 171
0 44
0 49
0 55
0 60
0 189
0 193
0 67
0 197
0 70
0 72
0 183
0 77
0 15
0 95
0 100
0 102
0 110
0 112
0 116
0 126
1 97
1 89
1 73
1 58
1 12
1 109
1 53
2 131
2 133
2 138
2 16
2 24
2 20
2 85
2 86
2 23
2 88
2 153
2 152
2 29
2 158
2 69
2 144
2 31
2 107
2 159
2 45
2 183
2 95
2 63
3 96
3 34
3 4
3 118
3 135
3 41
3 140
3 111
3 50
3 52
3 14
3 89
3 58
3 61
4 128
4 194
4 36
4 37
4 40
4 105
4 74
4 78
4 17
4 149
4 121
4 106
5 6
5 162
5 8
5 141
5 80
5 18
5 85
5 33
5 98
5 70
5 168
5 112
5 116
6 65
6 67
6 132
6 198
6 129
6 136
6 138
6 11
6 13
6 80
6 188
6 20
6 86
6 87
6 175
6 160
6 16
6 98
6 102
6 161
6 47
6 177
6 122
6 60
7 64
7 11
7 197
7 193
7 8
7 9
7 75
7 175
7 18
7 19
7 26
7 91
7 154
7 162
7 99
7 166
7 104
7 171
7 47
7 112
7 136
7 51
7 55
7 168
8 129
8 136
8 9
8 11
8 13
8 15
8 19
8 20
8 154
8 161
8 162
8 165
8 166
8 171
8 175
8 48
8 49
8 51
8 183
8 64
8 67
8 197
8 70
8 75
8 143
8 79
8 80
8 91
8 94
8 95
8 98
8 99
8 100
8 103
8 104
8 112
8 122
9 67
9 197
9 70
9 11
9 15
9 145
9 18
9 19
9 22
9 153
9 143
9 29
9 94
9 112
9 162
9 91
9 100
9 165
9 168
9 42
9 171
9 175
9 48
9 49
9 55
9 136
9 189
10 193
10 67
10 70
10 11
10 143
10 141
10 79
10 145
10 147
10 20
10 150
10 151
10 24
10 26
10 15
10 100
10 195
10 42
10 175
10 176
10 49
10 91
10 116
10 54
10 186
11 129
11 19
11 20
11 154
11 24
11 26
11 30
11 159
11 160
11 33
11 162
11 165
11 166
11 168
11 171
11 44
11 175
11 48
11 136
11 178
11 54
11 55
11 64
11 195
11 197
11 161
11 75
11 77
11 84
11 87
11 176
11 90
11 93
11 95
11 98
11 102
11 103
11 104
11 122
12 96
12 66
12 187
12 101
12 81
12 73
12 14
12 192
12 109
12 17
12 105
12 21
12 89
12 25
12 58
12 155
12 106
12 190
13 129
13 22
13 141
13 147
13 150
13 24
13 157
13 30
13 159
13 160
13 162
13 134
13 177
13 170
13 44
13 45
13 136
13 178
13 51
13 57
13 188
13 189
13 67
13 75
13 84
13 90
13 102
13 127
14 34
14 196
14 199
14 43
14 108
14 109
14 146
14 182
14 169
14 184
15 64
15 195
15 197
15 75
15 79
15 18
15 147
15 150
15 24
15 94
15 165
15 166
15 104
15 171
15 175
15 112
15 49
15 51
15 54
15 168
16 129
16 72
16 138
16 144
16 154
16 103
16 110
16 47
16 177
16 60
16 126
17 128
17 68
17 135
17 74
17 148
17 21
17 185
17 34
17 163
17 114
17 41
17 106
17 109
17 111
17 50
17 180
17 118
17 105
17 56
17 121
17 124
17 61
18 136
18 141
18 20
18 151
18 24
18 153
18 29
18 30
18 31
18 160
18 161
18 165
18 166
18 170
18 176
18 47
18 48
18 51
18 183
18 57
18 59
18 64
18 77
18 84
18 87
18 93
18 95
18 98
18 102
18 104
18 112
18 122
18 123
19 64
19 193
19 67
19 197
19 134
19 141
19 143
19 26
19 91
19 154
19 33
19 162
19 99
19 166
19 102
19 103
19 104
19 112
19 171
19 44
19 175
19 27
19 136
19 123
19 55
19 57
20 175
20 144
20 150
20 153
20 154
20 27
20 157
20 30
20 31
20 32
20 33
20 162
20 38
20 45
20 47
20 48
20 51
20 54
20 183
20 159
20 60
20 64
20 195
20 84
20 85
20 87
20 88
20 103
20 104
20 107
20 123
20 126
20 127
21 128
21 192
21 66
21 164
21 179
21 137
21 74
21 194
21 78
21 83
21 142
21 120
21 155
21 28
21 36
21 37
21 40
21 41
21 106
21 173
21 111
21 114
21 115
21 180
21 117
21 118
21 56
21 62
22 33
22 134
22 47
22 48
22 82
22 55
22 57
22 91
22 189
23 65
23 131
23 198
23 161
23 77
23 82
23 85
23 152
23 27
23 158
23 33
23 98
23 38
23 177
23 122
23 123
23 63
24 67
24 69
24 70
24 71
24 172
24 141
24 145
24 147
24 150
24 151
24 79
24 133
24 191
24 100
24 165
24 38
24 167
24 42
24 159
24 45
24 175
24 54
24 59
24 195
24 63
25 66
25 199
25 76
25 156
25 83
25 28
25 163
25 105
25 43
25 125
25 52
25 169
25 56
25 180
25 58
25 124
25 61
26 150
26 159
26 166
26 102
26 103
26 104
26 193
26 51
26 54
26 55
26 195
27 129
27 130
27 131
27 132
27 193
27 136
27 152
27 153
27 29
27 31
27 198
27 167
27 174
27 175
27 49
27 181
27 55
27 63
27 67
27 69
27 70
27 71
27 183
27 77
27 79
27 80
27 85
27 95
27 98
27 100
27 102
27 39
27 116
27 122
27 123
28 97
28 34
28 101
28 40
28 140
28 66
28 125
28 83
28 52
28 61
29 67
29 197
29 77
29 79
29 152
29 85
29 88
29 153
29 168
29 107
29 44
29 47
29 48
29 49
29 158
29 175
29 95
29 191
30 67
30 70
30 143
30 153
30 91
30 31
30 35
30 45
30 47
30 176
30 49
30 183
30 159
30 188
31 134
31 172
31 141
31 145
31 151
31 153
31 42
31 44
31 47
31 48
31 49
31 183
31 57
31 59
31 69
31 70
31 71
31 79
31 82
31 84
31 95
31 100
31 116
31 170
32 103
32 138
32 75
32 85
33 130
33 132
33 134
33 129
33 80
33 82
33 88
33 161
33 99
33 39
33 107
33 44
33 174
33 177
33 181
34 196
34 135
34 73
34 139
34 76
34 83
34 89
34 96
34 97
34 169
34 106
34 43
34 108
34 113
34 140
34 52
34 53
34 182
34 58
34 61
35 195
35 71
35 79
35 172
35 176
35 49
35 116
35 186
36 128
36 66
36 68
36 179
36 135
36 137
36 74
36 190
36 194
36 173
36 92
36 120
36 148
36 156
36 199
36 101
36 163
36 37
36 40
36 41
36 43
36 125
36 114
36 111
36 50
36 115
36 180
36 117
36 118
36 169
36 56
36 121
36 61
36 62
37 66
37 68
37 74
37 194
37 78
37 164
37 105
37 173
37 114
37 115
37 117
37 120
38 131
38 138
38 77
38 195
38 86
38 88
38 158
38 95
38 159
38 45
38 176
38 54
38 123
38 60
38 63
39 82
39 85
39 57
39 44
40 149
40 192
40 194
40 137
40 74
40 81
40 83
40 148
40 78
40 56
40 164
40 155
40 163
40 105
40 106
40 173
40 115
40 180
40 120
40 124
40 125
41 97
41 66
41 139
41 111
41 182
41 121
41 184
41 68
42 67
42 197
42 198
42 77
42 79
42 80
42 145
42 147
42 150
42 151
42 153
42 160
42 100
42 177
42 171
42 45
42 48
42 49
42 116
42 122
42 59
43 101
43 135
43 140
43 74
43 119
43 76
43 146
43 46
43 113
43 52
43 89
43 199
43 187
43 169
44 130
44 131
44 132
44 134
44 143
44 152
44 82
44 88
44 153
44 91
44 158
44 99
44 107
44 174
44 55
44 57
44 183
45 67
45 70
45 143
45 79
45 141
45 145
45 147
45 157
45 159
45 195
45 116
45 59
45 188
45 127
46 96
46 169
46 76
46 113
46 146
46 52
46 53
46 89
46 119
46 61
47 65
47 67
47 86
47 136
47 138
47 183
47 143
47 77
47 144
47 153
47 90
47 91
47 160
47 80
47 198
47 102
47 129
47 95
47 159
47 93
47 177
47 189
47 55
47 84
47 122
47 59
47 170
47 127
48 67
48 129
48 77
48 141
48 80
48 145
48 151
48 153
48 94
48 95
48 162
48 99
48 168
48 175
48 112
48 177
48 183
48 122
48 59
48 189
49 129
49 145
49 151
49 153
49 161
49 162
49 165
49 168
49 171
49 157
49 176
49 186
49 159
49 65
49 67
49 197
49 77
49 79
49 84
49 95
49 98
49 112
49 123
49 127
50 199
50 108
50 74
50 76
50 142
50 156
50 113
50 139
50 182
50 184
50 196
50 58
50 135
50 61
51 64
51 193
51 138
51 143
51 86
51 154
51 162
51 102
51 103
51 110
51 72
51 55
51 188
52 192
52 196
52 199
52 156
52 140
52 139
52 76
52 146
52 83
52 142
52 155
52 92
52 97
52 105
52 106
52 108
52 125
52 190
52 182
52 119
52 184
52 58
52 187
52 61
52 169
53 96
53 97
53 74
53 111
53 113
53 146
53 83
53 119
53 89
53 61
54 67
54 70
54 141
54 147
54 150
54 151
54 143
54 159
54 100
54 175
54 176
54 91
54 116
54 186
54 195
55 64
55 197
55 134
55 136
55 75
55 175
55 82
55 94
55 99
55 166
55 102
55 104
55 193
55 171
55 112
55 168
55 57
55 189
56 128
56 149
56 137
56 192
56 142
56 78
56 92
56 185
56 173
56 115
56 180
56 120
56 121
56 187
56 190
57 132
57 134
57 183
57 143
57 79
57 82
57 85
57 88
57 153
57 91
57 99
57 107
57 181
58 196
58 135
58 140
58 139
58 92
58 156
58 97
58 101
58 169
58 199
58 108
58 184
58 187
58 61
58 190
59 65
59 198
59 129
59 80
59 145
59 84
59 153
59 90
59 93
59 160
59 161
59 98
59 168
59 177
59 178
59 183
59 159
59 170
60 144
60 138
60 160
60 86
60 87
60 122
61 192
61 135
61 140
61 74
61 76
61 142
61 81
61 146
61 155
61 92
61 97
61 101
61 108
61 113
61 119
61 184
61 187
61 125
61 190
62 128
62 163
62 106
62 111
62 148
62 105
63 131
63 69
63 138
63 86
63 152
63 158
63 167
63 176
63 123
63 191
64 193
64 75
64 143
64 91
64 154
64 94
64 162
64 165
64 102
64 168
64 112
64 136
64 166
65 131
65 161
65 138
65 141
65 144
65 122
65 98
65 100
65 177
65 87
66 192
66 194
66 68
66 137
66 78
66 173
66 83
66 120
66 185
66 155
66 92
66 101
66 148
66 163
66 109
66 111
66 115
66 180
66 117
66 118
66 105
66 121
66 187
66 124
66 125
66 149
67 145
67 150
67 151
67 157
67 159
67 160
67 162
67 176
67 178
67 195
67 79
67 87
67 90
67 91
67 100
67 147
67 116
67 122
67 123
67 127
68 108
68 194
68 184
68 106
68 117
69 133
69 71
69 167
69 172
69 191
69 176
69 85
69 183
69 153
69 186
70 195
70 79
70 147
70 150
70 153
70 93
70 160
70 176
70 162
70 100
70 168
70 171
70 157
70 112
70 116
70 183
70 159
70 127
71 176
71 133
71 167
71 172
71 191
71 153
71 186
72 107
72 166
72 103
72 104
72 144
72 75
72 110
72 85
72 88
72 154
72 126
73 96
73 109
73 113
73 146
73 119
74 192
74 194
74 135
74 137
74 78
74 81
74 169
74 155
74 92
74 199
74 97
74 156
74 106
74 173
74 111
74 118
74 105
74 120
74 190
74 117
75 193
75 136
75 154
75 165
75 102
75 103
75 110
75 175
75 188
75 166
76 101
76 135
76 156
76 140
76 109
76 113
76 169
76 187
76 92
76 190
77 131
77 79
77 145
77 85
77 88
77 152
77 94
77 112
77 162
77 123
77 168
77 107
77 158
77 95
77 151
78 164
78 105
78 194
78 180
78 118
78 137
78 106
78 185
79 145
79 147
79 150
79 151
79 160
79 162
79 165
79 157
79 186
79 159
79 80
79 82
79 90
79 95
79 100
79 112
79 116
79 122
79 127
80 175
80 162
80 145
80 87
80 88
80 160
80 98
80 123
80 100
80 107
80 122
80 151
81 192
81 140
81 83
81 148
81 185
81 163
81 109
81 180
82 130
82 131
82 132
82 134
82 183
82 143
82 85
82 152
82 153
82 91
82 158
82 174
82 189
83 97
83 187
83 101
83 142
83 155
83 190
84 175
84 178
84 141
84 183
84 153
84 90
84 188
85 131
85 161
85 152
85 88
85 153
85 133
85 98
85 129
85 107
85 172
85 110
85 177
85 158
85 183
85 95
86 160
86 144
86 138
86 103
86 177
86 122
86 154
86 126
87 160
87 198
87 129
87 138
87 175
87 143
87 177
87 91
87 122
87 126
88 134
88 161
88 110
88 153
88 98
88 95
88 191
89 196
89 97
89 108
89 109
89 113
89 139
89 182
89 119
89 184
89 169
89 156
89 199
90 183
90 143
90 141
90 178
90 153
90 188
90 170
91 143
91 150
91 153
91 154
91 157
91 160
91 162
91 166
91 177
91 171
91 136
91 183
91 197
91 99
91 102
91 103
91 104
91 147
91 122
91 195
91 127
92 101
92 109
92 113
92 140
92 185
92 180
92 124
92 190
93 175
93 100
93 116
93 188
94 197
94 141
94 154
94 95
94 112
94 98
94 99
94 165
94 103
94 104
94 171
94 116
95 131
95 153
95 154
95 112
95 162
95 103
95 107
95 158
95 183
95 175
95 123
96 97
96 196
96 109
96 113
96 139
96 182
96 119
97 140
97 142
97 155
97 113
97 114
97 125
97 117
98 131
98 129
98 141
98 160
98 162
98 123
98 100
98 198
98 177
98 168
98 161
98 112
98 116
98 158
98 122
99 134
99 145
99 162
99 102
99 168
99 112
100 129
100 162
100 145
100 147
100 151
100 153
100 161
100 198
100 195
100 168
100 159
100 112
100 177
100 116
100 183
100 123
101 125
101 169
102 175
102 143
102 154
102 166
102 103
102 104
102 112
102 136
102 123
103 193
103 154
103 144
103 162
103 166
103 110
103 175
103 112
104 193
104 136
104 154
104 162
104 166
104 168
104 112
105 128
105 179
105 137
105 194
105 173
105 149
105 164
105 106
105 109
105 140
105 115
105 118
105 120
105 121
106 179
106 135
106 137
106 173
106 164
106 109
106 111
106 140
106 115
106 117
106 120
106 121
106 149
107 129
107 134
107 153
107 160
107 167
107 110
107 177
107 191
108 135
108 140
108 114
108 111
108 117
108 118
109 187
109 155
109 192
109 190
110 138
110 154
111 128
111 149
111 196
111 139
111 164
111 179
111 182
111 121
112 141
112 197
112 154
112 161
112 166
112 171
112 116
112 136
113 135
113 190
113 146
113 156
113 199
113 119
113 187
113 169
114 194
114 139
114 118
114 184
114 196
114 182
114 149
115 163
115 173
115 194
115 180
115 120
115 148
115 185
115 117
116 147
116 150
116 151
116 153
116 161
116 176
116 183
116 186
116 159
117 194
117 137
117 139
117 173
117 184
117 118
117 120
118 149
118 139
118 196
118 182
118 184
118 164
119 199
119 140
119 169
119 156
120 163
120 173
120 194
120 180
120 148
120 137
120 121
120 124
120 185
121 128
121 163
121 180
121 148
121 185
122 175
122 129
122 143
122 162
122 141
122 144
122 198
122 145
122 161
122 151
122 177
122 123
122 126
123 198
123 129
123 136
123 177
123 191
123 131
124 128
124 192
124 163
124 142
124 148
124 187
124 190
125 187
126 129
126 138
126 160
126 144
127 143
127 153
127 186
127 188
127 157
127 159
128 163
128 185
128 180
128 179
128 148
129 161
129 138
129 143
129 141
129 145
129 144
129 175
129 160
129 198
129 177
129 188
129 162
129 151
130 132
130 181
130 134
130 174
131 198
131 152
132 181
132 174
133 153
133 167
133 172
133 191
134 183
134 174
134 188
134 189
135 199
135 139
135 155
135 169
135 184
136 175
136 197
136 143
136 162
136 166
136 171
136 188
137 149
137 173
137 180
137 185
138 160
138 198
138 167
138 177
138 191
139 182
139 140
140 192
140 196
140 199
140 156
140 142
140 146
140 155
140 182
140 184
140 187
140 169
141 195
141 198
141 150
141 153
141 168
141 161
141 170
141 177
141 178
141 147
141 183
141 159
142 163
142 180
142 185
142 148
143 195
143 147
143 150
143 157
143 159
143 160
143 162
143 166
143 178
143 188
144 160
144 198
144 177
144 154
145 197
145 198
145 151
145 153
145 160
145 177
145 171
145 159
145 183
146 199
147 195
147 150
147 151
147 159
148 163
148 179
148 173
148 155
149 194
149 180
150 193
150 151
150 165
150 195
150 188
151 153
151 160
151 177
151 183
151 159
152 161
152 167
152 191
153 171
153 178
153 172
153 183
153 175
153 157
153 170
154 162
154 166
154 175
154 168
155 163
155 180
155 185
156 199
156 169
157 176
157 188
157 159
158 161
159 195
159 175
159 188
160 175
160 161
160 188
160 177
161 198
161 177
161 168
161 175
162 166
163 187
163 179
163 173
164 194
164 180
164 185
165 197
165 175
165 195
165 171
166 193
168 197
168 171
168 175
169 187
169 199
170 178
170 183
170 188
171 197
171 189
172 191
172 176
172 183
172 186
173 194
173 185
174 181
175 193
175 195
175 197
176 186
176 195
177 198
178 183
178 188
180 192
180 185
180 190
180 187
182 196
185 192
185 187
185 190
186 195
188 198
189 197
