0 64
0 193
0 130
0 7
0 151
0 140
0 66
0 81
0 20
0 21
0 150
0 87
0 91
0 90
0 30
0 161
0 148
0 35
0 37
0 48
0 50
0 179
0 155
0 117
0 57
0 126
1 48
1 50
1 67
1 117
1 7
1 59
1 12
1 66
1 149
2 4
2 5
2 7
2 8
2 73
2 10
2 111
2 16
2 17
2 99
2 20
2 87
2 132
2 90
2 91
2 92
2 199
2 69
2 151
2 35
2 104
2 43
2 44
2 109
2 147
2 180
2 119
2 148
2 60
2 126
3 4
3 69
3 7
3 8
3 9
3 76
3 141
3 80
3 18
3 152
3 132
3 32
3 102
3 167
3 41
3 72
3 121
3 60
3 62
4 65
4 5
4 134
4 139
4 142
4 16
4 82
4 21
4 22
4 26
4 111
4 86
4 29
4 69
4 97
4 99
4 36
4 102
4 38
4 103
4 40
4 156
4 110
4 93
4 157
4 52
4 121
5 128
5 6
5 8
5 10
5 11
5 130
5 142
5 145
5 147
5 21
5 23
5 132
5 154
5 29
5 159
5 32
5 33
5 34
5 40
5 42
5 197
5 172
5 157
5 49
5 178
5 54
5 56
5 58
5 60
5 194
5 196
5 69
5 198
5 72
5 79
5 184
5 83
5 86
5 92
5 93
5 182
5 96
5 97
5 105
5 109
5 111
5 153
6 192
6 77
6 14
6 13
6 80
6 141
6 83
6 143
6 158
6 95
6 144
6 162
6 27
6 131
6 166
6 177
6 41
6 49
6 114
6 52
6 53
7 135
7 12
7 149
7 152
7 26
7 30
7 31
7 161
7 34
7 35
7 36
7 169
7 43
7 44
7 47
7 48
7 50
7 179
7 180
7 54
7 59
7 189
7 64
7 65
7 67
7 199
7 140
7 76
7 90
7 91
7 92
7 98
7 102
7 121
7 127
7 21
8 198
8 137
8 139
8 76
8 98
8 141
8 80
8 124
8 22
8 152
8 25
8 86
8 29
8 32
8 97
8 34
8 36
8 38
8 167
8 40
8 92
8 45
8 93
8 157
8 49
8 52
8 187
8 60
8 189
9 65
9 66
9 71
9 136
9 138
9 76
9 81
9 67
9 149
9 22
9 121
9 152
9 101
9 37
9 102
9 168
9 169
9 193
9 111
9 50
9 147
9 119
9 57
9 186
9 31
9 62
10 134
10 162
10 167
10 73
10 130
10 109
10 80
10 82
10 21
10 86
10 26
10 155
10 157
10 95
10 97
10 34
10 38
10 103
10 41
10 18
10 45
10 110
10 49
10 51
10 56
10 159
10 124
11 132
11 137
11 139
11 17
11 82
11 147
11 86
11 25
11 93
11 97
11 162
11 103
11 95
11 110
11 136
11 119
11 122
11 31
11 124
12 140
12 126
12 81
12 163
12 20
12 150
12 87
12 26
12 91
12 28
12 90
12 123
12 104
12 112
12 179
12 117
12 57
12 59
12 62
13 195
13 74
13 143
13 77
13 15
13 85
13 164
13 79
13 46
13 177
13 115
13 116
13 53
13 61
13 181
14 192
14 160
14 131
14 144
14 86
14 23
14 88
14 92
14 157
14 158
14 96
14 114
14 115
14 182
14 191
14 63
15 175
15 164
15 167
15 177
15 79
15 107
15 143
15 80
15 141
15 18
15 52
15 24
15 27
15 93
16 32
16 99
16 198
16 199
16 34
16 47
16 180
16 169
16 187
16 92
16 31
17 139
17 132
17 199
17 137
17 78
17 156
17 147
17 21
17 26
17 111
17 28
17 69
17 31
17 34
17 36
17 40
17 92
17 44
17 173
17 47
17 112
17 180
17 122
17 123
18 128
18 142
18 24
18 167
18 131
18 152
18 153
18 29
18 31
18 32
18 33
18 39
18 169
18 45
18 175
18 184
18 159
18 65
18 196
18 73
18 79
18 83
18 187
18 107
19 177
19 68
19 94
19 181
19 120
19 133
20 199
20 21
20 150
20 90
20 155
20 28
20 34
20 35
20 92
20 47
20 48
20 50
20 179
20 180
20 117
20 59
20 62
21 128
21 136
21 194
21 147
21 149
21 150
21 30
21 159
21 161
21 35
21 48
21 50
21 53
21 182
21 56
21 59
21 191
21 64
21 66
21 67
21 196
21 73
21 79
21 83
21 90
21 96
21 105
21 109
21 115
21 117
21 119
22 130
22 69
22 97
22 141
22 167
22 124
22 86
22 153
22 132
22 155
22 165
22 80
22 34
22 99
22 101
22 38
22 39
22 168
22 41
22 49
22 184
22 119
22 72
22 58
22 60
22 62
22 146
23 74
23 77
23 80
23 141
23 144
23 84
23 86
23 143
23 158
23 96
23 97
23 38
23 42
23 176
23 177
23 52
23 55
24 195
24 68
24 141
24 80
24 100
24 27
24 164
24 170
24 107
24 45
24 46
24 175
24 116
24 181
24 120
24 61
25 32
25 162
25 139
25 134
25 103
25 41
25 173
25 110
25 40
25 82
25 51
25 185
25 95
25 156
26 128
26 132
26 147
26 148
26 151
26 30
26 159
26 160
26 33
26 163
26 37
26 42
26 43
26 179
26 53
26 56
26 57
26 59
26 188
26 190
26 63
26 64
26 193
26 194
26 196
26 69
26 70
26 161
26 73
26 79
26 81
26 83
26 88
26 89
26 91
26 96
26 104
26 105
26 109
26 111
26 140
26 119
26 125
26 126
26 127
27 96
27 115
27 131
27 166
27 74
27 107
27 175
27 79
27 83
27 53
27 182
27 164
28 65
28 66
28 136
28 142
28 149
28 150
28 48
28 117
28 54
28 119
28 57
28 62
29 198
29 137
29 141
29 80
29 124
29 86
29 153
29 93
29 31
29 32
29 97
29 38
29 39
29 40
29 41
29 167
29 173
29 49
29 52
29 119
29 184
29 60
29 169
30 64
30 35
30 104
30 161
30 43
30 89
31 139
31 198
31 136
31 138
31 141
31 80
31 147
31 137
31 169
31 156
31 165
31 97
31 99
31 101
31 38
31 167
31 168
31 135
31 173
31 111
31 157
31 49
31 119
31 186
31 62
32 65
32 134
32 135
32 141
32 142
32 80
32 82
32 153
32 152
32 167
32 99
32 39
32 41
32 103
32 45
32 49
32 54
32 184
32 58
32 60
33 128
33 134
33 82
33 86
33 93
33 159
33 38
33 167
33 45
33 110
33 51
33 52
33 56
34 130
34 73
34 87
34 89
34 90
34 122
34 150
34 99
34 36
34 42
34 43
34 109
34 47
34 72
34 180
34 119
34 136
34 187
35 64
35 199
35 151
35 140
35 81
35 150
35 87
35 89
35 71
35 92
35 90
35 161
35 163
35 37
35 104
35 193
35 43
35 44
35 47
35 179
35 180
35 59
35 126
35 127
36 134
36 141
36 82
36 147
36 153
36 184
36 92
36 95
36 136
36 162
36 41
36 103
36 44
36 110
36 111
36 49
36 51
36 119
36 72
36 122
36 187
36 60
36 62
37 101
37 71
37 138
37 81
37 186
37 165
38 128
38 132
38 198
38 41
38 42
38 173
38 47
38 187
38 63
38 70
38 199
38 73
38 74
38 79
38 97
38 169
38 124
38 125
39 199
39 72
39 152
39 153
39 92
39 167
39 40
39 45
39 180
39 184
39 58
39 187
40 134
40 135
40 139
40 147
40 153
40 41
40 173
40 157
40 49
40 51
40 52
40 184
40 185
40 58
40 60
40 189
40 69
40 72
40 82
40 86
40 93
40 95
40 98
40 99
40 110
40 111
40 119
40 136
41 128
41 196
41 137
41 141
41 142
41 131
41 134
41 169
41 46
41 49
41 51
41 53
41 187
41 60
41 61
41 181
41 194
41 68
41 198
41 73
41 79
41 80
41 83
41 164
41 94
41 96
41 97
41 98
41 100
41 105
41 109
41 110
41 189
41 115
41 120
42 130
42 131
42 134
42 158
42 160
42 162
42 47
42 49
42 51
42 52
42 53
42 182
42 180
42 191
42 199
42 79
42 82
42 83
42 86
42 88
42 93
42 95
42 96
42 97
42 103
42 108
42 110
42 113
42 114
42 115
42 63
42 124
43 64
43 130
43 104
43 161
43 199
43 44
43 180
43 89
43 92
43 90
44 70
44 136
44 73
44 109
44 147
44 88
44 111
44 92
44 199
44 160
44 145
44 108
44 45
44 47
44 72
44 180
44 119
44 58
44 60
44 125
44 63
45 128
45 195
45 68
45 73
45 77
45 142
45 143
45 196
45 167
45 170
45 107
45 109
45 72
45 74
45 54
45 184
45 116
45 58
45 187
45 60
45 61
46 100
46 177
46 170
46 107
46 141
46 80
46 120
46 116
46 85
46 61
46 181
47 134
47 136
47 140
47 147
47 151
47 155
47 49
47 51
47 52
47 58
47 72
47 162
47 163
47 86
47 89
47 90
47 95
47 97
47 103
47 111
47 119
47 148
47 122
47 124
47 126
47 127
48 66
48 104
48 78
48 112
48 50
48 150
48 87
48 57
49 132
49 141
49 144
49 145
49 154
49 158
49 134
49 172
49 182
49 159
49 60
49 192
49 69
49 73
49 80
49 108
49 109
49 110
49 114
49 169
50 66
50 138
50 146
50 87
50 90
50 91
50 165
50 101
50 104
50 168
50 57
50 186
50 62
51 128
51 134
51 135
51 139
51 156
51 180
51 173
51 52
51 185
51 189
51 198
51 199
51 73
51 82
51 108
51 109
51 110
51 114
51 115
51 125
52 129
52 131
52 139
52 141
52 156
52 159
52 164
52 134
52 176
52 180
52 53
52 182
52 185
52 191
52 196
52 199
52 73
52 74
52 79
52 80
52 83
52 84
52 93
52 105
52 106
52 109
52 110
52 115
53 192
53 79
53 80
53 141
53 93
53 114
53 182
53 63
54 72
54 76
54 141
54 78
54 80
54 147
54 142
54 132
54 69
54 102
54 167
54 111
54 112
54 121
54 58
54 123
54 62
55 129
55 74
55 77
55 143
55 93
55 191
56 196
56 167
56 105
56 109
56 80
56 73
56 93
57 67
57 71
57 78
57 146
57 149
57 89
57 90
57 59
57 101
57 168
57 179
57 123
58 65
58 130
58 199
58 72
58 142
58 185
58 152
58 153
58 155
58 92
58 156
58 167
58 180
58 184
58 121
58 187
59 163
59 150
59 87
59 89
59 91
59 90
59 179
59 117
59 127
60 65
60 139
60 76
60 130
60 141
60 80
60 185
60 102
60 93
60 121
60 187
61 100
61 141
61 80
61 94
62 65
62 150
62 136
62 78
62 142
62 87
62 152
62 187
62 111
62 112
62 76
62 119
62 121
62 122
62 123
63 172
63 197
63 79
63 144
63 145
63 83
63 86
63 88
63 92
63 154
63 158
63 160
63 108
63 174
63 157
63 113
63 178
63 115
63 124
64 161
64 104
64 126
64 163
64 148
64 151
64 89
64 91
64 90
65 69
65 138
65 76
65 142
65 147
65 152
65 186
65 165
65 102
65 167
65 168
65 146
65 111
65 72
65 121
66 67
66 101
66 165
66 168
66 138
66 146
66 89
66 90
66 91
66 186
66 149
67 101
67 138
67 78
67 150
67 87
67 186
67 165
68 171
68 100
68 133
68 107
68 141
68 120
68 85
68 94
68 181
69 198
69 136
69 142
69 82
69 147
69 152
69 132
69 86
69 157
69 95
69 97
69 162
69 103
69 156
69 111
69 119
69 185
69 122
69 187
69 124
70 134
70 103
70 108
70 114
70 157
70 145
70 82
70 86
70 92
70 125
71 193
71 138
71 81
71 146
71 101
71 165
72 130
72 199
72 139
72 142
72 185
72 152
72 153
72 92
72 102
72 156
72 180
72 184
72 121
72 187
73 134
73 130
73 109
73 86
73 155
73 92
73 93
73 159
73 167
73 157
74 97
74 129
74 106
74 143
74 176
74 177
74 84
74 124
74 93
74 191
75 160
75 162
75 174
75 113
75 82
75 118
75 190
75 95
76 138
76 142
76 146
76 152
76 186
76 165
76 101
76 102
76 168
76 136
76 119
76 122
77 96
77 83
77 164
77 177
77 115
77 182
77 175
77 191
78 136
78 119
78 149
78 87
78 123
79 175
79 131
79 82
79 83
79 86
79 93
79 95
79 97
79 164
79 166
79 103
79 167
79 157
79 177
79 115
79 124
80 130
80 141
80 142
80 155
80 164
80 175
80 159
80 191
80 195
80 83
80 94
80 187
80 103
80 116
80 169
81 193
81 168
81 127
81 163
81 117
81 91
81 90
81 101
82 128
82 132
82 134
82 135
82 137
82 141
82 144
82 158
82 198
82 173
82 174
82 187
82 188
82 190
82 192
82 93
82 113
82 114
82 118
82 125
83 175
83 143
83 141
83 86
83 93
83 95
83 162
83 103
83 157
83 177
84 176
84 106
84 93
84 191
85 170
85 107
85 116
85 181
85 120
85 100
85 94
86 137
86 139
86 144
86 156
86 158
86 173
86 180
86 185
86 187
86 191
86 192
86 199
86 96
86 97
86 109
86 157
86 114
86 124
86 125
87 179
87 140
87 130
87 151
87 89
87 90
87 91
87 104
87 112
87 123
87 155
87 126
87 149
88 160
88 192
88 178
88 144
88 113
88 114
88 174
88 118
88 92
88 154
88 158
89 130
89 150
89 179
89 117
90 130
90 140
90 151
90 163
90 148
90 91
90 199
90 193
90 180
90 155
91 150
91 163
91 199
91 179
91 180
91 117
91 127
92 192
92 99
92 122
92 158
92 160
92 144
92 145
92 109
92 111
92 119
92 125
93 128
93 129
93 139
93 198
93 173
93 137
93 95
93 162
93 164
93 103
93 105
93 109
93 110
93 175
93 159
94 171
94 133
94 195
94 170
94 107
94 141
94 177
94 116
94 183
95 135
95 137
95 162
95 144
95 145
95 139
95 158
95 182
95 198
95 199
95 108
95 174
95 113
95 172
95 180
95 118
95 188
95 189
95 190
96 172
96 143
96 141
96 145
96 154
96 108
96 191
97 194
97 198
97 199
97 196
97 132
97 105
97 125
97 173
97 157
97 180
97 187
97 124
97 169
97 191
98 162
98 139
98 198
98 134
98 103
98 137
98 135
98 189
99 130
99 169
99 139
99 132
99 187
100 133
100 177
100 107
100 141
100 181
101 193
101 138
101 146
101 149
101 165
101 102
101 168
101 169
102 168
102 138
102 142
102 152
102 147
102 119
102 121
103 135
103 141
103 145
103 154
103 198
103 199
103 108
103 173
103 189
103 178
103 172
103 180
103 187
103 125
104 161
104 179
104 117
104 150
105 194
105 196
105 157
105 159
105 162
105 167
106 176
107 175
107 164
107 166
107 170
107 195
107 116
108 192
108 131
108 197
108 134
108 172
108 145
108 154
108 162
108 178
108 125
109 134
109 157
109 159
109 110
110 128
110 192
110 115
110 198
110 135
110 137
110 162
110 173
110 131
110 139
110 156
110 114
110 189
111 142
111 147
111 152
111 132
111 156
111 169
111 173
111 180
111 137
111 185
111 112
111 119
111 121
112 150
112 136
112 119
112 142
112 147
112 117
112 122
113 160
113 162
113 174
113 118
113 188
114 192
114 131
114 172
114 144
114 145
114 154
114 158
114 115
114 182
114 125
114 134
115 192
115 131
115 134
115 143
115 167
116 177
116 170
116 141
117 140
117 151
117 163
117 179
117 148
117 127
118 160
118 190
119 132
119 198
119 199
119 130
119 147
119 169
119 155
119 173
119 180
119 187
119 137
119 121
119 123
120 171
120 141
120 177
120 183
120 181
121 142
121 147
121 152
122 132
122 198
122 136
122 137
122 169
122 173
122 123
123 150
124 194
124 196
124 198
124 199
124 137
124 157
124 180
124 169
125 192
125 162
125 134
126 199
126 140
126 130
126 180
126 150
126 155
127 179
127 199
127 163
127 180
128 162
128 167
128 157
128 134
129 143
130 199
130 136
130 151
130 140
130 147
130 150
130 180
130 155
130 148
131 197
131 172
131 144
131 145
131 154
131 166
131 167
131 178
131 177
132 198
132 136
132 137
132 142
132 162
132 173
134 197
134 135
134 192
134 145
134 154
134 156
134 172
134 198
134 178
134 189
134 137
134 185
135 169
135 189
136 139
136 198
136 199
136 169
136 155
136 173
136 137
136 185
137 198
137 157
138 146
138 147
138 152
138 168
138 193
138 186
139 162
139 147
139 153
139 184
139 169
139 157
139 189
140 199
140 148
140 150
140 180
140 155
141 164
141 195
141 170
141 191
141 175
141 159
141 181
142 147
142 152
142 167
143 177
143 182
143 175
143 191
144 160
144 192
144 162
144 182
144 157
144 158
145 192
145 162
146 165
146 147
146 186
146 187
147 152
147 156
147 155
147 169
147 173
147 180
147 186
148 151
148 150
149 168
149 150
149 186
149 165
150 155
151 199
151 180
151 155
152 153
152 186
152 168
152 167
152 184
153 187
153 184
153 167
154 160
154 162
154 172
154 178
154 192
154 197
155 187
156 157
156 162
156 169
156 185
157 192
157 194
157 173
157 196
157 191
157 158
157 187
158 192
158 162
158 182
158 191
159 194
159 167
160 197
160 172
160 188
160 174
160 190
162 194
162 189
162 196
162 197
162 173
162 178
162 182
162 185
162 188
162 190
163 199
163 180
164 166
164 177
165 169
165 193
165 186
165 187
166 175
166 182
167 184
167 187
167 175
168 169
168 186
168 187
169 186
169 173
169 185
171 181
171 183
172 192
173 198
174 188
177 182
177 191
178 197
180 199
181 183
182 192
184 187
186 187
186 193
188 190
194 196
