0 34
0 131
0 197
0 135
0 170
0 110
0 51
0 84
0 62
0 30
1 128
1 133
1 11
1 98
1 14
1 15
1 19
1 148
1 142
1 154
1 26
1 29
1 30
1 95
1 34
1 37
1 102
1 42
1 44
1 49
1 51
1 55
1 56
1 185
1 60
1 63
2 128
2 171
2 132
2 9
2 142
2 15
2 145
2 146
2 196
2 21
2 25
2 29
2 162
2 36
2 165
2 166
2 40
2 43
2 44
2 174
2 47
2 178
2 52
2 181
2 182
2 183
2 184
2 57
2 58
2 140
2 60
2 64
2 193
2 68
2 70
2 73
2 75
2 76
2 78
2 80
2 156
2 163
2 89
2 91
2 96
2 97
2 99
2 100
2 105
2 106
2 114
2 115
2 117
2 122
2 127
3 128
3 133
3 8
3 138
3 11
3 140
3 142
3 16
3 17
3 146
3 19
3 29
3 35
3 45
3 52
3 57
3 193
3 194
3 195
3 68
3 198
3 75
3 163
3 89
3 96
3 101
3 147
3 117
3 119
3 126
3 127
4 198
4 193
4 70
4 136
4 140
4 141
4 80
4 89
4 29
4 161
4 165
4 40
4 105
4 157
4 57
4 124
5 84
5 29
5 30
5 63
6 128
6 129
6 132
6 9
6 144
6 18
6 19
6 20
6 23
6 24
6 25
6 162
6 164
6 166
6 172
6 175
6 53
6 137
6 58
6 187
6 61
6 67
6 69
6 72
6 77
6 78
6 88
6 92
6 97
6 108
6 109
6 111
6 115
6 153
7 50
7 95
7 85
7 185
7 26
7 79
7 31
8 128
8 129
8 130
8 132
8 140
8 11
8 12
8 14
8 16
8 82
8 195
8 142
8 24
8 90
8 184
8 28
8 159
8 144
8 98
8 99
8 166
8 167
8 168
8 106
8 171
8 172
8 173
8 47
8 177
8 115
8 52
8 56
8 60
8 63
9 64
9 194
9 138
9 77
9 80
9 147
9 100
9 92
9 161
9 36
9 41
9 45
9 50
9 52
9 117
9 184
9 185
9 159
9 125
10 50
10 59
11 128
11 133
11 65
11 140
11 77
11 14
11 19
11 84
11 123
11 192
11 106
11 44
11 50
11 147
11 52
11 148
11 59
11 188
11 125
11 63
12 123
12 132
12 26
12 29
12 30
12 33
12 176
12 173
12 112
12 50
12 147
12 59
13 67
13 36
13 39
13 72
13 137
13 108
13 20
13 85
13 22
13 26
14 128
14 132
14 133
14 135
14 142
14 15
14 17
14 18
14 19
14 148
14 23
14 25
14 154
14 27
14 30
14 160
14 33
14 170
14 171
14 172
14 178
14 175
14 50
14 51
14 58
14 188
14 63
14 65
14 195
14 197
14 78
15 192
15 65
15 82
15 147
15 148
15 155
15 29
15 159
15 34
15 104
15 199
15 110
15 113
15 178
15 51
15 52
15 54
15 184
15 60
15 189
15 63
16 65
16 68
16 146
16 21
16 24
16 154
16 98
16 35
16 37
16 102
16 167
16 106
16 44
16 174
16 56
16 188
16 126
17 172
17 140
17 79
17 144
17 82
17 195
17 154
17 24
17 26
17 29
17 95
17 37
17 102
17 171
17 44
17 47
17 184
17 58
17 159
17 60
17 63
18 71
18 139
18 79
18 78
18 87
18 152
18 26
18 28
18 29
18 95
18 123
18 38
18 107
18 175
18 48
18 50
18 53
18 118
18 185
19 128
19 132
19 133
19 65
19 140
19 79
19 144
19 142
19 26
19 95
19 59
19 166
19 168
19 106
19 171
19 172
19 173
19 47
19 177
19 50
19 185
19 123
19 188
19 63
20 32
20 67
20 134
20 39
20 136
20 74
20 125
20 77
20 50
20 123
20 116
20 85
20 22
20 121
20 26
20 59
20 92
20 93
20 31
21 192
21 68
21 65
21 147
21 149
21 86
21 24
21 33
21 106
21 44
21 174
21 190
21 183
21 126
22 67
22 36
22 72
22 108
22 93
22 136
22 131
22 84
22 29
22 30
22 31
23 106
23 77
23 81
23 82
23 78
23 87
23 152
23 26
23 27
23 28
23 154
23 38
23 92
23 42
23 107
23 125
23 48
23 49
23 50
23 53
23 118
23 60
23 61
23 63
24 195
24 140
24 77
24 79
24 82
24 26
24 92
24 154
24 95
24 37
24 102
24 167
24 42
24 44
24 49
24 179
24 56
24 185
24 60
24 106
24 63
25 192
25 139
25 77
25 81
25 82
25 147
25 78
25 87
25 26
25 90
25 159
25 107
25 48
25 50
25 52
25 118
25 184
25 60
25 125
25 63
26 130
26 133
26 137
26 151
26 150
26 175
26 39
26 129
26 169
26 47
26 176
26 177
26 50
26 185
26 168
26 60
26 61
26 64
26 67
26 71
26 72
26 79
26 81
26 82
26 90
26 93
26 95
26 148
26 187
26 195
26 188
26 108
26 110
26 112
26 113
26 120
26 121
27 130
27 154
27 29
27 99
27 37
27 168
27 42
27 173
27 47
27 112
27 187
27 60
27 63
28 192
28 129
28 131
28 71
28 75
28 130
28 81
28 147
28 84
28 150
28 153
28 90
28 175
28 29
28 30
28 95
28 33
28 151
28 37
28 146
28 169
28 82
28 154
28 50
28 180
28 55
28 120
28 185
28 87
28 187
28 60
28 61
28 126
28 127
29 128
29 134
29 193
29 136
29 138
29 175
29 142
29 147
29 148
29 132
29 154
29 157
29 158
29 31
29 32
29 133
29 163
29 36
29 198
29 177
29 40
29 41
29 42
29 45
29 47
29 49
29 51
29 54
29 58
29 140
29 188
29 192
29 65
29 194
29 195
29 196
29 70
29 161
29 73
29 74
29 80
29 81
29 82
29 85
29 89
29 90
29 91
29 99
29 101
29 103
29 173
29 168
29 114
29 122
30 171
30 132
30 134
30 141
30 143
30 144
30 148
30 158
30 133
30 32
30 161
30 36
30 165
30 166
30 168
30 43
30 172
30 173
30 177
30 181
30 54
30 58
30 188
30 189
30 63
30 65
30 66
30 196
30 182
30 73
30 80
30 83
30 103
30 110
30 112
30 113
30 114
30 115
30 122
30 124
31 67
31 136
31 137
31 74
31 76
31 141
31 143
31 83
31 85
31 93
31 165
31 36
31 101
31 105
31 108
31 72
31 116
31 181
31 182
31 121
31 124
32 193
32 194
32 67
32 36
32 70
32 72
32 41
32 43
32 108
32 45
32 163
32 85
32 137
32 117
33 68
33 133
33 65
33 144
33 148
33 132
33 176
33 99
33 102
33 171
33 172
33 174
33 112
33 190
33 188
33 126
34 133
34 65
34 188
34 199
34 82
34 148
34 60
34 158
34 63
35 192
35 140
35 146
35 149
35 86
35 98
35 102
35 46
35 47
35 180
35 60
35 127
36 64
36 192
36 134
36 161
36 136
36 74
36 66
36 80
36 141
36 147
36 84
36 85
36 143
36 198
36 97
36 100
36 165
36 39
36 111
36 52
36 117
36 55
36 124
37 130
37 195
37 65
37 140
37 82
37 148
37 154
37 98
37 129
37 188
37 47
37 56
37 187
37 60
38 129
38 130
38 71
38 87
38 175
38 147
38 53
38 152
38 187
38 60
39 64
39 67
39 72
39 41
39 108
39 85
39 121
39 137
39 116
39 185
39 95
40 192
40 161
40 74
40 66
40 143
40 83
40 91
40 97
40 101
40 103
40 41
40 111
40 157
40 147
40 182
40 124
41 192
41 131
41 134
41 161
41 76
41 141
41 80
41 147
41 159
41 97
41 100
41 101
41 165
41 105
41 103
41 111
41 52
41 181
41 182
41 55
41 184
42 132
42 133
42 65
42 140
42 144
42 148
42 176
42 166
42 129
42 171
42 47
42 112
42 49
42 115
42 58
42 187
42 188
43 64
43 134
43 140
43 147
43 52
43 66
43 55
43 184
43 84
43 192
43 159
44 128
44 195
44 133
44 149
44 65
44 192
44 142
44 82
44 147
44 148
44 86
44 98
44 102
44 188
44 106
44 174
44 46
44 47
44 183
44 60
44 190
44 63
45 64
45 66
45 69
45 134
45 194
45 140
45 141
45 143
45 83
45 88
45 100
45 162
45 164
45 165
45 105
45 181
45 124
46 75
46 174
46 145
46 146
46 180
46 86
46 119
46 56
46 156
46 127
47 192
47 195
47 147
47 75
47 79
47 82
47 154
47 156
47 95
47 145
47 168
47 146
47 99
47 49
47 50
47 123
47 119
47 59
47 60
47 106
47 126
47 63
48 130
48 107
48 82
48 87
48 50
48 139
48 118
48 187
49 130
49 133
49 129
49 148
49 187
49 60
50 129
50 175
50 168
50 173
50 53
50 187
50 61
50 63
50 139
50 71
50 72
50 78
50 79
50 81
50 82
50 90
50 94
50 95
50 100
50 102
50 107
50 108
51 133
51 192
51 113
51 147
51 52
51 110
51 148
51 159
51 60
51 158
51 63
52 128
52 192
52 132
52 142
52 144
52 171
52 159
52 160
52 166
52 168
52 170
52 172
52 173
52 176
52 184
52 60
52 62
52 64
52 65
52 66
52 69
52 140
52 82
52 88
52 97
52 99
52 100
52 188
52 106
52 111
52 112
52 122
53 129
53 77
53 79
53 81
53 150
53 151
53 152
53 153
53 90
53 175
53 92
53 59
53 169
53 61
53 187
53 120
53 185
53 123
53 125
54 131
54 197
54 135
54 84
54 79
54 95
54 160
54 170
54 110
54 113
54 178
54 55
54 60
54 189
54 62
54 63
55 66
55 133
55 76
55 81
55 84
55 85
55 158
55 182
55 113
55 189
56 133
56 102
56 75
56 145
56 179
56 180
56 149
56 86
56 154
56 127
57 192
57 64
57 101
57 70
57 193
57 140
57 147
57 163
57 91
58 123
58 192
58 195
58 132
58 147
58 176
58 99
58 112
58 59
59 128
59 132
59 142
59 144
59 81
59 150
59 151
59 153
59 90
59 175
59 186
59 94
59 176
59 166
59 168
59 169
59 171
59 112
59 177
59 115
59 120
59 123
59 61
60 133
60 129
60 130
60 146
60 147
60 148
60 154
60 158
60 159
60 160
60 170
60 135
60 178
60 184
60 180
60 187
60 188
60 189
60 62
60 192
60 65
60 152
60 71
60 75
60 78
60 79
60 82
60 185
60 90
60 199
60 95
60 195
60 145
60 104
60 110
60 113
60 119
60 126
60 127
61 129
61 92
61 151
61 77
61 150
61 120
61 153
61 90
61 169
62 160
62 133
62 135
62 170
62 113
62 82
62 147
62 110
62 63
63 128
63 130
63 132
63 135
63 148
63 154
63 133
63 166
63 129
63 170
63 158
63 183
63 187
63 189
63 191
63 65
63 195
63 196
63 197
63 73
63 78
63 142
63 104
63 106
63 113
63 114
63 190
63 122
64 192
64 100
64 164
64 66
64 69
64 70
64 193
64 138
64 198
64 194
64 147
64 88
64 89
64 92
64 95
64 96
64 162
64 163
64 165
64 105
64 117
64 184
64 159
64 124
64 125
64 181
65 98
65 82
65 84
65 154
65 79
65 102
65 104
65 188
65 183
65 184
65 185
65 106
65 190
66 194
66 131
66 69
66 138
66 141
66 147
66 159
66 161
66 101
66 165
66 103
66 181
66 182
66 184
66 124
67 134
67 136
67 74
67 125
67 77
67 95
67 121
67 116
67 79
67 92
67 93
67 185
68 192
68 140
68 174
68 82
68 183
68 190
69 194
69 138
69 88
69 164
69 97
69 162
69 163
69 100
69 109
69 117
69 184
70 96
70 134
70 193
70 140
70 76
70 141
70 143
70 80
70 83
70 88
70 89
70 161
70 163
70 147
70 192
71 129
71 82
71 78
71 81
71 185
71 90
72 134
72 136
72 137
72 77
72 185
72 95
72 92
72 125
73 192
73 147
73 122
74 101
74 103
74 137
74 93
75 192
75 167
75 140
75 98
75 146
75 147
75 127
76 192
76 141
76 84
76 105
76 161
76 163
76 100
76 101
76 165
76 182
77 128
77 129
77 130
77 78
77 81
77 142
77 90
77 92
77 169
77 108
77 125
77 120
77 187
77 151
77 153
78 192
78 81
78 82
78 147
78 90
78 92
78 175
78 125
79 133
79 175
79 90
79 110
79 185
79 111
79 158
79 95
79 97
79 100
79 195
79 188
79 108
79 82
79 93
79 116
79 148
80 192
80 100
80 161
80 136
80 157
80 97
80 163
80 198
80 193
80 111
80 182
81 87
81 82
81 84
81 123
81 90
81 92
81 120
81 151
81 125
81 169
82 133
82 139
82 147
82 148
82 154
82 160
82 199
82 174
82 183
82 184
82 185
82 152
82 87
82 90
82 95
82 102
82 188
82 106
82 107
82 190
82 118
82 126
82 195
83 193
83 194
83 138
83 143
83 157
83 163
83 111
83 124
84 131
84 196
84 182
84 90
84 133
84 113
84 114
84 184
84 159
84 188
84 189
85 131
85 136
86 98
86 102
86 106
86 146
86 179
86 154
86 149
87 139
87 107
87 175
87 118
87 152
87 90
88 97
88 162
88 163
88 164
88 193
88 194
88 138
88 111
88 147
88 117
88 184
89 193
89 140
89 143
89 147
89 198
89 101
89 103
89 192
90 131
90 95
90 123
90 139
90 92
90 106
90 125
90 118
90 185
91 96
91 163
91 101
91 103
91 143
91 147
91 124
92 129
92 130
92 151
92 150
92 93
92 125
92 137
92 120
92 187
93 136
93 121
93 116
93 125
94 123
94 186
95 130
95 133
95 175
95 148
95 185
95 158
95 97
95 100
95 195
95 129
95 110
95 113
95 116
95 137
95 187
95 189
96 192
96 101
96 193
96 140
96 163
96 157
97 192
97 147
97 164
97 161
97 162
97 109
97 111
97 184
97 185
97 159
97 125
98 133
98 145
98 146
98 102
98 106
98 180
98 119
98 188
98 127
99 192
99 132
99 144
99 147
99 176
99 159
99 166
99 168
99 171
99 172
99 173
99 112
99 115
99 184
99 123
100 138
100 194
100 147
100 159
100 161
100 162
100 182
100 184
100 185
100 125
101 193
101 198
101 136
101 140
101 141
101 163
101 103
101 157
101 105
102 192
102 133
102 140
102 147
102 148
102 106
102 179
102 188
103 198
103 141
103 136
103 147
103 181
103 165
104 188
104 191
104 110
104 113
104 155
104 189
105 192
105 138
105 194
105 165
105 111
105 117
105 182
105 181
106 128
106 149
106 133
106 192
106 142
106 148
106 159
106 129
106 174
106 147
106 183
106 188
107 129
107 175
108 134
108 136
108 125
109 162
109 164
109 111
110 131
110 197
110 135
110 155
110 158
110 160
110 170
110 199
110 113
110 178
110 185
110 191
111 161
111 141
111 184
111 117
111 143
111 124
111 159
112 159
112 166
112 177
112 171
112 115
112 184
112 123
113 131
113 197
113 135
113 158
113 160
113 170
113 199
113 178
113 189
114 192
114 147
115 192
115 147
115 159
115 166
115 184
116 185
117 134
117 141
117 143
117 147
117 164
117 165
117 140
117 181
117 182
117 124
118 129
118 187
118 130
118 175
119 156
119 145
119 147
120 151
120 153
120 169
122 192
122 147
122 196
123 128
123 132
123 142
123 144
123 150
123 151
123 153
123 175
123 186
123 176
123 169
123 171
123 172
123 177
124 147
124 194
124 163
124 193
124 138
124 192
124 157
125 130
125 129
125 142
125 150
125 137
125 153
125 187
126 190
126 183
126 174
127 192
127 140
127 146
127 180
127 149
128 192
128 133
128 140
128 148
128 142
128 159
128 147
128 184
129 130
129 139
129 152
129 154
129 185
130 139
130 154
130 185
130 187
131 188
131 189
131 133
132 144
132 147
132 159
132 166
132 168
132 171
132 172
132 173
132 177
132 184
133 140
133 142
133 185
133 160
133 170
133 148
133 191
134 193
134 194
134 138
134 163
134 137
135 197
135 158
135 192
135 147
135 189
136 161
136 157
137 185
138 140
138 141
138 143
138 164
139 187
140 142
140 146
140 154
140 156
140 180
140 184
140 194
140 163
140 145
140 147
141 193
141 194
141 157
141 163
141 165
141 182
141 181
142 147
142 148
142 159
142 192
142 184
143 193
143 194
143 163
143 198
144 195
144 159
144 171
144 172
144 184
145 192
145 179
145 167
145 156
145 147
145 149
146 192
146 180
146 149
147 192
147 152
147 159
147 165
147 177
147 181
147 182
147 193
147 197
147 190
147 198
147 166
147 183
148 179
148 199
148 167
148 185
149 174
149 179
149 180
149 183
149 156
149 190
150 153
151 169
152 175
153 169
154 195
154 167
154 188
154 179
154 187
155 191
155 189
156 192
157 161
157 163
157 193
158 197
158 160
158 170
158 199
158 178
158 185
159 192
159 162
159 164
159 166
159 168
159 171
159 173
159 176
159 177
159 184
159 195
159 188
160 170
160 178
160 184
160 189
160 197
161 192
161 193
161 163
161 198
161 182
162 163
162 194
162 184
162 164
162 192
163 193
163 198
163 164
163 182
163 192
164 194
164 192
164 184
164 193
165 192
165 194
165 181
165 182
166 192
166 176
166 184
167 179
168 177
168 173
168 184
170 184
170 189
171 176
171 172
171 184
172 184
172 195
174 192
174 188
175 185
176 177
176 184
178 192
178 189
181 192
181 194
181 182
182 192
183 192
183 190
183 188
184 192
184 188
184 195
185 195
185 188
185 187
185 189
188 190
189 197
189 191
192 196
192 193
192 198
193 198
