0 194
0 11
0 72
0 9
0 139
0 109
0 81
0 90
0 94
0 45
0 111
0 176
0 56
0 62
0 127
1 135
1 8
1 9
1 138
1 109
1 81
1 173
1 88
1 90
1 27
1 94
1 164
1 40
1 199
1 45
1 46
1 111
1 48
1 53
1 137
1 56
1 187
1 188
1 125
1 127
2 148
2 179
2 68
2 5
2 102
2 7
2 73
2 107
2 172
2 175
2 112
2 17
2 52
2 180
2 151
2 197
2 4
2 26
2 158
2 166
3 4
3 22
3 7
3 136
3 14
3 143
3 18
3 150
3 24
3 155
3 31
3 160
3 193
3 34
3 35
3 166
3 168
3 42
3 174
3 180
3 182
3 184
3 63
3 32
3 67
3 196
3 71
3 73
3 163
3 84
3 92
3 96
3 100
3 107
3 115
3 123
4 112
4 102
4 161
4 73
4 172
4 66
4 47
4 80
4 49
4 52
4 153
4 84
4 92
5 32
5 169
5 47
5 80
5 179
5 175
5 61
6 192
6 195
6 69
6 89
6 91
7 165
7 166
7 136
7 66
7 180
7 49
7 84
7 153
7 26
7 61
8 134
8 129
8 9
8 138
8 88
8 90
8 27
8 30
8 199
8 44
8 173
8 111
8 48
8 108
8 94
8 189
8 137
8 56
8 125
8 62
8 53
9 134
9 129
9 81
9 20
9 149
9 176
9 162
9 187
9 164
9 135
9 108
9 109
9 46
9 111
9 48
9 189
9 53
9 56
9 59
9 188
9 125
9 62
9 127
10 171
10 133
10 193
10 136
10 141
10 14
10 15
10 18
10 21
10 22
10 153
10 25
10 155
10 28
10 157
10 150
10 32
10 33
10 163
10 36
10 168
10 41
10 43
10 49
10 182
10 183
10 184
10 57
10 186
10 60
10 190
10 63
10 65
10 196
10 185
10 74
10 75
10 76
10 77
10 78
10 82
10 84
10 86
10 87
10 92
10 95
10 98
10 100
10 103
10 104
10 105
10 191
10 110
10 114
10 115
10 116
10 119
10 120
10 122
10 123
10 126
11 194
11 39
11 40
11 137
11 138
11 139
11 109
11 176
11 81
11 149
11 88
11 27
11 188
11 199
11 127
12 98
12 131
12 198
12 65
12 167
12 82
12 87
12 185
12 28
13 134
13 135
13 72
13 44
13 173
13 46
13 48
13 40
13 53
13 56
13 90
13 59
13 125
13 62
14 196
14 133
14 140
14 143
14 145
14 82
14 19
14 85
14 22
14 87
14 24
14 93
14 185
14 31
14 160
14 98
14 163
14 36
14 101
14 105
14 29
14 178
14 116
14 184
14 121
14 58
14 63
15 128
15 65
15 130
15 133
15 75
15 98
15 142
15 16
15 18
15 147
15 25
15 154
15 32
15 99
15 36
15 37
15 178
15 104
15 105
15 82
15 113
15 50
15 115
15 117
15 185
15 126
16 128
16 65
16 75
16 145
16 82
16 147
16 85
16 23
16 185
16 32
16 98
16 36
16 167
16 104
16 105
16 178
16 57
16 120
16 121
16 58
16 190
17 192
17 65
17 68
17 133
17 75
17 66
17 80
17 82
17 153
17 89
17 26
17 92
17 197
17 32
17 161
17 98
17 36
17 105
17 107
17 47
17 51
17 52
17 169
17 120
17 185
17 132
18 128
18 65
18 198
18 75
18 98
18 131
18 87
18 153
18 28
18 97
18 34
18 36
18 103
18 106
18 167
18 178
18 115
18 190
18 120
18 57
18 124
18 126
19 171
19 150
19 140
19 141
19 24
19 146
19 21
19 22
19 152
19 156
19 29
19 159
19 32
19 133
19 35
19 163
19 42
19 43
19 54
19 183
19 184
19 57
19 58
19 63
19 65
19 67
19 71
19 75
19 76
19 77
19 78
19 83
19 86
19 95
19 96
19 105
19 114
19 116
19 120
19 121
19 122
19 170
20 134
20 135
20 72
20 109
20 144
20 81
20 149
20 173
20 94
20 176
20 164
20 40
20 44
20 45
20 111
20 48
20 108
20 30
20 55
20 56
20 187
20 188
20 127
21 83
21 163
21 86
21 41
21 43
21 76
21 78
21 143
21 116
21 22
21 122
21 31
21 101
21 29
21 63
22 71
22 183
22 140
22 141
22 152
22 146
22 67
22 170
22 150
22 24
22 153
22 92
22 95
22 160
22 42
22 114
22 116
22 54
22 119
22 74
23 133
23 177
23 147
23 84
23 85
23 25
23 100
23 32
23 97
23 34
23 36
23 167
23 104
23 105
23 110
23 49
23 58
23 126
24 150
24 140
24 84
24 152
24 153
24 92
24 93
24 96
24 35
24 101
24 156
24 42
24 174
24 29
24 116
24 184
25 64
25 65
25 133
25 75
25 100
25 157
25 182
25 32
25 34
25 37
25 38
25 104
25 105
25 110
25 115
25 181
25 118
25 186
25 123
25 126
26 161
26 132
26 197
26 166
26 169
26 66
26 79
26 80
26 51
26 180
26 151
26 47
26 61
27 162
27 40
27 129
27 44
27 45
27 53
27 137
27 90
27 59
27 189
27 30
28 32
28 33
28 198
28 115
28 84
28 131
28 153
28 121
28 58
28 92
28 106
28 191
29 128
29 193
29 67
29 196
29 150
29 136
29 74
29 140
29 143
29 145
29 82
29 84
29 78
29 86
29 152
29 92
29 31
29 96
29 98
29 35
29 36
29 101
29 168
29 156
29 42
29 171
29 174
29 163
29 49
29 178
29 83
29 185
29 122
29 63
29 60
30 144
30 70
30 55
30 45
31 193
31 67
31 196
31 136
31 141
31 143
31 84
31 153
31 93
31 163
31 168
31 43
31 49
31 184
31 60
31 63
32 51
32 147
32 148
32 156
32 158
32 33
32 34
32 35
32 38
32 167
32 174
32 175
32 179
32 57
32 186
32 190
32 191
32 65
32 67
32 197
32 198
32 71
32 84
32 153
32 92
32 96
32 97
32 131
32 103
32 104
32 106
32 107
32 120
33 128
33 98
33 36
33 103
33 75
33 178
33 145
33 82
33 85
33 87
33 120
33 57
33 106
33 185
33 191
34 128
34 65
34 133
34 75
34 145
34 147
34 84
34 85
34 153
34 92
34 157
34 159
34 36
34 105
34 178
34 115
34 182
34 121
34 58
34 123
34 190
35 65
35 67
35 71
35 96
35 160
35 140
35 84
35 153
35 92
35 168
35 156
35 193
35 174
35 49
35 120
35 57
36 128
36 131
36 147
36 150
36 152
36 154
36 155
36 37
36 38
36 167
36 157
36 177
36 178
36 51
36 184
36 57
36 186
36 190
36 191
36 65
36 197
36 198
36 97
36 100
36 104
36 107
36 110
36 113
36 115
36 117
36 126
37 65
37 133
37 190
37 142
37 87
37 98
37 99
37 104
37 105
37 117
37 118
37 57
37 126
37 181
38 64
38 65
38 131
38 198
38 136
38 75
38 142
38 87
38 98
38 167
38 104
38 49
38 50
38 181
38 118
38 120
38 168
38 126
39 176
39 194
39 139
39 199
39 137
39 138
40 129
40 137
40 139
40 109
40 81
40 88
40 90
40 162
40 164
40 199
40 44
40 45
40 189
40 53
40 59
40 188
40 125
40 62
41 95
41 101
41 74
41 43
41 93
41 146
41 170
41 119
41 122
41 183
42 128
42 65
42 196
42 150
42 96
42 160
42 140
42 152
42 82
42 84
42 87
42 156
42 185
42 98
42 174
42 93
42 178
42 116
42 184
42 57
43 183
43 76
43 141
43 78
43 146
43 86
43 93
43 95
43 163
43 101
43 170
43 171
43 114
43 54
43 119
43 122
43 74
43 63
44 137
44 45
44 55
44 88
44 59
45 70
45 135
45 72
45 173
45 81
45 149
45 88
45 90
45 94
45 176
45 164
45 134
45 108
45 109
45 46
45 48
45 55
45 56
45 137
45 187
45 188
45 125
45 62
45 127
46 109
46 81
46 173
46 90
46 94
46 164
46 134
46 135
46 111
46 53
46 55
46 56
46 59
46 188
46 125
47 161
47 68
47 169
47 79
47 80
47 179
47 52
47 132
47 175
47 165
48 134
48 129
48 109
48 173
48 164
48 111
48 72
48 53
48 56
48 189
48 127
49 160
49 197
49 136
49 151
49 140
49 143
49 147
49 153
49 155
49 96
49 92
49 107
49 172
49 110
49 93
49 157
49 51
49 180
49 182
49 186
49 123
49 166
50 64
50 130
50 99
50 104
50 142
50 117
50 186
50 126
50 181
51 128
51 65
51 195
51 68
51 69
51 198
51 193
51 136
51 177
51 66
51 131
51 84
51 87
51 197
51 89
51 91
51 92
51 167
51 133
51 98
51 165
51 145
51 105
51 107
51 178
51 153
51 58
51 61
52 197
52 169
52 107
52 80
52 148
52 151
52 68
52 158
53 129
53 138
53 88
53 162
53 125
53 173
53 111
53 137
53 189
54 163
54 196
54 101
54 170
54 141
54 146
54 116
54 63
54 60
54 93
55 164
55 70
55 135
55 72
55 109
55 144
55 56
55 187
55 94
55 127
56 70
56 135
56 144
56 81
56 149
56 173
56 94
56 176
56 187
56 164
56 109
56 111
56 72
56 59
56 127
57 128
57 130
57 145
57 150
57 152
57 156
57 167
57 174
57 177
57 178
57 185
57 191
57 65
57 67
57 82
57 85
57 87
57 96
57 97
57 98
57 99
57 106
57 107
57 147
57 117
57 120
57 124
58 128
58 147
58 133
58 87
58 98
58 145
58 82
58 85
58 154
58 155
58 197
58 99
58 100
58 105
58 113
58 178
58 182
58 184
58 123
58 63
59 187
59 134
59 135
59 138
59 199
59 111
59 72
59 108
59 88
59 137
59 173
59 94
60 95
60 196
60 74
60 171
60 76
60 114
60 78
60 141
60 83
60 86
60 170
60 93
60 63
61 197
61 73
61 79
61 148
61 151
61 180
61 158
61 165
62 129
62 72
62 81
62 149
62 88
62 90
62 94
62 162
62 164
62 109
62 111
62 176
62 188
62 189
62 127
63 141
63 143
63 146
63 153
63 163
63 170
63 171
63 183
63 184
63 159
63 196
63 74
63 75
63 76
63 77
63 82
63 84
63 87
63 92
63 93
63 95
63 98
63 101
63 114
63 119
63 122
64 181
64 99
64 104
64 105
64 82
64 142
64 113
64 117
64 118
64 87
64 154
64 186
64 185
64 133
65 128
65 107
65 145
65 150
65 152
65 155
65 156
65 157
65 185
65 167
65 174
65 177
65 178
65 182
65 186
65 190
65 67
65 147
65 197
65 198
65 87
65 96
65 97
65 98
65 99
65 100
65 104
65 106
65 103
65 110
65 113
65 115
65 131
65 120
65 123
65 124
65 126
66 161
66 180
66 166
66 102
66 73
66 107
66 172
66 148
66 169
66 132
66 197
67 196
67 150
67 198
67 71
67 136
67 96
67 140
67 143
67 152
67 153
67 156
67 93
67 97
67 131
67 101
67 167
67 168
67 193
67 174
67 177
67 116
67 120
67 163
68 148
68 197
68 161
68 107
68 151
69 197
69 91
69 195
70 134
70 72
70 108
70 144
70 94
71 96
71 150
71 160
71 140
71 174
71 120
71 84
71 152
71 153
71 116
72 134
72 135
72 173
72 144
72 149
72 90
72 94
72 176
72 187
72 108
73 112
73 165
73 161
73 172
73 79
73 80
73 84
73 153
73 92
74 163
74 196
74 86
74 76
74 78
74 83
74 116
74 171
74 122
75 181
75 130
75 196
75 182
75 190
75 98
75 82
75 87
75 191
75 99
75 103
75 104
75 107
75 110
75 115
75 117
75 118
75 184
75 185
75 186
75 123
75 124
75 126
76 171
76 83
76 163
76 196
76 78
76 86
77 163
77 196
77 116
77 119
77 122
77 93
78 171
78 86
78 83
79 132
79 165
79 166
79 80
79 151
79 169
80 161
80 148
80 102
80 107
80 172
80 175
80 112
80 179
80 169
80 132
80 165
81 135
81 149
81 90
81 176
81 187
81 188
81 127
82 131
82 133
82 150
82 152
82 159
82 163
82 177
82 184
82 196
82 198
82 87
82 97
82 98
82 103
82 104
82 105
82 115
82 120
82 191
83 171
83 86
84 96
84 151
84 140
84 143
84 152
84 107
84 147
84 150
84 153
84 100
84 101
84 102
84 156
84 172
84 110
84 93
84 157
84 116
84 160
84 180
84 163
84 166
85 128
85 115
85 147
85 197
85 184
85 87
85 145
85 131
85 155
85 157
85 103
85 104
85 107
85 110
85 178
85 120
85 123
85 191
86 171
86 116
87 128
87 133
87 145
87 150
87 152
87 154
87 159
87 178
87 181
87 184
87 190
87 196
87 197
87 185
87 186
87 98
87 99
87 103
87 105
87 106
87 107
87 113
87 118
87 121
87 191
87 126
88 162
88 129
88 90
88 189
89 192
89 107
90 129
90 137
90 138
90 199
90 162
90 164
90 135
90 109
90 176
90 187
90 189
90 127
91 197
91 195
92 96
92 197
92 193
92 160
92 140
92 163
92 196
92 151
92 153
92 168
92 156
92 107
92 174
92 112
92 116
92 186
93 196
93 183
93 140
93 141
93 152
93 146
93 150
93 153
93 95
93 160
93 163
93 101
93 114
93 119
93 184
93 122
93 170
94 187
94 129
94 135
94 144
94 149
94 176
95 163
95 196
95 141
95 146
95 170
95 122
96 136
96 160
96 140
96 152
96 153
96 193
96 168
96 156
96 174
97 147
97 198
97 115
97 131
97 156
97 185
97 103
97 174
97 177
97 186
97 126
98 133
98 150
98 152
98 159
98 163
98 184
98 185
98 186
98 190
98 196
98 197
98 198
98 99
98 103
98 105
98 106
98 107
98 115
98 120
98 121
98 191
99 130
99 133
99 142
99 154
99 159
99 104
99 113
99 117
99 118
99 120
99 190
99 181
100 133
100 147
100 155
100 159
100 105
100 182
100 153
100 121
100 123
100 126
101 163
101 196
101 143
101 184
101 114
101 153
101 122
102 136
102 172
102 168
103 178
103 177
103 145
103 120
103 185
103 191
104 130
104 142
104 145
104 147
104 154
104 178
104 113
104 117
104 185
104 126
104 181
105 147
105 133
105 190
105 197
105 154
105 185
105 159
105 107
105 113
105 181
105 118
105 184
105 121
105 126
106 124
106 115
106 120
106 191
107 128
107 133
107 193
107 136
107 192
107 197
107 169
107 145
107 178
107 153
107 120
107 132
108 144
108 135
108 109
108 173
109 134
109 129
109 139
109 173
109 149
109 176
109 164
109 135
109 111
109 188
109 127
110 128
110 145
110 136
110 193
110 126
111 129
111 173
111 149
111 176
111 162
111 187
111 164
111 135
111 188
111 125
111 127
112 132
112 169
112 172
113 130
113 133
113 181
113 142
113 117
113 118
113 121
113 154
113 190
113 159
114 163
114 196
114 141
114 116
115 128
115 145
115 131
115 167
115 177
115 178
115 190
115 120
115 185
115 126
116 183
116 140
116 141
116 152
116 150
116 160
116 119
117 130
117 142
117 118
117 120
117 154
117 133
118 181
118 154
118 186
118 126
118 133
119 163
119 196
119 183
119 122
120 130
120 147
120 198
120 150
120 145
120 186
120 191
120 124
121 155
121 159
121 147
121 184
122 196
122 183
122 146
122 170
123 128
123 133
123 153
123 155
123 159
123 182
123 126
125 162
125 129
125 173
125 137
125 187
125 135
126 131
126 133
126 142
126 147
126 155
126 182
126 167
126 177
126 186
126 190
127 129
127 139
127 149
127 173
127 176
127 162
127 164
127 188
127 189
128 197
128 198
128 145
128 131
128 152
128 167
128 178
128 182
128 190
128 191
129 135
129 138
129 173
129 162
129 199
129 189
129 137
129 187
130 133
130 142
130 154
130 190
130 181
131 197
131 156
131 174
131 185
131 186
132 161
132 169
132 175
132 148
132 158
133 147
133 182
133 190
133 155
133 159
133 184
133 185
134 144
134 187
134 135
134 173
135 144
135 173
135 187
135 188
136 193
136 197
136 143
136 174
136 151
136 153
136 155
136 168
136 156
136 172
136 157
136 180
136 186
136 166
137 162
137 138
137 189
137 139
137 199
138 162
138 194
138 139
138 189
139 194
139 176
139 149
139 199
140 160
140 152
140 156
140 174
140 184
141 163
141 196
141 146
141 143
142 154
142 181
143 193
143 196
143 168
143 184
143 153
143 163
144 187
145 197
145 184
145 147
145 198
145 157
145 178
145 182
145 191
146 163
146 196
146 170
147 155
147 157
147 177
147 190
148 161
148 169
149 194
149 164
149 188
150 152
150 153
150 184
150 156
150 185
150 160
150 174
151 193
151 168
152 196
152 160
152 153
152 156
152 185
152 163
152 167
152 174
152 177
152 178
152 184
153 156
153 157
153 163
153 166
153 168
153 174
153 180
153 182
153 193
153 196
153 197
154 190
154 181
155 193
155 159
155 168
155 182
156 198
156 193
156 160
156 167
156 174
156 177
157 193
157 168
158 169
159 196
159 185
159 163
159 184
160 174
160 184
161 175
161 179
161 169
161 165
162 187
162 199
162 173
162 189
163 196
164 187
164 173
165 197
165 166
165 180
165 169
166 193
166 180
166 168
167 197
167 174
167 178
168 193
168 174
168 186
172 193
173 187
173 189
174 177
174 193
175 179
176 194
176 188
177 197
177 185
177 186
178 197
178 184
178 190
178 191
184 185
185 196
185 198
185 190
185 191
186 198
186 193
186 190
187 189
187 188
189 199
194 199
195 197
197 198
