0 64
0 1
0 134
0 9
0 34
0 111
0 157
0 180
0 54
0 169
0 61
0 94
0 37
1 129
1 2
1 5
1 6
1 7
1 9
1 138
1 15
1 19
1 148
1 21
1 150
1 151
1 153
1 28
1 157
1 158
1 34
1 37
1 40
1 45
1 179
1 53
1 54
1 59
1 134
1 72
1 74
1 83
1 88
1 94
1 104
1 109
1 111
1 115
1 117
1 118
1 124
2 34
2 138
2 94
3 65
3 8
3 139
3 12
3 13
3 14
3 16
3 150
3 28
3 33
3 38
3 40
3 44
3 45
3 174
3 48
3 72
3 119
3 187
3 189
4 136
4 10
4 139
4 162
4 14
4 13
4 80
4 21
4 79
4 30
4 31
4 98
4 165
4 39
4 105
4 42
4 108
4 173
4 48
4 178
4 181
4 57
4 170
4 190
5 37
5 97
5 9
5 138
5 157
5 83
5 169
5 184
5 155
5 124
5 61
5 94
6 133
6 11
6 141
6 16
6 18
6 19
6 149
6 22
6 28
6 33
6 46
6 49
6 50
6 182
6 189
6 63
6 192
6 65
6 66
6 195
6 73
6 75
6 77
6 87
6 88
6 89
6 91
6 144
6 100
6 103
6 104
6 109
6 174
6 116
6 117
6 121
6 122
7 35
7 164
7 167
7 8
7 15
7 56
7 115
7 52
7 24
7 92
7 94
8 132
8 11
8 12
8 141
8 15
8 17
8 131
8 20
8 21
8 24
8 25
8 154
8 29
8 197
8 32
8 33
8 164
8 198
8 38
8 167
8 40
8 43
8 44
8 45
8 55
8 186
8 187
8 60
8 191
8 192
8 65
8 66
8 67
8 69
8 70
8 71
8 72
8 75
8 77
8 78
8 85
8 86
8 152
8 143
8 95
8 96
8 188
8 99
8 145
8 161
8 171
8 107
8 110
8 113
8 114
8 115
8 119
8 121
8 123
8 126
8 127
9 34
9 97
9 64
9 169
9 157
9 83
9 148
9 118
9 184
9 153
9 59
9 124
9 61
9 94
9 37
10 65
10 197
10 136
10 14
10 21
10 150
10 23
10 154
10 28
10 30
10 33
10 162
10 166
10 39
10 41
10 42
10 43
10 108
10 173
10 175
10 48
10 117
10 55
10 123
10 62
10 181
11 132
11 133
11 137
11 140
11 141
11 16
11 17
11 18
11 19
11 20
11 152
11 156
11 31
11 32
11 33
11 163
11 165
11 38
11 40
11 171
11 45
11 174
11 50
11 56
11 58
11 168
11 189
11 193
11 196
11 198
11 75
11 76
11 77
11 80
11 85
11 86
11 88
11 92
11 95
11 100
11 101
11 104
11 106
11 107
11 146
11 110
11 113
11 114
11 147
11 119
11 120
11 121
11 126
12 65
12 80
12 19
12 150
12 90
12 27
12 28
12 31
12 33
12 67
12 35
12 40
12 43
12 44
12 72
12 123
12 117
12 55
12 56
12 104
12 191
12 127
13 68
13 198
13 71
13 72
13 137
13 75
13 141
13 78
13 20
13 21
13 25
13 90
13 135
13 95
13 161
13 101
13 166
13 39
13 40
13 103
13 142
13 48
13 113
13 114
13 89
13 120
13 58
13 126
13 85
14 96
14 130
14 69
14 198
14 136
14 137
14 139
14 190
14 162
14 78
14 79
14 145
14 21
14 90
14 30
14 95
14 32
14 161
14 98
14 166
14 39
14 41
14 42
14 176
14 108
14 173
14 142
14 48
14 113
14 178
14 181
14 105
14 57
14 62
15 128
15 35
15 164
15 70
15 143
15 115
15 24
15 99
15 56
15 186
15 60
15 29
15 94
15 159
16 179
16 172
16 144
16 145
16 18
16 147
16 174
16 150
16 26
16 175
16 28
16 154
16 197
16 35
16 165
16 168
16 156
16 43
16 44
16 46
16 47
16 49
16 50
16 51
16 52
16 182
16 56
16 187
16 63
16 65
16 67
16 69
16 73
16 76
16 78
16 84
16 88
16 91
16 92
16 94
16 96
16 102
16 146
16 112
16 116
16 123
16 125
17 192
17 66
17 75
17 197
17 71
17 141
17 85
17 86
17 23
17 88
17 154
17 33
17 43
17 175
17 48
17 114
17 51
17 121
17 123
18 65
18 150
18 72
18 146
18 19
18 20
18 21
18 22
18 88
18 26
18 27
18 28
18 154
18 197
18 32
18 67
18 131
18 198
18 38
18 113
18 40
18 156
18 43
18 191
18 104
18 50
18 179
18 117
18 55
18 119
18 189
18 127
19 150
19 142
19 22
19 88
19 26
19 28
19 32
19 161
19 156
19 44
19 109
19 174
19 113
19 179
19 117
19 187
20 65
20 80
20 22
20 87
20 89
20 27
20 31
20 33
20 35
20 101
20 165
20 103
20 43
20 174
20 112
20 55
21 130
21 139
21 147
21 149
21 22
21 160
21 48
21 162
21 35
21 39
21 168
21 41
21 42
21 174
21 176
21 136
21 178
21 51
21 52
21 181
21 56
21 189
21 62
21 194
21 76
21 79
21 163
21 87
21 92
21 94
21 98
21 105
21 108
21 190
21 122
21 170
22 65
22 131
22 73
22 144
22 88
22 26
22 27
22 33
22 36
22 198
22 113
22 104
22 43
22 172
22 191
22 174
22 50
22 179
22 127
22 125
22 63
23 130
23 135
23 141
23 26
23 154
23 35
23 41
23 43
23 175
23 176
23 49
23 50
23 55
23 58
23 192
23 65
23 66
23 79
23 87
23 144
23 100
23 114
23 116
23 121
23 123
24 115
24 35
24 164
24 70
24 186
24 188
25 198
25 76
25 142
25 147
25 150
25 31
25 32
25 165
25 40
25 106
25 44
25 113
25 51
25 117
25 168
26 65
26 175
26 131
26 196
26 197
26 77
26 84
26 91
26 156
26 33
26 191
26 104
26 144
26 43
26 146
26 174
26 47
26 49
26 183
26 87
26 123
26 125
27 131
27 144
27 147
27 156
27 35
27 168
27 43
27 44
27 174
27 47
27 48
27 49
27 52
27 56
27 58
27 187
27 191
27 77
27 88
27 92
27 101
27 102
27 109
27 112
27 120
27 127
28 72
28 108
28 78
28 142
28 150
28 88
28 30
28 95
28 96
28 161
28 98
28 104
28 41
28 44
28 173
28 174
28 179
28 137
28 62
29 35
29 165
29 70
29 167
29 76
29 80
29 52
29 56
29 92
29 94
30 166
30 39
30 108
30 173
30 117
30 150
30 170
31 198
31 65
31 132
31 171
31 70
31 137
31 85
31 89
31 152
31 90
31 167
31 165
31 32
31 80
31 101
31 38
31 103
31 106
31 107
31 44
31 110
31 140
31 120
31 58
31 187
31 126
32 198
32 80
32 87
32 92
32 94
32 112
32 35
32 165
32 38
32 113
32 40
32 106
32 45
32 174
32 72
32 52
32 119
32 104
32 189
32 126
33 179
33 135
33 146
33 195
33 149
33 196
33 175
33 156
33 154
33 160
33 35
33 40
33 43
33 44
33 47
33 49
33 51
33 55
33 187
33 189
33 194
33 67
33 68
33 197
33 71
33 72
33 76
33 78
33 86
33 87
33 88
33 96
33 102
33 145
33 109
33 112
33 122
33 123
34 118
34 64
34 111
34 83
34 148
34 54
34 153
34 94
35 43
35 141
35 154
35 164
35 198
35 167
35 135
35 175
35 55
35 186
35 187
35 188
35 65
35 66
35 68
35 197
35 70
35 71
35 75
35 77
35 85
35 58
35 103
35 60
35 113
35 114
35 115
35 120
35 123
36 194
36 183
36 77
36 84
36 87
36 91
36 160
36 102
36 43
36 172
36 46
36 47
36 112
36 189
36 116
36 182
36 55
36 125
36 63
37 64
37 138
37 111
37 157
37 81
37 82
37 54
37 169
37 184
37 155
37 124
37 61
37 94
38 96
38 67
38 147
38 198
38 193
38 76
38 78
38 80
38 72
38 92
38 163
38 165
38 40
38 45
38 174
38 113
38 51
38 56
38 168
39 136
39 139
39 80
39 94
39 162
39 165
39 42
39 108
39 173
39 52
39 105
39 56
39 62
39 181
40 161
40 137
40 142
40 90
40 94
40 95
40 113
40 106
40 107
40 44
40 174
40 48
40 72
40 119
40 187
40 126
41 139
41 197
41 166
41 105
41 43
41 190
41 150
41 154
41 123
41 62
41 117
42 162
42 139
42 166
42 136
42 79
42 123
42 181
43 130
43 131
43 133
43 135
43 172
43 141
43 147
43 149
43 196
43 156
43 160
43 162
43 191
43 44
43 178
43 46
43 175
43 176
43 49
43 50
43 51
43 181
43 55
43 58
43 183
43 189
43 62
43 63
43 192
43 65
43 66
43 68
43 71
43 194
43 73
43 75
43 76
43 77
43 79
43 84
43 85
43 86
43 87
43 89
43 91
43 92
43 144
43 136
43 100
43 101
43 103
43 146
43 174
43 112
43 114
43 116
43 187
43 120
43 121
43 122
43 123
43 125
43 127
44 69
44 161
44 187
44 77
44 78
44 145
44 142
44 150
44 90
44 96
44 67
44 123
44 131
44 171
44 106
44 110
44 72
44 117
44 104
44 95
44 126
45 198
45 113
45 96
45 78
45 72
45 94
46 73
46 172
46 109
46 47
46 50
46 179
46 116
46 182
46 183
46 88
46 55
46 91
46 125
47 65
47 131
47 196
47 73
47 144
47 146
47 84
47 91
47 156
47 191
47 189
47 49
47 50
47 116
47 182
47 183
47 63
47 125
47 127
48 132
48 133
48 135
48 137
48 139
48 131
48 152
48 161
48 166
48 170
48 58
48 190
48 191
48 68
48 198
48 72
48 75
48 77
48 142
48 86
48 89
48 90
48 95
48 100
48 101
48 103
48 105
48 106
48 110
48 113
48 120
48 85
48 127
49 65
49 131
49 196
49 197
49 77
49 144
49 146
49 87
49 88
49 156
49 154
49 109
49 112
49 191
49 189
49 127
50 195
50 73
50 175
50 174
50 88
50 91
50 160
50 144
50 102
50 109
50 112
50 179
50 116
50 182
50 55
50 122
50 123
50 63
51 192
51 193
51 132
51 75
51 68
51 137
51 76
51 147
51 86
51 90
51 163
51 100
51 168
51 140
51 56
51 121
51 58
51 120
52 66
52 131
52 68
52 135
52 141
52 120
52 86
52 89
52 92
52 166
52 103
52 114
52 115
52 55
52 56
52 58
52 85
53 129
53 83
53 124
53 61
53 158
54 64
54 138
54 111
54 157
54 81
54 82
54 83
54 148
54 118
54 153
54 59
55 65
55 197
55 193
55 87
55 77
55 144
55 147
55 174
55 154
55 92
55 163
55 168
55 175
55 56
55 84
55 123
55 189
55 62
56 128
56 131
56 132
56 141
56 142
56 147
56 152
56 159
56 161
56 168
56 135
56 58
56 187
56 60
56 193
56 68
56 71
56 140
56 75
56 76
56 77
56 85
56 86
56 90
56 92
56 93
56 171
56 99
56 166
56 106
56 107
56 110
56 114
56 115
56 120
56 127
57 98
57 197
57 105
57 170
57 139
57 154
57 123
57 190
58 131
58 197
58 80
58 120
58 88
58 89
58 154
58 165
58 101
58 103
58 191
58 87
58 123
58 189
58 127
59 118
59 64
59 138
59 111
59 81
59 83
59 148
59 153
61 97
61 129
61 158
61 83
61 169
61 184
61 124
61 157
61 94
62 197
62 166
62 175
62 139
62 150
62 117
63 195
63 73
63 84
63 102
63 172
63 112
63 179
63 116
63 182
63 123
63 125
64 138
64 111
64 83
64 153
64 118
65 145
65 149
65 175
65 156
65 160
65 174
65 187
65 189
65 194
65 67
65 69
65 75
65 80
65 85
65 86
65 87
65 88
65 92
65 144
65 102
65 109
65 112
65 122
65 123
66 192
66 68
66 133
66 85
66 154
66 197
66 100
66 109
66 179
66 121
67 69
67 78
67 145
67 96
67 105
67 174
67 187
67 190
68 192
68 71
68 75
68 76
68 141
68 85
68 86
68 135
68 92
68 100
68 114
68 121
69 96
69 139
69 78
69 150
69 117
70 164
70 165
70 167
70 115
70 186
70 188
70 94
71 192
71 121
71 135
71 86
71 123
71 92
72 198
72 139
72 150
72 105
72 174
72 113
72 119
72 190
73 112
73 179
73 109
73 123
73 91
73 182
73 189
74 134
74 129
74 138
74 151
74 158
75 192
75 179
75 133
75 147
75 86
75 88
75 154
75 92
75 197
75 100
75 109
75 121
75 123
76 192
76 133
76 77
76 131
76 86
76 147
76 168
76 106
76 121
76 191
76 126
76 127
77 193
77 131
77 196
77 179
77 144
77 120
77 89
77 156
77 191
77 101
77 146
77 168
77 109
77 174
77 183
77 172
77 163
77 187
77 125
78 96
78 170
78 139
78 145
78 117
78 150
78 119
78 190
79 130
79 166
79 162
79 175
79 176
80 137
80 142
80 85
80 89
80 90
80 165
80 161
80 187
80 101
80 166
81 82
81 153
81 118
81 111
82 138
82 111
83 129
83 138
83 94
83 155
83 157
83 158
83 97
83 169
83 111
83 180
83 184
83 124
84 183
84 172
84 109
84 146
84 179
84 116
84 182
84 88
84 91
84 156
84 125
85 192
85 133
85 141
85 86
85 92
85 165
85 114
85 121
85 123
86 192
86 133
86 135
86 147
86 88
86 92
86 163
86 100
86 168
86 193
86 109
86 121
86 123
87 144
87 146
87 154
87 156
87 172
87 175
87 182
87 189
87 194
87 195
87 197
87 88
87 101
87 103
87 109
87 116
87 122
87 123
88 131
88 133
88 149
88 150
88 160
88 179
88 189
88 191
88 192
88 194
88 195
88 89
88 91
88 94
88 101
88 102
88 104
88 109
88 174
88 117
88 120
88 121
88 122
88 127
89 92
89 165
89 101
89 103
89 109
89 179
89 120
89 189
90 171
90 132
90 137
90 142
90 150
90 152
90 165
90 104
90 106
90 107
90 110
90 140
90 117
90 126
91 172
91 109
91 179
91 183
91 196
91 146
92 198
92 120
92 131
92 101
92 103
92 191
92 114
92 127
93 128
93 177
93 185
94 134
94 138
94 150
94 155
94 166
94 169
94 157
94 180
94 184
94 198
94 104
94 167
94 111
94 113
94 115
94 117
94 119
94 124
95 139
95 150
95 161
95 170
95 117
95 187
95 190
96 105
96 170
96 139
96 119
97 129
97 134
97 157
97 180
97 169
97 184
97 155
97 124
98 197
98 139
98 150
98 123
98 117
100 133
100 141
100 179
100 147
100 197
100 109
100 114
100 123
101 131
101 165
101 103
101 109
101 120
101 191
101 127
102 195
102 160
102 172
102 112
102 116
102 182
102 122
102 125
103 109
103 179
103 120
103 189
104 194
104 196
104 150
104 137
104 142
104 149
104 198
104 146
104 156
104 109
104 174
104 112
104 113
104 179
104 117
104 160
104 187
105 139
105 166
105 170
105 178
105 190
106 171
106 198
106 140
106 152
106 107
106 110
106 113
106 126
107 171
107 137
107 140
107 110
107 142
108 150
108 173
108 166
109 131
109 150
109 133
109 114
109 179
109 116
109 117
109 182
109 121
109 127
109 189
109 191
110 132
110 137
110 152
111 118
111 157
111 148
111 169
111 153
112 194
112 131
112 196
112 198
112 160
112 146
112 195
112 149
112 156
112 172
112 189
112 116
112 182
112 183
112 122
112 125
113 139
113 198
113 165
113 119
113 126
114 175
114 133
114 154
114 123
114 197
115 167
115 186
115 188
116 195
116 197
116 154
116 172
116 175
116 189
116 179
116 122
116 123
116 125
117 126
117 145
117 150
117 161
117 174
117 179
117 137
117 187
118 148
119 198
119 174
120 131
120 197
120 154
120 191
120 123
120 127
121 192
121 179
121 147
121 154
121 135
121 197
121 168
121 175
121 123
122 194
122 131
122 149
122 160
122 172
122 191
122 189
122 179
122 182
122 183
122 127
123 135
123 156
123 154
123 162
123 178
123 174
123 136
123 181
123 182
123 187
123 189
123 192
123 196
123 197
124 134
124 157
124 180
124 151
124 184
124 169
124 155
125 195
125 149
125 172
125 182
125 183
126 193
126 198
126 137
126 142
126 150
126 165
127 131
127 144
127 195
127 146
127 156
127 187
127 191
128 199
128 185
128 159
129 134
129 169
129 157
129 151
129 184
129 155
129 158
130 176
130 197
130 154
130 175
131 194
131 195
131 144
131 147
131 149
131 160
131 168
131 174
131 191
132 171
132 137
132 152
132 142
133 197
133 141
133 179
134 151
134 184
134 155
134 138
134 158
135 192
135 197
135 154
136 162
136 181
137 171
137 150
137 165
137 187
138 157
139 198
139 162
139 145
139 161
139 166
139 173
139 178
139 190
139 170
140 142
141 175
141 179
141 154
141 197
142 150
142 187
144 175
144 196
144 197
144 146
144 156
144 179
144 191
144 189
145 150
146 156
146 154
146 191
146 174
147 168
148 153
149 194
149 195
149 172
149 179
149 183
150 161
150 174
150 179
150 187
151 155
151 158
152 171
154 156
154 174
154 176
154 182
154 187
154 189
154 196
155 157
155 180
155 158
156 196
156 191
156 172
156 174
156 189
157 180
157 158
157 169
158 169
159 177
159 199
159 185
160 195
160 172
160 179
160 189
161 165
162 166
162 178
162 170
162 181
164 186
164 167
164 188
165 198
165 166
166 190
166 173
166 170
167 186
167 188
168 192
168 193
169 180
169 184
170 198
170 173
170 178
170 181
172 194
172 195
172 189
172 182
172 183
174 196
174 197
174 189
175 192
175 197
175 176
175 189
176 197
177 185
177 199
178 190
179 192
179 194
179 182
180 184
182 195
182 189
182 183
183 194
186 188
187 197
187 191
189 197
189 195
191 195
192 197
194 195
196 197
