0 99
0 6
0 40
0 10
0 45
0 189
0 20
0 138
0 91
0 28
0 93
1 5
1 134
1 7
1 18
1 153
1 27
1 28
1 29
1 31
1 133
1 170
1 43
1 44
1 173
1 177
1 178
1 51
1 53
1 182
1 184
1 59
1 188
1 62
1 63
1 64
1 65
1 73
1 75
1 78
1 79
1 88
1 159
1 95
1 96
1 98
1 118
1 122
2 64
2 123
2 132
2 70
2 199
2 10
2 173
2 83
2 149
2 23
2 24
2 91
2 156
2 29
2 94
2 31
2 160
2 98
2 99
2 166
2 106
2 45
2 110
2 50
2 115
2 52
2 117
2 54
2 57
2 124
3 64
3 66
3 195
3 196
3 6
3 9
3 142
3 15
3 85
3 86
3 95
3 176
3 162
3 100
3 165
3 38
3 171
3 108
3 112
3 113
3 179
3 55
3 187
3 134
4 157
4 129
4 36
4 7
4 155
4 125
4 158
4 141
5 192
5 198
5 7
5 8
5 78
5 81
5 23
5 153
5 27
5 97
5 102
5 39
5 107
5 44
5 178
5 180
5 53
5 182
5 61
6 133
6 138
6 12
6 17
6 20
6 150
6 23
6 24
6 29
6 31
6 160
6 173
6 174
6 52
6 182
6 184
6 159
6 189
6 62
6 63
6 66
6 195
6 70
6 199
6 75
6 90
6 91
6 94
6 97
6 98
6 100
6 106
6 110
6 124
7 131
7 135
7 139
7 14
7 16
7 21
7 22
7 23
7 26
7 29
7 158
7 160
7 36
7 166
7 39
7 41
7 170
7 178
7 47
7 177
7 52
7 57
7 59
7 61
7 72
7 77
7 79
7 80
7 83
7 92
7 97
7 105
7 167
7 117
7 169
7 120
7 124
8 130
8 136
8 172
8 11
8 13
8 194
8 79
8 16
8 81
8 18
8 84
8 153
8 25
8 154
8 27
8 29
8 96
8 101
8 102
8 177
8 41
8 42
8 44
8 146
8 49
8 114
8 53
8 105
8 120
8 58
8 59
8 127
9 162
9 38
9 113
9 12
9 171
9 17
9 55
10 64
10 132
10 128
10 20
10 174
10 24
10 90
10 93
10 94
10 95
10 33
10 99
10 106
10 173
10 46
10 115
10 54
10 148
10 31
10 189
11 145
11 146
11 19
11 87
11 154
11 29
11 34
11 163
11 39
11 104
11 116
11 53
12 123
12 38
12 73
12 138
12 108
12 142
12 15
12 17
12 195
12 134
12 106
12 126
12 69
13 35
13 79
13 182
13 23
13 120
14 194
14 67
14 136
14 144
14 19
14 84
14 25
14 29
14 164
14 103
14 42
14 71
14 114
14 49
14 178
14 183
14 127
15 66
15 69
15 73
15 142
15 17
15 195
15 85
15 86
15 91
15 95
15 165
15 134
15 38
15 106
15 176
15 119
15 123
16 74
16 75
16 140
16 143
16 18
16 83
16 23
16 29
16 32
16 41
16 43
16 172
16 178
16 50
16 51
16 182
16 105
16 186
17 162
17 195
17 38
17 113
17 106
17 171
17 142
17 108
17 85
17 55
17 91
17 70
17 138
17 126
17 69
18 182
18 199
18 75
18 184
18 82
18 83
18 22
18 23
18 88
18 197
18 160
18 97
18 35
18 172
18 52
18 117
18 118
18 121
18 120
18 57
18 188
18 191
19 67
19 137
19 146
19 139
19 89
19 26
19 161
19 34
19 163
19 164
19 39
19 104
19 44
19 109
19 48
19 168
19 114
19 116
19 185
19 58
19 61
19 190
19 127
20 64
20 70
20 199
20 128
20 147
20 110
20 90
20 91
20 28
20 95
20 160
20 33
20 99
20 166
20 106
20 46
20 174
20 189
20 50
20 115
20 52
20 117
20 54
20 123
20 138
20 134
20 149
21 192
21 139
21 78
21 26
21 103
21 58
21 32
21 101
21 39
21 43
21 109
21 111
21 178
21 53
21 186
22 138
22 139
22 173
22 152
22 150
22 24
22 26
22 156
22 28
22 161
22 34
22 163
22 198
22 168
22 41
22 44
22 45
22 175
22 48
22 50
22 180
22 53
22 183
22 60
22 191
22 70
22 71
22 82
22 83
22 91
22 93
22 97
22 98
22 178
22 106
22 107
22 121
22 122
23 132
23 140
23 173
23 153
23 24
23 25
23 28
23 29
23 31
23 42
23 172
23 45
23 49
23 184
23 63
23 64
23 194
23 70
23 73
23 75
23 78
23 79
23 81
23 88
23 130
23 93
23 95
23 98
23 102
23 103
23 106
23 120
23 122
23 123
24 132
24 150
24 73
24 82
24 83
24 90
24 91
24 156
24 29
24 182
24 97
24 166
24 45
24 174
24 50
24 115
24 117
24 54
24 121
24 123
24 124
24 138
25 97
25 71
25 50
25 83
25 121
25 182
25 57
25 136
26 192
26 65
26 133
26 72
26 139
26 144
26 82
26 27
26 156
26 159
26 32
26 161
26 35
26 37
26 39
26 103
26 170
26 177
26 178
26 83
26 116
26 186
26 59
26 61
26 62
26 191
27 198
27 139
27 80
27 81
27 29
27 133
27 32
27 161
27 102
27 65
27 170
27 159
27 72
27 178
27 53
27 184
27 186
27 61
27 62
28 65
28 151
28 147
28 110
28 93
28 160
28 97
28 33
28 167
28 40
28 199
28 174
28 46
28 29
28 50
28 117
28 182
28 148
28 191
28 189
28 149
29 132
29 133
29 138
29 140
29 130
29 173
29 145
29 150
29 153
29 154
29 31
29 35
29 37
29 41
29 42
29 43
29 44
29 45
29 53
29 182
29 186
29 59
29 188
29 61
29 62
29 63
29 65
29 194
29 71
29 75
29 78
29 79
29 84
29 87
29 91
29 159
29 94
29 144
29 98
29 103
29 105
29 106
29 118
29 120
29 122
29 170
30 131
30 169
30 92
30 158
31 64
31 132
31 73
31 82
31 90
31 91
31 156
31 95
31 97
31 98
31 134
31 106
31 45
31 174
31 121
31 57
32 192
32 65
32 197
32 72
32 74
32 139
32 140
32 79
32 101
32 161
32 35
32 37
32 39
32 168
32 105
32 170
32 43
32 172
32 111
32 177
32 118
32 120
32 58
32 59
32 188
32 143
33 128
33 99
33 45
33 174
33 115
33 93
34 71
34 144
34 82
34 83
34 156
34 96
34 97
34 163
34 37
34 103
34 104
34 44
34 146
34 50
34 191
35 139
35 133
35 137
35 75
35 144
35 184
35 88
35 159
35 161
35 37
35 39
35 41
35 172
35 109
35 182
35 56
35 58
36 129
36 131
36 169
36 135
36 141
36 178
36 158
36 47
36 92
37 78
37 144
37 145
37 83
37 87
37 153
37 103
37 161
37 39
37 104
37 43
37 175
37 168
37 53
37 186
38 64
38 66
38 134
38 73
38 55
38 85
38 86
38 95
38 176
38 187
38 100
38 165
38 171
38 112
38 113
38 179
38 76
38 123
38 126
39 192
39 96
39 139
39 198
39 144
39 81
39 146
39 43
39 153
39 154
39 161
39 102
39 168
39 107
39 44
39 175
39 178
39 116
39 53
39 180
39 186
39 60
40 128
40 45
40 189
40 115
40 54
40 93
41 97
41 178
41 105
41 43
41 82
41 50
41 83
41 121
41 120
41 186
41 191
42 130
42 71
42 87
42 194
42 145
42 83
42 84
42 149
42 166
42 167
42 199
42 110
42 48
42 52
42 117
42 182
42 183
42 151
43 192
43 75
43 133
43 65
43 96
43 143
43 79
43 184
43 146
43 83
43 139
43 154
43 88
43 101
43 170
43 103
43 44
43 111
43 50
43 51
43 56
43 58
43 159
44 71
44 74
44 75
44 78
44 145
44 87
44 88
44 133
44 160
44 163
44 166
44 65
44 110
44 52
44 117
44 116
44 159
44 124
44 62
45 128
45 132
45 150
45 97
45 151
45 182
45 82
45 147
45 90
45 156
45 94
45 166
45 199
45 173
45 46
45 50
45 115
45 52
45 117
45 54
45 122
45 189
45 149
46 147
46 99
46 148
46 174
46 93
47 129
47 68
47 169
47 135
47 77
47 141
47 178
47 155
47 157
47 158
48 130
48 67
48 71
48 194
48 144
48 145
48 82
48 84
48 87
48 156
48 96
48 97
48 163
48 166
48 103
48 50
48 116
48 57
48 183
48 185
48 191
48 117
49 136
49 182
49 71
50 132
50 150
50 138
50 145
50 146
50 144
50 156
50 161
50 163
50 168
50 178
50 183
50 191
50 194
50 70
50 71
50 73
50 79
50 82
50 83
50 84
50 91
50 93
50 96
50 97
50 103
50 104
50 105
50 106
50 121
50 123
51 139
51 197
51 65
51 184
51 74
51 140
51 79
51 120
51 88
51 143
51 168
51 105
51 109
51 118
51 56
51 188
51 61
51 62
52 194
52 138
52 139
52 130
52 150
52 121
52 91
52 93
52 84
52 97
52 124
52 71
52 57
52 123
52 151
53 192
53 75
53 177
53 78
53 80
53 184
53 139
53 88
53 153
53 154
53 156
53 101
53 96
53 97
53 133
53 144
53 159
53 146
53 72
53 56
53 57
53 61
53 191
54 64
54 128
54 173
54 94
54 98
54 115
54 122
54 123
54 63
55 113
55 108
55 142
55 112
55 187
55 126
56 192
56 65
56 133
56 137
56 109
56 143
56 89
56 186
56 62
57 150
57 134
57 138
57 145
57 149
57 151
57 156
57 160
57 166
57 167
57 173
57 178
57 183
57 63
57 70
57 199
57 73
57 82
57 87
57 91
57 93
57 94
57 95
57 97
57 102
57 104
57 106
57 191
57 110
57 121
57 123
57 124
58 192
58 101
58 193
58 109
58 111
58 89
58 184
58 88
58 186
58 181
59 133
59 139
59 153
59 159
59 161
59 65
59 168
59 170
59 177
59 178
59 116
59 60
60 65
60 139
60 199
60 103
60 75
60 143
60 80
60 149
60 151
60 161
60 166
60 167
60 191
60 175
60 177
60 116
60 61
60 117
61 65
61 139
61 72
61 74
61 75
61 78
61 143
61 80
61 81
61 88
61 153
61 133
61 161
61 102
61 170
61 107
61 175
61 178
61 116
61 180
61 159
61 62
62 64
62 133
62 65
62 72
62 73
62 75
62 79
62 80
62 184
62 193
62 170
62 88
62 182
62 95
62 70
62 106
62 181
62 118
62 137
62 186
62 159
62 188
62 134
63 64
63 132
63 182
63 199
63 73
63 128
63 151
63 149
63 90
63 91
63 156
63 95
63 160
63 97
63 99
63 134
63 166
63 167
63 106
63 110
63 174
63 115
63 121
63 124
63 138
64 128
64 132
64 133
64 134
64 75
64 88
64 90
64 182
64 97
64 98
64 99
64 100
64 106
64 174
64 115
64 122
64 159
65 139
65 133
65 72
65 74
65 75
65 143
65 175
65 79
65 184
65 88
65 89
65 159
65 161
65 197
65 168
65 188
65 170
65 109
65 93
65 177
65 118
65 186
66 100
66 106
66 195
66 119
66 91
66 138
66 165
67 164
67 166
67 114
67 117
67 183
67 116
67 185
69 176
69 195
69 112
69 187
70 132
70 156
70 160
70 182
70 184
70 199
70 73
70 75
70 82
70 88
70 91
70 95
70 97
70 99
70 106
70 110
71 130
71 199
71 136
71 151
71 194
71 145
71 84
71 149
71 87
71 156
71 160
71 103
71 104
71 167
71 110
71 117
71 121
71 124
71 183
72 133
72 75
72 178
72 116
72 159
73 128
73 133
73 151
73 160
73 174
73 182
73 184
73 159
73 199
73 83
73 88
73 90
73 97
73 98
73 99
73 100
73 166
73 110
73 115
73 117
73 123
73 124
74 139
74 197
74 161
74 105
74 143
74 118
74 120
74 186
74 188
75 133
75 138
75 139
75 143
75 188
75 88
75 182
75 95
75 80
75 197
75 168
75 161
75 106
75 175
75 118
75 134
75 186
75 159
76 112
76 113
76 119
76 187
77 135
77 158
78 192
78 198
78 144
78 81
78 82
78 103
78 156
78 97
78 102
78 177
78 182
78 121
79 133
79 143
79 88
79 83
79 159
79 172
79 182
79 184
80 161
80 139
80 133
80 168
80 170
80 184
80 178
80 88
80 159
81 97
81 170
81 82
81 121
81 182
81 152
81 153
81 156
82 138
82 173
82 150
82 152
82 153
82 156
82 160
82 163
82 198
82 180
82 191
82 199
82 83
82 87
82 91
82 94
82 102
82 178
82 106
82 107
82 110
82 121
82 123
83 150
83 138
83 130
83 145
83 156
83 154
83 161
83 164
83 168
83 178
83 175
83 183
83 186
83 188
83 194
83 197
83 97
83 84
83 87
83 91
83 144
83 104
83 106
83 118
83 120
83 123
83 127
84 160
84 194
84 183
84 110
84 182
84 199
84 117
85 176
85 113
85 108
85 112
85 187
86 100
86 165
86 195
87 145
87 156
87 96
87 97
87 183
87 121
88 133
88 138
88 140
88 182
88 184
88 159
88 95
88 105
88 106
88 111
88 143
88 134
88 120
89 133
89 109
89 116
89 159
90 128
90 173
90 147
90 174
90 94
90 95
90 98
90 99
90 123
90 148
91 132
91 138
91 150
91 156
91 160
91 166
91 173
91 189
91 191
91 195
91 94
91 97
91 99
91 106
91 121
91 123
91 124
92 129
92 178
92 158
92 169
92 155
92 141
92 157
93 151
93 147
93 148
93 110
93 128
93 160
93 97
93 99
93 166
93 167
93 199
93 115
93 117
93 182
93 121
93 191
93 189
93 149
94 128
94 173
94 95
94 97
94 98
94 99
94 115
94 121
94 122
94 138
95 132
95 195
95 99
95 134
95 106
95 174
95 121
95 184
95 122
96 145
96 183
96 146
96 163
96 116
96 104
96 154
96 186
97 132
97 138
97 173
97 145
97 153
97 150
97 160
97 163
97 166
97 183
97 199
97 98
97 178
97 104
97 191
97 110
97 117
97 121
97 122
97 123
97 124
98 132
98 182
98 128
98 123
98 134
98 173
98 174
98 115
98 122
98 191
99 132
99 147
99 174
99 150
99 134
99 106
99 173
99 189
99 115
99 148
99 138
100 171
100 108
100 162
100 176
100 123
100 126
100 165
101 109
101 111
101 184
101 186
102 180
102 198
102 170
102 107
102 121
102 156
102 153
103 192
103 139
103 144
103 153
103 104
103 168
103 182
103 186
104 163
104 146
104 116
104 121
104 183
105 140
105 178
105 143
105 184
105 120
106 132
106 156
106 160
106 134
106 182
106 184
106 159
106 195
106 199
106 110
106 117
106 121
106 122
106 191
106 124
107 198
107 170
107 180
107 152
108 176
108 119
108 112
108 187
108 126
109 159
109 111
109 116
109 143
109 133
110 160
110 132
110 161
110 139
110 194
110 150
110 121
110 199
110 175
110 123
111 192
111 186
111 184
112 142
112 176
113 162
113 171
113 176
113 126
114 164
114 167
114 116
114 149
114 151
114 185
114 124
114 190
115 132
115 173
115 128
115 123
116 193
116 130
116 137
116 145
116 146
116 139
116 161
116 164
116 177
116 168
116 183
116 190
116 127
117 132
117 127
117 138
117 139
117 194
117 161
117 150
117 121
117 151
117 164
117 166
117 168
117 124
117 175
117 178
117 185
117 123
117 190
118 133
118 159
118 172
118 184
118 186
118 188
119 195
119 142
120 172
120 140
120 143
120 184
120 178
120 182
121 134
121 138
121 145
121 149
121 150
121 151
121 156
121 166
121 199
121 183
121 191
121 153
121 122
121 123
121 124
122 128
122 123
122 182
123 132
123 133
123 138
123 149
123 156
123 160
123 166
123 167
123 174
123 184
123 182
123 199
123 124
124 132
124 138
124 139
124 150
124 127
124 178
124 151
125 129
125 178
125 155
125 141
125 158
126 142
127 166
127 151
127 149
128 173
128 174
129 157
129 169
129 158
129 141
130 160
130 182
130 183
131 158
131 169
131 157
132 151
132 173
132 149
132 150
132 156
132 134
132 166
132 167
132 182
133 197
133 184
133 193
133 159
133 170
133 137
133 186
133 188
133 181
134 195
134 173
134 182
134 184
135 178
135 157
135 158
137 181
137 159
138 199
138 149
138 156
138 160
138 191
138 167
138 173
138 184
138 189
139 144
139 149
139 161
139 168
139 170
139 175
139 177
139 178
139 184
139 186
139 191
139 192
139 199
139 167
139 160
140 143
140 182
140 184
141 157
141 169
141 155
141 158
142 176
142 195
142 187
143 197
143 188
143 184
143 161
143 168
143 186
144 145
144 153
144 183
144 163
145 156
145 146
146 183
146 154
146 186
147 148
147 174
148 174
149 178
149 161
149 151
149 167
149 168
149 175
150 199
150 151
150 156
150 160
150 191
151 161
151 166
151 167
151 168
151 175
152 198
152 191
152 180
152 153
152 156
152 182
153 198
153 156
153 177
154 186
156 173
156 160
156 163
156 198
156 191
156 180
156 183
157 158
158 169
158 178
159 193
159 170
159 197
159 177
159 186
159 181
160 161
160 199
160 183
161 166
161 167
161 168
161 170
161 177
161 191
162 171
163 183
163 191
164 166
164 185
164 190
165 196
165 179
165 195
166 168
166 175
166 183
166 190
167 168
167 178
167 175
168 177
168 191
169 178
170 177
170 180
170 186
172 182
172 188
172 197
173 182
173 174
173 191
175 199
178 191
178 192
179 196
180 191
182 198
182 194
183 194
183 199
183 190
184 188
185 190
186 192
186 197
186 188
188 197
191 198
