0 131
0 196
0 65
0 10
0 77
0 82
0 88
0 89
0 157
0 99
0 36
0 41
0 107
0 108
0 45
0 136
0 117
0 57
0 60
1 128
1 181
1 194
1 68
1 133
1 6
1 10
1 16
1 81
1 83
1 147
1 25
1 96
1 164
1 37
1 38
1 105
1 108
1 45
1 19
1 53
1 186
1 74
2 3
2 4
2 7
2 140
2 13
2 14
2 20
2 22
2 23
2 154
2 156
2 26
2 30
2 35
2 39
2 40
2 43
2 173
2 49
2 51
2 55
2 192
2 75
2 78
2 79
2 87
2 100
2 111
3 193
3 75
3 140
3 66
3 17
3 18
3 163
3 20
3 22
3 153
3 155
3 94
3 95
3 32
3 191
3 35
3 127
3 173
3 111
3 30
3 55
3 185
3 119
3 190
3 63
4 198
4 8
4 139
4 66
4 13
4 145
4 154
4 155
4 95
4 163
4 17
4 168
4 15
4 44
4 111
4 113
4 125
5 35
5 69
5 9
5 43
5 172
5 110
5 47
5 177
5 158
5 150
5 23
5 61
5 62
5 63
6 65
6 72
6 77
6 25
6 89
6 90
6 93
6 33
6 98
6 36
6 41
6 107
6 108
6 29
6 48
6 157
6 50
6 117
6 182
6 186
6 59
7 64
7 118
7 73
7 138
7 78
7 144
7 85
7 22
7 23
7 24
7 91
7 32
7 34
7 35
7 166
7 169
7 43
7 44
7 173
7 46
7 176
7 114
7 115
7 155
7 120
7 191
7 61
7 63
8 198
8 139
8 13
8 14
8 15
8 18
8 148
8 21
8 87
8 79
8 156
8 78
8 95
8 32
8 162
8 100
8 166
8 44
8 109
8 175
8 113
8 118
8 56
8 121
8 191
9 64
9 71
9 172
9 80
9 46
9 150
9 27
9 199
9 69
9 165
9 104
9 43
9 159
9 110
9 47
9 116
9 120
9 180
9 58
9 123
10 130
10 67
10 65
10 72
10 76
10 141
10 161
10 16
10 124
10 82
10 86
10 152
10 90
10 167
10 33
10 99
10 36
10 37
10 97
10 112
10 42
10 107
10 108
10 146
10 93
10 48
10 136
10 117
10 57
10 186
10 60
11 16
11 189
11 37
11 102
11 77
12 192
12 184
12 75
12 145
12 163
12 149
12 23
12 154
12 155
12 35
12 17
12 168
12 170
12 43
12 44
12 111
12 49
12 118
12 119
12 56
12 87
12 125
12 63
13 192
13 198
13 113
13 139
13 66
13 78
13 15
13 148
13 154
13 79
13 156
13 155
13 17
13 170
13 109
13 111
13 49
13 119
13 184
13 125
13 149
14 155
14 100
14 170
14 139
14 173
14 78
14 79
14 148
14 149
14 184
14 121
14 156
15 134
15 79
15 148
15 78
15 30
15 95
15 32
15 162
15 163
15 100
15 198
15 166
15 40
15 170
15 43
15 44
15 109
15 56
15 63
16 128
16 76
16 77
16 124
16 83
16 25
16 31
16 33
16 164
16 37
16 105
16 108
16 189
16 48
16 50
16 117
16 183
16 57
16 186
16 60
16 102
17 66
17 179
17 18
17 20
17 153
17 26
17 28
17 160
17 49
17 106
17 171
17 113
17 178
17 51
17 119
17 56
17 185
17 122
17 188
17 190
17 127
18 134
18 78
18 163
18 171
18 22
18 26
18 28
18 95
18 162
18 35
18 166
18 40
18 106
18 43
18 191
18 175
18 127
18 63
19 132
19 67
19 68
19 133
19 181
19 65
19 72
19 74
19 76
19 194
19 142
19 81
19 82
19 147
19 86
19 89
19 93
19 197
19 96
19 112
19 161
19 37
19 195
19 103
19 124
19 107
19 108
19 146
19 29
19 48
19 53
19 182
19 186
19 187
19 60
19 117
20 134
20 145
20 23
20 153
20 26
20 155
20 30
20 160
20 35
20 39
20 40
20 168
20 178
20 179
20 52
20 122
20 188
20 125
20 190
21 32
21 163
21 170
21 139
21 109
21 78
21 79
21 148
21 184
21 121
21 191
21 95
22 32
22 35
22 163
22 43
22 173
22 78
22 155
22 23
22 191
22 122
22 95
22 28
22 63
23 129
23 172
23 151
23 144
23 149
23 150
23 24
23 153
23 26
23 27
23 28
23 30
23 159
23 155
23 165
23 39
23 40
23 169
23 170
23 171
23 44
23 46
23 47
23 176
23 51
23 52
23 158
23 55
23 56
23 180
23 58
23 62
23 64
23 69
23 70
23 199
23 163
23 84
23 85
23 87
23 137
23 95
23 101
23 104
23 110
23 114
23 115
23 185
23 190
23 120
23 121
23 126
23 127
24 64
24 73
24 84
24 71
24 27
24 199
24 35
24 165
24 104
24 43
24 114
24 46
24 47
24 176
24 91
24 116
24 180
24 62
24 63
25 128
25 65
25 72
25 183
25 77
25 83
25 89
25 90
25 93
25 98
25 41
25 107
25 108
25 29
25 48
25 50
25 117
25 182
25 105
25 57
25 186
25 59
26 145
26 139
26 66
26 78
26 163
26 153
26 154
26 155
26 28
26 95
26 35
26 39
26 40
26 173
26 168
26 51
26 52
26 55
26 122
26 127
26 125
26 63
27 34
27 158
27 150
27 138
27 110
27 180
27 73
28 192
28 193
28 179
28 134
28 145
28 75
28 140
28 66
28 155
28 154
28 94
28 160
28 35
28 39
28 168
28 171
28 111
28 49
28 178
28 51
28 52
28 185
28 122
28 127
28 188
28 125
28 63
29 197
29 136
29 76
29 81
29 146
29 147
29 86
29 90
29 92
29 31
29 96
29 161
29 98
29 187
29 41
29 107
29 50
29 83
29 53
29 105
29 59
29 189
30 160
30 134
30 139
30 78
30 149
30 153
30 155
30 185
30 95
30 32
30 163
30 198
30 106
30 171
30 179
30 184
30 121
30 191
30 188
30 190
30 127
31 33
31 107
31 102
31 65
31 72
31 41
31 108
31 189
31 89
31 124
32 134
32 139
32 148
32 79
32 100
32 166
32 39
32 43
32 78
32 109
32 175
32 52
32 55
32 191
33 181
33 194
33 67
33 68
33 133
33 161
33 76
33 82
33 86
33 88
33 132
33 96
33 112
33 164
33 37
33 108
33 45
33 174
33 48
33 83
33 53
33 183
33 187
33 60
33 74
33 146
34 35
34 69
34 138
34 199
34 91
34 62
35 134
35 137
35 138
35 144
35 43
35 171
35 151
35 153
35 159
35 160
35 155
35 165
35 135
35 44
35 173
35 46
35 177
35 178
35 180
35 54
35 56
35 185
35 188
35 64
35 71
35 163
35 85
35 87
35 91
35 199
35 95
35 101
35 115
35 118
35 120
35 126
35 127
36 65
36 131
36 196
36 136
36 77
36 141
36 152
36 83
36 88
36 90
36 157
36 164
36 38
36 105
36 174
36 50
36 57
36 59
36 60
37 67
37 132
37 161
37 76
37 143
37 82
37 86
37 92
37 102
37 103
37 108
37 146
37 124
37 48
37 53
37 186
37 187
37 195
37 189
37 117
38 72
38 77
38 89
38 157
38 41
38 108
38 174
38 117
38 182
38 105
38 57
38 186
39 193
39 75
39 140
39 66
39 78
39 155
39 162
39 166
39 40
39 171
39 173
39 175
39 49
39 51
39 119
39 185
39 122
39 191
39 127
40 134
40 139
40 78
40 149
40 153
40 155
40 162
40 166
40 106
40 171
40 173
40 175
40 51
40 185
40 170
40 190
40 127
41 128
41 132
41 136
41 142
41 147
41 196
41 164
41 167
41 42
41 45
41 174
41 50
41 53
41 182
41 183
41 59
41 189
41 181
41 65
41 194
41 67
41 68
41 74
41 81
41 83
41 88
41 89
41 90
41 93
41 96
41 98
41 102
41 105
41 107
42 97
42 167
42 88
43 129
43 139
43 144
43 151
43 155
43 150
43 162
43 165
43 166
43 44
43 46
43 175
43 176
43 177
43 172
43 158
43 54
43 137
43 184
43 61
43 62
43 63
43 64
43 69
43 198
43 78
43 80
43 163
43 84
43 85
43 95
43 101
43 104
43 106
43 110
43 114
43 115
43 122
43 191
44 155
44 198
44 173
44 113
44 163
44 139
44 184
44 95
44 63
45 130
45 196
45 97
45 136
45 167
45 108
45 141
45 48
45 152
45 117
45 57
46 64
46 70
46 151
46 80
46 84
46 150
46 135
46 158
46 165
46 144
46 101
46 104
46 172
46 110
46 47
46 176
46 177
46 115
46 116
46 54
46 73
46 120
46 137
46 58
46 123
46 62
46 63
47 64
47 129
47 71
47 151
47 85
47 150
47 135
47 158
47 69
47 165
47 101
47 172
47 110
47 176
47 114
47 115
47 180
47 73
47 120
47 58
47 159
47 126
48 128
48 67
48 68
48 133
48 143
48 81
48 146
48 86
48 92
48 96
48 195
48 103
48 105
48 108
48 124
48 112
48 183
48 186
48 187
48 60
48 117
49 192
49 193
49 75
49 140
49 145
49 154
49 94
49 168
49 111
49 125
50 128
50 65
50 131
50 77
50 83
50 89
50 90
50 93
50 99
50 107
50 108
50 157
50 183
50 57
50 59
51 192
51 193
51 139
51 198
51 145
51 75
51 140
51 66
51 149
51 155
51 94
51 95
51 163
51 170
51 173
51 111
51 119
51 184
51 121
51 125
52 162
52 139
52 166
52 55
52 78
52 175
52 190
52 153
52 185
52 127
53 67
53 132
53 72
53 90
53 92
53 93
53 195
53 107
53 108
53 117
53 182
53 186
53 187
53 124
54 129
54 135
54 177
54 84
54 110
54 150
54 137
54 120
54 58
54 123
55 166
55 134
55 171
55 173
55 78
55 163
55 155
55 153
55 122
55 190
55 191
56 139
56 66
56 149
56 184
56 95
56 63
57 65
57 131
57 77
57 141
57 152
57 83
57 164
57 88
57 89
57 93
57 99
57 105
57 174
57 157
57 60
58 129
58 69
58 70
58 135
58 151
58 144
58 84
58 110
58 150
58 158
58 101
58 104
58 172
58 176
58 115
58 137
58 120
58 62
58 63
59 98
59 99
59 72
59 107
59 108
59 77
59 157
59 131
59 182
59 90
60 65
60 67
60 197
60 161
60 136
60 76
60 77
60 142
60 141
60 81
60 82
60 86
60 152
60 92
60 157
60 99
60 112
60 107
60 108
60 146
60 93
60 147
60 131
60 124
61 129
61 69
61 80
61 84
61 150
61 135
61 104
61 110
61 177
61 116
61 123
61 85
62 64
62 129
62 70
62 199
62 73
62 138
62 84
62 91
62 69
62 101
62 169
62 180
62 159
62 126
62 63
63 129
63 134
63 137
63 139
63 144
63 171
63 149
63 151
63 153
63 159
63 198
63 169
63 170
63 176
63 178
63 179
63 185
63 64
63 70
63 73
63 184
63 85
63 87
63 91
63 135
63 106
63 114
63 115
63 190
63 118
63 120
63 121
63 122
63 126
63 127
64 70
64 151
64 144
64 110
64 150
64 91
64 158
64 101
64 169
64 172
64 176
64 114
64 73
65 67
65 68
65 133
65 136
65 77
65 141
65 81
65 92
65 157
65 102
65 195
65 131
65 105
65 189
66 179
66 134
66 87
66 154
66 155
66 160
66 168
66 106
66 113
66 118
66 122
66 188
66 125
67 194
67 195
67 132
67 133
67 76
67 142
67 81
67 89
67 68
67 93
67 197
67 96
67 147
67 187
67 124
67 74
67 181
68 194
68 133
68 72
68 76
68 161
68 143
68 86
68 89
68 92
68 93
68 195
68 103
68 108
68 112
68 117
68 182
68 186
68 181
69 70
69 71
69 138
69 151
69 80
69 84
69 85
69 150
69 91
69 158
69 101
69 104
69 169
69 172
69 110
69 176
69 177
69 114
69 115
69 116
69 126
69 73
69 180
69 123
70 129
70 73
70 138
70 151
70 126
70 80
70 84
70 91
70 144
70 110
70 176
70 115
70 123
70 85
71 110
71 180
71 91
71 150
71 158
71 169
72 128
72 132
72 131
72 136
72 183
72 143
72 98
72 187
72 164
72 102
72 103
72 107
72 182
72 105
72 189
73 80
73 110
73 151
73 91
73 158
73 159
73 144
73 101
73 165
73 104
73 169
73 199
73 172
73 180
73 126
74 197
74 142
74 81
74 147
74 92
74 96
74 195
74 107
74 108
74 186
75 193
75 140
75 173
75 87
75 155
75 94
76 133
76 142
76 82
76 86
76 92
76 197
76 195
76 107
76 108
76 112
76 147
76 124
77 130
77 131
77 136
77 141
77 164
77 98
77 167
77 105
77 174
77 183
78 160
78 134
78 139
78 173
78 148
78 155
78 156
78 95
78 163
78 100
78 106
78 109
78 113
78 178
78 179
78 121
78 122
78 188
78 170
78 149
79 198
79 173
79 148
79 149
79 155
79 95
79 162
79 163
79 100
79 166
79 170
79 109
79 175
79 184
79 121
79 191
80 129
80 177
80 84
80 150
80 137
80 120
80 116
80 123
80 169
81 194
81 92
81 93
81 195
81 107
81 147
81 117
81 186
81 181
82 136
82 108
82 141
82 124
83 131
83 107
83 108
83 117
83 186
84 135
84 137
84 110
84 158
84 101
84 104
84 169
84 172
84 176
84 177
84 114
84 116
84 123
85 144
85 150
85 151
85 158
85 101
85 169
85 172
85 110
85 176
85 177
85 114
85 115
86 124
86 107
86 133
87 192
87 140
87 111
87 145
87 173
87 118
87 154
87 168
87 125
87 94
88 97
88 130
88 99
88 196
88 136
88 167
88 131
88 117
88 152
88 157
89 132
89 133
89 136
89 183
89 143
89 152
89 92
89 93
89 96
89 164
89 102
89 103
89 174
89 181
89 105
89 187
89 189
89 195
90 131
90 132
90 143
90 98
90 99
90 107
90 157
90 187
90 182
90 105
91 138
91 180
91 126
91 151
91 169
91 101
92 194
92 132
92 133
92 181
92 142
92 143
92 93
92 197
92 96
92 195
92 103
92 107
92 147
92 186
92 117
93 133
93 142
93 143
93 197
93 195
93 147
94 193
94 140
94 119
95 184
95 163
95 162
95 166
95 106
95 109
95 175
95 113
95 155
95 122
96 194
96 133
96 142
96 147
96 197
96 195
96 107
96 117
96 186
96 181
97 130
97 196
97 167
98 99
98 107
98 108
98 157
99 131
99 164
99 136
99 105
99 128
99 196
99 183
100 155
100 198
100 166
100 139
100 173
100 175
100 156
100 149
101 129
101 151
101 144
101 158
101 165
101 172
101 110
101 176
101 114
102 189
102 124
102 182
103 195
103 124
103 107
103 143
103 182
103 187
103 133
104 129
104 135
104 177
104 150
104 169
105 128
105 131
105 107
105 108
105 174
105 157
105 117
105 182
105 183
106 192
106 171
106 134
106 160
106 163
106 178
106 179
106 188
107 194
107 195
107 132
107 143
107 146
107 147
107 161
107 187
107 189
107 112
107 136
107 182
107 181
108 132
108 136
108 181
108 141
108 194
108 124
108 152
108 128
108 187
108 174
108 189
108 183
108 117
109 149
109 162
109 163
109 198
109 166
109 139
109 148
109 184
109 191
110 129
110 151
110 144
110 150
110 137
110 199
110 135
110 158
110 165
110 169
110 172
110 176
110 177
110 115
110 180
110 120
110 159
110 126
111 192
111 145
111 154
111 168
111 171
111 173
111 185
111 125
112 133
113 170
113 125
113 149
113 119
113 184
113 121
113 155
114 151
114 144
114 158
114 169
114 176
114 115
115 144
115 158
115 169
115 172
115 176
116 129
116 177
116 120
116 150
116 137
117 132
117 195
117 133
117 194
117 142
117 196
117 152
117 128
117 197
117 174
117 183
117 186
117 187
117 124
117 181
118 140
118 168
118 173
118 145
118 155
118 125
119 160
119 193
119 179
119 134
119 140
119 178
119 122
119 188
120 129
120 150
120 158
120 135
120 177
121 149
121 148
121 156
121 163
121 170
121 184
122 139
122 198
122 145
122 171
122 153
122 154
122 163
122 185
122 127
122 125
122 190
123 129
123 135
123 177
123 137
123 169
123 150
124 132
124 197
124 142
124 143
124 186
124 187
124 189
125 153
125 155
125 168
125 171
125 127
126 159
126 158
126 150
126 169
127 192
127 171
127 168
127 178
127 185
127 188
128 183
128 182
128 186
128 157
129 135
129 137
129 151
129 158
129 169
129 177
130 196
131 196
131 141
131 152
131 157
131 136
131 182
131 183
132 143
132 195
132 182
132 187
133 194
133 161
133 143
133 146
133 195
133 186
133 181
134 198
134 139
134 153
134 162
134 166
134 175
134 178
134 179
134 191
134 188
134 190
135 137
135 172
135 158
136 196
136 141
136 152
136 182
137 158
138 199
138 169
139 148
139 191
139 156
139 162
139 163
139 198
139 166
139 175
140 193
140 173
140 155
141 152
141 196
142 197
142 181
143 195
143 182
143 187
144 158
144 165
144 169
144 172
145 192
145 154
145 155
145 168
147 194
147 195
148 149
148 162
148 163
148 166
148 184
148 175
148 156
149 184
149 156
149 163
149 170
150 199
150 158
150 165
150 172
150 177
151 165
151 172
152 196
152 157
153 190
154 192
154 155
154 171
154 173
154 185
155 192
155 163
155 156
155 168
156 163
156 198
156 173
156 184
156 170
157 196
157 164
157 174
157 183
158 165
158 172
158 176
158 180
159 172
160 188
160 171
160 179
162 163
162 198
162 175
163 198
163 166
163 184
164 182
164 186
165 169
165 172
165 176
166 198
167 196
168 192
168 171
168 173
168 185
169 180
170 198
170 184
171 192
171 178
171 179
171 185
171 188
172 180
173 192
175 191
179 188
181 195
181 197
182 183
182 187
182 189
185 192
185 188
186 194
186 195
186 187
194 195
