0 5
0 135
0 73
0 10
0 87
0 14
0 15
0 16
0 145
0 19
0 20
0 152
0 90
0 95
0 112
0 35
0 36
0 38
0 107
0 44
0 47
0 48
0 178
0 179
0 74
0 126
0 176
0 59
0 61
0 191
1 11
1 5
1 12
1 14
1 80
1 86
1 28
1 29
1 30
1 31
1 160
1 171
1 108
1 46
1 94
1 137
1 188
1 183
1 127
2 156
2 199
2 45
2 48
2 49
2 60
3 4
3 22
3 11
3 13
3 14
3 143
3 146
3 150
3 153
3 26
3 111
3 29
3 30
3 31
3 37
3 166
3 43
3 173
3 177
3 55
3 64
3 66
3 139
3 68
3 75
3 81
3 88
3 99
3 102
3 104
3 154
3 114
3 115
3 121
4 128
4 66
4 197
4 139
4 13
4 88
4 153
4 26
4 93
4 31
4 37
4 168
4 43
4 172
4 173
4 111
4 177
4 55
4 121
4 123
5 6
5 129
5 136
5 141
5 15
5 18
5 19
5 20
5 21
5 30
5 159
5 32
5 34
5 39
5 169
5 135
5 47
5 176
5 49
5 50
5 179
5 181
5 182
5 56
5 138
5 62
5 195
5 196
5 70
5 162
5 78
5 79
5 81
5 83
5 95
5 96
5 109
5 61
5 147
5 189
5 119
5 120
5 148
5 126
5 149
6 128
6 130
6 135
6 12
6 13
6 15
6 147
6 85
6 185
6 153
6 26
6 99
6 100
6 37
6 105
6 114
6 110
6 112
6 177
6 183
6 121
6 123
7 193
7 171
7 135
7 9
7 10
7 15
7 146
7 21
7 87
7 100
7 29
7 97
7 34
7 36
7 38
7 39
7 110
7 108
7 109
7 46
7 174
7 112
7 56
7 85
8 64
8 65
8 66
8 75
8 139
8 172
8 72
8 137
8 11
8 76
8 194
8 111
8 163
8 52
8 54
8 180
8 154
8 187
8 30
9 10
9 12
9 17
9 148
9 174
9 160
9 34
9 35
9 38
9 41
9 42
9 171
9 44
9 46
9 49
9 56
9 57
9 186
9 188
9 191
9 32
9 69
9 198
9 135
9 80
9 84
9 87
9 91
9 92
9 94
9 97
9 113
9 116
9 169
9 122
9 170
10 129
10 130
10 131
10 12
10 141
10 14
10 19
10 20
10 151
10 24
10 25
10 155
10 28
10 159
10 32
10 33
10 34
10 165
10 38
10 40
10 156
10 43
10 44
10 45
10 176
10 177
10 56
10 185
10 186
10 134
10 191
10 193
10 68
10 140
10 91
10 93
10 148
10 99
10 106
10 112
10 114
10 116
10 117
10 118
10 169
10 121
10 122
10 123
10 124
11 66
11 196
11 182
11 65
11 75
11 143
11 81
11 195
11 139
11 21
11 173
11 154
11 29
11 31
11 163
11 101
11 102
11 167
11 71
11 172
11 109
11 72
11 115
11 180
11 54
12 135
12 148
12 21
12 28
12 29
12 30
12 159
12 34
12 38
12 47
12 56
12 188
12 67
12 196
12 69
12 78
12 80
12 86
12 87
12 94
12 97
12 105
12 109
12 116
12 117
12 118
12 119
12 149
13 128
13 65
13 130
13 197
13 137
13 75
13 76
13 78
13 18
13 19
13 142
13 153
13 26
13 158
13 31
13 161
13 177
13 40
13 173
13 168
13 114
13 51
13 55
13 120
13 121
13 189
13 190
13 127
14 129
14 140
14 141
14 16
14 17
14 20
14 149
14 29
14 31
14 32
14 176
14 34
14 35
14 38
14 41
14 42
14 135
14 45
14 48
14 49
14 181
14 182
14 57
14 58
14 159
14 138
14 196
14 198
14 81
14 91
14 186
14 95
14 131
14 145
14 106
14 109
14 118
14 169
14 148
14 122
14 170
14 126
15 97
15 135
15 104
15 129
15 39
15 109
15 81
15 50
15 83
15 21
15 183
15 28
15 29
15 146
16 140
16 144
16 17
16 18
16 20
16 21
16 24
16 25
16 156
16 29
16 30
16 32
16 33
16 162
16 164
16 165
16 38
16 39
16 45
16 176
16 49
16 178
16 158
16 182
16 184
16 57
16 61
16 190
16 146
16 69
16 70
16 73
16 78
16 81
16 89
16 152
16 95
16 96
16 104
16 107
16 109
16 113
16 117
17 129
17 133
17 135
17 136
17 20
17 149
17 23
17 152
17 25
17 27
17 157
17 159
17 34
17 35
17 36
17 165
17 38
17 39
17 42
17 44
17 178
17 155
17 162
17 56
17 58
17 59
17 61
17 190
17 181
17 192
17 67
17 70
17 73
17 77
17 164
17 184
17 82
17 87
17 89
17 96
17 144
17 98
17 103
17 104
17 107
17 146
17 113
17 118
17 119
17 191
17 126
18 70
18 158
18 161
18 49
18 55
18 120
18 190
19 129
19 136
19 20
19 150
19 23
19 153
19 175
19 157
19 158
19 43
19 47
19 176
19 178
19 179
19 184
19 185
19 62
19 192
19 68
19 89
19 90
19 93
19 95
19 96
19 144
19 99
19 103
19 107
19 114
19 190
19 123
19 124
19 126
20 129
20 49
20 135
20 140
20 45
20 82
20 176
20 159
20 126
20 95
21 65
21 75
21 146
21 193
21 28
21 31
21 35
21 104
21 42
21 109
21 174
21 137
22 66
22 72
22 137
22 139
22 76
22 194
22 146
22 154
22 31
22 101
22 104
22 173
22 111
22 51
22 52
22 187
22 127
23 131
23 73
23 151
23 25
23 91
23 155
23 165
23 106
23 176
23 113
23 178
23 170
23 184
23 186
23 125
24 131
24 132
24 135
24 151
24 155
24 156
24 186
24 159
24 33
24 91
24 165
24 41
24 42
24 48
24 170
24 57
24 122
24 60
24 125
24 63
25 133
25 134
25 152
25 32
25 144
25 35
25 38
25 169
25 106
25 175
25 113
25 117
25 73
25 184
25 57
26 130
26 135
26 142
26 150
26 153
26 68
26 158
26 31
26 161
26 40
26 43
26 47
26 176
26 189
26 114
26 51
26 120
26 121
26 74
26 62
27 131
27 198
27 140
27 82
27 151
27 91
27 186
27 35
27 49
27 41
27 106
27 61
27 113
27 170
27 57
27 122
27 125
28 135
28 141
28 146
28 148
28 149
28 29
28 30
28 159
28 160
28 34
28 38
28 39
28 171
28 44
28 46
28 50
28 181
28 183
28 56
28 58
28 59
28 188
28 191
28 80
28 81
28 83
28 84
28 85
28 86
28 87
28 97
28 104
28 105
28 108
28 112
28 116
28 119
29 193
29 137
29 147
29 30
29 31
29 160
29 173
29 52
29 182
29 187
29 188
29 65
29 196
29 54
29 75
29 76
29 80
29 81
29 83
29 84
29 85
29 94
29 97
29 100
29 105
29 108
29 110
29 112
30 196
30 138
30 81
30 146
30 83
30 84
30 85
30 160
30 100
30 195
30 104
30 108
30 173
30 110
30 112
30 72
30 147
30 53
30 182
30 183
30 188
31 172
31 130
31 137
31 143
31 146
31 195
31 153
31 166
31 39
31 40
31 154
31 173
31 51
31 55
31 185
31 65
31 66
31 139
31 196
31 71
31 75
31 76
31 81
31 83
31 142
31 88
31 93
31 99
31 102
31 167
31 109
31 111
31 114
31 115
31 123
32 134
32 141
32 149
32 159
32 97
32 35
32 36
32 113
32 169
32 117
32 56
32 57
32 59
33 135
33 156
33 199
33 60
33 159
34 97
34 35
34 105
34 135
34 45
34 140
35 129
35 132
35 133
35 140
35 141
35 146
35 148
35 164
35 38
35 39
35 42
35 45
35 175
35 49
35 178
35 56
35 57
35 61
35 62
35 63
35 192
35 73
35 77
35 82
35 87
35 169
35 91
35 98
35 104
35 106
35 107
35 109
35 113
35 116
35 119
35 170
35 149
36 129
36 134
36 140
36 80
36 193
36 84
36 94
36 97
36 38
36 105
36 42
36 108
36 45
36 46
36 49
36 169
36 59
36 188
37 51
37 162
37 70
37 135
37 173
37 142
37 99
37 120
37 189
37 158
38 129
38 131
38 132
38 134
38 141
38 171
38 149
38 155
38 159
38 160
38 165
38 41
38 42
38 135
38 44
38 45
38 46
38 49
38 57
38 186
38 59
38 188
38 63
38 193
38 198
38 140
38 80
38 84
38 86
38 87
38 91
38 94
38 97
38 105
38 106
38 108
38 174
38 113
38 117
38 191
38 170
39 65
39 76
39 75
39 193
39 84
39 173
39 101
39 146
39 97
39 104
39 105
39 42
39 109
39 174
39 51
39 137
39 127
40 135
40 173
40 159
41 175
41 133
41 151
41 141
41 144
41 82
41 170
41 149
41 42
41 107
41 178
41 125
41 113
41 91
41 181
41 118
41 73
41 74
41 62
42 132
42 69
42 134
42 74
42 151
42 140
42 109
42 146
42 87
42 152
42 91
42 92
42 191
42 198
42 104
42 106
42 44
42 45
42 125
42 49
42 117
42 170
42 59
42 61
42 62
42 63
43 128
43 197
43 135
43 142
43 159
43 173
43 176
43 177
43 51
43 121
43 127
44 140
44 80
44 84
44 94
44 159
44 160
44 97
44 171
44 108
44 45
44 46
44 49
44 188
44 191
45 135
45 136
45 141
45 145
45 152
45 157
45 158
45 159
45 161
45 48
45 49
45 181
45 56
45 58
45 60
45 61
45 191
45 67
45 70
45 199
45 162
45 82
45 87
45 89
45 96
45 103
45 116
45 118
45 148
46 171
46 196
46 138
46 80
46 146
46 195
46 84
46 86
46 87
46 104
46 105
46 193
46 135
46 174
46 94
46 59
46 188
46 191
47 73
47 74
47 176
47 90
47 62
48 129
48 145
48 140
48 199
48 60
49 96
49 132
49 70
49 135
49 136
49 140
49 190
49 78
49 87
49 152
49 89
49 158
49 162
49 103
49 169
49 191
49 106
49 199
49 82
49 59
49 60
49 61
49 126
49 63
50 147
50 100
50 135
50 83
50 53
50 182
50 183
50 196
50 79
50 159
51 128
51 197
51 99
51 168
51 142
51 55
51 153
51 123
51 101
51 150
52 163
52 102
52 71
52 72
52 167
52 166
52 115
52 54
52 81
52 101
53 97
53 193
53 110
53 174
53 183
54 65
54 66
54 163
54 81
54 194
54 187
55 128
55 197
55 142
55 153
55 88
55 68
55 168
55 173
55 176
55 121
56 193
56 132
56 134
56 80
56 91
56 69
56 169
56 106
56 135
56 119
56 159
56 188
56 63
57 74
57 82
57 90
57 91
57 92
57 169
57 106
57 155
57 61
57 62
58 135
58 170
58 140
58 92
58 105
58 181
58 118
58 91
58 106
58 159
59 129
59 134
59 160
59 80
59 84
59 87
59 94
59 97
59 105
59 108
59 117
59 169
59 191
60 145
60 199
60 140
61 129
61 140
61 155
61 152
61 165
62 192
62 129
62 175
62 131
62 198
62 73
62 74
62 77
62 186
62 90
62 91
62 92
62 133
62 98
62 164
62 107
62 176
62 178
62 105
62 122
62 170
63 132
63 198
63 135
63 74
63 77
63 141
63 82
63 149
63 151
63 92
63 159
63 98
63 164
63 113
63 125
63 119
63 186
64 66
64 137
64 139
64 88
64 101
64 102
64 173
64 72
64 115
65 66
65 75
65 68
65 182
65 71
65 138
65 143
65 81
65 146
65 195
65 163
65 101
65 102
65 104
65 167
65 109
65 72
65 115
65 166
65 127
66 71
66 137
66 76
66 143
66 75
66 139
66 88
66 154
66 163
66 101
66 102
66 167
66 172
66 111
66 72
66 115
66 180
66 166
67 162
67 70
67 136
67 105
67 103
67 176
67 89
67 157
68 128
68 197
68 135
68 75
68 142
68 88
68 153
68 159
68 168
68 173
68 176
68 177
68 114
68 121
69 135
69 141
69 87
69 159
69 117
69 191
70 136
70 140
70 78
70 89
70 157
70 158
70 162
70 103
70 190
71 139
71 102
71 137
71 75
71 76
71 173
71 115
71 154
71 166
71 143
72 75
72 137
72 76
72 194
72 139
72 154
72 163
72 101
72 172
72 111
72 127
73 129
73 175
73 133
73 74
73 151
73 192
73 77
73 91
73 144
73 98
73 170
73 107
73 176
73 113
73 178
73 179
73 155
73 184
73 125
74 129
74 132
74 77
74 170
74 98
74 164
74 105
74 176
74 178
74 106
75 172
75 137
75 128
75 76
75 143
75 173
75 146
75 83
75 139
75 150
75 196
75 166
75 104
75 154
75 109
75 177
75 111
75 115
75 180
75 182
75 121
75 138
76 139
76 137
76 101
76 102
76 104
76 154
76 109
76 111
76 172
76 180
76 166
76 127
77 98
77 132
77 164
77 106
78 161
78 162
78 105
78 176
78 158
79 183
80 196
80 141
80 81
80 146
80 83
80 149
80 86
80 87
80 105
80 171
80 108
80 119
80 188
80 191
81 194
81 147
81 163
81 100
81 173
81 110
81 187
81 127
82 132
82 186
82 95
82 91
82 131
82 170
82 122
82 106
82 126
83 195
83 137
83 138
83 160
83 171
83 108
83 182
83 183
83 188
83 127
84 196
84 146
84 86
84 87
84 94
84 104
84 171
84 188
84 191
85 129
85 193
85 135
85 174
85 159
86 195
86 138
86 141
86 87
86 94
86 160
86 105
86 171
86 108
86 182
86 119
86 191
87 129
87 134
87 160
87 193
87 174
87 94
87 169
87 171
87 108
87 140
87 188
88 128
88 143
88 150
88 185
88 93
88 99
88 102
88 168
88 172
88 111
88 177
88 115
88 180
88 121
88 123
89 96
89 176
89 162
89 136
89 140
90 129
90 105
90 176
90 179
91 155
91 198
91 119
91 141
91 148
91 149
91 92
91 159
91 106
91 107
91 113
91 178
91 116
91 181
91 118
92 192
92 131
92 132
92 133
92 198
92 135
92 119
92 141
92 144
92 149
92 151
92 186
92 106
92 107
92 175
92 178
92 116
92 181
92 118
93 135
93 176
93 185
93 159
93 124
94 160
94 105
94 171
94 108
94 196
94 188
94 191
95 135
95 152
96 176
96 136
96 105
96 140
97 193
97 134
97 141
97 149
97 100
97 105
97 191
97 110
97 174
97 119
97 169
97 117
98 129
98 132
98 106
98 164
99 159
99 173
99 142
99 176
99 123
100 174
100 110
100 183
100 193
101 139
101 172
101 111
101 104
101 180
102 137
102 194
102 143
102 166
102 172
102 173
102 115
102 180
102 187
102 127
103 162
103 105
103 157
104 137
104 146
104 171
104 173
104 127
105 196
105 136
105 160
105 148
105 108
105 109
105 179
105 116
105 181
106 132
106 135
106 140
106 141
106 144
106 148
106 151
106 159
106 164
106 175
106 178
106 155
106 181
106 184
106 192
106 113
106 122
106 125
107 129
107 131
107 198
107 151
107 175
107 176
107 178
107 186
107 170
108 195
108 196
108 149
108 160
108 193
108 174
108 182
108 188
108 191
109 146
109 193
109 174
109 137
109 127
110 174
111 143
111 139
111 154
111 173
111 115
111 127
112 129
112 135
113 192
113 132
113 133
113 144
113 152
113 165
113 175
113 155
113 184
113 170
114 135
114 173
114 176
114 177
114 121
114 159
115 166
115 172
115 194
115 187
115 180
115 154
115 143
115 167
116 131
116 135
116 148
116 151
116 159
116 170
116 140
116 125
117 134
117 135
117 141
117 155
117 159
117 165
117 169
118 198
118 135
118 140
119 132
119 198
119 140
119 149
119 169
119 188
120 157
120 190
120 189
120 153
120 158
121 128
121 197
121 142
121 153
121 159
121 168
121 177
122 131
122 135
122 159
122 186
123 135
123 176
123 142
124 176
124 135
124 185
125 132
125 135
125 151
125 170
125 184
126 129
126 176
127 128
127 195
127 197
127 137
127 138
127 139
127 143
127 146
127 154
127 168
128 168
128 142
128 150
128 153
129 135
129 152
129 164
129 145
129 178
129 179
129 176
129 191
130 135
130 159
131 133
131 198
131 135
131 144
131 186
131 159
131 175
131 178
131 184
132 198
132 135
132 149
132 151
132 159
132 164
133 165
133 175
133 176
133 178
133 186
133 170
134 155
134 165
134 135
134 169
134 159
135 141
135 171
135 150
135 151
135 156
135 176
135 181
135 193
135 198
135 140
135 186
135 165
135 191
135 174
135 168
135 169
135 148
136 162
136 140
136 176
136 157
137 196
137 143
137 146
137 166
137 180
138 195
138 171
138 182
138 188
139 167
139 172
139 173
139 180
140 141
140 145
140 149
140 152
140 158
140 159
140 162
140 148
140 191
140 181
141 160
141 198
141 159
141 170
142 177
142 150
142 153
142 197
143 166
143 173
143 154
143 167
144 176
144 165
144 198
144 192
144 155
145 199
146 171
146 174
146 173
147 183
148 198
148 151
148 186
148 159
149 198
149 169
149 170
149 188
150 173
150 176
150 177
150 159
151 170
151 198
151 159
151 184
151 178
152 165
153 158
153 161
153 173
153 176
153 177
154 166
154 167
154 180
155 192
155 159
155 169
155 175
156 199
156 159
157 161
157 162
157 189
157 158
158 161
158 162
158 176
158 189
158 190
159 197
159 174
159 176
159 177
159 186
159 181
159 183
159 185
159 193
159 168
159 169
159 191
160 196
160 188
160 191
161 189
161 190
162 190
163 194
165 192
165 184
165 169
166 194
166 167
166 173
166 187
167 187
167 194
167 173
168 173
170 192
170 175
170 178
170 181
170 184
171 195
171 196
171 174
171 193
171 182
171 188
171 191
172 173
173 197
174 193
175 198
175 176
175 178
175 186
176 178
176 184
176 185
176 192
177 197
178 198
178 186
181 198
182 195
182 183
183 196
184 186
188 195
188 196
188 191
192 198
