0 6
0 135
0 10
0 14
0 148
0 149
0 153
0 26
0 27
0 28
0 32
0 162
0 36
0 37
0 42
0 46
0 180
0 53
0 54
0 56
0 58
0 181
0 65
0 196
0 198
0 72
0 75
0 76
0 79
0 87
0 164
0 92
0 96
0 103
0 109
0 114
0 116
0 124
0 170
0 126
1 5
1 8
1 137
1 141
1 16
1 17
1 85
1 23
1 91
1 156
1 118
1 133
1 35
1 102
1 104
1 105
1 170
1 174
1 136
1 181
1 54
1 55
1 122
1 125
1 126
2 65
2 194
2 4
2 6
2 96
2 164
2 124
2 56
2 121
2 58
3 196
3 76
3 149
3 157
4 5
4 13
4 23
4 26
4 27
4 32
4 33
4 34
4 36
4 42
4 45
4 46
4 175
4 53
4 183
4 57
4 59
4 188
4 61
4 181
4 65
4 70
4 72
4 75
4 76
4 162
4 81
4 83
4 96
4 187
4 101
4 103
4 110
4 112
4 114
4 115
4 117
4 119
4 170
4 126
4 127
5 133
5 6
5 135
5 8
5 139
5 12
5 13
5 142
5 16
5 22
5 23
5 25
5 154
5 29
5 159
5 163
5 37
5 38
5 170
5 172
5 51
5 52
5 181
5 54
5 58
5 188
5 63
5 193
5 66
5 67
5 68
5 182
5 199
5 80
5 90
5 92
5 166
5 167
5 108
5 111
5 121
6 13
6 120
6 82
6 24
6 26
6 33
6 38
6 103
6 188
6 46
6 47
6 121
6 124
6 61
7 128
7 69
7 198
7 97
7 13
7 144
7 184
7 147
7 86
7 152
7 153
7 31
7 99
7 169
7 46
7 176
7 177
7 120
7 58
7 188
8 131
8 154
8 30
8 163
8 165
8 166
8 41
8 48
8 54
8 58
8 188
8 64
8 68
8 70
8 77
8 141
8 81
8 82
8 90
8 93
8 104
8 106
8 189
8 112
8 117
9 131
9 137
9 10
9 48
9 49
9 18
9 85
9 125
9 95
10 129
10 66
10 196
10 172
10 140
10 98
10 79
10 18
10 148
10 21
10 151
10 91
10 30
10 95
10 34
10 101
10 39
10 41
10 171
10 44
10 45
10 46
10 48
10 49
10 143
10 115
10 180
10 118
10 137
10 192
10 125
10 62
10 85
11 128
11 97
11 195
11 100
11 197
11 73
11 145
11 22
11 152
11 185
11 92
12 129
12 131
12 137
12 194
12 142
12 16
12 153
12 24
12 25
12 26
12 31
12 32
12 163
12 167
12 45
12 51
12 52
12 182
12 55
12 184
12 58
12 188
12 61
12 66
12 71
12 72
12 78
12 79
12 84
12 88
12 99
12 102
12 104
12 105
12 112
12 114
12 116
12 120
12 122
12 125
13 129
13 131
13 139
13 142
13 19
13 20
13 22
13 175
13 33
13 34
13 163
13 164
13 167
13 169
13 47
13 176
13 177
13 51
13 52
13 54
13 56
13 57
13 58
13 187
13 188
13 61
13 182
13 79
13 84
13 86
13 96
13 97
13 148
13 103
13 107
13 189
13 112
13 113
13 147
13 121
13 123
13 124
13 125
14 194
14 196
14 150
14 71
14 141
14 82
14 20
14 22
14 24
14 92
14 99
14 100
14 105
14 106
14 107
14 46
14 113
14 180
14 181
14 55
14 123
14 170
14 126
15 134
15 77
15 84
15 28
15 93
15 94
15 35
15 102
15 45
15 174
15 183
15 59
15 188
16 66
16 131
16 137
16 139
16 78
16 80
16 17
16 83
16 89
16 94
16 133
16 34
16 35
16 102
16 45
16 174
16 112
16 136
16 52
16 187
16 54
16 183
16 57
16 58
16 59
16 189
16 126
17 34
17 133
17 139
17 45
17 78
17 83
17 52
17 58
17 61
18 192
18 196
18 70
18 77
18 143
18 81
18 24
18 25
18 154
18 93
18 99
18 41
18 43
18 44
18 46
18 176
18 180
18 117
18 118
18 62
18 191
19 66
19 67
19 134
19 199
19 26
19 32
19 34
19 99
19 101
19 188
20 161
20 195
20 37
20 135
20 145
20 107
20 113
20 150
20 185
20 123
20 188
20 159
21 171
21 173
21 93
21 30
22 194
22 195
22 135
22 156
22 82
22 155
22 92
22 159
22 197
22 100
22 37
22 38
22 104
22 105
22 106
22 71
22 112
22 54
22 55
22 185
22 122
22 188
22 126
23 130
23 195
23 136
23 139
23 120
23 99
23 142
23 24
23 25
23 92
23 133
23 33
23 35
23 37
23 102
23 145
23 80
23 167
23 174
23 112
23 52
23 54
23 185
23 163
23 159
23 124
23 126
23 191
24 192
24 164
24 73
24 74
24 87
24 135
24 79
24 145
24 147
24 85
24 88
24 100
24 92
24 31
24 99
24 36
24 198
24 169
24 170
24 43
24 125
24 110
24 47
24 178
24 116
24 54
24 137
24 58
24 60
24 61
24 126
25 192
25 131
25 177
25 75
25 109
25 144
25 153
25 154
25 27
25 182
25 31
25 33
25 163
25 167
25 170
25 176
25 112
25 49
25 51
25 116
25 181
25 54
25 184
25 61
25 126
25 127
26 65
26 83
26 129
26 72
26 76
26 75
26 148
26 110
26 121
26 154
26 27
26 157
26 130
26 162
26 163
26 36
26 101
26 103
26 188
26 191
26 46
26 175
26 50
26 56
26 57
26 58
26 187
26 60
26 61
26 149
27 33
27 66
27 142
27 72
27 196
27 167
27 76
27 162
27 46
27 176
27 177
27 180
27 53
28 196
28 134
28 183
28 57
28 89
28 94
28 34
28 45
28 46
28 119
28 52
28 187
28 61
29 34
29 67
29 129
29 40
29 139
29 79
29 112
29 50
29 179
29 52
29 58
29 111
29 199
30 64
30 98
30 131
30 132
30 165
30 70
30 140
30 171
30 44
30 173
30 115
30 118
30 151
30 189
30 117
31 196
31 198
31 142
31 144
31 184
31 147
31 87
31 163
31 167
31 169
31 51
31 180
31 120
31 58
32 183
32 79
32 83
32 148
32 196
32 89
32 94
32 180
32 101
32 46
32 175
32 114
32 52
32 187
32 119
32 57
32 59
32 61
33 128
33 192
33 66
33 182
33 75
33 86
33 152
33 154
33 69
33 97
33 163
33 38
33 169
33 43
33 82
33 112
33 49
33 181
33 54
33 121
33 159
33 188
33 126
34 129
34 136
34 139
34 148
34 35
34 165
34 166
34 45
34 175
34 50
34 52
34 183
34 57
34 58
34 59
34 188
34 63
34 66
34 67
34 68
34 199
34 78
34 79
34 80
34 81
34 90
34 94
34 187
34 101
34 102
34 115
34 117
35 134
35 136
35 83
35 39
35 170
35 45
35 174
35 112
35 181
36 65
36 103
36 110
36 180
36 56
36 196
36 124
37 194
37 195
37 196
37 135
37 145
37 142
37 176
37 92
37 177
37 107
37 46
37 112
37 113
37 180
37 181
37 54
37 55
37 120
37 185
37 126
38 68
38 135
38 90
38 92
38 133
38 166
38 167
38 176
38 108
38 46
38 111
38 112
38 177
38 52
38 121
38 63
39 67
39 70
39 199
39 136
39 172
39 54
39 93
39 133
39 165
39 102
39 44
39 174
39 112
39 91
39 115
39 118
39 57
40 193
40 67
40 179
40 199
40 105
40 111
40 189
40 131
40 63
41 192
41 131
41 165
41 70
41 125
41 93
41 49
41 115
41 85
41 189
41 143
41 74
41 62
42 66
42 196
42 180
42 46
42 127
43 64
43 98
43 99
43 74
43 140
43 143
43 48
43 49
43 120
43 192
43 62
43 95
44 98
44 70
44 137
44 143
44 84
44 91
44 165
44 46
44 49
44 118
44 62
44 85
45 66
45 134
45 139
45 79
45 80
45 101
45 102
45 174
45 83
45 52
45 187
45 183
45 57
45 58
45 59
45 61
46 141
46 145
46 152
46 153
46 159
46 162
46 156
46 49
46 53
46 54
46 55
46 56
46 185
46 59
46 181
46 192
46 66
46 195
46 69
46 198
46 71
46 72
46 75
46 76
46 77
46 82
46 87
46 169
46 93
46 94
46 97
46 100
46 101
46 104
46 105
46 106
46 114
46 116
46 118
46 119
46 121
46 122
46 124
46 170
46 126
46 127
47 96
47 99
47 164
47 124
47 188
47 121
47 56
47 120
47 60
48 131
48 165
48 70
48 77
48 189
48 81
48 115
48 74
49 64
49 51
49 130
49 132
49 182
49 77
49 142
49 143
49 154
49 93
49 98
49 165
49 177
49 115
49 118
49 74
49 62
49 191
50 129
50 67
50 134
50 199
50 72
50 84
50 58
50 188
50 61
51 131
51 198
51 87
51 154
51 176
51 112
51 54
51 72
51 58
51 188
51 126
52 131
52 137
52 138
52 146
52 168
52 156
52 170
52 181
52 54
52 55
52 57
52 58
52 59
52 61
52 63
52 194
52 68
52 71
52 183
52 78
52 80
52 83
52 85
52 89
52 90
52 91
52 186
52 94
52 187
52 166
52 104
52 105
52 106
52 108
52 111
52 112
52 114
52 119
52 122
52 125
52 126
53 66
53 72
53 75
53 76
53 162
53 180
53 127
54 131
54 135
54 137
54 139
54 142
54 145
54 154
54 133
54 163
54 170
54 172
54 176
54 177
54 57
54 159
54 188
54 189
54 195
54 80
54 83
54 85
54 91
54 92
54 99
54 100
54 102
54 112
54 187
54 120
54 121
54 125
54 126
55 131
55 68
55 133
55 193
55 137
55 194
55 85
55 196
55 92
55 96
55 100
55 125
55 189
55 56
55 180
55 124
55 61
56 65
56 66
56 194
56 141
56 196
56 156
56 96
56 103
56 188
56 106
56 180
56 124
56 126
57 66
57 139
57 78
57 83
57 89
57 91
57 80
57 172
57 114
57 187
57 188
58 128
58 131
58 134
58 138
58 139
58 196
58 129
58 169
58 180
58 188
58 61
58 63
58 193
58 68
58 69
58 130
58 199
58 72
58 79
58 82
58 83
58 84
58 85
58 86
58 152
58 97
58 99
58 108
58 189
58 112
58 116
58 120
59 66
59 134
59 119
59 83
59 89
59 114
59 183
59 187
59 61
60 99
60 164
60 72
60 120
60 121
61 130
61 137
61 194
61 141
61 153
61 154
61 163
61 189
61 66
61 198
61 71
61 72
61 183
61 78
61 79
61 85
61 87
61 88
61 89
61 94
61 99
61 105
61 109
61 114
61 119
61 121
61 122
61 125
62 192
62 131
62 81
62 143
62 115
62 118
62 93
63 193
63 68
63 137
63 141
63 131
63 85
63 90
63 156
63 166
63 111
63 189
63 125
64 171
64 132
64 74
64 173
64 189
64 125
64 85
65 96
65 72
65 188
65 110
65 180
65 196
65 124
66 139
66 148
66 149
66 162
66 175
66 176
66 177
66 183
66 72
66 76
66 80
66 83
66 84
66 94
66 101
66 103
66 112
66 121
66 124
67 129
67 68
67 193
67 172
67 138
67 175
67 79
67 90
67 91
67 199
67 108
67 111
67 112
67 179
68 193
68 194
68 71
68 131
68 85
68 90
68 156
68 104
68 105
68 199
68 108
68 111
68 112
68 189
68 122
68 125
69 128
69 73
69 176
69 177
69 178
69 147
69 152
69 155
70 192
70 131
70 172
70 98
70 143
70 81
70 132
70 91
70 95
70 115
70 117
70 118
71 195
71 145
71 82
71 85
71 90
71 100
71 166
71 105
71 108
71 125
71 104
71 185
71 122
72 130
72 149
72 129
72 76
72 75
72 79
72 148
72 110
72 196
72 154
72 96
72 163
72 101
72 103
72 124
72 180
72 182
72 121
72 127
73 128
73 198
73 152
73 86
73 87
73 155
73 197
73 109
73 176
73 177
73 178
73 116
73 120
74 98
74 99
74 132
74 177
74 140
74 120
74 176
74 95
75 162
75 149
75 76
75 176
75 177
75 157
75 127
76 162
76 180
76 127
77 192
77 131
77 132
77 134
77 140
77 81
77 84
77 143
77 93
77 95
77 117
77 118
78 80
78 83
78 187
79 129
79 199
79 146
79 84
79 186
79 99
79 168
79 180
79 120
79 188
80 131
80 139
80 91
80 102
80 170
80 181
80 119
80 187
80 189
80 126
81 192
81 131
81 137
81 143
81 85
81 91
81 93
81 95
81 165
81 189
81 117
81 125
82 193
82 131
82 133
82 137
82 156
82 85
82 92
82 122
82 100
82 167
82 104
82 105
82 106
82 135
82 176
82 177
82 121
82 125
83 136
83 139
83 91
83 102
83 172
83 174
83 187
83 183
83 188
84 129
84 134
84 148
84 89
84 93
84 101
84 175
84 114
84 115
84 118
84 188
85 142
85 163
85 167
85 193
85 194
85 182
85 95
85 99
85 108
85 115
85 117
85 118
85 120
85 137
85 122
85 125
86 197
86 97
86 176
86 177
86 147
86 169
86 155
86 188
87 128
87 130
87 198
87 142
87 144
87 184
87 153
87 154
87 99
87 167
87 169
87 109
87 178
87 180
87 120
87 191
88 128
88 130
88 163
88 147
88 142
88 120
88 178
88 116
88 182
88 169
88 154
88 191
89 187
89 183
89 119
90 193
90 141
90 156
90 166
90 104
90 105
90 106
90 199
90 108
90 111
90 112
90 122
90 189
91 139
91 93
91 133
91 165
91 172
91 115
91 117
91 118
91 187
92 194
92 141
92 145
92 155
92 156
92 150
92 159
92 197
92 100
92 104
92 105
92 106
92 113
92 180
92 181
92 120
92 122
92 170
92 126
93 192
93 131
93 132
93 134
93 140
93 98
93 171
93 172
93 173
93 189
93 115
93 143
94 134
94 119
95 165
95 117
96 103
96 194
96 164
96 188
97 128
97 197
97 169
97 176
97 177
97 147
97 188
98 165
98 140
98 125
99 128
99 192
99 195
99 198
99 137
99 144
99 148
99 100
99 164
99 101
99 145
99 169
99 125
99 109
99 110
99 153
99 120
99 126
100 194
100 196
100 197
100 141
100 155
100 159
100 105
100 106
100 135
100 112
100 180
100 120
100 122
101 134
101 175
101 148
101 188
102 133
102 134
102 136
102 139
102 170
102 172
102 174
102 112
102 181
102 187
102 126
103 110
103 180
103 196
103 121
103 188
104 195
104 133
104 141
104 145
104 193
104 156
104 105
104 106
104 135
104 108
104 185
104 122
104 189
105 195
105 133
105 145
105 166
105 156
105 108
105 111
105 185
105 122
106 131
106 141
106 145
106 166
106 111
106 124
106 189
107 113
107 150
107 188
107 159
108 193
108 137
108 131
108 156
108 199
108 111
108 112
108 189
108 122
108 125
109 128
109 196
109 142
109 147
109 153
109 167
109 169
109 178
109 180
109 116
110 120
110 188
111 193
111 199
111 138
111 141
111 131
111 158
111 160
111 179
112 131
112 142
112 172
112 176
112 177
112 182
112 188
112 189
112 199
112 167
112 136
112 126
113 188
113 150
113 123
114 187
114 183
114 196
114 180
115 133
115 137
115 143
115 132
115 172
115 125
116 130
116 142
116 144
116 147
116 153
116 154
116 184
116 167
116 169
116 178
116 182
116 120
116 191
117 192
117 131
117 137
117 125
118 137
118 140
118 165
118 172
118 125
119 139
119 183
120 128
120 198
120 135
120 144
120 164
120 169
120 170
120 178
120 181
120 137
120 121
120 159
120 126
121 176
121 177
122 195
122 137
122 156
122 166
122 185
122 125
123 195
123 185
123 161
123 188
123 159
124 196
124 156
124 180
124 181
124 188
124 126
125 194
125 142
125 167
125 140
125 137
125 188
126 130
126 182
126 135
126 139
126 180
126 163
126 196
126 154
126 145
126 170
126 167
126 177
126 176
126 191
127 176
127 177
128 198
128 144
128 184
128 147
128 153
128 155
128 176
128 177
128 178
129 199
129 146
129 138
129 186
129 188
129 158
130 131
130 198
130 177
130 142
130 154
130 163
130 182
131 133
131 139
131 142
131 143
131 165
131 167
131 179
131 188
131 189
131 193
131 194
131 182
131 141
131 191
132 165
132 171
132 151
133 194
133 137
133 156
133 172
133 174
133 136
133 189
134 175
134 188
134 136
134 174
134 183
134 148
135 196
135 155
135 159
135 180
136 170
136 172
136 174
136 181
136 187
137 194
137 193
137 142
137 188
138 160
138 199
138 168
138 146
138 186
138 158
139 170
139 181
139 187
139 188
140 165
141 193
141 145
141 156
141 166
141 185
142 192
142 198
142 144
142 154
142 170
142 181
142 184
142 159
142 188
142 191
143 192
143 165
144 198
144 169
144 167
144 184
144 147
145 150
145 156
145 155
145 159
145 161
145 197
145 181
145 185
145 170
146 160
146 190
146 168
146 186
146 158
147 198
147 152
147 169
147 177
147 184
147 188
148 188
149 180
149 196
150 188
150 195
151 171
151 173
152 177
152 178
152 155
152 197
153 169
153 167
153 180
154 198
154 182
154 163
154 167
154 189
154 191
155 197
155 178
155 159
156 193
156 166
156 189
158 160
158 190
159 195
159 161
159 170
159 176
159 177
159 181
159 185
160 190
160 168
161 185
163 198
163 167
163 170
163 189
163 177
163 181
163 188
163 191
164 196
164 188
165 192
166 189
167 198
167 170
167 176
167 182
167 184
167 188
167 191
168 186
168 190
169 184
169 176
169 177
169 188
170 196
170 174
170 176
170 177
170 181
170 180
171 173
172 187
172 174
172 199
174 181
174 187
175 199
176 191
176 177
176 178
176 181
176 188
177 192
177 182
177 178
177 191
177 188
178 197
179 193
179 199
180 181
180 192
180 196
180 198
181 196
182 191
183 187
184 198
185 195
185 197
186 190
187 188
188 189
189 194
191 192
192 196
193 194
193 199
195 197
