0 3
0 4
0 133
0 12
0 45
0 16
0 17
0 18
0 148
0 156
0 157
0 30
0 33
0 35
0 165
0 39
0 168
0 170
0 44
0 173
0 47
0 48
0 52
0 184
0 192
0 69
0 70
0 71
0 81
0 96
0 144
0 112
0 114
0 122
1 64
1 69
1 6
1 73
1 74
1 11
1 143
1 17
1 18
1 159
1 32
1 34
1 36
1 39
1 41
1 106
1 53
1 59
1 138
2 128
2 129
2 130
2 3
2 150
2 6
2 7
2 8
2 9
2 138
2 12
2 141
2 143
2 146
2 131
2 20
2 21
2 22
2 24
2 154
2 158
2 159
2 160
2 161
2 35
2 37
2 167
2 40
2 169
2 48
2 136
2 179
2 184
2 58
2 61
2 62
2 66
2 195
2 196
2 198
2 140
2 76
2 85
2 87
2 88
2 89
2 90
2 91
2 92
2 96
2 100
2 101
2 102
2 109
2 189
2 116
2 120
2 122
2 149
3 195
3 133
3 183
3 12
3 14
3 90
3 156
3 95
3 161
3 35
3 39
3 40
3 172
3 53
3 119
3 184
3 188
4 128
4 130
4 131
4 133
4 6
4 135
4 143
4 16
4 149
4 155
4 157
4 35
4 165
4 168
4 170
4 44
4 45
4 174
4 47
4 48
4 52
4 53
4 188
4 192
4 194
4 196
4 70
4 82
4 85
4 92
4 94
4 37
4 100
4 102
4 107
4 112
4 114
4 116
4 126
5 169
5 18
5 55
5 122
5 92
5 190
6 179
6 7
6 136
6 11
6 141
6 15
6 147
6 20
6 22
6 23
6 24
6 26
6 154
6 158
6 162
6 164
6 168
6 169
6 193
6 172
6 45
6 51
6 180
6 53
6 54
6 55
6 58
6 187
6 151
6 192
6 65
6 197
6 72
6 77
6 78
6 88
6 143
6 97
6 106
6 108
6 110
6 112
6 115
6 125
6 126
7 64
7 68
7 136
7 9
7 10
7 12
7 142
7 16
7 18
7 25
7 92
7 30
7 99
7 169
7 106
7 43
7 172
7 82
7 46
7 48
7 49
7 178
7 179
7 155
7 181
7 182
7 55
7 122
7 59
7 74
7 190
7 191
8 65
8 134
8 136
8 137
8 10
8 75
8 140
8 142
8 146
8 21
8 32
8 97
8 106
8 172
8 181
8 54
8 59
8 189
9 68
9 179
9 136
9 169
9 12
9 143
9 16
9 49
9 82
9 172
9 85
9 182
9 55
9 25
9 122
9 27
9 92
10 64
10 67
10 150
10 75
10 13
10 142
10 16
10 86
10 97
10 169
10 42
10 127
10 181
10 55
10 121
10 58
10 191
10 63
11 67
11 118
11 65
11 136
11 73
11 75
11 66
11 141
11 152
11 82
11 21
11 22
11 23
11 137
11 169
11 143
11 150
11 32
11 97
11 177
11 41
11 42
11 172
11 109
11 72
11 179
11 54
11 55
11 57
11 58
11 124
11 189
12 133
12 136
12 130
12 14
12 16
12 17
12 18
12 131
12 20
12 149
12 153
12 29
12 30
12 33
12 155
12 163
12 38
12 40
12 169
12 172
12 178
12 47
12 50
12 182
12 55
12 184
12 59
12 60
12 175
12 195
12 69
12 70
12 71
12 194
12 74
12 183
12 83
12 90
12 94
12 95
12 165
12 98
12 103
12 104
12 161
12 107
12 108
12 113
12 114
12 115
12 116
12 117
13 98
13 70
13 81
13 194
13 127
13 191
13 142
13 80
13 17
13 50
13 148
13 59
13 31
14 161
14 163
14 38
14 71
14 105
14 103
14 82
14 115
14 184
14 156
14 30
15 110
15 47
16 133
16 142
16 27
16 167
16 30
16 33
16 35
16 165
16 38
16 39
16 40
16 43
16 44
16 47
16 49
16 178
16 155
16 181
16 182
16 59
16 188
16 191
16 64
16 74
16 85
16 92
16 94
16 99
16 100
16 103
16 107
16 114
16 115
16 122
16 123
16 126
17 178
17 69
17 71
17 143
17 80
17 85
17 86
17 87
17 92
17 157
17 30
17 31
17 96
17 112
17 165
17 39
17 168
17 44
17 45
17 114
17 118
17 121
17 122
17 127
17 192
17 63
18 136
18 142
18 146
18 22
18 24
18 26
18 154
18 150
18 133
18 32
18 165
18 41
18 44
18 179
18 55
18 57
18 58
18 59
18 190
18 64
18 160
18 72
18 73
18 74
18 82
18 84
18 88
18 89
18 91
18 186
18 140
18 113
18 114
18 120
19 176
19 61
19 62
19 111
20 128
20 131
20 196
20 135
20 136
20 130
20 149
20 94
20 33
20 169
20 170
20 172
20 179
20 55
21 134
21 137
21 76
21 82
21 24
21 159
21 198
21 169
21 109
21 177
21 179
21 55
21 72
21 136
21 189
22 129
22 197
22 193
22 136
22 75
22 77
22 143
22 147
22 150
22 158
22 160
22 97
22 187
22 169
22 106
22 172
22 51
22 55
22 58
22 59
23 32
23 162
23 164
23 169
23 82
23 54
23 55
24 118
24 136
24 137
24 76
24 143
24 172
24 54
24 169
24 189
24 159
25 68
25 49
25 30
26 194
26 135
26 143
26 85
26 88
26 154
26 92
26 30
26 34
26 35
26 82
26 70
26 38
26 103
26 169
26 170
26 108
26 174
26 112
26 115
26 52
26 126
27 48
27 178
27 85
27 182
27 122
27 92
27 30
28 192
28 194
28 70
28 135
28 173
28 80
28 148
28 86
28 33
28 168
28 144
28 171
28 45
28 174
28 50
28 127
28 63
29 67
29 74
29 155
29 30
29 34
29 36
29 41
29 106
29 48
29 113
29 178
29 53
29 138
29 186
29 61
29 62
30 133
30 154
30 33
30 35
30 165
30 38
30 39
30 44
30 47
30 48
30 49
30 155
30 181
30 182
30 183
30 56
30 186
30 59
30 188
30 64
30 68
30 69
30 83
30 142
30 88
30 94
30 99
30 100
30 101
30 103
30 167
30 108
30 112
30 113
30 114
30 115
30 119
30 122
30 123
31 98
31 39
31 104
31 79
31 80
31 50
31 86
31 59
31 60
31 63
32 66
32 67
32 132
32 118
32 134
32 162
32 73
32 140
32 77
32 75
32 121
32 152
32 93
32 158
32 160
32 166
32 41
32 106
32 146
32 177
32 54
32 55
32 57
32 59
32 124
32 42
33 128
33 130
33 131
33 135
33 149
33 165
33 39
33 40
33 41
33 170
33 171
33 44
33 173
33 174
33 50
33 52
33 56
33 60
33 195
33 196
33 69
33 79
33 81
33 82
33 85
33 86
33 90
33 92
33 94
33 144
33 98
33 100
33 101
33 104
33 188
33 167
33 114
33 116
33 118
33 148
33 123
33 124
33 126
34 135
34 74
34 82
34 154
34 88
34 199
34 102
34 41
34 170
34 43
34 174
34 113
34 53
34 118
34 186
35 133
35 71
35 136
35 184
35 161
35 85
35 88
35 92
35 154
35 94
35 95
35 165
35 167
35 156
35 172
35 175
35 48
35 178
35 55
35 56
35 123
35 188
35 126
36 67
36 179
36 41
36 74
36 61
36 177
36 138
36 172
36 106
36 118
36 55
36 124
36 42
37 102
37 135
37 136
37 170
37 172
37 48
37 179
37 52
37 55
37 92
37 126
38 112
38 115
38 103
38 183
38 44
38 108
38 82
38 83
38 119
38 88
38 92
38 154
39 133
39 128
39 143
39 156
39 161
39 163
39 165
39 40
39 41
39 42
39 44
39 47
39 177
39 184
39 63
39 67
39 69
39 71
39 80
39 82
39 87
39 90
39 96
39 107
39 117
39 118
39 121
39 124
40 128
40 196
40 161
40 85
40 87
40 155
40 94
40 95
40 170
40 71
40 172
40 48
40 179
40 52
40 184
40 122
41 194
41 67
41 97
41 69
41 70
41 65
41 74
41 75
41 171
41 113
41 53
41 186
41 59
41 138
42 65
42 177
42 142
42 94
42 113
42 50
42 181
42 186
42 124
42 138
42 191
43 53
43 46
43 85
44 133
44 135
44 136
44 153
44 155
44 165
44 168
44 170
44 172
44 45
44 174
44 47
44 48
44 178
44 179
44 52
44 53
44 56
44 192
44 69
44 85
44 92
44 94
44 106
44 107
44 108
44 112
44 117
44 122
44 126
45 69
45 143
45 82
45 148
45 88
45 133
45 165
45 70
45 114
45 112
45 50
45 126
47 192
47 69
47 71
47 184
47 167
47 85
47 87
47 153
47 155
47 92
47 157
47 165
47 96
47 112
47 100
47 101
47 168
47 107
47 178
47 110
47 48
47 50
47 53
47 56
47 122
47 123
47 94
47 126
47 117
48 133
48 136
48 153
48 154
48 167
48 170
48 49
48 179
48 53
48 182
48 56
48 59
48 188
48 64
48 195
48 199
48 88
48 90
48 165
48 99
48 100
48 101
48 102
48 114
48 117
48 122
48 123
48 126
49 68
49 178
49 85
49 122
49 155
49 92
50 194
50 67
50 70
50 135
50 79
50 144
50 173
50 148
50 171
50 154
50 94
50 107
50 174
50 112
50 52
50 117
50 124
50 170
50 127
51 73
51 66
51 77
51 141
51 82
51 147
51 143
51 158
51 97
51 164
51 146
51 169
51 54
51 55
51 125
52 128
52 131
52 139
52 161
52 144
52 145
52 156
52 170
52 171
52 173
52 175
52 53
52 184
52 196
52 199
52 81
52 94
52 95
52 165
52 102
52 178
52 105
52 112
53 135
53 139
53 175
53 143
53 132
53 154
53 155
53 156
53 163
53 166
53 174
53 177
53 178
53 184
53 185
53 186
53 67
53 71
53 82
53 85
53 87
53 92
53 93
53 95
53 107
53 113
53 118
53 122
53 124
53 170
53 126
54 65
54 197
54 193
54 73
54 143
54 152
54 82
54 147
54 164
54 57
54 187
54 125
55 128
55 142
55 143
55 154
55 162
55 169
55 137
55 56
55 57
55 188
55 189
55 190
55 191
55 64
55 196
55 198
55 199
55 73
55 76
55 82
55 85
55 88
55 92
55 100
55 101
55 102
55 116
55 122
55 123
55 149
56 136
56 85
56 153
56 155
56 92
56 94
56 169
56 178
56 123
56 188
56 117
57 197
57 73
57 77
57 125
57 177
57 151
57 152
57 187
57 106
57 169
58 82
58 150
58 172
58 77
58 142
58 143
58 181
58 59
58 191
59 64
59 67
59 86
59 134
59 140
59 75
59 142
59 79
59 122
59 85
59 150
59 169
59 155
59 92
59 93
59 80
59 166
59 129
59 106
59 146
59 178
59 118
59 127
59 63
60 98
60 133
60 70
60 104
60 194
60 79
60 81
60 114
60 86
60 63
60 165
61 179
61 136
61 74
61 172
61 111
61 176
61 138
61 91
61 62
62 136
62 172
62 106
62 111
62 176
62 113
62 84
62 120
62 89
62 186
62 91
62 74
63 64
63 69
63 70
63 142
63 144
63 81
63 148
63 86
63 94
63 80
63 98
63 104
63 171
63 173
63 181
63 191
64 66
64 67
64 150
64 134
64 75
64 122
64 86
64 155
64 92
64 93
64 97
64 166
64 65
64 106
64 178
64 181
64 118
65 129
65 66
65 67
65 197
65 193
65 140
65 142
65 143
65 82
65 147
65 151
65 75
65 134
65 146
65 109
65 177
65 181
65 187
65 124
65 125
66 67
66 97
66 179
66 136
66 172
66 77
66 124
66 158
67 69
67 73
67 97
67 166
67 191
67 93
67 138
67 124
67 74
67 181
69 133
69 79
69 80
69 85
69 86
69 153
69 92
69 157
69 165
69 168
69 107
69 94
69 118
69 192
70 194
70 133
70 79
70 144
70 124
70 185
70 88
70 132
70 166
70 168
70 154
70 112
70 127
70 126
71 195
71 133
71 135
71 183
71 87
71 90
71 96
71 165
71 170
71 174
71 114
71 119
71 188
72 82
72 106
72 143
73 132
73 77
73 158
74 132
74 138
74 84
74 185
74 91
74 155
74 166
74 106
74 111
74 113
74 178
74 118
74 121
74 122
75 134
75 129
75 140
75 146
75 97
75 109
75 136
75 179
75 181
75 160
75 191
76 169
76 82
76 159
77 150
77 140
77 141
77 143
77 82
77 152
77 164
77 134
77 146
77 109
78 82
78 180
78 153
78 107
78 143
79 98
79 104
79 194
79 127
79 191
79 142
79 80
79 81
79 181
79 94
80 171
80 81
80 127
80 144
80 173
81 165
81 133
81 135
81 194
81 170
81 174
81 114
81 86
81 127
82 179
82 136
82 143
82 137
82 154
82 159
82 162
82 169
82 172
82 157
82 180
82 189
82 192
82 198
82 88
82 164
82 94
82 97
82 106
82 108
82 110
82 112
82 119
82 125
82 126
83 115
83 108
83 119
84 179
84 91
84 106
84 136
84 172
85 136
85 155
85 169
85 170
85 174
85 178
85 172
85 182
85 188
85 190
85 92
85 94
85 99
85 100
85 101
85 103
85 122
86 142
86 148
86 191
86 94
86 98
86 104
86 171
86 173
86 181
87 96
87 107
87 156
87 172
87 161
87 179
87 184
87 153
87 136
87 117
87 95
88 133
88 135
88 136
88 155
88 122
88 112
88 103
88 168
88 169
88 106
88 108
88 174
88 157
88 178
88 115
88 114
88 188
88 126
89 120
89 106
89 111
89 172
90 130
90 195
90 155
90 92
90 94
90 170
90 172
90 178
90 179
90 122
91 179
91 106
91 136
91 111
91 172
92 153
92 169
92 170
92 135
92 174
92 172
92 188
92 190
92 195
92 199
92 99
92 107
92 108
92 115
92 123
92 126
93 166
93 94
94 130
94 131
94 133
94 135
94 153
94 132
94 166
94 167
94 173
94 174
94 177
94 185
94 188
94 195
94 144
94 148
94 100
94 101
94 114
94 117
94 121
94 124
94 170
94 126
95 133
95 136
95 145
95 156
95 161
95 105
95 170
95 107
95 172
95 114
95 184
95 117
96 107
96 133
96 145
96 105
96 172
96 163
96 117
96 153
96 165
97 134
97 181
97 158
98 135
98 104
98 127
98 174
99 169
99 190
99 178
99 155
100 155
100 101
100 169
100 107
100 172
100 178
100 188
100 126
101 136
101 167
101 179
101 122
101 155
102 199
102 136
102 169
102 170
102 172
102 178
102 179
102 122
102 155
102 126
103 112
103 115
103 154
104 135
104 127
104 174
105 163
105 139
105 170
105 175
105 145
105 174
106 150
106 143
106 152
106 154
106 134
106 113
106 118
106 169
106 120
106 186
107 153
107 133
107 114
107 110
107 180
107 184
107 126
107 117
108 168
108 143
108 112
108 157
108 183
108 154
109 134
109 140
109 146
109 147
109 158
109 172
110 153
110 143
111 179
111 136
111 172
111 176
111 120
112 192
112 194
112 133
112 135
112 173
112 144
112 148
112 165
112 114
112 170
112 174
112 115
112 126
113 178
113 186
113 122
113 124
114 192
114 154
114 155
114 157
114 133
114 168
114 161
114 170
114 178
114 184
114 126
115 183
115 143
115 119
116 131
116 135
116 169
116 130
116 174
116 126
116 149
117 161
117 153
117 133
117 122
118 143
118 138
119 183
120 179
120 136
120 172
121 194
121 142
121 181
121 185
121 191
122 179
122 136
122 153
122 154
122 133
122 155
122 167
122 169
122 170
122 178
122 172
122 182
122 186
122 190
122 195
122 199
122 165
123 188
123 178
123 155
124 137
124 138
124 194
124 142
124 177
125 197
125 141
125 143
125 147
125 151
125 152
125 158
125 134
125 146
125 187
126 192
126 130
126 131
126 133
126 199
126 194
126 188
126 149
126 153
126 155
126 154
126 165
126 178
126 157
127 144
127 194
127 181
127 173
128 169
128 135
128 172
128 174
128 136
129 160
129 136
129 172
129 142
129 179
129 158
130 131
130 136
130 195
130 149
131 179
131 136
131 169
131 170
131 174
131 172
132 194
132 185
133 194
133 188
133 178
133 153
133 154
133 157
133 161
133 184
134 142
134 181
135 139
135 144
135 145
135 163
135 170
135 171
135 173
135 174
135 175
135 184
135 196
135 199
135 148
136 179
136 138
136 158
136 160
136 161
136 167
136 189
136 178
136 172
136 137
136 188
136 139
136 199
136 163
136 164
136 195
137 169
137 179
137 159
138 177
138 172
138 186
139 175
139 145
139 179
139 184
139 156
140 146
140 172
140 158
141 164
141 162
141 143
142 169
142 160
142 177
142 191
143 179
143 150
143 147
143 151
143 157
143 164
143 169
143 172
143 180
143 197
144 192
144 194
144 148
144 157
144 165
144 171
144 173
144 174
145 161
145 188
145 170
145 174
145 175
145 163
145 184
145 156
146 187
146 147
146 193
146 151
147 197
147 193
147 151
147 158
148 173
148 157
148 165
148 170
148 171
149 169
149 170
149 172
150 172
150 181
150 191
151 152
151 197
152 193
152 197
152 169
152 187
153 155
154 172
154 194
154 155
154 157
154 168
154 169
154 174
155 170
155 174
155 178
155 182
155 188
155 195
155 199
156 163
156 175
156 161
156 165
156 170
156 172
156 179
156 184
156 188
157 192
157 165
157 168
157 171
158 179
158 160
158 172
159 198
159 169
159 189
161 170
161 172
161 179
161 184
161 188
162 164
162 169
163 174
163 179
163 184
164 179
164 172
165 192
165 168
165 188
165 170
165 184
166 194
167 169
167 179
167 172
167 188
168 192
168 194
168 171
169 172
169 188
169 189
169 190
169 196
170 173
170 174
170 178
170 184
170 199
171 192
171 194
171 173
171 174
172 179
172 184
172 188
172 195
172 196
172 199
173 174
174 178
174 199
174 184
175 188
175 179
175 184
177 181
178 182
178 186
178 188
178 199
179 195
179 184
179 199
179 189
181 191
184 188
185 194
187 193
189 198
192 194
