0 192
0 71
0 72
0 9
0 67
0 148
0 26
0 31
0 34
0 104
0 113
0 179
0 122
0 95
1 193
1 3
1 4
1 7
1 136
1 79
1 81
1 147
1 15
1 163
1 36
1 167
1 188
1 110
1 47
1 178
1 179
1 57
1 58
1 124
1 189
1 127
2 129
2 130
2 131
2 132
2 7
2 11
2 140
2 142
2 18
2 20
2 150
2 152
2 25
2 158
2 162
2 177
2 168
2 135
2 46
2 175
2 49
2 50
2 51
2 181
2 55
2 56
2 58
2 192
2 191
2 64
2 66
2 195
2 196
2 69
2 71
2 74
2 75
2 80
2 90
2 98
2 100
2 102
2 148
2 112
2 120
2 121
2 127
3 134
3 11
3 13
3 143
3 17
3 24
3 26
3 36
3 167
3 176
3 50
3 182
3 58
3 190
3 64
3 194
3 196
3 70
3 72
3 86
3 145
3 105
3 106
3 111
3 124
4 66
4 197
4 135
4 139
4 140
4 13
4 14
4 143
4 16
4 81
4 20
4 110
4 24
4 98
4 100
4 168
4 44
4 46
4 177
4 51
4 52
4 190
4 57
4 189
4 62
4 191
5 65
5 67
5 7
5 15
5 115
5 29
5 31
5 34
5 103
5 104
5 178
5 179
5 127
6 161
6 68
6 39
6 145
6 17
6 195
6 85
6 183
6 156
7 128
7 131
7 9
7 10
7 12
7 142
7 18
7 19
7 149
7 22
7 23
7 154
7 30
7 32
7 34
7 37
7 39
7 43
7 45
7 46
7 176
7 178
7 51
7 54
7 183
7 56
7 186
7 187
7 195
7 199
7 73
7 75
7 82
7 87
7 88
7 89
7 94
7 103
7 171
7 120
7 121
8 185
8 152
8 90
8 92
8 158
8 95
8 160
8 48
8 101
8 166
8 41
8 175
8 112
8 179
8 53
8 121
8 59
9 134
9 137
9 15
9 17
9 146
9 25
9 26
9 27
9 156
9 48
9 34
9 41
9 43
9 176
9 178
9 179
9 53
9 183
9 58
9 63
9 193
9 72
9 82
9 86
9 191
9 92
9 98
9 103
9 109
9 114
9 122
9 123
9 127
10 193
10 36
10 136
10 125
10 178
10 21
10 22
10 93
11 133
11 12
11 18
11 144
11 21
11 24
11 26
11 27
11 29
11 34
11 36
11 167
11 40
11 43
11 46
11 176
11 177
11 50
11 181
11 63
11 66
11 196
11 197
11 72
11 77
11 80
11 84
11 86
11 88
11 96
11 97
11 100
11 106
11 122
11 123
12 193
12 70
12 15
12 147
12 30
12 50
12 45
12 178
12 179
12 188
12 62
13 139
13 143
13 14
13 15
13 81
13 142
13 79
13 163
13 41
13 107
13 110
13 48
13 179
13 53
13 56
13 189
13 190
13 117
14 129
14 130
14 139
14 70
14 136
14 79
14 81
14 153
14 143
14 163
14 165
14 107
14 49
14 116
14 117
14 55
14 56
14 57
14 189
15 134
15 143
15 148
15 29
15 34
15 38
15 39
15 173
15 49
15 179
15 183
15 58
15 59
15 188
15 61
15 190
15 70
15 77
15 78
15 88
15 98
15 166
15 145
15 105
15 106
15 109
15 112
15 113
15 118
15 119
15 127
16 181
16 136
16 138
16 142
16 81
16 147
16 121
16 196
16 154
16 91
16 186
16 185
16 95
16 191
16 36
16 109
16 47
16 53
16 54
16 73
16 56
16 57
16 58
16 159
16 189
16 62
16 63
17 135
17 194
17 149
17 150
17 153
17 155
17 156
17 160
17 161
17 134
17 167
17 28
17 42
17 174
17 47
17 48
17 179
17 180
17 53
17 182
17 187
17 64
17 32
17 66
17 68
17 76
17 87
17 89
17 92
17 94
17 95
17 97
17 102
17 106
17 111
17 124
17 170
17 21
18 149
18 193
18 75
18 147
18 69
18 66
18 79
18 120
18 131
18 21
18 86
18 23
18 89
18 199
18 31
18 162
18 163
18 37
18 195
18 40
18 196
18 135
18 51
18 181
18 56
18 121
18 188
18 127
19 193
19 73
19 45
19 83
19 151
19 186
19 94
19 32
19 98
19 36
19 38
19 109
19 47
19 178
19 30
19 58
19 191
19 188
19 127
20 136
20 108
20 79
20 147
20 100
20 91
20 28
20 159
20 31
20 163
20 36
20 40
20 44
20 50
20 127
20 188
20 63
21 128
21 194
21 196
21 182
21 77
21 80
21 22
21 24
21 91
21 28
21 94
21 32
21 97
21 27
21 40
21 144
21 44
21 46
21 187
21 181
21 118
21 123
21 151
21 125
21 62
22 128
22 97
22 134
22 70
22 40
22 125
22 178
22 50
22 193
22 88
22 187
22 188
22 93
22 127
23 193
23 131
23 75
23 80
23 56
23 195
23 185
23 25
23 157
23 161
23 102
23 42
23 199
23 46
23 178
23 120
23 121
24 79
24 144
24 81
24 147
24 196
24 91
24 28
24 31
24 97
24 27
24 100
24 163
24 40
24 106
24 44
24 110
24 47
24 123
24 181
24 118
24 84
24 95
24 189
24 62
25 64
25 33
25 131
25 69
25 195
25 199
25 42
25 75
25 47
25 114
25 99
25 180
25 150
25 120
25 157
25 95
26 68
26 72
26 76
26 145
26 86
26 196
26 95
26 160
26 176
26 167
26 41
26 106
26 43
26 47
26 48
26 113
26 179
26 53
26 169
26 122
26 31
26 124
26 181
27 123
27 65
27 67
27 196
27 133
27 76
27 141
27 81
27 163
27 68
27 29
27 31
27 96
27 34
27 35
27 173
27 110
27 189
27 115
27 52
27 53
27 55
27 119
27 61
27 126
27 181
28 66
28 197
28 134
28 135
28 194
28 140
28 77
28 89
28 91
28 100
28 177
28 40
28 111
28 168
28 51
28 84
28 62
29 67
29 196
29 72
29 82
29 147
29 85
29 179
29 161
29 34
29 103
29 104
29 169
29 44
29 146
29 113
29 115
29 184
29 122
29 123
30 198
30 193
30 83
30 38
30 70
30 73
30 138
30 50
30 88
30 154
30 186
30 127
31 179
31 135
31 72
31 183
31 80
31 145
31 147
31 86
31 153
31 144
31 34
31 123
31 100
31 37
31 146
31 39
31 103
31 43
31 82
31 46
31 176
31 51
31 105
31 84
31 122
31 59
31 62
31 166
32 193
32 194
32 70
32 73
32 83
32 151
32 88
32 94
32 134
32 38
32 40
32 178
32 50
32 182
32 186
32 188
33 64
33 66
33 135
33 74
33 139
33 150
33 165
33 37
33 107
33 49
33 51
33 116
33 117
33 180
33 170
34 196
34 72
34 141
34 78
34 173
34 82
34 188
34 169
34 156
34 96
34 133
34 113
34 161
34 44
34 146
34 108
34 178
34 52
34 181
34 119
34 122
34 123
34 60
35 192
35 68
35 71
35 76
35 148
35 92
35 160
35 164
35 43
35 49
35 53
35 123
35 60
36 136
36 142
36 185
36 159
36 38
36 41
36 47
36 179
36 53
36 54
36 56
36 57
36 187
36 138
36 62
36 181
36 139
36 196
36 198
36 73
36 84
36 87
36 91
36 93
36 95
36 144
36 100
36 106
36 147
36 121
36 124
36 125
37 193
37 134
37 77
37 149
37 153
37 89
37 174
37 178
37 51
37 116
37 182
38 128
38 171
38 179
38 73
38 125
38 94
38 87
38 187
38 188
38 93
39 193
39 145
39 85
39 161
39 105
39 106
39 178
39 183
40 196
40 133
40 144
40 147
40 84
40 87
40 91
40 93
40 97
40 187
40 100
40 52
40 181
40 123
40 151
40 62
41 129
41 130
41 143
41 90
41 158
41 176
41 123
41 101
41 166
41 43
41 175
41 112
41 49
41 52
41 53
41 59
41 190
42 131
42 199
42 150
42 157
42 95
42 102
42 167
42 47
42 114
42 124
42 120
43 181
43 145
43 85
43 160
43 164
43 105
43 193
43 176
43 48
43 178
43 53
43 127
44 192
44 197
44 71
44 140
44 141
44 79
44 147
44 196
44 91
44 92
44 160
44 163
44 100
44 106
44 148
44 173
44 110
44 47
44 48
44 189
44 52
44 181
44 55
44 84
44 61
44 62
45 198
45 70
45 73
45 138
45 178
45 50
45 188
45 127
46 193
46 72
46 75
46 66
46 142
46 80
46 56
46 131
46 86
46 196
46 185
46 195
46 135
46 147
46 199
46 181
46 54
46 120
46 121
46 127
47 130
47 132
47 172
47 138
47 154
47 159
47 169
47 157
47 49
47 179
47 180
47 55
47 186
47 63
47 64
47 198
47 72
47 86
47 58
47 95
47 99
47 112
47 170
48 129
48 130
48 107
48 68
48 133
48 143
48 132
48 92
48 96
48 164
48 101
48 166
48 105
48 175
48 176
48 49
48 52
48 108
48 183
48 59
48 60
48 190
49 129
49 68
49 130
49 163
49 142
49 121
49 132
49 92
49 164
49 107
49 116
49 53
49 54
49 56
49 57
50 197
50 70
50 140
50 142
50 147
50 87
50 88
50 93
50 100
50 167
50 106
50 177
50 94
50 54
50 56
50 185
50 187
50 124
50 125
50 62
51 193
51 66
51 79
51 149
51 89
51 153
51 155
51 163
51 165
51 178
51 116
51 188
51 189
52 133
52 108
52 140
52 79
52 197
52 96
52 97
52 163
52 100
52 177
52 168
52 123
52 60
52 189
52 62
53 192
53 130
53 107
53 68
53 134
53 71
53 175
53 76
53 194
53 143
53 160
53 176
53 98
53 101
53 166
53 109
53 111
53 136
53 182
53 55
53 58
53 59
53 190
54 130
54 131
54 132
54 75
54 142
54 143
54 120
54 195
54 91
54 185
54 80
54 98
54 144
54 121
54 56
54 58
54 190
55 68
55 139
55 76
55 163
55 78
55 86
55 164
55 169
55 113
55 179
55 57
56 129
56 131
56 132
56 130
56 150
56 166
56 170
56 175
56 57
56 59
56 62
56 191
56 64
56 193
56 195
56 199
56 80
56 142
56 185
56 91
56 144
56 98
56 101
56 102
56 109
56 112
56 120
56 121
57 130
57 136
57 139
57 79
57 148
57 149
57 89
57 155
57 159
57 98
57 163
57 109
57 110
57 174
57 58
57 189
58 142
58 81
58 149
58 121
58 89
58 154
58 185
58 95
58 163
58 174
58 109
58 110
58 73
58 153
58 124
58 189
58 191
59 112
59 101
59 166
59 179
59 175
60 133
60 140
60 164
60 91
60 92
60 197
60 96
60 97
60 100
60 168
60 177
60 123
61 67
61 72
61 141
61 173
61 115
61 86
61 119
62 133
62 159
62 163
62 178
62 188
62 189
62 191
62 193
62 196
62 70
62 77
62 79
62 81
62 84
62 88
62 91
62 97
62 100
62 144
62 109
62 110
62 118
62 63
62 127
63 197
63 136
63 84
63 91
63 159
63 167
63 168
63 106
63 177
63 181
63 87
63 124
64 69
64 167
64 75
64 162
64 142
64 185
65 123
65 67
65 115
65 86
65 184
66 181
66 134
66 135
66 75
66 79
66 80
66 81
66 147
66 110
66 89
66 155
66 163
66 196
66 174
66 116
66 117
66 188
66 127
67 141
67 78
67 85
67 86
67 161
67 104
67 169
67 173
67 113
67 115
67 119
67 184
67 122
67 126
68 129
68 130
68 132
68 76
68 123
68 148
68 164
68 156
69 99
69 150
69 170
69 162
69 157
69 121
69 74
69 185
70 139
70 83
70 151
70 88
70 91
70 167
70 106
70 171
70 179
70 188
71 192
71 164
71 76
71 148
71 86
71 122
72 192
72 196
72 141
72 148
72 86
72 167
72 104
72 106
72 173
72 115
72 181
72 184
73 136
73 138
73 83
73 151
73 154
73 186
73 94
73 159
73 98
73 167
73 188
73 106
73 171
73 178
73 124
73 127
74 102
74 194
74 75
74 162
74 180
74 150
74 170
74 134
74 182
75 131
75 139
75 142
75 80
75 195
75 185
75 102
75 135
75 178
75 199
75 120
75 121
76 96
76 192
76 164
76 123
76 148
76 156
77 196
77 147
77 118
77 153
77 179
77 181
78 179
78 104
78 169
78 106
78 113
78 115
78 148
79 130
79 129
79 139
79 143
79 100
79 107
79 123
80 196
80 199
80 142
80 147
80 89
80 155
80 131
80 135
80 174
80 178
80 181
80 153
81 135
81 139
81 98
81 110
81 123
81 189
82 193
82 103
82 178
82 146
82 188
83 151
83 171
83 94
84 136
84 142
84 144
84 147
84 185
84 181
84 121
84 159
85 199
85 131
85 156
85 161
85 134
85 105
85 176
85 182
85 183
86 196
86 148
86 95
86 104
86 181
86 184
86 122
87 194
87 187
87 134
87 188
87 159
87 178
87 111
87 136
87 182
88 181
88 196
88 193
88 179
88 94
88 127
89 139
89 194
89 153
89 165
89 109
89 111
89 117
89 182
89 188
89 191
90 166
90 175
90 112
91 196
91 108
91 142
91 100
91 159
91 96
91 97
91 98
91 188
91 144
91 191
91 109
91 181
91 185
91 127
92 129
92 132
92 133
92 158
92 164
92 101
92 105
92 107
92 175
92 108
92 183
93 128
93 97
93 193
93 178
93 136
93 159
93 125
94 194
94 138
94 151
94 97
94 171
94 111
94 186
95 192
95 148
95 175
95 157
95 98
95 101
95 145
95 109
95 112
95 113
95 179
95 136
95 191
96 196
96 133
96 147
96 100
96 106
96 108
97 194
97 133
97 134
97 144
97 147
97 151
97 171
97 108
97 111
97 181
97 182
98 136
98 142
98 174
98 185
98 153
98 154
98 110
98 147
98 186
98 189
99 162
99 131
99 137
99 170
99 172
99 157
99 195
99 150
99 120
99 106
100 133
100 136
100 108
100 147
100 196
100 163
100 181
101 160
101 166
101 142
101 175
102 131
102 134
102 194
102 195
102 150
102 120
102 162
102 165
102 180
102 117
102 182
102 116
102 170
103 193
103 178
103 146
103 115
104 123
104 169
104 173
104 113
104 115
104 119
104 184
104 122
104 126
105 160
105 176
105 167
105 106
105 179
105 183
106 133
106 136
106 137
106 157
106 159
106 169
106 179
106 180
106 181
106 183
106 190
106 143
106 107
106 108
106 113
106 122
107 129
107 130
107 139
107 143
107 160
107 163
107 110
107 116
107 121
107 189
108 160
108 164
109 198
109 138
109 142
109 149
109 121
109 186
109 185
109 144
109 110
109 147
109 153
109 191
110 135
110 139
110 143
110 190
110 123
110 189
111 149
111 194
111 151
111 161
111 171
111 174
111 182
111 187
112 166
112 152
112 179
112 142
113 179
113 115
114 180
114 165
114 195
114 131
114 116
114 150
114 120
114 170
115 169
115 184
115 126
116 139
116 143
116 150
116 165
116 180
116 117
116 170
116 190
117 132
117 135
117 139
117 143
117 149
117 155
117 165
117 172
117 174
118 147
118 179
119 141
119 173
119 179
119 123
120 131
120 137
120 142
120 195
120 150
120 157
120 161
120 199
120 180
120 185
120 188
120 170
120 127
121 129
121 131
121 132
121 130
121 144
121 195
121 185
121 162
121 193
121 178
121 199
121 191
121 188
121 127
122 192
122 147
122 148
123 141
123 147
123 184
123 189
123 126
124 196
124 147
124 150
124 159
124 134
124 145
124 167
124 180
124 181
125 128
125 159
126 184
127 138
127 179
127 171
127 151
127 154
127 168
127 135
127 177
127 178
127 185
127 186
127 188
127 193
127 198
127 174
127 140
128 193
128 178
129 139
129 142
129 185
129 132
129 163
129 165
130 139
130 142
130 132
130 185
130 163
130 165
131 195
131 156
131 157
131 185
131 199
131 180
131 188
132 160
132 163
132 165
132 142
133 163
133 147
133 181
133 160
133 196
134 135
134 153
134 155
134 167
134 174
134 179
134 182
134 187
134 149
135 163
135 182
135 188
135 189
136 197
136 139
136 140
136 144
136 187
136 168
136 177
136 159
137 172
137 157
137 180
137 170
138 171
138 198
138 151
138 191
138 154
139 163
139 189
140 197
140 168
140 188
140 177
140 185
141 173
142 193
142 195
142 178
142 144
142 175
142 162
142 191
143 165
143 179
143 185
143 190
144 196
144 147
144 185
144 181
145 160
145 161
145 176
145 156
145 179
145 183
145 167
146 178
146 188
147 167
147 177
147 168
148 192
148 164
148 179
149 193
149 194
149 153
149 155
149 174
149 178
149 182
149 191
150 157
150 162
150 172
150 180
150 170
151 193
151 194
151 171
151 178
151 182
151 188
152 179
152 158
153 193
153 174
153 178
153 191
154 193
154 198
154 178
154 188
154 186
155 193
155 174
155 178
155 182
156 161
156 195
156 183
157 162
157 195
157 199
157 172
157 180
157 170
158 160
159 187
159 167
160 176
161 199
161 162
161 195
161 176
161 183
162 170
164 192
164 176
165 172
165 174
166 175
166 179
167 196
167 180
167 181
168 188
168 197
168 177
168 185
169 179
170 172
170 180
171 198
171 194
171 178
171 182
172 195
173 179
174 193
174 194
174 178
174 182
174 188
176 196
176 178
176 188
176 183
177 188
177 197
177 181
177 185
178 183
178 185
178 186
178 187
178 188
178 193
178 199
179 191
180 199
180 195
181 196
182 194
182 187
183 193
185 193
185 195
185 197
185 199
185 191
185 188
186 193
186 188
187 193
187 194
188 193
188 197
189 190
189 191
191 198
195 199
