0 41
0 14
0 17
0 118
0 89
0 58
0 154
0 191
1 64
1 198
1 100
1 5
1 102
1 11
1 108
1 80
1 54
1 23
1 185
1 26
1 124
2 128
2 130
2 4
2 7
2 8
2 137
2 12
2 15
2 16
2 17
2 18
2 19
2 152
2 25
2 29
2 30
2 33
2 35
2 41
2 42
2 174
2 50
2 179
2 158
2 184
2 57
2 61
2 65
2 66
2 195
2 196
2 69
2 140
2 74
2 82
2 86
2 91
2 92
2 144
2 98
2 109
2 116
2 118
2 123
2 127
3 64
3 11
3 164
3 197
3 105
3 107
3 108
3 78
3 23
3 186
3 63
4 65
4 195
4 8
4 14
4 88
4 31
4 96
4 34
4 41
4 176
4 123
4 127
5 192
5 164
5 133
5 100
5 103
5 9
5 28
5 78
5 68
5 156
5 197
6 129
6 130
6 7
6 8
6 12
6 15
6 16
6 18
6 147
6 20
6 150
6 24
6 157
6 160
6 35
6 168
6 172
6 174
6 175
6 48
6 49
6 50
6 180
6 183
6 59
6 196
6 69
6 74
6 75
6 77
6 79
6 81
6 84
6 87
6 143
6 93
6 95
6 187
6 104
6 111
6 113
6 116
6 119
7 128
7 129
7 131
7 10
7 12
7 130
7 142
7 15
7 16
7 18
7 147
7 20
7 150
7 151
7 153
7 155
7 29
7 160
7 180
7 134
7 167
7 168
7 171
7 172
7 45
7 174
7 157
7 49
7 50
7 179
7 52
7 55
7 57
7 59
7 60
7 66
7 196
7 69
7 71
7 175
7 77
7 82
7 84
7 86
7 87
7 143
7 95
7 187
7 111
7 112
7 113
7 114
7 148
7 183
8 128
8 179
8 137
8 140
8 14
8 15
8 16
8 17
8 18
8 195
8 150
8 152
8 25
8 29
8 30
8 31
8 33
8 34
8 35
8 36
8 38
8 41
8 42
8 173
8 157
8 51
8 52
8 53
8 182
8 184
8 58
8 187
8 61
8 62
8 65
8 66
8 67
8 158
8 77
8 82
8 86
8 88
8 90
8 91
8 92
8 144
8 98
8 109
8 116
8 118
8 120
8 127
9 192
9 108
9 83
9 23
9 103
9 156
9 97
9 27
9 101
9 107
9 189
9 178
9 181
9 56
9 121
9 125
9 63
10 128
10 196
10 74
10 66
10 16
10 81
10 147
10 88
10 143
10 29
10 113
10 40
10 48
10 168
10 53
10 57
10 61
10 62
11 149
11 68
11 133
11 198
11 199
11 136
11 78
11 80
11 83
11 85
11 27
11 156
11 94
11 197
11 97
11 100
11 166
11 102
11 39
11 105
11 107
11 44
11 178
11 181
11 73
11 56
11 121
11 125
11 169
11 63
12 129
12 69
12 74
12 66
12 144
12 81
12 82
12 88
12 92
12 29
12 33
12 40
12 43
12 174
12 47
12 48
12 49
12 115
12 53
12 57
12 61
12 126
12 117
13 65
13 34
13 132
13 41
13 42
13 14
13 17
13 118
13 89
13 58
13 154
13 127
14 135
14 139
14 34
14 141
14 152
14 146
14 19
14 22
14 88
14 158
14 31
14 144
14 98
14 36
14 37
14 165
14 159
14 46
14 176
14 72
14 115
14 53
14 184
14 123
14 61
15 128
15 132
15 143
15 16
15 18
15 147
15 24
15 29
15 33
15 38
15 40
15 43
15 174
15 52
15 53
15 57
15 58
15 59
15 61
15 62
15 66
15 196
15 69
15 168
15 74
15 81
15 82
15 84
15 86
15 88
15 89
15 92
15 144
15 104
15 113
15 126
16 128
16 129
16 131
16 17
16 147
16 148
16 153
16 162
16 35
16 38
16 40
16 45
16 174
16 48
16 49
16 179
16 52
16 58
16 60
16 61
16 196
16 69
16 74
16 81
16 86
16 89
16 145
16 104
16 188
16 106
16 112
16 168
16 114
16 116
17 128
17 132
17 179
17 129
17 79
17 81
17 110
17 86
17 24
17 89
17 175
17 135
17 159
17 165
17 37
17 145
17 43
17 46
17 141
17 49
17 115
17 52
17 117
17 119
17 72
17 180
17 58
17 61
18 67
18 126
18 82
18 157
18 33
18 38
18 40
18 161
18 43
18 173
18 51
18 117
18 182
18 120
18 59
18 61
18 62
19 128
19 146
19 41
19 42
19 139
19 76
19 34
19 145
19 140
19 179
19 86
19 61
19 30
19 191
20 33
20 104
20 129
20 130
20 145
20 48
20 49
20 179
20 53
20 86
20 88
20 57
20 61
20 126
20 81
21 32
21 64
21 133
21 177
21 156
21 23
21 56
21 26
21 63
22 195
22 137
22 140
22 145
22 86
22 88
22 25
22 91
22 30
22 31
22 34
22 43
22 109
22 179
22 53
22 123
22 126
22 117
23 64
23 194
23 68
23 198
23 80
23 83
23 26
23 156
23 100
23 101
23 102
23 177
23 105
23 107
23 44
23 108
23 178
23 54
23 169
23 122
23 189
23 85
24 33
24 99
24 196
24 38
24 193
24 144
24 84
24 118
24 183
24 58
24 111
24 92
24 93
25 128
25 195
25 86
25 137
25 139
25 30
25 98
25 37
25 110
25 72
25 158
25 184
25 123
25 61
26 64
26 68
26 133
26 198
26 192
26 78
26 80
26 83
26 164
26 27
26 28
26 197
26 32
26 163
26 100
26 101
26 102
26 103
26 105
26 107
26 44
26 177
26 178
26 54
26 56
26 185
26 186
26 124
26 189
26 63
27 192
27 78
27 149
27 94
27 32
27 105
27 107
27 44
27 125
27 108
27 178
27 186
27 189
27 63
28 149
28 194
28 94
28 133
28 32
28 97
28 107
28 44
28 177
28 122
28 63
29 128
29 67
29 69
29 66
29 81
29 155
29 143
29 35
29 145
29 104
29 43
29 82
29 174
29 47
29 48
29 168
29 50
29 179
29 116
29 126
29 57
29 60
29 74
29 62
30 128
30 195
30 135
30 137
30 139
30 76
30 141
30 144
30 145
30 146
30 86
30 152
30 91
30 92
30 31
30 96
30 98
30 43
30 109
30 110
30 72
30 140
30 117
30 61
30 126
30 191
31 96
31 65
31 34
31 123
31 41
31 43
31 176
31 126
31 137
31 91
31 127
32 192
32 194
32 133
32 199
32 108
32 80
32 83
32 103
32 197
32 164
32 101
32 39
32 105
32 107
32 44
32 177
32 54
32 56
32 121
32 124
33 128
33 131
33 179
33 134
33 162
33 137
33 138
33 130
33 142
33 145
33 155
33 157
33 34
33 35
33 170
33 43
33 47
33 176
33 50
33 51
33 52
33 57
33 59
33 60
33 61
33 193
33 175
33 196
33 70
33 187
33 75
33 77
33 79
33 84
33 86
33 87
33 90
33 91
33 96
33 99
33 106
33 112
33 180
33 115
33 116
33 117
33 119
33 120
33 126
34 135
34 137
34 139
34 152
34 91
34 158
34 96
34 98
34 36
34 37
34 165
34 41
34 42
34 43
34 176
34 115
34 117
34 123
34 61
34 126
35 128
35 67
35 161
35 62
35 66
35 145
35 82
35 86
35 88
35 38
35 40
35 43
35 52
35 117
35 61
35 126
36 76
36 139
36 140
36 109
36 146
36 152
36 191
37 195
37 132
37 72
37 140
37 76
37 46
37 89
37 154
37 159
37 165
37 41
37 42
37 109
37 110
37 118
37 58
37 191
37 127
38 129
38 175
38 147
38 134
38 71
38 75
38 180
38 77
38 79
38 81
38 99
38 84
38 196
38 150
38 153
38 90
38 93
38 193
38 112
38 162
38 116
38 40
38 106
38 111
38 48
38 49
38 51
38 52
38 187
38 157
38 119
38 120
38 104
38 59
38 183
39 97
39 121
39 181
39 105
39 56
39 156
39 199
40 129
40 142
40 147
40 150
40 151
40 47
40 160
40 168
40 171
40 172
40 174
40 175
40 48
40 50
40 51
40 180
40 55
40 57
40 59
40 196
40 74
40 75
40 77
40 79
40 87
40 90
40 95
40 187
40 104
40 113
40 116
40 120
41 65
41 98
41 135
41 137
41 128
41 146
41 110
41 152
41 91
41 165
41 42
41 159
41 46
41 72
41 184
41 123
41 61
41 127
42 98
42 137
42 141
42 146
42 110
42 152
42 91
42 159
42 165
42 46
42 72
42 123
42 61
43 129
43 130
43 131
43 132
43 150
43 144
43 154
43 176
43 45
43 47
43 48
43 49
43 50
43 51
43 182
43 57
43 58
43 59
43 61
43 67
43 196
43 140
43 74
43 173
43 82
43 89
43 90
43 92
43 96
43 187
43 104
43 109
43 114
43 116
43 117
43 126
44 64
44 192
44 133
44 136
44 78
44 83
44 149
44 94
44 197
44 97
44 164
44 103
44 156
44 107
44 108
44 189
44 181
44 186
44 125
44 63
45 131
45 188
45 114
45 115
45 52
45 53
45 148
45 155
45 60
45 126
45 117
46 65
46 132
46 165
46 76
46 110
46 118
46 89
46 58
46 191
46 154
46 127
47 128
47 129
47 66
47 179
47 144
47 81
47 82
47 86
47 92
47 145
47 48
47 49
47 50
47 115
47 53
47 104
47 61
47 126
47 117
48 130
48 69
48 113
48 147
48 143
48 81
48 174
48 104
48 50
48 52
48 168
48 74
48 126
49 129
49 67
49 132
49 69
49 126
49 147
49 196
49 89
49 154
49 161
49 113
49 115
49 117
49 57
49 62
50 128
50 67
50 179
50 66
50 144
50 82
50 86
50 88
50 92
50 161
50 104
50 115
50 53
50 61
50 126
50 117
51 77
51 144
51 88
51 92
51 157
51 173
51 115
51 53
51 182
51 61
51 62
51 117
52 142
52 147
52 148
52 151
52 155
52 160
52 162
52 168
52 172
52 174
52 175
52 180
52 53
52 183
52 58
52 60
52 196
52 71
52 74
52 75
52 79
52 81
52 93
52 95
52 104
52 111
52 116
52 118
53 130
53 131
53 134
53 137
53 147
53 155
53 162
53 168
53 170
53 174
53 60
53 138
53 190
53 196
53 69
53 70
53 74
53 143
53 88
53 90
53 91
53 96
53 106
53 112
53 113
53 120
53 123
54 68
54 198
54 107
54 108
54 100
54 63
55 167
55 144
55 151
55 89
55 58
55 92
55 154
56 97
56 194
56 101
56 136
56 177
56 121
56 156
56 125
56 94
56 149
57 128
57 129
57 179
57 132
57 69
57 130
57 126
57 66
57 144
57 82
57 86
57 88
57 154
57 92
57 81
57 115
57 74
57 117
57 118
57 104
57 58
57 168
57 61
57 62
58 129
58 171
58 132
58 135
58 75
58 84
58 110
58 141
58 151
58 154
58 79
58 165
58 160
58 99
58 167
58 193
58 175
58 180
58 115
58 117
58 118
58 126
59 66
59 67
59 196
59 62
59 144
59 150
59 88
59 90
59 92
59 161
59 173
59 115
59 117
59 182
59 120
59 187
59 126
60 67
60 134
60 62
60 82
60 148
60 153
60 155
60 162
60 161
60 106
60 112
60 114
60 188
60 126
61 196
61 137
61 130
61 150
61 168
61 174
61 187
61 62
61 191
61 65
61 66
61 195
61 147
61 69
61 140
61 74
61 76
61 91
61 109
61 113
61 115
61 116
61 117
61 118
61 143
61 126
61 127
62 129
62 66
62 67
62 196
62 155
62 168
62 77
62 115
62 81
62 173
62 143
62 116
62 113
62 104
62 82
62 157
62 74
62 117
62 182
62 120
63 149
63 192
63 68
63 133
63 136
63 80
63 156
63 83
63 94
63 97
63 102
63 103
63 105
63 189
63 177
63 178
63 169
63 122
63 125
64 68
64 101
64 198
64 108
64 177
64 83
64 100
64 122
65 128
65 123
65 145
65 179
65 110
65 137
65 184
65 91
65 158
66 128
66 129
66 67
66 196
66 69
66 126
66 77
66 145
66 82
66 86
66 161
66 113
66 168
66 174
66 157
66 179
66 116
66 117
67 128
67 129
67 126
67 69
67 187
67 173
67 145
67 82
67 90
67 161
67 168
67 174
67 115
67 116
67 117
67 182
67 120
67 74
68 102
68 107
68 108
68 80
69 128
69 129
69 179
69 74
69 81
69 147
69 86
69 88
69 174
69 115
69 117
70 138
70 144
70 92
70 170
71 193
71 99
71 175
71 79
71 183
71 111
71 93
72 110
72 195
72 132
72 76
72 109
72 141
72 89
72 154
72 191
72 165
73 166
73 108
74 128
74 129
74 196
74 81
74 147
74 86
74 88
74 179
74 104
74 161
74 145
74 174
74 168
74 115
74 117
75 180
75 79
75 144
75 89
75 175
75 92
76 128
76 135
76 139
76 141
76 146
76 110
76 86
76 159
76 165
76 98
76 176
76 179
77 150
77 90
77 92
77 157
77 173
77 115
77 117
77 182
77 187
77 126
78 164
78 189
78 178
78 105
78 186
78 156
78 125
78 197
79 132
79 87
79 89
79 92
79 118
79 180
80 107
80 198
80 100
80 108
81 130
81 196
81 82
81 147
81 104
81 174
81 168
81 115
81 117
81 118
82 128
82 196
82 150
82 126
82 147
82 86
82 155
82 161
82 145
82 179
82 116
82 117
82 187
83 107
83 181
83 97
83 136
83 189
83 108
83 178
83 149
83 156
83 125
83 94
84 99
84 132
84 193
84 144
84 147
84 119
84 196
84 92
84 154
86 140
86 146
86 147
86 152
86 174
86 176
86 179
86 191
86 195
86 196
86 161
86 143
86 92
86 96
86 144
86 145
86 109
86 118
86 123
87 172
87 142
87 144
87 180
87 151
87 175
87 92
87 95
88 123
88 130
88 137
88 184
88 147
88 196
88 90
88 91
88 158
88 96
88 168
88 173
88 113
88 182
88 120
89 129
89 171
89 132
89 193
89 147
89 110
89 141
89 154
89 159
89 160
89 165
89 99
89 167
89 175
89 180
89 117
89 118
89 119
90 161
90 144
90 150
90 92
90 157
90 187
90 182
90 126
90 117
91 137
91 140
91 144
91 92
91 109
91 176
91 127
92 128
92 171
92 137
92 144
92 147
92 157
92 160
92 162
92 167
92 170
92 172
92 173
92 176
92 180
92 182
92 193
92 142
92 95
92 96
92 99
92 106
92 112
92 113
92 115
92 116
92 119
92 120
93 183
93 180
93 119
93 175
94 192
94 133
94 103
94 136
94 178
94 149
94 189
95 132
95 172
95 151
95 142
95 144
95 154
96 128
96 137
96 144
96 145
96 176
96 117
96 184
96 123
96 126
97 192
97 181
97 107
97 133
97 136
97 156
97 149
97 105
97 103
97 125
97 199
98 195
98 109
98 140
99 132
99 193
99 175
99 144
99 154
100 163
100 102
100 108
100 124
100 198
101 194
101 133
101 108
102 107
102 198
102 108
103 107
103 192
103 125
103 189
103 178
103 181
103 122
104 130
104 196
104 147
104 143
104 113
104 126
105 197
105 199
105 149
105 156
105 164
105 107
105 178
105 181
105 121
105 122
105 125
106 162
106 134
106 153
107 192
107 133
107 156
107 163
107 189
107 178
107 181
107 185
107 122
107 124
107 125
108 194
108 198
108 156
108 163
108 169
108 177
108 185
108 122
108 166
109 128
109 195
109 137
109 139
109 140
109 165
109 110
109 115
109 117
109 126
110 195
110 140
110 141
110 165
110 118
110 127
111 183
111 119
112 144
112 155
113 129
113 196
113 144
113 145
113 147
113 143
113 168
114 131
114 188
114 115
114 117
114 148
114 126
115 131
115 144
115 157
115 174
115 176
115 161
115 140
115 116
115 117
115 118
115 120
115 126
116 128
116 161
116 144
116 117
116 126
117 129
117 131
117 132
117 150
117 140
117 173
117 148
117 174
117 188
117 161
117 187
117 118
117 120
117 126
118 128
118 132
118 179
118 135
118 154
118 165
118 180
118 145
118 175
118 119
118 126
119 196
119 193
119 144
119 183
119 154
120 161
120 150
120 187
120 173
120 182
121 199
121 181
121 156
122 133
123 195
123 176
123 145
123 127
124 163
124 185
125 192
125 164
125 197
125 181
125 186
125 156
125 189
126 129
126 131
126 132
126 150
126 144
126 195
126 154
126 155
126 161
126 140
126 173
126 176
126 187
126 157
126 148
127 128
127 165
127 159
127 137
127 184
127 158
128 140
128 146
128 152
128 161
128 168
128 174
128 176
128 191
128 196
128 143
128 144
128 195
128 147
129 132
129 143
129 154
129 161
129 174
130 145
130 179
131 148
131 188
132 196
132 135
132 147
132 154
132 165
132 167
132 193
132 172
132 175
132 180
132 159
133 194
133 149
133 136
133 181
133 177
134 162
135 154
135 191
136 192
136 181
136 178
136 149
136 189
137 195
137 140
137 144
137 176
138 144
138 190
139 195
139 140
139 152
139 191
140 146
140 152
140 179
140 165
141 191
142 144
142 172
142 151
143 196
143 145
143 147
143 179
143 168
144 171
144 179
144 145
144 147
144 151
144 160
144 167
144 172
144 173
144 176
144 193
144 196
145 152
145 161
145 146
145 174
145 176
145 179
145 191
146 179
146 152
146 191
147 154
147 157
147 174
147 196
147 168
148 188
148 155
149 178
149 181
149 189
150 182
151 160
151 171
151 172
151 167
152 179
153 162
153 155
154 171
154 196
154 160
154 165
154 167
154 193
154 172
154 175
154 180
154 159
155 162
155 188
156 199
156 189
156 177
156 181
156 186
157 196
157 173
157 182
157 187
158 195
158 176
158 184
159 165
161 179
161 187
161 173
163 185
164 186
164 197
165 195
165 191
167 171
168 196
170 190
173 187
173 182
174 196
174 179
175 193
175 180
176 179
176 184
176 191
178 192
178 186
179 191
181 192
181 199
182 187
184 195
185 198
186 189
189 192
