0 64
0 176
0 55
0 88
0 126
1 160
1 135
1 168
1 9
1 138
1 45
1 47
1 17
1 85
1 137
1 25
1 15
1 188
1 61
1 94
2 65
2 3
2 196
2 70
2 129
2 73
2 10
2 175
2 78
2 88
2 18
2 147
2 20
2 142
2 23
2 90
2 27
2 157
2 185
2 98
2 123
2 195
2 39
2 105
2 170
2 176
2 49
2 116
2 84
2 59
2 127
3 129
3 152
3 132
3 133
3 7
3 73
3 75
3 81
3 146
3 83
3 20
3 24
3 90
3 91
3 156
3 199
3 163
3 100
3 104
3 42
3 171
3 172
3 52
3 187
3 59
3 60
3 189
4 32
4 192
4 197
4 103
4 41
4 193
4 11
4 46
4 112
4 167
4 180
4 87
4 56
4 29
4 31
5 162
5 196
5 165
5 104
5 73
5 42
5 194
5 110
5 79
5 51
5 20
5 151
5 52
5 90
5 59
5 60
5 63
6 131
6 139
6 13
6 142
6 143
6 22
6 23
6 152
6 154
6 27
6 28
6 30
6 33
6 34
6 155
6 164
6 166
6 40
6 156
6 171
6 44
6 181
6 55
6 62
6 191
6 64
6 195
6 198
6 74
6 78
6 141
6 84
6 36
6 97
6 106
6 119
7 129
7 132
7 133
7 13
7 144
7 146
7 131
7 21
7 22
7 28
7 33
7 35
7 164
7 166
7 156
7 172
7 178
7 51
7 54
7 55
7 59
7 189
7 63
7 65
7 182
7 198
7 71
7 187
7 78
7 83
7 84
7 92
7 97
7 98
7 99
7 100
7 104
7 114
7 117
7 120
7 121
7 191
7 126
8 96
8 69
8 193
8 11
8 14
8 17
8 26
8 29
8 94
8 31
8 161
8 167
8 108
8 177
8 115
8 118
8 183
8 56
8 122
8 124
8 61
9 135
9 137
9 138
9 12
9 15
9 85
9 25
9 26
9 186
9 160
9 161
9 38
9 168
9 46
9 47
9 48
9 50
9 115
9 53
9 57
9 58
9 188
9 61
9 149
10 99
10 78
10 111
10 147
10 116
10 55
10 175
10 126
11 193
11 69
11 177
11 82
11 87
11 89
11 26
11 95
11 96
11 48
11 197
11 102
11 38
11 167
11 41
11 47
11 112
11 72
11 180
11 118
11 56
11 122
11 124
12 67
12 135
12 72
12 14
12 82
12 149
12 150
12 25
12 26
12 186
12 94
12 96
12 38
12 168
12 45
12 46
12 47
12 115
12 53
12 118
12 58
12 188
12 61
13 130
13 107
13 182
13 119
13 141
13 142
13 16
13 145
13 195
13 84
13 22
13 23
13 152
13 164
13 71
13 91
13 28
13 154
13 30
13 34
13 35
13 131
13 139
13 39
13 170
13 171
13 173
13 174
13 157
13 114
13 54
13 55
13 184
13 121
13 62
13 191
14 135
14 82
14 19
14 25
14 26
14 38
14 45
14 46
14 47
14 72
14 50
14 115
14 53
14 122
14 140
14 188
14 61
15 160
15 168
15 45
15 46
15 48
15 50
15 115
15 150
15 137
15 25
16 35
16 71
16 39
16 145
16 131
16 54
16 157
17 38
17 138
17 47
17 48
17 50
17 85
17 57
17 188
17 94
18 43
18 74
18 175
18 130
18 144
18 91
18 33
18 98
18 35
18 171
18 178
18 111
18 114
18 116
18 126
18 54
18 55
18 185
18 62
19 192
19 134
19 140
19 80
19 87
19 89
19 161
19 102
19 115
19 25
19 53
19 180
19 122
20 64
20 129
20 68
20 198
20 199
20 74
20 75
20 190
20 79
20 144
20 81
20 83
20 21
20 91
20 28
20 30
20 33
20 34
20 163
20 36
20 37
20 171
20 172
20 51
20 52
20 126
20 55
20 59
20 62
20 63
21 68
21 75
21 81
21 146
21 83
21 132
21 163
21 166
21 42
21 199
21 172
21 114
21 117
21 60
21 190
22 198
22 65
22 126
22 133
22 144
22 146
22 99
22 28
22 33
22 35
22 100
22 70
22 97
22 40
22 92
22 71
22 117
22 182
22 169
22 120
22 187
22 74
22 62
23 64
23 128
23 131
23 133
23 126
23 142
23 143
23 146
23 91
23 28
23 30
23 33
23 155
23 198
23 40
23 44
23 114
23 116
23 55
23 127
24 97
24 162
24 101
24 166
24 129
24 79
24 151
24 194
24 110
24 111
24 51
24 116
24 55
24 153
24 59
24 156
24 165
25 138
25 183
25 80
25 82
25 85
25 26
25 159
25 160
25 161
25 38
25 168
25 108
25 45
25 46
25 47
25 72
25 140
25 118
25 137
25 57
25 122
25 188
25 61
26 96
26 197
26 148
26 122
26 89
26 29
26 95
26 103
26 41
26 45
26 76
26 50
26 115
26 180
26 53
26 118
26 87
26 31
27 139
27 141
27 142
27 143
27 144
27 154
27 155
27 28
27 30
27 33
27 164
27 37
27 40
27 169
27 170
27 171
27 44
27 174
27 49
27 158
27 182
27 184
27 191
27 198
27 181
27 70
27 84
27 36
27 91
27 93
27 99
27 106
27 107
27 116
27 119
27 120
27 121
27 126
28 129
28 131
28 133
28 139
28 142
28 143
28 171
28 157
28 158
28 164
28 39
28 170
28 43
28 44
28 173
28 49
28 178
28 179
28 181
28 54
28 185
28 65
28 70
28 71
28 77
28 141
28 84
28 86
28 36
28 91
28 93
28 98
28 106
28 109
28 114
28 117
29 193
29 69
29 140
29 76
29 82
29 148
29 177
29 87
29 159
29 95
29 197
29 136
29 102
29 167
29 46
29 112
29 72
29 118
29 183
29 31
30 128
30 130
30 131
30 142
30 144
30 43
30 33
30 34
30 155
30 164
30 37
30 40
30 171
30 44
30 54
30 187
30 189
30 62
30 64
30 65
30 70
30 74
30 91
30 92
30 198
30 99
30 100
30 105
30 106
30 120
30 121
30 126
30 127
31 96
31 136
31 197
31 72
31 46
31 112
31 82
31 148
31 122
31 118
32 192
32 134
32 103
32 41
32 167
32 46
32 112
32 56
32 159
32 95
33 128
33 130
33 142
33 144
33 145
33 157
33 35
33 39
33 40
33 170
33 171
33 174
33 49
33 182
33 189
33 62
33 195
33 198
33 78
33 84
33 88
33 91
33 93
33 105
33 114
33 119
33 120
33 121
33 123
33 126
34 129
34 130
34 171
34 143
34 146
34 131
34 152
34 91
34 156
34 157
34 97
34 155
34 36
34 166
34 39
34 40
34 106
34 43
34 44
34 125
34 49
34 181
34 74
34 62
35 65
35 182
35 86
35 198
35 77
35 145
35 91
35 92
35 157
35 133
35 98
35 100
35 39
35 169
35 144
35 171
35 174
35 178
35 179
35 117
35 54
35 185
35 187
35 189
35 126
36 64
36 128
36 195
36 74
36 142
36 143
36 152
36 155
36 164
36 37
36 105
36 106
36 44
36 181
36 121
36 191
36 70
36 62
36 127
37 128
37 64
37 40
37 105
37 107
37 184
37 49
37 181
37 88
37 154
37 127
38 161
38 135
38 168
38 45
38 115
38 53
38 58
38 188
38 186
38 94
38 149
39 131
39 130
39 74
39 171
39 86
39 91
39 157
39 198
39 144
39 71
39 126
39 55
39 62
40 64
40 171
40 184
40 139
40 142
40 143
40 144
40 152
40 99
40 88
40 154
40 91
40 92
40 93
40 100
40 105
40 106
40 107
40 44
40 174
40 176
40 49
40 187
40 182
40 169
40 120
40 123
40 70
40 189
40 126
41 192
41 96
41 134
41 136
41 140
41 76
41 82
41 148
41 87
41 89
41 95
41 103
41 112
41 180
41 118
42 129
42 68
42 199
42 73
42 196
42 75
42 66
42 81
42 83
42 132
42 90
42 175
42 190
42 63
43 65
43 175
43 131
43 98
43 71
43 77
43 145
43 86
43 91
43 133
43 97
43 156
43 171
43 146
43 111
43 114
43 179
43 116
43 117
43 54
43 55
44 155
44 70
44 106
44 119
44 142
44 143
44 195
44 152
45 135
45 72
45 137
45 80
45 82
45 85
45 160
45 161
45 108
45 47
45 48
45 140
45 53
45 183
45 57
45 188
45 61
46 193
46 197
46 72
46 138
46 148
46 85
46 137
46 89
46 103
46 168
46 167
46 177
46 136
46 115
46 180
46 53
46 57
46 61
47 67
47 161
47 168
47 48
47 50
47 115
47 53
47 150
47 58
47 61
47 94
48 160
48 67
48 168
48 115
48 150
48 57
48 94
49 64
49 171
49 152
49 154
49 93
49 91
49 107
49 175
49 116
49 55
49 184
50 160
50 135
50 72
50 138
50 183
50 140
50 80
50 82
50 85
50 186
50 94
50 96
50 161
50 168
50 108
50 115
50 118
50 137
50 58
50 149
51 68
51 101
51 104
51 156
51 146
51 79
51 113
51 114
51 60
51 190
52 129
52 66
52 68
52 97
52 146
52 114
52 117
52 132
52 156
52 190
52 133
53 72
53 138
53 82
53 85
53 150
53 159
53 96
53 161
53 168
53 108
53 115
53 118
53 183
53 57
53 58
53 188
54 65
54 130
54 131
54 77
54 145
54 86
54 71
54 98
54 144
54 178
54 114
54 179
54 126
54 55
55 129
55 142
55 147
55 164
55 176
55 128
55 185
55 59
55 191
55 65
55 195
55 70
55 78
55 88
55 93
55 98
55 105
55 146
55 114
55 116
55 119
55 121
55 125
55 127
56 193
56 136
56 197
56 102
56 167
56 72
56 76
56 80
56 180
56 87
56 122
57 67
57 72
57 138
57 58
57 168
57 186
57 94
57 149
58 149
58 67
58 138
58 150
58 85
59 129
59 68
59 133
59 194
59 151
59 153
59 175
59 156
59 97
59 162
59 165
59 166
59 110
59 111
59 113
59 114
59 116
59 117
60 97
60 66
60 68
60 166
60 129
60 104
60 73
60 199
60 79
60 81
60 146
60 132
60 156
60 190
60 63
61 135
61 80
61 82
61 159
61 161
61 168
61 108
61 72
61 140
61 183
61 122
61 188
62 130
62 131
62 139
62 109
62 152
62 156
62 157
62 164
62 198
62 166
62 170
62 171
62 173
62 174
62 181
62 191
62 65
62 70
62 141
62 91
62 97
62 146
62 125
62 126
63 129
63 66
63 75
63 81
63 83
63 132
63 90
63 133
63 163
63 104
63 199
63 172
63 114
63 117
63 190
64 128
64 195
64 142
64 88
64 164
64 154
64 93
64 170
64 191
64 176
64 181
64 121
64 184
64 84
64 123
64 70
64 127
65 171
65 133
65 139
65 130
65 91
65 156
65 174
65 114
65 126
65 117
66 68
66 199
66 104
66 73
66 75
66 81
66 83
66 90
67 149
67 150
67 186
67 85
68 196
68 199
68 73
68 81
68 132
68 90
68 104
68 172
68 190
69 197
69 102
69 140
69 80
69 180
69 89
69 124
70 128
70 131
70 130
70 74
70 139
70 141
70 143
70 173
70 146
70 169
70 100
70 181
70 155
70 105
70 106
70 109
70 174
70 114
70 158
70 189
70 127
71 131
71 145
71 77
71 141
71 99
71 86
71 92
71 157
71 158
71 133
71 100
71 109
71 173
71 179
71 117
71 120
71 187
71 189
72 192
72 193
72 197
72 134
72 161
72 103
72 168
72 167
72 177
72 115
73 129
73 111
73 116
73 196
73 90
73 175
73 190
74 131
74 98
74 141
74 78
74 173
74 152
74 88
74 100
74 91
74 92
74 157
74 99
74 171
74 109
74 178
74 158
74 120
74 185
74 123
74 125
74 126
74 181
75 132
75 83
76 96
76 197
76 167
76 177
76 82
76 148
76 95
77 179
77 145
77 86
78 171
78 133
78 97
78 175
78 130
78 144
78 146
78 147
78 91
78 156
78 99
78 100
78 198
78 166
78 111
78 189
78 117
78 120
78 125
78 126
79 113
79 165
80 193
80 140
80 87
80 89
80 197
80 102
80 167
80 108
80 177
80 115
80 183
80 124
81 129
81 133
81 199
81 83
81 132
81 156
81 163
81 104
81 172
81 114
81 117
81 190
82 136
82 148
82 89
82 161
82 103
82 115
82 180
82 87
83 129
83 132
83 156
83 97
83 163
83 166
83 172
83 114
83 117
83 190
84 128
84 144
84 156
84 175
84 130
84 198
84 105
84 106
84 111
84 126
84 121
84 191
84 127
85 168
85 138
85 115
85 150
85 94
86 145
86 157
87 193
87 197
87 136
87 148
87 159
87 96
87 167
87 108
87 112
87 177
87 118
87 95
88 123
88 107
88 111
88 176
88 116
88 171
88 184
88 154
88 175
88 126
88 198
89 140
89 159
89 102
89 108
89 112
89 180
89 183
89 122
89 95
89 124
90 129
90 111
90 116
90 190
91 130
91 98
91 198
91 129
91 144
91 145
91 131
91 171
91 152
91 195
91 105
91 178
91 126
91 119
91 185
91 123
91 127
92 129
92 133
92 97
92 139
92 158
92 173
92 145
92 146
92 156
92 100
92 109
92 174
92 189
92 114
92 117
92 125
92 126
93 105
93 128
93 175
93 111
93 144
93 126
93 127
94 135
94 138
94 188
95 96
95 180
95 197
95 134
95 148
95 118
96 192
96 134
96 148
96 103
96 136
96 115
96 118
96 122
97 129
97 132
97 133
97 146
97 156
97 163
97 172
97 99
97 104
97 111
97 116
98 133
98 145
98 116
98 117
98 185
99 128
99 131
99 139
99 141
99 147
99 166
99 105
99 173
99 114
99 117
99 120
99 127
100 141
100 144
100 146
100 156
100 174
100 189
100 114
100 169
100 187
100 125
101 113
101 153
101 110
102 167
102 140
102 180
102 124
102 197
103 134
103 108
103 112
103 180
103 183
103 192
103 122
103 159
104 129
104 133
104 146
104 132
104 156
104 163
104 166
104 199
104 172
104 114
104 117
104 190
105 128
105 198
105 139
105 119
105 141
105 142
105 173
105 144
105 195
105 164
105 154
105 106
105 171
105 109
105 111
105 158
105 120
105 121
105 191
105 170
105 175
105 181
106 128
106 143
106 152
106 164
106 155
106 170
106 181
106 119
106 127
107 128
107 131
107 184
107 181
107 154
107 127
108 192
108 161
108 180
108 197
108 183
108 140
108 122
109 128
109 131
109 141
109 146
109 158
109 127
110 165
110 194
110 151
110 153
111 128
111 195
111 196
111 147
111 121
111 142
111 164
111 146
111 119
111 170
111 127
112 197
112 134
112 180
113 162
113 151
113 153
113 194
114 131
114 132
114 133
114 142
114 144
114 145
114 198
114 169
114 174
114 178
114 182
114 187
114 117
114 119
114 120
114 126
115 160
115 135
115 138
115 159
115 168
115 118
115 137
115 122
115 140
116 128
116 195
116 196
116 119
116 142
116 147
116 157
116 123
116 166
116 178
116 185
116 125
116 127
117 131
117 132
117 133
117 145
117 146
117 156
117 163
117 166
117 169
117 172
117 174
117 178
117 182
117 185
117 195
117 199
117 119
118 168
118 122
118 136
119 131
119 133
119 175
119 144
119 146
119 195
119 164
119 155
119 198
119 166
119 171
119 191
119 170
119 126
119 127
120 128
120 131
120 198
120 146
120 147
120 156
120 174
120 169
120 125
120 126
120 127
121 130
121 131
121 198
121 144
121 195
121 164
121 170
121 175
121 191
121 126
121 181
122 197
122 159
122 161
122 177
122 180
122 183
123 198
123 126
124 180
124 140
124 197
125 130
125 171
125 152
125 126
125 187
125 189
126 129
126 130
126 142
126 144
126 145
126 147
126 164
126 170
126 174
126 176
126 187
126 189
126 191
126 198
126 146
127 128
127 139
127 141
127 142
127 173
127 144
127 184
127 171
127 154
127 158
127 170
127 181
128 181
128 139
128 141
128 142
128 173
128 144
128 184
128 195
128 171
128 158
128 170
129 132
129 144
129 146
129 152
129 196
129 199
129 163
129 166
129 171
130 131
130 198
130 158
130 141
130 144
130 142
130 152
130 157
130 164
130 170
130 171
130 173
131 133
131 139
131 142
131 141
131 184
131 171
131 152
131 164
131 154
131 158
131 195
131 157
131 191
132 133
132 146
132 163
132 166
132 199
132 172
132 190
133 145
133 187
133 146
133 195
133 142
133 156
133 199
133 166
133 172
133 178
133 174
133 185
133 189
134 159
134 192
135 161
135 186
135 188
135 149
136 193
136 197
136 167
136 177
137 168
138 168
138 186
139 166
139 156
140 159
140 161
140 197
140 167
140 177
140 180
140 183
141 173
141 146
141 158
141 187
142 175
142 146
142 198
142 181
143 155
143 195
143 181
143 152
144 195
144 198
144 164
144 170
144 191
144 157
144 187
144 189
145 171
145 198
145 178
145 179
145 185
146 152
146 156
146 157
146 158
146 166
146 174
146 187
146 191
147 175
148 197
148 167
148 177
149 168
149 188
149 186
150 186
151 194
151 165
152 156
152 155
152 171
152 181
154 184
155 195
155 181
156 187
156 199
156 163
156 166
156 189
157 198
157 171
157 178
157 185
158 173
159 192
159 180
159 197
160 168
161 168
161 183
161 188
162 165
163 166
163 199
163 172
164 166
164 175
164 191
164 181
165 194
166 195
166 187
166 175
166 172
166 189
167 193
167 197
167 177
168 186
169 174
170 175
170 191
171 198
171 195
171 178
172 199
174 198
174 182
175 195
175 196
175 176
175 191
177 193
177 197
178 185
180 183
181 195
181 184
181 191
182 187
182 189
183 197
186 188
187 198
187 189
189 198
190 196
190 199
191 195
191 198
193 197
195 198
