0 6
0 135
0 10
0 11
0 140
0 14
0 146
0 19
0 148
0 21
0 22
0 153
0 152
0 132
0 26
0 157
0 31
0 34
0 165
0 39
0 40
0 43
0 174
0 49
0 179
0 55
0 57
0 159
0 188
0 138
0 62
0 192
0 65
0 194
0 67
0 68
0 199
0 72
0 82
0 83
0 85
0 90
0 91
0 186
0 94
0 96
0 97
0 99
0 195
0 107
0 112
0 113
0 147
0 118
1 193
1 4
1 135
1 10
1 11
1 144
1 152
1 146
1 85
1 22
1 24
1 154
1 186
1 97
1 162
1 99
1 36
1 37
1 40
1 106
1 171
1 174
1 136
1 104
1 181
1 54
1 121
1 58
1 170
1 126
1 63
2 64
2 139
2 5
2 73
2 75
2 12
2 144
2 20
2 25
2 111
2 28
2 197
2 32
2 101
2 104
2 125
2 47
2 52
2 181
2 185
3 137
3 139
3 12
3 145
3 151
3 154
3 160
3 161
3 198
3 166
3 169
3 170
3 45
3 181
3 54
3 184
3 58
3 59
3 60
3 53
3 32
3 66
3 70
3 33
3 186
3 88
3 90
3 93
3 95
3 98
3 100
3 101
3 103
3 104
3 105
3 116
3 123
3 124
3 126
3 127
4 192
4 6
4 129
4 136
4 162
4 14
4 19
4 85
4 21
4 22
4 23
4 26
4 28
4 93
4 96
4 98
4 134
4 104
4 92
4 171
4 174
4 112
4 49
4 186
4 181
4 55
4 58
4 62
4 63
5 134
5 8
5 9
5 139
5 140
5 13
5 15
5 144
5 22
5 24
5 153
5 28
5 157
5 158
5 162
5 35
5 39
5 172
5 48
5 179
5 181
5 54
5 194
5 75
5 81
5 83
5 84
5 143
5 93
5 99
5 104
5 107
5 117
5 121
5 125
5 126
6 150
6 71
6 139
6 78
6 16
6 14
6 86
6 28
6 96
6 144
6 37
6 104
6 106
6 171
6 174
6 181
6 54
6 55
6 120
6 63
6 85
6 21
7 64
7 67
7 68
7 102
7 81
7 191
7 17
7 180
7 196
7 91
7 188
7 31
8 47
8 137
8 142
8 16
8 145
8 151
8 27
8 29
8 161
8 198
8 167
8 45
8 46
8 175
8 51
8 53
8 182
8 59
8 64
8 196
8 70
8 77
8 78
8 81
8 86
8 87
8 98
8 100
8 102
8 17
8 116
8 119
8 120
9 193
9 67
9 72
9 10
9 11
9 15
9 17
9 146
9 163
9 148
9 99
9 39
9 107
9 175
9 49
9 52
9 61
10 179
10 134
10 138
10 140
10 13
10 14
10 15
10 147
10 23
10 24
10 153
10 155
10 157
10 30
10 159
10 34
10 35
10 165
10 39
10 43
10 44
10 48
10 172
10 183
10 187
10 62
10 63
10 65
10 194
10 67
10 143
10 82
10 83
10 84
10 91
10 96
10 99
10 107
10 108
10 113
10 115
10 117
11 67
11 135
11 15
11 80
11 152
11 24
11 153
11 26
11 91
11 94
11 97
11 34
11 35
11 40
11 199
11 117
11 57
12 128
12 100
12 103
12 137
12 98
12 53
12 27
12 60
12 125
12 127
13 129
13 115
13 132
13 193
13 72
13 139
13 143
13 144
13 118
13 99
13 148
13 22
13 121
13 24
13 92
13 94
13 133
13 97
13 162
13 35
13 28
13 170
13 199
13 172
13 146
13 48
13 104
13 117
13 54
13 124
13 190
13 181
14 65
14 195
14 69
14 113
14 140
14 85
14 22
14 68
14 90
14 92
14 186
14 30
14 165
14 99
14 37
14 39
14 106
14 108
14 110
14 174
14 112
14 49
14 118
14 55
14 58
15 65
15 67
15 68
15 135
15 140
15 141
15 83
15 84
15 22
15 153
15 132
15 91
15 31
15 97
15 34
15 99
15 162
15 39
15 113
15 155
15 183
15 121
15 188
15 138
16 161
16 66
16 37
16 71
16 106
16 119
16 78
16 189
16 120
16 50
16 21
16 86
16 87
16 56
16 167
16 150
17 130
17 196
17 138
17 140
17 141
17 149
17 25
17 31
17 160
17 161
17 163
17 198
17 38
17 39
17 41
17 47
17 176
17 178
17 183
17 184
17 188
17 64
17 66
17 68
17 70
17 33
17 79
17 81
17 83
17 88
17 89
17 102
17 105
17 107
17 109
17 114
17 123
17 125
18 123
18 164
18 178
18 105
18 79
18 114
18 88
18 59
18 95
19 129
19 78
19 144
19 21
19 28
19 174
19 48
19 177
19 55
19 56
20 100
20 101
20 103
20 137
20 42
20 75
20 27
20 125
20 127
21 129
21 71
21 78
21 120
21 85
21 112
21 35
21 37
21 106
21 174
21 48
21 177
21 115
21 117
21 56
21 189
22 134
22 136
22 139
22 144
22 147
22 26
22 28
22 159
22 162
22 37
22 172
22 174
22 49
22 62
22 192
22 69
22 84
22 90
22 143
22 96
22 108
22 112
22 117
22 121
23 192
23 132
23 99
23 118
23 134
23 136
23 43
23 44
23 174
23 186
23 24
23 90
23 187
23 58
24 171
24 135
24 172
24 143
24 82
24 99
24 152
24 157
24 94
24 69
24 133
24 97
24 35
24 165
24 195
24 40
24 193
24 43
24 108
24 146
24 110
24 48
24 115
24 30
24 117
24 190
25 197
25 70
25 73
25 75
25 140
25 66
25 175
25 158
25 95
25 161
25 39
25 105
25 52
25 184
25 185
25 123
25 125
26 192
26 139
26 118
26 135
26 72
26 140
26 144
26 146
26 193
26 148
26 121
26 152
26 132
26 154
26 28
26 93
26 94
26 133
26 97
26 162
26 99
26 36
26 39
26 40
26 170
26 199
26 174
26 54
26 57
26 136
26 126
27 70
27 74
27 139
27 79
27 145
27 154
27 93
27 36
27 101
27 104
27 170
27 45
27 176
27 53
27 54
27 126
27 181
28 136
28 137
28 139
28 144
28 145
28 132
28 158
28 35
28 174
28 48
28 49
28 51
28 53
28 58
28 181
28 192
28 73
28 74
28 75
28 85
28 98
28 100
28 104
28 112
28 115
28 116
28 117
28 118
29 70
29 74
29 139
29 173
29 79
29 176
29 114
29 51
29 181
29 54
29 104
29 122
29 126
30 67
30 68
30 39
30 140
30 108
30 113
30 99
30 89
30 91
31 64
31 67
31 68
31 69
31 77
31 80
31 149
31 196
31 91
31 34
31 163
31 102
31 38
31 108
31 110
31 180
31 182
31 55
31 191
31 65
32 100
32 101
32 137
32 75
32 145
32 73
32 125
32 158
33 66
33 70
33 137
33 77
33 88
33 164
33 95
33 98
33 163
33 100
33 178
33 105
33 109
33 114
33 51
33 182
34 131
34 132
34 135
34 140
34 80
34 99
34 84
34 91
34 97
34 35
34 39
34 199
34 117
34 118
34 188
35 192
35 131
35 132
35 162
35 136
35 143
35 80
35 84
35 118
35 112
35 36
35 40
35 144
35 199
35 48
35 115
35 117
35 54
35 121
36 137
36 76
36 142
36 143
36 173
36 85
36 186
36 98
36 168
36 122
36 171
36 172
36 45
36 174
36 115
36 117
36 58
36 124
36 170
36 63
37 136
37 139
37 120
37 132
37 186
37 144
37 162
37 106
37 171
37 174
37 177
37 118
37 56
37 121
37 58
37 63
37 189
37 85
38 65
38 66
38 70
38 88
38 169
38 91
38 130
38 160
38 161
38 163
38 166
38 41
38 176
38 113
38 105
38 184
38 123
39 195
39 140
39 175
39 82
39 84
39 197
39 91
39 156
39 69
39 165
39 113
39 107
39 110
39 111
39 49
39 179
39 52
39 185
39 61
40 135
40 72
40 143
40 80
40 152
40 146
40 148
40 199
40 97
40 193
40 171
40 172
40 49
40 63
41 130
41 70
41 74
41 142
41 88
41 95
41 163
41 145
41 105
41 178
41 114
41 51
41 116
41 53
41 109
42 98
42 73
42 75
42 158
43 162
43 134
43 44
43 147
43 121
43 90
43 187
43 157
43 62
43 159
44 99
44 134
44 174
44 147
44 186
44 187
44 62
44 159
45 76
45 142
45 79
45 81
45 100
45 98
45 103
45 168
45 114
45 51
45 116
45 126
46 197
46 73
46 111
46 125
46 158
47 64
47 65
47 102
47 81
47 113
47 75
47 149
47 73
47 153
47 89
47 125
47 191
48 129
48 193
48 144
48 146
48 154
48 93
48 94
48 97
48 112
48 115
48 117
48 126
49 133
49 136
49 138
49 139
49 140
49 141
49 146
49 148
49 132
49 154
49 155
49 162
49 170
49 179
49 181
49 54
49 55
49 57
49 58
49 190
49 192
49 193
49 194
49 199
49 72
49 183
49 186
49 91
49 93
49 94
49 96
49 97
49 99
49 104
49 107
49 121
49 124
49 126
50 167
50 177
50 87
50 81
50 86
50 119
50 120
50 189
51 70
51 161
51 74
51 139
51 76
51 130
51 79
51 144
51 81
51 173
51 151
51 88
51 95
51 160
51 198
51 145
51 104
51 168
51 114
51 116
51 181
51 54
51 184
51 122
51 59
52 197
52 73
52 138
52 75
52 140
52 141
52 81
52 153
52 111
52 156
52 158
52 107
52 175
52 91
52 179
52 185
52 183
52 61
53 130
53 70
53 137
53 74
53 145
53 79
53 144
53 81
53 100
53 101
53 176
53 114
53 126
54 137
54 74
54 76
54 142
54 143
54 145
54 85
54 100
54 168
54 173
54 116
54 122
55 192
55 132
55 69
55 136
55 174
55 68
55 90
55 92
55 96
55 99
55 113
55 108
55 110
55 112
55 118
55 121
55 58
55 188
56 119
56 78
56 177
56 92
56 189
56 150
56 85
57 193
57 67
57 133
57 72
57 146
57 148
57 91
57 94
57 97
57 190
58 192
58 132
58 134
58 136
58 137
58 144
58 147
58 154
58 90
58 93
58 96
58 98
58 106
58 171
58 174
58 126
58 121
58 186
58 62
58 63
59 70
59 137
59 77
59 151
59 161
59 98
59 100
59 198
59 166
59 169
59 182
59 184
59 185
59 123
60 128
60 98
60 100
60 168
60 74
60 76
60 137
61 194
61 67
61 75
61 140
61 83
61 153
61 91
61 156
61 158
61 107
61 111
61 179
61 185
62 192
62 132
62 118
62 134
62 136
62 174
62 157
62 186
62 90
62 187
63 135
63 85
63 152
63 199
63 99
63 106
63 171
63 174
63 124
63 170
63 126
64 149
64 67
64 68
64 102
64 81
64 73
64 180
64 113
64 89
64 91
64 188
64 158
65 67
65 68
65 140
65 80
65 82
65 83
65 84
65 149
65 153
65 89
65 91
65 96
65 99
65 131
65 165
65 108
65 110
65 113
65 188
65 195
66 198
66 137
66 81
66 151
66 184
66 95
66 160
66 98
66 100
66 105
66 109
66 178
66 169
66 120
66 185
66 123
67 131
67 141
67 196
67 155
67 163
67 165
67 135
67 175
67 180
67 182
67 183
67 188
67 138
67 195
67 68
67 77
67 80
67 83
67 84
67 89
67 91
67 94
67 102
67 107
67 108
67 113
68 196
68 69
68 82
68 195
68 89
68 91
68 96
68 165
68 102
68 108
68 110
68 113
68 180
68 191
68 188
69 96
69 165
69 140
69 82
69 110
69 91
69 188
70 130
70 178
70 198
70 137
70 74
70 76
70 77
70 145
70 79
70 81
70 163
70 151
70 88
70 95
70 160
70 123
70 100
70 166
70 168
70 109
70 176
70 114
70 182
70 105
70 184
70 185
70 169
71 150
71 120
71 86
71 78
72 193
72 97
72 146
72 83
72 148
72 153
72 91
72 94
73 75
73 197
73 175
73 149
73 111
73 158
73 101
73 104
73 156
73 185
73 125
74 128
74 130
74 145
74 139
74 79
74 144
74 81
74 88
74 103
74 104
74 173
74 176
74 114
74 122
74 181
75 139
75 175
75 149
75 111
75 156
75 158
75 181
75 125
76 128
76 137
76 139
76 142
76 79
76 144
76 100
76 154
76 104
76 170
76 176
76 114
76 116
76 181
76 124
76 126
76 127
77 138
77 141
77 151
77 89
77 155
77 123
77 198
77 166
77 81
77 169
77 107
77 182
77 183
77 184
77 188
78 112
78 150
78 129
78 119
78 177
78 189
78 81
78 86
78 87
78 92
78 167
78 85
79 130
79 109
79 173
79 88
79 168
79 176
79 178
80 135
80 131
80 84
80 91
80 97
80 99
80 199
80 113
80 188
81 173
81 149
81 86
81 150
81 197
81 160
81 161
81 98
81 163
81 100
81 145
81 182
81 119
81 184
81 180
82 195
82 140
82 99
82 110
82 165
83 193
83 140
83 141
83 148
83 149
83 153
83 99
83 107
83 175
83 179
83 138
84 192
84 136
84 162
84 91
84 97
84 113
84 117
84 121
85 118
85 136
85 139
85 144
85 86
85 132
85 154
85 93
85 150
85 162
85 106
85 174
85 189
85 177
85 181
85 121
85 124
85 170
85 126
86 150
86 120
87 167
87 120
88 130
88 137
88 142
88 173
88 164
88 98
88 100
88 145
88 168
88 109
88 176
88 114
88 116
88 122
89 149
89 196
89 91
89 96
89 163
89 102
89 108
89 113
89 180
89 182
89 191
90 192
90 132
90 136
90 162
90 147
90 157
90 159
90 96
90 98
90 106
90 118
90 121
91 131
91 133
91 148
91 196
91 165
91 135
91 180
91 190
91 191
91 197
91 94
91 99
91 102
91 110
91 113
92 143
92 132
92 96
92 172
92 174
92 112
92 177
92 115
92 117
92 118
92 189
93 137
93 154
93 98
93 124
93 122
93 171
93 173
93 174
93 115
93 116
93 117
93 170
93 126
94 193
94 135
94 146
94 115
94 148
94 152
94 199
95 100
95 161
95 114
95 164
95 105
95 137
95 98
95 156
95 185
96 132
96 129
96 136
96 186
96 162
96 99
96 174
96 112
96 118
96 121
96 188
97 131
97 133
97 135
97 152
97 143
97 199
97 193
97 148
97 115
97 190
98 128
98 198
98 161
98 142
98 144
98 124
98 151
98 100
98 103
98 168
98 105
98 154
98 186
98 137
98 170
98 127
99 131
99 134
99 183
99 143
99 141
99 153
99 172
99 155
99 165
99 195
99 113
99 115
99 108
100 181
100 161
100 139
100 142
100 144
100 151
100 198
100 105
100 170
100 168
100 116
100 137
100 127
101 145
101 125
102 191
102 149
102 188
103 137
103 142
103 145
103 116
103 127
104 129
104 137
104 139
104 143
104 172
104 174
104 181
104 106
104 116
104 117
104 125
105 161
105 137
105 164
105 156
105 130
105 163
105 178
105 109
105 111
105 114
105 182
105 185
106 192
106 132
106 136
106 139
106 174
106 177
106 181
106 118
106 189
107 135
107 153
107 155
107 197
107 163
107 182
108 113
108 188
109 178
109 114
109 176
109 130
110 195
110 165
110 113
110 188
111 156
111 158
111 166
111 175
111 184
111 123
112 132
112 144
112 162
112 174
112 117
112 118
112 121
113 140
113 131
113 165
113 195
114 130
114 142
114 163
114 164
114 168
114 178
114 116
114 122
115 129
115 135
115 139
115 143
115 144
115 146
115 172
115 117
115 126
116 137
116 139
116 142
116 144
116 154
116 170
116 168
116 124
116 126
117 192
117 129
117 139
117 132
117 135
117 136
117 154
117 170
117 162
117 118
117 124
117 126
117 181
118 132
118 144
118 147
118 159
119 177
119 189
120 161
120 167
120 150
121 192
121 136
121 143
121 162
121 172
121 157
122 173
122 176
122 126
123 137
123 156
123 161
123 163
123 166
123 169
123 182
124 154
124 168
124 170
124 171
124 173
124 126
125 139
125 149
125 175
125 156
125 158
125 185
126 137
126 142
126 173
126 145
126 186
126 168
126 171
126 174
127 128
127 168
127 137
128 137
128 168
129 144
129 139
129 174
129 177
129 181
130 163
130 178
130 176
130 182
131 152
131 188
132 192
132 136
132 144
132 147
132 159
132 172
132 186
133 193
133 172
133 143
133 146
133 190
134 174
134 187
134 157
135 194
135 179
135 138
135 141
135 171
135 153
136 192
136 144
136 147
136 162
136 174
136 186
137 139
137 142
137 144
137 151
137 154
137 160
137 161
137 198
137 166
137 168
137 169
137 181
137 184
137 186
138 197
138 141
138 155
138 163
138 183
139 143
139 144
139 186
139 158
139 172
139 168
139 181
140 153
140 165
140 197
140 175
140 179
140 185
141 182
141 183
141 153
141 163
141 155
141 197
142 154
142 168
143 199
143 144
143 154
143 162
143 172
143 181
143 190
144 192
144 186
144 158
144 168
144 172
144 174
145 176
146 148
146 190
146 153
147 192
147 186
147 187
147 159
148 153
149 191
149 153
149 188
149 158
150 189
151 198
151 161
151 164
151 163
152 171
152 172
153 197
153 193
153 179
154 186
154 168
154 172
155 182
155 183
155 163
155 197
156 160
156 166
156 175
156 184
156 169
156 158
157 174
157 187
157 159
158 175
158 197
158 181
158 185
159 187
160 161
160 182
160 185
160 184
160 163
161 198
161 184
161 178
161 169
161 185
162 192
162 186
162 172
162 174
163 194
163 183
163 166
163 179
163 184
163 188
163 169
164 198
164 169
165 195
166 169
166 185
168 176
169 182
171 186
172 199
172 181
173 176
174 192
174 181
174 187
174 186
175 185
175 197
176 178
177 189
179 194
179 182
179 197
180 188
182 184
182 188
183 197
184 185
185 197
186 192
186 187
190 193
191 196
194 197
