0 192
0 1
0 2
0 3
0 4
0 5
0 6
0 7
0 72
0 73
0 10
0 140
0 66
0 14
0 15
0 16
0 17
0 18
0 19
0 78
0 23
0 153
0 69
0 32
0 98
0 102
0 194
0 170
0 82
0 111
0 178
0 181
0 57
0 58
0 146
0 61
0 126
0 85
1 192
1 2
1 4
1 5
1 6
1 8
1 9
1 140
1 66
1 194
1 15
1 16
1 17
1 18
1 19
1 20
1 85
1 152
1 201
1 27
1 156
1 69
1 32
1 98
1 102
1 38
1 103
1 40
1 105
1 44
1 45
1 111
1 72
1 178
1 108
1 73
1 60
1 146
2 66
2 3
2 4
2 5
2 6
2 8
2 9
2 140
2 194
2 14
2 15
2 16
2 17
2 82
2 19
2 20
2 85
2 152
2 201
2 156
2 69
2 98
2 102
2 103
2 40
2 18
2 111
2 72
2 178
2 181
2 73
2 192
2 146
3 4
3 5
3 166
3 7
3 72
3 18
3 66
3 111
3 82
3 181
3 15
4 5
4 6
4 178
4 72
4 194
4 140
4 66
4 15
4 16
4 82
4 85
4 111
4 102
5 69
5 6
5 8
5 9
5 140
5 66
5 14
5 15
5 16
5 17
5 18
5 19
5 20
5 85
5 152
5 201
5 156
5 98
5 102
5 103
5 40
5 194
5 82
5 111
5 72
5 178
5 181
5 73
5 192
5 146
6 8
6 9
6 202
6 140
6 66
6 194
6 15
6 16
6 17
6 146
6 19
6 20
6 85
6 152
6 201
6 27
6 69
6 32
6 98
6 102
6 38
6 103
6 40
6 105
6 44
6 45
6 111
6 72
6 178
6 108
6 73
6 192
7 129
7 132
7 181
7 71
7 72
7 137
7 10
7 11
7 190
7 14
7 15
7 82
7 19
7 139
7 78
7 23
7 153
7 98
7 166
7 104
7 172
7 18
7 125
7 114
7 117
7 118
7 121
7 57
7 58
7 61
7 126
7 149
8 192
8 194
8 9
8 140
8 66
8 16
8 19
8 20
8 85
8 152
8 201
8 27
8 69
8 102
8 38
8 103
8 40
8 105
8 108
8 45
8 111
8 178
8 73
9 192
9 201
9 68
9 73
9 202
9 175
9 12
9 66
9 194
9 15
9 17
9 146
9 19
9 20
9 21
9 98
9 27
9 154
9 69
9 32
9 178
9 34
9 163
9 102
9 38
9 103
9 40
9 105
9 170
9 44
9 45
9 46
9 111
9 108
9 140
9 179
9 119
9 85
10 129
10 132
10 137
10 139
10 14
10 15
10 17
10 146
10 19
10 149
10 23
10 153
10 154
10 32
10 35
10 167
10 170
10 172
10 179
10 181
10 57
10 58
10 60
10 61
10 190
10 63
10 11
10 71
10 72
10 78
10 82
10 94
10 98
10 100
10 104
10 18
10 114
10 117
10 118
10 119
10 121
10 125
10 126
11 193
11 126
11 132
11 146
11 74
11 13
11 78
11 190
11 18
11 179
11 84
11 117
11 88
11 89
11 91
11 62
11 181
12 192
12 163
12 68
12 38
12 136
12 105
12 202
12 108
12 175
12 46
12 44
12 87
12 88
12 201
12 27
13 193
13 67
13 84
13 198
13 88
14 129
14 137
14 15
14 16
14 146
14 19
14 149
14 23
14 153
14 155
14 32
14 33
14 169
14 170
14 172
14 181
14 57
14 58
14 60
14 61
14 190
14 63
14 71
14 72
14 77
14 82
14 86
14 94
14 98
14 100
14 102
14 104
14 18
14 114
14 117
14 118
14 121
14 125
14 126
15 72
15 140
15 66
15 16
15 17
15 18
15 19
15 20
15 85
15 23
15 152
15 153
15 156
15 69
15 32
15 98
15 102
15 40
15 194
15 170
15 125
15 82
15 111
15 178
15 181
15 73
15 57
15 58
15 192
15 60
15 61
15 146
16 73
16 140
16 66
16 17
16 18
16 19
16 20
16 85
16 23
16 152
16 153
16 155
16 156
16 69
16 33
16 98
16 102
16 103
16 40
16 194
16 111
16 72
16 178
16 60
16 61
17 201
17 194
17 72
17 119
17 140
17 66
17 78
17 18
17 19
17 21
17 154
17 27
17 181
17 69
17 32
17 98
17 102
17 38
17 103
17 40
17 105
17 170
17 44
17 146
17 111
17 108
17 178
17 179
17 117
17 73
17 202
17 192
17 85
18 137
18 146
18 19
18 149
18 23
18 153
18 32
18 129
18 170
18 172
18 181
18 57
18 58
18 60
18 61
18 190
18 66
18 139
18 71
18 72
18 78
18 82
18 98
18 100
18 102
18 104
18 114
18 117
18 118
18 121
18 125
18 126
19 140
19 194
19 20
19 21
19 152
19 153
19 154
19 27
19 32
19 33
19 34
19 35
19 167
19 40
19 170
19 44
19 45
19 178
19 179
19 181
19 201
19 57
19 58
19 60
19 61
19 63
19 192
19 66
19 69
19 72
19 73
19 78
19 85
19 86
19 98
19 100
19 102
19 103
19 105
19 108
19 146
19 111
19 117
19 119
19 125
20 192
20 140
20 66
20 85
20 86
20 152
20 201
20 155
20 156
20 93
20 69
20 32
20 98
20 102
20 103
20 40
20 194
20 108
20 45
20 178
20 73
20 60
20 61
21 192
21 193
21 162
21 75
21 98
21 78
21 146
21 22
21 154
21 32
21 34
21 35
21 100
21 167
21 170
21 44
21 47
21 108
21 179
21 52
21 117
21 119
21 57
21 58
21 60
22 34
22 35
22 164
22 167
22 75
22 162
22 47
22 177
22 52
22 119
22 189
23 129
23 72
23 137
23 76
23 77
23 149
23 86
23 121
23 153
23 155
23 29
23 158
23 33
23 98
23 104
23 169
23 71
23 82
23 125
23 114
23 181
23 118
23 57
23 58
23 60
23 61
23 126
23 63
24 80
24 128
24 162
24 37
24 168
24 90
24 188
24 200
25 50
25 158
25 157
25 118
25 71
26 83
26 159
27 192
27 66
27 68
27 69
27 202
27 194
27 146
27 201
27 175
27 32
27 98
27 163
27 102
27 38
27 103
27 105
27 44
27 178
27 46
27 111
27 108
27 140
27 73
27 136
28 180
28 116
28 101
28 86
28 169
28 120
28 41
28 155
28 76
28 31
29 128
29 129
29 200
29 137
29 138
29 76
29 77
29 79
29 188
29 149
29 86
29 153
29 90
29 155
29 122
29 94
29 37
29 33
29 162
29 100
29 101
29 39
29 104
29 41
29 107
29 125
29 176
29 114
29 30
29 118
29 121
29 120
29 57
29 58
29 59
29 60
29 61
29 169
29 63
30 37
30 200
30 41
30 138
30 76
30 109
30 120
30 122
30 59
30 90
30 101
31 76
31 116
32 140
32 154
32 162
32 35
32 167
32 40
32 170
32 44
32 45
32 178
32 179
32 52
32 57
32 58
32 60
32 61
32 63
32 192
32 193
32 194
32 69
32 72
32 73
32 75
32 34
32 78
32 94
32 98
32 100
32 102
32 108
32 146
32 117
32 119
32 125
33 72
33 73
33 138
33 76
33 77
33 79
33 152
33 149
33 86
33 137
33 153
33 90
33 155
33 156
33 94
33 98
33 100
33 101
33 39
33 40
33 41
33 125
33 176
33 104
33 114
33 118
33 121
33 57
33 58
33 60
33 61
33 169
33 63
34 192
34 193
34 75
34 162
34 78
34 146
34 154
34 94
34 98
34 35
34 100
34 167
34 170
34 44
34 47
34 108
34 179
34 52
34 117
34 119
34 57
34 58
34 60
34 63
35 192
35 193
35 162
35 75
35 98
35 78
35 146
35 154
35 94
35 100
35 167
35 188
35 170
35 108
35 47
35 179
35 52
35 117
35 119
35 57
35 58
35 60
35 63
36 174
36 141
36 54
36 157
37 128
37 101
37 135
37 200
37 41
37 138
37 107
37 120
37 122
37 59
37 90
37 94
38 192
38 194
38 68
38 69
38 202
38 201
38 163
38 103
38 105
38 44
38 178
38 46
38 175
38 108
38 140
38 73
38 136
39 135
39 138
39 75
39 76
39 77
39 79
39 86
39 169
39 90
39 47
39 93
39 94
39 162
39 155
39 100
39 41
39 107
39 125
39 45
39 176
39 177
39 180
39 119
39 57
39 58
39 60
39 61
39 63
40 192
40 201
40 119
40 140
40 66
40 77
40 146
40 85
40 86
40 152
40 154
40 155
40 156
40 93
40 69
40 98
40 102
40 103
40 194
40 170
40 108
40 45
40 72
40 178
40 73
40 58
40 60
40 61
40 63
41 135
41 138
41 76
41 77
41 79
41 86
41 90
41 155
41 180
41 101
41 169
41 107
41 176
41 116
41 120
41 121
41 59
41 63
42 171
42 182
43 120
43 135
44 192
44 66
44 201
44 68
44 69
44 193
44 136
44 202
44 119
44 98
44 78
44 146
44 88
44 154
44 163
44 194
44 105
44 170
44 108
44 46
44 175
44 179
44 73
45 192
45 194
45 201
45 69
45 119
45 140
45 85
45 86
45 152
45 154
45 156
45 93
45 98
45 102
45 170
45 103
45 108
45 177
45 178
45 73
45 60
45 61
45 63
46 192
46 163
46 68
46 136
46 105
46 202
46 108
46 175
46 87
46 88
46 201
47 100
47 75
47 162
47 189
47 177
47 52
47 119
47 164
47 154
47 167
47 94
47 127
48 112
48 49
48 134
48 81
49 112
49 182
49 134
50 114
50 99
50 118
50 71
50 157
50 158
51 186
51 87
51 131
51 143
51 55
52 167
52 170
52 75
52 162
52 177
52 119
52 154
53 97
54 141
54 174
54 157
55 186
55 131
55 143
55 87
57 128
57 137
57 149
57 153
57 154
57 155
57 162
57 129
57 169
57 170
57 181
57 58
57 60
57 61
57 190
57 63
57 71
57 72
57 76
57 77
57 86
57 90
57 94
57 98
57 100
57 104
57 188
57 167
57 146
57 114
57 117
57 118
57 119
57 121
57 125
57 126
58 129
58 137
58 149
58 153
58 154
58 155
58 162
58 169
58 170
58 176
58 60
58 138
58 63
58 72
58 73
58 76
58 77
58 79
58 86
58 90
58 94
58 98
58 100
58 104
58 188
58 167
58 146
58 61
58 114
58 117
58 118
58 119
58 121
58 125
58 126
59 101
59 135
59 200
59 138
59 107
59 76
59 77
59 79
59 122
59 120
59 90
60 162
60 140
60 152
60 153
60 154
60 155
60 169
60 170
60 176
60 178
60 61
60 63
60 192
60 194
60 69
60 72
60 73
60 75
60 76
60 77
60 79
60 85
60 86
60 90
60 93
60 94
60 98
60 100
60 102
60 167
60 108
60 146
60 117
60 119
60 121
60 125
61 137
61 140
61 149
61 152
61 153
61 154
61 155
61 156
61 162
61 169
61 170
61 176
61 178
61 138
61 63
61 72
61 73
61 76
61 77
61 79
61 85
61 86
61 90
61 94
61 98
61 100
61 104
61 114
61 118
61 119
61 121
61 125
62 84
62 117
62 183
62 132
62 179
62 91
62 172
62 126
62 78
62 190
63 137
63 149
63 153
63 154
63 155
63 162
63 170
63 176
63 180
63 138
63 72
63 73
63 76
63 77
63 79
63 86
63 169
63 90
63 93
63 94
63 98
63 100
63 104
63 188
63 167
63 114
63 117
63 119
63 121
63 125
65 80
65 130
65 148
65 183
65 168
65 132
65 204
66 140
66 194
66 85
66 201
66 69
66 98
66 102
66 103
66 105
66 146
66 111
66 72
66 178
66 73
66 192
67 88
67 113
67 198
68 192
68 163
68 136
68 105
68 202
68 108
68 175
68 201
69 140
69 194
69 146
69 85
69 152
69 201
69 156
69 98
69 102
69 103
69 105
69 170
69 111
69 72
69 178
69 108
69 73
69 192
71 128
71 129
71 137
71 139
71 190
71 149
71 157
71 158
71 96
71 104
71 172
71 114
71 118
71 153
71 121
71 126
72 137
72 140
72 194
72 149
72 152
72 153
72 155
72 156
72 169
72 178
72 181
72 73
72 77
72 82
72 85
72 86
72 98
72 102
72 146
72 111
72 114
72 118
72 121
72 125
73 140
73 194
73 146
73 152
73 154
73 156
73 155
73 170
73 178
73 192
73 201
73 85
73 86
73 98
73 102
73 103
73 108
73 111
73 119
74 89
74 84
75 193
75 100
75 170
75 167
75 162
75 177
75 119
75 154
75 94
75 117
76 138
76 77
76 79
76 86
76 169
76 90
76 155
76 94
76 101
76 107
76 109
76 125
76 176
76 114
76 180
76 121
76 120
77 137
77 138
77 162
77 79
77 149
77 86
77 153
77 90
77 155
77 93
77 94
77 98
77 100
77 101
77 107
77 125
77 176
77 104
77 114
77 180
77 118
77 121
77 169
78 181
78 192
78 98
78 190
78 146
78 84
78 88
78 154
78 91
78 193
78 167
78 170
78 179
78 119
78 126
78 117
79 135
79 138
79 86
79 90
79 155
79 93
79 94
79 162
79 100
79 101
79 107
79 125
79 176
79 177
79 180
79 169
79 120
80 128
80 130
80 132
80 129
80 104
80 204
80 172
80 200
80 168
80 188
80 157
81 182
81 134
82 166
82 190
82 181
82 153
82 126
83 123
84 181
84 193
84 190
84 146
84 179
84 88
84 89
84 91
84 126
84 117
85 140
85 152
85 201
85 156
85 98
85 102
85 103
85 194
85 111
85 178
86 138
86 156
86 152
86 169
86 90
86 155
86 94
86 98
86 100
86 101
86 125
86 93
86 176
86 114
86 180
86 121
86 140
87 131
87 163
87 136
87 186
87 143
88 193
88 198
88 105
88 163
89 91
90 128
90 129
90 200
90 137
90 138
90 188
90 149
90 121
90 153
90 155
90 94
90 162
90 100
90 101
90 104
90 125
90 176
90 114
90 118
90 169
91 132
91 139
91 190
91 172
91 126
91 181
92 160
92 115
92 124
93 107
93 176
93 177
93 180
94 128
94 129
94 162
94 154
94 188
94 121
94 155
94 100
94 104
94 169
94 170
94 167
94 125
94 176
94 114
94 117
94 138
94 119
95 184
95 145
95 106
96 130
96 139
96 172
98 140
98 194
98 152
98 153
98 154
98 167
98 170
98 178
98 179
98 181
98 192
98 100
98 102
98 108
98 146
98 111
98 117
98 119
98 125
98 126
99 109
100 128
100 129
100 137
100 149
100 153
100 154
100 155
100 162
100 169
100 170
100 176
100 138
100 104
100 188
100 167
100 114
100 117
100 119
100 121
100 125
101 135
101 138
101 155
101 180
101 107
101 109
101 114
101 116
101 169
101 120
101 121
101 122
102 194
102 140
102 152
102 201
102 156
102 146
102 103
102 105
102 108
102 111
102 178
102 192
103 192
103 140
103 152
103 201
103 156
103 194
103 108
103 111
103 178
104 128
104 129
104 137
104 139
104 190
104 149
104 153
104 169
104 172
104 157
104 114
104 158
104 118
104 121
104 188
104 125
104 126
105 192
105 202
105 175
105 146
105 163
105 194
105 178
105 111
105 108
105 140
105 201
105 136
106 112
106 134
107 138
107 135
107 176
107 180
107 120
108 192
108 194
108 201
108 193
108 202
108 119
108 146
108 154
108 178
108 170
108 167
108 175
108 140
108 179
108 117
109 120
109 122
110 144
110 164
110 127
111 140
111 194
111 146
111 201
111 178
112 134
113 124
114 129
114 137
114 138
114 149
114 153
114 155
114 169
114 125
114 158
114 118
114 121
115 160
116 120
117 192
117 193
117 179
117 190
117 154
117 167
117 188
117 170
117 146
117 162
117 126
117 119
117 125
118 128
118 129
118 137
118 149
118 155
118 158
118 169
118 157
118 153
118 121
118 125
118 126
119 192
119 193
119 194
119 162
119 146
119 154
119 125
119 170
119 167
119 177
119 179
120 135
120 138
120 176
120 169
120 180
120 122
121 129
121 137
121 138
121 149
121 153
121 155
121 125
121 169
122 200
122 138
124 195
125 128
125 129
125 137
125 149
125 153
125 154
125 155
125 162
125 169
125 170
125 176
125 138
125 188
125 167
125 126
126 128
126 139
126 132
126 181
126 129
126 190
126 153
126 172
126 137
126 149
127 144
127 164
127 189
128 129
128 132
128 200
128 137
128 204
128 149
128 157
128 162
128 172
128 188
129 132
129 137
129 139
129 190
129 149
129 153
129 162
129 172
129 157
129 188
130 148
130 132
130 204
130 139
130 172
131 143
131 186
132 139
132 204
132 172
132 190
132 188
135 138
135 176
135 180
136 163
136 202
136 175
137 190
137 149
137 153
137 155
137 158
137 169
137 172
138 200
138 155
138 176
138 180
138 169
139 166
139 172
139 190
139 149
139 153
139 181
140 192
140 194
140 146
140 152
140 201
140 156
140 178
141 157
141 174
143 186
144 164
144 189
146 194
146 154
146 167
146 170
146 178
146 179
146 181
146 192
146 193
146 202
147 183
148 168
148 204
149 190
149 153
149 155
149 158
149 169
149 172
149 157
150 185
150 187
152 194
152 155
152 156
152 169
152 178
153 190
153 155
153 158
153 169
153 172
153 181
154 192
154 193
154 194
154 162
154 167
154 170
154 179
155 156
155 176
155 169
156 169
156 178
157 158
161 173
162 188
162 170
162 167
162 176
163 202
163 175
164 189
166 181
166 190
167 192
167 193
167 188
167 170
167 179
168 204
169 176
169 180
170 192
170 194
170 193
170 179
172 181
172 190
175 192
175 202
175 201
176 177
176 180
178 194
178 201
178 192
179 192
179 193
181 190
185 187
188 200
192 201
192 194
192 193
192 202
194 201
194 202
197 200
197 203
201 202
