0 1
0 2
0 3
0 4
0 134
0 129
0 8
0 11
0 13
0 17
0 147
0 22
0 26
0 29
0 31
0 48
0 34
0 165
0 38
0 39
0 40
0 176
0 49
0 50
0 183
0 56
0 58
0 61
0 198
0 67
0 197
0 70
0 203
0 80
0 139
0 85
0 87
0 91
0 92
0 96
0 105
0 107
0 154
0 121
0 122
0 123
0 125
1 128
1 2
1 3
1 4
1 134
1 129
1 8
1 11
1 13
1 17
1 147
1 22
1 26
1 29
1 30
1 31
1 176
1 34
1 165
1 38
1 39
1 40
1 48
1 49
1 50
1 183
1 56
1 58
1 61
1 198
1 67
1 197
1 70
1 203
1 80
1 139
1 85
1 87
1 91
1 92
1 96
1 105
1 107
1 154
1 121
1 122
1 123
1 125
2 3
2 4
2 134
2 129
2 8
2 11
2 13
2 17
2 147
2 22
2 26
2 29
2 31
2 48
2 34
2 165
2 38
2 39
2 40
2 176
2 49
2 50
2 183
2 56
2 58
2 61
2 198
2 67
2 197
2 70
2 203
2 80
2 139
2 85
2 87
2 91
2 92
2 96
2 105
2 107
2 154
2 121
2 122
2 123
2 125
3 4
3 134
3 129
3 8
3 11
3 13
3 17
3 147
3 22
3 26
3 29
3 31
3 48
3 34
3 165
3 38
3 39
3 40
3 176
3 49
3 50
3 183
3 56
3 58
3 61
3 198
3 67
3 197
3 70
3 203
3 80
3 139
3 85
3 87
3 91
3 92
3 96
3 105
3 107
3 154
3 121
3 122
3 123
3 125
4 134
4 129
4 8
4 128
4 11
4 13
4 17
4 147
4 22
4 26
4 29
4 31
4 176
4 34
4 165
4 38
4 39
4 40
4 48
4 49
4 50
4 183
4 56
4 58
4 61
4 198
4 67
4 197
4 70
4 203
4 80
4 139
4 85
4 87
4 91
4 92
4 96
4 105
4 107
4 154
4 121
4 122
4 123
4 125
5 198
5 71
5 136
5 73
5 203
5 15
5 80
5 149
5 87
5 88
5 92
5 157
5 48
5 163
5 165
5 103
5 107
5 44
5 175
5 112
5 49
5 119
5 122
5 123
5 127
6 144
6 23
6 7
7 144
7 98
7 83
7 148
7 55
7 23
7 146
8 193
8 9
8 128
8 139
8 15
8 17
8 18
8 21
8 22
8 153
8 29
8 30
8 31
8 48
8 39
8 40
8 176
8 49
8 50
8 51
8 183
8 56
8 58
8 190
8 65
8 71
8 129
8 203
8 77
8 78
8 80
8 87
8 93
8 95
8 107
8 115
8 119
8 122
8 125
9 128
9 65
9 71
9 139
9 77
9 78
9 15
9 17
9 18
9 21
9 151
9 153
9 93
9 30
9 129
9 107
9 176
9 177
9 183
9 51
9 54
9 119
9 125
9 190
10 82
10 180
10 168
10 137
10 175
10 157
10 47
11 197
11 70
11 201
11 139
11 76
11 13
11 67
11 90
11 85
11 22
11 26
11 91
11 198
11 29
11 31
11 96
11 33
11 34
11 134
11 38
11 39
11 40
11 105
11 189
11 50
11 147
11 56
11 121
11 58
11 123
11 124
11 61
11 165
12 64
12 192
12 133
12 198
12 199
12 200
12 75
12 141
12 80
12 145
12 19
12 87
12 152
12 158
12 161
12 49
12 172
12 173
12 48
12 113
12 120
12 122
12 189
13 197
13 70
13 201
13 76
13 67
13 90
13 85
13 26
13 91
13 29
13 31
13 96
13 33
13 34
13 139
13 134
13 38
13 39
13 40
13 105
13 50
13 147
13 155
13 56
13 121
13 58
13 124
13 61
14 66
14 86
14 57
14 140
14 114
14 174
14 45
15 128
15 65
15 203
15 51
15 71
15 183
15 78
15 80
15 18
15 21
15 87
15 88
15 92
15 93
15 30
15 95
15 176
15 129
15 193
15 107
15 157
15 48
15 49
15 115
15 119
15 122
15 123
15 125
16 96
16 34
16 59
16 166
16 194
16 76
16 138
16 108
16 109
16 179
16 74
16 201
16 202
16 154
16 155
16 90
17 65
17 128
17 75
17 192
17 77
17 80
17 115
17 139
17 21
17 22
17 87
17 153
17 29
17 30
17 31
17 176
17 39
17 40
17 105
17 129
17 172
17 110
17 93
17 48
17 49
17 50
17 51
17 117
17 56
17 58
17 125
17 190
17 63
18 128
18 65
18 51
18 129
18 183
18 77
18 78
18 81
18 20
18 21
18 151
18 28
18 93
18 30
18 95
18 193
18 71
18 176
18 115
18 54
18 119
19 64
19 192
19 133
19 161
19 200
19 199
19 141
19 173
19 113
19 152
19 189
20 81
20 28
20 54
20 151
21 128
21 65
21 115
21 71
21 139
21 77
21 78
21 80
21 203
21 87
21 153
21 92
21 93
21 30
21 95
21 176
21 129
21 193
21 107
21 48
21 49
21 183
21 51
21 119
21 122
21 125
22 133
22 134
22 192
22 141
22 145
22 147
22 26
22 29
22 158
22 31
22 33
22 38
22 39
22 40
22 176
22 172
22 48
22 49
22 50
22 56
22 58
22 61
22 64
22 67
22 75
22 80
22 139
22 85
22 87
22 91
22 102
22 105
22 110
22 189
22 120
22 121
22 122
22 124
22 125
23 89
24 82
24 131
24 137
24 136
24 57
24 175
25 32
25 42
25 27
25 53
25 126
26 197
26 70
26 201
26 76
26 67
26 139
26 85
26 90
26 91
26 198
26 29
26 31
26 96
26 33
26 34
26 155
26 134
26 38
26 39
26 40
26 105
26 189
26 50
26 147
26 56
26 121
26 58
26 123
26 124
26 61
26 165
27 32
27 53
27 42
27 126
27 46
28 81
28 54
28 151
29 134
29 129
29 128
29 147
29 154
29 30
29 31
29 176
29 34
29 165
29 38
29 39
29 40
29 48
29 49
29 50
29 183
29 56
29 58
29 61
29 198
29 67
29 197
29 70
29 203
29 80
29 139
29 85
29 87
29 91
29 92
29 96
29 105
29 107
29 121
29 122
29 123
29 125
30 128
30 107
30 65
30 183
30 77
30 78
30 80
30 193
30 115
30 87
30 92
30 93
30 95
30 176
30 145
30 129
30 122
30 71
30 203
30 48
30 49
30 51
30 119
30 58
30 123
30 125
31 134
31 129
31 147
31 48
31 34
31 165
31 38
31 39
31 40
31 176
31 49
31 50
31 183
31 56
31 58
31 61
31 198
31 67
31 197
31 70
31 80
31 139
31 85
31 87
31 90
31 91
31 96
31 105
31 107
31 154
31 121
31 122
31 123
31 125
32 52
32 53
32 170
32 42
32 126
32 46
33 134
33 39
33 72
33 105
33 75
33 172
33 189
33 50
33 147
33 120
33 91
33 124
33 61
33 158
34 197
34 70
34 201
34 76
34 67
34 139
34 85
34 154
34 90
34 91
34 96
34 155
34 134
34 38
34 40
34 105
34 147
34 56
34 121
34 58
34 61
34 166
35 66
35 101
36 202
36 106
36 188
36 194
37 149
37 197
37 163
37 196
37 165
37 134
37 73
37 74
37 140
37 174
37 143
37 112
37 108
37 179
37 85
37 41
37 152
37 90
37 59
37 188
37 127
38 197
38 70
38 201
38 76
38 67
38 90
38 85
38 91
38 96
38 139
38 134
38 166
38 39
38 40
38 105
38 110
38 154
38 50
38 147
38 117
38 56
38 121
38 58
38 61
38 62
39 133
39 134
39 147
39 158
39 48
39 40
39 172
39 176
39 49
39 50
39 56
39 58
39 61
39 192
39 67
39 75
39 141
39 80
39 139
39 85
39 87
39 91
39 105
39 110
39 189
39 117
39 120
39 121
39 124
39 125
40 134
40 129
40 147
40 48
40 165
40 176
40 49
40 50
40 183
40 56
40 58
40 61
40 198
40 67
40 197
40 70
40 203
40 80
40 139
40 85
40 87
40 90
40 91
40 96
40 105
40 107
40 154
40 121
40 122
40 123
40 125
41 163
41 196
41 108
41 74
41 140
41 142
41 143
41 112
41 114
41 179
41 149
41 90
41 59
41 188
41 174
41 127
42 53
42 126
43 100
43 132
43 68
43 116
43 111
44 165
44 163
44 198
44 103
44 136
44 73
44 203
44 112
44 149
44 137
44 123
44 92
44 157
44 127
45 114
45 86
45 136
45 57
45 140
46 170
46 52
46 53
47 82
47 180
47 168
47 137
47 157
47 175
48 129
48 128
48 139
48 141
48 147
48 133
48 165
48 193
48 157
48 176
48 49
48 50
48 51
48 183
48 56
48 58
48 192
48 64
48 65
48 70
48 71
48 203
48 80
48 85
48 87
48 198
48 93
48 95
48 145
48 105
48 107
48 115
48 119
48 121
48 122
48 123
48 125
49 129
49 128
49 139
49 141
49 147
49 133
49 176
49 165
49 193
49 157
49 50
49 51
49 183
49 56
49 58
49 192
49 65
49 70
49 71
49 203
49 198
49 78
49 80
49 87
49 92
49 93
49 95
49 107
49 115
49 119
49 121
49 122
49 123
49 125
50 133
50 134
50 147
50 158
50 176
50 172
50 56
50 58
50 61
50 192
50 67
50 75
50 141
50 80
50 139
50 85
50 87
50 91
50 105
50 110
50 189
50 117
50 120
50 121
50 122
50 124
50 125
51 128
51 65
51 203
51 71
51 183
51 77
51 78
51 80
51 87
51 153
51 93
51 95
51 176
51 102
51 145
51 129
51 193
51 115
51 119
51 122
51 125
52 170
53 126
53 170
54 81
54 151
54 93
55 98
55 83
55 148
55 150
56 134
56 129
56 147
56 176
56 165
56 183
56 58
56 61
56 198
56 67
56 197
56 70
56 203
56 80
56 139
56 85
56 87
56 90
56 91
56 92
56 96
56 105
56 107
56 154
56 121
56 122
56 123
56 125
57 136
57 82
57 131
57 86
57 137
58 134
58 129
58 128
58 147
58 176
58 165
58 183
58 61
58 198
58 67
58 197
58 70
58 203
58 80
58 139
58 85
58 87
58 91
58 92
58 96
58 105
58 107
58 154
58 121
58 122
58 123
58 125
59 112
59 197
59 196
59 73
59 74
59 140
59 174
59 108
59 114
59 179
59 90
59 188
59 202
59 127
60 98
60 83
60 150
60 94
61 197
61 70
61 201
61 76
61 67
61 90
61 85
61 91
61 198
61 96
61 139
61 134
61 105
61 147
61 121
61 123
61 124
61 189
61 165
62 181
62 162
62 117
62 184
62 186
62 178
62 166
63 162
63 69
63 139
63 110
63 178
63 181
63 184
63 153
63 186
63 187
63 190
63 117
64 192
64 193
64 133
64 200
64 75
64 141
64 145
64 87
64 95
64 161
64 102
64 176
64 172
64 173
64 113
64 115
64 120
64 125
65 128
65 129
65 115
65 71
65 139
65 77
65 78
65 80
65 203
65 87
65 153
65 93
65 95
65 176
65 193
65 107
65 183
65 119
65 122
65 125
66 101
66 182
67 197
67 70
67 201
67 76
67 147
67 90
67 85
67 91
67 96
67 165
67 139
67 134
67 105
67 154
67 155
67 121
67 123
67 124
68 116
68 132
68 100
68 111
69 178
69 117
69 184
69 153
69 186
69 187
69 190
69 110
70 197
70 134
70 129
70 76
70 77
70 80
70 139
70 85
70 154
70 87
70 198
70 92
70 96
70 165
70 122
70 107
70 203
70 125
70 147
70 183
70 121
70 123
70 166
71 128
71 203
71 129
71 183
71 77
71 78
71 80
71 87
71 88
71 92
71 93
71 95
71 176
71 193
71 107
71 115
71 119
71 122
71 125
72 195
72 199
72 200
72 75
72 172
72 173
72 120
72 91
72 124
72 189
72 158
73 165
73 197
73 198
73 103
73 136
73 203
73 140
73 157
73 112
73 163
73 149
73 123
73 127
74 138
74 108
74 109
74 143
74 76
74 179
74 201
74 90
74 155
74 188
74 202
74 197
75 200
75 133
75 102
75 105
75 141
75 145
75 172
75 120
75 192
75 124
75 189
75 158
76 197
76 201
76 90
76 155
76 154
76 96
76 134
76 108
76 109
76 179
76 138
76 121
76 166
77 128
77 139
77 177
77 107
77 129
77 190
77 183
77 153
77 93
78 128
78 203
78 183
78 80
78 93
78 95
78 129
78 193
78 176
78 115
78 119
78 122
78 125
79 104
79 166
80 129
80 128
80 139
80 141
80 147
80 133
80 176
80 165
80 193
80 157
80 183
80 192
80 203
80 198
80 87
80 92
80 93
80 95
80 107
80 115
80 119
80 121
80 122
80 123
80 125
81 151
82 136
82 131
82 137
82 175
83 98
83 148
83 150
83 146
84 164
84 156
85 197
85 199
85 200
85 201
85 90
85 149
85 152
85 91
85 198
85 96
85 165
85 163
85 105
85 189
85 147
85 121
85 123
85 124
85 134
86 131
86 137
86 136
86 171
86 140
87 129
87 128
87 139
87 141
87 147
87 133
87 176
87 165
87 193
87 157
87 183
87 192
87 203
87 198
87 93
87 95
87 102
87 145
87 105
87 107
87 115
87 119
87 121
87 122
87 123
87 125
88 99
88 136
88 183
88 175
88 107
88 203
88 119
88 92
88 157
90 197
90 134
90 201
90 147
90 91
90 96
90 165
90 155
90 108
90 179
90 121
91 197
91 134
91 199
91 201
91 120
91 152
91 158
91 165
91 105
91 172
91 189
91 200
91 147
91 121
91 124
92 183
92 203
92 175
92 93
92 176
92 198
92 103
92 129
92 122
92 107
92 157
92 119
92 123
93 128
93 203
93 183
93 153
93 95
93 176
93 129
93 193
93 107
93 115
93 119
93 122
93 125
95 128
95 145
95 176
95 102
95 129
95 193
95 115
95 119
95 122
95 125
96 197
96 201
96 154
96 139
96 134
96 107
96 147
96 121
96 166
97 168
97 180
98 148
100 116
100 132
100 111
102 133
102 193
102 172
102 141
102 176
102 145
102 192
102 115
102 125
103 165
103 163
103 198
103 136
103 137
103 203
103 140
103 112
103 149
103 123
103 157
103 127
104 166
104 118
105 134
105 192
105 141
105 139
105 120
105 158
105 172
105 110
105 125
105 189
105 147
105 117
105 121
105 124
107 128
107 139
107 203
107 154
107 176
107 198
107 122
107 129
107 183
107 119
107 121
107 123
107 125
108 194
108 138
108 109
108 143
108 179
108 201
108 202
108 155
109 160
109 194
109 201
109 179
109 169
109 202
109 155
109 138
110 181
110 162
110 139
110 178
110 117
110 184
110 153
110 186
110 187
111 132
111 116
112 165
112 197
112 198
112 136
112 140
112 157
112 114
112 163
112 149
112 123
112 127
113 161
113 133
113 199
113 200
113 192
113 141
113 173
113 152
113 189
114 188
114 196
114 174
114 140
114 127
115 133
115 128
115 192
115 176
115 145
115 129
115 193
115 119
115 122
115 125
116 132
117 162
117 139
117 178
117 181
117 184
117 153
117 186
117 187
118 160
118 167
119 128
119 203
119 175
119 176
119 129
119 193
119 157
119 183
119 122
119 123
119 125
120 192
120 195
120 133
120 199
120 141
120 147
120 158
120 172
120 173
120 200
120 124
120 189
121 134
121 147
121 165
121 183
121 198
121 197
121 201
121 139
121 166
121 154
121 122
121 123
121 125
122 129
122 128
122 139
122 141
122 133
122 176
122 165
122 193
122 157
122 183
122 192
122 203
122 198
122 123
122 125
123 134
123 147
123 149
123 152
123 133
123 176
123 163
123 165
123 157
123 183
123 198
123 197
123 203
123 139
123 125
123 127
124 192
124 134
124 199
124 141
124 147
124 158
124 172
124 200
124 189
125 133
125 129
125 128
125 139
125 192
125 141
125 147
125 153
125 176
125 198
125 193
125 172
125 183
125 145
127 165
127 197
127 198
127 136
127 140
127 163
127 149
127 157
128 139
128 193
128 153
128 176
128 129
128 203
128 183
128 190
129 139
129 153
129 193
129 176
129 203
129 183
129 190
130 144
131 137
133 192
133 198
133 193
133 200
133 141
133 145
133 152
133 158
133 161
133 176
133 172
133 173
133 189
133 199
134 197
134 201
134 152
134 198
134 139
134 189
134 147
134 165
136 175
136 137
136 157
137 175
137 157
138 160
138 194
138 201
138 179
138 169
138 155
138 202
139 147
139 153
139 176
139 183
139 197
139 166
139 154
140 196
140 174
140 142
140 188
141 192
141 199
141 200
141 145
141 158
141 161
141 176
141 172
141 173
141 189
142 196
142 174
143 179
143 185
144 146
145 176
145 193
145 172
145 192
147 152
147 158
147 165
147 189
147 198
147 197
147 199
147 200
147 201
148 150
149 165
149 197
149 163
149 196
149 198
149 174
149 157
149 152
151 190
152 198
152 161
152 199
152 200
152 173
152 163
152 165
152 189
153 183
153 187
153 190
154 197
154 201
154 164
154 166
155 201
155 179
155 169
156 164
157 198
157 203
157 175
157 163
157 165
157 168
157 180
158 172
158 195
158 192
158 173
158 200
158 189
158 199
159 191
161 192
161 199
161 200
161 173
161 189
162 181
162 178
162 184
163 165
163 197
163 196
163 198
163 174
165 198
165 197
166 181
168 180
169 201
172 192
172 199
172 200
172 189
173 199
173 192
173 200
173 189
174 188
174 196
175 203
176 192
176 193
176 183
176 198
176 203
177 183
178 181
178 187
178 184
178 186
179 201
179 202
179 188
179 197
181 184
181 186
183 203
184 187
184 186
186 187
188 196
189 192
189 200
189 195
189 199
192 199
192 200
193 203
194 202
195 199
195 200
197 198
197 201
198 203
199 200
