0 1
0 3
0 9
0 23
0 12
0 14
0 16
0 19
0 20
0 78
0 151
0 24
0 89
0 90
0 159
0 164
0 166
0 170
0 171
0 46
0 49
0 182
1 65
1 171
1 170
1 6
1 142
1 14
1 151
1 46
1 49
1 20
1 78
1 182
1 23
1 24
1 89
1 106
1 62
1 197
2 51
2 3
2 164
2 101
2 166
2 12
2 175
2 99
2 22
2 87
2 58
2 90
2 159
3 176
3 99
3 164
3 101
3 166
3 9
3 170
3 12
3 78
3 175
3 16
3 51
3 24
3 90
3 159
4 84
4 198
4 9
4 170
4 139
4 15
5 48
5 177
5 26
5 67
5 21
5 181
5 136
5 10
5 79
5 45
5 13
6 197
6 65
6 171
6 142
6 49
6 20
6 14
6 182
6 23
6 46
6 62
7 57
7 11
8 58
8 172
8 38
9 176
9 101
9 70
9 170
9 139
9 78
9 175
9 16
9 99
9 24
9 164
9 90
9 166
9 159
10 48
10 177
10 67
10 21
10 181
10 26
10 79
10 13
10 45
11 81
11 75
11 61
12 51
12 128
12 42
12 109
12 78
12 19
12 149
12 87
12 90
12 126
12 159
13 48
13 177
13 26
13 136
13 79
13 45
13 21
14 171
14 197
14 106
14 151
14 46
14 49
14 20
14 142
14 182
14 23
14 24
14 89
14 62
14 198
15 84
15 106
15 198
16 176
16 164
16 101
16 166
16 170
16 78
16 99
16 51
16 24
17 25
17 158
17 105
19 128
19 51
19 126
19 149
19 87
19 42
19 90
19 78
19 109
20 171
20 142
20 197
20 65
20 151
20 46
20 49
20 78
20 182
20 23
20 24
20 89
20 170
20 62
21 48
21 177
21 45
21 67
21 181
21 136
21 44
21 26
22 172
22 58
23 142
23 197
23 65
23 106
23 171
23 192
23 46
23 49
23 182
23 151
23 24
23 89
23 62
24 164
24 166
24 151
24 46
24 49
24 171
24 78
24 182
24 89
24 90
24 170
24 159
25 34
25 116
25 105
25 66
25 158
26 48
26 177
26 45
26 67
26 136
26 79
26 44
29 150
29 119
29 88
29 140
29 157
29 47
30 162
30 92
30 63
34 66
34 116
34 54
35 76
35 36
36 76
37 114
37 122
37 69
37 199
37 39
38 128
38 87
38 58
38 172
38 109
38 175
39 114
39 199
39 122
39 59
39 69
40 41
40 155
41 155
42 128
42 51
42 149
42 87
42 90
42 109
42 126
44 48
44 160
44 45
44 189
45 48
45 177
45 67
45 181
45 136
46 171
46 197
46 142
46 106
46 151
46 78
46 49
46 182
46 89
46 170
46 62
47 150
47 119
47 88
47 187
47 140
47 157
48 177
48 67
48 181
48 136
49 171
49 170
49 142
49 151
49 78
49 182
49 89
49 106
49 62
49 197
51 166
51 78
52 161
52 102
53 82
55 72
55 130
55 60
58 87
58 172
58 175
59 122
60 72
60 130
61 81
61 75
61 133
62 192
62 197
62 65
62 171
62 142
62 182
62 151
63 162
63 92
64 113
64 123
65 142
65 197
66 116
66 158
66 105
67 177
67 181
67 136
69 114
69 122
69 199
70 139
71 83
71 132
75 81
75 137
77 190
77 95
78 164
78 166
78 170
78 175
78 182
78 151
78 89
78 90
78 159
79 177
79 167
81 133
83 96
83 132
84 106
84 198
85 94
87 128
87 90
87 126
87 109
88 157
88 140
88 150
89 171
89 106
89 151
89 182
89 170
90 128
90 164
90 166
90 175
90 99
90 170
90 159
91 152
91 196
92 162
93 201
95 190
96 132
99 176
99 164
99 101
99 166
99 175
99 159
101 164
101 166
101 176
101 159
104 203
104 118
105 158
106 198
106 182
106 171
107 184
107 121
107 194
109 128
109 149
109 126
110 187
113 168
113 123
113 165
114 199
118 203
119 157
119 150
121 184
121 194
122 199
123 168
123 165
126 128
126 149
128 149
134 185
136 177
138 195
139 170
140 157
140 150
142 197
142 171
142 182
142 151
149 151
150 157
151 171
151 182
152 196
156 187
159 164
159 166
159 170
159 175
163 167
164 176
164 166
164 170
164 175
165 168
166 176
166 170
166 175
170 182
170 175
170 176
171 192
171 182
172 178
177 181
182 197
184 194
186 204
