0 128
0 1
0 2
0 3
0 4
0 5
0 7
0 8
0 172
0 10
0 11
0 140
0 14
0 15
0 16
0 18
0 19
0 21
0 23
0 24
0 26
0 156
0 30
0 31
0 37
0 166
0 39
0 44
0 46
0 48
0 177
0 51
0 180
0 56
0 58
0 190
0 64
0 65
0 75
0 76
0 90
0 91
0 92
0 95
0 98
0 102
0 120
0 124
1 128
1 2
1 3
1 4
1 5
1 7
1 8
1 172
1 10
1 11
1 140
1 14
1 15
1 16
1 18
1 19
1 21
1 23
1 26
1 156
1 30
1 31
1 176
1 37
1 166
1 39
1 44
1 46
1 48
1 177
1 51
1 180
1 56
1 58
1 190
1 64
1 65
1 75
1 76
1 90
1 91
1 92
1 95
1 98
1 102
1 120
1 124
2 3
2 4
2 5
2 134
2 7
2 8
2 172
2 128
2 11
2 140
2 14
2 15
2 16
2 18
2 19
2 21
2 23
2 26
2 156
2 30
2 31
2 176
2 37
2 166
2 39
2 44
2 46
2 48
2 177
2 51
2 180
2 56
2 58
2 10
2 190
2 64
2 65
2 69
2 71
2 75
2 76
2 90
2 91
2 92
2 95
2 98
2 102
2 108
2 120
2 124
3 4
3 5
3 134
3 7
3 8
3 10
3 11
3 140
3 14
3 15
3 16
3 18
3 19
3 23
3 154
3 156
3 26
3 30
3 31
3 176
3 37
3 166
3 39
3 172
3 46
3 48
3 128
3 56
3 58
3 190
3 64
3 65
3 71
3 72
3 75
3 90
3 91
3 92
3 95
3 98
3 102
3 108
3 124
4 5
4 134
4 7
4 8
4 172
4 10
4 11
4 140
4 14
4 15
4 16
4 18
4 19
4 23
4 26
4 156
4 30
4 31
4 176
4 37
4 166
4 39
4 44
4 46
4 48
4 128
4 183
4 56
4 58
4 190
4 64
4 65
4 71
4 72
4 73
4 74
4 75
4 90
4 91
4 92
4 95
4 98
4 102
4 108
4 147
4 124
5 7
5 8
5 128
5 11
5 14
5 15
5 16
5 18
5 19
5 21
5 24
5 156
5 30
5 31
5 197
5 37
5 166
5 39
5 40
5 44
5 46
5 48
5 177
5 51
5 58
5 10
5 65
5 69
5 75
5 76
5 78
5 89
5 90
5 95
5 102
5 110
5 114
5 116
5 120
5 124
6 104
6 106
6 92
6 154
6 190
7 134
7 8
7 172
7 128
7 11
7 140
7 14
7 15
7 16
7 18
7 19
7 23
7 26
7 156
7 30
7 31
7 176
7 37
7 166
7 39
7 44
7 46
7 48
7 177
7 51
7 180
7 183
7 56
7 58
7 10
7 190
7 64
7 65
7 74
7 75
7 90
7 91
7 92
7 95
7 98
7 102
7 108
7 120
7 124
8 128
8 172
8 10
8 11
8 140
8 14
8 15
8 16
8 145
8 18
8 19
8 23
8 26
8 156
8 30
8 31
8 176
8 37
8 166
8 39
8 40
8 44
8 46
8 48
8 51
8 56
8 58
8 134
8 64
8 65
8 69
8 71
8 72
8 75
8 76
8 90
8 91
8 92
8 95
8 98
8 102
8 108
8 114
8 190
8 124
9 134
9 72
9 73
9 138
9 108
9 175
9 176
9 147
9 84
9 153
9 26
9 63
10 172
10 128
10 11
10 140
10 14
10 15
10 16
10 18
10 19
10 21
10 23
10 26
10 156
10 30
10 31
10 176
10 37
10 166
10 39
10 44
10 46
10 48
10 177
10 51
10 180
10 56
10 58
10 190
10 64
10 65
10 75
10 76
10 90
10 91
10 92
10 95
10 98
10 102
10 108
10 120
10 124
11 134
11 14
11 15
11 16
11 17
11 19
11 20
11 23
11 156
11 30
11 31
11 37
11 166
11 39
11 40
11 44
11 48
11 128
11 158
11 58
11 65
11 69
11 71
11 72
11 75
11 76
11 89
11 90
11 95
11 98
11 102
11 145
11 110
11 168
11 114
11 116
11 124
12 117
12 179
12 69
12 89
12 197
12 44
12 29
12 110
12 93
13 96
13 50
13 116
13 85
13 24
13 76
13 130
13 78
14 128
14 172
14 140
14 15
14 16
14 18
14 19
14 21
14 23
14 24
14 26
14 156
14 30
14 31
14 176
14 37
14 166
14 39
14 44
14 46
14 48
14 177
14 51
14 180
14 183
14 56
14 58
14 190
14 64
14 65
14 69
14 74
14 75
14 76
14 90
14 91
14 92
14 95
14 98
14 102
14 108
14 120
14 124
15 134
15 140
15 16
15 18
15 19
15 23
15 26
15 156
15 30
15 31
15 176
15 37
15 166
15 39
15 172
15 46
15 48
15 128
15 183
15 56
15 58
15 190
15 64
15 65
15 71
15 72
15 73
15 74
15 75
15 90
15 91
15 92
15 95
15 98
15 102
15 108
15 124
16 134
16 172
16 128
16 140
16 18
16 19
16 23
16 26
16 156
16 30
16 31
16 176
16 37
16 166
16 39
16 44
16 46
16 48
16 177
16 51
16 180
16 56
16 58
16 190
16 64
16 65
16 75
16 90
16 91
16 92
16 95
16 98
16 102
16 108
16 120
16 124
17 98
17 107
17 36
17 69
17 39
17 72
17 74
17 204
17 93
17 79
17 19
17 20
17 147
17 132
17 71
17 27
17 124
17 29
17 191
18 172
18 75
18 140
18 120
18 19
18 21
18 90
18 101
18 30
18 31
18 176
18 98
18 37
18 65
18 167
18 156
18 197
18 44
18 46
18 48
18 177
18 128
18 180
18 183
18 56
18 58
18 95
18 74
18 166
19 147
19 21
19 24
19 156
19 30
19 31
19 176
19 197
19 36
19 37
19 166
19 39
19 44
19 46
19 48
19 128
19 183
19 56
19 58
19 65
19 69
19 74
19 75
19 76
19 89
19 90
19 95
19 98
19 101
19 110
19 124
20 192
20 69
20 134
20 71
20 72
20 138
20 77
20 145
20 79
20 82
20 23
20 158
20 95
20 164
20 102
20 39
20 40
20 41
20 42
20 168
20 114
20 54
20 119
20 121
20 124
20 61
20 191
21 128
21 65
21 75
21 76
21 144
21 110
21 24
21 89
21 90
21 30
21 69
21 197
21 101
21 166
21 167
21 95
21 44
21 46
21 177
21 51
21 116
21 120
21 58
21 31
23 134
23 172
23 192
23 145
23 156
23 67
23 176
23 26
23 91
23 92
23 90
23 30
23 31
23 165
23 37
23 65
23 39
23 40
23 64
23 71
23 108
23 48
23 72
23 114
23 104
23 95
23 124
23 102
23 190
23 63
24 128
24 75
24 76
24 144
24 89
24 90
24 78
24 69
24 95
24 197
24 101
24 166
24 167
24 44
24 110
24 177
24 51
24 116
24 120
25 49
25 85
25 105
26 134
26 65
26 183
26 192
26 145
26 156
26 147
26 71
26 91
26 92
26 90
26 30
26 31
26 176
26 98
26 37
26 104
26 64
26 108
26 48
26 72
26 172
26 73
26 56
26 124
26 74
26 190
26 63
27 98
27 36
27 107
27 204
27 93
27 79
27 147
27 132
27 124
27 29
27 191
28 152
28 57
28 200
28 173
29 132
29 139
29 36
29 69
29 142
29 169
29 107
29 110
29 179
29 204
29 117
29 184
29 89
29 60
29 93
29 197
30 128
30 172
30 140
30 156
30 31
30 176
30 37
30 166
30 39
30 40
30 44
30 46
30 48
30 177
30 51
30 56
30 58
30 134
30 64
30 65
30 69
30 71
30 72
30 75
30 76
30 90
30 91
30 92
30 95
30 98
30 102
30 108
30 110
30 190
30 120
30 124
31 172
31 128
31 140
31 156
31 176
31 37
31 166
31 39
31 44
31 46
31 48
31 177
31 51
31 180
31 56
31 58
31 190
31 64
31 65
31 75
31 76
31 90
31 91
31 92
31 95
31 98
31 102
31 108
31 120
31 124
32 82
32 164
32 121
32 181
32 54
32 55
32 194
32 41
32 119
32 77
32 61
33 107
33 188
33 179
34 193
34 201
35 161
35 194
35 99
35 164
35 168
35 169
35 139
35 142
35 143
35 117
35 86
35 184
35 60
35 158
36 79
36 98
36 132
36 71
36 72
36 74
36 107
36 204
36 93
36 147
36 124
36 191
37 134
37 140
37 156
37 176
37 166
37 39
37 172
37 46
37 48
37 183
37 56
37 58
37 190
37 64
37 65
37 71
37 72
37 73
37 74
37 75
37 90
37 91
37 92
37 95
37 98
37 102
37 108
37 147
37 124
38 66
38 53
39 166
39 40
39 44
39 48
39 158
39 54
39 61
39 139
39 69
39 71
39 72
39 75
39 76
39 77
39 142
39 89
39 90
39 95
39 98
39 102
39 145
39 110
39 168
39 114
39 116
39 121
39 124
40 192
40 181
40 67
40 71
40 137
40 77
40 145
40 82
40 83
40 157
40 95
40 165
40 102
40 168
40 41
40 125
40 48
40 72
40 114
40 69
40 158
40 54
40 121
40 116
40 136
40 187
40 124
40 61
40 166
41 192
41 194
41 67
41 71
41 72
41 138
41 77
41 145
41 82
41 151
41 158
41 164
41 42
41 61
41 136
41 114
41 181
41 54
41 119
41 121
41 170
42 192
42 67
42 134
42 145
42 136
42 138
42 104
42 82
42 54
42 119
42 153
42 170
42 63
43 185
44 75
44 128
44 76
44 69
44 89
44 90
44 156
44 144
44 98
44 101
44 65
44 167
44 110
44 46
44 48
44 177
44 51
44 116
44 120
44 197
44 58
44 95
44 124
44 166
45 159
45 103
46 128
46 172
46 75
46 140
46 115
46 87
46 120
46 90
46 101
46 98
46 65
46 156
46 48
46 177
46 51
46 180
46 56
46 58
46 166
47 97
47 178
47 51
47 52
47 85
47 113
47 88
47 78
47 111
48 128
48 172
48 140
48 156
48 166
48 176
48 177
48 51
48 56
48 58
48 134
48 64
48 65
48 69
48 71
48 72
48 75
48 76
48 90
48 91
48 92
48 95
48 98
48 102
48 108
48 190
48 120
48 124
49 130
49 85
49 198
49 202
49 149
51 65
51 75
51 76
51 88
51 90
51 156
51 78
51 180
51 166
51 177
51 128
51 52
51 120
51 116
51 58
51 95
52 128
52 113
52 178
52 180
52 177
52 88
52 120
53 66
54 192
54 194
54 67
54 71
54 72
54 77
54 145
54 82
54 158
54 164
54 170
54 102
54 136
54 114
54 181
54 119
54 121
54 61
54 62
55 194
55 62
55 77
55 81
55 83
55 181
55 151
55 121
55 187
55 61
55 158
56 73
56 75
56 140
56 87
56 91
56 92
56 90
56 176
56 156
56 65
56 64
56 108
56 172
56 180
56 183
56 58
56 190
57 152
57 200
57 173
58 128
58 172
58 140
58 120
58 90
58 75
58 156
58 98
58 91
58 65
58 64
58 177
58 180
58 95
58 190
58 166
59 171
59 150
60 99
60 69
60 168
60 169
60 139
60 110
60 142
60 93
60 117
60 86
60 184
60 89
60 186
60 158
61 192
61 194
61 67
61 136
61 137
61 77
61 145
61 82
61 83
61 157
61 158
61 164
61 102
61 168
61 114
61 181
61 119
61 121
61 187
61 125
61 62
62 67
62 136
62 137
62 151
62 77
62 157
62 114
62 83
62 181
62 121
62 125
62 185
63 192
63 134
63 71
63 104
63 108
63 145
63 175
63 176
63 72
63 147
63 153
63 92
63 138
64 134
64 65
64 172
64 192
64 67
64 91
64 92
64 154
64 165
64 102
64 104
64 156
64 108
64 190
65 128
65 172
65 140
65 120
65 75
65 156
65 90
65 176
65 98
65 91
65 166
65 177
65 180
65 95
65 190
66 160
66 68
67 192
67 114
67 102
67 145
67 77
67 157
67 104
67 82
67 136
67 165
68 160
68 133
68 94
69 128
69 142
69 71
69 76
69 75
69 89
69 90
69 95
69 98
69 139
69 102
69 124
69 197
69 110
69 93
69 168
69 116
69 158
69 166
70 148
71 192
71 134
71 138
71 145
71 82
71 147
71 79
71 90
71 95
71 176
71 98
71 102
71 166
71 72
71 191
71 124
72 192
72 134
72 74
72 145
72 82
72 147
72 79
72 90
72 95
72 176
72 98
72 102
72 108
72 175
72 191
72 124
72 138
73 172
73 98
73 134
73 74
73 108
73 176
73 140
73 147
73 183
73 91
73 92
74 98
74 134
74 108
74 176
74 147
74 183
74 124
74 90
75 128
75 140
75 156
75 197
75 166
75 172
75 177
75 180
75 76
75 90
75 95
75 98
75 101
75 102
75 110
75 120
75 124
76 142
76 128
76 89
76 90
76 78
76 197
76 166
76 102
76 95
76 110
76 177
76 116
76 120
77 192
77 194
77 136
77 137
77 145
77 82
77 83
77 151
77 157
77 158
77 102
77 168
77 114
77 181
77 119
77 121
77 187
77 125
78 128
78 130
78 137
78 110
78 116
78 85
78 88
78 187
78 125
79 98
79 134
79 145
79 138
79 175
79 147
79 164
79 124
79 191
80 171
80 182
80 118
80 195
81 129
81 162
81 131
81 198
81 143
81 189
81 83
81 181
81 86
81 122
81 187
81 186
82 192
82 164
82 170
82 134
82 145
82 138
82 114
82 119
82 121
82 136
83 194
83 187
83 137
83 142
83 157
83 114
83 116
83 158
83 189
83 121
83 168
83 125
83 181
84 138
84 175
84 174
84 153
85 130
85 97
85 88
85 202
86 96
86 162
86 100
86 135
86 109
86 142
86 143
86 99
86 146
86 131
86 189
86 122
86 155
86 186
87 115
87 140
88 128
88 97
88 130
88 137
88 113
88 178
88 125
89 139
89 142
89 90
89 93
89 158
89 95
89 197
89 166
89 168
89 110
89 116
89 124
90 128
90 172
90 140
90 156
90 176
90 197
90 166
90 177
90 183
90 91
90 95
90 98
90 102
90 110
90 147
90 120
90 124
91 134
91 140
91 156
91 154
91 92
91 176
91 104
91 108
91 172
91 190
92 140
92 156
92 154
92 176
92 104
92 108
92 172
92 190
92 134
93 132
93 139
93 142
93 168
93 169
93 107
93 110
93 179
93 204
93 117
93 184
94 160
94 133
94 174
94 191
95 128
95 145
95 156
95 197
95 166
95 177
95 98
95 102
95 110
95 168
95 114
95 116
95 120
95 124
96 130
96 131
96 100
96 135
96 109
96 112
96 189
96 146
96 122
96 155
96 186
97 157
97 113
97 178
97 137
97 125
97 111
98 134
98 156
98 166
98 176
98 183
98 108
98 147
98 124
99 161
99 162
99 100
99 135
99 169
99 139
99 189
99 109
99 142
99 141
99 173
99 131
99 155
99 184
99 122
99 143
99 186
100 131
100 186
100 135
100 122
100 155
100 109
100 189
101 128
101 197
101 167
101 177
101 144
101 120
102 137
102 192
102 145
102 156
102 157
102 165
102 166
102 114
102 116
102 121
102 124
102 125
103 105
103 159
104 165
104 134
104 106
104 192
104 154
104 190
105 159
106 154
106 203
106 165
107 117
107 132
107 204
108 134
108 183
108 140
108 147
108 176
108 156
108 172
108 190
109 161
109 162
109 135
109 199
109 141
109 173
109 189
109 131
109 122
109 155
109 186
110 128
110 197
110 166
110 168
110 142
110 116
111 178
111 165
111 113
111 154
111 203
112 189
112 130
112 131
112 186
112 135
112 122
112 146
112 159
113 178
114 192
114 137
114 145
114 157
114 158
114 165
114 136
114 181
114 121
114 187
114 125
115 180
116 128
116 137
116 142
116 158
116 197
116 166
116 168
116 187
116 125
117 123
117 132
117 139
117 169
117 184
118 129
118 195
119 192
119 194
119 164
119 170
119 136
119 145
119 151
119 121
119 138
120 128
120 156
120 197
120 166
120 167
120 177
120 180
121 192
121 194
121 137
121 145
121 158
121 164
121 168
121 181
121 187
122 162
122 135
122 142
122 143
122 146
122 131
122 186
122 155
122 189
123 184
123 161
123 132
123 169
124 134
124 176
124 166
124 168
124 145
124 147
125 130
125 137
125 157
125 187
126 129
126 163
127 188
128 156
128 197
128 180
128 167
128 177
128 166
129 163
130 137
130 202
130 189
130 146
130 187
131 162
131 135
131 189
131 142
131 143
131 146
131 155
131 186
132 191
132 169
132 204
133 160
133 174
134 192
134 145
134 147
134 153
134 176
134 175
134 183
134 138
135 162
135 199
135 143
135 189
135 146
135 155
135 186
136 192
136 165
136 151
136 157
136 170
136 185
137 157
137 158
137 187
137 181
138 145
138 153
138 175
139 164
139 168
139 169
139 142
139 184
139 158
140 176
140 156
140 172
140 180
140 190
141 161
141 173
142 158
142 168
142 169
142 184
142 186
142 187
142 189
143 162
143 186
143 189
144 197
144 167
145 192
145 158
145 164
146 186
146 189
146 162
146 159
147 183
147 176
148 202
149 202
149 198
149 201
150 171
151 185
151 170
152 200
152 173
153 192
153 170
153 175
154 165
154 172
154 190
155 162
155 199
155 173
155 186
156 166
156 172
156 176
156 177
156 180
156 190
157 165
157 181
157 187
158 194
158 164
158 168
158 181
158 187
161 173
161 184
161 169
162 189
162 186
163 171
164 194
164 169
164 168
164 191
165 192
165 203
166 197
166 177
167 177
167 197
168 194
168 169
168 184
168 187
169 184
170 185
171 199
172 176
172 180
172 190
176 183
177 197
177 180
179 197
179 188
181 194
181 187
182 200
182 195
186 187
186 189
187 194
187 189
198 202
