0 1
0 2
0 3
0 4
0 125
1 2
1 3
1 4
2 3
2 4
2 125
3 4
5 160
5 194
5 70
5 7
5 8
5 137
5 10
5 77
5 14
5 15
5 19
5 84
5 149
5 22
5 151
5 155
5 101
5 96
5 36
5 6
5 103
5 42
5 159
5 47
5 189
5 179
5 52
5 201
5 20
5 122
5 95
5 138
5 126
5 127
6 149
6 160
6 194
6 70
6 7
6 8
6 201
6 10
6 139
6 77
6 14
6 15
6 19
6 20
6 85
6 22
6 151
6 101
6 158
6 95
6 96
6 36
6 37
6 169
6 42
6 43
6 47
6 52
6 138
6 159
6 61
6 126
6 127
7 160
7 8
7 12
7 140
7 14
7 15
7 19
7 84
7 149
7 151
7 155
7 95
7 96
7 163
7 70
7 103
7 47
7 178
7 179
7 52
7 201
7 122
7 159
7 189
7 126
7 127
8 160
8 194
8 137
8 10
8 77
8 14
8 15
8 19
8 84
8 149
8 22
8 151
8 155
8 37
8 95
8 96
8 36
8 101
8 103
8 42
8 47
8 189
8 179
8 52
8 201
8 122
8 159
8 70
8 138
8 126
8 127
9 65
9 195
9 198
9 136
9 202
9 203
9 78
9 146
9 174
9 24
9 89
9 157
9 31
9 35
9 102
9 166
9 104
9 172
9 46
9 29
9 113
9 116
9 183
9 185
9 191
10 149
10 160
10 194
10 68
10 137
10 138
10 77
10 15
10 19
10 85
10 22
10 151
10 37
10 158
10 95
10 96
10 36
10 101
10 169
10 42
10 43
10 47
10 200
10 52
10 201
10 159
10 70
10 126
10 127
11 171
11 33
11 99
11 196
11 71
11 73
11 106
11 103
11 191
11 110
11 189
11 24
11 50
11 51
11 21
11 105
11 56
11 122
11 59
11 125
11 31
12 163
12 70
12 140
12 14
12 79
12 178
12 19
12 52
12 185
12 84
12 154
12 63
13 65
13 98
13 162
13 168
13 74
13 141
13 46
13 173
13 49
13 114
13 193
13 183
13 25
13 90
13 156
13 94
14 160
14 140
14 139
14 79
14 19
14 84
14 149
14 151
14 154
14 15
14 158
14 133
14 96
14 155
14 134
14 159
14 70
14 47
14 178
14 52
14 201
14 20
14 163
14 95
14 124
14 126
14 127
15 160
15 194
15 201
15 140
15 77
15 146
15 19
15 151
15 154
15 158
15 95
15 96
15 163
15 134
15 169
15 109
15 47
15 114
15 52
15 183
15 159
15 70
15 126
15 127
16 32
16 144
16 115
16 131
16 54
16 199
16 72
16 23
16 108
16 80
16 83
16 158
16 86
16 55
16 119
16 94
17 129
17 198
17 71
17 200
17 177
17 142
17 146
17 35
17 21
17 31
17 99
17 165
17 38
17 103
17 40
17 105
17 106
17 135
17 44
17 109
17 110
17 104
17 56
17 58
17 187
17 85
18 34
18 131
18 134
18 156
18 107
18 108
18 173
18 87
18 88
18 25
18 26
18 60
19 160
19 137
19 77
19 84
19 149
19 151
19 155
19 92
19 95
19 96
19 161
19 36
19 101
19 103
19 42
19 47
19 179
19 52
19 201
19 122
19 159
19 70
19 189
19 127
20 96
20 160
20 194
20 133
20 167
20 201
20 139
20 101
20 77
20 124
20 61
21 196
21 71
21 136
21 73
21 24
21 29
21 31
21 97
21 99
21 102
21 105
21 106
21 171
21 172
21 110
21 177
21 50
21 51
21 53
21 56
21 187
21 125
21 191
22 64
22 160
22 194
22 68
22 199
22 201
22 77
22 85
22 151
22 158
22 159
22 96
22 36
22 37
22 169
22 42
22 43
22 47
22 95
22 138
23 32
23 83
23 131
23 86
23 119
23 112
23 144
23 108
24 97
24 35
24 196
24 102
24 136
24 105
24 202
24 172
24 191
24 110
24 174
24 113
24 53
24 203
24 73
24 116
24 31
24 29
25 34
25 131
25 134
25 72
25 156
25 107
25 108
25 173
25 87
25 88
25 26
25 60
25 183
26 112
26 131
26 87
26 88
26 107
26 34
26 62
27 128
27 129
27 67
27 132
27 197
27 198
27 204
27 192
27 142
27 81
27 147
27 150
27 153
27 175
27 28
27 30
27 164
27 38
27 41
27 111
27 48
27 180
27 117
27 118
27 184
27 187
27 190
28 129
28 67
28 132
28 197
28 198
28 184
28 204
28 142
28 143
28 81
28 147
28 150
28 153
28 164
28 38
28 177
28 104
28 105
28 172
28 111
28 48
28 113
28 180
28 53
28 118
28 41
28 120
28 121
28 187
28 195
29 97
29 196
29 102
29 136
29 202
29 203
29 172
29 110
29 174
29 113
29 116
29 53
29 191
29 31
30 128
30 129
30 175
30 67
30 132
30 38
30 192
30 45
30 142
30 111
30 48
30 81
30 180
30 117
30 118
30 184
30 153
30 93
30 190
31 203
31 177
31 198
31 136
31 73
31 202
31 146
31 196
31 35
31 102
31 103
31 104
31 105
31 106
31 172
31 110
31 174
31 113
31 50
31 116
31 53
31 56
31 187
31 191
32 80
32 83
32 115
32 55
32 72
32 119
32 108
32 94
33 171
33 155
33 196
33 179
33 103
33 73
33 106
33 110
33 189
33 50
33 51
33 84
33 149
33 56
33 122
33 59
33 186
34 112
34 131
34 86
34 87
34 88
34 107
34 108
34 62
35 129
35 177
35 198
35 71
35 146
35 85
35 95
35 99
35 165
35 38
35 103
35 40
35 105
35 106
35 135
35 109
35 174
35 104
35 52
35 187
35 54
35 56
35 58
35 189
35 126
36 160
36 137
36 76
36 77
36 149
36 151
36 37
36 159
36 96
36 161
36 101
36 42
36 47
36 176
36 201
36 95
36 138
36 127
37 96
37 160
37 101
37 161
37 137
37 76
37 77
37 47
37 176
37 138
37 201
37 42
38 192
38 129
38 66
38 67
38 132
38 197
38 198
38 142
38 153
38 90
38 93
38 165
38 104
38 41
38 44
38 45
38 48
38 177
38 180
38 105
38 184
38 187
38 190
39 49
39 148
39 182
39 166
39 89
39 157
39 78
40 51
40 66
40 99
40 165
40 71
40 200
40 105
40 106
40 43
40 44
40 130
40 177
40 85
40 152
40 58
40 187
40 135
40 181
41 128
41 65
41 67
41 197
41 198
41 129
41 184
41 204
41 74
41 75
41 192
41 142
41 143
41 81
41 147
41 150
41 164
41 104
41 193
41 111
41 48
41 113
41 180
41 118
41 120
41 121
41 123
41 195
42 160
42 194
42 137
42 77
42 151
42 159
42 96
42 161
42 101
42 169
42 47
42 176
42 201
42 95
42 138
42 127
43 64
43 160
43 68
43 54
43 169
43 109
43 200
43 85
43 57
43 170
43 165
44 129
44 66
44 99
44 165
44 71
44 105
44 106
44 135
44 177
44 153
44 58
44 187
44 200
44 190
45 192
45 66
45 132
45 117
45 142
45 57
45 93
45 190
46 65
46 195
46 193
46 74
46 75
46 162
46 78
46 143
46 141
46 203
46 89
46 157
46 98
46 113
46 168
46 173
46 174
46 49
46 183
46 120
46 123
47 149
47 160
47 194
47 137
47 77
47 84
47 85
47 151
47 155
47 95
47 96
47 101
47 103
47 169
47 189
47 179
47 52
47 201
47 122
47 159
47 70
47 138
47 126
47 127
48 128
48 129
48 67
48 132
48 197
48 198
48 184
48 204
48 192
48 142
48 81
48 147
48 150
48 153
48 111
48 164
48 104
48 175
48 177
48 180
48 117
48 118
48 120
48 187
48 190
49 98
49 182
49 168
49 89
49 141
50 149
50 99
50 196
50 179
50 171
50 71
50 103
50 73
50 106
50 110
50 51
50 84
50 56
50 122
50 59
50 189
51 149
51 130
51 171
51 71
51 73
51 84
51 151
51 152
51 155
51 92
51 122
51 159
51 99
51 103
51 106
51 135
51 110
51 179
51 52
51 181
51 56
51 58
51 59
51 189
51 127
52 160
52 137
52 146
52 84
52 149
52 151
52 179
52 155
52 95
52 96
52 70
52 103
52 171
52 201
52 56
52 185
52 122
52 159
52 189
52 126
52 127
53 129
53 196
53 198
53 136
53 147
53 150
53 153
53 97
53 102
53 113
53 105
53 172
53 110
53 177
53 187
53 125
53 191
54 80
54 126
54 68
54 104
54 169
54 109
54 158
54 173
54 146
54 85
54 55
54 90
54 183
54 94
55 64
55 115
55 199
55 72
55 80
55 108
55 83
55 119
55 94
56 149
56 171
56 196
56 179
56 71
56 73
56 99
56 84
56 155
56 92
56 122
56 103
56 105
56 106
56 135
56 110
56 58
56 59
56 189
56 127
57 64
57 165
57 66
57 68
57 85
57 200
57 170
57 93
58 130
58 99
58 165
58 181
58 103
58 105
58 106
58 71
58 200
58 177
58 85
58 152
58 135
58 149
59 171
59 179
59 103
59 73
59 106
59 110
59 84
59 149
59 122
59 155
59 92
59 189
60 163
60 134
60 88
60 154
60 140
60 114
60 62
61 96
61 160
61 194
61 133
61 167
61 201
61 139
61 77
61 124
61 62
62 131
62 134
62 88
63 178
63 100
63 154
63 91
63 79
64 80
64 199
64 68
64 85
64 200
64 170
64 169
65 193
65 195
65 197
65 198
65 74
65 75
65 162
65 143
65 141
65 146
65 174
65 203
65 89
65 90
65 98
65 123
65 164
65 104
65 173
65 113
65 180
65 183
65 120
65 168
66 129
66 132
66 165
66 135
66 200
66 68
66 187
66 93
66 190
67 128
67 129
67 132
67 197
67 198
67 204
67 192
67 142
67 81
67 147
67 150
67 153
67 111
67 164
67 175
67 180
67 117
67 118
67 184
67 187
67 190
68 165
68 200
68 169
68 85
68 170
69 82
70 160
70 194
70 201
70 140
70 77
70 146
70 84
70 149
70 151
70 154
70 158
70 95
70 96
70 163
70 134
70 109
70 114
70 183
70 185
70 159
70 189
70 126
70 127
71 130
71 135
71 200
71 73
71 99
71 149
71 152
71 122
71 165
71 103
71 105
71 106
71 110
71 177
71 181
71 187
71 189
71 85
72 80
72 162
72 115
72 108
72 173
72 83
72 90
72 156
72 94
73 171
73 99
73 196
73 103
73 105
73 106
73 191
73 110
73 189
73 122
73 125
74 98
74 197
74 162
74 168
74 193
74 75
74 143
74 141
74 173
74 183
74 120
74 90
74 123
74 156
74 94
75 162
75 195
75 164
75 197
75 193
75 168
75 141
75 143
75 113
75 147
75 180
75 150
75 120
75 121
75 123
75 188
76 176
76 145
76 130
76 152
76 137
76 138
76 92
76 181
77 160
77 194
77 161
77 137
77 139
77 151
77 95
77 96
77 133
77 101
77 169
77 138
77 201
77 159
77 124
77 127
78 166
78 102
78 136
78 202
78 203
78 113
78 114
78 116
78 174
78 89
78 148
78 157
78 185
79 163
79 140
79 139
79 133
79 167
79 154
79 91
79 124
80 115
80 199
80 119
80 108
80 83
80 94
81 128
81 129
81 132
81 197
81 204
81 192
81 142
81 147
81 150
81 153
81 111
81 164
81 175
81 180
81 117
81 118
81 184
81 190
83 199
83 144
83 108
83 115
83 86
83 119
84 149
84 151
84 179
84 155
84 95
84 103
84 171
84 159
84 178
84 185
84 122
84 189
84 127
85 200
85 201
85 146
85 99
85 151
85 135
85 158
85 95
85 160
85 165
85 177
85 169
85 109
85 104
85 159
85 126
85 127
86 112
86 131
86 144
86 119
86 108
87 112
87 131
87 88
87 107
87 108
88 131
88 134
88 107
88 108
88 112
89 195
89 166
89 202
89 141
89 174
89 113
89 148
89 203
89 157
90 198
90 193
90 173
90 142
90 109
90 104
90 146
90 183
90 156
90 94
91 178
91 100
92 130
92 155
92 179
92 181
92 103
92 137
92 171
92 189
92 176
92 152
92 149
92 122
92 159
92 127
93 192
93 132
93 117
93 142
93 190
93 165
94 162
94 193
94 183
94 109
94 173
94 115
94 156
95 149
95 160
95 194
95 201
95 140
95 146
95 151
95 155
95 158
95 159
95 96
95 103
95 169
95 109
95 179
95 122
95 189
95 126
95 127
96 160
96 194
96 137
96 139
96 151
96 133
96 161
96 101
96 138
96 201
96 159
96 124
96 127
97 136
97 116
97 102
97 172
97 196
97 191
97 125
98 162
98 193
98 168
98 173
98 141
98 182
98 156
99 130
99 171
99 200
99 149
99 152
99 122
99 165
99 103
99 105
99 106
99 135
99 110
99 177
99 181
99 187
99 189
100 178
101 160
101 133
101 137
101 139
101 151
101 155
101 161
101 176
101 201
101 159
101 124
101 138
101 127
102 196
102 136
102 202
102 203
102 172
102 191
102 174
102 113
102 116
103 171
103 135
103 146
103 149
103 151
103 179
103 155
103 122
103 106
103 159
103 110
103 189
103 127
104 203
104 197
104 198
104 129
104 183
104 142
104 146
104 165
104 113
104 193
104 109
104 174
104 177
104 180
104 105
104 184
104 187
104 190
105 129
105 196
105 198
105 153
105 165
105 177
105 106
105 135
105 110
105 172
105 187
105 125
105 191
106 130
106 171
106 152
106 122
106 135
106 110
106 177
106 181
106 189
106 149
107 112
107 131
108 115
108 131
108 199
108 144
108 119
108 156
109 169
109 173
109 126
109 158
109 146
109 151
109 183
110 196
110 135
110 171
110 172
110 177
110 125
110 191
111 128
111 129
111 132
111 150
111 204
111 175
111 142
111 164
111 147
111 180
111 118
111 184
111 153
111 197
112 144
112 131
113 195
113 197
113 198
113 193
113 136
113 202
113 143
113 147
113 174
113 150
113 180
113 164
113 172
113 203
113 116
113 120
113 121
113 123
113 191
114 163
114 134
114 140
114 146
114 183
114 185
114 154
114 157
114 126
114 166
115 156
115 119
116 195
116 196
116 136
116 202
116 203
116 172
116 174
116 191
117 192
117 129
117 132
117 142
117 175
117 190
117 118
117 184
118 128
118 192
118 132
118 197
118 204
118 175
118 142
118 147
118 180
118 150
118 184
118 164
119 131
119 199
119 144
120 195
120 197
120 198
120 193
120 204
120 141
120 142
120 143
120 147
120 150
120 164
120 174
120 203
120 180
120 121
120 123
120 188
121 128
121 188
121 195
121 164
121 197
121 204
121 143
121 147
121 180
121 150
121 123
122 171
122 149
122 151
122 179
122 155
122 159
122 137
122 189
122 127
123 128
123 195
123 197
123 198
123 193
123 141
123 143
123 147
123 150
123 162
123 164
123 168
123 180
123 188
124 133
124 167
124 194
124 139
125 196
125 172
126 201
126 140
126 146
126 163
126 151
126 158
126 160
126 169
126 183
126 185
126 159
126 134
126 127
127 160
127 137
127 151
127 179
127 155
127 189
127 201
127 159
127 138
127 149
128 192
128 132
128 150
128 143
128 175
128 180
128 147
128 184
128 204
128 164
128 197
129 192
129 132
129 197
129 198
129 142
129 147
129 150
129 153
129 164
129 165
129 177
129 180
129 184
129 187
129 190
130 137
130 135
130 200
130 176
130 145
130 181
130 152
131 144
132 192
132 142
132 153
132 175
132 184
132 187
132 190
133 167
133 194
133 139
134 194
134 163
134 158
134 140
134 183
134 154
135 200
135 152
135 165
135 177
135 181
135 187
136 196
136 202
136 203
136 172
136 191
136 174
137 145
137 149
137 151
137 155
137 161
137 176
137 179
137 159
137 138
138 160
138 161
138 176
138 159
138 201
139 160
139 194
139 167
139 201
140 163
140 158
140 183
140 185
140 154
141 195
141 162
141 168
141 143
141 193
141 173
141 188
142 192
142 197
142 198
142 193
142 184
142 147
142 150
142 153
142 164
142 177
142 180
142 187
142 190
143 195
143 197
143 198
143 193
143 204
143 147
143 150
143 164
143 180
143 188
145 152
145 176
146 151
146 158
146 174
146 177
146 183
146 185
146 189
147 197
147 198
147 184
147 204
147 195
147 150
147 153
147 164
147 180
148 166
148 157
149 171
149 151
149 179
149 155
149 160
149 159
149 201
149 189
150 197
150 198
150 184
150 204
150 153
150 164
150 195
150 180
151 160
151 179
151 155
151 158
151 169
151 201
151 159
151 189
152 176
152 181
153 198
153 204
153 177
153 184
153 187
153 190
154 163
154 167
155 179
155 171
155 159
155 189
156 193
156 162
156 168
156 173
156 183
157 166
157 185
158 194
158 199
158 201
158 160
158 169
158 183
159 160
159 179
159 189
159 201
160 194
160 201
160 169
161 176
162 193
162 168
162 173
163 183
163 185
163 166
164 197
164 198
164 184
164 204
164 195
164 193
164 180
165 200
165 177
165 187
165 190
166 202
166 203
166 174
166 185
167 194
168 193
168 188
168 173
169 194
169 199
169 201
170 200
171 196
171 179
171 189
172 196
172 198
172 202
172 203
172 174
172 191
173 193
173 183
174 195
174 198
174 202
174 203
174 183
174 185
174 191
175 192
175 204
175 180
175 184
177 198
177 184
177 187
177 190
178 186
179 189
180 197
180 198
180 184
180 204
180 192
180 193
180 195
181 200
183 193
183 185
184 197
184 198
184 204
184 192
184 187
184 190
185 202
185 203
187 198
187 190
188 195
188 193
189 201
190 192
190 198
191 203
191 196
191 202
193 195
193 197
193 198
194 201
195 203
195 197
195 198
195 202
196 202
197 198
197 204
197 203
198 203
202 203
