0 64
0 1
0 2
0 3
0 4
0 117
0 51
0 58
0 18
1 2
1 3
1 4
1 194
1 204
1 43
1 76
1 114
1 18
1 51
1 20
1 68
1 58
2 3
2 4
2 200
2 204
2 114
2 46
2 109
2 18
2 51
2 20
2 117
2 58
2 190
3 51
3 4
3 117
3 64
3 58
3 18
4 117
4 51
4 64
4 58
4 204
4 18
5 64
5 128
5 194
5 195
5 68
5 113
5 8
5 9
5 75
5 76
5 77
5 18
5 83
5 20
5 147
5 23
5 88
5 132
5 155
5 29
5 30
5 31
5 99
5 166
5 39
5 193
5 43
5 44
5 114
5 174
5 72
5 50
5 51
5 55
5 56
5 87
5 188
5 192
5 191
6 128
6 194
6 139
6 68
6 113
6 8
6 204
6 10
6 75
6 76
6 141
6 79
6 17
6 83
6 20
6 110
6 22
6 87
6 153
6 155
6 28
6 30
6 96
6 99
6 121
6 166
6 39
6 172
6 46
6 111
6 48
6 49
6 114
6 147
6 52
6 158
6 180
6 119
6 57
6 191
6 200
6 190
6 127
7 162
7 171
7 164
7 165
7 134
7 145
7 104
7 73
7 11
7 78
7 15
7 16
7 81
7 82
7 53
7 24
7 90
7 59
8 128
8 192
8 132
8 139
8 142
8 18
8 147
8 20
8 174
8 23
8 155
8 156
8 29
8 30
8 31
8 32
8 166
8 39
8 44
8 46
8 200
8 50
8 51
8 55
8 56
8 188
8 190
8 191
8 64
8 193
8 194
8 195
8 68
8 72
8 204
8 75
8 76
8 77
8 83
8 87
8 88
8 99
8 109
8 113
8 114
8 117
8 121
8 127
9 193
9 132
9 38
9 23
9 77
9 175
9 56
9 116
9 55
9 88
9 187
9 188
9 95
10 128
10 130
10 139
10 68
10 155
10 194
10 75
10 76
10 141
10 79
10 17
10 83
10 20
10 22
10 87
10 88
10 25
10 111
10 28
10 93
10 30
10 99
10 121
10 195
10 39
10 103
10 172
10 110
10 29
10 180
10 113
10 114
10 147
10 52
10 158
10 119
10 57
10 191
10 190
10 127
11 162
11 67
11 164
11 134
11 104
11 73
11 171
11 173
11 145
11 15
11 81
11 82
11 53
11 159
12 71
13 67
13 196
13 197
13 102
13 172
13 108
13 14
13 186
13 154
13 185
13 25
13 122
13 27
13 124
13 93
13 62
13 159
14 160
14 196
14 54
14 199
14 105
14 108
14 62
15 162
15 171
15 145
15 165
15 134
15 104
15 73
15 78
15 16
15 81
15 82
15 53
15 24
15 164
15 90
15 59
16 81
16 53
16 134
16 24
16 104
16 90
16 59
16 165
16 78
17 128
17 139
17 68
17 200
17 75
17 204
17 141
17 79
17 20
17 110
17 22
17 87
17 153
17 155
17 28
17 30
17 96
17 33
17 180
17 166
17 49
17 46
17 111
17 48
17 113
17 114
17 52
17 158
17 119
17 57
17 191
17 190
17 127
18 128
18 139
18 192
18 20
18 22
18 23
18 132
18 155
18 29
18 30
18 31
18 39
18 43
18 44
18 46
18 200
18 50
18 51
18 55
18 56
18 58
18 190
18 191
18 64
18 193
18 194
18 195
18 68
18 72
18 204
18 75
18 76
18 83
18 88
18 109
18 113
18 114
18 117
19 129
19 98
19 141
19 79
19 80
19 153
19 25
19 27
19 28
19 93
19 96
19 33
19 34
19 180
19 176
19 172
19 110
19 112
19 52
19 118
19 119
19 57
19 124
20 128
20 132
20 139
20 192
20 147
20 22
20 23
20 155
20 29
20 30
20 31
20 39
20 43
20 44
20 46
20 47
20 177
20 50
20 51
20 52
20 58
20 138
20 190
20 191
20 64
20 194
20 195
20 68
20 72
20 204
20 75
20 76
20 83
20 87
20 88
20 99
20 109
20 111
20 113
20 114
20 117
20 200
20 127
21 65
21 84
21 70
21 167
21 168
21 100
21 26
21 126
22 128
22 130
22 139
22 68
22 177
22 75
22 76
22 194
22 147
22 87
22 111
22 30
22 99
22 39
22 103
22 44
22 47
22 113
22 114
22 51
22 52
22 158
22 58
22 191
22 138
22 190
22 127
23 64
23 128
23 194
23 115
23 68
23 113
23 192
23 77
23 83
23 174
23 88
23 132
23 155
23 156
23 29
23 30
23 31
23 32
23 195
23 99
23 114
23 166
23 39
23 193
23 200
23 44
23 109
23 46
23 72
23 50
23 51
23 204
23 117
23 55
23 56
23 188
23 190
23 191
24 165
24 134
24 104
24 145
24 106
24 78
24 81
24 53
24 90
24 59
25 130
25 135
25 79
25 80
25 141
25 148
25 152
25 153
25 27
25 28
25 93
25 33
25 37
25 172
25 110
25 119
25 57
25 124
25 62
26 65
26 84
26 70
26 167
26 168
26 100
26 202
26 126
27 33
27 28
27 172
27 79
27 186
27 122
27 185
27 154
27 124
27 93
27 62
28 130
28 135
28 139
28 141
28 79
28 80
28 148
28 153
28 152
28 93
28 158
28 33
28 37
28 172
28 110
28 180
28 119
28 57
28 124
28 62
28 127
29 64
29 128
29 194
29 195
29 68
29 113
29 75
29 76
29 77
29 83
29 147
29 88
29 132
29 155
29 30
29 31
29 99
29 166
29 39
29 193
29 43
29 44
29 114
29 174
29 72
29 50
29 51
29 55
29 56
29 121
29 87
29 188
29 192
29 191
30 128
30 139
30 141
30 147
30 155
30 158
30 31
30 166
30 39
30 43
30 44
30 46
30 47
30 177
30 50
30 51
30 52
30 58
30 190
30 191
30 192
30 194
30 195
30 68
30 72
30 204
30 75
30 76
30 83
30 87
30 88
30 99
30 109
30 111
30 113
30 114
30 200
30 127
31 128
31 192
31 132
31 147
31 174
31 155
31 166
31 39
31 43
31 44
31 46
31 50
31 51
31 55
31 56
31 58
31 188
31 190
31 191
31 64
31 193
31 194
31 195
31 68
31 72
31 204
31 76
31 77
31 83
31 87
31 88
31 99
31 109
31 113
31 114
31 115
31 117
32 192
32 193
32 201
32 74
32 142
32 144
32 83
32 85
32 86
32 88
32 89
32 155
32 156
32 36
32 101
32 166
32 174
32 111
32 48
32 200
32 180
32 121
32 60
32 61
32 190
33 129
33 98
33 141
33 79
33 80
33 153
33 152
33 93
33 96
33 34
33 180
33 172
33 110
33 176
33 52
33 118
33 119
33 57
33 124
33 61
34 96
34 146
34 182
34 129
34 136
34 112
34 176
34 61
34 169
35 161
35 66
35 67
35 196
35 197
35 63
35 203
35 108
35 173
35 45
35 54
35 123
35 62
35 159
36 48
36 85
36 86
36 201
36 89
36 74
36 60
36 61
36 142
36 101
37 80
37 152
37 130
37 148
37 135
37 120
37 93
38 175
38 116
38 187
38 95
39 128
39 194
39 139
39 68
39 113
39 177
39 75
39 76
39 77
39 83
39 147
39 88
39 132
39 155
39 87
39 195
39 103
39 43
39 44
39 114
39 47
39 99
39 72
39 50
39 51
39 204
39 56
39 58
39 191
39 188
39 138
39 127
41 160
41 150
41 199
42 161
42 131
42 69
42 184
42 202
42 107
42 125
43 64
43 194
43 195
43 68
43 72
43 177
43 128
43 76
43 147
43 132
43 99
43 44
43 114
43 47
43 113
43 50
43 51
43 55
43 56
43 58
43 188
43 138
43 191
44 64
44 128
44 194
44 195
44 68
44 113
44 177
44 138
44 75
44 76
44 77
44 83
44 147
44 88
44 132
44 155
44 87
44 114
44 47
44 99
44 72
44 50
44 51
44 181
44 55
44 56
44 58
44 188
44 191
45 161
45 66
45 196
45 179
45 198
45 203
45 108
45 125
45 163
45 54
45 157
45 62
45 63
46 64
46 128
46 139
46 68
46 193
46 204
46 75
46 192
46 194
46 155
46 156
46 50
46 166
46 109
46 111
46 200
46 114
46 51
46 52
46 117
46 58
46 190
46 127
47 128
47 130
47 99
47 68
47 138
47 103
47 76
47 194
47 177
47 114
47 147
47 113
47 58
47 191
48 96
48 200
48 201
48 139
48 141
48 142
48 79
48 146
48 85
48 86
48 155
48 180
48 101
48 166
48 174
48 110
48 111
48 49
48 52
48 119
48 121
48 61
48 190
48 127
49 96
49 180
49 136
49 139
49 110
49 111
49 146
49 52
49 118
49 153
49 57
49 200
49 190
49 127
50 64
50 128
50 194
50 195
50 68
50 113
50 204
50 75
50 76
50 77
50 83
50 147
50 88
50 132
50 155
50 87
50 166
50 193
50 109
50 174
50 99
50 72
50 114
50 51
50 117
50 55
50 56
50 58
50 188
50 192
50 191
51 128
51 139
51 192
51 132
51 155
51 55
51 56
51 58
51 190
51 191
51 64
51 193
51 194
51 195
51 68
51 200
51 204
51 75
51 76
51 83
51 88
51 109
51 113
51 114
51 117
52 128
52 139
52 200
52 75
52 204
52 141
52 79
52 146
52 110
52 153
52 155
52 96
52 111
52 114
52 180
52 158
52 118
52 119
52 57
52 190
52 127
53 171
53 165
53 134
53 104
53 73
53 145
53 81
53 82
53 90
54 160
54 161
54 66
54 196
54 163
54 63
54 105
54 197
54 108
54 67
54 203
54 179
54 123
54 62
54 159
55 64
55 194
55 195
55 68
55 193
55 192
55 77
55 83
55 88
55 132
55 155
55 109
55 72
55 115
55 117
55 56
55 188
55 191
56 64
56 128
56 194
56 115
56 68
56 113
56 87
56 192
56 77
56 83
56 147
56 88
56 132
56 155
56 99
56 195
56 193
56 72
56 187
56 188
56 191
57 135
57 139
57 141
57 79
57 80
57 153
57 152
57 93
57 158
57 96
57 172
57 110
57 111
57 118
57 119
57 180
57 124
57 127
58 64
58 177
58 128
58 75
58 76
58 194
58 147
58 68
58 99
58 114
58 113
58 204
58 138
58 191
59 104
59 134
59 145
59 90
59 78
60 101
60 166
60 142
60 201
60 74
60 174
60 144
60 85
60 89
60 121
61 180
61 166
61 142
61 112
61 144
61 141
61 96
61 79
61 146
61 121
61 85
61 86
61 119
61 89
61 201
62 66
62 196
62 179
62 172
62 197
62 108
62 163
62 148
62 154
62 93
62 159
63 161
63 66
63 196
63 198
63 105
63 203
63 108
63 163
63 123
63 125
63 159
64 192
64 132
64 68
64 193
64 204
64 77
64 115
64 88
64 155
64 114
64 194
64 109
64 72
64 117
64 188
65 70
66 161
66 197
66 196
66 179
66 198
66 105
66 203
66 108
66 173
66 163
66 123
66 125
66 159
67 160
67 162
67 164
67 197
67 102
67 73
67 108
67 173
67 82
67 171
67 122
67 123
67 154
67 159
68 128
68 132
68 139
68 192
68 147
68 155
68 177
68 188
68 190
68 191
68 193
68 194
68 195
68 72
68 204
68 75
68 76
68 77
68 83
68 87
68 88
68 99
68 109
68 113
68 114
68 117
68 200
68 127
69 131
69 116
69 184
69 107
69 92
69 95
70 84
70 167
70 168
70 100
70 126
71 168
71 92
71 94
71 175
72 128
72 194
72 195
72 87
72 76
72 77
72 83
72 88
72 132
72 155
72 99
72 113
72 147
72 181
72 188
72 192
72 191
73 162
73 164
73 197
73 134
73 104
73 171
73 173
73 145
73 82
73 159
74 174
74 85
74 86
74 89
74 166
74 142
74 101
75 128
75 194
75 195
75 204
75 139
75 76
75 141
75 79
75 83
75 110
75 87
75 88
75 155
75 99
75 166
75 147
75 114
75 111
75 113
75 158
75 119
75 191
75 200
75 190
75 127
76 128
76 194
76 139
76 113
76 177
76 204
76 83
76 147
76 87
76 132
76 103
76 99
76 195
76 114
76 191
76 138
76 127
77 128
77 194
77 195
77 113
77 87
77 192
77 142
77 83
77 88
77 132
77 155
77 95
77 99
77 166
77 193
77 174
77 147
77 121
77 188
77 191
78 104
78 149
78 134
78 106
78 165
78 170
79 139
79 201
79 141
79 153
79 93
79 158
79 96
79 180
79 172
79 110
79 111
79 118
79 119
79 124
79 127
80 135
80 152
80 118
80 120
80 186
80 93
80 153
81 104
81 134
81 145
81 90
81 165
82 162
82 164
82 197
82 134
82 104
82 171
82 108
82 173
82 145
82 202
82 159
83 128
83 132
83 139
83 142
83 147
83 155
83 166
83 174
83 188
83 190
83 191
83 192
83 193
83 194
83 195
83 87
83 88
83 99
83 113
83 114
83 121
83 127
84 100
84 167
84 168
84 126
85 112
85 101
85 166
85 201
85 142
85 146
85 180
85 86
85 89
85 121
86 112
86 166
86 201
86 142
86 174
86 146
86 144
86 180
86 89
86 119
86 121
87 128
87 130
87 139
87 113
87 177
87 141
87 88
87 132
87 179
87 155
87 99
87 195
87 194
87 103
87 114
87 174
87 147
87 119
87 121
87 191
87 188
87 138
87 127
88 128
88 194
88 195
88 113
88 192
88 142
88 147
88 132
88 155
88 99
88 166
88 193
88 174
88 121
88 188
88 190
88 191
89 142
89 101
90 134
90 104
90 165
90 145
91 184
91 188
91 181
91 151
92 131
92 116
92 168
92 175
92 94
92 95
93 130
93 124
93 119
93 172
93 110
93 141
93 148
93 152
93 153
94 131
94 116
94 168
94 175
94 95
95 131
95 116
95 187
95 175
96 136
96 139
96 141
96 146
96 153
96 180
96 110
96 111
96 118
96 119
96 200
96 190
96 127
98 112
98 129
98 169
98 176
98 124
98 185
99 128
99 194
99 139
99 113
99 177
99 132
99 179
99 103
99 195
99 114
99 147
99 155
99 191
99 188
99 138
99 127
100 167
100 126
101 192
101 166
101 142
101 174
101 156
102 162
102 154
102 185
102 122
102 159
103 130
103 163
103 177
103 194
103 157
103 113
103 147
103 148
103 181
103 179
103 138
103 191
104 162
104 171
104 164
104 165
104 134
104 145
104 106
105 160
105 203
105 196
105 198
105 123
106 149
106 170
106 165
108 160
108 164
108 197
108 162
108 159
108 173
108 196
108 123
109 192
109 193
109 204
109 155
109 156
109 166
109 200
109 114
109 117
109 190
110 139
110 141
110 153
110 152
110 158
110 180
110 172
110 111
110 118
110 119
110 124
110 127
111 128
111 200
111 139
111 204
111 141
111 146
111 153
111 155
111 180
111 166
111 114
111 158
111 119
111 190
111 127
112 129
112 169
112 176
112 180
112 201
112 124
112 149
113 128
113 132
113 139
113 141
113 147
113 155
113 166
113 174
113 177
113 188
113 138
113 190
113 191
113 192
113 194
113 195
113 114
113 121
113 127
114 128
114 139
114 192
114 147
114 155
114 177
114 190
114 191
114 194
114 195
114 200
114 204
114 117
114 127
115 193
115 117
116 187
116 175
117 193
117 204
117 192
117 155
117 156
117 200
117 190
118 135
118 153
118 152
118 158
119 128
119 139
119 201
119 141
119 180
119 172
119 153
119 121
119 124
119 127
120 152
120 148
120 135
121 128
121 195
121 201
121 141
121 142
121 144
121 155
121 166
121 174
121 180
121 191
121 127
122 186
122 185
122 154
122 124
123 160
123 196
123 197
123 203
123 173
123 159
124 129
124 186
124 141
124 153
124 154
124 185
124 176
124 172
124 180
125 161
125 131
125 184
126 167
127 128
127 194
127 139
127 204
127 141
127 153
127 155
127 166
127 172
127 147
127 158
127 180
127 200
127 190
127 191
128 132
128 139
128 141
128 147
128 174
128 155
128 166
128 177
128 188
128 190
128 191
128 192
128 194
128 195
128 204
128 200
129 169
129 176
130 163
130 138
130 172
130 157
130 177
130 147
130 148
130 179
131 168
131 202
131 175
132 194
132 195
132 147
132 155
132 193
132 188
132 192
132 191
133 189
134 162
134 171
134 145
134 165
135 152
135 158
135 153
136 146
138 179
138 194
138 177
138 147
138 191
139 194
139 195
139 204
139 141
139 155
139 166
139 147
139 158
139 180
139 191
139 200
139 190
141 201
141 155
141 180
141 172
141 158
141 153
141 191
141 190
142 192
142 201
142 144
142 155
142 166
142 174
142 180
143 198
144 174
144 201
144 197
145 162
145 171
145 164
146 180
146 200
147 177
147 195
147 194
147 179
147 155
147 181
147 191
147 188
148 152
148 172
148 179
149 169
149 170
151 181
152 172
152 186
152 153
153 158
153 180
153 172
154 186
154 185
154 172
154 159
155 192
155 174
155 156
155 166
155 200
155 190
155 191
155 193
155 194
155 195
155 204
156 192
156 166
156 193
156 204
156 174
156 200
157 179
157 163
157 198
157 203
159 164
159 197
159 162
159 173
159 171
159 196
160 196
160 199
161 198
161 184
161 203
162 197
162 164
162 173
162 171
163 196
163 198
163 203
163 179
164 197
164 173
164 171
166 192
166 193
166 201
166 204
166 200
166 195
166 174
166 180
166 191
166 190
167 168
168 202
168 175
169 182
169 178
169 176
171 197
171 173
172 197
172 180
173 197
174 192
174 195
174 193
174 201
174 191
177 194
177 181
177 191
178 182
179 196
180 201
181 188
185 186
187 188
188 194
188 195
188 191
190 204
190 192
190 194
190 191
190 200
191 192
191 194
191 195
192 195
192 193
192 204
192 200
193 204
194 195
194 204
196 203
197 201
198 203
200 204
