0 1
0 2
0 3
0 4
0 6
0 7
0 8
0 11
0 15
0 17
0 146
0 132
0 26
0 156
0 157
0 159
0 37
0 47
0 50
0 53
0 182
0 55
0 57
0 186
0 188
0 64
0 65
0 66
0 197
0 199
0 82
0 89
0 143
0 93
0 94
0 99
0 102
0 103
0 104
0 110
0 115
0 118
0 122
0 123
1 2
1 3
1 4
1 6
1 7
1 8
1 12
1 14
1 15
1 146
1 19
1 132
1 26
1 156
1 157
1 159
1 160
1 37
1 45
1 47
1 50
1 53
1 182
1 55
1 57
1 186
1 64
1 65
1 66
1 197
1 199
1 82
1 89
1 143
1 93
1 94
1 99
1 102
1 103
1 104
1 110
1 115
1 116
1 118
1 123
2 66
2 3
2 4
2 182
2 6
2 7
2 8
2 132
2 12
2 14
2 15
2 82
2 89
2 26
2 143
2 156
2 93
2 94
2 159
2 197
2 99
2 37
2 65
2 103
2 104
2 199
2 45
2 110
2 47
2 157
2 50
2 115
2 116
2 53
2 118
2 55
2 57
2 123
2 102
2 146
3 4
3 6
3 7
3 8
3 137
3 128
3 11
3 15
3 17
3 146
3 132
3 26
3 156
3 157
3 37
3 38
3 47
3 50
3 53
3 182
3 55
3 58
3 188
3 64
3 65
3 66
3 199
3 82
3 186
3 89
3 143
3 93
3 94
3 96
3 99
3 102
3 104
3 110
3 115
3 117
3 122
3 123
3 126
4 132
4 133
4 6
4 7
4 8
4 128
4 11
4 130
4 15
4 17
4 146
4 26
4 156
4 157
4 160
4 171
4 47
4 50
4 53
4 182
4 55
4 57
4 186
4 188
4 64
4 65
4 66
4 68
4 199
4 82
4 89
4 143
4 94
4 96
4 99
4 102
4 103
4 104
4 110
4 115
4 117
4 118
4 123
5 54
5 10
5 172
5 174
5 113
5 180
5 46
5 22
5 91
5 42
5 62
5 95
6 7
6 8
6 11
6 15
6 17
6 146
6 132
6 26
6 156
6 157
6 159
6 37
6 47
6 50
6 53
6 182
6 55
6 57
6 186
6 188
6 64
6 65
6 66
6 197
6 199
6 82
6 89
6 143
6 93
6 94
6 99
6 102
6 103
6 104
6 110
6 115
6 118
6 122
6 123
7 8
7 12
7 14
7 15
7 17
7 146
7 19
7 132
7 26
7 156
7 157
7 159
7 160
7 37
7 45
7 47
7 50
7 53
7 182
7 55
7 57
7 186
7 188
7 64
7 65
7 66
7 197
7 199
7 82
7 89
7 143
7 93
7 94
7 98
7 99
7 102
7 103
7 104
7 110
7 115
7 116
7 118
7 123
8 137
8 11
8 130
8 15
8 17
8 146
8 152
8 132
8 26
8 156
8 157
8 160
8 33
8 37
8 45
8 47
8 50
8 179
8 53
8 182
8 55
8 57
8 186
8 188
8 64
8 65
8 66
8 68
8 199
8 82
8 89
8 143
8 94
8 96
8 98
8 99
8 102
8 103
8 104
8 110
8 115
8 117
8 118
8 123
9 81
10 129
10 13
10 16
10 20
10 22
10 23
10 91
10 28
10 69
10 112
10 35
10 167
10 42
10 176
10 44
10 174
10 175
10 48
10 27
10 114
10 180
10 184
10 31
10 62
11 64
11 130
11 133
11 199
11 137
11 128
11 132
11 192
11 198
11 143
11 144
11 17
11 146
11 153
11 89
11 26
11 156
11 186
11 94
11 68
11 96
11 33
11 102
11 38
11 104
11 171
11 47
11 117
11 55
11 58
11 123
11 188
11 183
11 126
11 191
12 67
12 179
12 66
12 14
12 15
12 82
12 19
12 157
12 101
12 18
12 99
12 37
12 103
12 197
12 45
12 110
12 115
12 116
12 53
12 118
12 187
13 129
13 69
13 72
13 16
13 20
13 22
13 23
13 155
13 31
13 112
13 35
13 36
13 167
13 40
13 42
13 176
13 44
13 174
13 175
13 48
13 136
13 114
13 180
13 27
13 184
14 67
14 197
14 65
14 66
14 15
14 82
14 19
14 157
14 101
14 18
14 99
14 37
14 103
14 45
14 110
14 115
14 116
14 53
14 118
14 57
14 187
15 182
15 66
15 143
15 115
15 82
15 67
15 89
15 26
15 156
15 93
15 94
15 159
15 160
15 197
15 99
15 37
15 65
15 103
15 199
15 45
15 110
15 157
15 19
15 116
15 53
15 118
15 55
15 57
15 123
15 146
16 162
16 27
16 42
16 175
16 44
16 174
16 29
16 176
16 113
16 95
16 20
16 22
16 184
16 180
16 59
16 62
16 31
17 130
17 137
17 144
17 24
17 146
17 21
17 152
17 132
17 26
17 156
17 157
17 160
17 33
17 38
17 47
17 50
17 51
17 55
17 57
17 188
17 191
17 64
17 66
17 68
17 77
17 82
17 83
17 84
17 85
17 89
17 94
17 96
17 98
17 99
17 102
17 103
17 104
17 107
17 115
17 117
17 126
18 19
18 67
18 116
18 101
18 118
18 187
18 45
18 111
19 66
19 67
19 179
19 82
19 157
19 101
19 99
19 37
19 103
19 197
19 45
19 110
19 115
19 116
19 53
19 118
19 187
20 176
20 162
20 27
20 42
20 175
20 44
20 174
20 29
20 113
20 95
20 180
20 22
20 59
20 62
20 31
21 64
21 130
21 107
21 68
21 133
21 144
21 83
21 84
21 85
21 24
21 153
21 29
21 30
21 96
21 104
21 42
21 171
21 51
21 117
21 183
21 121
21 188
21 191
22 136
22 23
22 27
22 29
22 95
22 176
22 162
22 36
22 31
22 42
22 44
22 174
22 175
22 48
22 180
22 184
22 59
22 62
23 69
23 71
23 72
23 184
23 155
23 92
23 32
23 162
23 35
23 36
23 40
23 43
23 174
23 175
23 48
23 49
23 114
23 180
23 56
23 136
23 124
23 189
24 64
24 160
24 130
24 171
24 68
24 133
24 139
24 144
24 83
24 84
24 152
24 153
24 30
24 31
24 96
24 104
24 107
24 51
24 117
24 191
24 85
25 150
26 133
26 137
26 128
26 130
26 144
26 146
26 152
26 132
26 156
26 157
26 160
26 33
26 38
26 171
26 47
26 50
26 51
26 53
26 182
26 55
26 57
26 186
26 188
26 191
26 64
26 65
26 66
26 68
26 199
26 82
26 83
26 89
26 143
26 94
26 96
26 98
26 99
26 102
26 103
26 104
26 107
26 115
26 117
26 123
26 126
27 192
27 69
27 72
27 29
27 31
27 176
27 35
27 167
27 40
27 42
27 44
27 174
27 175
27 48
27 136
27 114
27 180
27 184
28 48
28 112
28 178
28 139
28 69
28 129
28 91
28 173
28 31
29 96
29 128
29 133
29 171
29 42
29 75
29 44
29 175
29 192
29 51
29 153
29 176
29 121
29 59
29 183
29 31
30 96
30 51
30 130
30 139
30 68
30 42
30 107
30 191
30 144
30 152
30 83
30 84
30 31
30 117
30 85
31 129
31 69
31 91
31 112
31 35
31 167
31 42
31 176
31 44
31 174
31 175
31 48
31 114
31 180
31 184
32 162
32 163
32 36
32 71
32 40
32 170
32 43
32 109
32 174
32 175
32 72
32 114
32 180
32 56
32 136
32 155
32 92
32 189
32 63
33 64
33 130
33 68
33 137
33 144
33 146
33 83
33 84
33 152
33 132
33 156
33 94
33 96
33 98
33 38
33 102
33 104
33 107
33 47
33 50
33 117
33 58
33 188
33 126
33 191
34 41
34 131
34 145
35 69
35 71
35 72
35 184
35 164
35 155
35 36
35 167
35 40
35 43
35 174
35 48
35 136
35 114
35 180
35 56
35 124
36 69
36 71
36 72
36 184
36 155
36 92
36 162
36 40
36 43
36 174
36 175
36 48
36 49
36 114
36 180
36 56
36 136
36 124
36 189
37 179
37 66
37 82
37 89
37 143
37 93
37 94
37 182
37 197
37 99
37 65
37 45
37 110
37 157
37 50
37 115
37 53
37 118
37 55
37 123
37 146
38 64
38 130
38 68
38 133
38 137
38 144
38 132
38 94
38 96
38 98
38 102
38 104
38 171
38 47
38 50
38 117
38 183
38 58
38 188
38 126
38 191
39 201
39 158
39 142
40 69
40 71
40 72
40 184
40 164
40 155
40 92
40 167
40 43
40 174
40 175
40 48
40 49
40 114
40 56
40 136
40 189
41 145
41 177
42 48
42 91
42 184
42 62
42 44
42 174
42 175
42 113
42 176
42 180
43 69
43 184
43 169
43 151
43 174
43 48
43 136
43 114
43 56
43 155
43 124
44 176
44 162
44 175
44 174
44 95
44 184
44 180
44 59
44 62
45 67
45 179
45 65
45 66
45 77
45 82
45 197
45 157
45 101
45 98
45 99
45 102
45 103
45 110
45 50
45 115
45 116
45 53
45 118
45 57
45 187
46 113
46 180
46 54
46 91
46 172
46 62
46 174
47 137
47 130
47 143
47 144
47 146
47 152
47 132
47 156
47 157
47 160
47 50
47 53
47 55
47 57
47 186
47 188
47 64
47 65
47 66
47 68
47 77
47 82
47 83
47 84
47 89
47 94
47 96
47 98
47 99
47 102
47 103
47 104
47 107
47 115
47 117
47 123
47 126
48 129
48 69
48 136
48 91
48 167
48 174
48 175
48 112
48 72
48 114
48 155
48 184
48 180
48 124
49 162
49 71
49 184
49 175
49 72
49 114
49 56
49 136
49 155
49 92
49 189
50 179
50 137
50 132
50 66
50 77
50 82
50 89
50 143
50 156
50 157
50 94
50 98
50 99
50 103
50 104
50 64
50 110
50 115
50 53
50 118
50 55
50 146
50 102
50 126
50 65
51 64
51 130
51 107
51 68
51 133
51 144
51 83
51 84
51 153
51 96
51 104
51 171
51 117
51 183
51 121
51 191
51 188
51 85
53 182
53 132
53 66
53 82
53 89
53 143
53 156
53 93
53 94
53 159
53 197
53 99
53 65
53 103
53 104
53 199
53 110
53 157
53 115
53 116
53 118
53 55
53 57
53 123
53 102
53 146
54 185
54 154
54 91
54 172
55 146
55 132
55 156
55 157
55 159
55 182
55 57
55 186
55 188
55 64
55 65
55 66
55 197
55 199
55 82
55 89
55 143
55 93
55 94
55 99
55 102
55 103
55 104
55 110
55 115
55 118
55 122
55 123
56 162
56 69
56 71
56 184
56 175
56 114
56 72
56 136
56 155
56 92
56 189
57 182
57 132
57 140
57 66
57 82
57 152
57 89
57 143
57 156
57 157
57 94
57 160
57 98
57 99
57 102
57 65
57 103
57 104
57 64
57 115
57 116
57 118
57 123
57 146
58 96
58 68
58 133
58 137
58 128
58 198
58 144
58 171
58 117
58 183
58 153
58 188
58 126
58 191
59 176
59 175
59 165
59 75
59 95
60 100
60 76
60 141
61 200
61 105
61 90
62 176
62 172
62 175
62 113
62 174
62 180
62 91
62 95
63 162
63 163
63 170
63 204
63 109
63 189
64 130
64 137
64 144
64 146
64 132
64 156
64 157
64 160
64 188
64 65
64 66
64 68
64 77
64 82
64 83
64 84
64 85
64 89
64 152
64 94
64 96
64 98
64 99
64 102
64 103
64 104
64 107
64 115
64 117
64 123
64 126
65 146
65 132
65 156
65 157
65 159
65 160
65 182
65 186
65 188
65 66
65 197
65 199
65 82
65 89
65 143
65 93
65 94
65 99
65 103
65 104
65 110
65 115
65 116
65 118
65 123
66 146
66 132
66 156
66 157
66 159
66 160
66 179
66 182
66 186
66 197
66 199
66 82
66 89
66 143
66 93
66 94
66 98
66 99
66 102
66 103
66 104
66 110
66 115
66 116
66 118
66 123
67 99
67 101
67 115
67 116
67 118
67 187
67 157
67 197
68 128
68 130
68 152
68 133
68 137
68 144
68 146
68 83
68 84
68 153
68 89
68 156
68 186
68 94
68 96
68 98
68 102
68 104
68 188
68 171
68 107
68 160
68 132
68 191
68 117
68 183
68 126
68 85
69 72
69 184
69 155
69 167
69 174
69 112
69 136
69 114
69 180
69 124
70 148
71 162
71 184
71 175
71 114
71 72
71 136
71 155
71 92
71 189
72 136
72 164
72 155
72 92
72 167
72 174
72 175
72 114
72 184
72 189
73 192
73 75
73 198
75 80
75 128
75 198
75 192
76 100
76 141
77 98
77 132
77 101
77 102
77 103
77 115
77 152
77 179
78 200
78 97
79 125
79 149
80 121
80 183
80 153
82 146
82 132
82 156
82 157
82 159
82 160
82 182
82 186
82 188
82 197
82 199
82 89
82 143
82 93
82 94
82 98
82 99
82 102
82 103
82 104
82 110
82 115
82 116
82 118
82 123
83 160
83 130
83 171
83 133
83 144
83 84
83 153
83 152
83 132
83 156
83 96
83 104
83 107
83 117
83 191
83 188
83 85
84 160
84 130
84 139
84 140
84 144
84 147
84 152
84 156
84 96
84 107
84 117
84 85
85 130
85 139
85 96
85 147
85 107
85 140
85 144
85 160
85 152
85 117
89 130
89 146
89 132
89 156
89 157
89 160
89 182
89 186
89 188
89 197
89 199
89 143
89 94
89 96
89 98
89 99
89 102
89 103
89 104
89 110
89 115
89 117
89 118
89 123
90 200
90 105
91 112
91 129
91 139
91 172
91 180
91 174
92 114
92 136
92 155
92 189
93 197
93 143
93 157
93 159
93 99
93 199
93 110
93 182
93 122
93 123
94 137
94 130
94 146
94 132
94 156
94 157
94 179
94 182
94 186
94 188
94 199
94 143
94 96
94 98
94 99
94 102
94 103
94 104
94 110
94 115
94 117
94 118
94 123
94 126
95 176
95 162
95 175
95 113
95 165
96 130
96 133
96 137
96 128
96 144
96 146
96 152
96 153
96 156
96 160
96 104
96 188
96 171
96 107
96 186
96 183
96 132
96 191
96 117
96 126
98 179
98 130
98 132
98 152
98 156
98 160
98 102
98 103
98 104
98 115
98 117
98 126
98 146
99 146
99 132
99 156
99 157
99 159
99 160
99 182
99 197
99 199
99 143
99 102
99 103
99 104
99 110
99 115
99 116
99 118
99 123
100 141
100 161
101 103
101 111
101 115
101 116
101 118
101 187
102 179
102 137
102 188
102 152
102 143
102 156
102 157
102 130
102 103
102 104
102 115
102 132
102 146
102 126
102 117
103 140
103 146
103 152
103 132
103 156
103 157
103 160
103 182
103 199
103 143
103 104
103 110
103 115
103 116
103 118
103 123
104 133
104 137
104 128
104 130
104 143
104 144
104 146
104 132
104 156
104 157
104 160
104 171
104 182
104 186
104 188
104 191
104 199
104 152
104 107
104 115
104 117
104 123
104 126
105 200
106 120
106 135
107 160
107 130
107 152
107 133
107 137
107 144
107 153
107 132
107 156
107 171
107 117
107 191
107 188
108 120
108 202
108 135
109 163
109 170
109 204
109 189
110 179
110 143
110 182
110 159
110 197
110 199
110 157
110 115
110 118
110 123
110 146
111 134
111 190
112 129
112 139
112 173
112 178
112 124
113 176
113 180
114 184
114 155
114 167
114 174
114 175
114 180
114 136
114 124
115 146
115 132
115 156
115 157
115 160
115 179
115 182
115 197
115 199
115 143
115 116
115 118
115 123
116 194
116 157
116 159
116 118
116 190
117 130
117 133
117 137
117 128
117 144
117 146
117 152
117 153
117 156
117 186
117 171
117 160
117 132
117 191
117 188
117 183
117 126
118 197
118 143
118 156
118 157
118 160
118 159
118 182
118 123
118 146
120 135
121 191
121 133
121 183
121 153
121 171
122 182
122 123
122 159
122 199
122 143
123 182
123 128
123 186
123 143
123 156
123 159
123 160
123 197
123 199
123 146
123 157
123 188
124 169
124 151
125 203
126 130
126 133
126 137
126 144
126 132
126 171
126 183
126 188
126 191
127 185
127 154
127 204
128 192
128 133
128 198
128 199
128 137
128 144
128 153
128 171
128 183
128 186
128 188
129 178
129 139
129 173
130 132
130 152
130 133
130 137
130 144
130 146
130 153
130 156
130 188
130 171
130 160
130 191
131 145
132 137
132 143
132 144
132 146
132 152
132 156
132 157
132 160
132 179
132 188
133 192
133 171
133 198
133 137
133 144
133 153
133 186
133 183
133 188
133 191
134 194
134 190
136 184
136 155
136 162
136 167
136 174
136 175
136 180
136 189
137 144
137 146
137 171
137 153
137 183
137 188
137 191
139 147
140 160
140 178
140 147
140 152
140 156
142 201
142 159
142 158
143 182
143 186
143 156
143 159
143 197
143 199
143 146
143 157
143 188
144 171
144 153
144 156
144 183
144 191
144 188
146 152
146 156
146 157
146 160
146 182
146 186
146 188
146 199
147 178
147 152
151 169
151 177
152 160
152 156
153 192
153 171
153 183
153 188
153 191
154 185
154 172
155 184
155 164
155 167
155 174
155 175
155 189
156 157
156 160
156 182
156 186
156 188
156 199
157 159
157 160
157 182
157 197
157 199
158 201
158 159
159 182
159 197
159 199
162 176
162 174
162 175
162 180
162 189
163 170
163 204
163 189
164 167
167 184
170 204
170 189
171 192
171 198
171 186
171 183
171 188
171 191
172 185
174 176
174 175
174 184
174 180
175 184
175 176
175 180
175 189
176 184
176 180
177 193
179 187
180 184
182 197
182 186
182 199
183 192
183 198
183 188
183 191
186 192
186 199
186 198
186 188
188 192
188 191
188 198
188 199
190 194
192 198
