0 64
0 1
0 2
0 3
0 4
0 5
0 6
0 7
0 8
0 9
0 10
0 75
0 143
0 144
0 88
0 82
0 131
0 20
0 24
0 26
0 90
0 32
0 98
0 163
0 195
0 103
0 135
0 45
0 48
0 128
0 181
0 55
0 56
0 61
1 64
1 2
1 3
1 4
1 5
1 6
1 7
1 8
1 9
1 10
1 75
1 143
1 144
1 88
1 82
1 131
1 20
1 24
1 26
1 90
1 32
1 98
1 163
1 195
1 103
1 135
1 45
1 48
1 181
1 55
1 56
1 61
1 191
2 3
2 4
2 7
2 9
2 128
2 75
2 15
2 144
2 82
2 131
2 20
2 88
2 90
2 29
2 32
2 163
2 195
2 103
2 135
2 45
2 48
2 181
2 55
2 61
3 131
3 4
3 5
3 6
3 7
3 8
3 9
3 10
3 75
3 143
3 144
3 88
3 82
3 195
3 87
3 24
3 26
3 90
3 32
3 98
3 163
3 64
3 135
3 45
3 48
3 128
3 181
3 55
3 56
3 61
3 191
4 7
4 9
4 75
4 15
4 144
4 82
4 131
4 20
4 88
4 90
4 29
4 163
4 103
4 135
4 45
4 48
4 181
4 61
4 191
5 6
5 135
5 64
5 10
5 14
5 143
5 88
5 82
5 131
5 87
5 24
5 26
5 28
5 90
5 98
5 163
5 195
5 45
5 112
5 8
5 128
5 180
5 181
5 55
5 56
5 60
6 129
6 64
6 10
6 14
6 143
6 88
6 82
6 131
6 87
6 24
6 26
6 28
6 90
6 98
6 163
6 195
6 135
6 45
6 112
6 8
6 114
6 128
6 180
6 181
6 55
6 56
6 187
6 60
7 135
7 9
7 128
7 75
7 15
7 144
7 82
7 131
7 20
7 85
7 88
7 90
7 29
7 32
7 98
7 163
7 37
7 103
7 45
7 48
7 181
7 201
7 122
7 61
7 191
8 135
8 64
8 10
8 14
8 143
8 88
8 82
8 131
8 87
8 24
8 26
8 28
8 90
8 98
8 163
8 195
8 45
8 112
8 128
8 180
8 181
8 55
8 56
8 60
9 201
9 128
9 75
9 15
9 144
9 82
9 131
9 20
9 85
9 88
9 90
9 29
9 199
9 32
9 98
9 163
9 37
9 195
9 103
9 135
9 45
9 48
9 52
9 181
9 55
9 122
9 61
9 191
10 135
10 64
10 128
10 14
10 143
10 88
10 82
10 131
10 87
10 24
10 26
10 28
10 90
10 98
10 163
10 195
10 45
10 112
10 180
10 181
10 55
10 56
10 60
11 33
11 198
11 105
11 43
11 204
11 173
11 175
11 152
11 179
11 116
11 149
11 41
11 120
11 201
11 59
11 93
12 130
12 99
12 100
12 71
12 104
12 44
12 194
12 108
12 162
12 158
12 200
12 179
12 117
12 119
12 202
12 25
12 154
12 157
12 30
12 159
13 130
13 67
13 196
13 71
13 146
13 83
13 85
13 22
13 95
13 161
13 98
13 38
13 104
13 170
13 199
13 108
13 114
13 47
13 178
13 52
13 119
13 186
13 187
13 63
14 64
14 195
14 28
14 143
14 112
14 56
14 180
14 55
14 24
14 26
14 60
14 102
15 131
15 75
15 173
15 144
15 82
15 83
15 20
15 21
15 186
15 88
15 90
15 93
15 199
15 95
15 32
15 98
15 163
15 37
15 103
15 135
15 45
15 29
15 48
15 181
15 201
15 122
15 191
15 61
15 85
16 197
16 35
16 68
16 165
16 134
16 107
16 172
16 77
16 17
16 19
16 182
16 151
16 89
16 91
16 183
16 127
17 35
17 68
17 165
17 200
17 74
17 107
17 172
17 177
17 19
17 117
17 151
17 89
17 156
17 30
17 127
18 160
18 129
18 36
18 69
18 169
18 106
18 107
18 174
18 94
18 150
18 185
18 156
18 138
18 62
19 197
19 35
19 68
19 165
19 134
19 107
19 172
19 77
19 182
19 151
19 89
19 91
19 183
19 127
20 131
20 75
20 144
20 173
20 83
20 21
20 88
20 90
20 93
20 199
20 32
20 33
20 98
20 163
20 37
20 103
20 135
20 45
20 29
20 48
20 181
20 201
20 122
20 61
20 191
21 131
21 135
21 201
21 140
21 144
21 83
21 149
21 154
21 88
21 90
21 93
21 95
21 33
21 37
21 188
21 199
21 173
21 29
21 48
21 49
21 179
21 116
21 118
21 122
21 124
21 61
21 191
22 130
22 67
22 196
22 71
22 173
22 83
22 85
22 95
22 161
22 98
22 163
22 100
22 38
22 178
22 104
22 170
22 199
22 108
22 45
22 47
22 114
22 52
22 119
22 186
22 187
22 63
23 193
23 132
23 200
23 169
23 74
23 51
23 126
23 150
23 73
23 185
23 138
23 94
24 196
24 135
24 64
24 143
24 81
24 82
24 131
24 87
24 88
24 26
24 28
24 90
24 32
24 98
24 163
24 195
24 170
24 45
24 112
24 114
24 128
24 52
24 181
24 55
24 56
24 180
24 187
24 60
25 34
25 101
25 140
25 42
25 175
25 44
25 177
25 50
25 30
25 182
25 154
25 159
25 158
25 127
26 135
26 64
26 143
26 88
26 82
26 131
26 87
26 90
26 28
26 163
26 195
26 45
26 112
26 128
26 180
26 181
26 55
26 56
26 60
27 184
27 148
27 36
27 109
28 64
28 128
28 195
28 143
28 81
28 82
28 85
28 87
28 90
28 32
28 98
28 163
28 170
28 45
28 180
28 114
28 52
28 181
28 55
28 56
28 88
28 187
28 60
29 131
29 75
29 144
29 173
29 83
29 88
29 90
29 93
29 199
29 95
29 32
29 33
29 98
29 163
29 37
29 103
29 135
29 45
29 48
29 181
29 201
29 122
29 124
29 61
29 191
30 72
30 44
30 202
30 46
30 172
30 117
30 200
30 157
30 158
30 127
31 164
31 182
31 72
31 202
31 141
31 46
32 128
32 75
32 81
32 82
32 131
32 85
32 90
32 143
32 199
32 98
32 163
32 195
32 103
32 170
32 135
32 45
32 48
32 114
32 52
32 181
32 55
32 56
32 88
32 122
32 187
32 61
33 97
33 37
33 201
33 204
33 173
33 93
33 152
33 120
33 116
33 122
33 124
33 191
34 165
34 39
34 136
34 107
34 177
34 50
34 148
34 184
34 121
34 156
34 159
35 68
35 197
35 134
35 73
35 74
35 80
35 148
35 151
35 89
35 91
35 156
35 94
35 160
35 165
35 40
35 106
35 107
35 189
35 137
35 138
35 62
35 127
36 69
36 138
36 106
36 76
36 109
37 75
37 204
37 144
37 83
37 152
37 93
37 199
37 103
37 41
37 135
37 173
37 48
37 201
37 122
37 124
37 61
37 191
38 196
38 51
38 130
38 99
38 100
38 71
38 104
38 194
38 170
38 108
38 47
38 200
38 67
38 187
38 119
38 132
38 186
38 155
38 63
39 177
39 136
39 121
39 184
39 50
39 159
40 160
40 197
40 137
40 76
40 78
40 111
40 80
40 151
40 123
40 189
40 62
41 65
41 198
41 199
41 201
41 204
41 83
41 149
41 152
41 93
41 95
41 105
41 43
41 173
41 175
41 179
41 116
41 120
41 122
41 59
41 124
42 97
42 50
42 116
42 101
42 120
42 175
42 140
42 159
43 203
43 204
43 198
43 105
43 140
43 175
43 120
43 116
43 149
43 152
43 59
43 93
44 162
44 99
44 100
44 179
44 71
44 202
44 108
44 194
44 158
44 175
44 140
44 83
44 117
44 119
44 154
44 124
44 157
44 159
45 144
45 131
45 163
45 170
45 135
45 48
45 128
45 52
45 181
45 55
45 56
45 186
45 187
45 61
45 191
45 64
45 67
45 196
45 199
45 75
45 81
45 82
45 83
45 85
45 88
45 90
45 143
45 98
45 195
45 103
45 114
45 122
46 164
46 182
46 72
46 202
46 172
46 141
46 127
47 130
47 67
47 196
47 71
47 194
47 83
47 88
47 155
47 95
47 161
47 98
47 99
47 100
47 163
47 104
47 170
47 199
47 108
47 178
47 114
47 52
47 119
47 186
47 187
47 63
48 75
48 144
48 82
48 131
48 88
48 90
48 199
48 98
48 163
48 103
48 135
48 181
48 201
48 122
48 191
48 61
48 85
49 144
49 118
49 135
49 136
49 188
49 191
50 177
50 101
50 182
50 159
50 140
50 127
51 193
51 194
51 99
51 100
51 150
51 200
51 73
51 74
51 108
51 94
51 169
51 117
51 138
51 132
51 185
51 155
51 106
51 126
52 128
52 67
52 196
52 199
52 75
52 81
52 82
52 195
52 85
52 90
52 98
52 163
52 170
52 114
52 181
52 88
52 187
54 65
54 198
54 166
54 168
54 105
54 92
55 135
55 64
55 143
55 81
55 82
55 131
55 87
55 90
55 98
55 163
55 195
55 114
55 128
55 180
55 181
55 56
55 88
55 60
56 135
56 64
56 143
56 81
56 82
56 131
56 87
56 90
56 98
56 163
56 195
56 112
56 114
56 128
56 180
56 181
56 88
56 187
56 60
57 113
58 68
58 78
58 134
58 183
58 137
58 91
58 189
58 110
58 197
59 65
59 198
59 199
59 201
59 204
59 83
59 149
59 152
59 93
59 95
59 162
59 105
59 173
59 175
59 179
59 116
59 120
59 122
59 124
60 64
60 195
60 143
60 112
60 180
60 102
61 75
61 144
61 82
61 131
61 88
61 90
61 199
61 98
61 163
61 103
61 135
61 181
61 201
61 122
61 191
61 85
62 160
62 176
62 69
62 137
62 106
62 76
62 174
62 189
62 80
62 150
62 151
62 169
62 123
62 138
62 94
62 197
63 130
63 67
63 196
63 71
63 194
63 163
63 88
63 155
63 95
63 161
63 98
63 99
63 100
63 104
63 170
63 199
63 108
63 173
63 83
63 119
63 186
63 187
64 135
64 143
64 88
64 82
64 131
64 87
64 90
64 98
64 163
64 195
64 112
64 128
64 180
64 181
65 161
65 130
65 179
65 198
65 71
65 104
65 199
65 204
65 162
65 173
65 178
65 83
65 149
65 119
65 152
65 186
65 92
65 95
66 128
66 81
66 114
67 130
67 196
67 71
67 194
67 173
67 83
67 149
67 186
67 88
67 90
67 154
67 158
67 95
67 161
67 98
67 99
67 100
67 163
67 104
67 170
67 199
67 108
67 178
67 179
67 181
67 119
67 122
67 187
68 160
68 197
68 165
68 134
68 73
68 151
68 172
68 78
68 189
68 142
68 137
68 89
68 91
68 183
68 127
69 160
69 129
69 169
69 138
69 94
69 174
69 106
69 126
69 150
69 185
69 74
70 160
70 176
70 185
70 197
70 151
70 137
70 73
70 189
70 142
71 130
71 196
71 199
71 194
71 108
71 83
71 149
71 154
71 157
71 158
71 95
71 161
71 98
71 99
71 100
71 104
71 173
71 179
71 117
71 119
71 186
71 187
71 124
72 164
72 182
72 202
72 172
72 141
72 127
73 160
73 132
73 134
73 200
73 137
73 74
73 151
73 142
73 169
73 94
73 89
73 185
73 138
73 126
73 197
74 160
74 194
74 132
74 200
74 106
74 107
74 126
74 156
74 117
74 150
74 89
74 151
74 138
74 94
74 165
75 128
75 144
75 173
75 82
75 131
75 85
75 88
75 90
75 199
75 98
75 163
75 103
75 135
75 181
75 201
75 122
75 191
76 80
76 189
76 174
76 123
76 192
76 109
76 111
77 121
77 148
77 171
78 197
78 134
78 151
78 137
78 91
78 183
78 110
78 189
79 96
79 153
79 115
79 139
79 147
80 160
80 197
80 151
80 137
80 123
80 189
80 111
81 128
81 163
81 98
81 170
81 82
81 195
81 85
81 88
81 114
81 181
82 131
82 85
82 87
82 143
82 90
82 98
82 163
82 195
82 103
82 170
82 135
82 180
82 114
82 128
82 181
82 88
82 187
83 130
83 149
83 152
83 154
83 158
83 161
83 163
83 199
83 173
83 179
83 186
83 187
83 188
83 191
83 194
83 196
83 201
83 204
83 88
83 90
83 93
83 95
83 98
83 99
83 100
83 104
83 108
83 119
83 122
83 124
84 96
85 128
85 88
85 98
85 163
85 103
85 170
85 199
85 114
85 181
85 122
85 187
86 193
86 155
86 133
86 126
87 129
87 135
87 143
87 88
87 131
87 90
87 99
87 100
87 163
87 195
87 112
87 180
87 187
88 144
88 131
88 173
88 163
88 135
88 128
88 181
88 186
88 187
88 196
88 199
88 90
88 143
88 98
88 99
88 100
88 195
88 103
88 104
88 114
88 122
88 191
89 197
89 165
89 177
89 107
89 172
89 117
89 138
89 151
89 156
89 106
89 94
89 127
90 144
90 131
90 163
90 135
90 173
90 181
90 186
90 187
90 188
90 191
90 196
90 199
90 143
90 98
90 99
90 100
90 195
90 103
90 122
91 197
91 134
91 137
91 183
91 110
91 151
91 189
92 168
92 166
92 161
93 199
93 201
93 204
93 124
93 149
93 152
93 95
93 173
93 179
93 116
93 120
93 122
93 191
94 160
94 107
94 185
94 150
94 126
94 138
94 169
94 156
94 151
94 106
94 165
95 149
95 130
95 196
95 201
95 204
95 186
95 152
95 154
95 158
95 161
95 98
95 99
95 100
95 104
95 191
95 108
95 173
95 178
95 179
95 199
95 119
95 122
95 124
96 153
96 115
96 139
97 116
97 120
97 140
97 175
98 128
98 144
98 131
98 163
98 170
98 135
98 173
98 181
98 186
98 187
98 196
98 143
98 199
98 100
98 195
98 103
98 104
98 114
98 122
98 191
99 130
99 196
99 108
99 194
99 154
99 158
99 191
99 100
99 104
99 188
99 173
99 117
99 119
99 186
99 187
99 124
100 130
100 196
100 108
100 194
100 154
100 158
100 163
100 104
100 188
100 173
100 117
100 119
100 186
100 187
100 124
101 182
101 175
101 140
101 159
102 112
103 131
103 199
103 163
103 135
103 181
103 201
103 122
103 191
104 130
104 196
104 194
104 149
104 154
104 158
104 161
104 163
104 199
104 108
104 173
104 179
104 119
104 186
104 187
104 124
105 162
105 198
105 152
105 204
105 203
106 160
106 129
106 169
106 107
106 150
106 185
106 156
106 138
106 165
107 165
107 177
107 148
107 138
107 151
107 156
107 127
108 130
108 132
108 179
108 194
108 196
108 154
108 155
108 157
108 158
108 161
108 200
108 117
108 119
108 186
108 187
109 111
110 176
110 134
110 137
110 189
111 192
111 123
112 129
112 180
112 133
114 128
114 195
114 163
114 170
114 180
114 181
114 187
115 153
115 139
115 147
116 162
116 140
116 173
116 175
116 152
116 179
116 204
116 120
116 154
116 124
116 149
117 132
117 165
117 200
117 194
117 158
117 119
117 156
117 157
117 127
118 144
118 131
118 135
118 136
118 188
118 154
118 191
118 124
118 159
119 130
119 196
119 194
119 149
119 154
119 157
119 158
119 161
119 173
119 179
119 186
119 124
120 204
120 140
120 175
120 152
120 124
121 171
121 148
122 149
122 204
122 152
122 173
122 199
122 163
122 135
122 181
122 201
122 191
122 186
122 124
123 160
123 197
123 137
123 176
123 189
124 204
124 201
124 140
124 159
124 149
124 186
124 152
124 154
124 175
124 158
124 191
124 199
124 173
124 179
124 188
126 193
126 132
126 200
126 185
126 150
126 169
126 155
126 138
127 165
127 177
127 172
127 182
127 156
128 143
128 195
128 163
128 170
128 181
129 180
129 169
129 138
129 150
130 194
130 196
130 155
130 157
130 158
130 161
130 199
130 173
130 178
130 179
130 186
130 187
131 144
131 195
131 143
131 163
131 135
131 181
131 187
131 188
131 191
132 193
132 194
132 200
132 155
132 157
133 193
133 150
133 185
133 169
134 160
134 197
134 137
134 151
134 189
134 142
134 183
135 144
135 143
135 163
135 195
135 181
135 188
135 191
136 184
136 177
136 188
136 159
137 160
137 176
137 142
137 151
137 189
137 197
138 151
138 150
138 156
138 160
138 165
138 169
138 185
139 153
140 188
140 175
140 179
140 154
140 158
140 159
141 202
141 164
142 160
142 176
142 151
142 197
143 163
143 195
143 180
143 181
144 163
144 181
144 188
144 191
145 174
146 178
147 153
147 166
148 171
149 199
149 201
149 204
149 186
149 152
149 154
149 158
149 161
149 173
149 175
149 179
150 160
150 193
150 169
150 174
150 185
151 197
151 183
151 156
151 165
151 160
151 189
152 198
152 199
152 201
152 204
152 173
152 175
152 179
154 194
154 196
154 158
154 159
154 191
154 188
154 173
154 175
154 179
154 186
155 194
156 165
156 177
157 200
157 194
157 202
157 158
158 196
158 194
158 159
158 179
158 186
159 175
159 177
159 188
160 197
160 169
160 189
160 176
160 185
161 179
161 178
161 186
162 179
162 198
162 202
162 203
162 175
163 170
163 181
163 186
163 187
163 196
163 199
163 195
163 191
164 182
164 202
164 172
165 177
166 168
169 193
169 174
169 185
170 196
170 181
170 187
172 183
172 182
173 196
173 201
173 204
173 186
173 199
173 191
173 179
175 204
175 179
175 203
176 189
176 197
177 188
177 184
178 186
178 199
179 204
179 199
179 186
180 195
180 187
181 186
181 187
181 191
181 196
181 199
181 195
183 197
185 193
186 196
186 194
186 199
186 191
186 187
187 196
187 194
188 191
189 197
191 196
191 199
191 201
194 200
194 196
196 199
198 204
198 203
199 201
199 204
201 204
