0 192
0 1
0 3
0 139
0 204
0 15
0 80
0 131
0 20
0 150
0 152
0 89
0 34
0 35
0 166
0 177
0 41
0 49
0 114
0 51
0 180
0 117
0 54
0 184
0 122
0 123
0 63
1 2
1 3
1 4
1 5
1 7
1 136
1 9
1 10
1 140
1 130
1 14
1 15
1 145
1 18
1 131
1 21
1 150
1 24
1 157
1 34
1 35
1 40
1 41
1 43
1 45
1 46
1 49
1 50
1 180
1 183
1 56
1 57
1 63
1 67
1 68
1 77
1 141
1 80
1 81
1 84
1 152
1 89
1 90
1 93
1 98
1 102
1 106
1 107
1 109
1 114
1 123
2 130
2 3
2 4
2 5
2 7
2 136
2 9
2 10
2 140
2 15
2 145
2 18
2 131
2 21
2 24
2 157
2 34
2 35
2 40
2 43
2 180
2 49
2 50
2 52
2 183
2 56
2 57
2 62
2 63
2 65
2 197
2 129
2 75
2 77
2 80
2 81
2 84
2 89
2 152
2 98
2 102
2 106
2 108
2 111
2 114
2 117
2 120
2 123
3 131
3 4
3 5
3 130
3 7
3 136
3 10
3 140
3 98
3 15
3 80
3 81
3 18
3 21
3 24
3 89
3 152
3 157
3 197
3 133
3 34
3 35
3 102
3 41
3 106
3 43
3 49
3 114
3 180
3 117
3 56
3 57
3 123
3 62
3 63
4 5
4 7
4 136
4 9
4 10
4 140
4 130
4 14
4 15
4 145
4 18
4 131
4 21
4 24
4 157
4 34
4 35
4 129
4 43
4 46
4 49
4 50
4 180
4 183
4 56
4 57
4 62
4 63
4 65
4 67
4 68
4 197
4 77
4 80
4 81
4 84
4 89
4 152
4 93
4 98
4 102
4 106
4 109
4 40
4 114
4 117
4 120
4 123
5 130
5 7
5 8
5 9
5 10
5 66
5 14
5 77
5 81
5 67
5 84
5 21
5 22
5 24
5 68
5 90
5 29
5 148
5 107
5 97
5 34
5 114
5 102
5 145
5 40
5 43
5 109
5 46
5 93
5 157
5 49
5 50
5 180
5 183
5 57
5 186
6 65
6 101
6 104
6 106
6 75
6 108
6 81
6 52
6 120
6 156
6 61
6 62
6 197
7 129
7 136
7 9
7 10
7 140
7 130
7 14
7 15
7 145
7 18
7 131
7 21
7 24
7 157
7 34
7 180
7 40
7 43
7 46
7 49
7 50
7 52
7 183
7 56
7 57
7 62
7 63
7 65
7 67
7 68
7 197
7 77
7 81
7 84
7 89
7 152
7 93
7 98
7 102
7 106
7 108
7 109
7 111
7 114
7 120
7 123
8 67
8 68
8 145
8 77
8 14
8 81
8 84
8 149
8 22
8 24
8 90
8 27
8 93
8 88
8 96
8 97
8 164
8 102
8 17
8 40
8 44
8 46
8 29
8 48
8 183
8 57
8 61
8 191
9 128
9 43
9 10
9 11
9 140
9 130
9 14
9 145
9 148
9 21
9 24
9 28
9 157
9 162
9 36
9 40
9 171
9 174
9 50
9 52
9 183
9 56
9 57
9 62
9 193
9 66
9 67
9 197
9 71
9 12
9 75
9 77
9 81
9 84
9 93
9 46
9 108
9 111
9 112
9 114
9 120
10 130
10 65
10 136
10 75
10 140
10 77
10 43
10 18
10 131
10 84
10 21
10 24
10 89
10 152
10 157
10 197
10 98
10 162
10 81
10 40
10 106
10 108
10 114
10 129
10 111
10 49
10 50
10 52
10 117
10 120
10 56
10 57
10 123
10 183
10 62
10 63
11 128
11 193
11 71
11 75
11 12
11 13
11 19
11 87
11 28
11 30
11 162
11 36
11 37
11 42
11 171
11 108
11 174
11 111
11 112
11 140
11 52
11 56
12 128
12 193
12 66
12 36
12 134
12 39
12 40
12 71
12 77
12 174
12 112
12 195
12 84
12 162
12 183
12 148
13 37
13 73
13 42
13 78
13 112
13 19
13 174
13 87
13 179
13 28
13 30
14 66
14 67
14 68
14 130
14 74
14 77
14 81
14 84
14 21
14 22
14 24
14 71
14 27
14 29
14 148
14 97
14 34
14 36
14 90
14 102
14 145
14 40
14 43
14 44
14 109
14 46
14 93
14 114
14 183
14 57
14 186
15 136
15 139
15 192
15 34
15 80
15 18
15 131
15 20
15 150
15 152
15 89
15 157
15 98
15 35
15 166
15 102
15 177
15 41
15 43
15 49
15 114
15 51
15 180
15 117
15 54
15 184
15 123
15 63
16 66
16 134
16 103
16 107
16 141
16 45
16 50
16 148
16 23
16 186
16 47
16 60
17 97
17 68
17 135
17 44
17 191
17 93
17 79
17 48
17 145
17 159
17 88
17 164
17 27
17 29
17 31
18 197
18 65
18 136
18 75
18 140
18 130
18 80
18 43
18 131
18 21
18 24
18 89
18 152
18 157
18 98
18 35
18 129
18 106
18 108
18 49
18 52
18 117
18 120
18 56
18 57
18 123
18 138
18 62
18 63
19 128
19 171
19 37
19 200
19 73
19 42
19 78
19 111
19 112
19 179
19 174
19 87
19 28
19 30
20 192
20 34
20 35
20 150
20 166
20 177
20 41
20 139
20 204
20 80
20 49
20 51
20 180
20 54
20 184
20 122
21 128
21 136
21 140
21 130
21 145
21 131
21 171
21 24
21 157
21 162
21 36
21 40
21 43
21 46
21 49
21 50
21 52
21 183
21 56
21 57
21 62
21 63
21 65
21 67
21 68
21 197
21 75
21 77
21 81
21 84
21 89
21 93
21 98
21 106
21 108
21 111
21 114
21 120
21 123
22 149
22 96
22 67
22 68
22 76
22 175
22 81
22 26
22 99
22 110
22 88
22 89
22 90
22 91
22 93
22 133
22 32
22 97
22 34
22 27
22 164
22 165
22 102
22 145
22 106
22 167
22 109
22 46
22 29
22 49
22 114
22 180
22 182
22 63
23 66
23 148
23 134
23 103
23 186
23 107
23 60
23 45
23 141
24 140
24 130
24 145
24 157
24 34
24 36
24 40
24 43
24 44
24 46
24 49
24 50
24 52
24 162
24 183
24 56
24 57
24 62
24 65
24 67
24 68
24 197
24 71
24 77
24 81
24 84
24 90
24 93
24 97
24 98
24 102
24 106
24 108
24 109
24 111
24 114
24 120
24 136
25 144
25 33
25 86
25 55
25 202
25 127
26 32
26 64
26 27
26 164
26 165
26 167
26 96
26 76
26 175
26 79
26 82
26 99
26 149
26 88
26 90
26 91
26 190
26 158
27 67
27 68
27 79
27 81
27 110
27 88
27 90
27 93
27 31
27 96
27 97
27 99
27 164
27 102
27 145
27 44
27 46
27 29
27 48
27 191
27 149
28 128
28 73
28 75
28 140
28 87
28 30
28 95
28 162
28 37
28 168
28 42
28 171
28 108
28 174
28 111
28 112
28 178
28 52
28 181
28 56
28 189
28 62
29 67
29 68
29 74
29 46
29 90
29 93
29 32
29 97
29 34
29 99
29 164
29 165
29 102
29 145
29 40
29 109
29 110
29 175
29 48
29 114
29 180
29 182
29 183
29 191
29 149
30 171
30 132
30 37
30 70
30 168
30 73
30 42
30 111
30 189
30 178
30 181
30 87
30 153
30 138
30 95
31 48
31 164
31 85
31 135
31 88
31 159
31 191
31 79
32 34
32 99
32 164
32 165
32 102
32 167
32 139
32 190
32 110
32 146
32 180
32 149
32 175
32 90
32 158
32 182
33 55
34 109
34 130
34 145
34 107
34 110
34 89
34 68
34 90
34 99
34 165
34 102
34 40
34 41
34 43
34 45
34 46
34 49
34 114
34 180
34 184
34 57
34 63
35 136
35 192
35 80
35 131
35 150
35 152
35 89
35 157
35 98
35 166
35 177
35 41
35 43
35 49
35 114
35 51
35 180
35 117
35 184
35 123
35 63
36 128
36 193
36 66
36 67
36 71
36 130
36 77
36 84
36 93
36 148
36 162
36 39
36 40
36 174
36 111
36 112
36 140
36 183
36 56
36 57
37 128
37 171
37 179
37 200
37 73
37 42
37 78
37 111
37 112
37 174
37 87
38 58
39 112
39 193
39 195
39 71
40 67
40 130
40 66
40 77
40 81
40 84
40 68
40 71
40 148
40 97
40 90
40 102
40 145
40 43
40 44
40 109
40 46
40 93
40 157
40 49
40 50
40 162
40 183
40 56
40 57
40 114
40 140
41 204
41 139
41 192
41 80
41 131
41 150
41 152
41 89
41 166
41 177
41 49
41 114
41 51
41 180
41 117
41 54
41 184
41 122
41 123
41 63
42 171
42 132
42 168
42 73
42 112
42 178
42 181
42 87
42 189
42 95
43 136
43 140
43 130
43 145
43 131
43 157
43 46
43 49
43 50
43 180
43 183
43 56
43 57
43 62
43 63
43 67
43 68
43 197
43 77
43 80
43 81
43 84
43 152
43 89
43 90
43 93
43 98
43 102
43 106
43 109
43 114
43 120
43 123
44 67
44 68
44 197
44 81
44 84
44 90
44 93
44 96
44 97
44 101
44 145
44 48
44 183
44 88
44 61
44 191
45 50
45 166
45 103
45 107
45 141
45 109
45 114
45 150
45 176
45 186
45 60
45 157
46 66
46 67
46 68
46 130
46 74
46 77
46 81
46 107
46 84
46 186
46 71
46 148
46 97
46 90
46 102
46 145
46 109
46 110
46 93
46 49
46 50
46 180
46 182
46 183
46 57
46 114
47 129
47 50
47 134
47 162
47 56
47 141
47 157
48 96
48 97
48 67
48 68
48 113
48 145
48 135
48 191
48 93
48 79
48 88
48 164
48 90
49 136
49 130
49 145
49 131
49 157
49 133
49 165
49 50
49 51
49 180
49 184
49 57
49 63
49 152
49 68
49 80
49 81
49 89
49 90
49 98
49 102
49 106
49 109
49 114
49 117
49 123
50 107
50 130
50 140
50 77
50 109
50 141
50 84
50 66
50 150
50 157
50 148
50 162
50 134
50 103
50 129
50 114
50 183
50 56
50 57
51 192
51 133
51 166
51 177
51 139
51 180
51 80
51 54
51 201
51 184
51 89
51 122
51 63
52 128
52 65
52 197
52 136
52 75
52 140
52 130
52 81
52 84
52 87
52 120
52 104
52 156
52 106
52 171
52 108
52 174
52 111
52 168
52 178
52 181
52 189
52 73
52 56
52 61
52 62
53 163
53 100
53 155
53 182
53 74
53 59
53 191
54 192
54 194
54 166
54 139
54 204
54 80
54 177
54 184
54 122
55 202
55 125
56 128
56 197
56 130
56 65
56 136
56 140
56 77
56 84
56 120
56 75
56 157
56 95
56 162
56 171
56 108
56 178
56 129
56 183
56 111
56 57
56 138
56 62
57 140
57 130
57 145
57 131
57 157
57 180
57 162
57 183
57 62
57 63
57 67
57 68
57 197
57 71
57 77
57 81
57 84
57 93
57 98
57 102
57 106
57 109
57 111
57 114
57 136
58 143
59 116
59 155
59 100
60 66
60 107
60 148
60 134
60 103
60 186
60 141
61 96
61 65
61 98
61 67
61 101
61 113
61 108
61 106
61 75
61 81
61 88
61 120
61 156
61 93
61 197
62 128
62 65
62 197
62 136
62 75
62 140
62 130
62 81
62 131
62 120
62 95
62 171
62 98
62 104
62 156
62 106
62 108
62 111
62 168
62 178
62 181
62 189
62 73
62 138
63 133
63 130
63 136
63 192
63 98
63 80
63 81
63 131
63 89
63 90
63 188
63 165
63 102
63 106
63 114
63 180
63 117
63 184
63 123
63 124
64 82
64 149
64 91
64 76
64 158
64 190
65 128
65 197
65 136
65 75
65 140
65 130
65 120
65 156
65 98
65 81
65 104
65 106
65 171
65 108
65 111
65 168
65 178
65 181
65 189
66 134
66 71
66 74
66 77
66 148
66 162
66 163
66 107
66 109
66 183
66 186
67 130
67 68
67 77
67 81
67 84
67 71
67 96
67 97
67 90
67 102
67 145
67 109
67 93
67 114
67 183
67 191
68 130
68 77
68 84
68 110
68 90
68 88
68 96
68 97
68 99
68 164
68 165
68 102
68 81
68 145
68 106
68 109
68 93
68 114
68 180
68 183
68 191
68 149
70 178
70 132
70 153
70 168
70 73
71 128
71 193
71 134
71 77
71 84
71 174
71 93
71 162
71 148
71 112
71 183
72 121
72 92
73 181
73 132
73 168
73 171
73 111
73 189
73 178
73 87
73 153
73 138
73 95
74 97
74 163
74 109
74 145
74 148
74 186
74 155
74 93
75 128
75 136
75 140
75 81
75 84
75 87
75 197
75 104
75 156
75 106
75 171
75 108
75 174
75 111
75 168
75 178
75 181
75 189
75 120
76 96
76 82
76 149
76 167
76 88
76 91
76 158
76 190
77 128
77 130
77 81
77 84
77 93
77 97
77 148
77 114
77 145
77 109
77 157
77 162
77 183
77 140
77 134
78 112
78 87
78 200
78 179
78 174
79 164
79 190
79 191
79 175
79 149
79 88
79 158
79 159
80 136
80 139
80 192
80 131
80 150
80 152
80 89
80 157
80 98
80 166
80 177
80 114
80 180
80 117
80 184
80 123
81 140
81 130
81 145
81 180
81 183
81 197
81 84
81 88
81 89
81 90
81 93
81 96
81 97
81 98
81 102
81 106
81 108
81 114
81 120
82 149
82 167
82 91
82 158
82 190
83 173
84 128
84 130
84 193
84 111
84 90
84 197
84 97
84 162
84 145
84 106
84 114
84 93
84 108
84 183
84 140
85 135
85 159
85 126
86 144
86 202
86 127
87 128
87 132
87 198
87 196
87 168
87 171
87 108
87 174
87 111
87 112
87 178
87 181
87 189
88 149
88 90
88 91
88 96
88 97
88 164
88 145
88 113
88 191
89 133
89 130
89 136
89 98
89 131
89 90
89 188
89 165
89 102
89 106
89 114
89 180
89 117
89 123
89 124
90 149
90 175
90 96
90 98
90 110
90 133
90 97
90 99
90 164
90 165
90 102
90 145
90 106
90 109
90 93
90 114
90 180
90 182
91 96
91 133
91 190
91 113
91 149
91 158
93 130
93 96
93 97
93 102
93 145
93 109
93 114
93 183
93 191
94 115
95 129
95 178
95 153
95 168
95 138
96 133
96 145
96 149
96 97
96 164
96 106
96 113
96 180
97 149
97 164
97 102
97 145
97 109
97 183
97 191
98 133
98 136
98 130
98 131
98 197
98 102
98 188
98 106
98 114
98 180
98 117
98 120
98 123
98 124
99 165
99 102
99 167
99 175
99 109
99 110
99 145
99 180
99 149
99 164
99 158
99 182
100 146
100 155
100 116
100 182
100 110
101 113
101 197
101 156
101 125
102 130
102 145
102 149
102 133
102 164
102 165
102 167
102 175
102 180
102 182
102 184
102 106
102 109
102 110
102 114
103 176
103 150
103 186
103 107
103 141
104 197
104 168
104 171
104 108
104 178
104 181
104 120
104 156
104 189
106 133
106 136
106 130
106 131
106 197
106 180
106 145
106 188
106 108
106 114
106 120
106 124
107 186
107 134
107 176
107 109
107 141
107 148
107 150
107 114
107 157
108 128
108 197
108 136
108 140
108 130
108 120
108 156
108 171
108 174
108 111
108 168
108 178
108 181
108 189
109 130
109 141
109 145
109 148
109 110
109 114
109 180
109 182
109 183
109 186
110 165
110 167
110 175
110 164
110 146
110 149
110 182
111 128
111 197
111 140
111 130
111 120
111 162
111 168
111 193
111 171
111 174
111 189
111 112
111 178
111 181
111 183
112 128
112 193
112 162
112 171
112 174
114 136
114 130
114 145
114 131
114 150
114 157
114 180
114 183
114 141
114 123
116 155
116 182
117 136
117 131
117 152
117 123
120 128
120 171
120 197
120 136
120 140
120 130
120 156
120 168
120 178
120 181
120 189
121 203
121 199
122 192
122 165
122 167
122 139
122 204
122 177
122 184
123 136
123 130
123 131
123 150
123 152
123 157
123 166
123 129
124 133
124 201
124 188
126 159
126 135
127 144
127 202
128 197
128 162
128 193
128 171
128 174
128 140
128 183
129 136
129 140
129 130
129 157
129 152
129 138
130 136
130 140
130 145
130 131
130 157
130 162
130 183
130 197
130 152
131 133
131 136
131 140
131 152
131 157
131 180
132 198
132 168
132 196
132 181
132 153
132 189
133 165
133 188
133 180
134 162
134 141
134 148
134 186
135 191
136 197
136 140
136 152
136 157
136 138
137 159
138 153
138 140
138 178
139 204
139 165
139 167
139 192
139 177
139 201
139 184
139 180
140 197
140 157
140 162
140 174
140 171
140 178
140 183
141 166
141 150
141 186
141 157
144 202
145 164
145 180
145 183
145 149
146 182
146 175
148 162
148 163
148 183
148 186
149 175
149 158
149 164
149 165
149 167
149 180
149 190
150 166
150 152
150 157
151 163
152 192
152 157
152 166
153 178
153 181
153 168
155 182
156 171
156 168
156 189
156 181
156 197
157 166
158 164
158 167
158 175
158 190
162 174
162 183
164 175
164 165
164 182
164 190
164 191
165 167
165 175
165 180
165 184
166 192
166 204
166 184
166 177
167 175
167 180
167 190
168 196
168 198
168 171
168 178
168 181
168 189
171 197
171 174
171 178
171 181
171 189
174 193
175 190
175 180
175 182
176 186
177 192
177 194
177 204
177 184
178 181
178 189
179 200
180 184
181 198
181 196
181 189
183 193
184 192
184 204
189 198
189 196
192 194
192 204
193 195
194 204
196 200
196 198
198 200
199 203
