0 1
0 2
0 3
0 4
0 5
0 136
0 9
0 10
0 11
0 13
0 15
0 173
0 75
0 19
0 148
0 66
0 86
0 23
0 153
0 90
0 175
0 29
0 36
0 101
0 168
0 41
0 43
0 45
0 46
0 154
0 112
0 200
0 114
0 131
0 180
0 53
0 105
0 185
0 58
0 127
0 124
0 138
0 63
1 2
1 3
1 4
1 5
1 136
1 9
1 10
1 11
1 13
1 15
1 19
1 148
1 23
1 25
1 154
1 29
1 36
1 165
1 168
1 41
1 43
1 45
1 46
1 53
1 137
1 57
1 58
1 138
1 63
1 193
1 66
1 200
1 75
1 173
1 86
1 90
1 97
1 131
1 101
1 105
1 112
1 114
1 153
1 124
1 127
2 3
2 4
2 5
2 136
2 9
2 10
2 11
2 13
2 15
2 18
2 19
2 148
2 22
2 23
2 25
2 158
2 165
2 168
2 41
2 170
2 43
2 172
2 45
2 46
2 53
2 137
2 57
2 58
2 187
2 138
2 63
2 193
2 66
2 197
2 71
2 200
2 75
2 86
2 90
2 97
2 99
2 131
2 101
2 105
2 112
2 114
2 153
2 124
2 127
3 131
3 4
3 5
3 136
3 9
3 10
3 11
3 13
3 15
3 18
3 19
3 148
3 171
3 22
3 23
3 25
3 158
3 165
3 168
3 41
3 170
3 43
3 172
3 45
3 46
3 53
3 137
3 56
3 57
3 58
3 187
3 138
3 63
3 193
3 66
3 197
3 71
3 200
3 73
3 74
3 75
3 86
3 90
3 91
3 97
3 99
3 101
3 105
3 112
3 114
3 153
3 124
3 125
3 127
4 5
4 136
4 9
4 10
4 11
4 13
4 15
4 18
4 19
4 148
4 171
4 22
4 23
4 25
4 158
4 165
4 168
4 41
4 170
4 43
4 172
4 45
4 46
4 53
4 137
4 57
4 58
4 187
4 138
4 63
4 193
4 66
4 197
4 71
4 200
4 73
4 75
4 86
4 90
4 97
4 99
4 131
4 101
4 105
4 112
4 114
4 153
4 124
4 125
4 127
5 129
5 72
5 10
5 11
5 12
5 13
5 15
5 75
5 131
5 148
5 154
5 23
5 153
5 90
5 26
5 176
5 200
5 36
5 101
5 168
5 41
5 43
5 173
5 46
5 175
5 112
5 136
5 114
5 180
5 53
5 58
5 124
5 138
5 127
6 193
6 66
6 197
6 71
6 9
6 74
6 81
6 18
6 86
6 23
6 24
6 165
6 38
6 41
6 170
6 172
6 45
6 178
6 56
6 57
6 59
6 125
7 61
8 192
8 194
8 131
8 70
8 199
8 72
8 140
8 11
8 76
8 14
8 15
8 146
8 143
8 36
8 102
8 168
8 108
8 173
8 175
8 52
8 181
8 55
8 180
9 136
9 10
9 13
9 142
9 18
9 19
9 23
9 24
9 25
9 158
9 35
9 165
9 38
9 41
9 170
9 172
9 45
9 46
9 178
9 51
9 53
9 56
9 57
9 58
9 59
9 63
9 193
9 66
9 197
9 71
9 73
9 74
9 75
9 86
9 90
9 91
9 97
9 99
9 101
9 105
9 112
9 114
9 123
9 125
9 127
10 136
10 131
10 11
10 13
10 15
10 173
10 75
10 19
10 148
10 66
10 86
10 23
10 153
10 90
10 175
10 29
10 36
10 101
10 168
10 41
10 43
10 45
10 46
10 154
10 112
10 200
10 114
10 180
10 53
10 105
10 185
10 58
10 127
10 124
10 138
10 63
11 137
11 140
11 13
11 14
11 15
11 146
11 19
11 153
11 30
11 36
11 40
11 43
11 173
11 46
11 175
11 136
11 52
11 181
11 55
11 180
11 138
11 62
11 192
11 194
11 70
11 199
11 72
11 143
11 131
11 101
11 102
11 108
11 109
11 112
11 168
11 127
12 66
12 43
12 38
12 104
12 41
12 75
12 45
12 125
12 48
12 81
12 154
12 23
12 26
12 90
13 136
13 15
13 18
13 19
13 148
13 22
13 23
13 25
13 158
13 165
13 168
13 41
13 170
13 43
13 172
13 45
13 46
13 178
13 53
13 137
13 57
13 58
13 187
13 138
13 63
13 193
13 66
13 197
13 71
13 200
13 73
13 75
13 86
13 90
13 97
13 99
13 131
13 101
13 105
13 112
13 114
13 153
13 124
13 125
13 127
14 192
14 194
14 131
14 70
14 199
14 72
14 140
14 76
14 143
14 16
14 146
14 36
14 102
14 168
14 108
14 173
14 175
14 52
14 181
14 55
14 180
15 198
15 137
15 140
15 143
15 146
15 131
15 148
15 22
15 87
15 176
15 153
15 90
15 33
15 99
15 36
15 101
15 168
15 194
15 43
15 46
15 112
15 72
15 53
15 136
15 55
15 58
15 187
15 200
15 138
15 127
16 192
16 70
16 102
16 199
16 42
16 173
16 175
16 52
16 181
16 54
16 180
16 186
16 61
16 31
17 155
17 150
17 79
18 64
18 193
18 66
18 197
18 71
18 136
18 74
18 82
18 19
18 84
18 21
18 86
18 105
18 24
18 25
18 165
18 97
18 101
18 178
18 41
18 170
18 172
18 45
18 46
18 112
18 114
18 73
18 56
18 57
18 59
18 63
19 197
19 71
19 136
19 109
19 193
19 66
19 86
19 105
19 25
19 75
19 92
19 29
19 30
19 101
19 97
19 37
19 165
19 41
19 170
19 172
19 45
19 46
19 112
19 114
19 138
19 73
19 57
19 127
19 74
19 62
19 63
21 64
21 128
21 67
21 197
21 73
21 74
21 141
21 82
21 84
21 86
21 191
21 24
21 25
21 91
21 93
21 158
21 160
21 97
21 162
21 99
21 165
21 39
21 170
21 171
21 172
21 110
21 111
21 51
21 57
21 59
21 126
21 63
22 128
22 97
22 136
22 73
22 67
22 87
22 25
22 91
22 158
22 33
22 162
22 99
22 101
22 168
22 171
22 46
22 200
22 114
22 53
22 137
22 58
22 187
23 71
23 75
23 81
23 193
23 66
23 90
23 165
23 38
23 178
23 104
23 41
23 170
23 43
23 172
23 45
23 46
23 112
23 114
23 53
23 105
23 57
23 58
23 125
23 127
24 64
24 123
24 66
24 197
24 71
24 74
24 142
24 163
24 84
24 86
24 25
24 91
24 157
24 193
24 97
24 35
24 165
24 170
24 172
24 114
24 51
24 73
24 56
24 57
24 59
24 191
25 136
25 138
25 158
25 160
25 162
25 165
25 41
25 170
25 171
25 172
25 46
25 51
25 53
25 56
25 57
25 58
25 59
25 62
25 63
25 64
25 193
25 66
25 197
25 71
25 73
25 74
25 82
25 84
25 86
25 91
25 93
25 97
25 99
25 101
25 105
25 111
25 112
25 114
25 127
26 176
26 148
26 153
26 104
26 154
26 43
26 124
27 96
27 49
27 179
27 118
27 152
27 121
28 34
28 139
28 147
28 163
29 37
29 105
29 107
29 108
29 109
29 173
29 112
29 30
29 182
29 127
29 185
29 63
29 92
29 138
29 62
29 101
30 37
30 40
30 138
30 108
30 109
30 143
30 112
30 146
30 63
30 62
30 101
31 32
31 42
31 54
31 65
32 65
32 42
32 54
33 129
33 99
33 68
33 198
33 168
33 137
33 176
33 200
33 87
33 58
33 187
34 147
34 163
35 193
35 66
35 197
35 71
35 73
35 74
35 142
35 91
35 99
35 165
35 41
35 170
35 172
35 48
35 114
35 51
35 53
35 56
35 57
35 58
35 123
35 125
36 194
36 131
36 70
36 199
36 140
36 173
36 146
36 148
36 185
36 153
36 143
36 102
36 168
36 43
36 108
36 109
36 175
36 72
36 192
36 52
36 181
36 55
36 180
36 124
36 138
36 127
37 182
37 185
37 105
37 138
37 107
37 92
37 109
38 193
38 66
38 165
38 71
38 104
38 41
38 170
38 75
38 45
38 81
38 178
38 57
38 125
39 128
39 141
39 126
39 162
39 119
39 160
39 93
39 110
39 47
40 146
40 55
40 140
40 108
40 109
40 143
41 136
41 142
41 171
41 158
41 165
41 170
41 43
41 172
41 45
41 46
41 48
41 178
41 53
41 56
41 57
41 58
41 193
41 66
41 197
41 71
41 73
41 74
41 75
41 86
41 90
41 91
41 97
41 99
41 101
41 112
41 114
41 123
41 125
41 127
42 54
42 65
42 61
43 129
43 72
43 75
43 131
43 148
43 154
43 153
43 90
43 176
43 200
43 101
43 168
43 173
43 46
43 112
43 136
43 114
43 180
43 53
43 58
43 124
43 138
43 127
45 71
45 75
45 81
45 66
45 86
45 155
45 165
45 193
45 101
45 104
45 170
45 172
45 178
45 46
45 112
45 114
45 105
45 56
45 57
45 127
45 125
45 63
46 136
46 148
46 154
46 165
46 168
46 170
46 172
46 53
46 137
46 57
46 58
46 187
46 138
46 63
46 193
46 66
46 200
46 75
46 86
46 90
46 97
46 99
46 131
46 101
46 105
46 112
46 114
46 153
46 124
46 127
47 128
47 113
47 162
47 67
47 85
47 166
47 171
47 126
48 129
48 66
48 68
48 193
48 142
48 125
48 114
48 53
48 58
48 123
48 90
49 96
49 118
49 152
49 121
49 159
50 77
50 78
50 85
51 64
51 193
51 67
51 197
51 71
51 74
51 142
51 91
51 93
51 158
51 97
51 162
51 99
51 165
51 170
51 171
51 172
51 110
51 157
51 59
51 114
51 73
51 56
51 57
51 123
51 126
51 191
52 192
52 194
52 131
52 70
52 199
52 72
52 140
52 76
52 143
52 146
52 102
52 168
52 108
52 173
52 175
52 180
52 181
52 55
53 129
53 136
53 142
53 131
53 148
53 171
53 158
53 165
53 168
53 170
53 172
53 137
53 57
53 58
53 187
53 193
53 66
53 68
53 197
53 71
53 200
53 75
53 90
53 91
53 97
53 99
53 101
53 112
53 114
53 153
53 123
53 125
53 127
54 65
54 61
55 192
55 194
55 131
55 70
55 199
55 72
55 137
55 140
55 146
55 143
55 102
55 168
55 108
55 109
55 175
55 181
55 180
56 64
56 123
56 66
56 197
56 71
56 73
56 74
56 142
56 193
56 86
56 91
56 97
56 165
56 170
56 172
56 114
56 57
56 59
56 125
56 191
57 136
57 142
57 158
57 165
57 170
57 172
57 178
57 58
57 59
57 63
57 193
57 66
57 197
57 71
57 73
57 74
57 75
57 86
57 91
57 97
57 99
57 101
57 105
57 112
57 114
57 123
57 125
57 127
58 129
58 136
58 142
58 131
58 148
58 171
58 158
58 165
58 168
58 170
58 172
58 137
58 187
58 193
58 66
58 68
58 197
58 71
58 200
58 75
58 87
58 90
58 91
58 97
58 99
58 101
58 112
58 114
58 153
58 125
58 127
59 64
59 193
59 197
59 71
59 74
59 142
59 82
59 84
59 86
59 91
59 93
59 97
59 163
59 165
59 170
59 172
59 73
59 123
59 191
60 115
60 147
61 186
62 97
62 101
62 138
62 109
62 111
62 112
62 146
62 143
62 63
63 197
63 71
63 136
63 86
63 92
63 165
63 193
63 97
63 101
63 105
63 170
63 172
63 112
63 114
63 138
63 73
63 74
63 127
64 97
64 163
64 197
64 71
64 73
64 74
64 172
64 82
64 110
64 84
64 93
64 191
66 136
66 142
66 165
66 170
66 172
66 178
66 193
66 197
66 71
66 73
66 74
66 75
66 81
66 86
66 90
66 97
66 101
66 112
66 114
66 123
66 125
66 127
67 128
67 162
67 99
67 166
67 73
67 187
67 171
67 158
67 87
67 91
67 93
67 126
68 154
68 87
68 129
68 176
68 200
68 90
68 198
69 161
69 190
69 95
70 192
70 194
70 131
70 199
70 72
70 140
70 76
70 143
70 146
70 148
70 185
70 153
70 102
70 168
70 108
70 173
70 175
70 181
70 180
70 124
71 123
71 197
71 193
71 74
71 142
71 86
71 91
71 165
71 97
71 101
71 178
71 170
71 172
71 114
71 73
71 125
72 192
72 194
72 131
72 199
72 137
72 76
72 146
72 148
72 153
72 154
72 143
72 102
72 168
72 173
72 175
72 176
72 200
72 140
72 181
72 180
72 124
73 142
73 158
73 160
73 162
73 165
73 170
73 171
73 172
73 187
73 193
73 197
73 74
73 82
73 84
73 86
73 91
73 93
73 97
73 99
73 101
73 191
73 110
73 114
73 123
73 126
74 123
74 197
74 142
74 82
74 84
74 86
74 91
74 93
74 158
74 193
74 97
74 191
74 165
74 170
74 172
74 114
75 193
75 136
75 81
75 148
75 86
75 153
75 90
75 154
75 165
75 131
75 101
75 178
75 104
75 170
75 112
75 114
75 138
75 105
75 124
75 125
75 127
76 144
76 194
76 102
76 199
76 192
77 78
78 85
79 178
79 155
79 150
80 120
81 178
81 104
81 125
82 97
82 162
82 197
82 160
82 141
82 110
82 111
82 84
82 93
82 126
82 191
83 132
83 116
84 97
84 197
84 172
84 110
84 93
84 191
85 166
86 197
86 136
86 170
86 105
86 165
86 193
86 97
86 101
86 178
86 127
86 172
86 112
86 114
86 138
87 99
87 198
87 129
87 168
87 137
87 200
87 187
90 129
90 136
90 131
90 148
90 176
90 154
90 112
90 99
90 101
90 168
90 193
90 200
90 114
90 137
90 153
90 187
90 124
90 125
90 127
91 123
91 187
91 197
91 142
91 99
91 93
91 158
91 97
91 162
91 165
91 193
91 170
91 171
91 172
91 114
91 126
91 191
92 182
92 105
92 107
93 128
93 197
93 141
93 158
93 160
93 97
93 162
93 99
93 171
93 110
93 111
93 126
93 191
94 145
94 156
94 119
94 100
94 103
95 161
95 190
96 118
96 152
96 121
96 159
97 136
97 138
97 158
97 160
97 162
97 165
97 170
97 171
97 172
97 193
97 197
97 99
97 101
97 105
97 112
97 114
97 127
98 177
98 106
99 193
99 197
99 136
99 187
99 142
99 137
99 158
99 165
99 162
99 101
99 168
99 170
99 171
99 114
99 123
99 126
100 145
100 119
100 103
101 136
101 158
101 153
101 165
101 168
101 170
101 172
101 137
101 187
101 138
101 193
101 197
101 131
101 105
101 112
101 114
101 124
101 127
102 192
102 194
102 131
102 199
102 140
102 146
102 148
102 185
102 153
102 108
102 173
102 175
102 181
102 180
102 124
103 190
103 119
104 178
104 155
104 124
105 136
105 155
105 107
105 172
105 112
105 178
105 127
105 124
105 138
107 182
108 192
108 199
108 138
108 140
108 143
108 173
108 146
108 185
108 109
108 175
108 181
108 180
109 140
109 138
109 143
109 112
109 146
109 185
110 160
110 162
110 141
110 126
110 191
111 128
111 160
111 141
112 136
112 148
112 165
112 168
112 170
112 172
112 138
112 193
112 131
112 114
112 153
112 124
112 127
113 119
113 166
114 136
114 142
114 171
114 158
114 162
114 165
114 170
114 172
114 187
114 193
114 197
114 123
114 125
114 127
116 132
118 179
118 152
118 121
118 156
121 152
121 159
122 159
123 193
123 197
123 142
123 157
123 165
123 170
123 171
123 172
123 125
123 191
124 131
124 148
124 154
124 153
124 176
124 173
124 175
124 136
124 180
124 181
124 185
124 138
124 127
125 193
125 142
125 165
125 178
125 170
125 172
126 128
126 162
126 171
126 160
126 141
126 158
126 191
127 136
127 148
127 154
127 165
127 168
127 137
127 138
127 193
127 200
127 173
127 131
127 153
128 160
128 162
128 166
128 187
128 171
128 141
128 158
129 198
129 200
129 176
129 153
129 154
131 137
131 140
131 146
131 148
131 153
131 154
131 168
131 173
131 175
131 176
131 136
131 181
131 180
131 187
131 138
131 192
131 194
131 199
131 200
136 148
136 171
136 153
136 158
136 165
136 168
136 170
136 172
136 137
136 187
136 138
136 193
136 197
136 200
137 198
137 140
137 146
137 153
137 143
137 158
137 168
137 194
137 171
137 187
137 200
138 181
138 173
138 146
138 148
138 153
138 168
138 175
138 180
138 185
139 164
139 163
139 147
139 149
140 192
140 194
140 199
140 146
140 143
140 168
140 175
140 181
140 180
141 160
141 162
142 193
142 197
142 157
142 158
142 165
142 170
142 171
142 172
142 191
143 192
143 194
143 199
143 146
143 175
143 181
143 168
145 156
145 202
145 195
146 192
146 194
146 199
146 168
146 175
146 181
146 180
147 163
147 157
148 154
148 153
148 181
148 176
148 200
148 168
148 173
148 175
148 180
149 164
149 163
152 179
153 192
153 154
153 199
153 181
153 176
153 200
153 168
153 194
153 173
153 175
153 180
154 200
154 176
154 180
155 178
157 163
157 201
157 191
158 193
158 197
158 165
158 160
158 162
158 170
158 171
158 172
158 187
160 162
160 171
160 191
161 190
162 197
162 171
162 187
162 191
163 191
164 169
165 170
165 172
165 178
165 193
165 197
167 189
168 198
168 175
168 176
168 187
168 194
168 200
170 172
170 178
170 193
170 197
171 193
171 197
171 187
172 178
172 193
172 197
173 199
173 192
173 185
173 175
173 181
173 180
173 186
175 192
175 194
175 199
175 185
175 181
175 180
176 194
176 198
176 200
178 193
180 192
180 194
180 199
180 181
180 185
180 186
181 192
181 194
181 199
181 185
182 184
185 192
185 199
187 198
187 200
191 197
192 194
192 199
193 197
194 199
194 200
195 202
198 200
