0 64
0 1
0 3
0 4
0 5
0 6
0 71
0 73
0 10
0 139
0 204
0 79
0 82
0 147
0 84
0 150
0 87
0 157
0 161
0 162
0 36
0 37
0 104
0 107
0 108
0 129
0 175
0 177
0 115
0 184
0 187
1 129
1 2
1 3
1 4
1 5
1 6
1 10
1 14
1 147
1 152
1 153
1 27
1 157
1 162
1 164
1 37
1 43
1 172
1 46
1 177
1 52
1 181
1 54
1 183
1 184
1 187
1 64
1 71
1 73
1 202
1 204
1 82
1 86
1 87
1 90
1 92
1 93
1 100
1 103
1 104
1 106
1 107
1 108
1 110
1 115
1 118
1 127
2 64
2 131
2 5
2 6
2 71
2 129
2 76
2 164
2 147
2 153
2 90
2 27
2 92
2 93
2 100
2 195
2 103
2 104
2 50
2 49
2 114
2 115
2 52
2 53
2 183
2 184
2 125
2 127
3 4
3 5
3 6
3 71
3 64
3 73
3 10
3 139
3 204
3 79
3 82
3 147
3 84
3 150
3 87
3 27
3 157
3 172
3 162
3 163
3 36
3 37
3 104
3 107
3 108
3 129
3 175
3 177
3 115
3 181
3 54
3 119
3 184
3 187
4 196
4 5
4 6
4 71
4 64
4 73
4 10
4 139
4 204
4 79
4 82
4 147
4 84
4 150
4 87
4 27
4 157
4 161
4 162
4 36
4 37
4 177
4 129
4 107
4 108
4 175
4 104
4 115
4 184
4 187
5 118
5 6
5 129
5 204
5 141
5 14
5 164
5 147
5 110
5 86
5 87
5 153
5 90
5 27
5 92
5 93
5 150
5 96
5 162
5 100
5 142
5 104
5 106
5 43
5 172
5 46
5 157
5 115
5 52
5 54
5 183
5 184
5 127
6 71
6 64
6 73
6 10
6 204
6 175
6 82
6 147
6 196
6 150
6 87
6 164
6 90
6 27
6 92
6 93
6 161
6 162
6 36
6 37
6 103
6 104
6 107
6 108
6 129
6 157
6 177
6 115
6 52
6 54
6 184
6 187
6 202
7 32
7 35
7 19
7 182
7 121
7 136
7 41
7 11
7 176
8 50
9 80
9 97
9 53
9 88
9 126
9 190
10 66
10 71
10 64
10 73
10 202
10 87
10 204
10 13
10 82
10 147
10 149
10 23
10 33
10 162
10 163
10 36
10 37
10 103
10 104
10 171
10 107
10 108
10 129
10 175
10 177
10 115
10 181
10 184
10 187
11 32
11 19
11 35
11 121
11 182
11 120
11 41
11 136
11 176
12 16
12 49
12 131
12 196
12 195
12 28
12 125
13 65
13 66
13 71
13 194
13 73
13 77
13 81
13 82
13 149
13 23
13 26
13 159
13 33
13 36
13 101
13 171
13 109
13 47
13 177
13 117
13 31
13 202
13 181
14 130
14 118
14 96
14 160
14 204
14 86
14 78
14 79
14 18
14 19
14 110
14 22
14 15
14 92
14 29
14 32
14 176
14 35
14 142
14 41
14 42
14 43
14 172
14 173
14 46
14 27
14 147
14 180
14 54
14 183
14 184
14 123
14 124
14 106
14 62
15 96
15 130
15 132
15 86
15 135
15 136
15 160
15 18
15 99
15 78
15 22
15 89
15 32
15 35
15 142
15 41
15 106
15 172
15 173
15 46
15 176
15 19
15 54
15 124
15 170
15 62
16 49
16 131
16 196
16 195
16 161
16 28
16 125
16 157
17 112
17 99
17 135
17 72
17 30
17 183
17 142
17 48
17 18
17 20
17 21
17 22
17 55
17 170
17 94
17 191
18 130
18 22
18 135
18 72
18 183
18 142
18 99
18 86
18 160
18 35
18 170
18 43
18 78
18 173
18 46
18 112
18 55
18 191
18 62
18 21
19 32
19 160
19 35
19 136
19 41
19 106
19 173
19 78
19 176
19 182
19 121
19 62
19 63
20 112
20 67
20 135
20 72
20 30
20 167
20 48
20 99
20 21
20 55
20 170
20 94
20 191
21 112
21 99
21 135
21 72
21 170
21 183
21 142
21 48
21 30
21 22
21 55
21 94
21 191
22 96
22 130
22 132
22 135
22 72
22 160
22 99
22 78
22 86
22 89
22 32
22 35
22 142
22 106
22 173
22 46
22 183
22 54
22 55
22 191
22 170
22 62
23 65
23 66
23 71
23 194
23 73
23 82
23 149
23 151
23 152
23 26
23 156
23 31
23 33
23 162
23 36
23 37
23 103
23 171
23 109
23 47
23 177
23 181
23 202
23 138
24 128
24 193
24 155
24 101
24 137
24 74
24 76
24 174
24 189
24 80
24 145
24 148
24 85
24 201
24 57
24 58
24 91
24 188
24 61
25 40
25 56
25 51
25 70
26 33
26 66
26 101
26 65
26 109
26 77
26 81
26 117
26 159
26 31
27 129
27 203
27 204
27 164
27 82
27 142
27 46
27 86
27 152
27 153
27 90
27 118
27 92
27 93
27 147
27 162
27 100
27 103
27 104
27 106
27 43
27 172
27 173
27 110
27 157
27 115
27 52
27 54
27 183
27 184
27 127
28 49
28 195
28 196
28 125
28 158
29 163
29 38
29 166
29 169
29 42
29 44
29 79
29 82
29 172
29 180
29 119
29 122
29 63
30 112
30 67
30 167
30 72
30 170
30 48
30 99
30 55
30 94
30 191
31 33
31 66
31 101
31 65
31 109
31 77
31 81
31 117
31 159
31 149
32 160
32 35
32 182
32 136
32 41
32 106
32 173
32 78
32 176
32 121
32 123
32 62
33 65
33 66
33 71
33 194
33 73
33 77
33 81
33 82
33 149
33 159
33 36
33 101
33 171
33 109
33 47
33 181
33 202
33 117
34 161
34 107
34 198
34 139
34 140
34 175
34 79
34 144
34 146
34 51
34 84
34 187
34 150
34 87
34 123
35 160
35 130
35 136
35 41
35 106
35 78
35 173
35 46
35 176
35 121
35 124
35 62
36 64
36 71
36 73
36 75
36 82
36 149
36 51
36 162
36 163
36 37
36 177
36 129
36 171
36 107
36 108
36 175
36 104
36 115
36 181
36 87
36 187
36 202
37 71
37 64
37 73
37 204
37 82
37 147
37 149
37 150
37 87
37 162
37 177
37 129
37 107
37 108
37 175
37 104
37 115
37 181
37 184
37 187
37 202
38 192
38 194
38 166
38 134
38 172
38 138
38 203
38 44
38 173
38 46
38 116
38 110
38 151
38 152
38 180
38 122
38 111
38 124
38 42
39 50
39 164
39 199
40 56
40 51
40 70
41 160
41 136
41 106
41 173
41 78
41 176
41 182
41 121
41 62
41 63
42 163
42 166
42 172
42 46
42 44
42 173
42 111
42 82
42 116
42 110
42 203
42 119
42 180
42 122
42 124
42 63
43 130
43 203
43 147
43 110
43 152
43 153
43 92
43 118
43 99
43 100
43 173
43 46
43 54
43 183
43 184
43 124
43 127
44 172
44 163
44 180
44 122
44 119
44 169
44 166
44 63
45 83
45 116
45 69
45 151
45 122
45 95
46 130
46 203
46 204
46 86
46 78
46 153
46 54
46 92
46 160
46 176
46 142
46 172
46 173
46 110
46 111
46 118
46 183
46 184
46 124
46 106
46 62
47 66
47 194
47 102
47 65
47 168
47 156
47 138
47 103
47 109
47 77
47 149
47 152
47 151
47 202
47 126
47 181
48 99
48 135
48 72
48 167
48 112
48 67
48 55
48 170
48 94
48 191
49 131
49 196
49 104
49 76
49 125
49 195
49 52
49 93
50 164
50 52
50 153
50 90
50 183
50 92
50 93
50 142
51 75
51 139
51 70
51 107
51 175
51 79
51 177
51 163
51 84
51 187
51 119
51 56
51 123
52 64
52 131
52 71
52 129
52 76
52 164
52 147
52 153
52 90
52 92
52 93
52 100
52 195
52 103
52 104
52 114
52 115
52 53
52 183
52 184
52 125
52 127
53 64
53 71
53 202
53 76
53 80
53 145
53 149
53 164
53 90
53 93
53 97
53 100
53 103
53 104
53 174
53 114
53 189
53 190
53 127
54 129
54 160
54 204
54 86
54 79
54 147
54 152
54 153
54 90
54 92
54 157
54 96
54 162
54 100
54 142
54 106
54 172
54 173
54 110
54 118
54 183
54 184
54 124
54 62
54 127
55 112
55 130
55 99
55 142
55 135
55 72
55 167
55 78
55 170
55 94
55 191
56 70
57 128
57 193
57 137
57 74
57 174
57 145
57 148
57 85
57 201
57 58
57 91
57 188
57 61
58 128
58 193
58 101
58 137
58 74
58 174
58 145
58 148
58 85
58 201
58 91
58 188
58 61
58 197
59 197
60 113
60 199
61 193
61 91
61 101
61 201
61 74
61 174
61 148
61 85
61 155
61 188
61 159
62 96
62 130
62 132
62 86
62 136
62 172
62 160
62 142
62 89
62 106
62 78
62 173
62 176
62 124
63 176
63 180
63 166
63 121
63 136
64 71
64 73
64 76
64 66
64 82
64 147
64 149
64 87
64 164
64 90
64 181
64 93
64 101
64 162
64 103
64 104
64 108
64 129
64 174
64 177
64 114
64 115
64 184
64 202
64 127
65 66
65 101
65 74
65 109
65 77
65 149
65 202
65 159
65 188
65 174
65 126
66 194
66 71
66 73
66 77
66 82
66 149
66 152
66 101
66 103
66 171
66 109
66 181
66 202
66 138
66 126
67 112
67 167
67 94
68 83
68 156
68 117
68 133
69 83
69 116
69 151
69 122
69 95
71 129
71 73
71 76
71 164
71 184
71 82
71 147
71 87
71 100
71 90
71 149
71 93
71 101
71 162
71 103
71 104
71 108
71 174
71 177
71 114
71 115
71 181
71 202
71 127
72 112
72 99
72 142
72 135
72 183
72 78
72 170
72 94
72 191
73 129
73 75
73 82
73 149
73 162
73 163
73 103
73 104
73 171
73 107
73 108
73 175
73 177
73 115
73 181
73 184
73 87
73 187
73 202
74 128
74 193
74 201
74 76
74 77
74 80
74 145
74 148
74 85
74 88
74 155
74 159
74 91
74 101
74 174
74 188
74 189
74 190
74 149
75 107
75 163
75 187
75 171
75 175
75 177
75 82
75 181
75 119
75 169
75 143
76 128
76 131
76 80
76 145
76 195
76 90
76 93
76 164
76 104
76 174
76 189
76 114
76 115
76 125
76 190
77 101
77 159
77 109
77 174
77 149
77 188
77 202
77 126
78 160
78 130
78 132
78 135
78 142
78 99
78 86
78 106
78 173
78 176
78 136
78 124
78 170
79 150
79 139
79 204
79 162
79 82
79 84
79 86
79 87
79 175
79 157
79 182
79 96
79 163
79 106
79 107
79 172
79 177
79 180
79 187
79 119
79 123
80 128
80 155
80 174
80 145
80 114
80 148
80 201
80 88
80 91
80 189
80 190
80 85
81 117
81 159
81 109
82 204
82 171
82 152
82 100
82 162
82 163
82 103
82 129
82 107
82 172
82 175
82 177
82 115
82 180
82 181
82 184
82 187
82 202
82 127
83 133
83 116
83 151
83 122
83 156
83 169
83 95
84 198
84 204
84 139
84 140
84 162
84 144
84 146
84 150
84 87
84 157
84 163
84 106
84 107
84 172
84 175
84 177
84 180
84 187
84 182
84 119
84 123
85 128
85 193
85 155
85 101
85 201
85 174
85 189
85 145
85 148
85 88
85 91
85 188
85 190
86 132
86 129
86 160
86 204
86 141
86 147
86 153
86 89
86 90
86 92
86 157
86 150
86 96
86 161
86 98
86 142
86 106
86 172
86 173
86 118
86 183
86 184
87 139
87 204
87 162
87 147
87 150
87 196
87 157
87 198
87 161
87 177
87 129
87 107
87 108
87 175
87 104
87 115
87 184
87 187
88 128
88 91
88 174
88 145
88 148
88 201
88 155
88 189
88 190
89 96
89 160
89 98
89 132
89 198
89 161
89 106
89 204
89 141
89 142
89 144
89 146
89 150
89 154
89 123
89 157
90 164
90 196
90 129
90 147
90 153
90 204
90 92
90 93
90 100
90 195
90 103
90 104
90 157
90 114
90 115
90 118
90 183
90 184
90 127
91 128
91 193
91 201
91 174
91 189
91 145
91 148
91 155
91 188
91 190
92 164
92 129
92 204
92 147
92 152
92 153
92 93
92 96
92 162
92 100
92 142
92 104
92 106
92 110
92 157
92 118
92 183
92 184
92 127
93 131
93 196
93 129
93 164
93 204
93 147
93 153
93 157
93 100
93 195
93 103
93 104
93 114
93 115
93 183
93 184
93 125
93 127
94 112
94 135
94 170
94 167
94 99
94 191
95 122
95 116
96 132
96 198
96 204
96 141
96 147
96 142
96 154
96 157
96 150
96 160
96 161
96 98
96 106
96 183
96 123
97 164
97 100
97 102
97 103
97 138
97 190
97 114
97 152
97 153
97 202
97 126
97 127
98 161
98 132
98 158
98 154
98 141
98 142
98 157
99 160
99 112
99 130
99 142
99 135
99 170
99 183
99 191
100 138
100 203
100 147
100 152
100 153
100 162
100 164
100 103
100 110
100 118
100 184
100 202
100 127
101 148
101 149
101 159
101 193
101 109
101 174
101 202
101 188
102 192
102 194
102 168
102 138
102 200
102 178
102 179
102 185
102 186
102 126
103 164
103 190
103 147
103 149
103 152
103 153
103 181
103 162
103 104
103 129
103 114
103 115
103 202
103 184
103 138
103 126
103 127
104 204
104 131
104 147
104 164
104 149
104 162
104 129
104 196
104 108
104 157
104 114
104 115
104 184
104 125
104 202
104 127
105 168
105 185
105 179
105 192
105 200
106 132
106 160
106 204
106 118
106 150
106 176
106 142
106 172
106 173
106 157
106 147
106 180
106 119
106 184
106 123
106 124
106 183
107 129
107 204
107 162
107 150
107 172
107 157
107 163
107 108
107 175
107 177
107 115
107 181
107 119
107 184
107 139
107 187
108 139
108 204
108 147
108 150
108 196
108 157
108 161
108 162
108 177
108 129
108 175
108 115
108 184
108 187
109 149
109 181
109 171
109 117
109 159
109 156
110 130
110 134
110 138
110 203
110 147
110 152
110 153
110 118
110 172
110 173
110 111
110 183
110 184
110 124
110 127
111 173
111 134
111 122
111 203
111 124
111 166
112 135
112 167
112 170
112 191
113 199
114 131
114 164
114 189
114 145
114 190
115 175
115 204
115 147
115 149
115 150
115 196
115 162
115 129
115 157
115 177
115 181
115 184
115 187
115 202
116 122
117 156
117 171
118 130
118 138
118 203
118 204
118 147
118 152
118 153
118 172
118 173
118 183
118 184
118 124
118 127
119 163
119 166
119 172
119 175
119 177
119 187
119 150
119 180
119 123
119 182
120 136
120 121
121 136
121 176
122 166
122 203
122 151
122 180
122 124
122 134
123 132
123 198
123 204
123 160
123 140
123 144
123 146
123 150
123 163
123 172
123 175
123 180
123 182
123 187
124 130
124 134
124 203
124 165
124 172
124 173
124 176
125 131
125 196
125 195
126 194
126 138
126 149
126 152
126 186
126 202
127 164
127 138
127 203
127 204
127 147
127 152
127 153
127 162
127 129
127 184
127 202
128 131
128 155
128 145
128 137
128 174
128 148
128 201
128 189
128 190
129 204
129 175
129 147
129 196
129 164
129 150
129 161
129 162
129 157
129 177
129 184
129 187
129 202
130 135
130 173
130 170
130 165
131 195
131 164
131 145
131 189
131 196
132 160
132 198
132 161
132 183
132 204
132 141
132 142
132 150
132 154
132 157
133 194
133 151
133 168
133 156
134 192
134 165
134 200
134 185
134 203
135 160
135 142
135 170
135 191
136 160
136 176
137 145
137 193
138 192
138 203
138 168
138 202
138 151
138 194
138 200
138 152
138 185
139 161
139 198
139 144
139 146
139 187
139 150
139 175
139 157
140 144
140 198
140 182
140 146
141 161
141 198
141 204
141 142
141 154
141 157
141 150
142 160
142 183
142 204
142 147
142 153
142 157
142 170
143 169
144 161
144 150
144 198
144 146
144 182
144 154
145 155
145 174
145 148
145 201
145 188
145 189
145 190
146 161
146 150
146 198
146 182
146 154
147 204
147 164
147 152
147 153
147 172
147 162
147 157
147 183
147 184
148 193
148 155
148 201
148 174
148 189
148 188
148 190
149 190
149 162
149 174
149 202
149 188
149 181
150 162
150 204
150 154
150 157
150 198
150 161
150 187
150 175
150 177
151 192
151 194
151 203
151 168
151 171
151 156
152 203
152 194
152 153
152 162
152 181
152 184
152 202
153 204
153 164
153 183
153 184
154 161
154 198
154 157
155 201
155 174
155 189
155 188
155 190
156 194
156 171
157 204
157 196
157 161
157 162
157 198
157 183
157 184
157 187
159 193
159 188
160 173
160 176
160 183
160 170
161 204
161 196
161 198
162 204
162 172
162 163
162 171
162 175
162 177
162 181
162 184
162 187
162 202
163 172
163 171
163 187
163 166
163 169
163 175
163 177
163 180
163 181
164 202
164 184
164 190
166 169
166 172
166 180
168 192
168 194
168 179
168 200
168 185
169 180
169 171
170 183
170 191
171 194
171 177
171 181
172 204
172 173
172 175
172 177
172 180
172 187
172 184
173 176
174 201
174 193
174 189
174 202
174 188
174 190
175 187
175 204
175 177
175 181
176 182
177 204
177 181
177 184
177 187
178 185
178 186
178 179
179 192
179 200
179 185
181 194
181 184
181 187
181 202
183 204
183 184
184 187
184 202
184 204
185 192
185 200
185 203
185 194
187 204
188 193
188 201
189 201
189 190
190 201
190 202
192 194
192 200
192 203
193 201
194 203
195 196
200 203
