0 1
0 2
0 3
0 4
0 21
0 8
0 163
0 29
1 72
1 2
1 3
1 4
1 21
1 8
1 163
1 29
2 3
2 4
2 21
2 22
2 8
2 29
2 35
3 163
3 4
3 21
3 8
3 72
3 29
4 21
4 22
4 8
4 29
4 35
5 198
5 65
5 6
5 8
5 73
5 74
5 75
5 12
5 15
5 80
5 152
5 146
5 150
5 24
5 92
5 157
5 97
5 163
5 101
5 166
5 40
5 42
5 107
5 112
5 72
5 183
5 182
5 137
5 56
5 185
5 60
5 61
6 80
6 17
6 146
6 56
6 198
6 65
6 24
6 74
6 183
7 96
7 161
7 27
7 100
7 135
7 9
7 119
7 45
7 175
7 176
7 83
7 87
7 89
7 201
7 59
7 158
8 65
8 72
8 73
8 66
8 157
8 35
8 21
8 22
8 120
8 163
8 187
8 60
8 29
9 139
9 201
9 10
9 11
9 12
9 13
9 16
9 83
9 20
9 203
9 87
9 27
9 156
9 158
9 161
9 98
9 100
9 38
9 119
9 105
9 170
9 135
9 45
9 176
9 115
9 180
9 53
9 41
9 84
9 59
9 63
10 139
10 11
10 16
10 83
10 148
10 87
10 89
10 27
10 95
10 160
10 59
10 100
10 38
10 43
10 45
10 46
10 48
10 115
10 180
10 123
10 188
11 203
11 139
11 16
11 83
11 148
11 87
11 89
11 27
11 95
11 98
11 100
11 38
11 41
11 170
11 45
11 46
11 48
11 178
11 115
11 180
11 59
11 188
12 65
12 198
12 135
12 73
12 75
12 13
12 20
12 86
12 87
12 24
12 201
12 157
12 150
12 33
12 166
12 97
12 161
12 170
12 107
12 176
12 185
12 182
12 120
12 137
12 119
12 60
12 183
13 130
13 171
13 185
13 198
13 161
13 75
13 83
13 84
13 150
13 87
13 24
13 25
13 201
13 156
13 137
13 97
13 34
13 101
13 38
13 170
13 107
13 45
13 176
13 115
13 166
13 53
13 182
13 119
13 20
13 151
13 183
13 63
14 32
14 64
14 34
14 67
14 164
14 165
14 71
14 200
14 201
14 138
14 76
14 77
14 110
14 47
14 144
14 177
14 54
14 143
14 28
14 93
14 94
15 112
15 163
15 72
15 74
15 80
15 24
15 51
15 55
15 152
15 155
15 61
16 139
16 83
16 84
16 203
16 87
16 89
16 27
16 156
16 95
16 98
16 195
16 105
16 170
16 44
16 45
16 48
16 49
16 178
16 115
16 180
16 41
16 58
16 59
16 188
16 63
17 130
17 195
17 199
17 171
17 44
17 162
17 49
17 84
17 117
17 183
17 56
17 25
17 63
18 128
18 54
18 71
18 142
18 144
18 81
18 149
18 164
18 26
18 93
18 94
18 159
18 32
18 133
18 36
18 102
18 42
18 177
18 51
18 118
18 55
18 124
18 61
18 190
19 32
19 64
19 67
19 164
19 165
19 71
19 76
19 47
19 144
19 190
19 54
19 124
19 93
19 94
20 172
20 65
20 66
20 171
20 68
20 198
20 97
20 203
20 161
20 84
20 156
20 157
20 199
20 33
20 98
20 37
20 166
20 105
20 170
20 107
20 44
20 176
20 49
20 115
20 182
20 183
20 120
20 185
20 60
20 63
21 163
21 65
21 73
21 140
21 157
21 92
21 72
21 35
21 22
21 136
21 187
21 60
21 29
22 97
22 35
22 182
22 73
22 140
22 157
22 136
22 204
22 86
22 120
22 187
22 60
22 29
23 128
23 130
23 131
23 196
23 134
23 141
23 184
23 107
23 149
23 150
23 151
23 25
23 91
23 156
23 159
23 162
23 99
23 101
23 39
23 40
23 42
23 103
23 108
23 147
23 53
23 118
23 183
23 56
23 57
23 189
23 62
23 117
24 198
24 65
24 171
24 72
24 73
24 74
24 75
24 80
24 146
24 150
24 152
24 92
24 97
24 34
24 163
24 101
24 166
24 40
24 42
24 107
24 112
24 183
24 182
24 137
24 56
24 185
24 60
24 61
25 130
25 171
25 196
25 198
25 199
25 44
25 151
25 141
25 146
25 84
25 150
25 91
25 156
25 162
25 101
25 103
25 40
25 170
25 107
25 108
25 49
25 178
25 53
25 183
25 56
25 58
25 63
25 189
25 117
26 128
26 36
26 118
26 102
26 71
26 177
26 142
26 190
26 81
26 51
26 149
26 54
26 55
26 164
26 159
26 124
26 94
26 133
27 123
27 48
27 148
27 100
27 38
27 43
27 45
27 46
27 115
27 83
27 139
27 180
27 87
27 89
27 59
28 64
28 165
28 71
28 200
28 138
28 125
28 143
28 144
28 177
28 122
28 93
28 94
29 65
29 73
29 140
29 35
29 86
29 92
29 157
29 97
29 163
29 72
29 120
29 136
29 187
29 60
30 116
30 99
30 131
30 69
30 193
30 202
30 142
30 79
30 179
30 147
30 52
30 149
30 121
30 154
30 62
30 31
31 193
31 131
31 147
31 69
31 202
31 142
31 79
31 179
31 99
31 52
31 62
31 121
31 116
31 154
31 149
32 64
32 34
32 67
32 36
32 71
32 124
32 42
32 76
32 47
32 51
32 54
32 152
32 164
32 155
32 92
32 61
32 94
33 96
33 161
33 66
33 68
33 37
33 41
33 203
33 98
33 176
33 172
33 105
33 120
33 187
33 60
33 157
33 158
34 128
34 54
34 71
34 73
34 75
34 76
34 77
34 152
34 149
34 150
34 151
34 164
34 201
34 91
34 94
34 182
34 36
34 101
34 166
34 42
34 107
34 47
34 112
34 51
34 118
34 137
34 185
34 61
35 172
35 66
35 157
35 120
35 187
35 60
36 128
36 54
36 134
36 81
36 149
36 94
36 159
36 133
36 164
36 102
36 39
36 42
36 112
36 51
36 118
36 55
36 124
36 61
37 96
37 66
37 68
37 161
37 105
37 203
37 172
37 98
37 176
37 41
37 120
37 187
37 157
37 158
38 123
38 100
38 43
38 45
38 83
38 139
38 53
38 150
38 87
38 148
38 201
38 59
38 170
39 128
39 131
39 101
39 70
39 103
39 40
39 42
39 55
39 112
39 51
39 134
39 149
39 118
39 184
39 57
39 91
39 61
39 62
39 159
40 128
40 198
40 130
40 171
40 134
40 74
40 151
40 141
40 80
40 146
40 149
40 150
40 103
40 162
40 91
40 101
40 42
40 107
40 108
40 189
40 112
40 117
40 118
40 183
40 56
40 57
40 61
40 62
41 96
41 98
41 115
41 68
41 195
41 161
41 46
41 83
41 139
41 203
41 105
41 89
41 158
41 95
42 128
42 134
42 73
42 74
42 75
42 76
42 77
42 80
42 152
42 149
42 150
42 164
42 91
42 118
42 94
42 159
42 101
42 166
42 107
42 47
42 112
42 51
42 54
42 55
42 185
42 61
43 160
43 59
43 100
43 167
43 168
43 45
43 78
43 174
43 48
43 148
43 85
43 123
43 181
44 98
44 195
44 49
44 105
44 170
44 171
44 130
44 178
44 115
44 203
44 84
44 58
44 156
44 199
44 63
45 139
45 83
45 148
45 87
45 89
45 59
45 100
45 170
45 48
45 115
45 180
45 53
45 119
45 123
46 96
46 59
46 83
46 139
46 89
46 188
46 175
47 67
47 71
47 136
47 73
47 75
47 76
47 152
47 201
47 155
47 92
47 94
47 164
47 169
47 140
47 51
47 54
47 137
47 61
48 139
48 82
48 83
48 148
48 90
48 95
48 160
48 59
48 167
48 104
48 174
48 168
48 178
48 180
48 181
48 123
49 98
49 195
49 199
49 105
49 170
49 171
49 130
49 178
49 115
49 203
49 84
49 58
49 156
49 63
50 129
50 194
50 67
50 169
50 186
50 204
50 173
50 110
51 128
51 54
51 134
51 76
51 81
51 152
51 164
51 155
51 94
51 112
51 118
51 55
51 124
51 61
52 193
52 99
52 147
52 69
52 103
52 202
52 142
52 79
52 179
52 113
52 131
52 116
52 62
52 151
52 88
52 121
52 153
52 154
53 130
53 171
53 196
53 87
53 147
53 84
53 150
53 91
53 156
53 166
53 101
53 103
53 170
53 107
53 108
53 178
53 115
53 185
53 58
53 151
53 189
53 63
54 64
54 71
54 138
54 76
54 77
54 143
54 144
54 81
54 164
54 93
54 94
54 165
54 177
54 190
55 133
55 134
55 112
55 152
55 164
55 155
55 124
55 61
56 198
56 65
56 130
56 171
56 199
56 74
56 75
56 80
56 146
56 84
56 150
56 156
56 162
56 101
56 166
56 107
56 117
56 183
56 185
56 63
57 128
57 131
57 134
57 70
57 103
57 108
57 141
57 147
57 149
57 118
57 184
57 91
57 62
57 159
58 130
58 180
58 196
58 195
58 199
58 170
58 171
58 162
58 178
58 115
58 84
58 63
58 156
58 189
58 117
59 123
59 148
59 100
59 115
59 83
59 139
59 180
59 87
59 89
60 65
60 66
60 198
60 73
60 74
60 75
60 86
60 146
60 163
60 92
60 97
60 166
60 161
60 172
60 157
60 176
60 72
60 182
60 137
60 120
60 185
60 187
60 183
61 128
61 134
61 72
61 73
61 74
61 75
61 76
61 80
61 152
61 149
61 150
61 164
61 91
61 92
61 155
61 101
61 166
61 107
61 146
61 112
61 118
61 185
62 128
62 131
62 69
62 70
62 151
62 142
62 79
62 147
62 149
62 91
62 99
62 134
62 103
62 108
62 118
62 121
62 184
62 159
63 130
63 171
63 198
63 199
63 195
63 84
63 150
63 87
63 156
63 185
63 161
63 162
63 166
63 105
63 170
63 107
63 178
63 115
63 183
63 189
63 117
64 165
64 71
64 138
64 143
64 144
64 177
64 190
64 93
64 94
65 198
65 171
65 161
65 73
65 74
65 75
65 80
65 146
65 150
65 92
65 97
65 163
65 101
65 166
65 107
65 157
65 72
65 182
65 137
65 185
65 187
65 183
66 98
66 68
66 161
66 105
66 203
66 172
66 120
66 187
66 157
67 173
67 94
67 71
67 169
67 76
67 110
68 96
68 161
68 105
68 203
68 172
68 98
68 176
68 120
68 187
68 157
68 158
69 128
69 193
69 131
69 202
69 142
69 79
69 147
69 149
69 151
69 154
69 91
69 116
69 99
69 103
69 108
69 113
69 179
69 121
70 128
70 134
70 102
70 118
70 184
70 159
70 149
71 138
71 76
71 77
71 143
71 144
71 93
71 94
71 164
71 165
71 177
71 190
72 198
72 73
72 74
72 75
72 140
72 80
72 152
72 146
72 92
72 97
72 163
72 166
72 112
72 136
72 183
72 182
72 137
72 185
73 198
73 74
73 75
73 76
73 86
73 80
73 152
73 146
73 201
73 92
73 150
73 97
73 163
73 101
73 166
73 107
73 157
73 140
73 182
73 137
73 185
73 136
73 183
74 198
74 75
74 80
74 152
74 146
74 150
74 92
74 97
74 163
74 101
74 166
74 107
74 112
74 183
74 182
74 137
74 185
75 198
75 183
75 80
75 152
75 146
75 150
75 201
75 92
75 157
75 97
75 163
75 101
75 166
75 107
75 112
75 76
75 182
75 137
75 185
76 182
76 136
76 140
76 86
76 152
76 201
76 155
76 92
76 94
76 164
76 169
76 137
77 128
77 165
77 131
77 164
77 118
77 177
77 151
77 143
77 113
77 142
77 150
77 91
77 138
77 94
77 149
78 167
78 168
78 174
78 82
78 148
78 85
78 90
78 123
78 154
78 126
78 181
79 149
79 116
79 131
79 147
79 202
79 142
79 179
79 113
79 99
79 121
79 154
80 198
80 152
80 146
80 150
80 163
80 101
80 166
80 107
80 112
80 183
80 185
81 128
81 118
81 102
81 142
81 190
81 177
81 149
81 164
81 159
81 94
81 133
82 160
82 148
82 174
82 167
82 104
82 90
82 168
82 109
82 181
83 139
83 148
83 203
83 87
83 89
83 156
83 158
83 95
83 98
83 100
83 170
83 115
83 180
83 105
83 188
84 130
84 107
84 196
84 199
84 195
84 156
84 162
84 105
84 170
84 171
84 178
84 115
84 180
84 189
84 117
85 126
85 174
86 97
86 194
86 182
86 135
86 136
86 176
86 140
86 204
86 110
86 119
86 120
86 137
86 201
86 92
86 169
87 139
87 150
87 201
87 156
87 158
87 161
87 100
87 166
87 170
87 135
87 203
87 176
87 115
87 119
87 185
88 179
88 181
88 153
88 202
88 111
88 127
89 96
89 175
89 139
89 188
90 160
90 148
90 174
90 181
90 167
90 104
90 168
90 111
91 128
91 130
91 131
91 134
91 151
91 147
91 149
91 150
91 103
91 159
91 99
91 101
91 107
91 108
91 118
91 184
91 121
92 152
92 155
92 97
92 163
92 169
92 136
92 140
92 182
92 137
93 165
93 138
93 143
93 144
93 177
93 190
93 94
94 138
94 143
94 144
94 164
94 165
94 177
94 190
95 115
95 132
95 197
95 139
95 178
95 180
95 188
96 161
96 98
96 203
96 175
96 105
96 158
97 201
97 198
97 135
97 152
97 185
97 150
97 161
97 166
97 170
97 107
97 157
97 176
97 136
97 182
97 119
97 120
97 137
97 183
98 139
98 161
98 203
98 105
98 158
98 195
98 170
98 172
98 115
99 128
99 193
99 131
99 202
99 142
99 147
99 149
99 151
99 154
99 159
99 103
99 108
99 179
99 118
99 121
99 184
99 116
100 123
100 139
100 106
101 128
101 130
101 134
101 152
101 146
101 149
101 150
101 103
101 182
101 198
101 166
101 107
101 112
101 118
101 183
101 185
101 151
102 133
102 142
102 159
103 128
103 130
103 131
103 196
103 134
103 151
103 141
103 147
103 149
103 159
103 162
103 107
103 108
103 179
103 118
103 121
103 184
103 189
103 117
104 160
104 148
104 181
104 167
104 168
104 109
104 174
105 195
105 161
105 139
105 203
105 156
105 170
105 199
105 172
105 115
106 200
107 130
107 198
107 146
107 150
107 201
107 156
107 185
107 166
107 171
107 108
107 183
107 182
107 137
107 170
107 151
108 128
108 130
108 131
108 196
108 151
108 147
108 149
108 150
108 156
108 162
108 121
108 189
108 117
109 160
109 174
109 167
110 129
110 169
110 186
110 204
110 173
111 145
111 114
111 179
111 196
111 181
111 153
111 168
111 127
112 134
112 152
112 146
112 164
112 155
112 118
113 116
113 202
113 154
114 145
114 179
114 196
114 153
114 189
115 139
115 199
115 203
115 156
115 161
115 195
115 170
115 171
115 178
115 180
116 131
116 202
116 142
116 179
116 147
116 121
116 154
117 130
117 162
117 171
117 141
117 178
117 196
117 156
117 189
117 199
118 128
118 131
118 151
118 142
118 147
118 149
118 164
118 159
118 134
118 184
118 121
119 182
119 166
119 135
119 170
119 161
119 176
119 185
119 120
119 137
119 201
119 158
120 161
120 157
120 176
120 172
120 187
120 182
121 128
121 193
121 131
121 202
121 142
121 147
121 149
121 151
121 154
121 159
121 179
121 184
122 200
122 138
122 125
122 143
123 160
123 167
123 168
123 148
123 174
123 181
124 133
124 164
124 155
125 200
125 173
127 153
127 202
127 179
128 131
128 151
128 142
128 147
128 134
128 149
128 159
128 184
129 200
129 173
129 186
130 171
130 196
130 198
130 199
130 141
130 150
130 151
130 156
130 162
130 170
130 178
130 183
130 189
131 134
131 202
131 151
131 142
131 147
131 149
131 179
131 184
131 159
132 195
132 197
134 149
134 184
134 159
135 194
135 182
135 161
135 176
135 204
135 137
135 201
135 158
136 137
136 140
136 204
136 152
136 169
136 182
137 152
137 185
137 201
137 150
137 166
137 169
137 140
137 204
137 182
137 176
138 165
138 143
138 144
138 177
138 190
139 203
139 148
139 170
139 178
139 180
139 188
140 163
140 152
140 169
140 155
141 189
141 196
141 162
142 149
142 177
142 190
142 159
143 165
143 144
143 177
143 190
144 165
144 177
144 190
145 193
145 179
145 196
145 153
145 189
146 198
146 171
146 150
146 163
146 166
146 183
146 185
147 193
147 149
147 151
147 159
147 179
147 184
147 202
148 160
148 167
148 168
148 174
148 180
148 181
149 151
149 184
149 159
150 171
150 198
150 170
150 201
150 156
150 166
150 183
150 182
150 185
150 151
151 196
151 156
151 189
152 185
152 155
152 163
152 164
152 166
152 182
153 179
153 193
153 202
154 202
155 164
156 171
156 196
156 198
156 199
156 185
156 162
156 166
156 170
156 178
156 180
156 183
156 189
157 198
157 166
157 161
157 172
157 176
157 182
157 187
158 203
158 172
158 161
158 175
158 176
159 184
160 167
160 168
160 174
160 181
160 180
161 203
161 201
161 166
161 170
161 172
161 176
161 182
161 185
162 196
162 171
162 178
162 189
162 199
163 198
164 177
165 177
165 190
166 171
166 198
166 201
166 185
166 176
166 183
166 182
166 170
167 168
167 174
167 181
168 174
168 181
169 194
169 204
169 186
170 198
170 171
170 201
170 185
170 203
170 176
170 178
170 199
170 182
170 183
171 195
171 198
171 199
171 185
171 178
171 183
171 189
172 203
172 176
172 187
173 186
174 181
176 201
176 182
176 185
177 190
178 196
178 199
178 195
178 180
178 189
179 193
179 202
179 191
182 198
182 201
182 185
182 183
183 198
183 185
185 198
185 201
186 194
186 204
188 197
189 196
189 199
191 193
192 194
193 202
194 204
195 203
195 199
196 199
