0 1
0 2
0 3
0 4
0 5
0 7
0 156
0 9
0 10
0 12
0 14
0 16
0 20
0 22
0 23
0 26
0 27
0 28
0 29
0 159
0 155
0 36
0 38
0 41
0 171
0 47
0 48
0 52
0 53
0 54
0 137
0 58
0 61
0 190
0 65
0 66
0 196
0 197
0 72
0 74
0 204
0 78
0 81
0 82
0 164
0 92
0 93
0 94
0 95
0 96
0 101
0 104
0 110
0 154
0 114
0 115
0 126
1 2
1 3
1 4
1 5
1 7
1 156
1 9
1 10
1 12
1 14
1 16
1 19
1 20
1 22
1 23
1 26
1 155
1 28
1 29
1 159
1 36
1 38
1 41
1 171
1 47
1 48
1 53
1 54
1 137
1 61
1 190
1 65
1 66
1 67
1 196
1 197
1 72
1 74
1 204
1 77
1 78
1 81
1 82
1 164
1 93
1 94
1 95
1 96
1 98
1 101
1 104
1 110
1 154
1 114
1 115
1 126
2 3
2 4
2 5
2 7
2 156
2 9
2 10
2 12
2 14
2 16
2 19
2 20
2 22
2 23
2 26
2 155
2 28
2 29
2 159
2 36
2 38
2 41
2 171
2 47
2 48
2 53
2 54
2 137
2 61
2 190
2 65
2 66
2 67
2 196
2 197
2 72
2 74
2 204
2 77
2 78
2 81
2 82
2 164
2 93
2 94
2 95
2 96
2 98
2 101
2 104
2 110
2 154
2 114
2 115
2 126
3 4
3 5
3 7
3 156
3 9
3 10
3 12
3 14
3 16
3 20
3 22
3 23
3 26
3 27
3 28
3 29
3 159
3 155
3 36
3 38
3 41
3 171
3 47
3 48
3 52
3 53
3 54
3 137
3 58
3 61
3 190
3 65
3 66
3 67
3 196
3 197
3 72
3 74
3 204
3 78
3 81
3 82
3 164
3 92
3 93
3 94
3 95
3 96
3 98
3 101
3 104
3 110
3 154
3 114
3 115
3 126
4 5
4 7
4 156
4 9
4 10
4 12
4 14
4 16
4 19
4 20
4 22
4 23
4 26
4 155
4 28
4 29
4 159
4 36
4 38
4 41
4 171
4 47
4 48
4 53
4 54
4 137
4 61
4 190
4 65
4 66
4 67
4 196
4 197
4 72
4 74
4 204
4 77
4 78
4 81
4 82
4 164
4 92
4 93
4 94
4 95
4 96
4 98
4 101
4 104
4 110
4 154
4 114
4 115
4 126
5 7
5 156
5 9
5 10
5 12
5 14
5 16
5 20
5 22
5 23
5 26
5 155
5 28
5 29
5 159
5 36
5 38
5 41
5 171
5 47
5 48
5 53
5 54
5 137
5 58
5 61
5 190
5 65
5 66
5 67
5 196
5 197
5 72
5 74
5 204
5 77
5 78
5 81
5 82
5 164
5 93
5 94
5 95
5 96
5 98
5 101
5 104
5 110
5 154
5 114
5 115
5 126
6 32
6 67
6 36
6 197
6 190
6 12
6 171
6 44
6 178
6 142
6 79
6 114
6 83
6 187
6 164
6 58
6 91
6 29
6 94
6 63
7 156
7 9
7 10
7 12
7 130
7 14
7 16
7 19
7 20
7 22
7 23
7 26
7 155
7 28
7 29
7 159
7 36
7 38
7 41
7 171
7 47
7 48
7 53
7 54
7 137
7 61
7 190
7 65
7 66
7 67
7 196
7 197
7 72
7 74
7 204
7 77
7 78
7 81
7 82
7 164
7 93
7 94
7 95
7 96
7 98
7 101
7 103
7 104
7 110
7 154
7 114
7 115
8 144
8 163
8 100
8 193
8 72
8 74
8 119
8 204
8 141
8 112
8 18
8 115
8 21
8 87
8 184
8 95
9 156
9 137
9 10
9 12
9 14
9 16
9 145
9 20
9 22
9 23
9 26
9 155
9 28
9 29
9 159
9 197
9 36
9 41
9 47
9 48
9 50
9 52
9 53
9 54
9 60
9 61
9 190
9 65
9 66
9 196
9 182
9 72
9 74
9 204
9 77
9 78
9 81
9 82
9 93
9 95
9 96
9 98
9 101
9 104
9 110
9 154
9 114
9 115
9 126
10 77
10 78
10 16
10 81
10 82
10 196
10 92
10 23
10 164
10 26
10 155
10 28
10 93
10 94
10 159
10 98
10 36
10 101
10 38
10 104
10 41
10 171
10 109
10 47
10 48
10 114
10 53
10 54
10 137
10 61
10 126
10 65
11 51
11 85
11 198
11 57
11 13
11 37
12 156
12 16
12 17
12 146
12 23
12 153
12 27
12 28
12 29
12 159
12 155
12 36
12 38
12 41
12 171
12 44
12 47
12 48
12 178
12 52
12 53
12 54
12 137
12 58
12 187
12 61
12 190
12 65
12 197
12 78
12 79
12 81
12 82
12 83
12 84
12 164
12 92
12 94
12 95
12 96
12 101
12 114
13 113
13 37
13 198
13 39
13 88
13 57
13 129
13 15
14 19
14 20
14 22
14 23
14 26
14 155
14 156
14 29
14 159
14 36
14 166
14 28
14 47
14 48
14 53
14 54
14 137
14 61
14 66
14 196
14 197
14 72
14 74
14 204
14 77
14 78
14 81
14 82
14 95
14 96
14 98
14 101
14 103
14 104
14 110
14 154
14 114
14 115
14 41
15 113
15 37
15 39
15 88
15 57
15 129
16 145
16 182
16 78
16 190
16 92
16 17
16 82
16 164
16 23
16 153
16 27
16 28
16 93
16 159
16 33
16 197
16 155
16 36
16 101
16 38
16 81
16 104
16 41
16 171
16 47
16 48
16 114
16 52
16 53
16 54
16 61
16 126
16 65
17 65
17 164
17 200
17 171
17 114
17 52
17 153
17 27
17 92
17 190
18 144
18 133
18 193
18 202
18 87
18 204
18 112
18 168
18 146
18 21
18 119
18 184
18 121
18 199
19 194
19 137
19 130
19 77
19 82
19 20
19 66
19 22
19 196
19 26
19 28
19 98
19 104
19 110
19 47
19 49
19 59
20 156
20 130
20 22
20 23
20 26
20 155
20 28
20 29
20 159
20 36
20 41
20 47
20 48
20 53
20 54
20 137
20 59
20 61
20 66
20 67
20 196
20 197
20 72
20 74
20 204
20 77
20 78
20 81
20 82
20 93
20 95
20 96
20 98
20 101
20 104
20 194
20 110
20 154
20 114
20 115
21 144
21 163
21 100
21 133
21 193
21 72
21 74
21 119
21 204
21 112
21 87
21 184
21 202
21 199
22 156
22 145
22 23
22 154
22 155
22 28
22 26
22 159
22 36
22 166
22 41
22 47
22 48
22 50
22 53
22 54
22 137
22 60
22 61
22 65
22 196
22 182
22 72
22 74
22 204
22 77
22 78
22 81
22 82
22 93
22 96
22 98
22 101
22 104
22 110
22 114
22 115
22 126
23 153
23 26
23 155
23 28
23 29
23 159
23 36
23 38
23 41
23 171
23 47
23 48
23 53
23 54
23 137
23 61
23 190
23 63
23 65
23 66
23 196
23 197
23 77
23 78
23 81
23 82
23 164
23 92
23 93
23 94
23 98
23 101
23 104
23 109
23 110
23 114
23 126
24 113
25 123
25 177
25 111
25 31
26 66
26 154
26 155
26 28
26 159
26 36
26 38
26 41
26 47
26 48
26 49
26 53
26 54
26 137
26 59
26 61
26 194
26 196
26 77
26 78
26 81
26 82
26 93
26 98
26 101
26 104
26 109
26 110
26 114
26 126
27 65
27 197
27 199
27 204
27 202
27 78
27 81
27 146
27 84
27 164
27 155
27 29
27 95
27 36
27 101
27 41
27 171
27 178
27 48
27 114
27 52
27 54
27 121
27 58
27 159
27 61
27 190
28 145
28 155
28 156
28 29
28 159
28 36
28 38
28 41
28 47
28 48
28 50
28 53
28 54
28 137
28 60
28 61
28 190
28 65
28 66
28 196
28 197
28 72
28 74
28 204
28 77
28 78
28 81
28 82
28 92
28 93
28 95
28 96
28 98
28 101
28 104
28 110
28 154
28 114
28 115
28 126
29 156
29 141
29 159
29 155
29 36
29 41
29 171
29 44
29 47
29 48
29 178
29 53
29 54
29 137
29 58
29 187
29 61
29 190
29 66
29 67
29 197
29 72
29 74
29 204
29 78
29 79
29 81
29 82
29 83
29 84
29 164
29 94
29 95
29 96
29 101
29 103
29 110
29 114
29 115
29 120
29 122
30 145
31 177
31 111
32 164
32 44
32 171
32 140
32 45
32 142
32 79
32 83
32 153
32 91
32 125
32 94
32 63
33 65
33 52
33 182
33 145
33 60
33 126
33 159
34 128
34 192
34 188
34 150
34 55
34 136
34 105
34 139
34 172
35 193
35 162
35 134
35 168
35 106
35 55
35 172
35 87
35 184
35 121
35 188
35 202
35 127
36 156
36 159
36 155
36 164
36 38
36 41
36 171
36 47
36 48
36 53
36 54
36 137
36 58
36 61
36 190
36 65
36 66
36 67
36 196
36 197
36 72
36 74
36 78
36 79
36 81
36 82
36 83
36 92
36 94
36 95
36 96
36 98
36 101
36 103
36 104
36 110
36 114
36 115
37 157
37 129
37 51
37 198
37 39
37 88
37 57
38 137
38 77
38 78
38 81
38 82
38 83
38 196
38 92
38 153
38 155
38 93
38 94
38 159
38 101
38 65
38 104
38 41
38 171
38 164
38 109
38 47
38 48
38 114
38 53
38 54
38 61
38 126
38 63
39 113
39 129
39 57
41 159
41 155
41 156
41 171
41 47
41 48
41 52
41 53
41 54
41 137
41 61
41 190
41 65
41 66
41 67
41 196
41 197
41 74
41 77
41 78
41 81
41 82
41 164
41 92
41 93
41 94
41 95
41 96
41 98
41 101
41 104
41 110
41 154
41 114
41 126
42 192
42 150
42 135
44 187
44 164
44 165
44 171
44 142
44 79
44 178
44 83
44 58
44 91
44 94
45 68
45 69
45 153
45 140
45 124
45 125
45 63
46 85
46 198
47 156
47 155
47 159
47 171
47 48
47 53
47 54
47 137
47 61
47 190
47 65
47 66
47 67
47 196
47 197
47 72
47 74
47 204
47 77
47 78
47 81
47 82
47 164
47 93
47 94
47 95
47 96
47 98
47 101
47 104
47 110
47 154
47 114
47 115
47 126
48 156
48 159
48 155
48 171
48 52
48 53
48 54
48 137
48 61
48 190
48 65
48 66
48 67
48 196
48 197
48 74
48 77
48 78
48 81
48 82
48 83
48 164
48 92
48 93
48 94
48 95
48 96
48 98
48 101
48 104
48 110
48 154
48 114
48 126
49 98
49 196
49 130
49 194
49 59
49 76
49 109
50 98
50 182
50 104
50 77
50 110
50 60
50 145
50 154
50 93
50 126
50 159
51 198
51 201
51 152
51 57
51 157
52 65
52 182
52 81
52 199
52 78
52 145
52 146
52 155
52 159
52 197
52 164
52 171
52 114
52 204
52 190
52 54
52 60
52 61
52 126
53 156
53 155
53 159
53 171
53 54
53 137
53 58
53 61
53 190
53 65
53 66
53 67
53 196
53 197
53 72
53 74
53 204
53 78
53 81
53 82
53 164
53 93
53 95
53 96
53 98
53 101
53 103
53 104
53 110
53 154
53 114
53 115
54 156
54 145
54 159
54 155
54 171
54 182
54 137
54 60
54 61
54 190
54 65
54 66
54 196
54 197
54 72
54 74
54 204
54 77
54 78
54 81
54 82
54 164
54 92
54 93
54 95
54 96
54 98
54 101
54 104
54 110
54 154
54 114
54 115
54 126
55 168
55 87
55 136
55 188
55 193
55 184
55 172
55 162
56 73
56 86
57 129
57 88
58 199
58 72
58 204
58 141
58 78
58 79
58 164
58 146
58 84
58 100
58 156
58 95
58 96
58 165
58 197
58 155
58 101
58 171
58 178
58 114
58 121
58 122
58 187
58 61
58 190
59 66
59 196
59 130
59 194
59 137
59 98
60 65
60 104
60 182
60 78
60 145
60 110
60 154
60 93
60 126
60 159
61 156
61 159
61 155
61 171
61 137
61 190
61 65
61 66
61 196
61 197
61 72
61 74
61 204
61 77
61 78
61 81
61 82
61 164
61 93
61 95
61 96
61 98
61 101
61 104
61 110
61 154
61 114
61 115
61 126
62 147
62 133
63 164
63 92
63 171
63 140
63 79
63 83
63 153
63 91
63 124
63 125
63 94
65 145
65 146
65 154
65 159
65 197
65 155
65 164
65 171
65 190
65 182
65 204
65 78
65 81
65 82
65 92
65 93
65 101
65 104
65 110
65 114
65 126
66 130
66 155
66 156
66 137
66 194
66 67
66 196
66 78
66 81
66 82
66 94
66 95
66 96
66 98
66 101
66 103
66 104
66 110
66 114
66 115
66 120
67 137
67 142
67 79
67 81
67 82
67 155
67 156
67 94
67 130
67 96
67 101
67 103
67 120
67 122
68 69
68 140
68 90
68 124
68 125
69 140
69 90
69 124
69 125
71 173
72 74
72 204
72 141
72 144
72 82
72 100
72 154
72 155
72 95
72 96
72 197
72 163
72 101
72 103
72 156
72 78
72 110
72 112
72 115
72 119
72 190
74 141
74 144
74 154
74 155
74 156
74 159
74 163
74 166
74 190
74 197
74 119
74 204
74 78
74 81
74 82
74 95
74 96
74 101
74 104
74 110
74 114
74 115
75 157
75 189
76 179
77 194
77 81
77 82
77 196
77 155
77 93
77 159
77 98
77 104
77 154
77 110
77 137
77 126
78 156
78 159
78 155
78 171
78 137
78 190
78 196
78 197
78 204
78 81
78 82
78 164
78 93
78 95
78 96
78 98
78 101
78 104
78 110
78 154
78 114
78 115
78 126
79 197
79 171
79 178
79 142
79 190
79 114
79 83
79 187
79 164
79 91
79 94
81 156
81 159
81 155
81 171
81 137
81 190
81 196
81 197
81 82
81 83
81 164
81 92
81 93
81 94
81 95
81 96
81 98
81 101
81 104
81 110
81 154
81 114
81 126
82 155
82 159
82 171
82 137
82 190
82 196
82 197
82 204
82 156
82 164
82 93
82 94
82 95
82 96
82 98
82 101
82 104
82 110
82 154
82 114
82 115
82 126
83 164
83 171
83 142
83 114
83 153
83 91
83 94
84 96
84 197
84 187
84 100
84 165
84 178
84 199
84 141
84 146
84 121
84 122
84 190
84 95
85 198
86 138
86 170
86 151
87 144
87 162
87 100
87 134
87 193
87 106
87 119
87 172
87 112
87 168
87 184
87 121
87 188
87 202
87 199
88 113
90 138
90 151
91 142
91 94
92 164
92 153
92 155
92 93
92 94
92 159
92 171
92 109
92 114
92 126
93 182
93 196
93 155
93 154
93 159
93 98
93 145
93 104
93 114
93 110
93 126
94 137
94 142
94 164
94 155
94 101
94 171
94 114
95 156
95 141
95 144
95 146
95 155
95 178
95 187
95 190
95 197
95 204
95 163
95 96
95 100
95 101
95 103
95 110
95 114
95 115
95 119
95 122
96 141
96 155
96 156
96 163
96 137
96 190
96 197
96 204
96 100
96 101
96 103
96 110
96 114
96 115
96 120
96 122
98 194
98 196
98 155
98 159
98 101
98 104
98 154
98 110
98 137
100 144
100 163
100 193
100 202
100 119
100 204
100 141
100 112
100 184
101 156
101 159
101 155
101 171
101 137
101 190
101 196
101 197
101 204
101 164
101 103
101 104
101 110
101 154
101 114
101 115
103 141
103 115
103 120
103 122
103 156
104 156
104 145
104 155
104 154
104 159
104 137
104 196
104 182
104 110
104 114
104 115
104 126
105 128
105 192
105 150
105 136
105 139
105 191
106 184
106 162
106 134
106 168
106 121
106 202
106 199
106 188
106 127
108 118
109 196
109 124
110 156
110 155
110 159
110 166
110 137
110 196
110 204
110 154
110 114
110 115
110 126
111 123
111 177
112 193
112 163
112 133
112 202
112 119
112 204
112 144
112 184
114 156
114 153
114 159
114 155
114 171
114 178
114 137
114 190
114 196
114 197
114 204
114 164
114 126
115 204
115 141
115 154
115 155
115 197
115 163
115 166
115 156
115 119
116 186
116 123
119 144
119 163
119 193
119 204
119 141
119 184
119 202
120 130
120 137
120 122
120 156
121 162
121 178
121 168
121 199
121 146
121 184
121 202
121 127
122 141
122 187
122 156
123 186
124 177
124 140
125 153
125 140
126 182
126 154
126 159
126 155
126 145
127 146
127 165
127 199
127 168
127 178
127 202
128 192
128 150
128 139
128 191
129 174
130 196
130 194
130 137
133 193
133 147
133 184
134 172
134 162
135 192
135 150
136 192
136 188
136 150
136 139
136 172
137 156
137 155
137 159
137 196
137 194
138 151
139 192
139 150
140 177
141 163
141 197
141 204
141 144
141 187
141 156
144 193
144 163
144 204
144 184
144 202
145 182
145 154
145 159
146 197
146 199
146 204
146 178
146 184
146 202
146 190
150 168
150 188
150 172
150 192
152 201
152 157
153 164
153 200
153 171
154 182
154 204
154 196
154 155
154 159
154 156
154 166
155 156
155 159
155 171
155 190
155 196
155 197
155 204
155 164
156 163
156 190
156 196
156 197
156 204
157 201
157 189
157 174
159 197
159 171
159 190
159 196
159 182
159 204
159 164
162 188
162 168
162 172
163 204
164 171
164 178
164 190
164 197
165 178
165 187
168 199
168 184
168 188
168 202
169 177
169 179
170 203
171 178
171 190
171 197
172 188
178 197
178 199
178 187
178 190
184 193
184 188
184 202
184 199
187 197
188 193
188 202
190 197
190 199
190 204
193 202
194 196
197 199
197 204
199 202
