0 1
0 2
0 4
1 2
1 3
1 4
2 3
2 4
3 4
5 65
5 130
5 131
5 6
5 7
5 8
5 137
5 140
5 77
5 14
5 17
5 188
5 78
5 86
5 87
5 152
5 153
5 154
5 135
5 29
5 30
5 160
5 163
5 194
5 39
5 40
5 105
5 103
5 178
5 110
5 175
5 50
5 199
5 117
5 118
5 119
5 122
5 124
6 65
6 130
6 131
6 7
6 8
6 137
6 140
6 77
6 14
6 17
6 163
6 78
6 86
6 87
6 152
6 153
6 154
6 92
6 29
6 30
6 160
6 188
6 35
6 194
6 39
6 40
6 105
6 106
6 103
6 178
6 110
6 175
6 50
6 199
6 117
6 118
6 119
6 122
6 124
6 61
7 66
7 178
7 135
7 194
7 137
7 10
7 77
7 14
7 13
7 17
7 146
7 163
7 86
7 185
7 92
7 29
7 30
7 130
7 160
7 162
7 35
7 103
7 168
7 106
7 199
7 109
7 110
7 50
7 187
7 53
7 118
7 119
7 121
7 186
7 159
7 124
7 61
7 117
8 199
8 137
8 140
8 77
8 78
8 188
8 14
8 86
8 87
8 152
8 153
8 154
8 30
8 163
8 39
8 105
8 175
8 50
8 117
8 119
8 124
9 19
9 128
9 99
9 147
9 165
9 102
9 11
9 47
9 120
9 51
9 148
9 55
9 88
9 179
9 59
9 198
9 93
9 190
9 195
10 193
10 130
10 68
10 194
10 76
10 13
10 17
10 178
10 28
10 29
10 30
10 159
10 160
10 166
10 103
10 106
10 135
10 109
10 50
10 117
10 118
10 119
10 185
10 186
10 187
10 124
10 61
11 128
11 51
11 99
11 147
11 165
11 170
11 184
11 19
11 148
11 120
11 179
11 59
11 202
11 190
12 96
12 49
12 82
12 180
12 81
12 201
12 144
12 176
12 142
12 63
13 193
13 130
13 196
13 76
13 194
13 17
13 146
13 25
13 58
13 159
13 162
13 103
13 168
13 135
13 61
13 178
13 53
13 118
13 185
13 186
13 187
13 189
14 65
14 130
14 131
14 137
14 194
14 140
14 77
14 78
14 17
14 163
14 86
14 87
14 152
14 153
14 154
14 92
14 30
14 160
14 188
14 35
14 145
14 39
14 40
14 105
14 170
14 107
14 178
14 110
14 175
14 50
14 199
14 117
14 119
14 122
14 124
15 104
15 67
15 101
15 134
15 72
15 138
15 203
16 201
17 130
17 194
17 137
17 135
17 140
17 77
17 146
17 163
17 170
17 86
17 185
17 92
17 150
17 159
17 160
17 162
17 35
17 39
17 40
17 105
17 106
17 103
17 178
17 110
17 168
17 50
17 199
17 53
17 118
17 119
17 121
17 186
17 187
17 124
17 61
18 43
18 167
18 91
18 38
18 161
18 107
18 157
18 126
19 64
19 128
19 164
19 179
19 136
19 74
19 204
19 147
19 148
19 21
19 88
19 100
19 93
19 165
19 197
19 99
19 36
19 37
19 195
19 112
19 177
19 51
19 54
19 120
19 84
19 59
19 200
19 202
19 190
20 184
20 35
20 148
20 150
20 22
20 56
20 121
20 170
20 139
20 92
20 174
21 64
21 128
21 195
21 197
21 136
21 74
21 84
21 88
21 164
21 179
21 91
21 93
21 165
21 99
21 100
21 37
21 112
21 177
21 51
21 59
21 200
21 202
22 48
22 148
22 102
22 55
22 184
23 64
23 192
23 132
23 204
23 134
23 40
23 41
23 172
23 173
23 111
23 176
23 168
23 146
23 83
23 52
23 196
23 54
23 36
23 158
23 95
24 73
24 27
24 155
24 113
25 66
25 187
25 76
25 162
25 189
25 53
25 185
25 89
25 58
25 123
25 156
25 186
25 159
26 96
26 196
26 69
26 70
26 201
26 173
26 82
26 83
26 85
26 151
26 32
26 41
26 42
26 45
26 111
26 176
26 180
26 169
26 52
26 58
26 60
26 63
27 73
27 98
27 155
27 113
28 193
28 61
28 68
28 166
28 103
28 106
28 135
28 109
28 29
28 50
28 118
28 185
29 160
29 193
29 135
29 68
29 124
29 106
29 103
29 109
29 61
29 50
29 117
29 118
29 119
29 137
29 30
29 166
30 131
30 178
30 135
30 137
30 140
30 77
30 188
30 87
30 153
30 154
30 103
30 199
30 160
30 163
30 39
30 105
30 109
30 50
30 117
30 118
30 119
30 124
30 61
31 129
31 171
31 116
31 182
31 156
31 123
31 44
31 174
31 143
32 196
32 69
32 70
32 201
32 75
32 76
32 173
32 82
32 83
32 85
32 151
32 159
32 162
32 101
32 168
32 41
32 42
32 45
32 111
32 176
32 169
32 58
32 60
32 189
32 63
33 80
33 97
33 34
33 98
33 62
33 141
34 80
34 98
34 97
34 57
34 108
34 141
34 62
34 127
35 130
35 86
35 194
35 137
35 139
35 77
35 146
35 174
35 150
35 154
35 92
35 163
35 188
35 170
35 199
35 110
35 178
35 53
35 56
35 121
35 124
36 64
36 147
36 200
36 74
36 204
36 142
36 144
36 196
36 88
36 132
36 95
36 112
36 100
36 165
36 173
36 111
36 176
36 83
36 52
36 181
36 54
36 120
36 125
37 64
37 128
37 195
37 197
37 136
37 74
37 84
37 88
37 164
37 179
37 91
37 93
37 99
37 100
37 165
37 112
37 177
37 51
37 59
37 200
37 202
38 65
38 131
38 40
38 105
38 107
38 145
38 43
38 122
38 91
38 157
38 158
39 65
39 131
39 158
39 137
39 140
39 77
39 78
39 86
39 87
39 152
39 153
39 154
39 160
39 163
39 145
39 40
39 105
39 170
39 107
39 110
39 175
39 50
39 199
39 117
39 119
39 122
40 64
40 65
40 130
40 131
40 132
40 194
40 145
40 137
40 140
40 77
40 78
40 146
40 87
40 152
40 154
40 92
40 158
40 160
40 100
40 105
40 107
40 172
40 110
40 175
40 178
40 122
40 192
41 192
41 196
41 101
41 146
41 168
41 42
41 151
41 172
41 45
41 111
41 176
41 173
41 82
41 83
41 52
41 58
41 159
41 95
42 96
42 196
42 69
42 70
42 201
42 75
42 173
42 82
42 83
42 85
42 151
42 168
42 45
42 111
42 176
42 52
42 169
42 58
42 60
42 63
43 161
43 91
43 158
43 167
43 107
43 157
43 126
44 129
44 171
44 116
44 174
44 182
44 127
44 57
44 75
44 108
44 94
45 69
45 70
45 173
45 176
45 82
45 180
45 85
45 151
45 169
45 101
46 161
46 67
46 134
46 167
46 104
46 138
46 183
46 172
46 126
48 198
48 148
48 102
48 55
48 184
48 190
49 96
49 81
49 82
49 180
49 71
49 144
49 176
49 114
49 142
50 193
50 130
50 131
50 137
50 135
50 140
50 77
50 188
50 86
50 87
50 153
50 154
50 160
50 163
50 194
50 105
50 106
50 103
50 109
50 110
50 178
50 199
50 117
50 118
50 119
50 185
50 124
50 61
51 64
51 128
51 195
51 179
51 136
51 74
51 204
51 147
51 84
51 88
51 164
51 93
51 165
51 197
51 99
51 100
51 112
51 177
51 54
51 120
51 148
51 59
51 200
51 202
51 190
52 196
52 198
52 201
52 82
52 204
52 142
52 144
52 146
52 83
52 95
52 168
52 173
52 111
52 176
52 147
52 181
52 54
52 125
52 63
53 66
53 150
53 194
53 130
53 146
53 86
53 185
53 156
53 94
53 162
53 168
53 92
53 199
53 174
53 178
53 116
53 187
53 118
53 56
53 121
53 186
53 123
53 61
54 64
54 132
54 198
54 74
54 204
54 142
54 146
54 83
54 147
54 88
54 100
54 95
54 176
54 165
54 168
54 196
54 173
54 111
54 112
54 181
54 120
54 59
54 125
54 190
55 198
55 148
55 102
55 120
55 190
56 116
56 148
56 147
56 198
56 168
56 170
56 139
56 174
56 111
56 146
56 83
56 150
56 121
56 92
56 125
56 94
56 181
57 80
57 97
57 171
57 108
57 141
57 89
57 75
57 98
57 127
58 133
58 162
58 196
58 69
58 70
58 168
58 76
58 111
58 189
58 185
58 151
58 159
58 186
58 169
58 101
59 64
59 128
59 195
59 147
59 179
59 136
59 74
59 204
59 84
59 88
59 164
59 93
59 165
59 197
59 99
59 100
59 112
59 177
59 120
59 148
59 202
59 190
60 96
60 98
60 69
60 169
60 75
60 108
60 141
60 201
60 63
60 127
61 193
61 66
61 68
61 194
61 137
61 76
61 178
61 86
61 199
61 130
61 160
61 162
61 187
61 166
61 103
61 106
61 135
61 109
61 118
61 119
61 185
61 186
61 159
61 124
61 117
62 80
62 97
62 98
62 141
63 96
63 201
63 75
63 173
63 142
63 111
63 176
63 81
63 82
63 83
64 128
64 164
64 132
64 179
64 136
64 74
64 204
64 145
64 146
64 88
64 100
64 158
64 95
64 165
64 197
64 99
64 147
64 110
64 112
64 177
64 181
64 170
64 202
64 200
64 125
65 131
65 137
65 140
65 77
65 78
65 145
65 87
65 152
65 154
65 91
65 157
65 158
65 160
65 105
65 107
65 110
65 175
65 122
66 130
66 187
66 118
66 194
66 106
66 123
66 156
67 160
67 192
67 134
67 104
67 203
67 172
68 193
68 133
68 166
68 103
68 135
68 109
68 118
68 186
69 101
69 70
69 169
69 189
69 85
69 151
70 133
70 169
70 203
70 76
70 189
70 85
70 151
70 159
70 101
71 114
71 180
72 104
72 138
73 113
73 98
73 155
74 128
74 164
74 132
74 179
74 136
74 202
74 204
74 145
74 84
74 88
74 100
74 90
74 91
74 93
74 158
74 95
74 165
74 197
74 99
74 195
74 147
74 112
74 177
74 120
74 200
75 162
75 168
75 171
75 108
75 111
75 83
75 89
75 201
75 127
75 125
75 94
76 193
76 162
76 187
76 133
76 103
76 135
76 203
76 189
76 186
76 118
76 151
76 159
76 185
76 101
77 130
77 131
77 137
77 140
77 194
77 163
77 78
77 86
77 87
77 152
77 153
77 154
77 160
77 188
77 145
77 105
77 107
77 178
77 110
77 175
77 199
77 117
77 119
77 122
77 124
78 131
78 137
78 140
78 145
78 87
78 152
78 153
78 154
78 158
78 163
78 105
78 170
78 107
78 110
78 175
78 119
78 122
79 191
79 149
79 183
80 97
80 108
80 98
80 141
81 96
81 82
81 180
81 144
81 176
81 142
82 96
82 196
82 201
82 142
82 173
82 144
82 83
82 85
82 111
82 176
82 169
82 180
83 181
83 196
83 201
83 146
83 147
83 150
83 94
83 95
83 168
83 173
83 111
83 176
83 125
84 128
84 195
84 197
84 136
84 88
84 164
84 179
84 93
84 165
84 99
84 100
84 112
84 177
84 120
84 200
84 202
85 96
85 169
85 173
85 176
85 180
85 151
85 101
86 130
86 137
86 139
86 140
86 163
86 170
86 87
86 152
86 153
86 154
86 92
86 194
86 188
86 106
86 199
86 178
86 110
86 175
86 118
86 119
86 121
86 124
87 131
87 199
87 137
87 140
87 145
87 152
87 153
87 154
87 160
87 163
87 105
87 170
87 107
87 110
87 175
87 158
87 119
87 122
88 128
88 164
88 132
88 179
88 136
88 204
88 100
88 90
88 93
88 95
88 165
88 197
88 99
88 195
88 147
88 112
88 177
88 120
88 200
88 202
89 97
89 156
89 155
89 171
89 129
89 108
89 127
90 161
90 100
90 197
90 200
90 204
90 112
90 177
90 126
90 183
90 132
90 91
90 158
90 95
91 100
91 177
91 136
91 107
91 112
91 145
91 164
91 200
91 157
91 158
91 197
92 128
92 130
92 139
92 194
92 146
92 163
92 174
92 150
92 170
92 199
92 110
92 175
92 168
92 178
92 121
92 125
92 181
93 195
93 197
93 200
93 204
93 164
93 179
93 165
93 99
93 100
93 112
93 177
93 120
93 190
94 129
94 162
94 171
94 181
94 168
94 174
94 111
94 146
94 116
94 150
94 121
94 156
94 125
94 127
95 176
95 132
95 180
95 100
95 196
95 183
95 204
95 173
95 112
95 147
95 158
96 169
96 142
96 176
96 180
96 201
97 108
97 141
98 155
98 113
98 141
99 128
99 195
99 179
99 136
99 204
99 164
99 165
99 197
99 100
99 112
99 177
99 120
99 200
99 202
100 128
100 195
100 132
100 179
100 136
100 204
100 145
100 164
100 158
100 165
100 197
100 147
100 112
100 177
100 120
100 200
100 202
101 133
101 203
101 151
101 169
101 159
101 189
102 148
102 198
102 184
102 190
103 192
103 193
103 130
103 194
103 137
103 133
103 160
103 187
103 166
103 178
103 105
103 135
103 159
103 109
103 117
103 118
103 119
103 185
103 186
103 140
104 134
104 138
104 172
105 192
105 131
105 158
105 137
105 140
105 152
105 153
105 154
105 160
105 145
105 107
105 178
105 110
105 175
105 117
105 119
105 122
106 163
106 178
106 118
106 194
106 124
106 199
106 109
106 188
106 117
106 187
106 130
107 192
107 131
107 140
107 175
107 145
107 152
107 122
107 157
107 158
108 171
108 129
108 141
108 127
109 193
109 135
109 166
109 124
109 117
109 118
109 119
110 130
110 131
110 145
110 137
110 140
110 146
110 163
110 152
110 154
110 150
110 160
110 194
110 170
110 199
110 178
110 175
110 168
110 158
110 119
110 121
110 122
111 196
111 201
111 173
111 146
111 150
111 162
111 168
111 176
111 147
111 181
111 125
112 128
112 164
112 132
112 179
112 136
112 204
112 158
112 165
112 197
112 195
112 147
112 177
112 120
112 200
112 202
113 155
114 144
114 180
116 129
116 171
116 174
116 182
116 123
116 156
116 127
117 178
117 135
117 137
117 140
117 188
117 199
117 153
117 154
117 160
117 163
117 118
117 119
117 124
118 193
118 194
118 137
118 178
118 199
118 130
118 160
118 162
118 163
118 166
118 135
118 187
118 119
118 185
118 186
118 159
118 124
119 130
119 131
119 178
119 137
119 140
119 188
119 152
119 153
119 154
119 135
119 160
119 163
119 194
119 199
119 124
120 195
120 147
120 179
120 198
120 204
120 165
120 190
121 130
121 139
121 194
121 146
121 147
121 174
121 150
121 168
121 170
121 199
121 178
121 148
121 125
121 181
122 131
122 136
122 137
122 202
122 140
122 145
122 152
122 153
122 154
122 158
122 160
122 175
123 129
123 187
123 156
123 162
123 174
124 130
124 137
124 140
124 163
124 153
124 154
124 178
124 194
124 199
124 188
125 148
125 150
125 198
125 168
125 196
125 204
125 174
125 146
125 147
125 181
126 161
126 132
126 167
126 183
126 172
126 157
127 129
127 171
127 201
128 179
128 136
128 204
128 164
128 165
128 197
128 170
128 175
128 147
128 181
128 148
128 202
129 171
129 174
129 143
129 182
129 156
130 194
130 137
130 146
130 163
130 185
130 150
130 159
130 160
130 162
130 135
130 178
130 168
130 199
130 186
130 187
131 192
131 137
131 140
131 145
131 152
131 153
131 154
131 157
131 160
131 175
131 158
132 197
132 183
132 204
132 177
132 147
132 158
132 200
133 193
133 203
133 135
133 189
133 151
133 185
133 186
133 159
134 192
134 172
135 160
135 194
135 137
135 178
135 159
135 166
135 193
135 185
135 186
135 187
136 179
136 200
136 204
136 145
136 164
136 158
136 165
136 197
136 177
136 202
137 194
137 140
137 163
137 152
137 153
137 154
137 160
137 188
137 145
137 178
137 175
137 199
139 199
139 170
139 174
139 148
139 150
139 184
140 145
140 188
140 152
140 153
140 154
140 160
140 163
140 178
140 175
140 199
142 176
142 173
142 144
142 180
143 182
144 176
144 180
145 152
145 164
145 154
145 157
145 158
145 160
145 175
145 177
145 202
146 196
146 194
146 204
146 147
146 150
146 162
146 170
146 168
146 178
146 181
147 179
147 204
147 148
147 150
147 198
147 165
147 181
147 202
147 190
148 198
148 150
148 179
148 170
148 181
148 184
148 190
149 183
149 191
150 196
150 194
150 162
150 168
150 170
150 174
150 178
150 181
151 203
151 189
151 169
152 199
152 153
152 154
152 163
152 170
152 175
153 199
153 188
153 154
153 163
153 175
154 199
154 163
154 160
154 188
154 175
156 187
156 162
156 174
157 192
157 161
157 172
157 167
157 158
158 197
158 204
158 192
158 172
158 177
159 193
159 196
159 194
159 203
159 186
159 162
159 168
159 189
159 178
159 185
159 187
160 192
160 194
160 172
160 178
161 167
161 183
162 196
162 194
162 186
162 187
162 168
162 174
162 189
162 178
162 185
163 194
163 188
163 199
163 178
164 197
164 204
164 179
164 165
164 177
164 200
164 202
165 179
165 204
165 197
165 195
165 177
165 200
165 202
165 190
166 193
167 183
167 172
168 196
168 185
168 194
168 186
168 173
168 176
168 178
168 187
168 181
170 199
170 202
170 175
170 179
170 181
171 174
171 182
172 192
173 196
173 176
173 180
175 199
175 202
176 196
176 201
176 180
177 195
177 197
177 204
177 200
177 202
178 194
178 199
178 185
178 186
178 187
179 195
179 202
179 190
181 196
181 198
181 204
181 190
183 191
185 193
185 194
185 189
185 186
185 187
186 193
186 194
186 189
186 187
187 194
188 199
189 203
190 198
190 195
193 203
194 199
195 197
195 200
195 204
197 204
197 200
197 202
200 204
202 204
