0 33
0 3
0 5
0 10
0 44
0 141
0 15
0 190
0 35
0 53
0 89
0 25
0 154
0 74
0 69
0 31
1 193
1 2
1 4
1 6
1 7
1 13
1 78
1 18
1 20
1 158
1 159
1 99
1 38
1 167
1 171
1 46
1 48
1 178
1 51
1 30
1 55
1 185
1 122
2 4
2 6
2 7
2 13
2 78
2 16
2 20
2 28
2 158
2 159
2 99
2 38
2 167
2 193
2 171
2 172
2 46
2 175
2 48
2 178
2 51
2 30
2 55
2 185
2 61
3 33
3 196
3 5
3 40
3 141
3 15
3 17
3 53
3 25
3 89
3 154
3 31
3 190
3 95
4 99
4 6
4 7
4 193
4 167
4 178
4 46
4 48
4 18
4 51
4 20
4 171
4 55
4 185
4 122
4 158
5 33
5 196
5 69
5 40
5 10
5 141
5 15
5 17
5 53
5 89
5 25
5 154
5 95
5 74
5 190
5 31
6 193
6 99
6 7
6 171
6 167
6 178
6 46
6 48
6 18
6 51
6 20
6 158
6 55
6 185
6 122
6 30
6 159
7 167
7 193
7 171
7 178
7 48
7 18
7 51
7 20
7 30
7 122
7 158
8 112
8 187
8 22
8 103
9 193
9 171
9 10
9 13
9 78
9 16
9 146
9 163
9 20
9 14
9 28
9 158
9 159
9 99
9 38
9 167
9 170
9 43
9 172
9 46
9 175
9 189
9 178
9 51
9 118
9 55
9 185
9 122
9 74
10 74
10 12
10 13
10 14
10 77
10 16
10 141
10 163
10 78
10 89
10 154
10 28
10 99
10 38
10 170
10 43
10 175
10 118
10 185
10 189
10 190
11 160
11 132
11 108
11 151
11 140
11 81
11 50
11 87
11 56
11 27
11 183
11 62
12 77
12 43
12 141
12 78
12 109
12 189
12 14
12 118
12 89
12 154
12 74
12 190
13 193
13 74
13 78
13 16
13 163
13 20
13 14
13 175
13 28
13 158
13 159
13 99
13 38
13 167
13 170
13 171
13 172
13 46
13 61
13 178
13 51
13 30
13 118
13 55
13 185
13 122
14 193
14 99
14 77
14 74
14 43
14 109
14 78
14 189
14 163
14 118
14 170
14 185
14 175
14 28
15 33
15 196
15 71
15 40
15 141
15 17
15 53
15 25
15 190
15 69
16 172
16 193
16 74
16 78
16 99
16 20
16 175
16 28
16 158
16 159
16 35
16 163
16 38
16 167
16 170
16 171
16 44
16 46
16 61
16 178
16 51
16 30
16 55
16 185
17 33
17 196
17 71
17 40
17 25
17 190
17 53
17 69
18 193
18 99
18 171
18 167
18 46
18 48
18 178
18 51
18 20
18 158
18 55
18 122
18 30
18 159
19 113
19 164
19 182
19 86
19 105
19 196
19 91
19 110
19 111
20 74
20 78
20 163
20 28
20 30
20 159
20 193
20 99
20 38
20 167
20 170
20 171
20 172
20 46
20 175
20 48
20 178
20 51
20 158
20 55
20 185
20 122
20 61
21 64
21 147
21 197
21 104
21 58
21 143
22 112
22 37
22 103
22 187
22 156
23 180
23 36
23 102
23 119
23 120
23 41
23 135
24 32
24 130
24 100
24 105
24 202
24 75
24 108
24 162
24 110
24 47
24 113
24 82
24 116
24 126
24 86
24 201
24 26
24 123
24 90
24 94
24 127
25 33
25 196
25 40
25 74
25 190
25 141
25 53
25 89
25 154
25 69
25 31
26 130
26 100
26 201
26 202
26 75
26 108
26 110
26 47
26 113
26 82
26 116
26 86
26 90
26 126
26 127
27 72
27 73
27 140
27 200
27 81
27 50
27 183
27 56
27 152
27 151
27 62
28 193
28 74
28 78
28 99
28 175
28 158
28 159
28 35
28 163
28 38
28 167
28 170
28 171
28 172
28 46
28 61
28 178
28 51
28 118
28 55
28 185
29 112
29 136
29 34
29 115
29 198
29 88
29 42
29 176
29 156
29 45
29 157
30 99
30 48
30 38
30 178
30 167
30 172
30 46
30 51
30 171
30 55
30 61
30 158
30 159
31 35
31 44
31 141
31 190
31 69
32 82
32 67
32 116
32 126
32 201
32 204
32 108
32 162
32 94
33 196
33 71
33 40
33 141
33 53
33 190
33 69
34 198
34 136
34 42
34 45
34 174
34 176
34 115
34 149
34 88
34 156
34 157
35 38
35 44
35 74
35 175
35 141
36 139
36 102
36 135
36 120
36 41
37 112
37 88
37 42
37 187
37 156
37 157
38 193
38 74
38 78
38 99
38 175
38 158
38 159
38 163
38 167
38 170
38 171
38 172
38 46
38 61
38 178
38 51
38 55
38 185
39 128
39 161
39 43
39 109
39 189
40 196
40 95
40 71
40 53
40 190
41 102
41 119
41 120
41 180
41 135
42 136
42 115
42 198
42 88
42 156
42 157
43 128
43 161
43 77
43 109
43 193
43 118
43 189
45 176
45 195
45 198
45 136
45 174
45 157
45 112
45 115
45 149
45 88
45 156
46 193
46 74
46 78
46 163
46 158
46 159
46 99
46 167
46 170
46 171
46 172
46 175
46 48
46 178
46 51
46 55
46 185
46 61
47 130
47 100
47 113
47 105
47 202
47 75
47 162
47 110
47 49
47 82
47 116
47 126
47 86
47 201
47 164
47 123
47 90
47 94
47 127
48 193
48 99
48 171
48 167
48 178
48 51
48 158
48 55
48 185
48 122
48 159
49 130
49 75
49 86
49 90
49 91
49 110
50 192
50 165
50 72
50 73
50 140
50 81
50 85
50 151
50 56
50 200
50 183
50 62
51 78
51 163
51 158
51 159
51 193
51 99
51 167
51 170
51 171
51 172
51 175
51 178
51 55
51 185
51 122
53 196
53 71
53 190
53 69
54 155
54 124
54 179
54 203
55 193
55 74
55 78
55 163
55 158
55 159
55 99
55 167
55 170
55 171
55 172
55 175
55 178
55 185
55 122
55 61
56 152
56 200
56 137
56 72
56 73
56 140
56 151
56 183
58 64
58 197
58 147
58 104
58 143
59 101
59 142
59 111
60 64
60 197
61 99
61 158
61 170
61 167
61 172
61 175
61 163
61 78
61 159
62 160
62 81
62 132
62 85
62 134
62 87
62 183
62 162
64 197
64 147
64 104
64 143
66 188
67 162
67 94
67 201
67 123
67 204
67 126
69 141
69 190
70 80
70 98
70 114
70 93
71 196
71 76
71 109
72 192
72 152
72 165
72 137
72 73
72 140
72 151
72 200
73 192
73 165
73 151
73 137
73 152
73 140
73 200
74 193
74 141
74 99
74 78
74 158
74 159
74 163
74 167
74 170
74 171
74 172
74 175
74 178
74 118
74 185
74 190
75 130
75 201
75 202
75 204
75 82
75 86
75 164
75 90
75 94
75 162
75 100
75 105
75 110
75 113
75 116
75 123
75 126
75 127
76 160
76 134
77 118
77 109
77 78
77 189
78 193
78 163
78 175
78 158
78 159
78 99
78 167
78 170
78 171
78 172
78 178
78 118
78 185
78 122
79 184
80 98
80 114
80 93
81 160
81 162
81 132
81 134
81 204
81 85
81 87
81 183
82 130
82 100
82 105
82 202
82 108
82 162
82 110
82 113
82 116
82 126
82 86
82 201
82 123
82 90
82 94
82 127
85 160
85 132
85 134
85 87
85 153
86 130
86 123
86 164
86 113
86 105
86 202
86 162
86 110
86 182
86 201
86 91
86 90
86 126
86 127
87 160
87 162
87 132
87 166
87 134
87 105
87 202
87 204
87 183
88 112
88 157
88 115
88 198
88 136
88 156
89 154
89 141
89 190
89 95
90 130
90 100
90 113
90 105
90 202
90 204
90 162
90 110
90 116
90 126
90 201
90 123
90 94
90 127
91 164
91 182
91 113
91 196
91 110
91 111
93 98
93 114
94 162
94 201
94 204
94 116
94 123
94 126
95 196
95 154
97 150
98 114
99 193
99 175
99 159
99 163
99 167
99 170
99 171
99 172
99 178
99 158
99 118
99 185
99 122
100 105
100 202
100 108
100 113
100 116
100 201
100 127
101 142
101 111
102 180
102 139
102 135
102 120
103 187
104 197
104 147
104 143
105 160
105 162
105 182
105 134
105 201
105 202
105 108
105 110
105 113
105 204
105 132
105 123
108 162
108 201
108 202
108 116
108 183
109 128
109 161
109 189
110 130
110 201
110 202
110 162
110 164
110 113
110 116
110 182
110 123
110 126
110 127
111 164
111 182
112 157
112 187
112 136
112 176
112 156
113 130
113 182
113 202
113 116
113 201
113 164
113 126
113 127
115 198
115 136
115 174
115 176
115 149
115 156
115 157
116 130
116 201
116 202
116 162
116 126
116 127
117 122
117 146
118 193
118 189
118 163
118 170
118 185
118 175
119 120
119 135
120 180
120 135
122 163
122 158
122 193
122 167
122 129
122 170
122 171
122 146
122 178
122 185
122 189
123 130
123 202
123 204
123 162
123 201
123 126
124 155
124 179
124 203
126 130
126 201
126 202
126 204
126 162
127 130
127 201
127 164
128 161
128 169
129 185
129 193
129 146
129 189
130 201
132 160
132 162
132 166
132 134
132 204
132 183
134 160
134 162
134 166
134 202
134 204
135 180
136 157
136 198
136 176
136 156
137 192
137 165
137 152
137 140
137 200
140 152
140 151
140 183
140 200
141 163
141 170
141 190
141 154
143 147
146 178
146 193
146 171
149 176
149 195
149 174
151 165
151 183
151 152
151 200
152 200
154 190
155 179
155 203
156 176
156 198
156 187
156 157
157 198
158 163
158 159
158 193
158 167
158 170
158 171
158 172
158 175
158 178
158 185
159 193
159 163
159 167
159 170
159 171
159 172
159 175
159 178
159 185
160 162
160 166
160 202
160 204
160 183
161 189
162 201
162 202
162 204
163 193
163 175
163 167
163 170
163 171
163 172
163 189
163 178
163 185
164 182
165 192
165 200
167 193
167 170
167 171
167 172
167 175
167 178
167 185
170 193
170 175
170 171
170 172
170 189
170 178
170 185
171 193
171 172
171 175
171 178
171 185
172 193
172 175
172 178
172 185
174 176
174 195
175 193
175 178
175 185
176 195
177 186
178 193
178 185
179 203
181 194
182 196
182 202
185 193
185 189
189 193
190 196
192 200
201 202
201 204
202 204
