0 19
0 130
0 34
0 164
0 37
0 166
0 167
0 12
0 106
0 103
0 44
0 173
0 81
0 115
0 87
0 71
0 188
0 58
0 126
1 120
1 71
2 128
2 130
2 131
2 136
2 74
2 87
2 77
2 151
2 25
2 26
2 27
2 161
2 34
2 165
2 42
2 107
2 44
2 48
2 10
2 115
2 52
2 53
2 185
2 123
2 170
3 128
3 194
3 43
3 5
3 97
3 74
3 66
3 142
3 20
3 78
3 135
3 29
3 94
3 31
3 161
3 102
3 39
3 40
3 105
3 107
3 48
3 10
3 51
3 182
3 189
4 160
4 35
4 197
4 72
4 50
4 110
4 15
4 113
4 146
4 83
4 21
4 153
5 128
5 194
5 131
5 68
5 74
5 139
5 66
5 78
5 20
5 142
5 89
5 29
5 94
5 31
5 161
5 102
5 39
5 40
5 43
5 174
5 189
5 48
5 10
5 182
5 61
6 98
6 163
6 69
6 38
6 199
6 140
6 108
6 176
6 145
6 82
6 181
6 22
6 183
6 59
6 62
7 65
7 194
7 67
7 73
7 75
7 66
7 80
7 56
7 85
7 86
7 88
7 30
7 40
7 41
7 172
7 49
7 178
7 179
7 180
7 184
7 186
7 187
7 63
8 195
8 196
8 69
8 199
8 76
8 98
8 81
8 17
8 152
8 158
8 162
8 163
8 101
8 38
8 145
8 135
8 175
8 114
8 51
8 183
8 122
8 125
9 160
9 129
9 134
9 168
9 110
9 24
9 113
9 50
9 83
9 148
9 21
9 118
9 72
9 57
9 91
9 28
9 190
10 128
10 131
10 97
10 136
10 74
10 23
10 142
10 43
10 107
10 78
10 87
10 25
10 29
10 94
10 31
10 161
10 165
10 102
10 39
10 105
10 42
10 135
10 48
10 189
11 64
11 177
11 146
11 100
11 86
11 169
11 121
11 47
11 93
11 127
12 195
12 196
12 23
12 81
12 87
12 152
12 132
12 103
12 122
12 158
12 37
12 162
12 101
12 166
12 167
12 106
12 171
12 173
12 58
12 188
12 125
12 126
13 193
13 45
13 133
13 70
13 138
13 141
13 143
13 144
13 150
13 89
13 79
13 156
13 32
13 198
13 104
13 170
13 109
13 46
13 111
13 52
13 124
13 61
13 191
14 129
14 70
14 16
14 147
14 84
14 150
14 90
14 28
14 154
14 159
14 33
14 198
14 168
14 109
14 157
14 104
14 116
14 117
14 118
14 55
14 57
14 124
14 191
15 177
15 146
15 83
15 197
15 35
15 72
15 110
16 84
16 129
16 33
16 157
16 147
16 116
16 117
16 118
16 55
16 57
16 90
16 28
16 154
16 159
17 195
17 196
17 69
17 199
17 76
17 98
17 145
17 152
17 155
17 97
17 162
17 163
17 101
17 38
17 105
17 135
17 175
17 114
17 51
17 183
17 122
17 125
18 64
18 100
18 137
18 177
18 146
18 179
18 41
18 86
18 73
18 56
18 153
18 186
19 115
19 164
19 37
19 166
19 103
19 106
19 71
19 188
19 58
19 126
20 194
20 131
20 68
20 182
20 74
20 139
20 66
20 78
20 143
20 46
20 89
20 79
20 29
20 161
20 99
20 102
20 39
20 40
20 112
20 174
20 189
20 48
20 54
20 61
21 129
21 197
21 134
21 72
21 83
21 148
21 24
21 91
21 28
21 118
21 160
21 35
21 99
21 168
21 110
21 112
21 113
21 50
21 54
21 190
22 192
22 80
22 67
22 36
22 119
22 108
22 176
22 59
22 180
22 30
22 183
22 88
22 155
22 62
23 128
23 130
23 195
23 196
23 135
23 81
23 43
23 87
23 152
23 25
23 26
23 58
23 37
23 97
23 162
23 101
23 166
23 167
23 106
23 107
23 44
23 173
23 115
23 122
23 188
23 42
23 126
24 160
24 129
24 134
24 168
24 110
24 113
24 50
24 83
24 148
24 118
24 72
24 57
24 91
24 28
24 190
25 128
25 130
25 131
25 136
25 74
25 77
25 78
25 43
25 87
25 26
25 27
25 29
25 94
25 161
25 165
25 39
25 42
25 107
25 44
25 48
25 115
25 52
25 185
26 128
26 130
26 136
26 77
26 151
26 27
26 58
26 37
26 34
26 164
26 165
26 166
26 42
26 107
26 44
26 115
26 185
26 87
26 188
27 130
27 131
27 136
27 77
27 149
27 151
27 34
27 165
27 170
27 107
27 44
27 111
27 115
27 52
27 53
27 185
27 87
27 123
27 60
27 42
28 129
28 134
28 45
28 147
28 148
28 150
28 57
28 90
28 91
28 154
28 159
28 160
28 33
28 198
28 168
28 70
28 157
28 112
28 104
28 116
28 117
28 118
28 55
28 84
28 124
28 190
28 191
29 128
29 194
29 131
29 97
29 136
29 74
29 66
29 142
29 43
29 107
29 78
29 89
29 94
29 31
29 161
29 165
29 102
29 39
29 40
29 105
29 42
29 135
29 48
29 182
29 189
30 192
30 80
30 67
30 36
30 49
30 65
30 73
30 172
30 176
30 88
30 178
30 180
30 119
30 184
30 155
30 63
31 128
31 135
31 76
31 142
31 152
31 94
31 97
31 102
31 39
31 40
31 105
31 43
31 172
31 48
31 114
31 51
31 184
31 189
32 193
32 45
32 131
32 68
32 133
32 198
32 138
32 141
32 143
32 144
32 46
32 150
32 89
32 79
32 156
32 161
32 99
32 70
32 104
32 170
32 109
32 174
32 111
32 112
32 52
32 54
32 124
32 61
32 191
33 129
33 90
33 70
33 104
33 55
33 147
33 116
33 117
33 118
33 57
33 84
33 154
33 159
33 124
33 157
33 191
34 130
34 164
34 37
34 166
34 188
34 87
34 44
34 115
34 149
34 151
34 185
34 58
34 123
34 92
34 53
34 95
35 160
35 99
35 197
35 134
35 72
35 137
35 139
35 50
35 110
35 113
35 146
35 83
35 148
35 54
35 153
35 190
36 192
36 176
36 178
36 67
36 180
36 119
36 88
36 80
37 130
37 195
37 132
37 81
37 87
37 196
37 164
37 101
37 166
37 167
37 106
37 103
37 44
37 173
37 115
37 58
37 188
37 42
37 126
38 162
38 195
38 196
38 101
38 199
38 76
38 98
38 175
38 145
38 114
38 163
38 82
38 183
38 152
38 122
38 125
38 158
38 69
39 128
39 194
39 131
39 68
39 97
39 136
39 74
39 139
39 66
39 142
39 43
39 78
39 89
39 94
39 161
39 165
39 102
39 40
39 105
39 107
39 48
39 182
39 189
40 65
40 194
40 137
40 139
40 66
40 142
40 85
40 78
40 94
40 102
40 41
40 172
40 49
40 178
40 179
40 182
40 184
40 186
40 189
40 63
41 64
41 65
41 194
41 137
41 75
41 66
41 146
41 85
41 86
41 153
41 100
41 49
41 178
41 179
41 73
41 56
41 186
41 187
41 63
42 128
42 130
42 131
42 135
42 136
42 74
42 77
42 43
42 87
42 94
42 97
42 165
42 166
42 107
42 44
42 173
42 48
42 115
42 188
43 128
43 135
43 74
43 76
43 142
43 78
43 152
43 94
43 97
43 165
43 102
43 105
43 107
43 189
43 48
43 114
43 51
44 128
44 130
44 136
44 77
44 151
44 58
44 164
44 165
44 166
44 107
44 173
44 115
44 185
44 87
44 188
45 193
45 68
45 133
45 70
45 129
45 141
45 143
45 144
45 148
45 46
45 150
45 89
45 79
45 99
45 198
45 104
45 170
45 109
45 174
45 112
45 52
45 54
45 124
45 61
45 190
45 191
46 131
46 68
46 133
46 198
46 136
46 138
46 141
46 78
46 79
46 144
46 150
46 89
46 143
46 161
46 99
46 54
46 170
46 109
46 174
46 111
46 112
46 52
46 182
46 61
47 64
47 177
47 169
47 121
47 93
47 127
48 128
48 131
48 97
48 136
48 74
48 142
48 78
48 89
48 94
48 161
48 165
48 102
48 105
48 107
48 189
48 182
49 65
49 194
49 67
49 73
49 75
49 66
49 80
49 56
49 85
49 86
49 88
49 172
49 178
49 179
49 180
49 184
49 186
49 187
49 63
50 160
50 99
50 68
50 197
50 134
50 168
50 139
50 110
50 112
50 113
50 83
50 148
50 174
50 54
50 72
50 190
51 192
51 67
51 69
51 135
51 76
51 142
51 80
51 85
51 152
51 155
51 94
51 97
51 102
51 105
51 199
51 172
51 114
51 180
51 119
51 184
51 189
51 63
52 193
52 131
52 133
52 198
52 136
52 138
52 77
52 79
52 141
52 89
52 143
52 156
52 161
52 61
52 165
52 144
52 107
52 109
52 174
52 111
52 74
52 53
52 123
52 170
53 96
53 133
53 92
53 170
53 60
53 77
53 111
53 144
53 149
53 151
53 185
53 123
53 156
53 138
53 95
54 68
54 134
54 139
54 143
54 148
54 110
54 150
54 89
54 79
54 160
54 99
54 198
54 174
54 112
54 113
54 182
54 61
54 190
55 129
55 90
55 70
55 104
55 147
55 116
55 117
55 118
55 57
55 84
55 154
55 159
55 124
55 157
55 191
56 64
56 65
56 100
56 73
56 75
56 178
56 179
56 85
56 86
56 186
56 187
56 63
57 160
57 129
57 134
57 168
57 159
57 147
57 116
57 118
57 84
57 90
57 91
57 191
58 130
58 132
58 71
58 81
58 87
58 164
58 166
58 167
58 106
58 103
58 173
58 115
58 188
58 126
59 192
59 80
59 98
59 163
59 69
59 199
59 119
59 108
59 176
59 82
59 180
59 183
59 155
59 62
60 96
60 92
60 149
60 151
60 185
60 123
60 156
60 95
61 131
61 68
61 133
61 198
61 136
61 74
61 141
61 78
61 79
61 150
61 89
61 143
61 161
61 99
61 170
61 109
61 174
61 111
61 112
61 182
62 98
62 69
62 199
62 140
62 108
62 176
62 82
62 181
62 183
63 192
63 65
63 194
63 67
63 73
63 66
63 80
63 85
63 88
63 155
63 172
63 178
63 179
63 180
63 119
63 184
63 186
63 189
64 100
64 137
64 177
64 146
64 179
64 86
64 153
64 121
64 186
64 187
64 169
64 127
65 192
65 194
65 67
65 73
65 66
65 80
65 85
65 88
65 172
65 178
65 179
65 180
65 119
65 184
65 186
65 189
66 194
66 137
66 139
66 142
66 85
66 153
66 102
66 172
66 178
66 179
66 182
66 73
66 184
66 186
66 189
67 192
67 80
67 73
67 172
67 176
67 88
67 178
67 180
67 85
67 119
67 184
67 155
68 198
68 139
68 78
68 143
68 148
68 89
68 79
68 161
68 99
68 174
68 112
68 113
68 182
68 190
69 192
69 199
69 183
69 76
69 82
69 152
69 155
69 98
69 163
69 145
69 108
69 175
69 114
69 119
69 125
70 193
70 133
70 198
70 138
70 141
70 144
70 150
70 154
70 143
70 157
70 104
70 156
70 170
70 109
70 111
70 117
70 124
70 191
71 164
71 166
71 120
71 106
71 188
72 160
72 197
72 134
72 110
72 113
72 83
72 148
72 190
73 100
73 75
73 172
73 184
73 178
73 179
73 85
73 86
73 88
73 186
73 187
74 128
74 131
74 136
74 77
74 142
74 79
74 78
74 89
74 94
74 161
74 165
74 102
74 107
74 182
75 178
75 179
75 100
75 86
75 88
75 187
76 196
76 199
76 142
76 145
76 152
76 155
76 97
76 162
76 163
76 101
76 105
76 135
76 175
76 114
76 184
76 122
76 125
77 128
77 130
77 131
77 133
77 136
77 138
77 151
77 79
77 89
77 156
77 161
77 165
77 170
77 107
77 111
77 185
77 123
78 128
78 194
78 131
78 136
78 139
78 142
78 143
78 89
78 79
78 94
78 161
78 165
78 102
78 107
78 174
78 182
78 189
79 193
79 131
79 133
79 198
79 136
79 138
79 141
79 143
79 144
79 150
79 89
79 156
79 161
79 99
79 170
79 109
79 174
79 111
79 112
79 182
80 192
80 199
80 183
80 85
80 88
80 155
80 172
80 176
80 178
80 180
80 119
80 184
81 195
81 196
81 135
81 152
81 132
81 103
81 158
81 162
81 101
81 166
81 167
81 106
81 171
81 173
81 175
81 122
81 188
81 125
81 126
82 98
82 163
82 199
82 140
82 108
82 145
82 181
82 183
83 160
83 197
83 134
83 110
83 113
83 148
83 190
84 129
84 157
84 147
84 116
84 117
84 118
84 90
84 159
84 124
84 154
84 191
85 192
85 194
85 179
85 184
85 88
85 102
85 172
85 178
85 180
85 119
85 186
85 189
86 100
86 137
86 177
86 146
86 179
86 153
86 186
86 187
86 127
87 128
87 130
87 196
87 164
87 165
87 166
87 167
87 107
87 173
87 115
87 188
87 126
88 192
88 172
88 176
88 178
88 180
88 119
88 184
89 128
89 131
89 198
89 136
89 141
89 143
89 133
89 161
89 99
89 165
89 170
89 107
89 174
89 111
89 112
89 182
90 129
90 91
90 168
90 147
90 116
90 117
90 118
90 154
90 159
90 124
90 157
90 191
91 160
91 129
91 134
91 168
91 110
91 113
91 148
91 118
91 190
91 191
92 149
92 151
92 120
92 185
92 123
92 95
93 177
93 169
93 121
93 127
94 128
94 131
94 97
94 136
94 142
94 107
94 161
94 165
94 102
94 105
94 135
94 182
94 189
95 164
95 149
95 151
95 120
95 185
95 123
96 144
96 149
96 111
96 138
96 123
96 156
96 133
97 128
97 196
97 135
97 142
97 152
97 162
97 102
97 105
97 173
97 114
97 189
98 163
98 140
98 199
98 108
98 175
98 145
98 181
98 183
99 182
99 134
99 139
99 141
99 143
99 148
99 150
99 160
99 198
99 174
99 112
99 113
99 190
100 137
100 177
100 146
100 179
100 153
100 121
100 186
100 187
100 127
101 195
101 196
101 135
101 145
101 152
101 132
101 103
101 158
101 162
101 167
101 106
101 171
101 173
101 175
101 114
101 122
101 188
101 125
101 126
102 128
102 194
102 142
102 161
102 105
102 189
102 182
103 195
103 196
103 166
103 167
103 106
103 171
103 173
103 158
103 132
103 122
103 188
103 126
104 193
104 133
104 198
104 129
104 138
104 141
104 144
104 150
104 154
104 157
104 159
104 109
104 111
104 117
104 124
104 191
105 128
105 135
105 142
105 152
105 162
105 172
105 114
105 184
105 189
106 195
106 196
106 166
106 167
106 171
106 173
106 158
106 132
106 122
106 188
106 126
107 128
107 130
107 131
107 136
107 161
107 165
107 185
108 199
108 140
108 176
108 181
108 183
109 193
109 133
109 198
109 138
109 141
109 144
109 150
109 143
109 156
109 170
109 111
109 124
109 191
110 160
110 197
110 134
110 168
110 113
110 148
110 190
111 193
111 131
111 133
111 198
111 136
111 138
111 141
111 143
111 156
111 144
111 170
111 123
112 129
112 198
112 141
112 143
112 148
112 174
112 150
112 160
112 134
112 168
112 113
112 182
112 191
112 190
113 197
113 134
113 139
113 148
113 174
113 160
113 168
113 190
114 196
114 199
114 145
114 152
114 155
114 162
114 163
114 135
114 175
114 183
114 122
114 125
115 130
115 164
115 166
115 151
115 185
115 188
115 126
116 147
116 117
116 118
116 154
116 157
116 159
117 124
117 147
117 154
117 159
117 157
117 191
118 129
118 134
118 147
118 159
118 160
118 168
118 148
118 190
118 191
119 192
119 199
119 172
119 176
119 178
119 180
119 183
119 184
119 155
120 164
121 177
121 169
121 127
122 195
122 196
122 135
122 152
122 132
122 158
122 162
122 163
122 167
122 145
122 171
122 173
122 175
122 125
122 126
123 133
123 138
123 149
123 151
123 185
123 156
124 193
124 198
124 129
124 141
124 144
124 147
124 150
124 154
124 159
124 157
124 191
125 195
125 196
125 199
125 145
125 152
125 132
125 135
125 158
125 162
125 163
125 171
125 175
126 195
126 196
126 132
126 158
126 162
126 166
126 167
126 171
126 173
126 188
127 177
127 187
127 169
128 130
128 135
128 136
128 142
128 131
128 161
128 165
129 134
129 147
129 148
129 150
129 157
129 159
129 160
129 198
129 168
129 190
129 191
130 136
130 164
130 165
130 166
130 188
130 173
130 185
130 151
131 133
131 136
131 141
131 143
131 161
131 165
131 170
132 162
132 195
132 196
132 167
132 171
132 173
132 175
132 158
133 193
133 136
133 138
133 143
133 141
133 156
133 144
133 198
133 170
134 148
134 150
134 160
134 168
134 190
135 196
135 142
135 195
135 152
135 162
135 173
135 175
136 161
136 165
136 170
136 185
137 194
137 139
137 146
137 179
137 153
137 186
138 193
138 198
138 170
138 141
138 144
138 143
138 156
139 194
139 174
139 182
139 153
139 189
140 181
141 193
141 143
141 144
141 150
141 156
141 161
141 198
141 170
141 174
141 191
142 194
142 161
142 189
142 182
143 193
143 198
143 144
143 150
143 161
143 170
143 174
143 182
143 191
144 193
144 150
144 156
144 198
144 170
145 162
145 163
145 199
145 175
145 195
145 183
145 152
145 158
146 197
146 177
146 179
146 153
146 186
147 154
147 159
147 157
147 191
148 198
148 174
148 150
148 160
148 168
148 190
149 151
149 185
150 193
150 174
150 157
150 198
150 168
150 170
150 190
150 191
151 164
151 185
152 195
152 196
152 199
152 158
152 162
152 163
152 173
152 175
153 194
153 197
153 179
153 186
154 159
154 157
154 191
155 192
155 199
155 172
155 176
155 178
155 180
155 183
155 184
156 193
156 170
157 193
157 159
157 191
158 162
158 195
158 196
158 167
158 171
158 173
158 175
158 163
159 191
160 197
160 168
160 190
161 165
161 170
161 174
161 182
162 195
162 196
162 163
162 167
162 171
162 173
162 175
163 195
163 199
163 175
163 183
164 166
164 188
165 170
165 185
166 167
166 173
166 188
167 195
167 196
167 171
167 173
167 188
168 190
168 191
169 177
170 193
170 174
170 198
171 195
171 196
171 173
171 175
172 192
172 194
172 178
172 180
172 184
172 189
173 195
173 196
173 188
174 198
174 182
174 190
175 195
175 196
175 199
176 192
176 180
176 183
178 192
178 179
178 180
178 184
179 194
179 186
179 187
180 192
180 183
180 184
182 194
182 189
183 192
183 199
184 192
184 189
186 194
186 187
188 196
189 194
190 198
191 193
191 198
192 199
193 198
195 196
