0 135
0 8
0 79
0 124
0 82
0 150
0 87
0 152
0 91
0 94
0 161
0 38
0 166
0 60
0 106
0 174
0 24
0 112
0 113
0 180
0 117
0 54
0 188
0 63
1 34
1 67
1 12
1 133
1 70
1 71
1 73
1 42
1 2
1 44
1 77
1 142
1 47
1 52
1 182
1 120
1 121
1 154
1 28
1 93
2 34
2 163
2 4
2 70
2 71
2 78
2 77
2 142
2 143
2 114
2 190
2 182
2 23
2 120
2 121
2 154
2 93
2 158
2 95
3 193
3 67
3 68
3 6
3 199
3 136
3 73
3 75
3 12
3 14
3 83
3 155
3 28
3 160
3 162
3 59
3 168
3 169
3 42
3 47
3 187
3 127
4 163
4 164
4 101
4 198
4 9
4 190
4 109
4 78
4 143
4 144
4 114
4 85
4 181
4 182
4 119
4 29
4 70
4 189
4 158
4 149
5 193
5 162
5 100
5 6
5 169
5 75
5 66
5 14
5 15
5 83
5 92
5 30
6 160
6 193
6 162
6 67
6 68
6 168
6 169
6 75
6 108
6 14
6 136
6 83
6 59
6 73
6 187
6 127
7 129
7 197
7 135
7 139
7 146
7 84
7 21
7 150
7 152
7 91
7 32
7 176
7 99
7 38
7 166
7 188
7 106
7 174
7 112
7 180
7 54
7 124
7 63
8 65
8 79
8 16
8 24
8 82
8 22
8 87
8 152
8 94
8 161
8 35
8 166
8 104
8 188
8 106
8 174
8 112
8 40
8 179
8 180
8 117
8 63
8 60
8 53
9 198
9 33
9 10
9 13
9 189
9 144
9 149
9 39
9 29
9 97
9 163
9 164
9 167
9 41
9 171
9 109
9 111
9 49
9 181
9 118
9 119
9 61
10 128
10 48
10 61
10 33
10 198
10 167
10 171
10 109
10 111
10 144
10 26
10 115
10 118
10 183
10 184
10 57
10 186
10 189
10 39
10 191
11 64
11 103
11 105
11 138
11 107
11 173
11 20
11 153
11 88
11 185
11 156
11 157
11 126
12 67
12 69
12 199
12 73
12 75
12 76
12 147
12 28
12 160
12 123
12 37
12 42
12 44
12 47
12 177
12 52
12 120
12 121
12 187
12 127
13 97
13 61
13 164
13 33
13 198
13 167
13 41
13 39
13 29
13 109
13 111
13 144
13 49
13 149
13 119
13 159
13 189
13 181
14 160
14 193
14 162
14 67
14 68
14 168
14 169
14 75
14 108
14 136
14 83
14 59
14 73
14 187
14 127
15 162
15 115
15 100
15 133
15 169
15 75
15 92
15 66
15 30
16 65
16 194
16 35
16 40
16 72
16 141
16 175
16 104
16 179
16 116
16 117
16 22
16 87
16 56
16 90
16 53
16 159
17 80
17 145
17 19
17 51
17 102
17 137
17 170
17 140
17 58
17 62
17 31
18 192
18 96
18 130
18 131
18 196
18 59
18 136
18 68
18 155
18 108
19 195
19 102
19 103
19 105
19 170
19 140
19 80
19 145
19 51
19 20
19 62
19 88
19 153
19 58
19 156
19 138
19 126
20 195
20 138
20 173
20 148
20 88
20 153
20 27
20 156
20 157
20 165
20 103
20 105
20 107
20 45
20 51
20 126
20 55
20 185
20 122
20 125
20 62
21 32
21 129
21 99
21 197
21 38
21 139
21 173
21 46
21 45
21 27
21 146
21 195
21 148
21 55
21 84
21 122
21 91
21 125
22 65
22 194
22 141
22 79
22 81
22 82
22 87
22 24
22 89
22 94
22 161
22 166
22 104
22 110
22 175
22 40
22 179
22 116
22 117
22 56
22 63
22 60
22 53
23 98
23 163
23 101
23 71
23 139
23 190
23 77
23 142
23 143
23 34
23 114
23 35
23 84
23 85
23 78
23 158
23 95
24 161
24 65
24 141
24 110
24 79
24 81
24 82
24 116
24 117
24 87
24 89
24 60
24 94
25 34
25 71
25 76
25 139
25 172
25 77
25 142
25 44
25 80
25 145
25 178
25 52
25 151
25 120
25 121
25 123
25 55
26 128
26 33
26 61
26 86
26 198
26 167
26 74
26 171
26 109
26 111
26 144
26 49
26 118
26 183
26 57
26 186
26 189
26 39
26 191
27 129
27 195
27 132
27 197
27 173
27 146
27 148
27 153
27 157
27 165
27 38
27 103
27 105
27 107
27 45
27 46
27 176
27 185
27 122
27 125
27 126
28 160
28 67
28 73
28 42
28 75
28 44
28 77
28 47
28 52
28 120
28 121
28 154
28 187
28 93
29 97
29 163
29 164
29 101
29 198
29 72
29 41
29 109
29 49
29 85
29 149
29 119
29 159
29 189
29 190
29 181
30 48
30 66
30 115
30 100
30 133
30 134
30 184
30 92
31 69
31 102
31 145
31 172
31 170
31 140
31 80
31 177
31 178
31 51
31 52
31 76
31 151
31 137
31 58
31 123
31 62
31 37
32 84
32 129
32 99
32 197
32 38
32 188
32 139
32 45
32 112
32 146
32 180
32 55
32 152
32 148
32 122
32 91
32 124
32 125
33 128
33 61
33 198
33 167
33 41
33 171
33 109
33 111
33 144
33 49
33 118
33 183
33 57
33 186
33 189
33 39
33 191
34 71
34 172
34 139
34 76
34 77
34 142
34 44
34 178
34 52
34 151
34 120
34 121
34 154
34 123
35 78
35 85
35 87
35 152
35 95
35 98
35 101
35 166
35 104
35 174
35 112
35 40
35 114
35 179
35 117
35 188
35 53
35 190
35 63
36 192
36 131
36 196
36 69
36 199
36 137
36 43
36 177
36 50
36 147
36 155
36 37
37 192
37 160
37 123
37 69
37 199
37 137
37 42
37 43
37 76
37 44
37 177
37 50
37 147
37 52
37 187
37 73
37 155
37 127
38 129
38 132
38 197
38 135
38 146
38 148
38 150
38 152
38 91
38 176
38 99
38 188
38 106
38 46
38 112
38 113
38 180
38 54
38 124
39 61
39 198
39 167
39 41
39 171
39 109
39 111
39 144
39 49
39 118
39 183
39 57
39 186
39 189
39 191
40 65
40 194
40 141
40 79
40 82
40 87
40 152
40 94
40 161
40 98
40 166
40 104
40 106
40 174
40 175
40 112
40 179
40 117
40 56
40 60
40 53
40 63
41 97
41 61
41 164
41 198
41 167
41 109
41 111
41 144
41 49
41 149
41 118
41 119
41 159
41 189
41 181
42 160
42 187
42 69
42 73
42 75
42 44
42 47
42 177
42 67
42 52
42 120
42 121
42 154
42 123
42 93
42 127
43 192
43 131
43 196
43 69
43 199
43 137
43 177
43 50
43 147
43 155
44 67
44 69
44 73
44 77
44 142
44 151
44 154
44 93
44 160
44 47
44 76
44 177
44 52
44 120
44 121
44 123
45 129
45 195
45 51
45 105
45 139
45 172
45 146
45 173
45 80
45 145
45 178
45 99
45 148
45 55
45 122
45 125
45 62
46 129
46 132
46 165
46 135
46 107
46 173
46 125
46 176
46 146
46 148
46 150
46 91
46 124
46 157
46 197
47 160
47 67
47 73
47 75
47 77
47 142
47 52
47 120
47 121
47 154
47 187
47 93
48 100
48 133
48 134
48 144
48 115
48 182
48 184
48 57
48 186
48 92
48 191
49 97
49 61
49 164
49 198
49 167
49 171
49 109
49 111
49 144
49 149
49 118
49 183
49 189
50 192
50 177
50 147
50 196
50 69
50 199
50 137
51 195
51 102
51 105
51 170
51 55
51 140
51 80
51 145
51 178
51 172
51 148
51 76
51 151
51 122
51 62
52 69
52 71
52 73
52 77
52 142
52 151
52 172
52 76
52 177
52 178
52 120
52 121
52 123
53 65
53 194
53 141
53 79
53 82
53 87
53 152
53 161
53 98
53 166
53 104
53 106
53 174
53 175
53 112
53 179
53 117
53 56
53 60
53 63
54 129
54 197
54 166
54 135
54 112
54 106
54 60
54 79
54 176
54 113
54 82
54 188
54 180
54 150
54 91
54 124
55 129
55 195
55 105
55 139
55 172
55 173
55 80
55 145
55 178
55 99
55 148
55 122
55 125
55 62
56 97
56 194
56 65
56 104
56 141
56 175
56 72
56 179
56 116
56 117
56 90
56 159
57 128
57 198
57 74
57 144
57 134
57 167
57 171
57 109
57 111
57 189
57 115
57 118
57 183
57 184
57 186
57 61
57 191
58 80
58 145
58 102
58 137
58 170
58 140
58 62
59 192
59 193
59 130
59 196
59 199
59 136
59 160
59 147
59 68
59 155
59 96
59 162
59 131
59 168
59 108
59 83
59 187
59 127
60 161
60 166
60 106
60 110
60 79
60 112
60 113
60 82
60 180
60 117
60 87
60 124
60 94
60 63
61 128
61 198
61 167
61 171
61 109
61 111
61 144
61 118
61 183
61 186
61 189
61 191
62 195
62 102
62 105
62 170
62 140
62 80
62 145
62 178
62 172
62 76
62 151
62 122
63 79
63 82
63 84
63 87
63 152
63 91
63 98
63 166
63 104
63 124
63 106
63 174
63 112
63 179
63 180
63 117
63 188
64 153
64 88
64 185
64 138
64 103
64 156
64 157
64 126
65 194
65 141
65 79
65 81
65 82
65 87
65 89
65 94
65 161
65 104
65 110
65 175
65 179
65 116
65 117
66 115
66 100
66 134
66 184
66 169
66 75
66 92
67 160
67 162
67 73
67 75
67 169
67 120
67 121
67 187
67 93
67 127
68 192
68 193
68 130
68 196
68 199
68 136
68 160
68 147
68 155
68 96
68 162
68 131
68 168
68 108
68 83
68 187
68 127
69 160
69 123
69 199
69 137
69 76
69 177
69 147
69 187
69 73
69 155
69 127
70 163
70 133
70 78
70 143
70 190
70 182
70 119
70 154
70 93
70 158
71 139
71 172
71 77
71 142
71 143
71 178
71 151
71 120
71 121
71 154
71 123
71 158
71 95
72 97
72 194
72 164
72 101
72 104
72 175
72 179
72 149
72 90
72 159
72 85
72 181
73 199
73 75
73 147
73 160
73 123
73 177
73 120
73 121
73 187
73 127
74 128
74 86
74 118
74 183
74 186
74 171
75 160
75 193
75 162
75 168
75 169
75 136
75 83
75 187
75 127
76 102
76 177
76 172
76 142
76 80
76 145
76 178
76 151
76 120
76 121
76 123
77 172
77 151
77 142
77 143
77 154
77 93
77 158
77 95
77 182
77 120
77 121
77 123
78 98
78 163
78 101
78 104
78 190
78 114
78 85
78 181
78 119
78 143
78 158
78 95
79 152
79 82
79 87
79 94
79 161
79 166
79 124
79 106
79 174
79 112
79 113
79 180
79 117
79 188
80 195
80 102
80 172
80 170
80 140
80 145
80 178
80 151
80 122
80 123
81 161
81 116
81 110
81 89
81 141
81 94
82 152
82 87
82 94
82 161
82 166
82 106
82 174
82 124
82 112
82 113
82 180
82 117
82 188
83 160
83 193
83 162
83 168
83 169
83 108
83 136
83 187
83 127
84 129
84 98
84 99
84 106
84 139
84 174
84 112
84 152
84 91
84 188
84 95
85 143
85 149
85 158
85 95
85 97
85 98
85 163
85 164
85 101
85 104
85 114
85 179
85 181
85 119
85 159
85 190
86 128
86 118
86 183
86 186
87 141
87 152
87 94
87 161
87 166
87 104
87 106
87 174
87 175
87 112
87 179
87 117
87 188
88 195
88 103
88 105
88 170
88 140
88 185
88 153
88 156
88 138
88 126
89 161
89 116
89 94
89 141
89 110
89 175
90 149
90 97
90 194
90 179
90 164
90 181
90 159
90 175
91 129
91 197
91 135
91 146
91 148
91 150
91 152
91 176
91 99
91 166
91 188
91 106
91 174
91 112
91 113
91 180
91 124
92 115
92 100
92 133
92 134
92 184
93 133
93 142
93 182
93 120
93 121
93 154
94 161
94 166
94 141
94 110
94 116
94 117
95 101
95 98
95 174
95 143
95 114
95 163
95 158
95 190
96 192
96 130
96 131
96 196
96 199
96 136
96 108
96 155
96 127
97 181
97 194
97 164
97 101
97 149
97 159
98 101
98 104
98 174
98 143
98 114
98 179
98 158
98 152
98 188
98 190
99 129
99 188
99 106
99 139
99 174
99 112
99 180
99 152
99 148
99 124
100 115
100 133
100 134
100 184
101 163
101 164
101 104
101 190
101 143
101 114
101 179
101 149
101 119
101 158
101 181
102 177
102 170
102 151
102 140
102 145
102 178
102 137
102 123
103 195
103 165
103 105
103 138
103 107
103 173
103 157
103 148
103 185
103 153
103 122
103 156
103 125
103 126
104 194
104 152
104 166
104 174
104 175
104 114
104 179
104 117
105 195
105 138
105 140
105 173
105 185
105 153
105 156
105 157
105 165
105 170
105 107
105 148
105 122
105 125
105 126
106 129
106 124
106 150
106 152
106 166
106 174
106 112
106 113
106 180
106 117
106 188
107 132
107 197
107 173
107 157
107 146
107 148
107 185
107 153
107 125
107 126
107 165
108 192
108 193
108 130
108 131
108 196
108 168
108 136
108 187
108 155
108 127
109 198
109 183
109 144
109 149
109 163
109 164
109 167
109 171
109 111
109 181
109 118
109 119
109 189
109 191
110 161
110 116
110 141
111 198
111 167
111 171
111 144
111 118
111 183
111 186
111 189
112 129
112 124
112 150
112 152
112 166
112 174
112 113
112 180
112 117
112 188
113 166
113 135
113 124
113 176
113 180
113 150
114 163
114 190
114 174
114 143
114 179
114 149
114 119
114 158
114 181
115 133
115 134
115 184
115 186
115 191
116 161
116 194
116 141
116 175
117 194
117 141
117 152
117 161
117 166
117 174
117 175
117 179
118 128
118 198
118 144
118 167
118 171
118 189
118 183
118 186
118 191
119 143
119 144
119 158
119 163
119 164
119 198
119 181
119 182
119 189
119 190
119 149
120 142
120 121
120 151
120 154
120 123
121 142
121 151
121 154
121 182
121 123
122 129
122 195
122 139
122 140
122 173
122 145
122 146
122 185
122 153
122 156
122 170
122 172
122 178
122 148
122 125
122 126
123 142
123 145
123 151
123 172
123 177
123 178
124 129
124 197
124 135
124 150
124 152
124 166
124 188
124 146
124 176
124 180
125 129
125 195
125 132
125 197
125 146
125 148
125 153
125 157
125 165
125 173
125 185
125 126
126 195
126 165
126 138
126 173
126 148
126 185
126 153
126 156
126 157
127 192
127 193
127 130
127 196
127 199
127 136
127 147
127 155
127 160
127 162
127 131
127 168
127 177
127 187
128 134
128 171
128 183
128 184
128 186
128 191
129 197
129 135
129 139
129 146
129 150
129 152
129 176
129 180
129 148
129 188
130 192
130 193
130 131
130 196
130 199
130 168
130 160
130 136
130 147
130 187
130 155
131 192
131 155
131 196
131 199
131 136
131 147
132 165
132 135
132 173
132 176
132 146
132 148
132 150
132 157
132 197
133 182
133 184
133 154
134 184
134 186
134 191
135 197
135 176
135 146
135 180
135 150
136 192
136 193
136 196
136 199
136 147
136 155
136 162
136 187
136 168
136 160
137 145
137 170
137 140
137 177
138 195
138 173
138 185
138 153
138 156
139 151
139 172
139 142
139 178
140 195
140 170
140 145
140 178
140 156
141 161
141 194
141 175
142 172
142 151
142 154
142 143
143 163
143 190
143 182
143 154
143 158
144 198
144 167
144 171
144 189
144 183
144 186
144 191
145 195
145 170
145 172
145 178
145 151
146 197
146 148
146 150
146 157
146 165
146 173
146 176
146 180
147 192
147 160
147 187
147 196
147 199
147 177
147 155
148 195
148 197
148 157
148 165
148 173
148 185
149 163
149 164
149 181
149 190
149 159
150 197
150 176
150 180
151 170
151 172
151 177
151 178
152 166
152 174
152 179
152 180
152 188
153 195
153 173
153 185
153 156
153 157
154 182
154 158
155 192
155 160
155 196
155 199
155 168
155 187
156 195
156 173
156 185
157 165
157 173
157 185
158 163
158 182
158 190
159 194
159 164
159 181
160 193
160 199
160 162
160 187
160 168
160 177
161 166
161 175
162 193
162 168
162 169
162 187
163 164
163 198
163 181
163 182
163 190
164 181
164 190
165 197
165 173
165 185
166 188
166 174
166 179
166 180
167 198
167 171
167 189
167 183
167 186
167 191
168 193
168 169
168 187
169 193
169 187
170 195
170 178
171 198
171 189
171 183
171 186
171 191
172 178
173 195
173 185
174 179
174 180
174 188
175 194
175 179
176 197
176 180
177 199
179 194
180 197
180 188
181 190
182 190
183 198
183 189
183 186
183 191
184 186
184 191
185 195
186 198
186 189
186 191
187 193
187 199
189 198
189 191
191 198
192 199
192 196
196 199
