0 67
0 197
0 124
0 106
0 23
0 172
0 45
0 174
0 81
0 86
0 169
0 152
0 123
0 92
0 191
1 192
1 164
1 38
1 70
1 8
1 50
1 196
1 183
1 121
1 90
1 59
1 125
1 127
2 96
2 129
2 194
2 165
2 71
2 10
2 119
2 113
2 18
2 55
2 85
2 151
2 56
2 185
2 28
2 157
2 126
2 37
3 32
3 34
3 195
3 68
3 168
3 44
3 76
3 13
3 80
3 145
3 147
3 84
3 53
3 88
3 180
3 136
3 30
4 193
4 131
4 199
4 72
4 12
4 74
4 140
4 15
4 144
4 43
4 87
4 25
4 159
4 160
4 112
4 36
4 102
4 41
4 107
4 173
4 48
4 177
4 9
4 120
4 186
4 187
4 61
4 65
5 128
5 195
5 68
5 133
5 6
5 137
5 139
5 13
5 34
5 142
5 79
5 147
5 148
5 149
5 154
5 155
5 158
5 32
5 162
5 99
5 100
5 101
5 167
5 108
5 21
5 110
5 49
5 51
5 117
5 58
5 60
5 53
6 195
6 68
6 137
6 139
6 13
6 34
6 142
6 79
6 145
6 147
6 148
6 88
6 154
6 155
6 32
6 162
6 99
6 100
6 101
6 167
6 168
6 108
6 175
6 51
6 180
6 117
6 58
6 53
7 193
7 194
7 83
7 52
7 119
7 36
7 122
7 103
7 157
8 192
8 132
8 197
8 70
8 73
8 111
8 81
8 146
8 23
8 152
8 90
8 91
8 92
8 29
8 38
8 104
8 127
8 174
8 47
8 183
8 121
8 59
8 125
8 191
9 65
9 199
9 12
9 75
9 140
9 143
9 144
9 17
9 19
9 25
9 15
9 31
9 97
9 102
9 166
9 40
9 41
9 95
9 43
9 109
9 177
9 184
9 187
9 61
9 190
10 129
10 194
10 103
10 151
10 113
10 18
10 55
10 185
10 71
10 119
10 28
10 126
11 131
11 72
11 105
11 138
11 173
11 14
11 141
11 16
11 115
11 20
11 62
11 24
11 89
11 63
11 156
11 189
11 94
11 159
12 43
12 199
12 31
12 74
12 75
12 140
12 78
12 143
12 144
12 19
12 87
12 25
12 15
12 95
12 160
12 166
12 102
12 40
12 41
12 107
12 48
12 177
12 120
12 186
12 187
12 61
12 190
13 195
13 68
13 136
13 44
13 76
13 79
13 145
13 147
13 148
13 88
13 155
13 30
13 32
13 34
13 100
13 101
13 167
13 168
13 108
13 175
13 180
13 53
13 58
14 130
14 131
14 69
14 72
14 138
14 140
14 141
14 16
14 22
14 153
14 24
14 89
14 156
14 94
14 159
14 105
14 173
14 115
14 116
14 181
14 182
14 187
14 189
14 62
14 63
15 64
15 193
15 131
15 199
15 72
15 74
15 140
15 43
15 87
15 25
15 160
15 112
15 36
15 102
15 39
15 41
15 42
15 107
15 173
15 46
15 48
15 120
15 186
15 187
15 61
16 65
16 130
16 131
16 69
16 72
16 138
16 140
16 22
16 153
16 24
16 89
16 156
16 94
16 159
16 105
16 173
16 115
16 116
16 181
16 182
16 187
16 189
16 62
16 63
17 51
17 75
17 133
17 97
17 137
17 139
17 77
17 143
17 144
17 19
17 148
17 149
17 150
17 154
17 158
17 95
17 161
17 98
17 99
17 166
17 109
17 175
17 178
17 179
17 184
17 31
17 60
18 129
18 194
18 37
18 71
18 151
18 113
18 55
18 185
18 119
18 28
18 157
18 126
19 65
19 75
19 133
19 199
19 137
19 139
19 140
19 143
19 144
19 82
19 149
19 25
19 154
19 158
19 95
19 97
19 99
19 166
19 49
19 43
19 109
19 177
19 181
19 118
19 184
19 187
19 61
20 115
20 69
20 182
20 24
20 89
20 138
20 189
21 128
21 130
21 54
21 137
21 139
21 142
21 82
21 99
21 22
21 153
21 154
21 158
21 33
21 162
21 163
21 101
21 110
21 49
21 114
21 51
21 117
21 118
22 65
22 130
22 54
22 140
22 82
22 35
22 24
22 153
22 27
22 69
22 182
22 163
22 105
22 159
22 110
22 49
22 114
22 115
22 116
22 181
22 118
22 187
22 62
23 67
23 132
23 197
23 70
23 73
23 81
23 146
23 150
23 152
23 90
23 47
23 92
23 29
23 91
23 104
23 169
23 172
23 45
23 174
23 111
23 183
23 59
23 191
24 69
24 105
24 138
24 115
24 94
24 182
24 89
24 156
24 189
24 62
24 63
25 107
25 199
25 74
25 144
25 87
25 93
25 95
25 160
25 36
25 102
25 40
25 41
25 43
25 48
25 177
25 120
25 186
25 187
25 61
25 190
26 197
26 198
26 135
26 40
26 73
26 106
26 43
26 78
26 93
26 190
26 86
26 41
26 123
26 124
26 102
26 150
26 31
27 35
27 114
27 115
27 69
27 182
27 33
27 153
27 54
28 194
28 71
28 119
28 113
28 52
28 55
28 185
28 103
28 126
29 66
29 132
29 197
29 70
29 38
29 104
29 47
29 172
29 174
29 111
29 81
29 146
29 183
29 152
29 90
29 59
29 92
29 125
29 191
30 98
30 34
30 196
30 134
30 76
30 171
30 108
30 50
30 175
30 176
30 178
30 147
30 148
30 88
30 188
30 44
31 161
31 98
31 75
31 40
31 73
31 127
31 77
31 78
31 109
31 43
31 179
31 150
31 41
31 91
31 61
31 190
31 95
32 68
32 136
32 142
32 79
32 145
32 195
32 148
32 88
32 155
32 34
32 100
32 101
32 167
32 168
32 108
32 175
32 147
32 180
32 53
32 58
33 128
33 35
33 114
33 163
33 117
33 54
33 162
33 110
34 195
34 68
34 133
34 137
34 139
34 76
34 145
34 147
34 148
34 149
34 88
34 154
34 155
34 44
34 99
34 101
34 167
34 168
34 108
34 175
34 176
34 178
34 51
34 180
34 53
34 58
34 60
35 114
35 115
35 163
35 182
35 153
35 54
35 69
36 64
36 193
36 131
36 186
36 74
36 87
36 39
36 157
36 160
36 112
36 102
36 103
36 170
36 107
36 46
36 48
36 52
36 120
36 122
36 42
37 64
37 129
37 198
37 135
37 96
37 74
37 151
37 85
37 87
37 93
37 160
37 165
37 39
37 170
37 107
37 46
37 157
37 119
37 56
37 185
37 186
37 124
37 126
38 192
38 132
38 70
38 73
38 77
38 150
38 152
38 90
38 91
38 127
38 161
38 98
38 164
38 171
38 50
38 179
38 183
38 121
38 59
38 125
38 191
39 64
39 193
39 198
39 135
39 96
39 74
39 85
39 87
39 93
39 160
39 165
39 102
39 41
39 170
39 107
39 46
39 157
39 48
39 120
39 186
40 43
40 150
40 102
40 135
40 41
40 75
40 78
40 61
40 86
40 123
40 124
40 93
40 190
41 64
41 107
41 199
41 74
41 78
41 86
41 87
41 135
41 93
41 160
41 165
41 102
41 170
41 43
41 48
41 120
41 186
41 61
41 190
42 193
42 131
42 48
42 72
42 141
42 173
42 112
42 83
42 120
42 94
42 159
43 199
43 75
43 78
43 144
43 150
43 87
43 93
43 95
43 102
43 107
43 48
43 177
43 61
43 190
44 196
44 134
44 171
44 76
44 50
44 175
44 176
44 178
44 147
44 148
44 88
44 188
45 67
45 197
45 169
45 106
45 172
45 174
45 81
45 152
45 123
45 92
45 191
46 64
46 129
46 198
46 135
46 96
46 74
46 85
46 87
46 93
46 160
46 165
46 102
46 103
46 170
46 107
46 157
46 48
46 186
46 119
46 120
46 52
46 122
46 126
47 66
47 132
47 197
47 70
47 104
47 172
47 174
47 111
47 81
47 146
47 183
47 152
47 90
47 59
47 92
47 191
48 64
48 193
48 131
48 199
48 72
48 74
48 87
48 160
48 102
48 170
48 107
48 173
48 112
48 120
48 186
48 61
49 128
49 65
49 130
49 133
49 137
49 139
49 143
49 144
49 82
49 99
49 149
49 153
49 154
49 54
49 158
49 95
49 97
49 163
49 101
49 166
49 110
49 177
49 51
49 116
49 181
49 118
49 184
49 187
49 117
50 192
50 161
50 98
50 196
50 134
50 171
50 76
50 77
50 175
50 176
50 178
50 179
50 121
50 164
50 59
50 188
50 127
51 195
51 68
51 133
51 137
51 139
51 143
51 147
51 148
51 149
51 154
51 155
51 158
51 97
51 99
51 101
51 166
51 167
51 108
51 109
51 110
51 175
51 178
51 117
51 118
51 184
51 60
52 194
52 71
52 119
52 185
52 122
52 103
52 157
53 195
53 100
53 167
53 168
53 108
53 79
53 80
53 145
53 147
53 180
53 88
53 68
53 136
53 155
53 58
54 128
54 162
54 163
54 82
54 62
54 130
54 110
54 114
54 116
54 117
54 118
54 153
54 158
55 129
55 194
55 103
55 71
55 113
55 151
55 185
55 119
55 157
55 126
56 96
56 129
56 165
56 198
56 135
56 106
56 85
56 151
56 57
56 123
56 124
56 126
57 96
57 129
57 67
57 165
57 198
57 135
57 106
57 85
57 86
57 123
57 124
58 195
58 68
58 142
58 79
58 145
58 147
58 88
58 155
58 162
58 100
58 101
58 167
58 168
58 108
58 180
58 117
59 192
59 132
59 70
59 73
59 146
59 152
59 90
59 91
59 164
59 104
59 183
59 121
59 127
59 125
59 191
60 75
60 133
60 97
60 137
60 139
60 77
60 147
60 148
60 149
60 154
60 155
60 158
60 161
60 98
60 99
60 101
60 167
60 108
60 109
60 175
60 176
60 178
60 179
60 184
61 199
61 75
61 78
61 143
61 144
61 87
61 97
61 102
61 166
61 177
61 184
61 95
61 190
62 65
62 130
62 182
62 72
62 140
62 82
62 153
62 89
62 156
62 94
62 69
62 163
62 105
62 159
62 173
62 110
62 115
62 116
62 181
62 118
62 187
63 131
63 105
63 138
63 141
63 89
63 156
63 189
63 94
63 159
64 193
64 198
64 135
64 96
64 74
64 85
64 87
64 93
64 160
64 165
64 102
64 170
64 107
64 157
64 120
64 186
65 130
65 131
65 199
65 72
65 140
65 143
65 144
65 82
65 153
65 158
65 159
65 97
65 163
65 166
65 105
65 95
65 173
65 110
65 177
65 116
65 181
65 118
65 184
65 187
66 132
66 70
66 104
66 172
66 174
66 111
66 81
66 146
66 152
66 92
67 92
67 124
67 169
67 106
67 123
67 172
67 174
68 136
68 139
68 142
68 79
68 145
68 195
68 148
68 88
68 155
68 100
68 101
68 167
68 168
68 108
68 175
68 147
68 180
69 130
69 182
69 105
69 138
69 115
69 153
69 189
70 192
70 132
70 197
70 73
70 81
70 146
70 152
70 90
70 91
70 92
70 104
70 172
70 174
70 111
70 183
70 121
70 127
70 125
70 191
71 129
71 194
71 103
71 119
71 113
71 151
71 185
71 157
71 126
72 193
72 130
72 131
72 199
72 140
72 141
72 156
72 94
72 159
72 105
72 173
72 112
72 177
72 116
72 181
72 187
73 161
73 197
73 191
73 174
73 77
73 78
73 150
73 183
73 152
73 90
73 91
73 92
73 127
74 193
74 135
74 96
74 87
74 93
74 160
74 165
74 102
74 170
74 107
74 157
74 112
74 120
74 186
75 133
75 97
75 77
75 143
75 144
75 149
75 150
75 154
75 158
75 95
75 161
75 98
75 99
75 166
75 199
75 109
75 178
75 179
75 184
75 190
76 196
76 134
76 168
76 171
76 175
76 176
76 145
76 147
76 88
76 136
76 188
77 161
77 98
77 171
77 109
77 176
77 178
77 179
77 150
77 91
77 127
78 123
78 197
78 102
78 135
78 190
78 86
78 91
78 124
78 93
78 150
79 162
79 195
79 100
79 101
79 167
79 168
79 108
79 142
79 145
79 147
79 180
79 117
79 155
80 84
80 145
80 180
80 168
80 88
80 136
81 132
81 197
81 104
81 169
81 172
81 174
81 111
81 146
81 183
81 152
81 90
81 92
81 191
82 130
82 133
82 199
82 137
82 139
82 140
82 143
82 144
82 99
82 149
82 153
82 158
82 95
82 97
82 163
82 166
82 105
82 110
82 177
82 116
82 181
82 118
82 184
82 187
83 112
83 193
83 131
83 122
83 141
83 94
84 145
84 180
84 168
84 88
84 136
85 129
85 198
85 135
85 96
85 86
85 151
85 93
85 160
85 165
85 170
85 107
85 157
85 123
85 124
85 106
85 126
86 96
86 165
86 198
86 135
86 169
86 106
86 93
86 150
86 123
86 124
86 102
86 190
86 197
87 193
87 135
87 96
87 93
87 160
87 165
87 102
87 170
87 107
87 157
87 112
87 120
87 186
87 190
88 168
88 108
88 145
88 147
88 180
88 136
88 155
88 195
89 131
89 105
89 138
89 173
89 141
89 115
89 156
89 189
89 94
89 159
90 192
90 132
90 197
90 146
90 152
90 91
90 92
90 164
90 104
90 174
90 111
90 183
90 121
90 127
90 125
90 191
91 132
91 197
91 150
91 152
91 92
91 161
91 98
91 127
91 174
91 179
91 183
91 191
92 132
92 197
92 146
92 152
92 104
92 169
92 172
92 174
92 111
92 183
92 191
93 96
93 107
93 198
93 135
93 160
93 165
93 102
93 106
93 186
93 123
93 124
93 170
93 190
94 131
94 105
94 138
94 140
94 173
94 141
94 112
94 156
94 189
94 159
95 133
95 199
95 137
95 139
95 143
95 144
95 149
95 154
95 158
95 97
95 99
95 166
95 109
95 177
95 181
95 118
95 184
95 187
96 129
96 198
96 135
96 151
96 157
96 160
96 165
96 102
96 170
96 107
96 186
96 123
96 124
96 106
96 126
97 133
97 199
97 137
97 139
97 143
97 144
97 148
97 149
97 154
97 158
97 99
97 166
97 177
97 109
97 110
97 118
97 184
98 161
98 196
98 171
98 109
98 175
98 176
98 178
98 179
98 148
98 150
98 127
99 137
99 139
99 143
99 148
99 149
99 154
99 155
99 158
99 133
99 101
99 166
99 167
99 108
99 109
99 110
99 175
99 117
99 118
99 184
100 128
100 162
100 195
100 167
100 108
100 142
100 180
100 117
100 155
100 101
101 128
101 195
101 133
101 137
101 139
101 142
101 148
101 149
101 154
101 155
101 158
101 162
101 167
101 108
101 110
101 117
102 107
102 198
102 135
102 160
102 165
102 170
102 120
102 186
102 190
103 194
103 113
103 119
103 185
103 122
103 157
104 132
104 197
104 172
104 174
104 111
104 146
104 183
104 152
104 125
104 191
105 130
105 138
105 140
105 153
105 156
105 159
105 163
105 173
105 115
105 116
105 181
105 182
105 187
105 189
106 165
106 198
106 135
106 169
106 123
106 124
107 193
107 198
107 135
107 157
107 160
107 165
107 170
107 120
107 186
108 195
108 137
108 139
108 142
108 145
108 147
108 148
108 149
108 154
108 155
108 167
108 168
108 175
108 180
109 133
109 137
109 139
109 143
109 144
109 148
109 149
109 154
109 158
109 161
109 166
109 175
109 176
109 178
109 179
109 184
110 128
110 149
110 130
110 133
110 137
110 139
110 143
110 153
110 154
110 158
110 163
110 166
110 114
110 116
110 181
110 118
110 117
111 132
111 172
111 174
111 146
111 183
111 152
111 191
112 193
112 131
112 140
112 141
112 173
112 120
112 186
112 187
112 159
113 129
113 194
113 119
113 151
113 185
113 157
113 126
114 128
114 162
114 163
114 117
114 182
114 153
115 130
115 163
115 138
115 116
115 182
115 153
115 156
115 189
116 130
116 118
116 140
116 143
116 153
116 159
116 163
116 166
116 177
116 173
116 181
116 187
117 128
117 137
117 139
117 142
117 154
117 155
117 118
117 158
117 162
117 163
117 167
118 128
118 130
118 133
118 199
118 137
118 139
118 140
118 143
118 144
118 153
118 154
118 158
118 163
118 166
118 177
118 181
118 184
118 187
118 149
119 129
119 194
119 151
119 185
119 122
119 157
119 126
120 193
120 131
120 186
120 160
120 170
120 122
121 192
121 132
121 164
121 183
121 196
121 125
121 127
122 193
122 194
122 186
122 157
123 165
123 198
123 135
123 169
123 124
124 165
124 198
124 135
124 169
125 192
125 132
125 146
125 183
125 164
126 129
126 165
126 198
126 170
126 157
126 151
126 185
127 192
127 150
127 161
127 164
127 171
127 176
127 179
127 183
127 191
128 162
128 163
128 167
128 139
128 142
128 158
129 165
129 198
129 170
129 157
129 151
129 185
130 182
130 140
130 143
130 153
130 156
130 163
130 177
130 159
130 173
130 181
130 187
131 193
131 140
131 141
131 156
131 159
131 173
131 181
131 187
132 192
132 197
132 146
132 152
132 172
132 174
132 183
132 191
133 137
133 139
133 143
133 144
133 148
133 149
133 154
133 155
133 158
133 166
133 167
133 177
133 175
133 178
133 184
134 176
134 196
134 164
134 171
134 188
135 198
135 157
135 160
135 165
135 170
135 186
135 190
136 147
136 168
136 145
136 195
136 180
137 195
137 139
137 143
137 148
137 149
137 154
137 155
137 158
137 166
137 167
137 175
137 178
137 184
138 182
138 156
138 189
139 195
139 143
139 148
139 149
139 154
139 155
139 158
139 166
139 167
139 175
139 184
140 199
140 153
140 143
140 156
140 159
140 144
140 166
140 173
140 177
140 181
140 187
141 193
141 173
141 159
141 156
142 162
142 195
142 167
142 155
143 199
143 144
143 149
143 154
143 158
143 163
143 166
143 177
143 181
143 184
143 187
144 199
144 149
144 158
144 166
144 177
144 181
144 184
144 187
145 195
145 168
145 147
145 180
146 174
146 183
146 152
146 191
147 195
147 148
147 154
147 155
147 167
147 168
147 175
147 176
147 178
147 180
148 195
148 149
148 179
148 155
148 154
148 167
148 175
148 176
148 178
148 158
148 184
149 154
149 155
149 158
149 166
149 167
149 175
149 178
149 184
150 161
150 197
150 179
150 191
150 190
151 165
151 198
151 185
151 157
152 197
152 172
152 174
152 183
152 191
153 182
153 159
153 163
153 181
153 187
154 195
154 155
154 158
154 166
154 167
154 175
154 178
154 184
155 195
155 158
155 167
155 168
155 175
155 180
156 173
156 159
156 189
157 194
157 198
157 160
157 165
157 170
157 185
157 186
158 177
158 163
158 166
158 167
158 181
158 184
159 173
159 177
159 181
159 187
160 193
160 165
160 170
160 186
161 171
161 176
161 178
161 179
163 166
163 181
163 187
164 192
164 196
164 171
164 183
164 188
165 198
165 170
165 186
166 199
166 177
166 181
166 184
166 187
167 195
167 168
167 175
167 180
168 195
168 180
169 197
169 172
169 174
169 191
170 198
170 186
171 196
171 175
171 176
171 178
171 179
171 188
172 197
172 174
172 191
173 193
173 199
173 177
173 181
173 187
174 197
174 183
174 191
175 195
175 196
175 179
175 176
175 178
176 196
176 178
176 179
176 188
177 199
177 181
177 184
177 187
178 196
178 179
178 184
179 196
180 195
181 199
181 187
182 189
183 192
183 197
183 191
184 199
185 194
186 193
187 199
188 196
191 197
192 196
