0 193
0 4
0 197
0 199
0 72
0 140
0 141
0 80
0 148
0 152
0 90
0 156
0 93
0 94
0 159
0 160
0 48
0 98
0 38
0 106
0 45
0 157
0 112
0 117
0 182
0 84
0 187
0 191
1 33
1 66
1 34
1 17
1 70
1 103
1 104
1 170
1 172
1 173
1 78
1 16
1 136
1 83
1 181
1 183
1 61
1 53
2 97
2 194
2 195
2 164
2 165
2 81
2 15
2 107
2 174
2 79
2 113
2 114
2 46
2 24
2 184
2 22
2 59
2 29
3 11
3 196
3 139
3 149
3 86
3 30
3 162
3 163
3 100
3 101
3 105
3 43
3 172
3 175
3 176
3 50
3 51
3 116
3 121
3 186
3 124
3 85
4 199
4 140
4 75
4 12
4 141
4 80
4 84
4 90
4 93
4 94
4 160
4 112
4 98
4 166
4 38
4 106
4 48
4 117
4 182
4 187
4 191
5 128
5 193
5 197
5 134
5 199
5 72
5 140
5 45
5 80
5 145
5 19
5 84
5 23
5 7
5 27
5 94
5 133
5 160
5 48
5 35
5 38
5 166
5 39
5 41
5 135
5 44
5 109
5 112
5 177
5 180
5 158
5 6
5 191
6 128
6 68
6 197
6 134
6 7
6 137
6 140
6 77
6 145
6 146
6 23
6 133
6 35
6 166
6 39
6 109
6 112
6 177
6 115
6 180
6 118
6 119
6 125
7 128
7 193
7 68
7 197
7 134
7 135
7 137
7 140
7 77
7 145
7 146
7 19
7 23
7 133
7 160
7 35
7 166
7 39
7 41
7 44
7 109
7 177
7 115
7 180
7 118
7 119
7 185
7 125
8 129
8 67
8 36
8 40
8 31
8 42
8 108
8 111
8 147
8 21
8 25
8 91
8 60
8 95
9 192
9 65
9 132
9 138
9 151
9 76
9 14
9 143
9 82
9 148
9 87
9 89
9 26
9 155
9 156
9 159
9 165
9 168
9 106
9 114
9 52
9 182
9 55
9 190
10 66
10 99
10 71
10 73
10 11
10 34
10 142
10 13
10 16
10 51
10 20
10 86
10 57
10 56
10 121
10 126
11 51
11 162
11 99
11 196
11 171
11 130
11 142
11 163
11 20
11 149
11 86
11 57
11 56
11 121
11 126
12 98
12 106
12 75
12 141
12 14
12 148
12 117
12 182
12 89
12 90
12 123
12 63
13 16
13 66
13 99
13 71
13 73
13 170
13 172
13 173
13 78
13 34
13 51
13 142
13 54
13 57
13 61
14 192
14 65
14 132
14 138
14 75
14 76
14 143
14 82
14 148
14 151
14 89
14 26
14 155
14 156
14 96
14 106
14 52
14 55
14 153
14 123
14 190
14 63
15 192
15 65
15 194
15 132
15 165
15 26
15 138
15 82
15 46
15 79
15 113
15 114
15 151
15 154
15 155
15 29
15 190
15 37
16 64
16 33
16 66
16 34
16 32
16 70
16 103
16 73
16 74
16 71
16 172
16 173
16 78
16 61
16 181
16 54
16 170
17 33
17 70
17 103
17 136
17 170
17 173
17 78
17 104
17 83
17 181
17 183
17 120
17 28
17 53
18 19
18 131
18 69
18 135
18 169
18 119
18 44
18 77
18 115
18 179
18 41
18 118
18 137
18 88
18 185
18 186
18 188
18 127
19 128
19 193
19 131
19 133
19 135
19 137
19 77
19 144
19 145
19 115
19 23
19 88
19 27
19 158
19 69
19 41
19 44
19 178
19 179
19 169
19 185
19 188
19 127
20 130
20 99
20 196
20 171
20 142
20 51
20 149
20 121
20 56
20 57
20 126
21 64
21 129
21 67
21 32
21 70
21 103
21 31
21 74
21 108
21 83
21 54
21 25
21 91
21 28
21 42
21 95
22 81
22 194
22 59
22 164
22 24
22 184
22 107
22 92
22 174
22 79
23 128
23 193
23 68
23 197
23 134
23 135
23 137
23 140
23 77
23 145
23 27
23 94
23 133
23 160
23 35
23 166
23 39
23 41
23 44
23 109
23 112
23 177
23 115
23 180
23 118
23 119
23 125
23 191
24 97
24 194
24 195
24 164
24 165
24 81
24 104
24 107
24 174
24 79
24 113
24 114
24 59
24 120
24 184
24 92
25 129
25 83
25 67
25 36
25 31
25 40
25 60
25 107
25 108
25 174
25 111
25 147
25 28
25 91
25 92
25 95
26 192
26 65
26 132
26 138
26 76
26 143
26 82
26 148
26 151
26 89
26 155
26 29
26 37
26 96
26 165
26 46
26 113
26 114
26 52
26 153
26 189
26 190
27 128
27 193
27 131
27 197
27 135
27 72
27 140
27 144
27 145
27 84
27 150
27 158
27 133
27 160
27 167
27 169
27 44
27 45
27 110
27 178
27 179
27 41
27 127
28 64
28 129
28 67
28 32
28 70
28 103
28 104
28 74
28 108
28 83
28 181
28 91
28 42
28 95
29 192
29 65
29 194
29 195
29 132
29 138
29 76
29 82
29 151
29 154
29 143
29 37
29 155
29 165
29 46
29 113
29 114
29 79
29 190
30 139
30 188
30 85
30 86
30 88
30 162
30 163
30 100
30 101
30 169
30 43
30 178
30 175
30 176
30 50
30 179
30 116
30 105
30 121
30 186
30 124
30 127
31 129
31 67
31 36
31 40
31 60
31 108
31 111
31 147
31 91
31 92
31 95
32 64
32 66
32 70
32 71
32 73
32 42
32 108
32 61
32 54
32 74
32 95
33 66
33 34
33 70
33 102
33 103
33 104
33 170
33 71
33 172
33 173
33 78
33 136
33 83
33 181
33 61
33 53
34 66
34 54
34 103
34 136
34 73
34 170
34 71
34 172
34 173
34 78
34 50
34 181
34 86
34 61
35 68
35 197
35 166
35 145
35 137
35 39
35 109
35 112
35 177
35 146
35 115
35 180
35 118
35 125
35 134
35 133
36 129
36 67
36 40
36 60
36 107
36 108
36 111
36 147
36 91
36 92
36 95
37 192
37 96
37 132
37 165
37 65
37 138
37 76
37 46
37 113
37 82
37 151
37 153
37 154
37 155
37 190
38 128
38 193
38 197
38 134
38 199
38 72
38 140
38 141
38 80
38 84
38 152
38 90
38 93
38 94
38 133
38 160
38 48
38 98
38 166
38 39
38 106
38 45
38 112
38 180
38 117
38 182
38 187
38 191
39 48
39 133
39 166
39 145
39 140
39 191
39 109
39 112
39 177
39 180
39 94
39 187
39 125
39 134
39 197
40 129
40 67
40 147
40 91
40 60
40 111
41 128
41 193
41 131
41 133
41 135
41 137
41 77
41 144
41 145
41 88
41 179
41 158
41 69
41 169
41 44
41 178
41 115
41 118
41 185
41 188
41 127
42 64
42 70
42 74
42 108
42 83
42 54
42 91
42 95
43 51
43 139
43 188
43 85
43 86
43 88
43 161
43 162
43 163
43 100
43 101
43 102
43 169
43 50
43 175
43 176
43 178
43 179
43 116
43 105
43 121
43 186
43 124
43 127
44 128
44 131
44 68
44 135
44 137
44 77
44 145
44 88
44 179
44 69
44 133
44 169
44 178
44 115
44 118
44 119
44 185
44 188
44 127
45 128
45 193
45 197
45 135
45 72
45 140
45 144
45 145
45 84
45 152
45 156
45 157
45 158
45 133
45 160
45 80
45 167
45 199
45 159
45 93
45 48
45 180
45 94
45 182
45 122
45 187
45 191
46 192
46 65
46 194
46 132
46 165
46 138
46 82
46 79
46 113
46 114
46 151
46 154
46 155
46 190
47 97
47 195
47 113
47 165
47 198
47 167
47 168
47 87
47 152
47 114
47 58
47 55
47 53
47 183
47 184
47 120
47 122
47 156
47 157
47 62
47 159
48 128
48 193
48 197
48 134
48 199
48 72
48 140
48 141
48 80
48 84
48 90
48 93
48 94
48 160
48 98
48 166
48 106
48 112
48 180
48 117
48 182
48 187
48 191
49 96
49 132
49 153
49 76
49 189
49 63
50 136
50 139
50 78
50 85
50 86
50 161
50 162
50 163
50 100
50 101
50 102
50 169
50 170
50 172
50 175
50 178
50 51
50 116
50 105
50 186
50 127
51 196
51 139
51 142
51 99
51 149
51 86
51 121
51 162
51 163
51 171
51 172
51 175
51 176
51 116
51 57
51 126
52 192
52 65
52 195
52 138
52 151
52 76
52 143
52 82
52 148
52 87
52 152
52 89
52 155
52 156
52 157
52 159
52 165
52 168
52 106
52 113
52 114
52 62
52 182
52 55
52 190
53 97
53 198
53 103
53 136
53 170
53 173
53 78
53 104
53 181
53 150
53 183
53 120
53 58
54 64
54 66
54 70
54 103
54 73
54 170
54 71
54 173
54 74
54 181
54 61
55 192
55 65
55 195
55 198
55 143
55 148
55 87
55 152
55 155
55 156
55 122
55 159
55 97
55 165
55 168
55 157
55 113
55 114
55 120
55 58
55 62
56 130
56 99
56 196
56 142
56 171
56 149
56 121
56 57
56 126
57 162
57 99
57 196
57 171
57 130
57 142
57 149
57 86
57 121
57 126
58 97
58 195
58 198
58 167
58 168
58 87
58 110
58 120
58 150
58 183
58 152
58 122
58 157
58 62
58 159
59 97
59 194
59 195
59 164
59 165
59 81
59 104
59 107
59 174
59 79
59 113
59 114
59 120
59 184
59 92
60 129
60 67
60 147
60 111
60 91
60 95
61 64
61 66
61 70
61 103
61 73
61 74
61 71
61 172
61 173
61 78
61 83
61 181
61 170
62 65
62 194
62 195
62 198
62 120
62 87
62 152
62 156
62 157
62 159
62 97
62 165
62 168
62 113
62 114
62 183
62 184
62 122
63 75
63 148
63 89
63 153
63 123
63 76
63 189
64 66
64 70
64 103
64 74
64 108
64 83
64 95
65 192
65 195
65 132
65 138
65 151
65 76
65 82
65 148
65 87
65 89
65 143
65 96
65 155
65 165
65 168
65 113
65 114
65 190
66 70
66 103
66 73
66 74
66 71
66 172
66 173
66 78
66 181
66 170
67 129
67 107
67 108
67 111
67 147
67 91
67 92
67 95
68 133
68 177
68 137
68 77
68 145
68 146
68 115
68 118
68 119
68 185
68 125
69 131
69 100
69 135
69 169
69 119
69 77
69 115
69 178
69 179
69 118
69 137
69 88
69 185
69 186
69 188
69 127
70 129
70 104
70 74
70 103
70 108
70 173
70 83
70 181
70 95
71 99
71 142
71 73
71 170
71 172
71 173
71 78
71 181
72 128
72 193
72 197
72 199
72 140
72 144
72 84
72 150
72 152
72 156
72 157
72 158
72 133
72 160
72 80
72 167
72 135
72 110
72 182
72 122
72 159
72 191
73 99
73 142
74 129
74 103
74 108
74 83
74 95
75 98
75 106
75 141
75 148
75 117
75 182
75 89
75 90
75 123
76 192
76 132
76 138
76 143
76 82
76 148
76 151
76 89
76 155
76 96
76 153
76 123
76 189
76 190
77 131
77 177
77 137
77 145
77 146
77 115
77 118
77 119
77 185
77 125
78 102
78 103
78 136
78 170
78 172
78 173
78 181
79 194
79 164
79 81
79 107
79 174
79 113
79 184
79 154
80 128
80 193
80 197
80 199
80 140
80 141
80 84
80 87
80 152
80 156
80 93
80 94
80 159
80 160
80 98
80 167
80 106
80 157
80 182
80 122
80 187
80 191
81 194
81 164
81 107
81 92
81 174
82 192
82 132
82 138
82 148
82 154
82 151
82 89
82 143
82 96
82 155
82 165
82 113
82 153
82 189
82 190
83 129
83 104
83 103
83 108
83 173
83 95
83 181
84 128
84 193
84 133
84 199
84 140
84 141
84 152
84 156
84 93
84 94
84 197
84 160
84 98
84 166
84 106
84 159
84 112
84 180
84 182
84 187
84 191
85 139
85 131
85 88
85 188
85 161
85 163
85 100
85 101
85 102
85 169
85 175
85 176
85 178
85 179
85 116
85 105
85 186
85 124
85 127
86 196
86 139
86 149
86 162
86 163
86 101
86 171
86 172
86 175
86 176
86 116
86 121
86 124
86 126
87 195
87 165
87 198
87 167
87 168
87 143
87 114
87 148
87 152
87 122
87 156
87 157
87 159
88 131
88 135
88 139
88 105
88 188
88 161
88 100
88 101
88 169
88 175
88 178
88 179
88 116
88 185
88 186
88 124
88 127
89 192
89 132
89 138
89 143
89 148
89 155
89 156
89 106
89 117
89 182
89 123
89 190
90 98
90 166
90 199
90 106
90 141
90 112
90 117
90 182
90 187
90 93
90 94
90 191
91 129
91 108
91 111
91 147
91 95
92 129
92 164
92 107
92 174
92 111
92 147
93 197
93 199
93 140
93 141
93 152
93 156
93 94
93 160
93 98
93 166
93 106
93 112
93 180
93 117
93 182
93 187
93 191
94 128
94 193
94 197
94 199
94 140
94 141
94 145
94 133
94 160
94 98
94 134
94 166
94 106
94 109
94 112
94 177
94 180
94 182
94 187
94 191
95 129
95 108
96 192
96 132
96 138
96 189
96 151
96 153
96 155
96 154
96 190
97 194
97 195
97 164
97 165
97 198
97 168
97 174
97 113
97 114
97 184
97 120
97 104
98 199
98 140
98 141
98 148
98 152
98 156
98 112
98 106
98 117
98 182
98 187
98 191
99 142
99 126
100 139
100 131
100 188
100 161
100 163
100 101
100 102
100 169
100 178
100 175
100 176
100 179
100 116
100 105
100 186
100 124
100 127
101 139
101 188
101 162
101 163
101 169
101 178
101 175
101 176
101 179
101 116
101 105
101 121
101 186
101 124
101 127
102 136
102 139
102 144
102 150
102 158
102 161
102 163
102 169
102 170
102 172
102 178
102 110
102 175
102 105
102 183
102 127
103 136
103 104
103 170
103 108
103 173
103 181
104 184
104 181
104 183
104 120
105 136
105 139
105 144
105 150
105 161
105 163
105 169
105 178
105 110
105 175
105 179
105 116
105 158
105 186
105 127
106 199
106 141
106 148
106 152
106 156
106 159
106 117
106 182
106 187
106 191
107 129
107 194
107 164
107 174
107 184
108 129
109 197
109 166
109 145
109 140
109 112
109 177
109 180
109 187
109 125
109 134
109 133
110 161
110 198
110 167
110 136
110 169
110 135
110 144
110 178
110 150
110 183
110 122
110 157
110 158
110 127
111 147
112 133
112 199
112 140
112 141
112 145
112 160
112 197
112 166
112 177
112 180
112 187
112 134
112 191
113 192
113 194
113 195
113 138
113 151
113 154
113 143
113 155
113 164
113 165
113 168
113 114
113 184
113 190
114 192
114 194
114 195
114 138
114 184
114 151
114 143
114 155
114 165
114 168
114 120
114 190
115 131
115 133
115 135
115 137
115 177
115 145
115 118
115 119
115 185
115 125
116 162
116 188
116 139
116 175
116 176
116 163
116 149
116 121
116 186
116 124
117 187
117 199
117 141
117 148
117 182
117 123
118 133
118 137
118 177
118 145
118 146
118 119
118 185
118 125
119 137
119 177
119 145
119 146
119 185
119 125
120 194
120 195
120 198
120 168
120 174
120 183
120 184
121 196
121 139
121 149
121 162
121 163
121 171
121 175
121 176
121 124
121 126
122 198
122 167
122 168
122 144
122 150
122 183
122 152
122 156
122 157
122 158
122 159
123 148
123 153
123 189
124 162
124 196
124 139
124 175
124 176
124 163
124 149
124 186
124 188
125 134
125 145
125 137
125 177
125 146
125 180
126 162
126 171
126 196
126 130
126 142
126 149
127 131
127 135
127 139
127 144
127 161
127 169
127 175
127 178
127 179
127 158
127 185
127 186
127 188
128 193
128 197
128 134
128 199
128 140
128 144
128 145
128 158
128 160
128 133
128 135
128 177
128 180
128 191
129 174
129 147
130 171
130 149
130 196
131 135
131 137
131 144
131 179
131 158
131 169
131 178
131 185
131 186
131 188
132 192
132 138
132 154
132 151
132 143
132 155
132 153
132 189
132 190
133 193
133 197
133 135
133 137
133 140
133 145
133 160
133 166
133 177
133 180
133 134
133 191
134 197
134 137
134 140
134 145
134 160
134 166
134 177
134 180
134 187
134 191
135 193
135 144
135 145
135 158
135 160
135 169
135 178
135 179
135 185
136 161
136 170
136 172
136 173
136 181
136 150
136 183
137 145
137 146
137 177
137 185
138 192
138 148
138 151
138 143
138 155
138 165
138 153
138 189
138 190
139 179
139 161
139 162
139 163
139 169
139 172
139 178
139 175
139 176
139 186
139 188
140 193
140 199
140 141
140 145
140 197
140 160
140 166
140 177
140 180
140 182
140 187
140 191
141 166
141 199
141 182
141 187
141 191
143 192
143 151
143 148
143 155
143 156
143 165
143 168
143 190
144 193
144 167
144 169
144 183
144 161
144 178
144 150
144 158
145 193
145 197
145 160
145 166
145 177
145 180
145 185
146 177
148 192
148 152
148 155
148 156
148 159
148 182
149 162
149 196
149 176
149 163
149 171
150 161
150 198
150 167
150 178
150 183
150 157
150 158
151 192
151 153
151 155
151 154
151 165
151 190
152 193
152 198
152 199
152 156
152 157
152 159
152 160
152 167
152 168
152 182
152 191
153 189
153 190
154 192
154 155
154 190
155 192
155 195
155 165
155 168
155 190
156 198
156 199
156 159
156 167
156 168
156 157
156 182
157 195
157 198
157 183
157 159
157 167
157 168
157 182
158 193
158 161
158 167
158 169
158 178
158 179
159 198
159 167
159 168
159 182
160 193
160 197
160 199
160 166
160 177
160 180
160 182
160 187
160 191
161 163
161 169
161 172
161 175
161 178
161 179
161 186
162 196
162 172
162 175
162 176
162 163
162 171
163 172
163 175
163 176
163 186
164 194
164 174
164 184
165 192
165 194
165 195
165 168
165 190
165 184
166 197
166 199
166 177
166 180
166 187
166 191
167 193
167 198
167 183
168 195
168 198
169 178
169 175
169 179
169 185
169 186
169 188
170 172
170 173
170 181
171 196
172 173
172 175
172 181
173 181
174 194
174 184
175 179
175 188
175 178
175 176
175 186
176 196
176 186
176 188
177 197
177 180
178 179
178 186
178 188
179 185
179 186
179 188
180 193
180 197
180 199
180 187
180 191
182 199
182 187
182 191
183 198
184 194
184 195
185 188
186 188
187 197
187 199
187 191
190 192
190 195
191 193
191 197
191 199
192 195
193 199
193 197
194 195
195 198
197 199
