0 71
0 72
0 9
0 10
0 78
0 145
0 18
0 84
0 150
0 153
0 27
0 97
0 98
0 42
0 46
0 8
0 178
0 51
0 180
0 118
0 58
0 61
1 65
1 162
1 196
1 102
1 198
1 33
1 12
1 106
1 7
1 140
1 130
1 111
1 112
1 113
1 85
1 15
1 156
1 138
1 94
2 128
2 11
2 199
2 72
2 10
2 75
2 78
2 87
2 24
2 158
2 95
2 105
2 42
2 71
2 175
2 49
2 178
2 51
2 181
2 54
2 169
2 58
2 60
2 191
3 160
3 81
3 99
3 53
3 104
3 185
3 154
4 96
4 38
4 151
4 172
4 16
4 114
4 19
4 20
4 190
4 22
4 119
4 23
4 89
4 186
4 59
4 62
5 193
5 131
5 133
5 70
5 135
5 137
5 139
5 141
5 148
5 151
5 88
5 90
5 26
5 32
5 100
5 165
5 168
5 45
5 129
5 47
5 177
5 116
5 119
5 20
5 40
5 189
6 33
6 162
6 197
6 198
6 81
6 104
6 138
6 12
6 130
6 111
6 113
6 117
6 185
6 156
6 29
7 65
7 196
7 33
7 198
7 103
7 12
7 138
7 140
7 15
7 113
7 83
7 85
7 156
7 106
7 94
8 9
8 77
8 46
8 144
8 145
8 18
8 115
8 84
8 150
8 153
8 27
9 71
9 72
9 77
9 78
9 145
9 18
9 84
9 150
9 153
9 155
9 158
9 97
9 98
9 35
9 46
9 27
9 178
9 51
9 180
9 118
9 184
9 58
9 63
10 128
10 181
10 71
10 72
10 42
10 46
10 191
10 78
10 13
10 49
10 51
10 149
10 87
10 24
10 58
10 187
10 60
10 61
10 127
11 128
11 194
11 68
11 199
11 73
11 75
11 24
11 152
11 25
11 92
11 30
11 95
11 102
11 17
11 105
11 171
11 49
11 50
11 179
11 181
11 54
11 124
11 191
12 65
12 162
12 102
12 198
12 33
12 106
12 29
12 130
12 111
12 112
12 113
12 117
12 15
12 156
12 138
12 94
13 36
13 71
13 42
13 127
13 191
13 110
13 181
13 87
13 58
13 187
13 60
13 61
13 149
14 66
14 59
14 101
14 38
14 23
14 120
14 172
14 74
14 91
14 108
14 69
15 65
15 162
15 102
15 198
15 33
15 106
15 29
15 130
15 111
15 112
15 113
15 50
15 85
15 156
15 138
15 94
16 192
16 96
16 131
16 135
16 40
16 137
16 119
16 141
16 45
16 19
16 148
16 22
16 151
16 20
16 186
16 190
17 128
17 130
17 43
17 68
17 102
17 199
17 124
17 106
17 75
17 111
17 112
17 50
17 21
17 152
17 25
17 92
17 29
17 30
18 145
18 71
18 72
18 153
18 58
18 27
18 61
18 46
19 192
19 135
19 137
19 183
19 141
19 80
19 20
19 22
19 151
19 89
19 157
19 96
19 38
19 40
19 41
19 172
19 45
19 48
19 114
19 190
19 119
19 57
19 186
19 62
20 192
20 193
20 131
20 135
20 137
20 139
20 141
20 80
20 148
20 151
20 89
20 90
20 157
20 96
20 40
20 41
20 45
20 48
20 177
20 116
20 119
20 57
20 186
20 189
20 190
21 130
21 197
21 199
21 75
21 81
21 152
21 25
21 92
21 29
21 162
21 99
21 36
21 102
21 43
21 109
21 111
21 123
21 185
21 187
21 60
21 191
22 96
22 38
22 172
22 23
22 108
22 114
22 190
22 151
22 89
22 186
22 59
22 62
23 59
23 101
23 38
23 172
23 74
23 108
23 114
23 190
23 120
23 186
23 91
23 62
23 69
24 128
24 199
24 72
24 75
24 78
24 87
24 71
24 92
24 158
24 95
24 105
24 42
24 43
24 49
24 178
24 51
24 181
24 54
24 169
24 58
24 60
24 191
25 128
25 194
25 68
25 102
25 199
25 124
25 106
25 75
25 130
25 111
25 112
25 50
25 73
25 152
25 92
25 30
26 193
26 133
26 70
26 129
26 136
26 139
26 141
26 142
26 79
26 147
26 90
26 135
26 37
26 32
26 161
26 163
26 100
26 165
26 166
26 168
26 107
26 45
26 47
26 177
26 116
26 52
26 122
26 189
27 84
27 97
27 98
27 35
27 150
27 72
27 77
27 46
27 144
27 145
27 178
27 180
27 118
27 153
27 155
27 63
28 161
28 100
28 134
28 55
28 56
28 170
28 107
28 173
28 93
28 125
29 130
29 197
29 198
29 138
29 81
29 152
29 92
29 33
29 162
29 99
29 102
29 156
29 106
29 43
29 109
29 111
29 112
29 113
29 117
29 185
30 64
30 194
30 195
30 68
30 199
30 73
30 76
30 143
30 31
30 34
30 102
30 105
30 171
30 44
30 112
30 50
30 179
30 95
30 124
31 64
31 193
31 194
31 195
31 132
31 73
31 142
31 79
31 68
31 143
31 95
31 34
31 163
31 37
31 166
31 168
31 169
31 171
31 47
31 175
31 176
31 179
31 54
31 105
31 122
32 193
32 131
32 133
32 70
32 135
32 136
32 137
32 139
32 141
32 82
32 148
32 88
32 90
32 40
32 100
32 165
32 168
32 45
32 129
32 47
32 177
32 116
32 119
32 122
32 189
33 65
33 162
33 102
33 198
33 106
33 130
33 111
33 112
33 113
33 50
33 156
33 138
33 94
34 192
34 193
34 194
34 195
34 68
34 135
34 64
34 73
34 139
34 76
34 79
34 80
34 89
34 143
34 157
34 95
34 48
34 166
34 41
34 171
34 44
34 45
34 176
34 179
34 183
34 57
34 159
34 124
35 132
35 54
35 78
35 84
35 142
35 86
35 155
35 158
35 97
35 98
35 167
35 169
35 39
35 175
35 178
35 51
35 180
35 118
35 105
35 184
35 121
35 188
35 126
35 63
36 99
36 197
36 60
36 187
36 43
36 109
36 110
36 149
36 152
36 185
36 123
36 92
36 191
37 171
37 132
37 134
37 136
37 142
37 79
37 147
37 86
37 39
37 47
37 163
37 165
37 166
37 167
37 168
37 169
37 107
37 70
37 175
37 176
37 52
37 55
37 184
37 121
37 122
37 188
38 66
38 172
38 74
38 108
38 114
38 41
38 62
38 183
38 120
38 89
38 186
38 59
38 190
38 159
39 67
39 132
39 182
39 134
39 142
39 147
39 86
39 155
39 158
39 97
39 98
39 164
39 167
39 174
39 175
39 178
39 180
39 118
39 184
39 121
39 188
39 126
39 63
40 192
40 193
40 131
40 70
40 135
40 137
40 139
40 141
40 148
40 151
40 88
40 90
40 96
40 165
40 168
40 45
40 129
40 48
40 177
40 116
40 119
40 189
41 192
41 193
41 195
41 135
41 64
41 73
41 76
41 80
41 89
41 157
41 159
41 44
41 45
41 48
41 114
41 183
41 57
41 186
41 124
41 190
42 128
42 181
42 71
42 72
42 46
42 191
42 78
42 49
42 51
42 149
42 87
42 58
42 187
42 60
42 61
42 127
43 128
43 187
43 197
43 199
43 60
43 75
43 109
43 110
43 49
43 181
43 87
43 152
43 123
43 92
43 191
44 80
44 195
44 68
44 73
44 106
44 76
44 112
44 50
44 57
44 183
44 89
44 124
44 157
44 94
44 159
45 192
45 193
45 195
45 70
45 135
45 137
45 139
45 141
45 79
45 80
45 131
45 148
45 151
45 89
45 90
45 157
45 165
45 168
45 129
45 47
45 48
45 177
45 116
45 183
45 57
45 119
45 189
46 71
46 78
46 145
46 51
46 72
46 153
46 58
46 61
47 64
47 193
47 107
47 132
47 70
47 135
47 136
47 129
47 139
47 142
47 143
47 147
47 79
47 163
47 165
47 166
47 168
47 171
47 176
47 177
47 179
47 116
47 52
47 122
47 188
47 189
48 192
48 193
48 195
48 135
48 64
48 137
48 139
48 76
48 141
48 80
48 151
48 89
48 157
48 159
48 116
48 73
48 57
48 186
48 119
48 183
48 190
49 128
49 71
49 105
49 75
49 78
49 60
49 51
49 181
49 54
49 87
49 58
49 127
49 92
49 199
49 191
50 65
50 130
50 68
50 102
50 73
50 138
50 76
50 111
50 112
50 113
50 124
50 106
50 94
51 128
51 118
51 71
51 72
51 78
51 149
51 87
51 158
51 97
51 98
51 175
51 178
51 180
51 181
51 54
51 58
51 127
51 61
51 191
52 67
52 132
52 70
52 136
52 142
52 147
52 161
52 163
52 100
52 165
52 166
52 168
52 170
52 107
52 55
52 121
52 122
52 188
52 189
52 134
53 160
53 81
53 99
53 104
53 185
53 154
53 123
53 109
54 128
54 194
54 132
54 142
54 143
54 78
54 87
54 158
54 95
54 98
54 163
54 166
54 169
54 171
54 175
54 176
54 178
54 179
54 180
54 105
54 188
55 161
55 67
55 147
55 164
55 134
55 136
55 170
55 107
56 129
56 146
56 100
56 133
56 161
56 88
56 82
56 173
56 93
56 125
57 192
57 193
57 195
57 135
57 64
57 73
57 139
57 76
57 80
57 89
57 157
57 159
57 119
57 186
57 124
57 183
58 71
58 72
58 78
58 145
58 149
58 87
58 178
58 180
58 181
58 118
58 61
58 127
59 69
59 108
59 74
59 172
59 114
59 190
59 120
59 62
60 128
60 199
60 75
60 78
60 152
60 149
60 87
60 92
60 123
60 127
60 109
60 110
60 181
60 187
60 191
61 71
61 72
61 78
61 149
61 87
61 127
62 192
62 172
62 74
62 151
62 108
62 114
62 183
62 120
62 89
62 186
62 190
62 159
63 86
63 77
63 145
63 84
63 150
63 155
63 118
63 158
63 97
63 98
63 164
63 167
63 174
63 175
63 178
63 180
63 182
63 184
63 121
63 188
63 126
64 193
64 194
64 195
64 68
64 73
64 76
64 143
64 80
64 79
64 157
64 95
64 163
64 166
64 168
64 105
64 171
64 176
64 179
64 122
64 124
65 162
65 196
65 102
65 198
65 106
65 140
65 130
65 111
65 112
65 113
65 85
65 156
65 138
65 94
66 172
66 196
66 101
66 103
66 140
66 74
66 108
66 83
66 85
66 120
66 91
67 161
67 164
67 86
67 134
67 167
67 170
67 107
67 174
67 147
67 182
67 121
67 188
67 126
68 194
68 195
68 199
68 73
68 76
68 143
68 75
68 102
68 105
68 171
68 112
68 179
68 95
68 124
69 101
69 120
69 74
69 91
69 108
70 193
70 129
70 136
70 139
70 141
70 148
70 88
70 90
70 135
70 133
70 161
70 163
70 100
70 165
70 168
70 107
70 177
70 116
70 122
70 189
71 128
71 72
71 78
71 149
71 87
71 158
71 178
71 180
71 181
71 118
71 127
71 191
72 78
72 145
72 149
72 87
72 158
72 97
72 178
72 180
72 118
72 127
73 192
73 193
73 194
73 195
73 76
73 79
73 80
73 143
73 157
73 171
73 159
73 179
73 183
73 95
73 124
74 196
74 101
74 103
74 172
74 108
74 114
74 83
74 85
74 120
74 91
75 128
75 199
75 78
75 181
75 87
75 152
75 187
75 92
75 191
76 192
76 195
76 80
76 183
76 89
76 124
76 157
76 159
77 97
77 150
77 174
77 144
77 145
77 115
77 84
77 118
77 153
77 155
77 126
77 182
78 128
78 149
78 87
78 158
78 98
78 178
78 180
78 181
78 118
78 127
78 191
79 193
79 194
79 195
79 132
79 139
79 142
79 143
79 163
79 165
79 166
79 168
79 169
79 171
79 176
79 179
79 105
79 122
79 95
79 189
80 192
80 193
80 195
80 135
80 139
80 89
80 157
80 159
80 183
80 186
80 124
81 160
81 162
81 197
81 104
81 109
81 99
81 117
81 185
81 154
81 123
82 129
82 146
82 100
82 133
82 88
82 90
82 125
82 93
82 173
83 196
83 101
83 103
83 91
83 140
83 85
84 97
84 98
84 118
84 167
84 174
84 144
84 145
84 178
84 180
84 150
84 153
84 155
84 126
85 196
85 103
85 140
85 94
86 132
86 182
86 134
86 142
86 147
86 155
86 158
86 97
86 98
86 163
86 164
86 167
86 169
86 174
86 175
86 178
86 180
86 118
86 184
86 121
86 188
86 126
87 128
87 149
87 92
87 199
87 181
87 127
87 187
87 191
88 129
88 131
88 137
88 139
88 141
88 148
88 90
88 93
88 133
88 100
88 165
88 168
88 173
88 177
88 116
88 189
89 192
89 193
89 195
89 135
89 119
89 151
89 157
89 159
89 172
89 114
89 183
89 186
89 190
90 129
90 131
90 133
90 135
90 137
90 139
90 141
90 148
90 100
90 165
90 177
90 168
90 116
90 119
90 189
91 196
91 101
91 103
91 120
91 108
92 128
92 197
92 199
92 152
92 123
92 102
92 109
92 111
92 181
92 187
92 191
93 129
93 146
93 100
93 133
93 161
93 173
93 125
94 162
94 196
94 102
94 198
94 106
94 130
94 111
94 112
94 113
94 156
94 138
95 128
95 194
95 132
95 142
95 143
95 163
95 166
95 169
95 171
95 175
95 176
95 178
95 179
95 158
95 105
95 188
96 131
96 137
96 119
96 141
96 148
96 151
96 190
97 155
97 145
97 150
97 158
97 98
97 167
97 174
97 175
97 178
97 180
97 118
97 184
97 126
98 132
98 118
98 155
98 158
98 167
98 169
98 174
98 175
98 178
98 180
98 184
98 121
98 188
98 126
99 160
99 197
99 104
99 109
99 185
99 154
99 123
99 117
100 129
100 136
100 141
100 148
100 133
100 161
100 165
100 168
100 107
100 173
100 189
100 177
100 116
100 125
101 120
101 103
101 108
102 130
102 198
102 199
102 138
102 152
102 156
102 162
102 106
102 111
102 112
102 113
102 124
103 196
103 108
103 140
104 160
104 197
104 109
104 185
104 154
104 123
104 117
105 128
105 194
105 132
105 142
105 143
105 163
105 166
105 169
105 171
105 175
105 176
105 178
105 179
105 158
106 162
106 198
106 138
106 130
106 111
106 112
106 113
106 156
107 129
107 133
107 134
107 136
107 142
107 147
107 161
107 163
107 165
107 188
107 170
107 121
107 122
108 172
108 114
108 120
108 186
108 190
108 159
109 160
109 187
109 197
109 110
109 152
109 185
109 154
109 123
110 187
110 149
110 123
110 127
111 130
111 197
111 198
111 138
111 152
111 162
111 156
111 112
111 113
112 130
112 198
112 138
112 156
112 162
112 113
112 124
113 162
113 198
113 138
113 130
113 117
113 156
114 192
114 172
114 183
114 120
114 186
114 190
114 159
115 144
115 153
115 150
116 193
116 131
116 135
116 136
116 137
116 139
116 141
116 148
116 133
116 165
116 177
116 168
116 129
116 119
116 122
116 189
117 198
117 162
117 197
117 138
117 130
117 185
117 156
118 155
118 145
118 150
118 158
118 167
118 175
118 178
118 180
118 184
118 126
119 192
119 193
119 131
119 135
119 137
119 139
119 141
119 148
119 151
119 157
119 177
119 186
119 189
119 190
120 172
121 132
121 134
121 136
121 142
121 147
121 155
121 158
121 163
121 164
121 166
121 167
121 169
121 174
121 175
121 176
121 178
121 180
121 182
121 184
121 122
121 188
121 126
122 193
122 132
122 129
122 136
122 139
122 142
122 143
122 147
122 163
122 165
122 166
122 168
122 171
122 176
122 177
122 179
122 188
122 189
123 160
123 197
123 152
123 185
123 187
124 194
124 195
124 143
124 157
124 159
124 183
125 161
125 146
125 133
125 173
126 164
126 167
126 174
126 182
126 184
126 155
127 181
127 149
127 187
127 191
128 199
128 158
128 169
128 181
128 191
129 131
129 135
129 136
129 137
129 139
129 141
129 173
129 148
129 133
129 165
129 168
129 177
129 189
130 197
130 198
130 138
130 152
130 156
130 162
131 135
131 137
131 139
131 141
131 177
131 148
131 151
132 194
132 179
132 136
132 142
132 143
132 163
132 158
132 166
132 167
132 169
132 171
132 175
132 176
132 178
132 147
132 180
132 184
132 188
133 141
133 148
133 161
133 165
133 168
133 173
133 189
133 177
134 161
134 163
134 164
134 167
134 136
134 188
134 170
134 142
134 147
135 192
135 193
135 195
135 137
135 139
135 141
135 148
135 151
135 157
135 165
135 168
135 177
135 189
136 142
136 147
136 161
136 163
136 165
136 166
136 168
136 177
136 188
136 189
137 192
137 139
137 141
137 148
137 151
137 165
137 168
137 177
137 189
138 162
138 198
138 156
139 192
139 193
139 195
139 141
139 148
139 151
139 157
139 165
139 177
139 168
139 189
140 196
141 192
141 193
141 148
141 151
141 165
141 177
141 168
141 189
142 179
142 143
142 163
142 175
142 158
142 165
142 166
142 168
142 169
142 171
142 176
142 147
142 184
142 188
143 193
143 194
143 195
143 163
143 165
143 166
143 168
143 169
143 171
143 176
143 179
144 145
144 150
144 153
145 155
145 180
145 150
145 153
146 173
147 161
147 163
147 164
147 167
147 170
147 184
147 188
148 151
148 165
148 177
148 168
148 189
149 181
149 187
149 191
150 155
150 153
150 180
151 192
151 190
151 186
152 162
152 197
152 199
152 191
152 181
152 187
154 160
154 185
155 158
155 164
155 167
155 174
155 175
155 178
155 180
155 182
155 184
155 188
156 162
156 198
157 192
157 193
157 195
157 183
157 159
157 186
157 190
158 167
158 169
158 175
158 176
158 178
158 180
158 184
158 188
159 192
159 195
159 172
159 183
159 186
160 185
161 170
162 197
162 198
162 185
163 194
163 165
163 166
163 168
163 169
163 171
163 175
163 176
163 179
163 184
163 188
164 182
164 167
164 170
164 174
164 184
165 193
165 166
165 177
165 168
165 189
166 193
166 194
166 168
166 169
166 171
166 175
166 176
166 179
166 188
167 174
167 175
167 178
167 180
167 182
167 184
167 188
168 193
168 177
168 189
169 194
169 171
169 175
169 176
169 178
169 179
169 180
169 184
169 188
171 193
171 194
171 195
171 175
171 176
171 179
172 183
172 186
172 190
174 182
174 184
174 188
175 194
175 179
175 176
175 178
175 180
175 184
175 188
176 194
176 179
176 188
177 193
177 189
178 180
178 184
178 188
179 193
179 194
179 195
180 184
180 188
181 199
181 191
181 187
182 184
183 192
183 193
183 195
183 190
183 186
184 188
185 197
186 192
186 190
187 191
189 193
190 192
191 199
192 193
192 195
193 194
193 195
194 195
