0 16
0 162
0 195
0 164
0 4
0 199
0 74
0 183
0 173
0 14
0 48
0 84
0 87
0 120
0 20
0 28
0 189
0 94
0 95
1 130
1 136
1 73
1 11
1 141
1 79
1 185
1 153
1 93
1 101
1 34
1 100
1 165
1 166
1 103
1 159
1 157
1 72
1 178
1 9
1 2
1 57
1 58
1 38
2 65
2 130
2 54
2 136
2 73
2 11
2 8
2 141
2 142
2 79
2 9
2 41
2 57
2 153
2 93
2 101
2 34
2 165
2 166
2 103
2 169
2 175
2 157
2 72
2 178
2 182
2 137
2 185
2 58
2 38
2 62
3 160
3 96
3 187
3 37
3 102
3 138
3 46
3 111
3 176
3 113
3 147
3 117
3 99
3 184
3 6
3 123
3 29
3 85
4 194
4 107
4 162
4 28
4 42
4 75
4 173
4 59
4 51
4 84
4 30
4 24
4 20
4 120
4 52
4 63
4 188
4 189
4 94
4 95
5 128
5 66
5 195
5 7
5 72
5 12
5 140
5 77
5 142
5 141
5 81
5 148
5 89
5 157
5 100
5 41
5 106
5 109
5 178
5 115
5 116
5 181
5 118
5 60
5 170
5 126
6 160
6 32
6 69
6 198
6 167
6 138
6 171
6 13
6 111
6 176
6 113
6 10
6 19
6 85
6 15
6 37
6 53
7 128
7 65
7 66
7 195
7 199
7 72
7 74
7 140
7 141
7 142
7 16
7 14
7 89
7 157
7 94
7 48
7 162
7 169
7 106
7 109
7 112
7 178
7 115
7 181
7 54
7 41
7 170
7 126
8 130
8 165
8 38
8 103
8 136
8 73
8 34
8 175
8 9
8 21
8 182
8 23
8 153
8 62
9 130
9 136
9 73
9 11
9 79
9 21
9 23
9 153
9 93
9 34
9 165
9 166
9 103
9 175
9 182
9 57
9 58
9 38
9 62
10 160
10 97
10 43
10 138
10 171
10 108
10 110
10 78
10 114
10 117
10 123
10 29
10 127
11 65
11 130
11 54
11 136
11 73
11 141
11 142
11 79
11 57
11 153
11 93
11 101
11 34
11 165
11 166
11 103
11 169
11 175
11 157
11 72
11 178
11 182
11 41
11 185
11 58
11 38
12 128
12 64
12 66
12 196
12 126
12 140
12 77
12 22
12 152
12 89
12 33
12 36
12 39
12 168
12 124
12 106
12 40
12 115
12 116
12 181
12 118
12 60
12 61
12 190
13 19
13 50
13 71
13 69
13 150
13 167
13 15
13 154
13 171
13 127
14 66
14 195
14 199
14 183
14 140
14 80
14 144
14 84
14 89
14 26
14 94
14 112
14 162
14 164
14 16
14 170
14 48
14 115
14 118
14 119
14 106
14 126
15 32
15 171
15 86
15 198
15 71
15 139
15 50
15 17
15 146
15 19
15 53
15 150
15 154
15 167
15 69
16 66
16 195
16 199
16 74
16 183
16 140
16 80
16 20
16 89
16 26
16 94
16 112
16 162
16 164
16 170
16 48
16 115
16 119
16 84
16 126
17 69
17 198
17 71
17 139
17 80
17 145
17 146
17 19
17 84
17 85
17 86
17 87
17 154
17 32
17 144
17 164
17 167
17 111
17 180
17 53
17 183
18 192
18 161
18 98
18 163
18 132
18 133
18 70
18 104
18 67
18 172
18 27
18 49
18 131
18 68
18 122
18 91
18 92
18 191
19 32
19 71
19 86
19 198
19 167
19 138
19 171
19 111
19 176
19 113
19 146
19 85
19 150
19 154
19 53
19 69
20 194
20 75
20 164
20 28
20 74
20 107
20 162
20 173
20 48
20 59
20 42
20 84
20 120
20 63
20 188
20 189
20 94
20 95
21 25
21 182
21 105
21 121
21 90
21 23
21 73
21 62
21 175
22 64
22 33
22 196
22 134
22 39
22 168
22 60
22 77
22 40
22 82
22 181
22 118
22 152
22 36
22 124
22 61
22 190
23 130
23 73
23 121
23 182
23 105
23 25
23 90
23 175
23 62
24 161
24 194
24 75
24 42
24 107
24 173
24 143
24 88
24 51
24 25
24 59
24 55
24 120
24 45
24 90
24 63
24 188
24 189
24 30
24 95
25 105
25 45
25 175
25 182
25 169
25 88
25 121
25 90
25 143
25 137
25 63
26 66
26 195
26 197
26 199
26 119
26 80
26 85
26 89
26 144
26 164
26 37
26 168
26 111
26 112
26 113
26 115
26 53
26 118
26 183
26 184
26 33
26 190
27 192
27 98
27 163
27 132
27 133
27 70
27 49
27 104
27 67
27 172
27 177
27 131
27 68
27 122
27 91
27 92
27 191
28 67
28 133
28 145
28 104
28 76
28 177
28 180
28 87
28 84
28 155
28 52
29 160
29 97
29 99
29 96
29 138
29 46
29 108
29 78
29 114
29 123
29 117
29 187
30 161
30 194
30 107
30 133
30 42
30 75
30 98
30 49
30 51
30 55
30 59
30 188
30 63
31 64
31 193
31 129
31 44
31 77
31 174
31 81
31 83
31 148
31 151
31 156
31 61
31 158
32 150
32 198
32 71
32 145
32 139
32 144
32 146
32 85
32 86
32 87
32 154
32 69
32 167
32 111
32 50
32 180
32 53
32 183
33 66
33 196
33 197
33 39
33 168
33 60
33 152
33 115
33 40
33 181
33 118
33 119
33 184
33 36
33 124
33 190
33 37
34 130
34 136
34 73
34 141
34 185
34 153
34 79
34 93
34 101
34 165
34 166
34 103
34 72
34 57
34 58
34 38
34 62
35 193
35 82
35 36
35 151
35 40
35 39
35 156
35 47
36 196
36 134
36 102
36 39
36 40
36 168
36 82
36 152
36 124
36 190
37 196
37 197
37 198
37 144
37 85
37 80
37 99
37 168
37 176
37 46
37 111
37 112
37 113
37 53
37 118
37 119
37 184
37 124
37 190
38 130
38 165
38 166
38 103
38 136
38 73
38 79
38 57
38 185
38 153
38 58
38 93
38 62
38 101
39 64
39 196
39 134
39 102
39 168
39 124
39 40
39 82
39 152
39 60
39 61
39 190
40 196
40 134
40 102
40 168
40 124
40 82
40 152
40 60
40 190
41 128
41 65
41 72
41 137
41 74
41 140
41 141
41 142
41 79
41 148
41 57
41 89
41 93
41 159
41 100
41 166
41 169
41 170
41 109
41 157
41 178
41 116
41 54
41 185
41 58
41 106
41 126
42 161
42 194
42 107
42 95
42 75
42 173
42 88
42 51
42 55
42 120
42 59
42 188
42 63
43 160
43 97
43 114
43 117
43 108
43 78
43 110
43 127
44 128
44 129
44 83
44 64
44 77
44 174
44 81
44 179
44 148
44 149
44 151
44 56
44 116
44 156
44 61
44 158
44 159
45 194
45 51
45 105
45 88
45 121
45 90
45 63
45 143
46 160
46 96
46 123
46 196
46 102
46 134
46 138
46 176
46 113
46 147
46 99
46 184
46 187
46 124
47 193
47 82
47 151
47 156
47 174
48 80
48 162
48 195
48 164
48 199
48 170
48 119
48 66
48 112
48 115
48 84
48 126
48 183
48 89
48 74
48 94
49 192
49 161
49 98
49 163
49 132
49 133
49 70
49 67
49 172
49 131
49 55
49 68
49 91
49 191
50 71
50 125
50 139
50 76
50 146
50 150
50 154
50 155
50 167
51 161
51 194
51 107
51 75
51 173
51 143
51 88
51 59
51 55
51 120
51 63
51 188
51 95
52 98
52 67
52 132
52 133
52 145
52 104
52 76
52 177
52 180
52 87
52 186
52 155
52 92
52 191
53 197
53 144
53 146
53 85
53 86
53 154
53 69
53 80
53 198
53 167
53 111
53 176
53 113
53 183
53 184
54 65
54 72
54 137
54 74
54 141
54 142
54 143
54 79
54 93
54 166
54 103
54 169
54 170
54 157
54 178
54 182
54 57
54 189
55 161
55 194
55 133
55 107
55 98
55 59
55 188
55 63
56 128
56 129
56 83
56 100
56 101
56 109
56 81
56 179
56 148
56 149
56 185
56 116
56 158
56 159
57 65
57 130
57 136
57 73
57 74
57 141
57 142
57 79
57 153
57 93
57 101
57 165
57 166
57 103
57 169
57 175
57 157
57 72
57 178
57 182
57 137
57 185
57 58
57 62
58 65
58 130
58 136
58 73
58 142
58 141
58 153
58 79
58 93
58 101
58 100
58 165
58 166
58 103
58 157
58 72
58 178
58 185
58 159
59 161
59 194
59 75
59 107
59 173
59 143
59 88
59 120
59 63
59 188
59 189
59 95
60 128
60 64
60 66
60 126
60 140
60 77
60 81
60 148
60 152
60 89
60 168
60 106
60 109
60 115
60 116
60 181
60 118
60 124
60 61
60 190
61 64
61 193
61 77
61 174
61 81
61 82
61 83
61 148
61 181
61 151
61 116
61 156
61 158
62 130
62 165
62 103
62 73
62 175
62 136
62 182
62 153
62 121
63 194
63 74
63 75
63 143
63 88
63 90
63 95
63 162
63 107
63 173
63 120
63 188
63 189
64 193
64 77
64 174
64 81
64 82
64 83
64 148
64 181
64 151
64 116
64 156
65 72
65 137
65 74
65 141
65 142
65 143
65 79
65 93
65 166
65 103
65 169
65 170
65 157
65 178
65 182
65 185
65 189
66 195
66 197
66 199
66 140
66 126
66 80
66 89
66 144
66 164
66 168
66 106
66 112
66 115
66 181
66 118
66 119
66 190
67 192
67 131
67 132
67 133
67 70
67 76
67 68
67 92
67 186
67 98
67 163
67 104
67 172
67 177
67 91
67 155
67 122
67 125
67 191
68 192
68 163
68 132
68 133
68 70
68 172
68 131
68 122
68 91
68 92
68 191
69 198
69 167
69 138
69 171
69 111
69 176
69 113
69 85
69 150
69 154
70 192
70 98
70 163
70 132
70 133
70 172
70 131
70 122
70 91
70 92
70 191
71 150
71 167
71 139
71 76
71 146
71 180
71 86
71 154
71 155
72 128
72 137
72 74
72 141
72 142
72 79
72 148
72 93
72 159
72 100
72 101
72 166
72 103
72 169
72 170
72 109
72 157
72 178
72 116
72 185
72 106
73 130
73 136
73 79
73 153
73 101
73 165
73 166
73 103
73 175
73 182
74 137
74 75
74 142
74 143
74 93
74 94
74 95
74 162
74 170
74 173
74 157
74 169
74 120
74 189
75 194
75 162
75 137
75 107
75 173
75 143
75 88
75 120
75 188
75 189
75 94
75 95
76 145
76 104
76 139
76 125
76 177
76 180
76 87
76 122
76 155
76 92
76 186
77 128
77 140
77 126
77 81
77 83
77 148
77 152
77 89
77 168
77 106
77 109
77 115
77 116
77 181
77 118
77 190
78 160
78 97
78 138
78 108
78 110
78 114
78 117
78 123
78 127
79 136
79 141
79 142
79 153
79 93
79 101
79 100
79 165
79 166
79 103
79 169
79 159
79 157
79 178
79 185
80 195
80 197
80 198
80 199
80 119
80 144
80 84
80 85
80 86
80 164
80 111
80 112
80 113
80 115
80 118
80 183
80 184
81 128
81 129
81 140
81 83
81 148
81 149
81 158
81 100
81 106
81 109
81 178
81 179
81 116
81 181
81 185
81 159
82 193
82 134
82 151
82 152
82 124
83 128
83 129
83 100
83 109
83 179
83 148
83 149
83 185
83 116
83 159
83 158
83 181
84 162
84 195
84 164
84 199
84 87
84 112
84 145
84 180
84 86
84 183
84 94
84 95
85 144
85 197
85 198
85 167
85 138
85 119
85 111
85 176
85 113
85 183
85 184
86 87
86 164
86 198
86 167
86 139
86 111
86 144
86 145
86 146
86 180
86 183
86 154
86 155
87 164
87 145
87 146
87 180
87 183
87 154
87 155
88 194
88 105
88 107
88 143
88 120
88 90
88 188
89 128
89 195
89 199
89 140
89 126
89 168
89 170
89 109
89 112
89 178
89 115
89 116
89 181
89 118
89 119
89 106
89 190
90 105
90 175
90 182
90 121
90 143
90 137
91 192
91 98
91 163
91 132
91 133
91 104
91 172
91 177
91 131
91 122
91 92
91 191
92 192
92 163
92 132
92 133
92 104
92 172
92 125
92 177
92 122
92 155
92 186
92 191
93 136
93 141
93 142
93 153
93 157
93 101
93 100
93 165
93 166
93 103
93 169
93 170
93 178
93 182
93 137
93 185
94 162
94 195
94 164
94 199
94 170
94 173
94 120
94 189
94 95
95 194
95 162
95 107
95 173
95 143
95 120
95 188
95 189
96 160
96 187
96 102
96 138
96 176
96 113
96 147
96 117
96 99
96 123
97 160
97 138
97 108
97 110
97 114
97 117
97 123
97 127
98 192
98 161
98 131
98 132
98 133
98 104
98 172
98 191
99 160
99 187
99 196
99 102
99 138
99 176
99 113
99 147
99 117
99 184
99 123
100 128
100 129
100 141
100 148
100 149
100 159
100 101
100 166
100 109
100 178
100 179
100 116
100 185
101 136
101 141
101 185
101 153
101 159
101 165
101 166
101 103
101 178
101 179
102 196
102 134
102 147
102 187
102 124
103 130
103 182
103 136
103 142
103 141
103 185
103 153
103 157
103 165
103 166
103 169
103 175
104 192
104 132
104 133
104 145
104 172
104 177
104 180
104 122
104 186
104 155
104 125
104 191
105 182
105 121
105 175
105 143
106 128
106 195
106 140
106 141
106 148
106 168
106 170
106 109
106 178
106 115
106 116
106 181
106 118
106 126
107 161
107 194
107 162
107 173
107 143
107 120
107 188
107 189
108 160
108 114
108 117
108 123
108 110
108 127
109 128
109 140
109 141
109 142
109 148
109 157
109 159
109 170
109 178
109 179
109 116
109 181
109 185
109 126
110 114
110 117
110 127
111 197
111 198
111 183
111 144
111 146
111 167
111 176
111 112
111 113
111 119
111 184
112 195
112 197
112 199
112 183
112 140
112 144
112 164
112 168
112 115
112 126
112 118
112 119
112 184
112 190
113 160
113 144
113 197
113 198
113 167
113 138
113 176
113 184
114 160
114 117
114 127
115 195
115 197
115 199
115 140
115 126
115 152
115 144
115 168
115 181
115 118
115 119
115 190
116 128
116 129
116 140
116 141
116 148
116 159
116 178
116 179
116 181
116 126
117 160
117 138
117 123
117 127
118 195
118 196
118 197
118 199
118 140
118 190
118 144
118 152
118 168
118 181
118 119
118 184
118 124
118 126
119 195
119 197
119 199
119 140
119 164
119 168
119 144
119 126
119 183
119 184
119 190
120 194
120 162
120 137
120 173
120 143
120 188
120 189
121 182
121 175
122 192
122 163
122 132
122 172
122 177
122 131
122 186
122 155
122 125
122 191
123 160
123 138
123 176
123 147
123 187
124 196
124 134
124 168
124 152
124 147
124 184
124 190
125 177
125 139
125 180
125 186
125 155
126 128
126 195
126 199
126 140
126 148
126 168
126 170
126 178
126 181
126 190
127 160
127 171
128 129
128 140
128 142
128 141
128 148
128 159
128 178
128 179
128 181
128 185
129 179
129 148
129 149
129 185
129 159
129 158
130 165
130 166
130 136
130 175
130 182
130 153
131 192
131 163
131 132
131 133
131 172
131 191
132 192
132 163
132 133
132 172
132 177
132 191
133 192
133 161
133 172
133 177
133 191
134 147
134 196
134 187
135 193
135 156
135 174
135 151
136 165
136 166
136 175
136 182
136 153
137 182
137 142
137 143
137 162
137 166
137 169
137 170
137 173
137 157
137 189
138 160
138 176
139 167
139 146
139 180
139 150
139 186
139 155
139 154
140 195
140 148
140 168
140 170
140 178
140 181
140 190
141 142
141 148
141 185
141 153
141 157
141 159
141 166
141 169
141 170
141 178
141 179
142 185
142 166
142 170
142 157
142 178
142 169
143 194
143 182
143 173
143 162
143 169
143 188
143 189
144 197
144 198
144 199
144 146
144 176
144 164
144 183
144 184
145 177
145 146
145 180
145 183
145 186
145 155
145 154
146 198
146 167
146 180
146 183
146 154
146 155
147 196
147 187
148 149
148 178
148 179
148 181
148 185
148 159
149 179
149 185
149 158
149 159
150 167
150 154
150 171
151 193
151 156
151 174
152 196
152 168
152 181
152 184
152 190
153 165
153 166
153 185
154 198
154 167
154 180
154 155
155 177
155 180
155 186
156 193
156 174
156 158
157 185
157 166
157 170
157 178
157 169
158 179
158 174
159 178
159 179
159 185
160 176
160 187
161 192
161 194
161 188
162 195
162 199
162 164
162 169
162 170
162 173
162 188
162 189
163 192
163 172
163 191
164 195
164 199
164 183
165 166
165 175
165 182
166 182
166 185
166 169
166 178
167 198
167 171
168 196
168 197
168 181
168 184
168 190
169 182
169 170
169 173
169 178
169 189
170 195
170 178
170 189
171 198
172 192
172 177
172 191
173 194
173 188
173 189
174 193
175 182
176 197
176 198
176 184
177 180
177 186
177 191
178 179
178 185
179 185
180 186
181 190
183 197
183 198
183 199
184 196
184 197
184 198
184 190
186 191
187 196
188 194
188 189
189 194
190 196
190 197
191 192
195 199
196 197
197 198
