0 19
0 66
0 3
0 197
0 166
0 17
0 43
0 141
0 46
0 81
0 51
0 85
0 86
0 55
0 184
0 153
0 191
0 69
1 130
1 196
1 135
1 137
1 145
1 146
1 83
1 148
1 21
1 91
1 94
1 95
1 163
1 40
1 42
1 48
1 177
1 50
1 52
1 187
1 183
1 84
1 123
1 190
1 127
2 65
2 66
2 132
2 133
2 7
2 8
2 34
2 26
2 85
2 86
2 23
2 152
2 98
2 155
2 28
2 29
2 30
2 162
2 166
2 40
2 46
2 110
2 175
2 189
2 178
2 115
2 61
2 190
3 66
3 131
3 197
3 6
3 7
3 10
3 139
3 20
3 85
3 86
3 24
3 153
3 92
3 69
3 166
3 43
3 46
3 178
3 115
3 181
3 55
3 184
4 160
4 193
4 164
4 150
4 129
4 72
4 96
4 171
4 140
4 13
4 9
4 41
4 118
4 119
4 88
4 100
4 90
4 31
5 27
5 81
5 51
5 17
5 33
5 151
5 43
5 141
5 191
6 149
6 66
6 131
6 132
6 7
6 10
6 139
6 76
6 14
6 144
6 75
6 20
6 85
6 24
6 153
6 154
6 92
6 160
6 16
6 99
6 38
6 167
6 170
6 171
6 45
6 174
6 178
6 181
6 54
6 184
6 117
7 66
7 131
7 132
7 139
7 34
7 46
7 86
7 24
7 153
7 162
7 166
7 39
7 110
7 175
7 178
7 115
7 181
7 54
7 184
7 61
7 85
8 64
8 65
8 132
8 199
8 12
8 34
8 142
8 18
8 23
8 152
8 26
8 28
8 29
8 32
8 162
8 35
8 36
8 39
8 169
8 110
8 175
8 189
8 178
8 105
8 121
8 127
8 61
8 190
8 63
9 96
9 193
9 164
9 129
9 171
9 140
9 13
9 89
9 16
9 114
9 25
9 118
9 119
9 100
9 90
9 156
9 93
10 131
10 72
10 139
10 76
10 14
10 16
10 82
10 20
10 149
10 24
10 153
10 154
10 75
10 92
10 160
10 99
10 38
10 167
10 170
10 174
10 181
10 184
10 117
11 130
11 67
11 196
11 199
11 137
11 79
11 145
11 147
11 148
11 26
11 157
11 94
11 95
11 32
11 97
11 59
11 35
11 103
11 105
11 106
11 71
11 177
11 52
11 169
11 185
11 63
11 188
11 190
11 127
12 192
12 65
12 132
12 165
12 134
12 39
12 64
12 28
12 74
12 44
12 142
12 175
12 112
12 18
12 23
12 121
12 60
12 125
12 36
13 96
13 193
13 164
13 150
13 129
13 72
13 41
13 171
13 140
13 118
13 119
13 88
13 100
13 90
13 31
14 131
14 118
14 72
14 139
14 76
14 16
14 82
14 20
14 149
14 24
14 153
14 154
14 75
14 92
14 160
14 99
14 38
14 167
14 170
14 171
14 45
14 174
14 181
14 54
14 184
14 117
15 42
15 161
15 50
15 135
15 138
15 77
15 79
15 80
15 146
15 179
15 57
15 185
15 187
15 106
15 159
16 192
16 193
16 139
16 54
16 129
16 160
16 76
16 144
16 149
16 25
16 90
16 156
16 154
16 96
16 99
16 38
16 167
16 170
16 171
16 45
16 174
16 93
16 118
16 119
17 19
17 197
17 43
17 141
17 81
17 51
17 55
17 27
17 69
17 191
18 64
18 65
18 36
18 165
18 134
18 39
18 105
18 74
18 142
18 175
18 112
18 28
18 22
18 23
18 121
18 60
18 125
18 63
19 197
19 43
19 141
19 46
19 81
19 51
19 55
19 153
19 191
19 69
20 149
20 66
20 131
20 139
20 76
20 82
20 85
20 24
20 153
20 154
20 75
20 92
20 160
20 99
20 38
20 167
20 170
20 174
20 181
20 184
20 117
21 130
21 163
21 135
21 91
21 138
21 50
21 48
21 177
21 146
21 83
21 148
21 187
21 84
21 123
21 42
21 95
22 194
22 134
22 71
22 136
22 73
22 74
22 78
22 87
22 157
22 158
22 36
22 165
22 103
22 168
22 105
22 108
22 47
22 112
22 104
22 58
22 70
22 126
22 63
23 64
23 65
23 132
23 199
23 34
23 142
23 26
23 28
23 32
23 162
23 36
23 39
23 169
23 110
23 175
23 189
23 178
23 105
23 121
23 61
23 190
23 63
24 66
24 132
24 139
24 76
24 131
24 85
24 86
24 153
24 92
24 34
24 99
24 166
24 167
24 170
24 46
24 178
24 115
24 181
24 54
24 184
25 192
25 96
25 198
25 60
25 171
25 44
25 109
25 174
25 45
25 144
25 114
25 53
25 54
25 119
25 56
25 89
25 156
25 93
26 64
26 65
26 199
26 137
26 98
26 142
26 145
26 35
26 84
26 152
26 28
26 29
26 30
26 32
26 97
26 162
26 163
26 40
26 105
26 110
26 189
26 52
26 169
26 127
26 61
26 190
26 63
27 33
27 197
27 43
27 141
27 111
27 81
27 51
27 173
27 151
27 191
28 64
28 65
28 132
28 199
28 137
28 34
28 142
28 152
28 29
28 32
28 97
28 162
28 35
28 36
28 39
28 105
28 110
28 175
28 189
28 169
28 121
28 127
28 61
28 190
28 63
29 133
29 137
29 98
29 145
29 83
29 84
29 152
29 91
29 30
29 32
29 162
29 163
29 40
29 110
29 189
29 115
29 155
29 183
29 123
29 61
29 190
29 127
30 195
30 133
30 137
30 98
30 145
30 83
30 84
30 152
30 155
30 91
30 162
30 163
30 101
30 40
30 110
30 61
30 49
30 115
30 116
30 183
30 123
30 189
30 190
30 127
31 160
31 193
31 75
31 164
31 118
31 38
31 129
31 72
31 41
31 171
31 140
31 149
31 150
31 88
31 100
31 90
31 117
32 65
32 130
32 67
32 199
32 137
32 142
32 145
32 35
32 84
32 152
32 157
32 94
32 95
32 97
32 163
32 103
32 169
32 110
32 177
32 52
32 59
32 105
32 63
32 189
32 190
32 127
33 195
33 68
33 197
33 102
33 49
33 43
33 141
33 111
33 81
33 51
33 173
33 151
33 191
33 101
34 64
34 65
34 66
34 132
34 162
34 142
34 85
34 98
34 39
34 110
34 175
34 189
34 178
34 115
34 181
34 61
35 130
35 67
35 196
35 199
35 137
35 145
35 148
35 157
35 94
35 95
35 97
35 163
35 103
35 105
35 71
35 177
35 52
35 59
35 169
35 127
35 189
35 190
35 63
36 64
36 65
36 134
36 199
36 74
36 142
36 157
36 97
36 165
36 103
36 104
36 169
36 71
36 108
36 112
36 105
36 121
36 125
36 126
36 63
37 128
37 120
37 62
37 70
37 113
37 136
37 122
37 107
37 124
37 58
37 158
38 75
38 72
38 139
38 76
38 82
38 149
38 154
38 92
38 90
38 160
38 99
38 164
38 167
38 170
38 171
38 174
38 117
38 118
39 192
39 65
39 132
39 64
39 139
39 142
39 144
39 170
39 44
39 45
39 175
39 178
39 181
39 54
39 121
39 60
40 133
40 137
40 98
40 145
40 83
40 84
40 152
40 155
40 91
40 162
40 163
40 49
40 110
40 189
40 177
40 115
40 116
40 183
40 123
40 61
40 190
40 127
41 193
41 164
41 100
41 129
41 72
41 140
41 150
41 88
41 90
42 161
42 130
42 50
42 196
42 135
42 138
42 77
42 80
42 177
42 146
42 95
42 148
42 185
42 187
42 106
42 159
43 51
43 195
43 197
43 166
43 141
43 46
43 173
43 81
43 115
43 86
43 55
43 191
43 69
43 101
44 192
44 144
44 45
44 198
44 96
44 60
44 109
44 93
44 143
44 176
44 114
44 53
44 54
44 89
44 56
44 121
44 156
44 125
45 192
45 96
45 131
45 132
45 118
45 139
45 76
45 144
45 149
45 154
45 156
45 93
45 160
45 99
45 167
45 170
45 171
45 174
45 54
45 119
46 66
46 195
46 197
46 141
46 115
46 85
46 86
46 153
46 69
46 101
46 166
46 51
46 181
46 55
46 184
46 191
47 194
47 134
47 71
47 136
47 73
47 74
47 108
47 78
47 168
47 158
47 104
47 122
47 58
47 126
48 84
48 83
48 91
48 135
48 177
48 163
48 180
48 182
48 183
48 116
48 186
48 123
49 195
49 68
49 197
49 83
49 86
49 91
49 133
49 98
49 155
49 101
49 102
49 173
49 111
49 115
49 180
49 182
49 183
49 116
49 186
50 130
50 196
50 135
50 138
50 159
50 77
50 80
50 177
50 146
50 148
50 185
50 187
50 95
51 195
51 197
51 102
51 81
51 141
51 111
51 173
51 86
51 151
51 191
51 101
51 69
51 166
52 130
52 67
52 196
52 199
52 137
52 138
52 77
52 79
52 80
52 145
52 84
52 185
52 94
52 95
52 97
52 163
52 169
52 106
52 135
52 177
52 187
52 59
52 148
52 123
52 190
52 127
53 192
53 96
53 198
53 60
53 109
53 93
53 176
53 114
53 56
53 89
53 143
53 156
53 125
54 192
54 131
54 132
54 139
54 76
54 149
54 154
54 160
54 144
54 99
54 167
54 170
54 174
54 175
54 178
54 181
54 119
55 197
55 141
55 81
55 153
55 191
55 92
55 69
56 192
56 198
56 156
56 109
56 93
56 176
56 114
56 89
56 143
56 60
56 125
57 95
57 161
57 67
57 196
57 138
57 77
57 79
57 80
57 59
57 179
57 148
57 147
57 185
57 187
57 188
57 106
57 94
57 159
58 194
58 70
58 134
58 136
58 73
58 108
58 78
58 168
58 158
58 104
58 122
58 126
59 67
59 196
59 199
59 79
59 147
59 148
59 157
59 94
59 95
59 97
59 103
59 169
59 106
59 71
59 179
59 185
59 188
59 126
60 192
60 64
60 165
60 198
60 74
60 87
60 143
60 112
60 121
60 89
60 125
61 65
61 133
61 137
61 98
61 145
61 84
61 152
61 155
61 162
61 163
61 110
61 175
61 178
61 115
61 183
61 189
61 190
61 127
62 128
62 70
62 136
62 73
62 107
62 172
62 113
62 87
62 120
62 122
62 124
63 64
63 65
63 134
63 199
63 74
63 142
63 157
63 97
63 165
63 103
63 168
63 169
63 71
63 108
63 104
63 105
63 121
63 126
64 65
64 132
64 134
64 199
64 74
64 142
64 157
64 165
64 169
64 110
64 175
64 112
64 105
64 121
64 125
65 132
65 199
65 142
65 162
65 169
65 110
65 175
65 178
65 105
65 121
65 189
65 190
65 127
66 131
66 132
66 166
66 139
66 178
66 115
66 181
66 86
66 184
66 153
66 85
67 130
67 196
67 161
67 137
67 138
67 77
67 79
67 80
67 147
67 148
67 94
67 95
67 97
67 169
67 106
67 135
67 159
67 177
67 179
67 185
67 187
67 188
68 195
68 133
68 102
68 173
68 111
68 91
68 83
68 180
68 182
68 183
68 116
68 186
68 155
68 101
69 197
69 166
69 141
69 81
69 86
69 153
69 191
70 128
70 165
70 134
70 136
70 73
70 107
70 172
70 78
70 143
70 112
70 113
70 87
70 120
70 122
70 124
70 158
71 97
71 194
71 134
71 199
71 104
71 105
71 74
71 103
71 108
71 168
71 169
71 157
71 126
72 193
72 129
72 140
72 75
72 76
72 82
72 149
72 150
72 88
72 100
72 154
72 90
72 160
72 99
72 164
72 167
72 171
72 117
72 118
73 194
73 165
73 134
73 136
73 74
73 107
73 172
73 78
73 143
73 112
73 113
73 87
73 168
73 124
73 125
73 158
74 194
74 134
74 199
74 136
74 142
74 78
74 87
74 157
74 97
74 165
74 103
74 168
74 105
74 108
74 112
74 104
74 121
74 125
74 126
75 160
75 99
75 167
75 170
75 171
75 76
75 174
75 82
75 149
75 118
75 154
75 92
75 90
75 117
76 131
76 139
76 144
76 82
76 149
76 154
76 92
76 160
76 99
76 167
76 170
76 171
76 174
76 181
76 118
76 119
76 184
76 117
77 130
77 196
77 135
77 138
77 80
77 146
77 147
77 148
77 79
77 94
77 95
77 161
77 159
77 177
77 179
77 185
77 187
77 188
77 106
78 194
78 165
78 134
78 136
78 108
78 112
78 113
78 158
78 87
78 104
78 122
78 168
78 124
78 126
79 130
79 196
79 138
79 80
79 147
79 148
79 185
79 94
79 95
79 161
79 187
79 106
79 159
79 179
79 188
80 130
80 196
80 135
80 138
80 146
80 147
80 148
80 185
80 94
80 95
80 161
80 159
80 179
80 187
80 188
80 106
81 197
81 141
81 191
82 99
82 149
82 153
82 92
82 117
83 133
83 145
83 84
83 152
83 155
83 91
83 98
83 163
83 102
83 177
83 180
83 182
83 183
83 116
83 186
83 123
83 189
83 190
83 127
84 130
84 155
84 133
84 137
84 145
84 152
84 91
84 95
84 98
84 163
84 177
84 116
84 183
84 123
84 189
84 190
84 127
85 162
85 131
85 132
85 166
85 139
85 178
85 115
85 181
85 86
85 184
85 153
86 197
86 141
86 195
86 153
86 155
86 101
86 166
86 173
86 115
86 191
87 112
87 165
87 134
87 136
87 107
87 172
87 143
87 176
87 113
87 124
87 125
88 193
88 164
88 129
88 140
88 150
88 100
88 90
89 192
89 96
89 198
89 144
89 109
89 143
89 176
89 114
89 119
89 156
89 93
90 193
90 129
90 96
90 119
90 140
90 149
90 150
90 100
90 154
90 160
90 164
90 167
90 171
90 118
91 133
91 137
91 145
91 152
91 155
91 98
91 163
91 177
91 116
91 182
91 183
91 186
91 123
91 189
91 190
91 127
92 149
92 99
92 131
92 167
92 139
92 181
92 184
92 153
92 117
93 192
93 193
93 198
93 129
93 96
93 171
93 109
93 174
93 144
93 114
93 118
93 119
93 156
94 130
94 196
94 199
94 137
94 138
94 145
94 147
94 148
94 95
94 97
94 169
94 106
94 135
94 159
94 177
94 179
94 185
94 187
94 188
94 127
95 130
95 196
95 135
95 137
95 138
95 145
95 146
95 148
95 159
95 163
95 169
95 106
95 177
95 179
95 187
95 185
95 123
95 190
95 127
96 192
96 193
96 129
96 154
96 156
96 160
96 144
96 164
96 167
96 170
96 171
96 174
96 114
96 118
96 119
97 199
97 142
97 157
97 103
97 104
97 105
97 108
97 169
97 126
98 195
98 133
98 137
98 145
98 152
98 155
98 162
98 163
98 101
98 110
98 115
98 183
98 123
98 189
98 190
98 127
99 131
99 139
99 149
99 153
99 154
99 160
99 167
99 170
99 171
99 174
99 181
99 118
99 184
99 117
100 160
100 193
100 164
100 150
100 129
100 171
100 140
100 118
100 119
101 195
101 133
101 166
101 173
101 111
101 141
101 115
101 116
101 183
101 155
101 102
101 197
102 195
102 133
102 151
102 173
102 111
102 180
102 182
102 183
102 116
102 186
102 155
103 194
103 199
103 104
103 105
103 108
103 168
103 169
103 157
103 126
104 194
104 165
104 134
104 136
104 105
104 108
104 168
104 158
104 157
104 126
105 134
105 199
105 142
105 157
105 169
105 108
105 121
105 126
106 130
106 196
106 135
106 138
106 146
106 147
106 148
106 185
106 159
106 161
106 187
106 179
106 188
107 128
107 136
107 172
107 143
107 176
107 113
107 120
107 124
108 194
108 165
108 134
108 199
108 136
108 168
108 158
108 157
108 126
109 192
109 198
109 143
109 176
109 114
109 156
110 132
110 133
110 137
110 142
110 145
110 152
110 162
110 163
110 175
110 178
110 115
110 189
110 190
110 127
111 195
111 197
111 173
111 141
111 180
111 182
111 151
111 116
111 155
112 165
112 134
112 136
112 143
112 121
112 124
112 125
113 128
113 136
113 172
113 158
113 120
113 122
113 124
114 192
114 144
114 198
114 143
114 176
114 119
114 156
115 195
115 133
115 141
115 152
115 155
115 197
115 162
115 166
115 178
115 189
116 195
116 133
116 173
116 155
116 180
116 182
116 183
116 186
116 123
117 160
117 131
117 167
117 149
117 154
118 193
118 129
118 140
118 149
118 154
118 156
118 160
118 144
118 164
118 167
118 170
118 171
118 174
118 119
119 193
119 129
119 149
119 154
119 156
119 160
119 144
119 164
119 167
119 170
119 171
119 174
120 128
120 172
120 122
120 124
121 192
121 132
121 134
121 142
121 165
121 175
121 125
122 128
122 194
122 136
122 158
122 124
123 130
123 133
123 135
123 137
123 145
123 152
123 155
123 163
123 177
123 182
123 183
123 189
123 190
123 127
124 128
124 165
124 136
124 172
124 158
124 143
124 134
125 192
125 165
125 134
125 142
125 143
126 194
126 134
126 199
126 168
126 157
127 130
127 133
127 199
127 137
127 145
127 152
127 162
127 163
127 169
127 177
127 183
127 189
127 190
128 172
129 160
129 193
129 164
129 171
129 140
129 150
129 156
130 196
130 135
130 137
130 138
130 145
130 146
130 148
130 159
130 163
130 177
130 185
130 187
131 132
131 139
131 149
131 153
131 154
131 160
131 167
131 170
131 174
131 178
131 181
131 184
132 139
132 144
132 170
132 175
132 178
132 181
133 195
133 145
133 152
133 162
133 163
133 173
133 189
133 155
133 183
133 190
134 194
134 136
134 142
134 158
134 165
134 168
135 196
135 138
135 146
135 148
135 159
135 177
135 185
135 187
136 194
136 158
136 165
136 168
137 196
137 199
137 145
137 148
137 152
137 163
137 169
137 189
137 177
137 190
138 196
138 146
138 148
138 185
138 161
138 159
138 177
138 179
138 187
139 149
139 153
139 154
139 160
139 144
139 167
139 170
139 174
139 178
139 181
139 184
140 193
140 164
140 171
140 150
141 191
141 195
141 197
141 166
141 173
142 199
142 157
142 165
142 169
142 175
143 192
143 198
143 176
143 172
144 192
144 154
144 156
144 160
144 167
144 170
144 171
144 174
145 199
145 152
145 162
145 163
145 169
145 189
145 177
145 183
145 190
146 196
146 177
146 148
146 185
146 187
146 159
147 161
147 196
147 179
147 185
147 188
147 159
148 196
148 185
148 159
148 161
148 177
148 179
148 187
148 188
149 154
149 160
149 167
149 170
149 171
149 174
150 164
151 173
152 162
152 163
152 189
152 177
152 155
152 183
152 190
153 166
153 178
153 181
153 184
154 160
154 167
154 170
154 171
154 174
155 195
155 162
155 163
155 166
155 173
155 189
155 180
155 182
155 183
156 192
156 193
156 198
156 171
157 199
157 169
158 194
158 168
159 196
159 161
159 179
159 185
159 187
159 188
160 193
160 164
160 167
160 170
160 171
160 174
161 196
161 179
161 185
161 187
161 188
162 163
162 166
162 175
162 189
162 178
162 183
162 190
163 189
163 177
163 183
163 190
164 193
164 171
165 194
165 168
166 197
166 195
166 184
166 191
167 170
167 171
167 174
167 181
167 184
168 194
169 199
169 189
169 190
170 171
170 174
170 181
170 184
171 193
171 174
172 198
172 176
173 195
173 197
173 180
173 182
173 183
174 181
175 178
176 192
176 198
177 196
177 185
177 187
177 190
178 181
178 184
179 196
179 185
179 188
180 195
180 182
180 183
180 186
181 184
182 183
182 186
183 195
183 186
183 189
183 190
185 196
185 187
185 188
187 196
188 196
189 190
190 199
191 197
192 198
195 197
