0 64
0 2
0 67
0 197
0 70
0 140
0 142
0 109
0 81
0 86
0 154
0 91
0 32
0 98
0 163
0 100
0 39
0 41
0 45
0 174
0 175
0 27
0 119
0 56
1 101
1 38
1 167
1 172
1 171
1 156
1 125
1 28
2 192
2 32
2 98
2 67
2 100
2 197
2 166
2 39
2 170
2 44
2 175
2 144
2 81
2 84
2 56
2 152
2 27
3 128
3 129
3 194
3 196
3 5
3 198
3 199
3 78
3 80
3 17
3 22
3 7
3 4
3 92
3 99
3 65
3 104
3 135
3 178
3 110
3 47
3 50
3 182
3 126
4 65
4 194
4 196
4 198
4 199
4 138
4 78
4 145
4 22
4 24
4 132
4 92
4 30
4 99
4 36
4 17
4 104
4 7
4 110
4 50
4 116
4 126
4 182
4 190
4 127
5 128
5 198
5 7
5 141
5 77
5 80
5 17
5 18
5 22
5 25
5 155
5 161
5 99
5 164
5 104
5 178
5 110
5 47
5 113
5 50
5 181
5 182
5 36
6 96
6 19
6 35
6 137
6 107
6 173
6 15
6 49
6 147
6 9
6 158
6 54
6 151
6 60
6 62
7 128
7 129
7 194
7 196
7 198
7 199
7 78
7 80
7 17
7 22
7 164
7 92
7 99
7 36
7 65
7 104
7 135
7 178
7 110
7 47
7 50
7 182
7 126
8 162
8 11
8 165
8 102
8 139
8 29
8 34
8 46
8 79
8 20
8 85
8 87
8 111
8 59
8 189
9 96
9 19
9 35
9 137
9 74
9 107
9 44
9 144
9 83
9 84
9 158
9 151
9 184
9 62
10 192
10 19
10 101
10 166
10 38
10 44
10 170
10 171
10 172
10 28
10 113
10 51
10 74
10 181
10 152
10 57
10 184
10 156
10 125
11 162
11 59
11 102
11 13
11 169
11 42
11 139
11 143
11 61
11 142
11 111
11 34
11 29
11 85
11 46
11 79
11 188
11 189
12 130
12 133
12 71
12 105
12 42
12 76
12 13
12 143
12 169
12 153
12 58
12 187
12 188
12 61
13 130
13 133
13 71
13 105
13 42
13 75
13 76
13 61
13 79
13 169
13 58
13 187
13 188
13 143
14 66
14 195
14 68
14 136
14 115
14 90
14 26
14 94
14 52
14 97
14 37
14 16
14 112
14 106
14 43
14 48
14 177
14 179
14 180
14 30
14 183
14 120
14 185
14 191
15 176
15 193
15 54
15 49
15 89
15 60
15 173
15 159
16 130
16 195
16 68
16 133
16 136
16 76
16 185
16 153
16 90
16 37
16 105
16 43
16 177
16 179
16 180
16 117
16 118
16 183
16 120
16 52
16 58
16 123
16 191
17 128
17 129
17 194
17 196
17 198
17 199
17 78
17 80
17 22
17 24
17 132
17 92
17 99
17 164
17 65
17 104
17 178
17 110
17 50
17 190
17 182
17 36
17 126
17 127
18 160
18 161
18 131
18 38
18 134
18 167
18 72
18 47
18 114
18 77
18 141
18 178
18 148
18 150
18 23
18 88
18 25
18 33
18 155
19 96
19 35
19 171
19 137
19 74
19 107
19 108
19 44
19 144
19 83
19 84
19 62
19 151
19 184
19 28
19 158
20 69
20 139
20 140
20 34
20 45
20 82
20 85
20 87
20 91
20 93
20 95
20 162
20 165
20 41
20 46
20 29
20 109
20 174
20 111
20 121
20 59
20 124
21 97
21 66
21 48
21 136
21 73
21 106
21 26
21 112
21 145
21 146
21 179
21 40
21 149
21 55
21 122
21 31
21 157
21 94
21 63
22 192
22 132
22 198
22 141
22 152
22 196
22 99
22 164
22 166
22 104
22 170
22 110
22 113
22 50
22 181
22 182
22 57
22 127
22 36
23 160
23 33
23 131
23 134
23 72
23 77
23 114
23 148
23 150
23 88
23 155
24 68
24 65
24 194
24 196
24 199
24 136
24 138
24 78
24 145
24 149
24 132
24 90
24 30
24 104
24 106
24 43
24 191
24 177
24 115
24 116
24 190
24 182
24 183
24 123
24 126
24 127
25 128
25 161
25 134
25 135
25 168
25 129
25 103
25 114
25 47
25 77
25 80
25 178
25 53
25 88
25 155
26 66
26 195
26 68
26 179
26 136
26 73
26 78
26 145
26 146
26 149
26 157
26 94
26 52
26 97
26 48
26 31
26 106
26 43
26 112
26 177
26 115
26 116
26 30
26 183
26 120
26 185
26 122
26 63
26 191
27 32
27 98
27 163
27 100
27 197
27 39
27 44
27 45
27 175
27 144
27 81
27 67
27 84
27 56
28 192
28 51
28 101
28 38
28 172
28 74
28 171
28 108
28 44
28 113
28 83
28 152
28 57
28 184
28 156
28 125
29 139
29 140
29 34
29 142
29 79
29 82
29 46
29 91
29 162
29 165
29 102
29 169
29 109
29 174
29 111
29 59
29 188
29 189
29 85
30 65
30 194
30 132
30 179
30 199
30 136
30 138
30 78
30 145
30 149
30 185
30 68
30 90
30 106
30 43
30 177
30 115
30 116
30 190
30 118
30 183
30 180
30 123
30 126
30 191
31 66
31 179
31 199
31 136
31 106
31 94
31 78
31 145
31 146
31 115
31 116
31 149
31 122
31 92
31 157
31 126
31 63
32 98
32 163
32 100
32 197
32 39
32 41
32 45
32 109
32 175
32 144
32 81
32 67
32 84
32 56
32 124
33 160
33 131
33 38
33 167
33 72
33 141
33 114
33 148
33 150
33 88
33 155
34 69
34 139
34 140
34 79
34 82
34 85
34 87
34 91
34 93
34 95
34 162
34 165
34 41
34 46
34 109
34 174
34 111
34 121
34 59
35 96
35 147
35 137
35 107
35 108
35 44
35 83
35 158
35 151
35 60
35 62
36 192
36 65
36 132
36 197
36 198
36 138
36 81
36 152
36 196
36 98
36 99
36 164
36 166
36 39
36 104
36 170
36 110
36 113
36 50
36 181
36 182
36 57
36 190
36 127
37 97
37 130
37 195
37 68
37 133
37 136
37 43
37 112
37 179
37 180
37 183
37 120
37 153
37 90
37 52
37 185
37 191
38 160
38 131
38 164
38 167
38 172
38 141
38 113
38 51
38 181
38 57
38 155
38 156
38 125
39 192
39 98
39 196
39 197
39 166
39 170
39 175
39 144
39 81
39 56
39 119
39 152
39 100
39 70
39 127
40 112
40 48
40 146
40 66
40 55
40 73
40 157
40 94
41 193
41 67
41 69
41 139
41 140
41 45
41 82
41 85
41 87
41 89
41 91
41 93
41 95
41 163
41 165
41 46
41 109
41 174
41 111
41 176
41 121
41 159
41 124
42 130
42 133
42 71
42 105
42 75
42 76
42 61
42 79
42 169
42 58
42 187
42 188
42 143
43 65
43 194
43 195
43 68
43 179
43 136
43 138
43 76
43 153
43 90
43 191
43 177
43 115
43 180
43 190
43 118
43 183
43 185
43 123
43 126
43 117
44 74
44 83
44 144
44 184
44 84
44 151
44 152
44 158
44 171
44 172
44 175
44 51
44 56
44 57
44 62
45 193
45 67
45 69
45 140
45 109
45 82
45 87
45 89
45 91
45 93
45 95
45 163
45 165
45 173
45 174
45 111
45 176
45 49
45 54
45 121
45 159
45 124
46 69
46 139
46 140
46 142
46 79
46 82
46 85
46 87
46 154
46 91
46 93
46 95
46 162
46 165
46 109
46 174
46 111
46 121
46 59
47 128
47 161
47 134
47 135
47 168
47 129
47 103
47 114
47 77
47 80
47 178
47 53
47 88
47 92
48 97
48 66
48 195
48 136
48 73
48 106
48 112
48 146
48 179
48 52
48 55
48 120
48 185
48 94
49 193
49 67
49 173
49 176
49 163
49 54
49 89
49 124
49 159
50 128
50 65
50 194
50 196
50 198
50 199
50 138
50 190
50 132
50 92
50 99
50 164
50 104
50 110
50 113
50 178
50 181
50 182
50 127
51 192
51 164
51 166
51 170
51 171
51 172
51 113
51 74
51 181
51 152
51 57
51 184
51 125
52 97
52 195
52 136
52 112
52 179
52 180
52 185
52 120
52 153
52 191
53 128
53 161
53 134
53 135
53 168
53 129
53 103
53 114
53 77
53 80
53 178
54 193
54 67
54 176
54 173
54 163
54 89
54 124
54 159
55 112
55 146
55 73
55 66
55 157
56 192
56 98
56 67
56 100
56 197
56 166
56 170
56 175
56 144
56 81
56 84
56 119
56 152
56 70
57 192
57 197
57 144
57 81
57 152
57 98
57 164
57 166
57 170
57 171
57 172
57 175
57 113
57 181
57 184
57 74
58 64
58 130
58 133
58 71
58 169
58 75
58 76
58 143
58 180
58 117
58 118
58 105
58 153
58 186
58 187
58 188
58 61
59 162
59 139
59 102
59 142
59 79
59 85
59 111
59 188
59 189
60 96
60 147
60 62
60 151
60 137
60 107
60 158
61 130
61 133
61 71
61 105
61 79
61 75
61 76
61 142
61 143
61 117
61 169
61 186
61 187
61 188
61 154
62 96
62 83
62 147
62 107
62 84
62 151
62 137
62 158
63 66
63 179
63 199
63 136
63 106
63 94
63 78
63 145
63 146
63 115
63 116
63 149
63 122
63 157
63 126
64 187
64 100
64 86
64 70
64 169
64 75
64 140
64 142
64 143
64 76
64 117
64 118
64 119
64 186
64 123
64 154
65 194
65 68
65 198
65 199
65 138
65 132
65 78
65 196
65 104
65 110
65 177
65 115
65 116
65 126
65 182
65 123
65 190
65 127
66 115
66 136
66 73
66 145
66 146
66 149
66 157
66 94
66 97
66 112
66 106
66 179
66 116
66 185
66 122
67 193
67 144
67 84
67 89
67 93
67 95
67 98
67 163
67 109
67 174
67 175
67 91
67 124
68 194
68 195
68 132
68 179
68 199
68 136
68 138
68 78
68 190
68 185
68 90
68 106
68 177
68 115
68 116
68 117
68 118
68 183
68 180
68 123
68 126
68 191
69 193
69 139
69 140
69 82
69 85
69 87
69 91
69 93
69 95
69 162
69 163
69 165
69 109
69 174
69 111
69 121
69 124
70 98
70 100
70 197
70 76
70 75
70 140
70 142
70 81
70 117
70 86
70 119
70 186
70 154
71 130
71 133
71 169
71 79
71 75
71 76
71 142
71 143
71 117
71 118
71 105
71 186
71 187
71 188
71 154
72 160
72 114
72 131
72 148
72 150
72 167
72 88
73 112
73 97
73 146
73 157
73 94
74 192
74 101
74 166
74 113
74 170
74 171
74 172
74 175
74 144
74 184
74 84
74 181
74 152
74 158
75 76
75 119
75 140
75 142
75 79
75 85
75 86
75 154
75 91
75 186
75 169
75 109
75 143
75 117
75 118
75 105
75 187
76 130
76 133
76 183
76 142
76 143
76 86
76 105
76 153
76 90
76 154
76 187
76 169
76 180
76 117
76 118
76 119
76 186
76 123
77 160
77 161
77 134
77 135
77 168
77 128
77 103
77 114
77 80
77 178
77 88
77 155
78 194
78 199
78 136
78 149
78 92
78 94
78 145
78 104
78 106
78 177
78 115
78 116
78 126
78 182
78 122
78 190
79 139
79 140
79 142
79 85
79 86
79 154
79 91
79 162
79 169
79 109
79 174
79 111
79 187
79 188
79 143
80 128
80 161
80 134
80 135
80 168
80 129
80 103
80 178
80 182
80 92
81 192
81 196
81 197
81 198
81 144
81 152
81 98
81 100
81 166
81 170
81 175
81 113
81 181
81 119
81 184
81 127
82 193
82 139
82 140
82 85
82 87
82 91
82 95
82 162
82 163
82 165
82 93
82 109
82 174
82 111
82 121
82 124
83 96
83 171
83 101
83 107
83 108
83 147
83 151
83 137
83 158
84 175
84 144
84 151
84 184
84 158
85 139
85 140
85 142
85 143
85 86
85 87
85 154
85 91
85 95
85 162
85 165
85 93
85 169
85 109
85 174
85 111
85 121
86 91
86 100
86 169
86 140
86 109
86 142
86 174
86 143
86 117
86 119
86 186
86 187
86 154
87 193
87 139
87 91
87 93
87 95
87 162
87 163
87 165
87 109
87 174
87 111
87 121
87 124
88 160
88 161
88 131
88 134
88 103
88 114
88 148
88 150
88 155
89 193
89 163
89 176
89 173
89 159
89 124
89 93
89 95
90 194
90 195
90 133
90 136
90 138
90 130
90 153
90 179
90 191
90 177
90 115
90 180
90 190
90 118
90 183
90 185
90 186
90 123
90 126
90 117
91 139
91 140
91 142
91 154
91 95
91 162
91 163
91 165
91 93
91 109
91 174
91 111
91 121
91 124
92 128
92 129
92 199
92 168
92 135
92 110
92 145
92 178
92 116
92 182
92 104
92 126
93 193
93 139
93 140
93 95
93 162
93 163
93 165
93 109
93 174
93 111
93 121
93 159
93 124
94 115
94 136
94 145
94 146
94 149
94 157
94 97
94 112
94 106
94 179
94 116
94 122
95 193
95 139
95 140
95 159
95 162
95 163
95 165
95 109
95 174
95 111
95 176
95 121
95 124
96 147
96 107
96 108
96 151
96 137
96 158
97 195
97 179
97 136
97 106
97 112
97 146
97 115
97 120
97 185
97 191
98 192
98 100
98 197
98 166
98 170
98 175
98 144
98 119
98 152
98 127
99 128
99 132
99 198
99 141
99 164
99 196
99 166
99 104
99 110
99 113
99 178
99 181
99 182
99 127
100 197
100 140
100 175
100 119
100 186
100 154
100 127
101 108
101 172
101 171
101 156
101 125
102 188
102 189
103 128
103 161
103 134
103 135
103 168
103 129
103 114
103 178
104 194
104 196
104 198
104 199
104 138
104 132
104 164
104 110
104 126
104 182
104 127
104 190
105 130
105 133
105 169
105 143
105 117
105 118
105 153
105 186
105 187
105 188
106 194
106 179
106 199
106 136
106 145
106 146
106 149
106 157
106 112
106 177
106 115
106 116
106 185
106 122
106 126
107 147
107 108
107 158
107 151
107 137
108 137
108 171
108 158
109 139
109 140
109 142
109 154
109 162
109 163
109 165
109 174
109 111
109 121
109 124
110 128
110 132
110 198
110 199
110 138
110 190
110 196
110 164
110 178
110 113
110 181
110 182
110 127
111 139
111 140
111 142
111 162
111 163
111 165
111 174
111 121
111 124
112 195
112 136
112 115
112 146
112 179
112 120
112 185
112 122
112 149
113 192
113 196
113 198
113 141
113 152
113 164
113 166
113 170
113 172
113 175
113 181
113 184
114 160
114 161
114 134
114 148
114 150
114 155
115 194
115 195
115 199
115 136
115 145
115 146
115 149
115 185
115 177
115 179
115 116
115 190
115 183
115 180
115 122
115 123
115 126
115 191
116 194
116 199
116 136
116 145
116 149
116 177
116 179
116 126
116 182
116 122
116 190
117 130
117 133
117 183
117 143
117 153
117 154
117 186
117 187
117 169
117 177
117 180
117 118
117 119
117 123
117 191
118 130
118 195
118 133
118 138
118 143
118 153
118 187
118 177
118 180
118 183
118 186
118 123
118 191
119 132
119 197
119 138
119 154
119 186
119 190
119 127
120 195
120 136
120 179
120 180
120 183
120 185
120 191
121 193
121 139
121 140
121 162
121 163
121 165
121 174
121 124
122 199
122 136
122 145
122 146
122 179
122 149
122 157
122 126
123 194
123 195
123 132
123 136
123 138
123 177
123 180
123 190
123 183
123 185
123 186
123 126
123 191
124 193
124 173
124 163
124 165
124 174
124 176
124 159
125 131
125 167
125 171
125 172
125 141
125 156
126 194
126 196
126 199
126 136
126 138
126 132
126 145
126 149
126 177
126 182
126 183
126 191
126 190
126 127
127 194
127 196
127 197
127 198
127 138
127 190
127 132
127 166
127 170
127 181
128 161
128 134
128 135
128 168
128 129
128 178
128 182
129 161
129 145
129 168
129 178
129 182
129 135
130 191
130 195
130 180
130 183
130 153
130 187
130 133
131 160
131 167
131 141
131 148
131 150
131 155
131 156
132 194
132 198
132 199
132 138
132 196
132 177
132 190
132 182
133 195
133 143
133 180
133 183
133 153
133 187
133 191
134 161
134 135
134 168
134 178
135 161
135 168
135 178
135 182
136 194
136 195
136 145
136 146
136 149
136 177
136 179
136 180
136 183
136 185
136 191
137 147
137 158
137 151
138 194
138 198
138 199
138 196
138 177
138 183
138 190
139 140
139 142
139 162
139 165
139 174
140 142
140 174
140 154
140 162
140 165
140 169
141 160
141 164
141 178
141 181
141 150
141 155
142 174
142 154
142 169
142 143
142 186
142 187
143 154
143 169
143 186
143 187
143 188
144 192
144 197
144 166
144 170
144 175
144 184
144 152
145 194
145 199
145 146
145 149
145 157
145 182
146 149
146 179
146 157
147 151
147 158
148 160
148 150
148 167
148 155
149 194
149 179
149 199
149 157
149 177
150 160
150 167
150 155
151 158
152 192
152 197
152 198
152 172
152 184
152 166
152 170
152 175
152 181
153 195
153 180
153 183
153 185
153 191
154 174
154 169
154 186
154 187
155 160
155 164
155 167
155 178
156 167
156 171
156 172
158 171
159 193
159 163
159 173
159 176
160 167
161 168
161 178
162 174
162 165
163 193
163 173
163 165
163 174
163 176
164 192
164 196
164 198
164 166
164 170
164 178
164 181
165 174
166 192
166 196
166 197
166 198
166 184
166 170
166 175
166 181
168 178
169 186
169 187
169 188
170 192
170 196
170 197
170 198
170 184
170 175
170 181
171 172
171 184
172 192
172 181
172 184
173 176
173 193
175 192
175 197
175 184
176 193
177 194
177 195
177 179
177 199
177 180
177 183
177 185
177 190
177 191
178 182
179 195
179 180
179 183
179 185
179 191
180 195
180 183
180 185
180 191
181 192
181 196
181 198
181 184
182 194
182 196
182 198
182 199
182 190
183 194
183 195
183 185
183 191
184 192
185 195
185 191
186 187
187 188
190 194
190 198
190 199
190 196
191 194
191 195
192 197
192 198
194 196
194 199
196 197
196 198
196 199
