0 2
0 27
0 132
0 185
0 7
0 168
0 108
0 138
0 75
0 76
0 13
0 44
0 115
0 148
0 55
0 120
0 169
0 201
0 91
0 189
0 94
1 128
1 130
1 4
1 71
1 8
1 9
1 183
1 146
1 21
1 22
1 152
1 28
1 29
1 101
1 38
1 43
1 174
1 176
1 49
1 114
1 115
1 119
1 57
1 125
1 190
2 132
2 70
2 7
2 9
2 138
2 75
2 76
2 13
2 148
2 21
2 152
2 202
2 201
2 91
2 28
2 94
2 27
2 101
2 168
2 169
2 42
2 71
2 44
2 109
2 189
2 108
2 115
2 55
2 120
2 183
3 198
3 194
3 132
3 70
3 138
3 75
3 196
3 23
3 25
3 154
3 27
3 165
3 33
3 34
3 91
3 101
3 168
3 169
3 42
3 109
3 189
3 115
3 181
3 118
3 55
3 202
3 170
3 63
4 128
4 130
4 132
4 69
4 7
4 8
4 9
4 138
4 75
4 146
4 21
4 22
4 152
4 91
4 28
4 29
4 165
4 160
4 101
4 38
4 183
4 168
4 42
4 71
4 44
4 174
4 176
4 49
4 114
4 115
4 55
4 202
4 57
4 119
4 125
4 190
4 149
5 194
5 203
5 69
5 137
5 11
5 204
5 14
5 17
5 82
5 20
5 85
5 23
5 24
5 154
5 155
5 90
5 158
5 160
5 37
5 40
5 18
5 93
5 48
5 157
5 117
5 56
5 84
5 186
6 97
6 83
6 197
6 189
6 193
6 121
6 127
6 108
6 159
6 62
6 111
7 71
7 9
7 138
7 75
7 76
7 13
7 196
7 21
7 152
7 132
7 91
7 28
7 94
7 27
7 101
7 168
7 169
7 42
7 44
7 115
7 55
7 120
7 183
7 202
7 149
8 128
8 130
8 203
8 69
8 71
8 9
8 119
8 146
8 83
8 21
8 22
8 152
8 28
8 29
8 160
8 163
8 101
8 38
8 43
8 174
8 176
8 49
8 114
8 115
8 55
8 57
8 183
8 125
8 190
8 85
9 128
9 69
9 183
9 138
9 75
9 76
9 130
9 146
9 21
9 22
9 152
9 132
9 91
9 28
9 29
9 165
9 160
9 34
9 163
9 101
9 38
9 168
9 169
9 42
9 71
9 44
9 174
9 176
9 49
9 114
9 115
9 55
9 202
9 57
9 119
9 125
9 190
9 149
10 128
10 196
10 69
10 134
10 202
10 11
10 78
10 82
10 14
10 152
10 90
10 31
10 34
10 165
10 42
10 18
10 176
10 52
10 126
10 183
10 170
10 190
10 63
11 165
11 34
11 134
11 137
11 204
11 18
11 78
11 48
11 82
11 14
11 56
11 90
11 186
11 126
11 69
12 131
12 135
12 136
12 142
12 173
12 16
12 145
12 86
12 153
12 26
12 32
12 103
12 40
12 41
12 171
12 172
12 45
12 51
12 182
12 58
12 60
12 61
13 27
13 132
13 185
13 168
13 108
13 138
13 75
13 76
13 44
13 148
13 55
13 169
13 201
13 91
13 189
13 94
14 165
14 34
14 134
14 204
14 82
14 78
14 48
14 18
14 52
14 90
14 186
14 126
14 69
15 178
15 187
15 149
15 74
15 31
15 53
16 135
16 136
16 172
16 151
16 141
16 177
16 157
16 144
16 72
16 173
16 51
16 40
16 86
16 87
16 184
16 153
16 58
16 61
16 95
17 194
17 137
17 203
17 204
17 82
17 20
17 23
17 24
17 154
17 157
17 158
17 90
17 37
17 167
17 40
17 93
17 48
17 181
17 56
17 84
17 186
17 117
18 128
18 194
18 203
18 69
18 134
18 137
18 78
18 82
18 23
18 90
18 37
18 160
18 176
18 34
18 165
18 170
18 48
18 52
18 190
18 186
18 126
19 81
19 66
19 35
19 68
19 102
19 97
19 148
19 193
19 189
20 194
20 72
20 137
20 203
20 204
20 143
20 82
20 84
20 23
20 24
20 25
20 154
20 157
20 158
20 159
20 160
20 163
20 37
20 40
20 48
20 113
20 181
21 128
21 69
21 70
21 138
21 75
21 76
21 130
21 146
21 83
21 22
21 152
21 132
21 27
21 28
21 29
21 160
21 91
21 101
21 38
21 183
21 168
21 169
21 42
21 71
21 44
21 174
21 176
21 49
21 114
21 115
21 55
21 202
21 57
21 163
21 119
21 125
21 190
22 128
22 130
22 71
22 183
22 146
22 152
22 28
22 29
22 38
22 174
22 176
22 49
22 114
22 115
22 180
22 119
22 57
22 125
22 190
22 149
23 192
23 198
23 194
23 70
23 161
23 137
23 203
23 204
23 82
23 84
23 154
23 24
23 25
23 90
23 157
23 165
23 160
23 33
23 34
23 163
23 37
23 167
23 170
23 48
23 181
23 56
23 63
24 192
24 194
24 73
24 204
24 60
24 82
24 154
24 90
24 157
24 133
24 161
24 164
24 167
24 40
24 105
24 106
24 173
24 48
24 182
24 137
24 56
24 84
24 124
25 198
25 194
25 196
25 197
25 70
25 97
25 138
25 203
25 204
25 35
25 154
25 101
25 165
25 160
25 33
25 34
25 163
25 37
25 170
25 113
25 181
25 55
25 202
25 84
25 189
25 63
26 32
26 96
26 67
26 103
26 41
26 106
26 107
26 142
26 50
26 131
26 171
26 182
26 60
27 132
27 70
27 138
27 75
27 202
27 152
27 196
27 91
27 94
27 165
27 33
27 101
27 168
27 169
27 42
27 71
27 44
27 109
27 189
27 183
27 115
27 118
27 55
27 120
27 170
27 190
27 63
28 128
28 69
28 138
28 75
28 76
28 130
28 146
28 152
28 132
28 91
28 29
28 165
28 160
28 101
28 38
28 183
28 168
28 169
28 42
28 71
28 44
28 174
28 176
28 49
28 114
28 115
28 55
28 202
28 57
28 119
28 125
28 190
28 149
29 130
29 71
29 146
29 152
29 101
29 38
29 43
29 174
29 176
29 49
29 114
29 115
29 180
29 119
29 57
29 125
30 97
30 66
30 35
30 197
30 102
30 113
30 193
30 46
30 111
30 81
30 147
30 121
30 59
30 159
31 128
31 178
31 52
31 53
31 134
31 39
31 187
31 74
31 78
32 96
32 67
32 103
32 41
32 107
32 142
32 145
32 50
32 131
32 171
32 182
32 60
33 198
33 194
33 132
33 197
33 70
33 138
33 75
33 196
33 154
33 91
33 101
33 34
33 35
33 165
33 168
33 42
33 109
33 189
33 181
33 118
33 55
33 202
33 170
33 63
34 128
34 130
34 132
34 69
34 134
34 194
34 82
34 196
34 78
34 203
34 152
34 154
34 165
34 160
34 101
34 168
34 42
34 176
34 183
34 115
34 52
34 190
34 170
34 202
34 138
34 126
34 63
35 193
35 66
35 197
35 70
35 97
35 194
35 81
35 154
35 159
35 198
35 102
35 46
35 111
35 113
35 181
35 121
35 59
35 189
35 62
36 64
36 164
36 133
36 105
36 73
36 167
36 175
37 194
37 137
37 203
37 204
37 143
37 82
37 85
37 154
37 155
37 157
37 158
37 69
37 160
37 163
37 48
37 117
37 56
37 84
37 186
37 181
38 128
38 130
38 71
38 55
38 146
38 152
38 101
38 42
38 174
38 176
38 49
38 114
38 115
38 119
38 57
38 183
38 125
38 190
38 149
39 74
39 187
39 52
39 53
40 131
40 136
40 137
40 86
40 153
40 157
40 161
40 103
40 60
40 106
40 167
40 173
40 48
40 51
40 204
40 182
40 56
40 84
40 124
41 96
41 67
41 131
41 103
41 171
41 45
41 145
41 50
41 51
41 182
41 153
41 58
41 60
42 128
42 149
42 69
42 70
42 75
42 130
42 78
42 196
42 202
42 152
42 132
42 165
42 91
42 101
42 168
42 169
42 170
42 71
42 44
42 174
42 176
42 114
42 115
42 190
42 55
42 120
42 57
42 183
42 138
42 134
42 63
43 176
43 146
43 180
43 85
43 49
43 57
43 92
43 125
44 138
44 75
44 76
44 152
44 132
44 201
44 91
44 94
44 168
44 169
44 71
44 108
44 115
44 55
44 120
44 183
44 149
45 172
45 131
45 135
45 171
45 141
45 144
45 177
45 51
45 86
45 153
45 58
46 192
46 161
46 66
46 200
46 173
46 111
46 112
46 179
46 122
46 59
46 61
47 144
47 150
47 151
47 184
47 89
47 93
47 141
48 194
48 203
48 137
48 204
48 82
48 85
48 154
48 155
48 90
48 158
48 69
48 160
48 93
48 157
48 117
48 56
48 84
48 186
49 130
49 69
49 71
49 119
49 146
49 83
49 152
49 160
49 163
49 101
49 174
49 176
49 114
49 115
49 55
49 57
49 183
49 125
49 190
50 96
50 67
50 131
50 182
50 166
50 103
50 107
50 60
51 131
51 182
51 103
51 135
51 142
51 173
51 136
51 172
51 171
51 86
51 153
51 58
51 60
51 61
52 128
52 165
52 134
52 74
52 78
52 53
52 187
52 126
53 128
53 187
53 149
53 74
53 183
54 72
54 80
54 143
54 177
54 87
55 138
55 132
55 152
55 154
55 160
55 163
55 198
55 168
55 169
55 181
55 183
55 57
55 189
55 190
55 63
55 196
55 197
55 70
55 71
55 202
55 75
55 76
55 83
55 91
55 94
55 130
55 101
55 108
55 115
55 170
56 137
56 204
56 82
56 84
56 90
56 157
56 158
56 167
56 106
56 93
56 117
56 182
56 186
56 124
57 128
57 130
57 203
57 69
57 71
57 138
57 119
57 146
57 83
57 152
57 160
57 163
57 101
57 174
57 176
57 114
57 115
57 183
57 125
57 190
57 85
58 172
58 144
58 131
58 135
58 171
58 141
58 145
58 86
58 153
59 161
59 66
59 200
59 173
59 111
59 112
59 179
59 122
59 61
60 96
60 131
60 161
60 182
60 103
60 73
60 106
60 173
60 142
60 136
60 86
60 153
60 124
61 112
61 200
61 179
61 72
61 173
61 136
61 86
61 122
61 156
61 95
62 97
62 197
62 193
62 108
62 111
62 83
62 121
62 159
62 189
62 127
63 198
63 194
63 132
63 70
63 75
63 170
63 196
63 152
63 154
63 91
63 165
63 160
63 101
63 168
63 109
63 189
63 183
63 115
63 181
63 202
63 138
63 190
64 192
64 164
64 133
64 105
64 73
64 167
64 124
64 175
65 144
65 177
65 150
65 151
65 184
65 172
65 141
65 110
66 81
66 102
66 97
66 122
66 193
66 111
67 96
67 131
67 103
67 145
67 171
68 148
68 100
68 185
69 128
69 130
69 203
69 134
69 194
69 78
69 190
69 82
69 152
69 155
69 160
69 165
69 163
69 101
69 176
69 174
69 114
69 126
69 183
69 125
69 85
70 132
70 197
70 198
70 97
70 138
70 75
70 194
70 83
70 152
70 154
70 91
70 159
70 160
70 101
70 196
70 168
70 169
70 189
70 113
70 115
70 181
70 202
70 163
70 170
71 128
71 138
71 75
71 76
71 130
71 146
71 152
71 132
71 91
71 101
71 183
71 168
71 169
71 174
71 176
71 114
71 115
71 119
71 125
71 190
71 149
72 80
72 87
72 84
72 156
72 143
73 161
73 133
73 103
73 104
73 105
73 106
73 167
73 192
73 142
73 182
73 164
73 90
73 124
74 128
74 149
74 187
75 138
75 183
75 76
75 196
75 202
75 152
75 132
75 201
75 91
75 94
75 101
75 168
75 169
75 109
75 189
75 115
75 120
75 170
75 190
76 132
76 138
76 83
76 201
76 91
76 94
76 101
76 168
76 169
76 108
76 115
76 189
76 127
77 116
77 85
77 155
77 140
77 117
77 158
77 143
78 128
78 165
78 196
78 134
78 176
78 190
78 170
78 152
78 202
78 183
78 126
80 113
80 147
80 159
80 143
81 97
81 102
81 193
81 123
81 111
82 194
82 203
82 137
82 204
82 85
82 154
82 155
82 90
82 158
82 160
82 163
82 170
82 157
82 117
82 84
82 186
82 181
83 160
83 181
83 197
83 163
83 113
83 146
83 121
83 127
83 159
83 101
84 194
84 137
84 203
84 204
84 143
84 154
84 157
84 158
84 113
84 181
84 186
84 117
85 160
85 194
85 163
85 137
85 140
85 116
85 117
85 203
85 186
85 155
85 158
86 144
86 131
86 182
86 135
86 172
86 171
86 177
86 141
86 136
86 173
86 87
86 153
86 95
87 144
87 135
87 141
87 110
87 143
87 177
87 151
87 184
87 95
88 105
88 187
88 164
88 133
89 144
89 184
89 172
89 150
90 164
90 167
90 204
90 105
90 137
90 186
90 124
90 106
90 133
91 138
91 196
91 202
91 152
91 132
91 201
91 94
91 101
91 168
91 169
91 109
91 189
91 183
91 115
91 120
91 170
91 190
92 146
93 186
93 137
93 144
93 117
93 157
93 158
94 132
94 201
94 138
94 148
94 202
94 168
94 169
94 109
94 115
94 120
94 185
94 189
95 177
95 135
95 156
95 141
96 145
96 131
96 171
96 103
96 107
97 198
97 181
97 113
97 193
97 197
97 111
97 148
97 189
97 121
97 159
97 102
97 127
98 104
98 99
98 188
99 188
100 148
100 109
100 118
101 128
101 138
101 132
101 130
101 146
101 152
101 154
101 160
101 163
101 165
101 168
101 169
101 170
101 174
101 176
101 181
101 183
101 189
101 190
101 194
101 203
101 196
101 202
101 125
101 114
101 115
102 193
102 123
102 111
103 131
103 106
103 142
103 136
103 124
103 182
103 153
105 192
105 164
105 133
105 167
105 106
105 124
106 131
106 164
106 166
106 167
106 204
106 182
106 124
108 169
108 201
108 127
109 198
109 168
109 138
109 148
109 196
109 118
109 202
109 120
109 132
109 170
110 150
110 151
110 184
110 177
110 141
111 113
111 193
111 197
111 121
111 181
111 189
111 159
112 147
112 179
112 122
112 156
112 173
113 198
113 194
113 197
113 163
113 181
113 121
113 154
113 159
114 128
114 130
114 183
114 146
114 152
114 174
114 176
114 115
114 119
114 125
114 190
114 149
115 128
115 130
115 146
115 152
115 132
115 160
115 163
115 165
115 168
115 169
115 174
115 176
115 183
115 138
115 190
115 196
115 202
115 170
115 119
115 120
115 125
115 149
116 117
116 155
116 140
116 158
117 137
117 203
117 140
117 143
117 157
117 186
117 155
117 158
118 196
119 128
119 130
119 146
119 152
119 174
119 176
119 180
119 183
119 125
119 190
119 149
120 132
120 168
120 169
120 149
120 183
120 196
120 202
121 197
121 163
121 193
121 159
121 181
121 189
121 127
122 161
122 179
122 136
122 200
122 192
122 173
123 139
123 193
124 161
124 131
124 164
124 133
124 167
124 192
124 142
124 204
124 182
125 130
125 183
125 146
125 152
125 174
125 176
125 180
125 190
126 128
126 134
126 190
126 165
127 197
127 193
127 189
127 159
128 130
128 134
128 183
128 190
128 196
128 152
128 132
128 165
128 168
128 174
128 176
128 138
128 202
128 149
129 195
129 199
129 175
130 138
130 146
130 152
130 132
130 165
130 160
130 168
130 174
130 176
130 202
130 183
130 190
130 149
131 182
131 171
131 142
131 136
131 153
132 138
132 196
132 202
132 152
132 149
132 165
132 168
132 169
132 189
132 183
132 170
132 190
133 161
133 164
133 167
133 192
133 175
134 165
134 196
134 190
134 176
134 170
134 152
134 202
134 183
135 144
135 171
135 136
135 172
135 151
135 141
135 177
135 184
135 153
136 182
136 173
136 142
136 200
136 153
137 194
137 203
137 204
137 140
137 143
137 155
137 157
137 158
137 186
138 152
138 154
138 160
138 163
138 165
138 168
138 169
138 181
138 183
138 189
138 190
138 198
138 194
138 196
138 197
138 202
138 170
140 186
140 155
140 158
141 150
141 144
141 151
141 172
141 177
141 184
141 153
142 173
142 200
142 182
143 157
143 158
144 171
144 150
144 184
144 151
144 172
144 177
144 153
145 171
145 191
146 152
146 160
146 163
146 174
146 176
147 179
147 156
148 169
148 201
148 185
148 189
149 183
149 152
149 168
149 174
149 190
150 177
150 151
150 184
150 172
151 172
151 177
151 184
152 160
152 165
152 168
152 169
152 170
152 174
152 176
152 183
152 190
152 196
152 202
153 172
153 182
153 177
153 171
153 173
154 198
154 194
154 203
154 204
154 163
154 159
154 160
154 165
154 170
154 197
154 181
154 202
154 189
155 203
155 158
155 186
156 179
157 194
157 203
157 204
157 186
157 158
158 203
158 186
159 194
159 197
159 163
159 181
159 189
160 198
160 203
160 190
160 165
160 163
160 194
160 170
160 176
160 181
160 202
161 192
161 167
161 204
161 173
161 200
161 182
162 199
162 191
163 198
163 194
163 203
163 197
163 176
163 181
164 192
164 167
164 204
165 194
165 196
165 202
165 203
165 168
165 176
165 183
165 190
165 170
166 188
167 192
167 204
167 182
168 196
168 202
168 169
168 189
168 183
168 190
168 170
169 197
169 202
169 201
169 189
169 183
170 198
170 194
170 204
170 190
170 196
170 203
170 189
170 181
170 202
171 172
172 177
172 184
173 192
173 182
173 200
174 183
174 176
174 190
176 203
176 183
176 190
177 184
178 187
181 198
181 194
181 197
181 203
181 189
182 204
183 190
183 196
183 202
185 201
186 203
186 204
189 198
189 197
189 201
189 202
190 196
190 202
191 199
192 198
192 200
192 204
193 197
194 198
194 203
194 204
194 197
195 199
196 202
197 198
198 202
203 204
