1 2
3 194
3 67
3 68
3 5
3 8
3 9
3 12
3 15
3 19
3 84
3 87
3 24
3 25
3 154
3 91
3 159
3 133
3 96
3 98
3 100
3 102
3 168
3 105
3 42
3 107
3 44
3 200
3 46
3 47
3 72
3 178
3 147
3 186
3 54
3 183
3 121
3 58
3 123
3 188
3 106
3 62
3 127
4 204
4 134
4 137
4 11
4 76
4 13
4 77
4 16
4 141
4 21
4 23
4 26
4 27
4 97
4 39
4 40
4 172
4 113
4 52
4 117
4 180
4 191
4 61
4 85
4 127
5 194
5 67
5 68
5 133
5 8
5 9
5 12
5 15
5 84
5 21
5 24
5 25
5 154
5 91
5 186
5 159
5 96
5 147
5 100
5 102
5 168
5 105
5 42
5 107
5 44
5 200
5 46
5 47
5 72
5 178
5 19
5 54
5 183
5 121
5 58
5 123
5 188
5 106
5 62
5 127
6 64
6 131
6 68
6 150
6 198
6 7
6 140
6 10
6 75
6 12
6 14
6 203
6 147
6 20
6 78
6 22
6 24
6 157
6 94
6 159
6 32
6 112
6 98
6 163
6 36
6 37
6 188
6 104
6 169
6 170
6 43
6 125
6 110
6 111
6 48
6 178
6 179
6 53
6 55
6 185
6 60
6 74
7 98
7 131
7 158
7 37
7 135
7 10
7 43
7 140
7 78
7 111
7 178
7 179
7 84
7 53
7 22
7 121
7 154
7 188
7 150
8 194
8 67
8 68
8 72
8 9
8 15
8 84
8 87
8 24
8 25
8 154
8 91
8 186
8 133
8 96
8 100
8 102
8 168
8 105
8 42
8 107
8 44
8 46
8 47
8 178
8 19
8 54
8 183
8 121
8 58
8 123
8 188
8 106
8 62
8 127
9 194
9 67
9 68
9 137
9 15
9 84
9 21
9 186
9 24
9 25
9 91
9 159
9 133
9 96
9 147
9 100
9 102
9 168
9 105
9 42
9 107
9 44
9 46
9 47
9 72
9 178
9 19
9 54
9 183
9 58
9 123
9 200
9 106
9 62
9 127
10 131
10 140
10 14
10 147
10 20
10 150
10 24
10 157
10 159
10 160
10 163
10 36
10 37
10 169
10 170
10 43
10 48
10 178
10 179
10 53
10 55
10 185
10 188
10 64
10 32
10 195
10 68
10 198
10 12
10 74
10 75
10 78
10 203
10 57
10 94
10 98
10 104
10 60
10 110
10 111
10 112
10 125
11 97
11 162
11 129
11 40
11 137
11 199
11 172
11 13
11 77
11 16
11 56
11 61
11 191
12 132
12 60
12 147
12 20
12 150
12 24
12 25
12 156
12 157
12 133
12 160
12 37
12 169
12 170
12 43
12 46
12 200
12 178
12 53
12 54
12 183
12 185
12 159
12 188
12 62
12 194
12 67
12 68
12 198
12 72
12 203
12 84
12 89
12 94
12 98
12 99
12 195
12 105
12 106
12 110
12 19
12 124
12 125
12 127
13 139
13 69
13 134
13 137
13 76
13 77
13 141
13 16
13 204
13 83
13 21
13 23
13 26
13 27
13 97
13 34
13 39
13 40
13 172
13 189
13 113
13 52
13 117
13 118
13 180
13 191
13 61
13 85
14 198
14 203
14 75
14 140
14 78
14 60
14 80
14 156
14 157
14 94
14 32
14 48
14 163
14 36
14 37
14 104
14 169
14 110
14 175
14 112
14 53
14 185
14 70
15 194
15 67
15 141
15 21
15 25
15 91
15 133
15 96
15 100
15 102
15 113
15 168
15 105
15 42
15 107
15 44
15 46
15 47
15 72
15 19
15 54
15 201
15 184
15 106
15 62
16 139
16 69
16 134
16 137
16 76
16 77
16 141
16 204
16 83
16 21
16 23
16 26
16 27
16 97
16 34
16 39
16 40
16 172
16 189
16 113
16 52
16 117
16 118
16 180
16 191
16 61
16 85
17 101
17 167
17 136
17 171
17 173
17 144
17 18
17 51
17 151
17 152
17 92
17 29
17 30
18 101
18 167
18 136
18 171
18 173
18 144
18 51
18 151
18 152
18 92
18 29
18 30
19 194
19 68
19 159
19 67
19 84
19 21
19 186
19 24
19 25
19 154
19 91
19 125
19 133
19 96
19 100
19 102
19 168
19 105
19 42
19 107
19 44
19 200
19 46
19 47
19 72
19 178
19 147
19 54
19 183
19 121
19 58
19 123
19 188
19 106
19 62
19 127
20 198
20 195
20 68
20 200
20 140
20 74
20 75
20 147
20 203
20 157
20 94
20 159
20 160
20 48
20 37
20 104
20 60
20 170
20 43
20 70
20 110
20 112
20 53
20 169
20 124
20 125
21 194
21 134
21 72
21 183
21 141
21 85
21 23
21 25
21 26
21 133
21 97
21 123
21 100
21 107
21 44
21 191
21 113
21 172
21 117
21 54
21 137
21 184
21 59
21 62
21 127
22 64
22 131
22 68
22 72
22 143
22 84
22 150
22 154
22 135
22 159
22 98
22 37
22 28
22 43
22 46
22 111
22 178
22 179
22 53
22 121
22 95
22 188
23 69
23 134
23 204
23 139
23 76
23 141
23 26
23 27
23 197
23 97
23 34
23 39
23 191
23 113
23 52
23 117
23 118
23 184
23 180
23 59
23 189
23 85
24 147
24 150
24 25
24 154
24 133
24 160
24 37
24 169
24 170
24 43
24 44
24 46
24 47
24 200
24 178
24 53
24 54
24 183
24 186
24 159
24 188
24 62
24 194
24 67
24 68
24 72
24 84
24 91
24 58
24 96
24 98
24 100
24 195
24 105
24 106
24 42
24 125
24 127
25 194
25 67
25 68
25 183
25 141
25 159
25 170
25 186
25 91
25 125
25 133
25 96
25 147
25 100
25 113
25 105
25 42
25 107
25 44
25 46
25 47
25 72
25 178
25 54
25 137
25 58
25 123
25 200
25 106
25 62
25 127
26 128
26 97
26 34
26 27
26 134
26 137
26 191
26 141
26 113
26 184
26 59
26 117
27 69
27 134
27 204
27 139
27 76
27 83
27 85
27 97
27 34
27 39
27 52
27 117
27 118
27 180
27 59
27 189
27 191
28 64
28 131
28 68
28 182
28 74
28 43
28 143
28 178
28 179
28 55
28 57
28 79
28 126
28 159
29 144
29 51
29 101
29 167
29 136
29 152
29 171
29 30
30 144
30 51
30 101
30 151
30 136
30 171
30 167
30 92
32 198
32 203
32 140
32 78
32 60
32 80
32 156
32 157
32 94
32 48
32 163
32 36
32 37
32 124
32 175
32 112
32 53
32 169
32 185
32 70
33 176
33 86
34 128
34 97
34 69
34 134
34 39
34 139
34 76
34 52
34 117
34 118
34 59
34 189
35 65
35 146
35 155
35 109
35 73
36 198
36 203
36 74
36 75
36 140
36 78
36 80
36 157
36 48
36 98
36 163
36 37
36 104
36 60
36 175
36 112
36 53
36 185
36 70
37 131
37 140
37 147
37 150
37 157
37 159
37 163
37 169
37 170
37 43
37 175
37 48
37 178
37 179
37 53
37 55
37 185
37 188
37 64
37 203
37 68
37 198
37 74
37 75
37 78
37 57
37 94
37 98
37 104
37 60
37 110
37 111
37 112
37 125
39 69
39 134
39 204
39 139
39 76
39 83
39 85
39 97
39 40
39 61
39 52
39 117
39 118
39 180
39 122
39 189
39 191
40 97
40 162
40 204
40 137
40 76
40 77
40 189
40 172
40 52
40 56
40 61
40 199
40 191
42 194
42 67
42 183
42 84
42 91
42 186
42 133
42 96
42 100
42 102
42 168
42 105
42 106
42 107
42 44
42 46
42 47
42 72
42 54
42 137
42 58
42 123
42 62
42 127
43 131
43 140
43 143
43 147
43 150
43 157
43 159
43 160
43 169
43 170
43 48
43 200
43 178
43 179
43 53
43 55
43 185
43 188
43 64
43 67
43 68
43 198
43 72
43 74
43 203
43 60
43 78
43 94
43 98
43 195
43 105
43 110
43 111
43 112
43 125
44 194
44 67
44 68
44 183
44 141
44 186
44 91
44 159
44 133
44 96
44 100
44 113
44 105
44 107
44 125
44 46
44 47
44 72
44 54
44 137
44 58
44 123
44 200
44 106
44 62
44 127
45 174
46 194
46 67
46 68
46 84
46 147
46 87
46 154
46 91
46 159
46 133
46 96
46 98
46 100
46 102
46 168
46 105
46 107
46 47
46 72
46 178
46 186
46 54
46 183
46 121
46 58
46 123
46 188
46 106
46 62
46 127
47 194
47 67
47 84
47 154
47 91
47 186
47 133
47 96
47 100
47 102
47 168
47 105
47 107
47 72
47 54
47 183
47 121
47 58
47 123
47 106
47 62
47 127
48 198
48 203
48 75
48 140
48 79
48 80
48 78
48 185
48 157
48 94
48 98
48 104
48 60
48 110
48 175
48 112
48 179
48 55
48 57
48 70
48 74
50 81
50 177
51 144
51 101
51 167
51 136
51 152
51 171
52 69
52 134
52 204
52 139
52 76
52 83
52 85
52 97
52 61
52 180
52 117
52 118
52 122
52 189
52 191
53 198
53 67
53 68
53 150
53 200
53 140
53 203
53 131
53 84
53 78
53 121
53 179
53 156
53 157
53 94
53 159
53 188
53 98
53 163
53 105
53 170
53 110
53 111
53 112
53 178
53 147
53 185
53 169
53 60
53 125
54 194
54 67
54 68
54 183
54 141
54 159
54 91
54 125
54 133
54 96
54 147
54 100
54 102
54 113
54 105
54 107
54 72
54 178
54 137
54 184
54 58
54 123
54 200
54 106
54 62
54 127
55 64
55 131
55 75
55 140
55 78
55 79
55 143
55 104
55 110
55 175
55 112
55 179
55 182
55 57
55 60
55 74
56 61
56 77
57 64
57 80
57 112
57 104
57 75
57 140
57 78
57 79
57 179
57 110
57 182
57 175
57 60
57 74
58 194
58 67
58 68
58 84
58 87
58 154
58 91
58 133
58 96
58 100
58 102
58 168
58 105
58 72
58 178
58 183
58 121
58 186
58 123
58 188
58 106
58 62
58 127
59 128
59 161
59 197
59 134
59 141
59 113
59 180
59 184
59 90
59 85
59 117
60 198
60 203
60 68
60 140
60 75
60 79
60 80
60 147
60 78
60 185
60 175
60 157
60 94
60 159
60 112
60 98
60 163
60 104
60 169
60 170
60 110
60 125
60 70
60 74
61 97
61 162
61 204
61 137
61 76
61 77
61 172
61 189
61 199
61 191
62 194
62 67
62 68
62 183
62 159
62 84
62 186
62 154
62 91
62 125
62 133
62 96
62 147
62 100
62 102
62 168
62 105
62 107
62 200
62 72
62 178
62 170
62 121
62 123
62 188
62 106
62 127
64 98
64 131
64 68
64 143
64 182
64 79
64 178
64 179
64 154
64 111
64 74
64 150
64 159
65 73
65 146
65 155
65 109
67 150
67 154
67 159
67 133
67 169
67 170
67 200
67 178
67 183
67 186
67 188
67 194
67 68
67 72
67 84
67 147
67 91
67 96
67 98
67 100
67 105
67 106
67 107
67 121
67 123
67 125
67 127
68 143
68 154
68 150
68 133
68 160
68 169
68 170
68 200
68 178
68 183
68 159
68 194
68 72
68 84
68 94
68 96
68 188
68 98
68 100
68 195
68 105
68 106
68 147
68 121
68 125
68 127
69 97
69 139
69 204
69 71
69 76
69 83
69 118
69 122
69 189
70 80
70 163
70 104
70 112
70 75
70 140
70 110
70 175
70 203
70 185
70 157
70 94
71 139
71 118
71 189
72 154
72 159
72 133
72 178
72 183
72 186
72 188
72 194
72 200
72 84
72 91
72 96
72 98
72 100
72 102
72 105
72 106
72 107
72 113
72 147
72 170
72 121
72 123
72 125
72 127
73 146
73 155
73 109
74 203
74 75
74 140
74 78
74 79
74 80
74 98
74 104
74 110
74 175
74 112
74 179
74 182
75 80
75 110
75 104
75 112
75 203
75 140
75 79
75 78
75 175
76 134
76 139
76 204
76 83
76 85
76 97
76 117
76 118
76 180
76 122
76 189
76 191
77 97
77 162
77 129
77 137
77 172
77 199
77 191
78 198
78 131
78 140
78 79
78 150
78 185
78 175
78 157
78 98
78 163
78 104
78 203
78 110
78 111
78 112
78 179
79 104
79 140
79 175
79 179
79 182
80 112
80 203
80 104
80 140
80 110
80 175
80 185
80 157
81 177
81 165
82 114
83 97
83 204
83 139
83 118
83 122
83 189
84 111
84 158
84 147
84 87
84 154
84 91
84 186
84 150
84 133
84 96
84 98
84 105
84 135
84 178
84 183
84 121
84 188
84 106
85 204
85 197
85 134
85 137
85 141
85 90
85 97
85 113
85 117
85 184
85 180
85 191
86 176
87 133
87 135
87 106
87 183
87 121
87 188
87 186
87 158
88 193
88 93
89 160
89 129
89 162
89 99
89 132
89 198
89 166
89 199
89 200
89 124
89 170
89 157
89 147
89 169
89 164
89 156
89 125
89 94
89 195
90 161
90 197
90 180
90 134
90 184
90 141
90 117
91 194
91 154
91 186
91 133
91 96
91 100
91 102
91 168
91 105
91 107
91 183
91 121
91 123
91 106
91 127
92 144
92 187
92 101
92 136
92 152
92 171
92 173
94 198
94 160
94 195
94 200
94 203
94 147
94 132
94 156
94 157
94 159
94 99
94 164
94 170
94 110
94 112
94 169
94 185
94 124
94 125
95 201
95 154
95 143
96 194
96 186
96 154
96 159
96 133
96 100
96 102
96 168
96 105
96 107
96 178
96 183
96 121
96 123
96 188
96 106
96 127
97 139
97 134
97 199
97 137
97 141
97 204
97 172
97 189
97 113
97 117
97 118
97 180
97 191
98 198
98 150
98 140
98 203
98 143
98 179
98 147
98 185
98 154
98 158
98 159
98 188
98 163
98 105
98 170
98 125
98 111
98 178
98 131
98 169
98 121
99 160
99 129
99 162
99 164
99 132
99 198
99 166
99 199
99 200
99 156
99 170
99 157
99 147
99 169
99 124
99 125
99 195
100 194
100 183
100 141
100 186
100 159
100 133
100 102
100 113
100 168
100 105
100 107
100 137
100 123
100 200
100 106
100 127
101 167
101 136
101 171
101 173
101 144
101 151
101 152
102 194
102 154
102 133
102 168
102 105
102 108
102 121
102 106
104 110
104 112
104 140
104 175
105 147
105 150
105 154
105 159
105 133
105 200
105 178
105 183
105 186
105 188
105 194
105 106
105 107
105 170
105 121
105 123
105 125
105 127
106 194
106 147
106 154
106 159
106 133
106 168
106 107
106 178
106 186
106 183
106 121
106 123
106 188
106 127
107 194
107 183
107 141
107 133
107 113
107 168
107 137
107 184
107 123
107 127
109 146
109 155
110 198
110 195
110 140
110 147
110 203
110 185
110 169
110 157
110 159
110 160
110 170
110 112
110 125
111 131
111 188
111 140
111 143
111 178
111 179
111 121
111 154
111 135
111 150
112 198
112 203
112 140
112 185
112 169
112 157
112 163
112 175
113 128
113 194
113 134
113 137
113 141
113 191
113 117
113 184
113 127
116 120
116 181
117 128
117 197
117 134
117 204
117 141
117 191
117 118
117 184
117 180
118 139
118 134
118 204
118 189
120 192
121 158
121 154
121 150
121 131
121 135
121 178
121 188
122 204
123 129
123 194
123 183
123 186
123 133
123 137
123 127
124 160
124 195
124 132
124 198
124 200
124 203
124 147
124 156
124 157
124 162
124 164
124 166
124 169
124 170
124 185
124 125
125 198
125 132
125 133
125 199
125 183
125 194
125 203
125 156
125 159
125 160
125 195
125 170
125 200
125 147
125 169
125 127
126 182
126 143
127 172
127 129
127 194
127 199
127 183
127 170
127 133
127 147
127 186
127 137
127 200
127 191
128 134
128 184
128 141
129 162
129 132
129 199
129 200
129 137
129 172
129 183
129 186
131 150
131 140
131 143
131 154
131 135
131 178
131 179
131 188
132 160
132 162
132 164
132 166
132 199
132 200
132 156
132 170
132 147
132 169
132 195
133 194
133 183
133 159
133 147
133 186
133 137
133 200
134 197
134 141
134 191
134 184
134 180
135 178
135 150
135 154
135 188
135 158
136 167
136 171
136 173
136 144
136 151
136 152
137 194
137 199
137 200
137 141
137 191
137 172
137 183
139 204
139 189
140 198
140 150
140 185
140 175
140 157
140 163
140 203
140 179
141 194
141 197
141 191
141 180
141 184
143 150
143 182
143 178
143 179
143 154
143 159
144 151
144 171
144 167
145 149
146 155
147 150
147 156
147 160
147 169
147 170
147 200
147 178
147 183
147 185
147 186
147 159
147 194
147 198
147 203
147 188
147 195
150 198
150 179
150 203
150 154
150 158
150 159
150 178
150 188
151 167
151 171
152 173
154 179
154 178
154 159
154 188
156 160
156 195
156 198
156 203
156 163
156 157
156 164
156 166
156 169
156 170
156 185
157 198
157 164
157 203
157 163
157 166
157 170
157 169
157 185
158 188
159 194
159 188
159 200
159 178
159 170
160 170
160 195
160 199
160 200
160 162
160 169
161 184
161 197
162 199
162 172
162 200
162 195
163 198
163 203
163 169
163 185
164 166
164 169
166 169
167 171
168 194
169 198
169 200
169 203
169 170
169 185
169 195
170 198
170 199
170 183
170 203
170 195
170 200
172 200
172 191
172 199
173 187
175 185
178 194
178 179
178 188
179 188
180 191
180 197
180 204
183 194
183 186
183 200
185 198
185 203
186 194
186 200
188 198
189 204
191 204
194 200
195 199
195 200
198 203
199 200
