0 3
0 7
0 9
0 75
0 13
0 145
0 18
0 147
0 84
0 85
0 87
0 153
0 154
0 175
0 95
0 161
0 67
0 38
0 103
0 104
0 170
0 171
0 111
0 54
0 195
0 127
1 67
1 4
1 5
1 7
1 72
1 138
1 23
1 15
1 81
1 131
1 87
1 29
1 160
1 161
1 98
1 35
1 102
1 60
1 43
1 47
1 176
1 114
1 183
1 58
1 124
2 194
2 3
2 4
2 5
2 6
2 7
2 72
2 204
2 10
2 11
2 76
2 145
2 15
2 16
2 17
2 18
2 67
2 84
2 150
2 23
2 152
2 68
2 27
2 29
2 160
2 98
2 131
2 37
2 81
2 41
2 43
2 111
2 200
2 50
2 83
2 184
2 54
2 105
2 56
2 121
2 60
2 127
3 4
3 5
3 6
3 7
3 8
3 9
3 10
3 13
3 15
3 16
3 17
3 18
3 195
3 21
3 150
3 23
3 152
3 153
3 29
3 160
3 161
3 35
3 37
3 135
3 175
3 50
3 54
3 56
3 58
3 67
3 68
3 200
3 73
3 75
3 76
3 81
3 83
3 84
3 87
3 88
3 94
3 95
3 98
3 102
3 145
3 104
3 105
3 111
3 114
3 204
3 121
3 127
4 68
4 5
4 7
4 72
4 73
4 10
4 11
4 76
4 194
4 15
4 16
4 81
4 18
4 67
4 84
4 150
4 23
4 29
4 160
4 161
4 98
4 131
4 37
4 145
4 105
4 43
4 114
4 111
4 112
4 177
4 50
4 83
4 204
4 183
4 56
4 121
4 58
4 59
4 60
5 6
5 7
5 8
5 10
5 14
5 15
5 16
5 17
5 18
5 131
5 21
5 150
5 23
5 29
5 160
5 161
5 135
5 200
5 56
5 58
5 60
5 194
5 67
5 68
5 69
5 72
5 73
5 75
5 76
5 81
5 83
5 84
5 43
5 87
5 88
5 94
5 95
5 98
5 102
5 145
5 104
5 105
5 114
5 204
5 121
5 195
6 68
6 135
6 8
6 9
6 10
6 76
6 194
6 14
6 16
6 17
6 18
6 83
6 84
6 150
6 88
6 153
6 152
6 91
6 29
6 30
6 95
6 145
6 37
6 103
6 105
6 175
6 200
6 178
6 204
6 54
6 56
6 121
6 61
6 127
7 135
7 8
7 9
7 10
7 13
7 15
7 16
7 145
7 18
7 195
7 21
7 150
7 23
7 153
7 29
7 160
7 161
7 35
7 175
7 56
7 58
7 65
7 67
7 68
7 73
7 75
7 76
7 81
7 83
7 84
7 87
7 88
7 94
7 95
7 98
7 102
7 104
7 105
7 111
7 114
7 204
7 121
8 194
8 68
8 200
8 9
8 76
8 175
8 14
8 16
8 17
8 18
8 83
8 84
8 21
8 150
8 88
8 153
8 26
8 91
8 29
8 30
8 95
8 161
8 37
8 195
8 145
8 104
8 105
8 135
8 152
8 178
8 204
8 54
8 73
8 56
8 121
8 61
8 127
9 68
9 76
9 13
9 16
9 17
9 18
9 83
9 84
9 150
9 88
9 153
9 152
9 154
9 95
9 161
9 164
9 37
9 195
9 103
9 104
9 145
9 175
9 200
9 178
9 147
9 54
9 56
9 127
10 72
10 204
10 11
10 76
10 13
10 145
10 15
10 16
10 17
10 18
10 67
10 84
10 150
10 23
10 152
10 68
10 27
10 29
10 160
10 98
10 184
10 37
10 81
10 41
10 111
10 200
10 50
10 83
10 54
10 105
10 56
10 121
10 139
10 127
11 129
11 67
11 68
11 71
11 72
11 139
11 76
11 18
11 150
11 23
11 27
11 160
11 98
11 37
11 41
11 111
11 50
11 184
11 121
11 127
12 112
12 66
12 59
12 177
12 40
12 169
12 151
12 80
12 136
12 20
12 53
12 25
12 89
12 123
12 157
12 30
13 68
13 76
13 16
13 145
13 18
13 67
13 84
13 85
13 87
13 153
13 175
13 95
13 161
13 38
13 103
13 104
13 171
13 111
13 50
13 54
13 195
13 127
14 194
14 152
14 68
14 135
14 73
14 94
14 16
14 17
14 83
14 20
14 21
14 86
14 151
14 88
14 132
14 26
14 91
14 29
14 30
14 162
14 145
14 40
14 105
14 42
14 110
14 200
14 178
14 204
14 53
14 56
14 121
14 59
14 61
15 72
15 73
15 76
15 194
15 16
15 81
15 67
15 84
15 150
15 23
15 68
15 29
15 30
15 160
15 98
15 131
15 37
15 145
15 105
15 43
15 111
15 112
15 177
15 83
15 204
15 183
15 56
15 121
15 59
15 60
16 145
16 18
16 131
16 21
16 150
16 23
16 152
16 153
16 29
16 30
16 160
16 161
16 37
16 135
16 175
16 200
16 178
16 54
16 56
16 194
16 67
16 68
16 72
16 73
16 76
16 81
16 83
16 84
16 88
16 94
16 95
16 98
16 195
16 17
16 105
16 111
16 204
16 121
16 127
17 68
17 135
17 76
17 175
17 145
17 18
17 83
17 150
17 88
17 153
17 26
17 91
17 29
17 30
17 95
17 194
17 37
17 103
17 40
17 105
17 152
17 200
17 178
17 204
17 53
17 54
17 56
17 121
17 61
17 127
18 145
18 195
18 150
18 23
18 152
18 153
18 27
18 29
18 160
18 161
18 37
18 50
18 175
18 178
18 54
18 56
18 67
18 68
18 200
18 204
18 76
18 81
18 83
18 84
18 88
18 95
18 98
18 105
18 103
18 111
18 121
18 127
19 32
19 33
19 196
19 108
19 128
19 107
19 140
19 77
19 46
19 82
19 148
19 142
19 201
19 180
19 90
19 189
19 62
20 194
20 132
20 151
20 80
20 83
20 86
20 25
20 89
20 26
20 157
20 30
20 162
20 40
20 105
20 42
20 43
20 110
20 189
20 112
20 177
20 52
20 53
20 169
20 59
20 60
20 61
21 65
21 194
21 73
21 75
21 204
21 81
21 83
21 84
21 22
21 69
21 88
21 29
21 94
21 95
21 161
21 102
21 145
21 104
21 106
21 135
21 114
21 55
21 56
21 58
22 96
22 181
22 162
22 132
22 135
22 90
22 101
22 94
22 69
23 72
23 73
23 76
23 194
23 81
23 67
23 84
23 150
23 68
23 29
23 160
23 161
23 98
23 131
23 37
23 145
23 105
23 43
23 114
23 111
23 112
23 177
23 50
23 83
23 204
23 183
23 56
23 121
23 58
23 59
23 60
24 65
24 51
24 147
24 167
24 104
24 164
24 154
24 75
24 92
25 136
25 169
25 110
25 80
25 40
25 53
25 151
25 184
25 89
25 123
25 30
26 162
26 132
26 86
26 135
26 40
26 194
26 42
26 110
26 178
26 83
26 53
26 56
26 88
26 91
26 200
26 61
26 30
27 160
27 129
27 67
27 98
27 71
27 72
27 41
27 74
27 76
27 50
27 111
27 139
27 150
27 186
28 64
28 146
28 35
28 100
28 199
28 172
28 31
28 44
28 109
28 174
28 47
29 131
29 150
29 152
29 132
29 30
29 160
29 161
29 37
29 43
29 200
29 56
29 58
29 59
29 60
29 61
29 194
29 67
29 68
29 69
29 72
29 73
29 76
29 81
29 83
29 84
29 88
29 135
29 94
29 95
29 98
29 145
29 105
29 112
29 114
29 204
29 121
30 132
30 68
30 150
30 135
30 204
30 151
30 194
30 80
30 83
30 86
30 89
30 152
30 91
30 162
30 40
30 105
30 42
30 110
30 112
30 200
30 178
30 53
30 56
30 121
30 59
30 61
31 64
31 100
31 70
31 199
31 170
31 172
31 45
31 109
31 48
31 146
31 156
32 33
32 34
32 36
32 108
32 107
32 140
32 142
32 82
32 148
32 196
32 201
32 180
32 122
32 189
32 62
33 34
33 163
33 36
33 107
33 140
33 66
33 142
33 82
33 148
33 196
33 122
33 189
33 62
33 191
34 66
34 36
34 140
34 82
34 148
34 196
34 122
34 189
34 62
34 191
35 172
35 67
35 102
35 65
35 161
35 170
35 44
35 114
35 174
35 47
35 81
35 75
35 84
35 182
35 87
35 58
36 196
36 140
36 66
36 82
36 148
36 122
36 189
36 62
36 191
37 184
37 76
37 194
37 145
37 67
37 150
37 88
37 68
37 152
37 175
37 95
37 160
37 98
37 103
37 105
37 178
37 111
37 200
37 50
37 83
37 204
37 54
37 56
37 121
37 153
37 127
38 173
38 195
38 85
38 103
38 171
38 92
38 149
39 97
39 42
39 110
39 86
40 194
40 132
40 200
40 151
40 80
40 83
40 86
40 89
40 91
40 162
40 59
40 105
40 42
40 110
40 178
40 53
40 169
40 121
40 123
40 61
41 160
41 129
41 67
41 70
41 72
41 74
41 98
41 45
41 50
41 139
41 111
41 186
42 162
42 132
42 194
42 110
42 53
42 86
42 151
42 52
42 91
42 61
43 131
43 72
43 204
43 140
43 81
43 82
43 151
43 160
43 98
43 105
43 112
43 177
43 183
43 121
43 59
43 60
43 62
44 65
44 102
44 106
44 172
44 174
44 47
44 114
44 115
44 182
44 87
44 58
45 67
45 70
45 170
45 139
45 172
45 109
45 111
45 48
45 171
45 149
45 87
45 156
45 85
46 128
46 180
46 168
46 202
46 90
46 107
46 77
47 172
47 114
47 102
47 199
47 58
47 130
47 138
48 146
48 100
48 70
48 170
48 156
48 109
49 163
49 159
49 93
49 158
49 119
50 129
50 72
50 76
50 145
50 67
50 139
50 150
50 68
50 160
50 98
50 103
50 111
50 54
50 121
50 127
51 167
51 92
51 143
52 96
52 97
52 162
52 132
52 118
52 117
52 86
52 63
52 189
52 181
53 194
53 200
53 80
53 83
53 151
53 89
53 91
53 162
53 59
53 105
53 110
53 178
53 169
53 121
53 123
53 61
54 68
54 76
54 83
54 84
54 150
54 88
54 153
54 152
54 95
54 195
54 103
54 145
54 178
54 175
54 200
54 204
54 56
54 121
54 127
55 65
55 102
55 104
55 73
55 106
55 75
55 182
55 94
55 69
56 150
56 152
56 132
56 160
56 161
56 135
56 175
56 178
56 61
56 194
56 195
56 68
56 200
56 73
56 75
56 76
56 81
56 83
56 84
56 88
56 94
56 95
56 145
56 104
56 105
56 204
56 153
56 121
56 127
57 99
57 166
57 167
58 65
58 73
58 75
58 81
58 131
58 84
58 94
58 160
58 161
58 102
58 106
58 174
58 114
58 172
58 182
58 87
59 194
59 131
59 72
59 140
59 151
59 80
59 82
59 83
59 132
59 160
59 105
59 112
59 177
59 204
59 169
59 121
59 60
59 189
59 62
60 131
60 72
60 204
60 151
60 140
60 194
60 81
60 82
60 160
60 98
60 105
60 112
60 177
60 183
60 121
60 62
61 194
61 132
61 135
61 83
61 86
61 88
61 91
61 162
61 110
61 200
61 178
62 107
62 140
62 108
62 112
62 177
62 82
62 148
62 201
62 196
62 122
62 189
62 191
63 96
63 97
63 117
63 86
63 202
63 122
63 189
63 118
63 181
64 146
64 100
64 165
64 170
64 174
65 161
65 102
65 104
65 73
65 106
65 75
65 174
65 114
65 84
65 182
65 87
65 94
66 80
66 148
66 122
66 191
66 157
66 189
67 72
67 73
67 76
67 81
67 195
67 84
67 85
67 150
67 68
67 95
67 160
67 161
67 98
67 145
67 111
67 139
67 204
67 105
67 121
67 87
67 127
68 195
68 150
68 152
68 153
68 160
68 161
68 135
68 178
68 175
68 200
68 194
68 72
68 73
68 76
68 81
68 83
68 84
68 88
68 95
68 98
68 145
68 105
68 103
68 111
68 204
68 121
68 127
69 132
69 135
69 73
69 106
69 114
69 90
69 94
69 101
70 176
70 199
70 74
70 139
70 172
70 109
70 146
70 156
71 129
71 184
72 129
72 204
72 76
72 141
72 79
72 81
72 131
72 139
72 124
72 150
72 133
72 160
72 176
72 98
72 145
72 111
72 112
72 177
72 105
72 121
72 183
73 194
73 75
73 204
73 81
73 83
73 84
73 88
73 94
73 160
73 161
73 87
73 102
73 145
73 104
73 105
73 135
73 175
73 114
73 121
73 95
73 195
74 176
74 129
74 139
74 183
74 186
74 124
74 141
74 79
75 147
75 84
75 87
75 94
75 95
75 161
75 164
75 102
75 104
75 106
75 135
75 114
75 195
76 145
76 195
76 150
76 152
76 153
76 160
76 175
76 200
76 178
76 194
76 204
76 81
76 83
76 84
76 88
76 95
76 98
76 105
76 103
76 111
76 121
76 127
77 128
77 180
77 201
77 90
77 107
79 176
79 129
79 179
79 186
79 133
79 183
79 155
79 124
79 141
80 177
80 169
80 151
80 112
80 136
80 89
80 123
80 157
81 87
81 145
81 84
81 150
81 135
81 94
81 95
81 160
81 161
81 98
81 131
81 102
81 105
81 111
81 114
81 83
81 204
81 121
81 195
82 131
82 140
82 108
82 112
82 177
82 148
82 187
82 201
82 196
82 189
83 150
83 152
83 132
83 160
83 161
83 162
83 135
83 175
83 178
83 194
83 200
83 84
83 88
83 91
83 94
83 95
83 145
83 105
83 204
83 153
83 121
83 127
84 145
84 195
84 150
84 153
84 160
84 161
84 135
84 175
84 200
84 87
84 88
84 94
84 95
84 98
84 102
84 104
84 105
84 111
84 114
84 204
84 121
84 127
85 197
85 170
85 171
85 173
85 195
85 149
85 87
85 156
86 97
86 162
86 132
86 181
86 194
86 157
86 189
86 110
86 151
87 95
87 160
87 161
87 102
87 104
87 170
87 174
87 111
87 114
87 172
87 195
88 194
88 150
88 152
88 153
88 91
88 95
88 161
88 145
88 195
88 103
88 104
88 105
88 135
88 175
88 200
88 178
88 204
88 121
88 127
89 136
89 169
89 151
89 184
89 123
90 96
90 180
90 168
90 201
90 107
90 101
91 162
91 152
91 194
91 110
91 178
91 200
92 188
92 143
93 163
93 142
93 119
93 158
93 159
94 194
94 132
94 204
94 95
94 161
94 102
94 145
94 104
94 106
94 135
94 114
95 195
95 150
95 152
95 153
95 154
95 161
95 164
95 135
95 175
95 200
95 145
95 104
95 103
95 147
95 204
95 121
95 127
96 181
96 101
96 168
96 180
96 202
97 181
97 117
97 118
98 204
98 141
98 124
98 150
98 160
98 176
98 131
98 145
98 111
98 112
98 177
98 105
98 121
98 139
98 183
99 166
99 167
100 146
100 172
100 170
100 109
100 174
101 132
101 168
101 180
101 107
101 181
102 161
102 106
102 172
102 174
102 114
102 182
103 195
103 200
103 145
103 150
103 153
103 152
103 175
103 127
104 147
104 153
104 154
104 161
104 164
104 195
104 135
104 175
105 131
105 150
105 151
105 152
105 184
105 160
105 135
105 177
105 178
105 194
105 145
105 112
105 204
105 121
105 200
105 127
106 114
106 182
107 196
107 108
107 128
107 140
107 148
107 181
107 201
107 180
107 189
108 128
108 180
108 142
108 201
108 196
108 140
109 146
109 172
109 156
109 170
110 162
110 132
110 194
110 178
110 151
111 129
111 204
111 150
111 160
111 161
111 139
111 145
111 121
111 127
112 194
112 131
112 140
112 151
112 160
112 177
112 204
112 169
112 121
112 183
113 116
113 198
113 159
114 138
114 131
114 160
114 161
115 182
116 198
116 190
116 137
117 118
117 122
117 157
118 157
119 163
119 158
119 142
119 159
120 159
121 131
121 150
121 152
121 153
121 184
121 160
121 135
121 178
121 200
121 194
121 145
121 204
121 127
122 189
122 148
122 191
122 157
123 136
123 151
123 157
123 169
124 160
124 133
124 141
124 176
124 177
124 179
124 183
124 186
124 155
125 154
125 164
126 185
127 145
127 150
127 153
127 152
127 175
127 195
127 178
127 200
127 204
128 180
128 142
128 201
128 196
129 139
129 186
130 138
131 204
131 140
131 160
131 177
131 183
132 194
132 135
132 151
132 162
132 189
132 181
133 176
133 177
133 179
133 183
133 155
133 141
134 144
134 155
135 194
135 204
135 175
135 161
135 162
135 145
135 152
135 200
135 178
136 151
136 169
136 157
137 190
138 199
139 160
139 176
139 186
139 156
140 201
140 177
140 148
140 196
140 189
141 176
141 179
141 183
141 155
141 186
142 163
142 196
142 201
142 148
142 187
143 188
144 155
144 179
145 195
145 150
145 152
145 153
145 160
145 161
145 178
145 175
145 200
145 194
145 204
146 199
146 172
146 170
146 174
147 195
147 164
147 153
147 154
147 175
148 163
148 196
148 189
148 191
149 197
149 171
149 156
149 173
150 152
150 153
150 160
150 200
150 178
150 184
150 194
150 204
151 194
151 157
151 162
151 177
151 169
152 194
152 153
152 175
152 200
152 178
152 204
153 154
153 195
153 175
153 200
153 178
153 204
154 164
154 195
154 175
155 176
155 179
155 183
156 171
156 170
157 189
158 159
159 198
160 161
160 177
160 183
160 204
161 204
161 175
161 172
161 195
162 194
162 181
163 196
163 187
163 191
164 175
164 195
166 167
168 180
168 202
168 181
169 177
169 184
170 171
170 172
170 174
171 173
171 195
171 197
172 199
172 174
173 197
174 182
175 195
175 200
175 178
176 179
176 183
176 186
177 183
177 204
178 194
178 200
179 183
180 196
180 201
180 181
180 202
181 189
194 200
194 204
196 201
200 204
