0 1
0 2
0 3
0 4
0 9
0 43
0 13
0 82
0 147
0 180
0 53
0 55
0 30
0 149
1 2
1 3
1 101
1 13
1 82
1 180
1 149
1 150
1 55
1 117
1 53
2 3
2 4
2 9
2 43
2 13
2 82
2 180
2 53
2 150
2 30
2 149
3 4
3 9
3 43
3 13
3 47
3 82
3 180
3 53
3 55
3 149
4 97
4 9
4 74
4 43
4 13
4 82
4 147
4 180
4 53
4 185
4 123
4 62
4 149
5 162
5 35
5 147
5 70
5 135
5 136
5 190
5 139
5 44
5 79
5 18
5 19
5 149
5 150
5 119
5 24
5 26
5 143
5 154
5 30
6 192
6 66
6 68
6 197
6 199
6 200
6 137
6 138
6 75
6 12
6 141
6 16
6 124
6 18
6 21
6 87
6 88
6 90
6 92
6 31
6 32
6 33
6 187
6 102
6 103
6 28
6 42
6 127
6 46
6 174
6 179
6 105
6 57
6 59
6 60
6 106
6 85
7 162
7 35
7 133
7 70
7 135
7 136
7 201
7 139
7 14
7 79
7 81
7 114
7 19
7 184
7 58
7 15
7 154
7 159
8 68
8 54
8 161
8 10
8 11
8 76
8 56
8 83
8 84
8 23
8 160
8 33
8 34
8 163
8 166
8 38
8 45
8 50
8 118
8 120
8 148
8 60
8 202
8 63
9 197
9 198
9 97
9 137
9 138
9 13
9 143
9 17
9 82
9 147
9 149
9 29
9 33
9 43
9 47
9 113
9 180
9 53
9 55
9 185
9 123
9 62
9 63
10 65
10 194
10 163
10 38
10 166
10 202
10 11
10 120
10 50
10 84
10 23
10 56
11 128
11 160
11 34
11 163
11 68
11 118
11 38
11 161
11 76
11 45
11 120
11 50
11 83
11 84
11 54
11 23
11 56
11 60
11 202
12 128
12 192
12 66
12 195
12 200
12 75
12 141
12 16
12 21
12 87
12 88
12 158
12 31
12 102
12 103
12 60
12 108
12 174
12 124
12 125
12 85
12 127
13 179
13 138
13 143
13 82
13 83
13 149
13 150
13 137
13 29
13 95
13 160
13 33
13 197
13 43
13 18
13 47
13 50
13 147
13 180
13 53
13 55
13 185
13 122
13 123
13 62
13 63
14 162
14 35
14 70
14 136
14 201
14 71
14 79
14 81
14 114
14 19
14 139
14 24
14 58
14 15
14 135
14 154
14 159
15 162
15 35
15 133
15 70
15 136
15 201
15 135
15 79
15 81
15 114
15 19
15 139
15 58
15 154
15 159
16 128
16 192
16 66
16 195
16 68
16 200
16 75
16 141
16 28
16 124
16 148
16 21
16 87
16 88
16 90
16 92
16 31
16 32
16 187
16 102
16 103
16 105
16 42
16 108
16 191
16 46
16 174
16 179
16 118
16 127
16 60
16 106
16 85
17 97
17 194
17 197
17 33
17 105
17 138
17 113
17 20
17 185
17 123
17 157
17 63
18 149
18 160
18 200
18 137
18 138
18 190
18 77
18 78
18 83
18 148
18 21
18 150
18 87
18 197
18 90
18 143
18 29
18 95
18 32
18 33
18 34
18 116
18 42
18 107
18 44
18 45
18 46
18 111
18 49
18 179
18 52
18 53
18 119
18 57
18 122
18 59
18 106
18 85
18 63
19 162
19 35
19 70
19 136
19 201
19 135
19 159
19 79
19 81
19 114
19 139
19 154
19 24
19 26
19 58
19 30
19 133
20 97
20 198
20 113
20 123
20 157
21 128
21 132
21 137
21 148
21 46
21 28
21 31
21 32
21 161
21 34
21 156
21 42
21 45
21 174
21 179
21 54
21 60
21 64
21 66
21 195
21 68
21 33
21 200
21 202
21 75
21 77
21 83
21 85
21 87
21 88
21 90
21 95
21 103
21 106
21 107
21 108
21 111
21 118
21 119
21 122
21 127
22 160
22 161
22 34
22 99
22 101
22 167
22 148
22 45
22 78
22 77
22 49
22 52
22 117
22 150
22 119
22 153
22 116
22 122
22 94
22 95
23 65
23 194
23 163
23 166
23 38
23 76
23 47
23 48
23 120
23 50
23 84
23 56
23 202
24 162
24 35
24 135
24 44
24 154
24 116
24 190
24 150
24 119
24 153
24 26
24 61
24 30
26 70
26 135
26 136
26 139
26 79
26 147
26 149
26 150
26 154
26 30
26 162
26 35
26 39
26 171
26 44
26 119
26 57
26 59
26 190
27 64
27 144
27 132
27 100
27 72
27 106
27 107
27 44
27 77
27 109
27 80
27 168
27 52
27 190
27 111
27 116
27 91
27 156
27 126
28 66
28 199
28 200
28 75
28 130
28 87
28 88
28 90
28 92
28 127
28 31
28 32
28 187
28 164
28 102
28 103
28 106
28 107
28 108
28 191
28 46
28 174
28 179
28 57
28 59
28 124
28 189
28 85
29 196
29 179
29 138
29 55
29 143
29 82
29 83
29 149
29 185
29 137
29 95
29 160
29 33
29 197
29 59
29 105
29 43
29 50
29 147
29 180
29 53
29 119
29 57
29 122
29 123
29 202
29 62
29 63
30 43
30 70
30 135
30 74
30 139
30 79
30 82
30 147
30 149
30 150
30 154
30 162
30 171
30 180
30 53
30 62
31 128
31 192
31 66
31 195
31 68
31 200
31 75
31 141
31 124
31 87
31 88
31 90
31 92
31 158
31 32
31 187
31 102
31 103
31 42
31 108
31 191
31 46
31 174
31 179
31 118
31 127
31 60
31 106
31 85
32 64
32 128
32 66
32 68
32 118
32 161
32 200
32 137
32 202
32 75
32 77
32 143
32 83
32 148
32 87
32 132
32 90
32 33
32 34
32 103
32 156
32 42
32 107
32 174
32 45
32 46
32 111
32 179
32 52
32 54
32 119
32 122
32 95
32 60
32 106
32 85
33 96
33 197
33 138
33 160
33 143
33 83
33 148
33 87
33 137
33 95
33 161
33 34
33 105
33 42
33 45
33 47
33 113
33 50
33 179
33 118
33 55
33 120
33 185
33 63
33 200
33 202
33 85
34 128
34 160
34 68
34 118
34 161
34 137
34 202
34 77
34 78
34 143
34 83
34 148
34 87
34 156
34 94
34 95
34 200
34 167
34 42
34 45
34 49
34 50
34 179
34 54
34 119
34 120
34 122
34 60
34 63
35 162
35 139
35 70
35 136
35 41
35 135
35 140
35 79
35 81
35 114
35 154
35 201
35 58
35 159
36 177
36 125
36 158
37 130
37 155
37 164
37 39
37 104
37 41
37 183
37 140
37 110
37 203
37 196
37 86
37 151
37 152
37 57
37 59
37 93
37 169
38 65
38 194
38 166
38 161
38 55
38 76
38 47
38 120
38 50
38 163
38 84
38 56
38 202
39 130
39 155
39 164
39 70
39 104
39 169
39 196
39 139
39 110
39 203
39 183
39 171
39 86
39 151
39 57
39 59
39 93
40 152
40 73
40 170
40 172
41 193
41 146
41 86
41 71
41 104
41 140
41 110
41 175
42 128
42 132
42 137
42 143
42 148
42 46
42 156
42 161
42 167
42 44
42 45
42 174
42 49
42 50
42 179
42 52
42 54
42 60
42 64
42 160
42 68
42 200
42 202
42 75
42 77
42 78
42 83
42 85
42 87
42 95
42 106
42 107
42 111
42 116
42 118
42 119
42 122
43 197
43 74
43 143
43 82
43 147
43 149
43 137
43 97
43 47
43 180
43 53
43 55
43 185
43 123
43 138
43 62
43 63
44 132
44 72
44 77
44 78
44 143
44 148
44 150
44 91
44 156
44 90
44 95
44 168
44 107
44 45
44 111
44 116
44 190
44 119
44 52
44 122
44 106
44 126
45 132
45 137
45 143
45 148
45 156
45 160
45 161
45 167
45 174
45 49
45 50
45 179
45 52
45 54
45 60
45 64
45 68
45 200
45 202
45 77
45 78
45 83
45 85
45 87
45 94
45 95
45 106
45 107
45 111
45 116
45 118
45 119
45 120
45 122
46 66
46 199
46 200
46 75
46 130
46 87
46 88
46 90
46 92
46 127
46 187
46 164
46 103
46 107
46 108
46 191
46 174
46 189
46 179
46 57
46 59
46 124
46 106
46 85
47 160
47 194
47 82
47 163
47 65
47 76
47 48
47 50
47 83
47 180
47 53
47 55
47 185
47 63
48 65
48 194
48 163
48 166
48 185
49 77
49 78
49 143
49 83
49 148
49 150
49 153
49 94
49 95
49 160
49 101
49 167
49 52
49 117
49 119
49 116
49 122
50 68
50 118
50 161
50 137
50 76
50 78
50 143
50 120
50 83
50 84
50 95
50 160
50 163
50 105
50 200
50 179
50 54
50 55
50 56
50 148
50 122
50 202
50 63
51 99
51 145
51 115
51 134
51 72
51 153
51 186
51 61
52 64
52 132
52 150
52 72
52 77
52 78
52 143
52 148
52 153
52 91
52 156
52 94
52 95
52 99
52 167
52 168
52 107
52 111
52 115
52 116
52 190
52 119
52 122
52 106
52 126
53 197
53 138
53 143
53 82
53 83
53 149
53 150
53 137
53 95
53 147
53 180
53 55
53 185
53 122
53 123
53 62
53 63
54 64
54 128
54 68
54 202
54 77
54 78
54 83
54 148
54 87
54 160
54 156
54 95
54 161
54 167
54 200
54 118
54 120
54 122
54 60
55 194
55 65
55 138
55 76
55 143
55 82
55 83
55 95
55 160
55 180
55 117
55 137
55 185
55 63
55 202
56 65
56 163
56 166
56 76
56 84
56 120
56 202
57 130
57 196
57 197
57 137
57 138
57 203
57 85
57 151
57 90
57 59
57 164
57 106
57 179
57 187
57 190
58 162
58 133
58 70
58 136
58 201
58 135
58 79
58 81
58 114
58 139
58 154
58 159
59 130
59 196
59 197
59 137
59 138
59 203
59 147
59 85
59 151
59 90
59 93
59 187
59 164
59 106
59 171
59 179
59 190
59 123
59 62
60 64
60 128
60 66
60 68
60 202
60 75
60 195
60 148
60 87
60 156
60 161
60 103
60 174
60 200
60 118
60 120
60 85
61 153
61 134
62 171
62 123
62 197
62 198
62 74
62 79
62 147
62 138
62 196
62 93
62 149
63 197
63 138
63 143
63 83
63 137
63 95
63 160
63 105
63 113
63 179
63 185
63 122
63 123
63 200
63 202
64 66
64 68
64 118
64 167
64 156
64 107
64 108
64 77
64 188
64 111
64 132
64 106
64 148
65 194
65 163
65 84
65 166
66 128
66 131
66 200
66 75
66 141
66 87
66 88
66 92
66 158
66 102
66 103
66 124
66 106
66 108
66 174
66 191
66 189
66 85
66 127
67 98
67 173
67 142
67 182
68 128
68 132
68 202
68 75
68 77
68 83
68 148
68 87
68 156
68 95
68 161
68 195
68 167
68 174
68 200
68 179
68 118
68 120
68 122
68 85
69 108
69 92
69 191
70 171
70 136
70 74
70 139
70 151
70 154
70 79
70 159
70 133
70 162
70 135
70 114
71 193
71 140
71 159
72 144
72 132
72 99
72 100
72 145
72 168
72 109
72 111
72 80
72 115
72 116
72 153
72 126
73 112
73 152
74 198
74 133
74 171
74 139
74 79
74 147
74 196
74 123
74 93
74 149
75 128
75 192
75 195
75 199
75 200
75 141
75 124
75 87
75 88
75 90
75 92
75 158
75 187
75 102
75 103
75 108
75 191
75 174
75 179
75 118
75 127
75 106
75 85
76 160
76 163
76 166
76 202
77 160
77 118
77 200
77 137
77 78
77 143
77 83
77 148
77 87
77 132
77 150
77 156
77 94
77 95
77 167
77 107
77 111
77 119
77 116
77 122
77 106
77 190
78 150
78 137
78 202
78 143
78 83
78 148
78 153
78 156
78 94
78 95
78 160
78 161
78 167
78 107
78 111
78 117
78 119
78 116
78 122
79 171
79 136
79 139
79 147
79 149
79 154
79 133
79 162
79 135
79 114
80 144
80 129
80 100
80 145
80 168
80 91
80 109
80 126
80 173
81 114
81 162
81 201
81 135
81 154
82 149
82 147
82 180
82 150
82 185
82 143
82 117
83 160
83 118
83 161
83 137
83 138
83 148
83 200
83 143
83 95
83 105
83 197
83 179
83 120
83 122
83 119
83 117
83 202
84 163
84 166
84 120
84 202
85 197
85 199
85 200
85 137
85 138
85 124
85 148
85 87
85 88
85 90
85 187
85 102
85 103
85 92
85 174
85 179
85 118
85 105
85 106
85 127
86 130
86 104
86 170
86 203
86 140
86 178
86 110
86 175
86 146
86 151
86 155
87 128
87 192
87 195
87 118
87 200
87 137
87 141
87 124
87 148
87 88
87 90
87 102
87 103
87 92
87 108
87 174
87 179
87 105
87 127
87 106
88 192
88 131
88 199
88 200
88 141
88 195
88 92
88 158
88 102
88 103
88 108
88 191
88 174
88 189
88 187
88 124
88 125
88 127
90 130
90 203
90 196
90 152
90 91
90 92
90 174
90 187
90 164
90 103
90 106
90 107
90 191
90 111
90 190
90 127
91 144
91 132
91 100
91 168
91 106
91 107
91 109
91 111
91 190
91 152
91 116
91 92
91 126
91 191
92 141
92 152
92 103
92 106
92 108
92 191
92 174
92 112
92 187
92 124
92 189
92 127
93 164
93 198
93 169
93 171
93 203
93 151
93 196
93 155
93 183
94 160
94 161
94 99
94 101
94 167
94 117
94 119
94 153
94 148
94 122
94 150
94 95
95 160
95 118
95 161
95 200
95 137
95 202
95 119
95 148
95 150
95 143
95 156
95 167
95 107
95 111
95 179
95 116
95 122
95 117
96 192
96 179
96 195
96 200
96 105
97 123
97 185
97 113
98 173
98 142
98 182
99 115
99 145
99 153
99 116
99 167
100 129
100 132
100 181
100 168
100 144
100 109
100 126
101 117
101 204
102 192
102 131
102 200
102 141
102 195
102 158
102 103
102 108
102 174
102 125
102 124
102 189
102 127
103 128
103 192
103 195
103 199
103 200
103 141
103 158
103 124
103 106
103 108
103 191
103 174
103 179
103 187
103 189
103 127
104 170
104 203
104 140
104 178
104 110
104 175
104 146
104 151
105 197
105 179
105 113
105 200
105 137
105 138
105 192
105 202
105 185
106 132
106 156
106 108
106 148
106 127
106 174
106 191
106 168
106 107
106 111
106 200
106 179
106 187
106 119
106 190
107 132
107 143
107 148
107 150
107 168
107 156
107 111
107 190
107 119
107 116
107 122
107 126
108 131
108 141
108 158
108 174
108 112
108 191
108 124
108 127
109 129
109 181
109 144
109 126
110 170
110 203
110 140
110 178
110 175
110 146
110 151
111 132
111 143
111 148
111 150
111 156
111 168
111 190
111 119
111 116
111 122
111 126
112 191
112 131
112 124
112 152
112 187
112 189
112 127
113 194
113 197
113 138
113 185
113 123
113 157
114 162
114 133
114 136
114 201
114 135
114 139
114 154
114 159
115 132
115 145
115 116
115 186
115 167
115 188
115 153
116 132
116 150
116 143
116 148
116 153
116 156
116 167
116 168
116 190
116 119
116 122
116 126
117 160
117 143
117 150
117 180
117 122
118 128
118 161
118 202
118 148
118 156
118 195
118 174
118 200
118 179
118 120
118 122
119 160
119 132
119 137
119 143
119 148
119 150
119 153
119 156
119 179
119 122
119 190
120 128
120 163
120 161
120 202
120 195
121 170
122 160
122 137
122 202
122 148
122 150
122 143
122 156
122 161
122 167
122 179
123 197
123 198
123 147
123 149
123 196
123 171
123 179
123 137
123 185
123 138
124 192
124 131
124 141
124 158
124 174
124 189
124 191
124 125
124 127
125 192
125 195
125 141
125 158
126 144
126 132
126 168
126 145
126 182
126 190
127 131
127 199
127 200
127 141
127 158
127 191
127 174
127 187
127 189
128 200
128 195
128 148
128 158
128 161
128 174
129 144
129 181
130 164
130 196
130 183
130 203
130 187
130 151
130 152
130 155
130 199
131 189
131 191
131 141
132 148
132 156
132 167
132 188
133 162
133 171
133 165
133 136
133 201
133 139
133 184
133 135
133 154
133 159
134 153
134 204
135 162
135 136
135 201
135 139
135 159
135 154
136 162
136 201
136 159
136 139
136 171
136 154
136 184
137 149
137 160
137 197
137 200
137 138
137 148
137 150
137 143
137 185
137 179
137 202
138 149
138 196
138 179
138 143
138 185
138 197
138 164
138 147
139 171
139 151
139 154
139 159
139 162
140 193
140 146
140 175
141 191
141 174
141 189
141 158
142 173
142 182
143 160
143 148
143 149
143 150
143 197
143 180
143 179
143 202
144 181
144 168
145 186
146 193
147 171
147 198
147 149
147 196
147 197
147 180
147 185
148 156
148 160
148 161
148 167
148 174
148 179
148 200
148 202
149 171
149 150
149 197
149 180
149 185
150 153
150 160
150 180
151 155
151 164
151 169
151 196
151 203
151 171
151 183
152 187
152 203
153 204
154 162
154 201
155 203
155 164
155 169
155 171
155 183
155 196
156 167
156 188
158 192
158 195
158 174
159 201
159 184
159 175
160 161
160 202
160 180
161 202
161 167
161 200
162 201
163 194
163 166
164 196
164 198
164 183
164 187
164 203
164 199
164 197
165 184
166 194
167 188
168 190
168 182
169 183
169 203
170 178
170 172
171 198
171 196
172 178
173 182
174 192
174 195
174 200
174 179
175 184
175 178
179 197
179 200
179 202
181 188
182 193
183 203
183 196
185 194
185 197
187 203
187 199
187 189
189 191
189 199
192 195
192 200
195 200
196 198
196 203
196 197
197 198
200 202
