0 128
0 1
0 2
0 3
0 4
0 7
0 136
0 9
0 11
0 12
0 16
0 17
0 18
0 188
0 25
0 26
0 155
0 30
0 35
0 165
0 42
0 135
0 46
0 50
0 179
0 53
0 137
0 132
0 59
0 60
0 68
0 69
0 70
0 72
0 73
0 75
0 78
0 79
0 80
0 88
0 94
0 101
0 102
0 105
0 110
0 112
0 117
0 121
1 128
1 2
1 3
1 4
1 7
1 136
1 9
1 11
1 12
1 143
1 16
1 17
1 19
1 22
1 23
1 25
1 26
1 155
1 30
1 165
1 42
1 46
1 50
1 179
1 53
1 182
1 137
1 132
1 59
1 188
1 62
1 69
1 70
1 72
1 73
1 77
1 79
1 80
1 88
1 101
1 102
1 105
1 110
1 112
1 113
1 190
1 121
2 3
2 132
2 7
2 136
2 9
2 128
2 11
2 12
2 15
2 16
2 17
2 19
2 23
2 4
2 26
2 30
2 165
2 42
2 46
2 50
2 179
2 53
2 182
2 137
2 59
2 188
2 62
2 69
2 70
2 72
2 73
2 77
2 79
2 80
2 88
2 143
2 101
2 102
2 110
2 112
2 113
2 25
2 190
2 121
3 4
3 7
3 136
3 9
3 128
3 11
3 12
3 143
3 16
3 17
3 19
3 23
3 25
3 26
3 155
3 30
3 165
3 42
3 46
3 50
3 179
3 53
3 182
3 137
3 132
3 59
3 60
3 62
3 68
3 69
3 70
3 72
3 73
3 77
3 79
3 80
3 88
3 94
3 188
3 101
3 102
3 105
3 110
3 112
3 113
3 190
3 121
4 132
4 7
4 136
4 9
4 128
4 11
4 12
4 15
4 16
4 17
4 19
4 22
4 23
4 25
4 26
4 30
4 165
4 42
4 46
4 50
4 179
4 53
4 182
4 137
4 59
4 188
4 62
4 69
4 70
4 72
4 73
4 77
4 79
4 80
4 88
4 143
4 101
4 102
4 110
4 112
4 113
4 190
4 121
5 35
5 68
5 137
5 75
5 12
5 78
5 16
5 17
5 50
5 179
5 117
5 27
5 127
6 128
6 34
6 174
6 121
6 73
6 135
6 60
6 94
7 69
7 70
7 72
7 9
7 11
7 190
7 77
7 79
7 16
7 17
7 19
7 110
7 22
7 88
7 169
7 26
7 155
7 30
7 165
7 96
7 101
7 102
7 81
7 105
7 167
7 46
7 112
7 113
7 53
7 182
7 137
7 136
7 59
7 62
8 161
8 138
8 11
8 21
8 86
8 88
8 157
8 97
8 37
8 104
8 169
8 170
8 108
8 46
8 112
8 178
8 115
8 54
8 120
8 124
8 190
8 191
9 70
9 72
9 73
9 11
9 12
9 79
9 16
9 17
9 18
9 20
9 68
9 155
9 167
9 30
9 165
9 80
9 101
9 102
9 81
9 40
9 105
9 43
9 136
9 53
9 182
9 137
9 121
9 59
9 94
10 192
10 193
10 194
10 36
10 103
10 200
10 171
10 29
10 48
10 184
10 180
10 181
10 151
10 152
10 57
10 154
10 156
10 58
10 126
11 128
11 16
11 17
11 19
11 22
11 23
11 26
11 30
11 31
11 165
11 169
11 170
11 46
11 136
11 53
11 182
11 59
11 188
11 62
11 196
11 69
11 70
11 72
11 73
11 203
11 77
11 79
11 81
11 86
11 88
11 54
11 96
11 101
11 102
11 110
11 112
11 113
11 190
11 121
12 70
12 135
12 72
12 75
12 94
12 78
12 79
12 16
12 17
12 18
12 25
12 137
12 68
12 26
12 27
12 30
12 69
12 80
12 35
12 101
12 165
12 42
12 110
12 136
12 50
12 179
12 155
12 53
12 73
12 132
12 121
12 59
12 60
12 117
13 193
13 130
13 71
13 173
13 149
13 150
13 24
13 90
13 156
13 122
13 31
13 34
13 166
13 95
13 45
13 174
13 52
13 119
13 184
13 186
13 187
13 126
14 96
14 65
14 100
14 197
14 200
14 41
14 106
14 139
14 204
14 125
14 81
14 153
14 189
14 159
15 128
15 165
15 203
15 69
15 134
15 135
15 73
15 42
15 132
15 77
15 46
15 112
15 188
15 53
15 121
15 25
15 60
15 30
15 31
16 68
16 72
16 79
16 80
16 17
16 75
16 19
16 137
16 88
16 25
16 26
16 155
16 101
16 30
16 69
16 165
16 35
16 70
16 102
16 105
16 42
16 110
16 136
16 50
16 179
16 53
16 73
16 132
16 121
16 59
16 60
17 68
17 72
17 79
17 75
17 19
17 137
17 25
17 26
17 27
17 101
17 30
17 69
17 80
17 35
17 70
17 165
17 105
17 42
17 110
17 136
17 50
17 179
17 155
17 53
17 73
17 132
17 121
17 59
18 101
18 40
18 73
18 43
18 80
18 136
18 20
18 137
18 121
18 94
19 70
19 72
19 79
19 23
19 88
19 26
19 143
19 30
19 165
19 101
19 102
19 105
19 110
19 113
19 190
19 182
19 59
19 62
20 80
20 155
20 167
20 40
20 202
20 43
21 97
21 37
21 134
21 199
21 108
21 109
21 104
21 178
21 115
21 86
21 23
21 120
21 54
21 124
21 191
22 203
22 70
22 73
22 77
22 81
22 86
22 88
22 196
22 90
22 154
22 31
22 96
22 102
22 169
22 106
22 46
22 189
22 112
22 113
22 190
22 182
22 121
22 59
22 170
22 62
23 69
23 199
23 77
23 79
23 88
23 25
23 26
23 143
23 30
23 165
23 42
23 110
23 46
23 112
23 190
23 54
23 120
23 59
23 188
23 132
24 192
24 193
24 130
24 186
24 166
24 198
24 45
24 61
24 141
24 58
24 52
24 149
24 150
24 119
24 180
24 122
24 156
24 90
24 126
24 95
25 69
25 135
25 73
25 128
25 78
25 110
25 132
25 26
25 79
25 30
25 165
25 188
25 42
25 46
25 112
25 50
25 179
25 53
25 137
25 121
25 127
25 60
25 143
25 117
26 69
26 70
26 72
26 137
26 79
26 110
26 88
26 143
26 30
26 165
26 101
26 102
26 105
26 42
26 199
26 46
26 112
26 136
26 50
26 179
26 53
26 182
26 132
26 59
26 188
26 190
27 35
27 68
27 137
27 75
27 78
27 50
27 179
27 117
27 60
27 127
28 168
28 194
28 83
28 36
28 151
28 152
28 57
28 58
28 91
29 192
29 193
29 36
29 103
29 200
29 41
29 171
29 48
29 184
29 82
29 180
29 181
29 151
29 152
29 57
29 58
29 156
29 154
29 126
30 136
30 128
30 165
30 42
30 135
30 46
30 50
30 179
30 53
30 182
30 137
30 132
30 59
30 60
30 190
30 69
30 70
30 72
30 73
30 203
30 77
30 79
30 80
30 88
30 143
30 94
30 101
30 102
30 188
30 110
30 112
30 113
30 121
31 128
31 130
31 203
31 69
31 73
31 77
31 88
31 90
31 94
31 95
31 34
31 166
31 46
31 112
31 113
31 52
31 119
31 121
31 122
31 188
31 61
32 160
32 145
32 195
32 148
32 149
32 177
32 152
32 57
32 171
32 173
32 184
33 64
33 192
33 66
33 36
33 38
33 162
33 74
33 151
33 109
33 141
33 48
33 180
33 122
33 87
33 58
33 91
33 92
33 61
34 130
34 166
34 71
34 203
34 174
34 52
34 150
34 119
34 122
34 90
34 95
35 80
35 155
35 68
35 167
35 105
35 75
35 137
36 192
36 194
36 141
36 144
36 83
36 151
36 154
36 91
36 162
36 38
36 103
36 171
36 48
36 180
36 181
36 184
36 58
36 61
36 126
37 104
37 178
37 54
37 161
37 124
37 138
37 108
37 157
38 64
38 66
38 162
38 74
38 151
38 192
38 109
38 141
38 48
38 180
38 87
38 58
38 91
38 92
38 61
39 116
39 167
39 56
39 105
39 47
39 159
40 80
40 167
40 202
40 43
40 94
41 96
41 196
41 100
41 197
41 200
41 106
41 139
41 142
41 125
41 144
41 49
41 147
41 189
41 153
41 154
42 69
42 70
42 135
42 72
42 73
42 128
42 132
42 78
42 110
42 68
42 79
42 165
42 101
42 188
42 127
42 46
42 136
42 50
42 179
42 53
42 137
42 121
42 59
42 60
42 143
42 117
43 80
43 167
43 202
43 155
43 183
44 67
44 158
45 130
45 166
45 71
45 174
45 173
45 51
45 52
45 149
45 150
45 186
45 156
45 95
46 134
46 128
46 165
46 169
46 136
46 53
46 54
46 132
46 59
46 188
46 62
46 69
46 70
46 72
46 73
46 203
46 77
46 86
46 88
46 90
46 182
46 97
46 101
46 102
46 110
46 112
46 113
46 190
46 120
46 121
46 124
46 170
47 56
48 144
48 61
48 162
48 192
48 109
48 141
48 115
48 180
48 154
48 58
48 92
48 122
48 126
49 144
49 196
49 162
49 147
49 100
49 133
49 106
49 189
49 142
50 70
50 135
50 72
50 137
50 128
50 132
50 78
50 79
50 68
50 69
50 80
50 101
50 165
50 188
50 127
50 110
50 136
50 179
50 53
50 121
50 59
50 60
50 143
50 117
52 198
52 166
52 130
52 203
52 141
52 90
52 150
52 119
52 122
52 92
52 61
52 95
53 136
53 128
53 155
53 165
53 135
53 179
53 137
53 132
53 59
53 60
53 68
53 69
53 70
53 72
53 73
53 77
53 78
53 79
53 80
53 88
53 94
53 101
53 188
53 110
53 112
53 117
53 121
54 134
54 77
54 86
54 88
54 97
54 104
54 169
54 170
54 108
54 112
54 113
54 178
54 115
54 120
54 124
54 190
54 191
55 129
55 147
55 84
56 105
56 167
57 160
57 194
57 195
57 193
57 145
57 83
57 148
57 149
57 151
57 152
57 156
57 103
57 171
57 173
57 177
57 181
57 184
57 186
57 126
58 192
58 194
58 103
58 168
58 151
58 141
58 83
58 180
58 87
58 91
58 126
59 69
59 70
59 72
59 77
59 79
59 110
59 88
59 155
59 165
59 80
59 101
59 102
59 81
59 105
59 112
59 113
59 137
59 182
59 73
59 121
59 136
59 190
59 62
60 128
60 132
60 69
60 135
60 73
60 78
60 80
60 94
60 165
60 188
60 179
60 137
60 121
60 117
60 127
61 192
61 198
61 130
61 134
61 97
61 203
61 77
61 141
61 150
61 90
61 92
61 166
61 170
61 109
61 115
61 119
61 180
61 122
61 95
62 70
62 72
62 77
62 81
62 88
62 196
62 96
62 100
62 101
62 102
62 169
62 106
62 189
62 112
62 113
62 182
62 136
62 170
62 190
63 172
63 125
63 99
63 89
63 76
63 93
63 111
64 66
64 87
64 74
64 109
65 176
65 81
65 164
65 197
65 200
65 153
65 202
65 139
65 159
66 162
66 115
66 161
66 74
66 191
66 124
66 109
66 138
67 158
68 70
68 72
68 75
68 78
68 79
68 80
68 165
68 101
68 105
68 136
68 179
68 155
68 137
68 117
69 70
69 72
69 73
69 128
69 77
69 110
69 203
69 88
69 79
69 165
69 101
69 188
69 135
69 112
69 136
69 179
69 137
69 132
69 121
69 143
69 134
70 136
70 155
70 165
70 167
70 182
70 137
70 72
70 73
70 77
70 79
70 80
70 81
70 88
70 94
70 101
70 102
70 105
70 110
70 112
70 113
70 190
70 121
71 187
71 174
72 136
72 79
72 110
72 137
72 88
72 155
72 165
72 80
72 101
72 102
72 81
72 105
72 167
72 112
72 113
72 182
72 73
72 121
72 190
73 135
73 128
73 77
73 88
73 90
73 101
73 80
73 165
73 188
73 203
73 112
73 113
73 137
73 132
73 121
73 136
73 94
74 87
75 137
75 79
75 155
75 105
76 89
76 172
76 93
77 128
77 190
77 196
77 88
77 132
77 90
77 182
77 96
77 97
77 101
77 165
77 169
77 170
77 203
77 112
77 113
77 134
77 120
77 121
77 188
78 165
78 132
78 135
78 137
78 127
78 179
78 117
79 143
79 88
79 155
79 165
79 80
79 101
79 102
79 105
79 110
79 136
79 179
79 182
79 137
79 132
80 135
80 137
80 155
80 165
80 101
80 167
80 136
80 121
80 94
81 196
81 197
81 88
81 154
81 159
81 96
81 100
81 102
81 169
81 106
81 113
81 190
81 182
81 200
81 189
82 160
82 193
82 195
82 197
82 103
82 200
82 171
82 177
82 148
82 181
82 184
82 153
82 154
82 125
82 126
83 168
83 194
83 151
83 152
83 91
84 129
84 131
84 147
84 133
85 201
85 99
85 111
86 97
86 113
86 104
86 161
86 138
86 112
86 115
86 170
86 169
86 88
86 120
86 124
86 157
86 190
86 191
87 98
87 91
88 128
88 143
88 165
88 169
88 170
88 136
88 188
88 196
88 203
88 182
88 96
88 101
88 102
88 110
88 112
88 113
88 190
88 121
88 124
89 147
89 172
89 125
89 142
89 93
90 128
90 130
90 198
90 203
90 141
90 150
90 92
90 95
90 166
90 169
90 112
90 119
90 121
90 122
91 194
91 168
91 141
91 180
91 151
91 123
92 198
92 130
92 134
92 97
92 109
92 141
92 115
92 122
92 150
92 119
92 120
93 172
94 128
94 135
94 136
94 203
94 137
94 101
94 165
94 121
95 198
95 193
95 203
95 130
95 166
95 174
95 141
95 150
95 119
95 180
95 122
95 156
95 126
96 196
96 197
96 200
96 190
96 170
96 153
96 154
96 100
96 102
96 106
96 112
96 113
96 181
96 182
96 169
96 189
97 134
97 124
97 170
97 109
97 112
97 115
97 169
97 120
97 191
99 133
99 201
99 139
99 111
100 197
100 196
100 133
100 106
100 139
100 147
100 153
100 189
100 159
101 110
101 137
101 155
101 165
101 102
101 167
101 105
101 112
101 113
101 182
101 121
101 136
102 196
102 155
102 167
102 105
102 112
102 113
102 190
102 182
102 169
102 136
103 192
103 193
103 194
103 195
103 200
103 149
103 151
103 152
103 154
103 156
103 160
103 171
103 173
103 180
103 181
103 184
103 126
104 161
104 138
104 108
104 178
104 115
104 191
104 124
104 157
104 158
105 155
105 167
105 136
105 182
105 137
106 181
106 197
106 200
106 113
106 139
106 142
106 196
106 169
106 153
106 154
106 189
106 159
107 176
107 164
108 178
108 161
108 138
108 191
108 124
108 157
109 115
109 124
109 191
110 137
110 128
110 143
110 165
110 199
110 112
110 136
110 179
110 132
110 121
110 188
111 133
111 201
111 139
112 134
112 128
112 165
112 169
112 170
112 136
112 132
112 188
112 203
112 182
112 113
112 190
112 120
112 121
112 124
113 196
113 182
113 169
113 203
113 189
113 136
113 190
113 170
114 176
114 163
114 140
115 162
115 134
115 161
115 124
115 138
115 170
115 169
115 120
115 191
116 146
116 167
116 164
116 183
117 128
117 132
117 165
117 135
117 137
117 179
117 127
118 163
118 204
119 198
119 166
119 203
119 130
119 141
119 150
119 180
119 122
120 188
120 134
120 199
120 124
120 178
121 135
121 128
121 165
121 188
121 203
121 136
121 132
121 137
122 192
122 130
122 198
122 203
122 141
122 150
122 156
122 166
122 180
122 126
124 134
124 161
124 138
124 157
124 169
124 170
124 178
124 191
125 197
125 200
125 139
125 142
125 175
125 177
125 148
125 153
126 192
126 193
126 195
126 200
126 149
126 151
126 152
126 154
126 156
126 160
126 171
126 173
126 180
126 181
126 184
127 179
127 132
127 135
128 135
128 203
128 165
128 134
128 188
128 132
129 147
130 198
130 166
130 203
130 141
130 150
131 133
132 135
132 165
132 188
132 179
132 137
132 143
133 147
133 159
133 189
134 188
134 170
135 165
135 137
136 137
136 155
136 165
136 167
136 182
137 165
137 179
137 155
138 161
138 157
138 158
138 191
139 197
139 200
139 204
139 153
139 189
139 159
140 176
140 163
141 192
141 166
141 198
141 150
141 180
142 144
142 147
142 189
143 199
143 179
143 188
143 165
144 162
144 192
145 160
145 194
145 195
145 168
145 173
145 149
145 151
145 152
145 186
145 156
146 183
147 189
148 160
148 195
148 177
148 152
148 171
148 175
149 160
149 195
149 166
149 193
149 171
149 173
149 186
149 184
149 156
150 198
150 166
150 156
150 180
151 192
151 194
151 152
151 156
151 168
151 171
151 173
151 180
151 184
151 186
152 160
152 194
152 195
152 177
152 171
152 173
152 184
153 197
153 200
153 204
153 189
153 181
153 154
154 192
154 193
154 196
154 197
154 200
154 171
154 181
154 169
154 184
154 189
155 167
156 193
156 194
156 195
156 186
156 160
156 166
156 171
156 173
156 180
156 181
156 184
157 178
157 161
157 158
157 191
158 161
159 189
159 197
160 193
160 195
160 177
160 171
160 173
160 186
160 184
161 191
162 192
162 191
163 176
163 204
164 176
164 183
164 202
165 179
165 188
166 198
166 186
166 174
166 180
167 202
167 183
168 194
168 186
168 173
169 196
169 182
169 189
169 190
169 170
170 196
170 182
170 190
170 191
171 194
171 195
171 193
171 200
171 173
171 180
171 181
171 184
171 186
173 194
173 195
173 193
173 186
173 184
174 187
175 177
176 204
176 202
178 199
179 188
180 192
180 194
180 198
180 181
180 184
181 193
181 197
181 200
181 196
181 184
182 196
182 190
184 195
184 193
184 200
185 187
186 193
186 194
186 195
188 199
188 203
189 196
189 197
189 200
190 196
193 195
193 200
196 197
196 200
197 200
