0 128
0 1
0 2
0 3
0 4
0 5
0 7
0 10
0 11
0 12
0 17
0 146
0 19
0 20
0 28
0 160
0 35
0 165
0 156
0 173
0 46
0 175
0 56
0 186
0 138
0 190
0 191
0 64
0 139
0 72
0 73
0 82
0 58
0 88
0 93
0 131
0 102
0 109
0 114
0 62
0 118
0 120
0 126
0 195
1 2
1 3
1 4
1 7
1 72
1 138
1 139
1 190
1 173
1 82
1 131
1 20
1 86
1 88
1 28
1 93
1 98
1 35
1 165
1 102
1 109
1 175
1 19
1 62
1 118
1 186
1 191
1 126
1 146
2 3
2 5
2 6
2 7
2 138
2 139
2 12
2 146
2 131
2 20
2 28
2 35
2 165
2 39
2 156
2 173
2 46
2 175
2 50
2 56
2 186
2 190
2 191
2 64
2 66
2 195
2 72
2 73
2 82
2 86
2 88
2 93
2 98
2 100
2 102
2 109
2 110
2 114
2 19
2 62
2 118
2 126
3 131
3 5
3 6
3 7
3 138
3 139
3 12
3 146
3 19
3 20
3 28
3 35
3 165
3 39
3 156
3 173
3 46
3 50
3 56
3 186
3 60
3 190
3 191
3 64
3 66
3 195
3 72
3 73
3 82
3 86
3 88
3 93
3 98
3 100
3 102
3 109
3 110
3 114
3 62
3 118
3 126
4 82
4 175
5 64
5 69
5 6
5 7
5 72
5 73
5 138
5 139
5 12
5 66
5 173
5 17
5 82
5 19
5 20
5 121
5 28
5 185
5 33
5 35
5 131
5 101
5 38
5 40
5 156
5 109
5 46
5 99
5 50
5 115
5 126
5 201
5 84
5 186
5 60
5 102
5 62
5 191
6 7
6 138
6 139
6 12
6 15
6 146
6 19
6 20
6 150
6 152
6 26
6 28
6 33
6 35
6 38
6 39
6 156
6 172
6 173
6 46
6 47
6 50
6 56
6 185
6 186
6 60
6 62
6 191
6 64
6 66
6 195
6 72
6 73
6 57
6 91
6 93
6 99
6 100
6 101
6 110
6 114
6 131
6 121
7 138
7 139
7 12
7 146
7 131
7 20
7 28
7 35
7 165
7 156
7 173
7 46
7 175
7 50
7 56
7 186
7 60
7 190
7 191
7 64
7 66
7 195
7 72
7 73
7 82
7 86
7 88
7 93
7 98
7 100
7 102
7 109
7 110
7 114
7 19
7 62
7 118
7 126
8 176
8 68
8 133
8 134
8 71
8 40
8 44
8 48
8 18
8 84
8 117
8 183
8 24
8 148
8 187
8 124
9 49
9 61
9 170
9 122
9 166
9 129
9 74
9 143
9 181
9 90
9 29
10 194
10 131
10 136
10 73
10 11
10 141
10 15
10 56
10 19
10 20
10 26
10 91
10 31
10 160
10 195
10 39
10 109
10 111
10 114
10 190
10 137
10 120
10 57
10 58
10 189
10 126
11 175
11 67
11 69
11 136
11 137
11 203
11 141
11 194
11 15
11 17
11 83
11 26
11 91
11 31
11 160
11 102
11 105
11 171
11 109
11 111
11 190
11 120
11 57
11 58
11 188
11 189
11 126
12 138
12 139
12 15
12 146
12 19
12 20
12 150
12 152
12 26
12 28
12 33
12 35
12 38
12 39
12 156
12 172
12 173
12 46
12 47
12 50
12 56
12 57
12 186
12 60
12 62
12 191
12 64
12 66
12 195
12 72
12 73
12 185
12 91
12 93
12 99
12 100
12 101
12 102
12 109
12 110
12 114
12 131
12 121
13 128
13 160
13 203
13 49
13 137
13 202
13 75
13 109
13 175
13 17
13 167
13 21
13 54
13 120
13 58
13 188
13 157
13 126
14 25
14 27
14 116
14 22
14 41
15 67
15 69
15 73
15 83
15 20
15 185
15 26
15 111
15 156
15 30
15 31
15 33
15 99
15 131
15 38
15 105
15 172
15 114
15 47
15 91
15 19
15 57
15 189
16 96
16 65
16 162
16 197
16 97
16 161
16 151
16 108
16 144
16 145
16 178
16 179
16 87
16 89
16 27
17 128
17 75
17 69
17 137
17 138
17 82
17 21
17 203
17 91
17 102
17 109
17 46
17 175
17 49
17 190
17 54
17 120
17 58
17 188
17 202
17 126
18 68
18 133
18 134
18 71
18 148
18 149
18 150
18 121
18 24
18 30
18 69
18 33
18 99
18 101
18 38
18 40
18 60
18 44
18 48
18 115
18 185
18 183
18 84
18 124
19 139
19 146
19 131
19 20
19 150
19 26
19 28
19 33
19 35
19 165
19 38
19 39
19 156
19 172
19 173
19 46
19 47
19 50
19 56
19 57
19 58
19 60
19 138
19 62
19 191
19 64
19 66
19 195
19 72
19 73
19 82
19 186
19 88
19 91
19 93
19 99
19 100
19 102
19 109
19 110
19 114
19 190
19 118
19 121
19 126
20 139
20 146
20 152
20 26
20 28
20 33
20 35
20 165
20 38
20 39
20 156
20 173
20 46
20 50
20 56
20 57
20 58
20 60
20 138
20 62
20 191
20 64
20 66
20 195
20 72
20 73
20 190
20 82
20 186
20 88
20 93
20 99
20 100
20 102
20 109
20 110
20 114
20 131
20 118
20 121
20 126
21 128
21 203
21 166
21 102
21 49
21 137
21 74
21 75
21 109
21 167
21 54
21 120
21 202
21 175
21 188
21 157
21 126
22 192
22 179
22 116
22 85
22 41
22 25
22 27
23 198
23 33
23 172
23 150
23 38
23 193
23 124
23 44
23 30
23 47
24 176
24 68
24 133
24 134
24 71
24 40
24 44
24 48
24 84
24 117
24 183
24 148
24 187
24 124
24 30
24 149
25 179
25 116
25 41
25 27
26 194
26 67
26 69
26 136
26 73
26 83
26 111
26 91
26 156
26 31
26 33
26 99
26 195
26 105
26 172
26 109
26 47
26 114
26 190
26 137
26 56
26 57
26 58
26 189
26 126
27 179
27 116
27 41
28 138
28 139
28 146
28 131
28 156
28 33
28 35
28 165
28 38
28 39
28 173
28 46
28 50
28 56
28 186
28 60
28 62
28 191
28 64
28 66
28 195
28 72
28 73
28 82
28 86
28 88
28 93
28 98
28 99
28 100
28 102
28 109
28 110
28 114
28 190
28 118
28 121
28 126
29 129
29 166
29 74
29 183
29 143
29 48
29 115
29 148
29 117
29 170
29 61
29 149
30 68
30 69
30 172
30 183
30 140
30 84
30 149
30 150
30 185
30 33
30 99
30 101
30 38
30 40
30 105
30 44
30 47
30 180
30 121
30 57
30 124
30 60
31 194
31 67
31 105
31 111
31 136
31 83
31 171
31 137
31 57
31 58
31 91
31 188
31 169
32 163
32 132
32 70
32 135
32 104
32 169
32 140
32 112
32 180
32 53
32 182
32 59
32 127
33 64
33 131
33 68
33 72
33 73
33 138
33 156
33 124
33 150
33 91
33 69
33 84
33 35
33 101
33 38
33 40
33 105
33 172
33 114
33 46
33 47
33 99
33 50
33 185
33 121
33 57
33 60
33 62
33 191
34 97
34 162
34 161
34 103
34 125
34 159
35 138
35 139
35 146
35 131
35 150
35 165
35 38
35 39
35 156
35 173
35 46
35 50
35 56
35 186
35 60
35 62
35 191
35 64
35 66
35 195
35 72
35 73
35 82
35 88
35 93
35 98
35 99
35 100
35 102
35 109
35 110
35 114
35 190
35 118
35 121
35 126
36 130
36 141
36 189
37 177
38 64
38 66
38 131
38 68
38 72
38 73
38 138
38 156
38 124
38 110
38 150
38 91
38 69
38 101
38 40
38 105
38 172
38 114
38 46
38 47
38 99
38 50
38 185
38 121
38 57
38 60
38 62
38 191
39 64
39 72
39 73
39 152
39 146
39 131
39 88
39 156
39 93
39 195
39 114
39 190
39 56
39 186
39 189
39 62
40 66
40 68
40 71
40 84
40 150
40 185
40 99
40 101
40 60
40 46
40 50
40 115
40 183
40 121
40 124
41 179
41 116
42 80
42 196
42 164
42 157
42 79
43 65
43 162
43 67
43 135
43 136
43 169
43 171
43 78
43 111
43 144
43 113
43 53
44 68
44 134
44 71
44 124
44 127
45 147
46 64
46 72
46 73
46 138
46 139
46 66
46 173
46 82
46 121
46 91
46 185
46 69
46 84
46 131
46 101
46 156
46 109
46 99
46 50
46 115
46 126
46 57
46 186
46 60
46 102
46 62
46 191
47 193
47 69
47 73
47 83
47 150
47 91
47 156
47 99
47 105
47 172
47 114
47 185
47 57
47 121
47 124
47 60
48 148
48 68
48 133
48 134
48 71
48 143
48 176
48 115
48 84
48 117
48 183
48 52
48 187
48 149
49 129
49 203
49 166
49 167
49 202
49 75
49 77
49 54
49 157
49 158
50 64
50 72
50 76
50 138
50 139
50 66
50 173
50 82
50 110
50 86
50 93
50 150
50 165
50 100
50 101
50 156
50 146
50 131
50 118
50 201
50 121
50 186
50 60
50 102
50 62
50 191
51 67
51 70
51 105
51 74
51 171
51 144
51 145
51 163
51 85
51 151
51 184
51 89
51 170
51 169
51 149
52 176
52 187
52 148
52 117
52 168
52 123
52 133
53 113
53 163
53 182
53 70
53 135
53 104
53 169
53 144
54 128
54 160
54 203
54 137
54 202
54 75
54 175
54 80
54 167
54 120
54 188
54 157
54 126
55 201
55 154
55 76
55 86
55 199
56 64
56 72
56 73
56 139
56 141
56 146
56 186
56 88
56 93
56 131
56 195
56 156
56 109
56 114
56 190
56 58
56 189
56 62
56 191
57 67
57 69
57 73
57 83
57 185
57 91
57 156
57 99
57 105
57 172
57 114
57 111
57 121
57 60
57 138
58 194
58 131
58 73
58 141
58 82
58 203
58 120
58 91
58 160
58 102
58 109
58 175
58 189
58 114
58 190
58 137
58 188
58 138
58 126
58 195
59 112
59 163
59 132
59 149
59 70
59 104
59 180
59 123
59 140
59 127
60 64
60 66
60 68
60 72
60 73
60 138
60 173
60 110
60 150
60 121
60 84
60 100
60 101
60 156
60 146
60 99
60 115
60 185
60 131
60 186
60 124
60 102
60 62
60 191
61 129
61 181
61 166
61 170
61 122
61 92
61 143
62 138
62 139
62 146
62 165
62 156
62 173
62 186
62 190
62 191
62 64
62 66
62 195
62 72
62 73
62 82
62 86
62 88
62 93
62 98
62 100
62 102
62 109
62 110
62 114
62 131
62 118
62 121
62 126
63 96
63 196
63 108
63 77
63 87
64 72
64 73
64 138
64 139
64 66
64 173
64 152
64 82
64 110
64 150
64 88
64 93
64 98
64 100
64 165
64 156
64 195
64 114
64 131
64 118
64 121
64 186
64 191
64 146
65 96
65 161
65 162
65 197
65 97
65 144
65 103
65 108
65 78
65 178
65 174
65 89
66 72
66 76
66 138
66 139
66 146
66 110
66 86
66 93
66 150
66 165
66 100
66 101
66 156
66 173
66 131
66 118
66 201
66 121
66 186
66 191
67 194
67 171
67 69
67 136
67 137
67 74
67 83
67 151
67 89
67 91
67 163
67 105
67 111
67 169
67 184
67 188
68 133
68 134
68 71
68 148
68 149
68 150
68 121
68 69
68 99
68 101
68 176
68 115
68 185
68 183
68 84
68 124
69 74
69 185
69 83
69 84
69 149
69 121
69 91
69 99
69 102
69 105
69 172
69 115
69 180
69 183
69 124
69 138
70 144
70 132
70 135
70 169
70 163
70 151
70 85
71 176
71 133
71 134
71 84
71 117
71 183
71 148
71 187
71 124
72 138
72 139
72 146
72 131
72 150
72 165
72 156
72 173
72 186
72 191
72 195
72 73
72 82
72 88
72 93
72 98
72 99
72 100
72 102
72 109
72 110
72 114
72 190
72 118
72 121
72 126
73 139
73 146
73 152
73 156
73 172
73 173
73 138
73 191
73 195
73 190
73 82
73 186
73 88
73 91
73 93
73 99
73 100
73 109
73 110
73 114
73 131
73 118
73 121
73 126
74 129
74 166
74 170
74 75
74 163
74 145
74 151
74 184
74 89
74 122
74 188
75 128
75 203
75 166
75 102
75 137
75 167
75 109
75 120
75 202
75 175
75 188
75 157
75 126
76 86
76 199
76 201
77 96
77 166
77 145
77 170
77 108
77 122
77 87
77 184
77 90
77 155
77 157
78 81
78 119
78 107
78 204
78 174
79 80
79 203
79 164
79 196
79 89
79 107
79 204
79 157
79 174
80 164
80 196
80 203
80 157
81 119
82 128
82 139
82 190
82 173
82 146
82 86
82 186
82 88
82 93
82 160
82 131
82 165
82 102
82 156
82 109
82 175
82 126
82 118
82 138
82 191
83 194
83 104
83 105
83 172
83 136
83 91
83 163
83 180
83 171
83 169
83 111
84 148
84 149
84 185
84 99
84 101
84 115
84 183
84 121
84 124
85 144
85 135
85 163
85 151
86 100
86 98
86 139
86 173
86 118
86 88
86 186
86 191
86 93
86 165
87 96
87 197
87 170
87 108
87 145
87 178
87 179
87 184
87 89
87 122
88 139
88 173
88 93
88 98
88 100
88 165
88 195
88 156
88 146
88 110
88 131
88 118
88 186
88 191
89 96
89 197
89 204
89 151
89 108
89 174
89 145
89 171
89 203
89 184
89 188
89 157
90 129
90 181
90 166
90 122
90 155
91 194
91 136
91 185
91 111
91 156
91 99
91 102
91 105
91 171
91 172
91 109
91 114
91 190
91 137
91 120
91 188
91 138
91 126
92 192
93 138
93 139
93 173
93 165
93 98
93 100
93 114
93 146
93 156
93 109
93 110
93 131
93 118
93 186
93 195
93 190
93 191
94 160
94 200
94 141
95 200
95 107
95 119
96 197
96 108
96 145
96 178
96 179
96 184
96 122
97 162
97 103
97 161
97 144
97 125
98 139
98 146
98 131
98 100
98 165
98 173
98 110
98 118
98 186
98 191
99 131
99 138
99 156
99 124
99 150
99 121
99 101
99 105
99 172
99 114
99 185
99 102
100 150
100 139
100 152
100 146
100 165
100 131
100 101
100 156
100 173
100 110
100 118
100 121
100 186
100 191
101 110
101 150
101 185
101 156
101 121
101 124
102 137
102 138
102 109
102 186
102 188
102 139
102 156
102 175
102 115
102 126
102 120
102 190
102 191
103 162
103 161
103 125
103 159
104 112
104 132
104 180
104 135
104 169
104 140
104 182
105 149
105 185
105 163
105 169
105 172
105 111
105 180
106 147
107 194
107 171
107 174
107 119
107 136
107 204
108 196
108 197
108 174
108 145
108 178
108 184
108 122
109 137
109 160
109 156
109 175
109 128
109 186
109 138
109 190
109 191
109 139
109 141
109 131
109 114
109 118
109 120
109 126
109 195
110 139
110 152
110 146
110 150
110 165
110 156
110 173
110 131
110 118
110 121
110 186
110 191
111 194
111 136
111 171
111 137
111 189
111 169
112 132
112 180
112 140
112 127
113 144
113 161
113 162
113 182
113 135
114 139
114 146
114 186
114 152
114 131
114 156
114 172
114 189
114 190
114 195
114 138
114 191
115 148
115 143
115 149
115 183
115 121
115 185
116 179
117 176
117 133
117 134
117 143
117 183
117 148
117 187
118 138
118 139
118 173
118 165
118 146
118 156
118 131
118 186
118 195
118 191
119 204
119 174
120 128
120 194
120 137
120 203
120 157
120 160
120 175
120 126
120 188
120 202
120 190
121 131
121 138
121 150
121 185
121 156
121 124
121 191
122 129
122 166
122 145
122 179
122 170
122 181
122 184
122 155
123 176
123 132
123 133
123 168
124 134
124 149
124 150
124 185
124 180
124 183
125 159
126 203
126 202
126 186
126 160
126 131
126 139
126 156
126 175
126 128
126 190
126 137
126 188
126 138
127 180
127 132
127 140
128 160
128 203
128 202
128 190
128 175
128 157
129 166
129 170
129 143
129 181
131 139
131 146
131 152
131 165
131 156
131 173
131 138
131 191
131 195
131 186
131 190
132 163
132 169
132 140
132 180
132 149
133 176
133 187
133 134
133 148
134 176
134 148
134 183
134 187
135 163
135 169
135 144
135 182
136 194
136 137
136 171
136 169
137 175
137 141
137 194
137 203
137 157
137 160
137 184
137 171
137 190
137 188
137 202
138 139
138 146
138 156
138 173
138 175
138 186
138 185
138 191
138 190
139 173
139 165
139 156
139 191
139 175
139 186
139 190
139 195
139 146
140 180
141 160
141 194
141 189
141 190
142 198
143 148
143 149
143 183
143 181
144 162
144 163
144 197
144 161
144 151
145 179
145 166
145 151
145 184
145 188
145 170
145 197
146 173
146 152
146 165
146 195
146 156
146 186
146 191
148 176
148 183
148 187
148 149
149 180
149 185
149 183
149 163
150 156
150 172
150 185
151 163
151 171
151 184
151 170
152 195
152 156
153 158
153 167
154 199
155 158
156 172
156 173
156 186
156 191
156 195
156 185
156 190
157 203
157 164
157 196
157 184
157 188
157 202
158 167
160 190
160 175
161 162
163 171
163 180
163 169
164 196
165 173
165 186
165 191
166 167
166 170
166 202
166 181
167 202
168 192
169 171
169 180
169 182
170 179
170 181
170 184
171 194
171 184
171 188
172 185
173 195
173 186
173 191
174 178
174 204
174 197
175 203
175 202
175 190
176 187
178 197
180 185
183 185
184 197
184 203
184 188
186 190
186 191
186 195
188 194
188 203
188 202
189 194
189 195
189 200
189 190
190 195
191 195
193 198
199 201
202 203
