0 1
0 2
0 3
0 4
0 5
0 198
0 129
0 136
0 201
0 14
0 144
0 17
0 19
0 23
0 25
0 91
0 94
0 33
0 34
0 100
0 40
0 71
0 168
0 179
0 158
0 60
0 36
1 64
1 2
1 3
1 4
1 5
1 6
1 65
1 136
1 76
1 12
1 14
1 144
1 17
1 18
1 19
1 23
1 25
1 26
1 91
1 94
1 100
1 33
1 34
1 36
1 198
1 40
1 161
1 42
1 71
1 173
1 129
1 176
1 168
1 179
1 158
1 201
1 60
1 170
2 3
2 4
2 5
2 6
2 65
2 64
2 76
2 12
2 14
2 144
2 18
2 19
2 23
2 25
2 26
2 91
2 94
2 100
2 33
2 34
2 36
2 198
2 40
2 161
2 42
2 71
2 173
2 129
2 176
2 136
2 179
2 158
2 201
2 56
2 57
2 168
2 60
2 170
2 62
3 4
3 5
3 198
3 71
3 136
3 129
3 14
3 144
3 17
3 19
3 23
3 25
3 91
3 94
3 33
3 34
3 100
3 40
3 42
3 176
3 168
3 179
3 158
3 201
3 58
3 60
3 36
4 196
4 5
4 6
4 7
4 136
4 201
4 12
4 13
4 14
4 144
4 17
4 18
4 19
4 20
4 151
4 25
4 26
4 30
4 100
4 107
4 161
4 99
4 36
4 65
4 129
4 41
4 42
4 71
4 173
4 176
4 168
4 94
4 119
4 56
4 57
4 159
4 60
4 170
5 198
5 129
5 136
5 201
5 14
5 144
5 17
5 19
5 23
5 25
5 91
5 94
5 33
5 34
5 100
5 40
5 71
5 168
5 179
5 158
5 60
5 36
6 64
6 203
6 65
6 200
6 168
6 119
6 12
6 13
6 14
6 124
6 18
6 19
6 20
6 23
6 152
6 25
6 29
6 94
6 95
6 160
6 161
6 191
6 100
6 165
6 129
6 41
6 44
6 151
6 47
6 176
6 49
6 55
6 56
6 57
6 159
6 60
6 62
6 127
7 193
7 66
7 101
7 38
7 103
7 170
7 107
7 173
7 15
7 189
7 178
7 196
7 30
7 134
7 100
7 26
7 151
7 157
7 126
7 133
8 10
8 11
8 28
9 196
9 99
9 36
9 133
9 103
9 169
9 74
9 43
9 178
9 142
9 143
9 16
9 17
9 114
9 19
9 20
9 147
9 132
9 94
9 159
11 152
11 200
11 115
11 181
11 28
11 127
11 44
11 29
11 95
12 64
12 203
12 65
12 200
12 119
12 13
12 14
12 18
12 23
12 152
12 25
12 91
12 29
12 95
12 160
12 161
12 100
12 198
12 129
12 41
12 42
12 71
12 44
12 151
12 110
12 47
12 176
12 168
12 55
12 56
12 57
12 60
12 62
12 127
13 65
13 130
13 203
13 69
13 129
13 202
13 119
13 81
13 18
13 20
13 124
13 151
13 26
13 27
13 92
13 90
13 94
13 159
13 161
13 100
13 165
13 113
13 168
13 41
13 170
13 176
13 47
13 157
13 49
13 30
13 55
13 56
13 57
13 60
13 126
13 191
14 65
14 64
14 76
14 144
14 17
14 18
14 19
14 23
14 25
14 26
14 91
14 94
14 100
14 33
14 34
14 36
14 198
14 40
14 161
14 42
14 71
14 173
14 129
14 176
14 136
14 179
14 158
14 201
14 168
14 60
14 170
15 193
15 66
15 196
15 133
15 38
15 103
15 74
15 175
15 178
15 180
15 184
15 155
15 157
15 134
16 128
16 132
16 74
16 142
16 79
16 145
16 147
16 148
16 196
16 24
16 89
16 90
16 155
16 20
16 159
16 97
16 99
16 169
16 43
16 178
16 180
16 114
16 52
16 53
16 137
16 184
16 84
17 196
17 71
17 136
17 74
17 103
17 111
17 144
17 179
17 114
17 99
17 147
17 36
17 58
17 158
18 64
18 203
18 65
18 200
18 119
18 23
18 152
18 25
18 91
18 29
18 95
18 160
18 161
18 100
18 198
18 129
18 41
18 42
18 71
18 44
18 151
18 110
18 47
18 176
18 168
18 55
18 56
18 57
18 60
18 62
19 71
19 74
19 132
19 77
19 143
19 147
19 20
19 142
19 23
19 25
19 90
19 94
19 100
19 160
19 99
19 36
19 129
19 169
19 196
19 43
19 178
19 168
19 47
19 49
19 114
19 52
19 119
19 56
19 57
19 159
19 60
20 129
20 132
20 203
20 74
20 119
20 142
20 124
20 196
20 36
20 90
20 94
20 159
20 160
20 99
20 100
20 168
20 41
20 43
20 178
20 47
20 49
20 114
20 147
20 52
20 55
20 56
20 57
20 60
21 32
21 148
21 169
21 137
21 106
21 77
22 160
22 115
22 165
22 200
22 105
22 106
22 87
22 78
22 73
22 49
22 146
22 83
22 52
22 54
22 55
22 137
22 90
22 61
23 65
23 64
23 129
23 152
23 25
23 91
23 100
23 29
23 95
23 160
23 33
23 36
23 198
23 40
23 161
23 71
23 44
23 200
23 47
23 176
23 168
23 201
23 57
23 60
23 62
23 127
24 128
24 97
24 148
24 180
24 102
24 184
24 73
24 43
24 142
24 79
24 145
24 84
24 53
24 150
24 89
24 137
24 52
24 90
24 155
24 183
25 65
25 64
25 76
25 152
25 100
25 91
25 94
25 95
25 33
25 34
25 36
25 198
25 40
25 161
25 42
25 71
25 44
25 129
25 47
25 176
25 168
25 201
25 56
25 57
25 60
25 62
26 67
26 69
26 130
26 202
26 203
26 173
26 80
26 81
26 124
26 151
26 176
26 164
26 157
26 30
26 101
26 161
26 100
26 37
26 129
26 41
26 42
26 107
26 109
26 48
26 168
26 119
26 56
26 60
26 170
26 126
27 130
27 203
27 202
27 55
27 194
27 81
27 83
27 151
27 92
27 49
27 41
27 47
27 113
27 50
27 54
27 119
27 56
27 57
27 59
27 124
27 191
28 115
28 181
28 106
28 78
28 127
29 64
29 65
29 165
29 200
29 44
29 77
29 78
29 47
29 115
29 160
29 181
29 152
29 57
29 127
29 62
29 95
30 130
30 67
30 69
30 202
30 203
30 60
30 80
30 81
30 173
30 151
30 164
30 157
30 37
30 100
30 101
30 166
30 168
30 41
30 42
30 107
30 109
30 189
30 48
30 119
30 56
30 124
30 170
30 126
30 191
31 192
31 138
31 35
31 204
31 199
32 137
32 106
32 148
32 169
33 198
33 71
33 64
33 201
33 76
33 91
33 161
33 34
33 40
33 42
33 110
33 176
33 136
33 168
34 198
34 40
34 201
34 42
34 71
34 76
34 144
34 136
34 179
34 58
34 91
34 158
34 63
35 192
35 138
35 199
35 204
36 71
36 132
36 143
36 142
36 179
36 94
36 159
36 160
36 99
36 100
36 40
36 169
36 196
36 129
36 168
36 114
36 147
36 60
37 80
37 67
37 101
37 170
37 107
37 109
37 173
37 48
37 171
37 117
37 187
37 58
37 63
38 193
38 66
38 196
38 133
38 134
38 103
38 74
38 107
38 175
38 178
38 180
38 85
38 184
38 155
38 157
38 126
39 177
39 188
39 185
39 59
39 156
39 46
40 198
40 71
40 136
40 201
40 76
40 144
40 91
40 158
40 168
40 179
40 60
41 65
41 126
41 203
41 129
41 202
41 119
41 81
41 151
41 92
41 90
41 94
41 130
41 160
41 161
41 100
41 165
41 113
41 168
41 124
41 170
41 176
41 47
41 157
41 49
41 55
41 56
41 57
41 159
41 60
41 62
41 191
42 64
42 65
42 76
42 173
42 80
42 171
42 91
42 168
42 161
42 170
42 71
42 109
42 110
42 176
42 201
42 120
42 186
42 60
43 196
43 99
43 132
43 103
43 74
43 178
43 142
43 180
43 114
43 147
43 169
43 52
43 155
43 94
43 159
44 64
44 65
44 161
44 167
44 47
44 176
44 200
44 181
44 152
44 127
44 62
44 95
45 108
46 113
46 50
46 83
46 139
46 149
46 194
46 122
46 59
46 156
46 61
47 64
47 65
47 130
47 203
47 129
47 200
47 119
47 124
47 152
47 94
47 95
47 160
47 161
47 191
47 100
47 165
47 168
47 151
47 176
47 49
47 181
47 55
47 56
47 57
47 159
47 60
47 62
47 127
48 67
48 69
48 204
48 202
48 140
48 173
48 80
48 151
48 157
48 101
48 164
48 166
48 170
48 107
48 109
48 112
48 116
48 189
48 126
49 129
49 130
49 203
49 196
49 200
49 73
49 55
49 83
49 149
49 90
49 94
49 159
49 160
49 100
49 165
49 113
49 52
49 54
49 119
49 56
49 57
49 124
49 61
49 191
50 130
50 59
50 113
50 194
50 203
50 162
50 81
50 83
50 149
50 185
50 156
50 191
51 154
51 131
51 141
51 86
51 167
52 128
52 196
52 137
52 119
52 142
52 79
52 145
52 83
52 89
52 90
52 94
52 159
52 160
52 97
52 148
52 165
52 169
52 53
52 54
52 73
52 84
52 61
53 128
53 73
53 139
53 79
53 145
53 83
53 148
53 85
53 150
53 89
53 90
53 155
53 97
53 180
53 102
53 183
53 137
53 184
53 84
53 122
53 61
53 149
54 105
54 113
54 200
54 73
54 87
54 203
54 115
54 146
54 83
54 149
54 86
54 55
54 90
54 61
54 165
55 65
55 130
55 129
55 200
55 203
55 81
55 83
55 151
55 90
55 92
55 94
55 159
55 160
55 161
55 100
55 165
55 113
55 119
55 56
55 57
55 124
55 62
55 191
56 64
56 65
56 203
56 129
56 200
56 119
56 81
56 196
56 124
56 151
56 90
56 130
56 160
56 161
56 100
56 165
56 168
56 170
56 176
56 94
56 126
56 57
56 159
56 60
56 62
56 191
57 64
57 65
57 203
57 129
57 200
57 119
57 81
57 124
57 152
57 130
57 94
57 95
57 160
57 161
57 191
57 100
57 165
57 168
57 151
57 176
57 159
57 60
57 62
57 127
58 96
58 195
58 136
58 75
58 98
58 111
58 144
58 179
58 173
58 158
58 63
59 130
59 113
59 156
59 139
59 194
59 175
59 81
59 83
59 149
59 185
59 124
59 157
59 191
60 129
60 151
60 159
60 160
60 161
60 176
60 62
60 64
60 65
60 196
60 198
60 71
60 201
60 91
60 94
60 100
60 168
60 119
60 124
60 170
61 73
61 139
61 79
61 145
61 146
61 83
61 84
61 149
61 87
61 89
61 90
61 97
61 165
61 105
61 113
61 137
61 122
62 64
62 65
62 129
62 200
62 119
62 152
62 95
62 160
62 161
62 100
62 168
62 176
62 181
62 127
63 96
63 98
63 195
63 136
63 75
63 173
63 111
63 144
63 179
63 187
63 158
64 65
64 152
64 91
64 95
64 198
64 129
64 161
64 110
64 176
64 168
65 203
65 71
65 200
65 119
65 152
65 94
65 95
65 160
65 161
65 100
65 129
65 151
65 176
65 168
65 127
66 193
66 107
66 134
66 139
66 175
66 178
66 85
66 157
66 126
67 80
67 171
67 164
67 112
67 170
67 107
67 140
67 109
67 173
67 116
67 126
67 69
67 202
67 187
67 189
67 101
68 177
68 82
68 122
68 174
69 130
69 164
69 101
69 166
69 170
69 107
69 140
69 175
69 81
69 189
69 151
69 202
69 124
69 157
69 126
69 191
70 88
70 72
70 186
70 123
70 140
70 190
71 100
71 136
71 129
71 144
71 91
71 94
71 198
71 161
71 176
71 168
71 179
71 158
71 201
72 104
72 123
72 92
72 125
72 190
73 128
73 137
73 139
73 79
73 145
73 83
73 84
73 85
73 89
73 90
73 97
73 102
73 105
73 113
73 183
73 184
73 122
73 149
74 193
74 99
74 132
74 133
74 103
74 196
74 178
74 142
74 114
74 147
74 180
74 94
74 159
75 96
75 144
75 98
75 195
75 136
75 158
75 111
76 198
76 201
76 110
76 176
76 91
77 160
77 200
77 169
77 106
77 143
77 78
77 127
78 160
78 181
78 115
78 165
78 200
78 106
78 127
79 128
79 139
79 145
79 83
79 148
79 149
79 150
79 89
79 90
79 155
79 97
79 180
79 102
79 183
79 137
79 184
79 84
79 122
79 85
80 172
80 171
80 140
80 109
80 173
80 190
80 187
80 117
80 202
80 153
80 123
80 170
80 101
81 130
81 203
81 194
81 202
81 151
81 92
81 157
81 164
81 166
81 170
81 113
81 119
81 124
81 126
81 191
82 163
82 85
82 150
82 122
82 139
82 174
83 130
83 203
83 139
83 145
83 84
83 85
83 89
83 90
83 156
83 157
83 97
83 191
83 113
83 122
83 149
84 128
84 139
84 145
84 148
84 149
84 150
84 89
84 90
84 155
84 97
84 102
84 183
84 137
84 184
84 180
84 122
84 85
85 97
85 163
85 193
85 139
85 175
85 180
85 145
85 150
85 184
85 89
85 122
85 155
85 149
86 146
86 115
86 131
86 181
86 167
86 154
86 141
87 146
87 135
87 105
88 120
88 186
88 123
88 190
89 128
89 139
89 145
89 148
89 149
89 150
89 90
89 155
89 97
89 180
89 102
89 183
89 137
89 184
89 122
90 203
90 196
90 119
90 142
90 145
90 149
90 137
90 94
90 159
90 160
90 97
90 165
90 113
90 178
90 191
91 198
91 161
91 110
91 176
91 136
91 201
91 168
92 130
92 203
92 154
92 202
92 191
93 112
93 153
93 116
94 129
94 132
94 151
94 159
94 160
94 161
94 168
94 176
94 178
94 196
94 142
94 99
94 100
94 114
94 147
94 119
94 124
95 129
95 200
95 152
95 160
95 161
95 198
95 176
95 181
95 127
96 144
96 98
96 195
96 136
96 158
96 111
97 128
97 139
97 145
97 148
97 149
97 150
97 155
97 180
97 102
97 183
97 137
97 184
97 122
98 144
98 179
98 195
98 136
98 158
98 111
99 196
99 132
99 133
99 103
99 178
99 142
99 114
99 147
99 100
99 159
100 151
100 159
100 160
100 161
100 129
100 170
100 176
100 196
100 203
100 107
100 168
100 119
100 124
100 126
101 164
101 134
101 170
101 107
101 204
101 173
101 116
101 126
101 182
101 121
101 187
101 189
102 128
102 180
102 184
102 183
102 145
102 148
102 155
102 137
103 193
103 132
103 133
103 178
103 142
103 114
103 147
103 196
104 154
104 125
105 146
106 115
106 200
106 137
107 134
107 202
107 151
107 157
107 164
107 170
107 173
107 124
107 189
107 126
108 193
108 155
108 180
108 150
109 172
109 171
109 140
109 173
109 190
109 117
109 186
109 153
109 123
109 170
110 161
110 120
110 186
110 176
111 144
111 179
111 158
112 164
112 116
112 166
112 153
112 140
113 130
113 203
113 194
113 139
113 149
113 156
113 157
113 124
113 191
114 196
114 133
114 142
114 178
114 147
114 180
114 169
114 132
114 159
115 165
115 131
115 200
115 141
115 146
115 181
115 127
116 121
116 204
116 189
117 171
117 172
119 126
119 129
119 200
119 203
119 124
119 151
119 196
119 130
119 160
119 161
119 165
119 168
119 170
119 176
119 157
119 159
119 191
120 172
120 186
121 182
121 187
121 189
121 197
122 149
122 139
122 174
122 145
122 150
123 186
123 171
123 140
123 190
124 129
124 130
124 203
124 202
124 151
124 164
124 157
124 159
124 161
124 168
124 170
124 126
124 191
125 154
126 134
126 202
126 203
126 151
126 164
126 157
126 130
126 170
126 175
126 189
126 191
127 160
127 165
127 200
127 181
127 152
128 148
128 180
128 184
128 183
128 145
128 150
128 155
128 137
129 196
129 203
129 160
129 161
129 200
129 168
129 170
129 151
129 176
129 159
130 194
130 203
130 202
130 151
130 157
130 164
130 166
130 191
131 181
131 167
131 154
131 141
132 196
132 133
132 178
132 142
132 147
132 169
132 180
132 155
132 159
133 193
133 134
133 178
133 196
134 193
134 175
134 189
134 178
134 157
136 201
136 144
136 158
136 179
137 148
137 183
137 145
137 169
138 192
138 163
139 145
139 149
139 150
139 155
139 156
139 163
139 175
139 184
140 164
140 202
140 171
140 153
140 190
140 166
141 167
141 154
142 196
142 155
142 159
142 169
142 178
142 147
142 180
143 160
143 147
143 169
144 179
144 201
144 158
145 148
145 149
145 150
145 155
145 180
145 183
145 184
147 178
147 196
147 169
148 183
149 156
149 157
149 175
149 191
150 163
150 184
150 180
150 183
150 155
151 203
151 202
151 176
151 164
151 157
151 159
151 161
151 166
151 170
151 173
151 168
151 191
152 161
152 200
152 176
152 181
152 160
153 171
154 167
155 193
155 178
155 180
155 183
155 184
156 194
156 177
156 175
156 185
156 188
157 193
157 202
157 164
157 175
157 189
157 191
158 179
158 201
159 203
159 196
159 160
159 165
159 168
159 178
159 191
160 200
160 165
160 181
160 169
161 203
161 201
161 176
161 168
161 170
162 194
163 177
163 174
164 166
164 204
164 170
164 175
164 189
164 202
165 203
165 200
165 181
165 191
166 202
166 190
168 173
168 176
168 196
168 198
168 201
168 170
169 196
170 202
170 173
170 171
170 176
171 172
171 173
171 186
171 190
172 186
173 187
175 193
175 204
175 189
175 185
176 201
176 198
177 188
178 193
178 196
178 180
178 184
179 201
180 193
180 183
180 184
181 200
182 197
182 187
182 189
183 184
184 193
185 188
185 194
186 190
187 195
189 204
191 203
191 194
191 202
192 199
193 196
198 201
202 203
