0 1
0 2
0 163
0 130
0 39
0 28
0 12
0 98
0 93
0 60
0 81
0 148
0 173
0 57
0 92
0 61
0 158
0 31
1 131
1 70
1 72
1 10
1 75
1 12
1 13
1 79
1 81
1 82
1 84
1 86
1 25
1 154
1 156
1 92
1 158
1 32
1 163
1 100
1 102
1 17
1 40
1 105
1 173
1 47
1 136
1 114
1 53
1 54
1 183
1 148
1 60
1 190
1 62
2 131
2 4
2 72
2 44
2 13
2 175
2 163
2 30
2 93
2 158
2 31
3 130
3 5
3 134
3 7
3 15
3 16
3 18
3 21
3 87
3 90
3 91
3 28
3 26
3 98
3 36
3 39
3 146
3 174
3 29
3 113
3 179
3 181
3 118
3 57
3 59
4 20
4 21
4 130
4 134
4 9
4 44
4 93
4 30
4 31
5 98
5 36
5 134
5 39
5 130
5 174
5 15
5 16
5 113
5 146
5 21
5 118
5 87
5 57
5 26
5 59
5 28
5 29
5 181
6 132
6 165
6 71
6 200
6 74
6 171
6 108
6 14
6 177
6 19
6 116
6 151
6 124
6 125
7 179
7 70
7 199
7 8
7 202
7 162
7 173
7 16
7 18
7 87
7 89
7 90
7 91
7 28
7 26
7 144
7 98
7 27
7 36
7 39
7 29
7 146
7 174
7 111
7 112
7 113
7 115
7 155
7 118
7 57
7 59
7 61
7 63
8 193
8 162
8 155
8 198
8 70
8 169
8 202
8 146
8 78
8 111
8 144
8 201
8 18
8 115
8 23
8 88
8 89
8 26
8 27
9 130
9 20
9 21
9 73
9 41
9 150
9 44
9 178
9 30
10 131
10 72
10 75
10 12
10 13
10 156
10 77
10 81
10 82
10 84
10 86
10 24
10 25
10 154
10 79
10 92
10 158
10 95
10 32
10 163
10 100
10 102
10 17
10 40
10 105
10 42
10 173
10 47
10 136
10 114
10 51
10 53
10 54
10 183
10 148
10 60
10 190
10 62
11 51
11 194
11 203
11 132
11 70
11 135
11 200
11 137
11 75
11 190
11 77
11 173
11 147
11 201
11 156
11 161
11 102
11 38
11 40
11 109
11 47
11 48
11 189
11 50
11 115
11 62
11 119
11 120
11 185
11 188
11 125
11 126
12 131
12 70
12 72
12 75
12 190
12 13
12 79
12 17
12 82
12 84
12 25
12 154
12 156
12 92
12 158
12 32
12 163
12 100
12 102
12 81
12 40
12 105
12 173
12 47
12 136
12 114
12 53
12 54
12 183
12 148
12 60
12 62
13 131
13 72
13 81
13 84
13 25
13 154
13 175
13 92
13 158
13 95
13 32
13 163
13 166
13 102
13 40
13 156
13 42
13 47
13 114
13 190
13 54
13 183
13 148
13 31
13 60
13 62
14 132
14 165
14 71
14 200
14 74
14 171
14 108
14 177
14 19
14 52
14 151
14 116
14 124
14 125
15 98
15 134
15 130
15 174
15 29
15 16
15 113
15 146
15 21
15 118
15 87
15 57
15 26
15 59
15 28
15 61
15 181
16 130
16 134
16 18
16 87
16 90
16 91
16 28
16 26
16 98
16 27
16 36
16 39
16 41
16 29
16 146
16 174
16 111
16 113
16 179
16 181
16 118
16 57
16 59
16 63
17 136
17 75
17 77
17 79
17 81
17 82
17 84
17 86
17 24
17 25
17 154
17 92
17 32
17 100
17 101
17 40
17 105
17 47
17 200
17 114
17 51
17 53
17 54
17 183
17 148
17 60
17 190
17 127
18 146
18 87
18 89
18 90
18 91
18 28
18 26
18 144
18 98
18 36
18 43
18 29
18 174
18 111
18 113
18 179
18 57
18 118
18 121
18 59
18 61
18 181
19 171
19 116
19 165
19 71
19 74
19 151
19 124
20 130
20 35
20 39
20 73
20 41
20 167
20 44
20 178
20 21
20 150
20 93
20 30
20 117
21 130
21 134
21 30
21 59
22 65
22 53
22 121
22 188
22 109
22 126
22 149
23 193
23 162
23 195
23 198
23 169
23 107
23 141
23 78
23 184
23 182
23 89
23 88
23 121
24 203
24 200
24 75
24 77
24 79
24 84
24 25
24 154
24 156
24 95
24 32
24 101
24 102
24 104
24 42
24 47
24 114
24 51
24 54
24 55
24 186
24 166
24 183
24 127
25 131
25 72
25 75
25 156
25 77
25 81
25 82
25 84
25 86
25 154
25 79
25 92
25 158
25 32
25 163
25 100
25 102
25 40
25 105
25 173
25 47
25 136
25 114
25 51
25 53
25 54
25 183
25 148
25 60
25 190
25 62
26 130
26 202
26 87
26 89
26 90
26 91
26 28
26 29
26 144
26 98
26 27
26 36
26 39
26 41
26 199
26 146
26 174
26 111
26 112
26 113
26 179
26 155
26 118
26 57
26 59
26 63
27 64
27 129
27 146
27 87
27 89
27 90
27 155
27 91
27 36
27 41
27 199
27 29
27 174
27 111
27 113
27 179
27 118
27 57
27 63
28 130
28 134
28 87
28 90
28 91
28 144
28 98
28 36
28 39
28 146
28 174
28 29
28 113
28 179
28 181
28 118
28 57
28 59
28 61
29 130
29 134
29 90
29 87
29 91
29 93
29 98
29 36
29 39
29 41
29 146
29 174
29 111
29 113
29 179
29 155
29 181
29 118
29 57
29 59
29 63
30 130
30 134
30 44
30 93
30 31
31 131
31 72
31 44
31 175
31 163
31 93
31 158
32 131
32 72
32 75
32 77
32 81
32 156
32 84
32 86
32 154
32 79
32 92
32 95
32 101
32 166
32 105
32 42
32 47
32 114
32 51
32 54
32 55
32 148
32 60
32 183
32 190
32 127
33 67
33 99
33 164
33 37
33 103
33 137
33 167
33 172
33 152
33 112
33 120
33 35
33 117
33 150
33 56
33 122
33 199
33 85
34 64
34 129
34 196
34 198
34 78
35 192
35 99
35 37
35 167
35 73
35 106
35 172
35 178
35 67
35 117
35 150
35 56
35 69
36 64
36 87
36 89
36 90
36 91
36 41
36 43
36 146
36 174
36 111
36 113
36 179
36 155
36 118
36 57
36 59
36 63
37 68
37 70
37 135
37 137
37 202
37 190
37 56
37 147
37 150
37 152
37 155
37 122
37 199
37 164
37 102
37 48
37 161
37 167
37 172
37 173
37 111
37 112
37 50
37 115
37 117
37 120
37 185
37 58
37 62
38 194
38 75
38 68
38 70
38 135
38 201
38 202
38 145
38 147
38 203
38 151
38 132
38 161
38 102
38 40
38 171
38 109
38 48
38 49
38 50
38 115
38 62
38 120
38 188
38 125
38 126
39 130
39 70
39 202
39 146
39 150
39 87
39 155
39 93
39 158
39 199
39 44
39 173
39 174
39 111
39 112
39 57
39 59
40 70
40 135
40 136
40 75
40 77
40 115
40 82
40 188
40 84
40 173
40 185
40 154
40 79
40 92
40 158
40 112
40 100
40 102
40 81
40 156
40 42
40 203
40 114
40 47
40 48
40 50
40 51
40 53
40 54
40 120
40 148
40 60
40 190
40 62
41 64
41 192
41 91
41 90
41 73
41 87
41 178
41 174
41 146
41 117
41 118
41 57
41 150
41 63
42 131
42 72
42 75
42 189
42 77
42 84
42 203
42 154
42 175
42 156
42 158
42 95
42 166
42 102
42 47
42 104
42 114
42 51
42 190
42 54
42 55
42 185
42 186
42 183
42 62
43 144
43 113
43 98
43 179
43 181
43 118
43 91
43 61
44 167
44 130
44 175
44 150
44 93
44 158
45 153
46 153
47 72
47 75
47 77
47 81
47 131
47 84
47 185
47 154
47 92
47 158
47 95
47 163
47 166
47 102
47 156
47 173
47 175
47 48
47 104
47 114
47 51
47 190
47 54
47 183
47 148
47 186
47 60
47 62
48 51
48 194
48 68
48 70
48 135
48 200
48 137
48 202
48 75
48 190
48 77
48 173
48 147
48 84
48 203
48 152
48 132
48 201
48 156
48 161
48 109
48 189
48 50
48 115
48 62
48 54
48 119
48 120
48 185
48 186
48 102
48 188
48 125
48 126
49 96
49 161
49 66
49 68
49 135
49 194
49 201
49 193
49 162
49 78
49 152
49 50
49 83
49 147
49 120
49 164
49 122
49 58
49 202
49 196
50 66
50 68
50 70
50 135
50 137
50 202
50 75
50 194
50 147
50 203
50 152
50 132
50 58
50 164
50 161
50 199
50 173
50 112
50 115
50 190
50 201
50 120
50 185
50 122
50 102
50 62
51 200
51 75
51 77
51 79
51 84
51 203
51 154
51 156
51 95
51 101
51 102
51 104
51 52
51 54
51 55
51 186
51 166
51 183
51 190
51 127
52 116
52 200
52 124
52 108
53 70
53 136
53 79
53 81
53 82
53 188
53 148
53 92
53 100
53 105
53 109
53 173
53 115
53 60
53 126
54 131
54 72
54 75
54 77
54 81
54 84
54 185
54 154
54 175
54 92
54 158
54 95
54 163
54 166
54 102
54 156
54 173
54 104
54 114
54 190
54 183
54 148
54 186
54 60
54 62
55 101
55 166
55 104
55 77
55 183
55 186
55 95
55 127
56 67
56 68
56 69
56 161
56 76
56 147
56 85
56 152
56 196
56 122
56 199
56 99
56 164
56 103
56 106
56 167
56 172
56 117
56 120
56 58
57 130
57 134
57 111
57 87
57 90
57 91
57 98
57 146
57 174
57 113
57 179
57 181
57 118
57 59
57 61
57 63
58 96
58 97
58 66
58 152
58 68
58 135
58 161
58 194
58 164
58 147
58 196
58 120
58 122
59 130
59 134
59 87
59 91
59 98
59 146
59 174
59 113
59 179
59 181
59 118
59 61
60 131
60 70
60 72
60 75
60 79
60 82
60 84
60 154
60 156
60 92
60 158
60 163
60 100
60 102
60 81
60 105
60 173
60 136
60 114
60 183
60 148
60 190
60 62
61 98
61 174
61 144
61 181
62 70
62 135
62 136
62 137
62 75
62 77
62 81
62 84
62 173
62 185
62 152
62 154
62 92
62 158
62 112
62 156
62 199
62 203
62 114
62 115
62 202
62 120
62 148
62 186
62 102
62 190
62 166
63 64
63 129
63 73
63 192
63 146
63 150
63 87
63 90
63 91
63 155
63 199
63 174
63 179
63 117
63 118
64 129
64 91
64 118
64 90
65 145
65 149
65 187
65 109
65 126
66 160
66 97
66 194
66 68
66 135
66 161
66 140
66 147
66 85
66 119
66 132
66 122
66 94
67 192
67 99
67 164
67 69
67 167
67 73
67 106
67 172
67 178
67 117
67 150
68 132
68 135
68 137
68 202
68 194
68 120
68 147
68 152
68 122
68 96
68 97
68 162
68 164
68 161
68 199
68 201
69 99
69 178
69 117
69 129
69 73
69 106
69 172
69 192
70 75
70 201
70 202
70 190
70 188
70 152
70 89
70 155
70 199
70 162
70 161
70 135
70 173
70 111
70 112
70 115
70 120
70 102
71 132
71 165
71 74
71 171
71 177
71 116
71 151
71 124
71 125
72 131
72 81
72 148
72 154
72 175
72 156
72 158
72 95
72 163
72 166
72 92
72 114
72 183
72 84
72 190
73 192
73 167
73 172
73 178
73 117
73 150
74 160
74 165
74 108
74 140
74 119
74 124
74 189
74 94
75 135
75 136
75 137
75 154
75 156
75 173
75 183
75 185
75 186
75 189
75 190
75 200
75 203
75 77
75 79
75 81
75 84
75 92
75 95
75 166
75 102
75 104
75 114
75 119
75 120
76 99
76 196
76 85
76 103
76 191
77 200
77 189
77 84
77 203
77 154
77 156
77 95
77 166
77 102
77 104
77 114
77 190
77 185
77 186
77 119
77 183
78 96
78 193
78 195
78 198
78 169
78 162
78 182
78 88
78 89
78 201
78 155
79 136
79 81
79 82
79 84
79 86
79 154
79 92
79 100
79 105
79 114
79 183
79 148
80 128
80 187
80 139
80 204
80 149
81 131
81 82
81 84
81 154
81 156
81 92
81 158
81 163
81 100
81 102
81 105
81 173
81 136
81 114
81 183
81 148
81 190
82 148
82 100
82 92
82 114
82 84
82 86
82 105
82 136
83 96
83 182
83 168
83 128
83 139
83 204
83 143
84 175
84 131
84 156
84 148
84 154
84 92
84 158
84 95
84 163
84 100
84 166
84 102
84 105
84 173
84 136
84 114
84 190
84 183
84 185
85 172
85 99
85 97
85 137
85 122
85 103
85 142
86 100
86 101
86 136
86 105
86 183
86 127
87 130
87 90
87 91
87 98
87 146
87 174
87 111
87 113
87 179
87 155
87 118
88 193
88 195
88 169
88 107
88 141
88 89
88 144
88 182
88 184
88 121
89 193
89 115
89 201
89 202
89 144
89 146
89 91
89 90
89 162
89 155
89 198
89 169
89 111
89 179
90 146
90 91
90 155
90 174
90 111
90 113
90 179
90 118
91 155
91 146
91 174
91 111
91 113
91 179
91 118
92 131
92 154
92 156
92 158
92 163
92 100
92 105
92 173
92 136
92 114
92 183
92 148
92 190
93 163
93 130
93 173
93 112
93 158
93 150
93 175
94 160
94 97
94 132
94 119
94 140
94 203
94 108
94 189
95 131
95 154
95 175
95 156
95 158
95 102
95 166
95 104
95 114
95 185
95 186
95 183
95 190
96 161
96 194
96 198
96 168
96 201
96 143
96 147
96 182
96 196
97 160
97 147
97 103
97 140
97 122
98 144
98 146
98 174
98 113
98 179
98 181
99 192
99 164
99 103
99 172
99 106
99 167
99 178
99 117
100 148
100 114
100 105
100 136
100 154
101 183
101 127
102 135
102 137
102 173
102 154
102 156
102 158
102 112
102 203
102 114
102 104
102 190
102 120
102 185
102 186
102 189
102 166
103 172
103 137
103 122
103 142
103 191
104 166
104 119
104 203
104 189
104 185
104 186
104 156
104 183
104 190
105 148
105 136
106 192
106 129
106 172
106 178
106 117
107 184
107 195
107 182
107 169
107 121
107 139
108 160
108 119
108 200
108 124
108 189
109 194
109 135
109 136
109 201
109 145
109 115
109 151
109 188
109 125
109 126
109 149
110 138
110 123
110 157
111 193
111 202
111 173
111 144
111 146
111 152
111 162
111 161
111 199
111 174
111 112
111 115
111 155
111 120
112 167
112 137
112 202
112 190
112 146
112 147
112 150
112 199
112 152
112 155
112 158
112 162
112 164
112 161
112 135
112 173
112 115
112 117
112 120
112 185
113 144
113 146
113 174
113 179
113 181
113 118
114 175
114 131
114 185
114 154
114 158
114 163
114 166
114 156
114 173
114 136
114 190
114 183
114 148
115 193
115 194
115 201
115 202
115 173
115 147
115 152
115 155
115 199
115 162
115 161
115 135
115 120
115 188
115 126
116 203
116 132
116 200
116 177
116 170
116 171
116 145
116 151
116 125
116 159
117 192
117 164
117 167
117 199
117 172
117 152
117 178
117 150
118 146
118 174
118 179
119 160
119 132
119 137
119 200
119 140
119 203
119 186
119 189
120 194
120 135
120 137
120 202
120 147
120 203
120 152
120 155
120 162
120 164
120 161
120 199
120 173
120 190
120 201
120 185
120 122
121 144
121 184
121 169
122 137
122 194
122 147
122 152
122 196
122 199
122 164
122 161
122 135
122 172
124 160
124 165
125 194
125 171
125 132
125 188
125 145
125 203
125 151
125 201
125 135
125 126
126 194
126 171
126 135
126 136
126 201
126 145
126 151
126 188
126 149
128 204
128 139
128 182
129 196
130 134
130 146
130 150
130 174
131 148
131 154
131 175
131 158
131 163
131 166
131 156
131 183
131 190
132 171
132 194
132 140
132 151
132 145
132 147
132 203
132 135
134 174
135 161
135 137
135 202
135 194
135 147
135 203
135 152
135 162
135 199
135 201
135 188
136 188
136 154
136 148
137 161
137 147
137 203
137 186
137 152
137 156
137 167
137 190
137 185
137 189
139 182
139 169
139 204
140 160
140 189
141 176
141 184
141 195
141 180
141 197
141 169
142 191
143 168
144 146
144 179
144 181
145 201
145 170
145 171
145 177
145 149
145 151
145 188
145 159
146 202
146 199
146 174
146 179
146 155
147 202
147 194
147 152
147 155
147 162
147 164
147 161
147 199
147 201
148 154
148 158
148 163
148 173
148 183
148 190
149 187
150 172
150 167
150 178
150 192
150 199
151 200
151 177
151 171
151 188
151 159
152 194
152 202
152 155
152 199
152 164
152 161
152 167
152 172
152 173
152 185
154 175
154 185
154 158
154 163
154 166
154 156
154 173
154 190
154 183
155 193
155 164
155 202
155 161
155 162
155 199
155 173
156 203
156 175
156 158
156 166
156 173
156 190
156 183
156 185
156 186
158 185
158 175
158 163
158 173
158 190
159 177
159 200
159 170
160 189
161 202
161 194
161 162
161 164
161 199
161 201
162 193
162 194
162 198
162 201
162 202
162 199
163 175
164 196
164 202
164 167
164 199
164 172
165 171
166 175
166 190
166 185
166 186
166 183
167 172
167 199
167 178
169 193
169 198
169 184
169 195
169 182
170 177
171 200
171 177
171 203
172 192
172 178
172 199
173 190
173 185
173 199
173 202
174 179
174 181
175 190
175 185
176 195
176 180
176 197
178 192
179 181
180 195
180 198
180 197
182 195
182 198
182 193
182 204
183 190
184 195
185 203
185 190
185 186
185 189
186 203
186 190
186 189
188 194
188 201
189 203
190 203
193 198
193 202
193 201
194 203
194 201
194 202
195 197
195 198
199 202
200 203
201 202
