0 1
0 2
0 3
0 4
0 5
0 6
0 153
0 67
0 166
0 51
1 51
1 2
1 3
1 4
1 5
1 6
1 153
1 67
1 18
1 166
2 67
2 3
2 4
2 5
2 6
2 153
2 166
2 51
3 51
3 4
3 5
3 6
3 153
3 67
3 166
4 5
4 6
4 153
4 67
4 166
4 51
5 166
5 6
5 153
5 67
5 51
5 31
6 166
6 8
6 67
6 18
6 51
6 153
6 31
7 192
7 131
7 68
7 134
7 199
7 137
7 202
7 139
7 12
7 79
7 173
7 146
7 20
7 86
7 36
7 154
7 143
7 156
7 29
7 97
7 99
7 100
7 198
7 168
7 169
7 42
7 43
7 109
7 46
7 50
7 117
7 118
7 201
7 58
7 187
7 170
7 181
8 153
8 18
8 180
8 77
9 129
9 131
9 162
9 201
9 10
9 75
9 204
9 13
9 145
9 19
9 139
9 85
9 151
9 169
9 90
9 28
9 93
9 158
9 97
9 34
9 99
9 41
9 107
9 45
9 46
9 29
9 50
9 114
9 147
9 185
9 55
9 57
9 58
10 192
10 129
10 131
10 198
10 162
10 75
10 204
10 13
10 201
10 19
10 139
10 85
10 199
10 169
10 154
10 28
10 93
10 158
10 31
10 97
10 34
10 99
10 36
10 114
10 41
10 107
10 29
10 45
10 46
10 47
10 50
10 117
10 55
10 185
10 58
10 187
11 66
11 84
11 37
11 54
11 39
11 40
11 103
11 87
12 129
12 131
12 137
12 139
12 14
12 143
12 145
12 146
12 19
12 20
12 23
12 156
12 34
12 167
12 168
12 28
12 42
12 45
12 46
12 178
12 180
12 181
12 57
12 58
12 151
12 192
12 195
12 68
12 200
12 201
12 202
12 75
12 204
12 79
12 80
12 169
12 96
12 99
12 50
12 114
12 116
12 117
12 118
12 41
12 120
13 129
13 67
13 75
13 204
13 162
13 145
13 19
13 85
13 151
13 90
13 28
13 93
13 158
13 97
13 34
13 99
13 41
13 107
13 45
13 46
13 50
13 114
13 147
13 185
13 169
13 57
13 58
14 192
14 129
14 131
14 68
14 204
14 200
14 137
14 202
14 75
14 79
14 80
14 145
14 146
14 195
14 20
14 178
14 23
14 196
14 143
14 28
14 95
14 96
14 34
14 99
14 139
14 167
14 168
14 156
14 50
14 46
14 114
14 116
14 117
14 118
14 201
14 120
14 57
14 58
14 151
14 181
15 193
15 130
15 69
15 140
15 197
15 44
15 141
15 60
15 112
15 21
15 22
15 89
15 26
15 124
15 182
16 128
16 132
16 102
16 74
16 157
16 62
17 49
17 163
17 135
17 56
17 186
17 30
18 34
18 67
18 166
18 129
18 41
18 75
18 77
18 131
18 180
18 137
18 153
18 57
18 28
18 195
19 96
19 43
19 196
19 204
19 71
19 139
19 143
19 145
19 83
19 148
19 151
19 25
19 201
19 29
19 158
19 32
19 97
19 34
19 99
19 162
19 168
19 169
19 107
19 45
19 46
19 50
19 114
19 199
19 53
19 183
19 58
19 117
20 192
20 96
20 131
20 68
20 134
20 200
20 137
20 202
20 139
20 79
20 173
20 146
20 195
20 178
20 86
20 23
20 143
20 156
20 199
20 32
20 50
20 100
20 167
20 168
20 42
20 43
20 109
20 46
20 114
20 116
20 117
20 118
20 201
20 58
20 151
20 170
20 181
21 193
21 69
21 140
21 106
21 44
21 141
21 112
21 81
21 115
21 22
21 89
21 26
21 124
21 182
22 193
22 69
22 140
22 106
22 44
22 141
22 112
22 81
22 115
22 182
22 89
22 26
22 124
23 96
23 195
23 68
23 200
23 143
23 80
23 145
23 196
23 151
23 24
23 25
23 95
23 32
23 161
23 167
23 168
23 43
23 178
23 46
23 114
23 116
23 117
23 118
23 58
23 181
24 64
24 161
24 35
24 193
24 44
24 110
24 81
24 178
24 116
24 26
24 155
24 124
25 32
25 196
25 197
25 71
25 168
25 96
25 43
25 76
25 80
25 145
25 183
25 83
25 84
25 53
25 148
25 92
25 167
25 191
26 64
26 161
26 35
26 69
26 193
26 44
26 141
26 112
26 81
26 89
26 155
26 124
26 182
27 179
27 65
27 152
27 163
27 135
27 88
27 136
27 63
28 129
28 131
28 139
28 145
28 147
28 151
28 153
28 156
28 162
28 168
28 41
28 45
28 46
28 50
28 180
28 181
28 137
28 185
28 58
28 192
28 67
28 200
28 201
28 202
28 75
28 204
28 34
28 79
28 80
28 85
28 57
28 90
28 93
28 97
28 99
28 195
28 107
28 146
28 114
28 117
28 169
28 120
28 55
29 192
29 131
29 198
29 139
29 143
29 201
29 85
29 199
29 169
29 154
29 79
29 158
29 97
29 162
29 99
29 36
29 41
29 107
29 45
29 47
29 50
29 117
29 55
29 58
29 187
30 171
30 101
30 49
30 40
30 71
30 179
30 56
30 72
30 136
30 184
30 186
30 191
31 198
31 51
31 162
31 99
31 41
31 47
31 67
31 185
31 85
31 55
31 153
31 169
31 166
32 68
32 71
32 143
32 148
32 196
32 92
32 199
32 96
32 100
32 167
32 168
32 43
32 174
32 83
32 53
32 183
32 117
32 191
33 48
34 129
34 131
34 139
34 145
34 151
34 153
34 162
34 168
34 41
34 45
34 46
34 50
34 180
34 181
34 137
34 185
34 58
34 190
34 192
34 67
34 200
34 201
34 75
34 204
34 80
34 85
34 57
34 90
34 93
34 97
34 99
34 195
34 107
34 114
34 147
34 117
34 169
34 120
34 55
35 64
35 81
35 161
35 124
35 155
35 44
35 141
36 192
36 129
36 131
36 198
36 137
36 139
36 79
36 201
36 146
36 85
36 169
36 154
36 143
36 156
36 97
36 99
36 41
36 42
36 199
36 47
36 180
36 117
36 55
36 187
36 202
37 103
37 66
37 38
37 39
38 133
38 103
38 39
39 66
39 103
40 66
40 71
40 49
40 84
40 54
40 87
40 56
40 148
40 186
40 183
40 191
41 192
41 129
41 67
41 204
41 198
41 162
41 75
41 201
41 131
41 139
41 85
41 185
41 137
41 153
41 90
41 97
41 99
41 114
41 93
41 169
41 107
41 45
41 46
41 47
41 50
41 180
41 55
41 57
41 58
41 187
42 192
42 129
42 131
42 68
42 134
42 200
42 137
42 202
42 139
42 77
42 79
42 144
42 146
42 195
42 143
42 156
42 198
42 178
42 180
42 117
42 118
42 201
42 116
42 187
42 181
43 96
43 203
43 68
43 139
43 143
43 148
43 196
43 86
43 92
43 100
43 167
43 168
43 199
43 174
43 83
43 53
43 118
43 183
43 117
44 64
44 161
44 69
44 193
44 74
44 140
44 141
44 112
44 81
44 89
44 155
44 124
44 182
45 129
45 131
45 199
45 162
45 75
45 201
45 145
45 139
45 85
45 204
45 151
45 90
45 93
45 158
45 97
45 99
45 168
45 107
45 50
45 46
45 114
45 185
45 117
45 169
45 57
45 58
45 183
46 129
46 131
46 139
46 143
46 145
46 146
46 196
46 156
46 167
46 168
46 169
46 50
46 180
46 181
46 137
46 57
46 58
46 151
46 192
46 195
46 68
46 200
46 201
46 202
46 75
46 204
46 162
46 79
46 80
46 185
46 90
46 93
46 96
46 97
46 99
46 107
46 114
46 117
46 118
46 120
47 192
47 97
47 201
47 198
47 139
47 85
47 55
47 169
47 154
47 187
48 98
48 121
48 111
49 66
49 70
49 71
49 87
49 175
49 119
49 56
49 186
49 191
50 129
50 131
50 139
50 143
50 145
50 146
50 151
50 156
50 167
50 168
50 169
50 181
50 137
50 57
50 58
50 192
50 195
50 68
50 198
50 199
50 200
50 201
50 75
50 204
50 162
50 79
50 80
50 85
50 185
50 90
50 93
50 97
50 99
50 107
50 114
50 117
50 55
51 153
51 67
51 166
52 186
52 175
53 171
53 100
53 71
53 96
53 76
53 174
53 83
53 148
53 196
53 203
53 183
53 92
53 191
54 113
54 66
54 84
54 87
54 183
55 192
55 129
55 67
55 198
55 75
55 162
55 201
55 146
55 131
55 139
55 85
55 154
55 156
55 97
55 99
55 107
55 180
55 169
55 57
55 58
55 187
56 66
56 70
56 87
56 175
56 119
56 71
56 186
56 191
57 129
57 131
57 139
57 145
57 147
57 151
57 153
57 156
57 168
57 180
57 181
57 137
57 185
57 58
57 190
57 192
57 67
57 200
57 201
57 202
57 75
57 204
57 80
57 169
57 90
57 93
57 99
57 195
57 107
57 146
57 114
57 117
57 120
58 129
58 131
58 139
58 143
58 145
58 167
58 168
58 169
58 181
58 137
58 151
58 192
58 195
58 198
58 199
58 200
58 201
58 75
58 204
58 162
58 79
58 80
58 85
58 185
58 90
58 93
58 96
58 97
58 99
58 107
58 114
58 147
58 117
58 120
59 188
59 78
59 203
59 121
59 184
59 76
59 171
59 92
59 61
59 94
59 111
60 130
60 69
60 136
60 127
60 140
60 152
60 179
60 88
60 197
60 63
60 189
60 165
61 176
61 78
61 188
61 171
61 91
61 92
61 126
61 174
62 128
62 132
62 127
63 65
63 152
63 163
63 87
63 88
63 73
63 136
63 197
64 81
64 193
64 89
64 155
64 141
65 136
65 163
65 179
65 135
65 88
65 152
66 84
66 87
66 103
67 129
67 75
67 131
67 85
67 185
67 153
67 93
67 99
67 166
67 180
67 169
68 192
68 96
68 131
68 178
68 134
68 200
68 137
68 202
68 139
68 79
68 173
68 146
68 195
68 86
68 143
68 156
68 199
68 100
68 167
68 168
68 109
68 116
68 117
68 118
68 201
68 170
68 181
69 128
69 161
69 130
69 165
69 193
69 197
69 141
69 112
69 140
69 89
69 124
69 189
69 182
70 82
70 150
70 113
70 186
70 119
70 108
70 175
71 148
71 196
71 113
71 119
71 174
71 83
71 84
71 87
71 92
71 183
71 191
72 136
72 179
72 148
72 101
72 184
72 88
72 76
72 171
72 92
72 191
73 145
73 197
73 147
73 84
73 149
73 87
73 120
73 95
74 112
74 130
74 128
74 132
74 193
74 89
74 106
74 138
74 141
75 129
75 131
75 139
75 145
75 147
75 151
75 153
75 156
75 168
75 180
75 181
75 137
75 185
75 190
75 192
75 200
75 201
75 202
75 204
75 80
75 169
75 90
75 93
75 99
75 195
75 107
75 146
75 114
75 117
75 120
76 101
76 184
76 171
76 136
76 179
76 148
76 88
76 92
76 189
76 191
77 192
77 129
77 131
77 134
77 137
77 146
77 79
77 144
77 200
77 195
77 180
77 156
77 202
78 176
78 101
78 184
78 188
78 171
78 92
79 192
79 129
79 131
79 134
79 200
79 137
79 202
79 139
79 143
79 144
79 146
79 195
79 201
79 99
79 198
79 178
79 168
79 156
79 199
79 109
79 116
79 117
79 118
79 169
79 180
79 187
79 170
79 181
80 129
80 195
80 178
80 204
80 200
80 137
80 143
80 145
80 196
80 90
80 95
80 96
80 167
80 168
80 114
80 116
80 117
80 120
80 151
80 181
81 161
81 182
81 193
81 141
81 89
81 155
81 124
82 113
82 150
82 119
82 186
82 108
82 174
82 175
83 203
83 100
83 188
83 196
83 174
83 148
83 119
83 91
83 92
83 183
83 126
83 191
84 196
84 148
84 87
84 183
84 191
85 198
85 162
85 139
85 204
85 201
85 131
85 169
85 154
85 93
85 158
85 97
85 99
85 107
85 185
85 187
86 91
86 100
86 170
86 203
86 109
86 173
86 164
86 118
86 199
86 123
86 126
87 191
87 135
88 163
88 184
88 136
88 179
88 152
88 189
89 193
89 130
89 140
89 106
89 141
89 112
89 155
89 124
89 182
90 129
90 162
90 204
90 145
90 147
90 149
90 151
90 93
90 185
90 99
90 107
90 114
90 120
90 190
91 100
91 174
91 164
91 123
91 188
91 126
91 203
92 171
92 101
92 174
92 148
92 203
92 183
92 184
92 188
92 126
92 191
93 129
93 162
93 204
93 145
93 99
93 151
93 185
93 97
93 107
93 114
93 147
93 169
94 160
94 121
94 122
94 111
95 96
95 161
95 196
95 197
95 167
95 151
95 145
95 115
95 181
95 120
95 124
96 181
96 200
96 143
96 145
96 196
96 151
96 161
96 167
96 168
96 178
96 114
96 116
96 117
96 118
97 192
97 129
97 131
97 198
97 139
97 204
97 201
97 199
97 169
97 154
97 158
97 99
97 107
97 114
97 162
97 117
97 185
97 187
98 104
98 194
98 172
99 129
99 131
99 139
99 143
99 145
99 146
99 151
99 154
99 156
99 158
99 162
99 168
99 169
99 180
99 181
99 137
99 187
99 192
99 198
99 199
99 201
99 204
99 185
99 107
99 114
99 117
100 199
100 170
100 203
100 109
100 174
100 143
100 173
100 183
100 164
100 123
100 188
100 126
101 136
101 179
101 148
101 184
101 171
101 191
102 160
102 194
102 104
102 172
102 125
102 157
104 165
104 194
104 172
104 157
104 110
104 125
105 142
106 112
106 138
106 141
107 129
107 131
107 162
107 204
107 201
107 145
107 139
107 151
107 169
107 158
107 114
107 147
107 185
108 113
108 150
108 119
108 175
109 134
109 170
109 199
109 173
109 143
109 118
110 172
110 142
111 121
111 203
112 128
112 193
112 130
112 140
112 141
112 124
112 182
113 158
113 119
113 183
113 150
113 174
114 129
114 131
114 139
114 143
114 145
114 162
114 167
114 168
114 169
114 181
114 137
114 185
114 151
114 192
114 195
114 196
114 200
114 201
114 204
114 147
114 117
114 120
115 161
115 120
115 140
115 124
115 182
116 195
116 134
116 161
116 200
116 137
116 202
116 142
116 144
116 146
116 143
116 156
116 167
116 168
116 178
116 117
116 118
116 170
116 181
117 129
117 131
117 134
117 137
117 139
117 143
117 145
117 146
117 167
117 168
117 156
117 180
117 181
117 187
117 151
117 192
117 195
117 198
117 199
117 200
117 201
117 202
117 178
117 118
117 169
117 170
118 192
118 131
118 134
118 200
118 137
118 202
118 139
118 144
118 173
118 146
118 195
118 143
118 156
118 199
118 167
118 168
118 178
118 201
118 170
118 181
119 174
119 175
119 148
119 150
119 183
119 186
119 191
120 195
120 200
120 145
120 147
120 151
120 167
120 204
120 181
120 190
121 122
122 160
122 176
123 177
123 164
123 188
123 126
124 161
124 193
124 140
124 141
124 155
124 182
125 194
125 172
125 157
126 188
126 164
126 174
126 203
127 128
127 130
127 189
128 130
128 132
128 165
128 193
129 131
129 139
129 145
129 195
129 151
129 153
129 156
129 168
129 180
129 181
129 137
129 185
129 192
129 198
129 200
129 201
129 202
129 204
129 169
129 146
130 193
130 132
130 140
130 189
130 165
131 139
131 143
131 195
131 151
131 153
131 156
131 168
131 180
131 181
131 137
131 187
131 192
131 198
131 199
131 200
131 201
131 202
131 169
131 146
132 138
134 192
134 195
134 200
134 137
134 202
134 142
134 143
134 144
134 146
134 156
134 168
134 178
134 170
135 163
135 136
135 152
136 163
136 184
136 152
136 179
137 139
137 143
137 151
137 156
137 168
137 178
137 180
137 181
137 187
137 192
137 195
137 198
137 199
137 200
137 201
137 202
137 169
137 146
139 143
139 146
139 151
139 154
139 156
139 168
139 169
139 181
139 187
139 192
139 195
139 198
139 199
139 201
139 202
140 193
140 197
140 141
140 182
141 193
141 155
141 182
142 144
142 178
143 146
143 156
143 167
143 168
143 178
143 181
143 187
143 151
143 192
143 195
143 198
143 199
143 200
143 201
143 202
143 170
144 146
144 178
144 202
144 156
145 195
145 196
145 200
145 185
145 167
145 168
145 147
145 204
145 151
145 190
145 181
146 192
146 200
146 202
146 195
146 169
146 201
146 198
146 168
146 156
146 199
146 178
146 180
146 187
146 181
147 204
147 162
147 190
147 185
147 149
147 151
148 171
148 196
148 174
148 183
148 191
149 190
150 183
150 174
150 175
151 196
151 200
151 201
151 195
151 167
151 168
151 204
151 181
152 163
152 179
153 180
153 166
154 198
154 169
154 199
154 201
154 187
154 158
155 161
155 193
156 192
156 200
156 202
156 195
156 201
156 198
156 168
156 169
156 199
156 178
156 180
156 187
156 181
157 194
157 165
157 172
158 162
158 169
159 177
161 193
161 167
161 178
162 204
162 169
162 185
163 179
164 177
165 193
165 189
167 195
167 200
167 196
167 178
167 168
167 181
168 196
168 178
168 181
168 192
168 195
168 199
168 200
168 201
168 202
169 185
169 187
169 192
169 198
169 199
169 201
169 204
170 199
170 173
170 178
171 176
171 184
171 191
172 194
173 199
174 203
174 183
174 188
174 191
175 186
176 184
178 195
178 200
178 202
178 181
179 184
180 192
180 198
180 202
180 201
180 195
180 200
181 192
181 200
181 202
181 195
181 196
181 201
182 193
183 196
183 191
185 204
185 190
187 192
187 198
187 201
187 199
187 202
188 203
189 193
189 197
191 196
192 195
192 198
192 199
192 200
192 201
192 202
195 200
195 202
195 201
196 197
198 201
198 199
198 202
199 201
200 202
201 202
