0 1
0 194
0 3
0 129
0 9
0 11
0 14
0 15
0 184
0 82
0 149
0 91
0 97
0 163
0 102
0 167
0 41
0 135
0 44
0 174
0 117
0 55
0 56
0 188
0 125
0 62
0 181
1 129
1 2
1 3
1 4
1 7
1 9
1 11
1 13
1 14
1 15
1 147
1 20
1 149
1 150
1 24
1 163
1 38
1 41
1 42
1 135
1 44
1 174
1 47
1 50
1 181
1 54
1 55
1 56
1 60
1 62
1 194
1 203
1 79
1 82
1 85
1 86
1 91
1 97
1 99
1 103
1 188
1 108
1 111
1 115
1 117
1 118
1 125
1 21
2 4
2 7
2 11
2 13
2 14
2 147
2 20
2 21
2 150
2 24
2 27
2 33
2 163
2 37
2 129
2 41
2 42
2 135
2 47
2 50
2 54
2 55
2 56
2 188
2 62
2 192
2 194
2 79
2 82
2 85
2 86
2 87
2 89
2 97
2 98
2 99
2 103
2 60
2 108
2 111
2 40
2 115
2 118
2 119
3 194
3 203
3 132
3 129
3 9
3 11
3 14
3 15
3 82
3 20
3 149
3 97
3 163
3 38
3 167
3 168
3 41
3 193
3 135
3 44
3 174
3 47
3 113
3 117
3 54
3 183
3 184
3 122
3 187
3 188
3 125
3 62
3 181
4 64
4 7
4 11
4 192
4 13
4 79
4 147
4 20
4 21
4 150
4 89
4 27
4 33
4 98
4 99
4 37
4 97
4 40
4 41
4 42
4 103
4 108
4 111
4 50
4 115
4 53
4 118
4 55
4 119
4 60
4 85
5 82
5 83
5 182
5 102
5 185
5 56
5 12
5 91
5 44
5 162
5 195
6 176
6 196
6 86
6 40
6 43
6 190
6 141
6 110
6 111
6 80
6 49
6 53
6 22
6 89
6 31
6 156
6 189
6 150
6 95
7 64
7 118
7 97
7 194
7 11
7 192
7 13
7 14
7 79
7 147
7 20
7 21
7 150
7 87
7 24
7 111
7 27
7 188
7 33
7 98
7 99
7 37
7 103
7 129
7 41
7 42
7 135
7 108
7 47
7 50
7 115
7 54
7 55
7 56
7 163
7 119
7 60
7 62
7 85
8 203
8 132
8 72
8 73
8 139
8 148
8 46
8 152
8 36
8 157
8 30
8 31
8 96
8 100
8 122
8 110
8 176
8 113
8 180
8 183
8 58
8 63
9 194
9 132
9 129
9 11
9 14
9 15
9 173
9 82
9 20
9 149
9 203
9 152
9 25
9 158
9 163
9 38
9 167
9 168
9 41
9 193
9 135
9 44
9 109
9 174
9 47
9 113
9 117
9 54
9 183
9 184
9 122
9 187
9 188
9 125
9 62
9 181
10 193
10 194
10 132
10 150
10 198
10 203
10 80
10 148
10 86
10 152
10 25
10 58
10 158
10 166
10 38
10 29
10 173
10 47
10 113
10 30
10 54
10 183
10 20
10 122
10 63
11 13
11 14
11 15
11 147
11 20
11 149
11 24
11 27
11 163
11 129
11 41
11 42
11 135
11 47
11 50
11 54
11 55
11 56
11 60
11 62
11 194
11 79
11 82
11 85
11 87
11 91
11 97
11 98
11 99
11 103
11 188
11 108
11 111
11 115
11 117
11 118
11 119
11 21
12 162
12 51
12 102
12 91
12 195
12 182
13 137
13 192
13 147
13 20
13 21
13 150
13 24
13 27
13 33
13 163
13 37
13 129
13 41
13 42
13 135
13 47
13 50
13 54
13 55
13 56
13 188
13 62
13 64
13 194
13 79
13 85
13 86
13 89
13 97
13 98
13 99
13 103
13 60
13 108
13 111
13 40
13 115
13 118
13 119
14 181
14 194
14 15
14 82
14 20
14 21
14 91
14 97
14 162
14 163
14 102
14 129
14 41
14 135
14 44
14 174
14 50
14 117
14 55
14 56
14 188
14 125
14 62
14 149
15 194
15 132
15 129
15 184
15 82
15 149
15 203
15 25
15 91
15 163
15 38
15 167
15 168
15 41
15 193
15 135
15 44
15 109
15 47
15 117
15 183
15 56
15 122
15 59
15 188
15 125
15 62
15 181
16 160
16 35
16 165
16 70
16 104
16 77
16 109
16 48
16 168
16 18
16 195
16 185
16 59
17 133
17 134
17 105
17 138
17 75
17 76
17 77
17 78
17 143
17 48
17 145
17 18
17 19
17 191
18 19
18 160
18 70
18 134
18 145
18 104
18 177
18 138
18 76
18 77
18 78
18 143
18 83
18 165
19 133
19 134
19 145
19 105
19 138
19 75
19 76
19 77
19 78
19 143
19 48
19 191
20 150
20 141
20 22
20 163
20 38
20 40
20 41
20 42
20 135
20 174
20 47
20 50
20 53
20 54
20 137
20 188
20 62
20 194
20 203
20 129
20 55
20 79
20 80
20 82
20 85
20 86
20 89
20 97
20 60
20 125
20 111
20 115
20 117
20 118
20 183
21 123
21 192
21 79
21 99
21 85
21 87
21 24
21 91
21 147
21 97
21 98
21 27
21 162
21 37
21 188
21 103
21 129
21 41
21 42
21 135
21 108
21 111
21 50
21 115
21 118
21 55
21 56
21 119
21 60
21 62
22 176
22 203
22 196
22 150
22 40
22 43
22 141
22 110
22 111
22 80
22 49
22 53
22 86
22 89
22 156
22 189
22 190
22 31
23 144
23 51
23 197
23 90
23 107
23 204
24 137
24 79
24 27
24 98
24 163
24 164
24 103
24 129
24 41
24 42
24 135
24 108
24 47
24 50
24 115
24 54
24 55
24 56
24 119
24 60
24 62
24 85
25 198
25 129
25 194
25 132
25 70
25 71
25 200
25 142
25 173
25 149
25 152
25 58
25 30
25 181
25 160
25 34
25 163
25 158
25 166
25 38
25 39
25 168
25 193
25 167
25 29
25 109
25 47
25 48
25 113
25 187
25 117
25 54
25 183
25 122
25 59
25 124
25 125
25 62
25 63
26 33
26 196
26 172
26 43
26 156
26 45
26 95
27 64
27 123
27 192
27 79
27 147
27 87
27 33
27 98
27 99
27 37
27 97
27 42
27 103
27 108
27 111
27 50
27 115
27 118
27 55
27 119
27 60
27 85
29 198
29 193
29 166
29 38
29 173
29 142
29 113
29 30
29 54
29 183
29 58
29 158
29 63
30 193
30 132
30 198
30 71
30 136
30 122
30 152
30 158
30 34
30 113
30 38
30 166
30 167
30 200
30 178
30 183
30 58
30 187
30 124
30 63
31 203
31 68
31 72
31 73
31 139
31 140
31 141
31 148
31 174
31 36
31 156
31 157
31 96
31 100
31 49
31 196
31 43
31 110
31 46
31 176
31 189
31 190
32 74
32 191
33 64
33 192
33 55
33 79
33 147
33 85
33 89
33 97
33 99
33 37
33 40
33 172
33 111
33 50
33 53
33 118
33 119
33 60
34 132
34 198
34 71
34 136
34 152
34 92
34 122
34 158
34 38
34 166
34 167
34 200
34 48
34 113
34 178
34 183
34 58
34 187
34 124
34 63
35 104
35 130
35 134
35 88
35 77
36 96
36 65
36 100
36 73
36 139
36 110
36 157
36 176
36 72
36 148
36 46
36 180
36 93
37 64
37 192
37 119
37 79
37 147
37 89
37 98
37 99
37 97
37 111
37 50
37 115
37 53
37 118
37 55
37 60
37 85
38 132
38 129
38 142
38 149
38 152
38 163
38 166
38 167
38 168
38 135
38 173
38 47
38 181
38 54
38 183
38 58
38 187
38 62
38 63
38 193
38 194
38 71
38 200
38 203
38 82
38 59
38 158
38 39
38 109
38 113
38 117
38 122
38 124
38 125
39 129
39 70
39 193
39 201
39 76
39 142
39 173
39 145
39 149
39 158
39 160
39 163
39 164
39 166
39 109
39 47
39 48
39 54
39 59
39 62
40 192
40 97
40 203
40 141
40 80
40 147
40 196
40 86
40 89
40 79
40 156
40 150
40 43
40 110
40 111
40 176
40 49
40 50
40 53
40 118
40 189
40 190
41 147
41 149
41 150
41 163
41 129
41 42
41 135
41 47
41 50
41 54
41 55
41 56
41 60
41 62
41 194
41 203
41 79
41 82
41 85
41 86
41 91
41 97
41 98
41 99
41 103
41 188
41 108
41 111
41 115
41 117
41 118
41 119
41 137
41 125
42 149
42 118
42 194
42 137
42 79
42 82
42 147
42 150
42 111
42 188
42 97
42 98
42 99
42 164
42 163
42 103
42 129
42 135
42 108
42 47
42 50
42 115
42 54
42 55
42 56
42 119
42 60
42 62
42 85
43 196
43 86
43 140
43 45
43 110
43 141
43 176
43 49
43 53
43 89
43 156
43 189
43 190
43 95
44 162
44 67
44 102
44 135
44 82
44 117
44 182
44 56
44 163
44 91
44 188
44 125
44 62
44 181
45 175
45 95
46 96
46 68
46 73
46 139
46 140
46 176
46 49
46 196
46 72
46 100
46 156
46 189
46 190
47 142
47 149
47 150
47 158
47 163
47 164
47 129
47 135
47 173
47 50
47 54
47 183
47 59
47 188
47 62
47 193
47 194
47 203
47 79
47 82
47 86
47 98
47 108
47 109
47 111
47 113
47 115
47 117
47 137
47 125
48 198
48 193
48 134
48 71
48 200
48 77
48 142
48 173
48 149
48 158
48 160
48 70
48 166
48 168
48 105
48 109
48 59
49 100
49 139
49 140
49 141
49 110
49 175
49 176
49 189
49 53
49 196
49 156
49 157
49 190
49 95
50 137
50 147
50 150
50 163
50 129
50 135
50 54
50 55
50 56
50 188
50 62
50 192
50 194
50 79
50 82
50 85
50 86
50 89
50 97
50 98
50 99
50 103
50 60
50 108
50 111
50 115
50 118
50 119
51 144
51 57
52 127
53 192
53 86
53 189
53 141
53 110
53 111
53 80
53 147
53 89
53 156
53 118
53 150
54 150
54 194
54 142
54 79
54 80
54 82
54 193
54 149
54 86
54 111
54 163
54 129
54 135
54 203
54 173
54 113
54 115
54 117
54 137
54 183
54 188
54 125
54 62
55 194
55 192
55 79
55 82
55 147
55 87
55 135
55 188
55 98
55 99
55 97
55 129
55 103
55 108
55 111
55 115
55 118
55 119
55 56
55 163
55 60
55 62
55 85
56 108
56 82
56 163
56 87
56 79
56 97
56 98
56 91
56 162
56 102
56 103
56 129
56 135
56 115
56 60
56 62
56 149
57 186
57 204
57 69
58 132
58 198
58 71
58 203
58 152
58 158
58 113
58 166
58 167
58 200
58 183
58 122
58 187
58 124
58 63
59 129
59 70
59 193
59 76
59 77
59 142
59 145
59 149
59 173
59 158
59 160
59 163
59 166
59 168
59 167
59 109
59 181
59 62
60 192
60 79
60 147
60 87
60 135
60 98
60 99
60 97
60 103
60 108
60 111
60 115
60 118
60 119
60 188
60 85
62 163
62 164
62 129
62 135
62 173
62 181
62 188
62 193
62 194
62 82
62 142
62 91
62 97
62 103
62 108
62 109
62 115
62 117
62 125
62 149
63 132
63 198
63 71
63 136
63 122
63 152
63 158
63 113
63 166
63 167
63 200
63 178
63 183
63 187
63 124
64 192
64 98
64 137
64 147
64 79
64 115
64 85
64 119
65 72
65 148
65 180
65 157
67 162
67 91
67 102
67 87
68 196
68 140
68 156
68 189
69 186
70 160
70 165
70 104
70 177
70 193
70 76
70 77
70 78
70 109
70 168
70 83
70 142
70 185
70 149
71 132
71 198
71 136
71 152
71 92
71 122
71 158
71 166
71 167
71 168
71 200
71 113
71 178
71 183
71 187
71 124
72 96
72 180
72 73
72 139
72 110
72 157
72 176
72 148
72 100
72 93
73 96
73 180
73 139
73 93
73 176
73 148
73 100
73 157
74 191
75 112
75 130
75 133
75 134
75 88
75 138
75 143
76 160
76 83
76 164
76 133
76 145
76 177
76 109
76 142
76 78
76 201
76 149
77 160
77 134
77 104
77 138
77 78
77 143
77 165
78 133
78 145
78 177
78 138
78 143
78 134
79 118
79 194
79 129
79 192
79 147
79 86
79 89
79 135
79 150
79 188
79 98
79 99
79 97
79 103
79 108
79 115
79 137
79 119
79 111
79 85
80 137
80 141
80 110
80 111
80 89
80 86
80 150
82 129
82 194
82 193
82 149
82 203
82 91
82 167
82 97
82 163
82 102
82 103
82 168
82 135
82 109
82 108
82 117
82 188
82 125
82 181
83 160
83 145
83 195
83 177
83 182
83 149
85 137
85 192
85 147
85 150
85 89
85 98
85 99
85 97
85 103
85 108
85 111
85 115
85 118
85 119
86 150
86 129
86 194
86 203
86 141
86 89
86 111
86 110
86 188
86 189
87 97
87 147
87 102
87 103
87 119
87 162
87 99
87 118
87 91
88 104
88 130
88 134
89 192
89 97
89 141
89 147
89 156
89 150
89 110
89 111
89 118
90 128
90 114
90 131
90 94
90 107
90 204
90 126
91 135
91 149
91 162
91 163
91 102
91 103
91 117
91 182
92 200
92 101
92 136
92 187
92 124
92 178
93 96
93 100
94 128
94 114
94 131
94 151
94 107
94 204
94 106
94 126
95 189
95 196
95 156
95 140
95 190
95 175
96 180
96 139
96 157
96 176
96 148
96 152
96 100
97 194
97 129
97 192
97 147
97 150
97 188
97 98
97 99
97 103
97 135
97 108
97 111
97 115
97 118
97 163
97 119
98 192
98 137
98 147
98 150
98 111
98 99
98 164
98 103
98 108
98 115
98 118
98 119
99 192
99 147
99 188
99 103
99 108
99 111
99 115
99 118
99 119
100 139
100 110
100 157
100 176
100 148
100 189
100 180
100 190
101 136
101 146
101 178
102 162
102 182
103 123
103 147
103 162
103 163
103 129
103 135
103 108
103 115
103 118
103 119
104 165
104 185
104 195
105 133
105 134
105 138
105 191
105 166
105 198
105 143
106 114
106 151
107 128
107 114
107 131
107 204
107 126
108 137
108 163
108 164
108 129
108 135
108 115
108 118
108 119
109 129
109 193
109 142
109 145
109 149
109 158
109 160
109 163
109 166
109 168
109 167
109 173
109 113
109 117
109 183
109 122
109 125
109 181
110 139
110 141
110 148
110 157
110 150
110 176
110 189
110 190
111 192
111 194
111 129
111 141
111 147
111 137
111 118
111 150
111 188
111 115
111 119
113 181
113 194
113 132
113 198
113 203
113 142
113 173
113 152
113 158
113 167
113 193
113 200
113 117
113 183
113 122
113 187
113 124
113 125
114 128
114 131
114 151
114 204
114 126
115 118
115 194
115 137
115 192
115 147
115 150
115 188
115 164
115 129
115 135
115 163
115 119
116 186
116 195
116 165
117 194
117 132
117 129
117 173
117 142
117 203
117 158
117 163
117 167
117 168
117 193
117 135
117 174
117 181
117 183
117 184
117 122
117 187
117 188
117 125
117 149
118 192
118 194
118 147
118 150
118 188
118 119
119 192
119 147
119 123
121 128
121 204
121 126
122 181
122 194
122 132
122 198
122 203
122 142
122 173
122 152
122 158
122 167
122 168
122 193
122 200
122 178
122 183
122 187
122 124
122 125
124 132
124 198
124 136
124 152
124 158
124 167
124 168
124 178
124 181
124 183
124 187
124 200
124 125
125 194
125 132
125 129
125 203
125 173
125 188
125 149
125 152
125 158
125 163
125 167
125 168
125 193
125 135
125 174
125 183
125 184
125 187
125 181
126 128
126 131
126 204
128 131
128 204
129 150
129 163
129 164
129 135
129 173
129 181
129 188
129 193
129 194
129 203
129 183
129 142
129 137
129 149
131 204
132 181
132 194
132 203
132 152
132 158
132 167
132 193
132 200
132 174
132 178
132 183
132 184
132 187
133 134
133 145
133 138
133 191
133 143
134 138
134 143
134 191
135 181
135 194
135 163
135 203
135 188
135 167
135 193
135 174
135 149
136 200
136 187
136 178
137 164
137 150
138 145
138 143
138 191
139 180
139 141
139 176
139 148
139 157
139 190
140 141
140 175
140 176
140 196
140 156
140 189
140 190
141 203
141 196
141 148
141 174
141 156
141 157
141 150
141 176
141 189
141 190
142 193
142 173
142 145
142 149
142 158
142 160
142 163
142 166
142 168
142 167
142 183
142 181
143 145
143 191
144 197
145 164
145 177
145 201
145 191
146 153
147 192
148 176
148 180
148 152
148 157
148 190
149 194
149 173
149 167
149 158
149 160
149 193
149 163
149 168
149 183
149 181
150 194
150 203
150 188
152 198
152 203
152 158
152 167
152 200
152 178
152 183
152 187
155 159
156 196
156 174
156 176
156 189
156 190
157 180
157 176
157 190
158 181
158 198
158 200
158 173
158 160
158 187
158 166
158 168
158 193
158 167
158 183
160 168
160 193
160 167
160 173
160 185
160 181
161 184
163 167
163 173
163 181
163 188
163 193
163 194
163 203
164 201
165 195
165 182
165 185
165 186
166 193
166 198
166 200
166 173
166 199
167 181
167 194
167 200
167 187
167 203
167 168
167 193
167 174
167 178
167 183
167 184
168 193
168 200
168 187
168 185
168 181
170 172
172 202
173 194
173 193
173 183
174 194
174 189
174 188
174 203
174 183
174 184
175 190
176 196
176 189
176 190
177 201
178 200
178 187
181 194
181 187
181 203
181 188
181 193
181 183
181 184
181 185
182 185
182 195
183 194
183 203
183 193
183 200
183 187
185 195
186 195
187 198
187 203
187 193
187 200
188 194
188 203
189 196
189 190
190 196
193 194
194 203
197 204
198 200
198 199
