1 0.0 18
1 0.0 60
1 0.0 86
1 0.0 111
1 0.0 162
1 0.0 197
2 0.0 168
2 0.0 187
2 1.0 33
2 1.0 49
2 1.0 50
2 1.0 94
2 1.0 96
2 1.0 100
2 1.0 165
2 1.0 167
2 1.0 182
2 1.0 183
2 1.0 198
3 0.3333333333333333 38
3 0.6666666666666666 144
3 0.6666666666666666 176
3 1.0 69
3 1.0 90
3 1.0 173
3 1.0 179
4 0.16666666666666666 125
4 0.3333333333333333 9
4 0.5 6
4 0.6666666666666666 113
5 0.3 23
5 0.4 102
5 0.5 103
5 0.7 78
5 0.7 112
5 0.9 42
6 0.7333333333333333 16
6 0.7333333333333333 150
6 0.8666666666666667 82
6 0.9333333333333333 28
6 0.9333333333333333 171
7 0.14285714285714285 169
7 0.6666666666666666 104
7 0.7619047619047619 62
7 0.8095238095238095 130
8 0.39285714285714285 55
8 0.5357142857142857 164
8 0.6071428571428571 184
8 0.7857142857142857 81
9 0.4444444444444444 118
9 0.4722222222222222 51
9 0.4722222222222222 57
9 0.6944444444444444 154
9 0.7777777777777778 72
10 0.37777777777777777 135
10 0.5333333333333333 21
11 0.34545454545454546 177
11 0.36363636363636365 156
11 0.4727272727272727 3
11 0.5636363636363636 163
11 0.6545454545454545 185
12 0.5303030303030303 7
12 0.5454545454545454 13
12 0.5909090909090909 15
12 0.6212121212121212 109
12 0.7727272727272727 119
13 0.44871794871794873 166
13 0.5128205128205128 93
13 0.6025641025641025 31
13 0.6282051282051282 145
13 0.6923076923076923 194
13 0.717948717948718 149
14 0.5164835164835165 5
14 0.5604395604395604 188
14 0.6263736263736264 178
15 0.5142857142857142 129
16 0.4166666666666667 155
16 0.43333333333333335 146
16 0.48333333333333334 27
16 0.5333333333333333 199
16 0.5583333333333333 99
16 0.625 45
16 0.6333333333333333 34
17 0.4485294117647059 2
17 0.5367647058823529 192
18 0.5555555555555556 91
19 0.5263157894736842 12
19 0.5555555555555556 20
19 0.5730994152046783 101
20 0.6263157894736842 61
21 0.3904761904761905 120
21 0.5333333333333333 83
21 0.5523809523809524 14
21 0.580952380952381 36
21 0.6142857142857143 66
22 0.5021645021645021 76
22 0.7142857142857143 43
22 0.7359307359307359 35
23 0.4505928853754941 108
23 0.49407114624505927 84
23 0.5177865612648221 29
23 0.5810276679841897 67
23 0.5968379446640316 37
24 0.427536231884058 134
24 0.5181159420289855 191
24 0.5760869565217391 148
24 0.6123188405797102 126
24 0.6666666666666666 175
24 0.677536231884058 98
25 0.4533333333333333 8
25 0.48333333333333334 140
25 0.5833333333333334 158
25 0.78 75
26 0.5384615384615384 110
26 0.5723076923076923 85
27 0.4843304843304843 22
27 0.4843304843304843 172
27 0.5299145299145299 89
28 0.6455026455026455 174
29 0.5024630541871922 56
29 0.583743842364532 52
30 0.4896551724137931 48
30 0.5609195402298851 46
30 0.5655172413793104 143
31 0.4731182795698925 17
31 0.524731182795699 92
31 0.5311827956989247 71
31 0.6451612903225806 79
32 0.4092741935483871 114
32 0.42338709677419356 64
32 0.4576612903225806 116
32 0.5161290322580645 40
32 0.6229838709677419 157
33 0.4375 106
33 0.4602272727272727 160
33 0.48674242424242425 58
33 0.5189393939393939 133
33 0.553030303030303 54
34 0.5204991087344029 124
34 0.5597147950089126 59
35 0.35798319327731093 181
35 0.626890756302521 80
36 0.546031746031746 97
37 0.493993993993994 44
37 0.503003003003003 132
37 0.5480480480480481 11
37 0.566066066066066 19
38 0.49644381223328593 170
38 0.5007112375533428 122
38 0.5433854907539118 142
40 0.43333333333333335 161
41 0.41341463414634144 0
41 0.42073170731707316 32
41 0.44878048780487806 138
41 0.45 128
42 0.5365853658536586 127
43 0.48172757475083056 147
43 0.5393133997785161 39
44 0.49577167019027485 41
44 0.5380549682875264 74
45 0.42525252525252527 26
45 0.42727272727272725 189
46 0.4048309178743961 77
46 0.43091787439613527 152
47 0.38575393154486587 25
48 0.44148936170212766 4
48 0.48847517730496454 95
49 0.43537414965986393 196
50 0.4555102040816327 193
51 0.37176470588235294 30
51 0.47137254901960784 1
52 0.32654600301659126 151
52 0.475867269984917 70
53 0.40130624092888245 137
54 0.42907058001397624 123
55 0.43434343434343436 87
55 0.44242424242424244 63
60 0.39887005649717516 180
61 0.3989071038251366 10
61 0.41147540983606556 117
62 0.39344262295081966 186
