0 64
0 1
0 2
0 3
0 4
0 5
0 6
0 97
0 72
0 202
0 13
0 78
0 141
0 16
0 17
0 146
0 163
0 149
0 22
0 88
0 196
0 184
0 198
0 93
0 37
0 160
0 33
0 34
0 99
0 70
0 167
0 40
0 42
0 110
0 136
0 179
0 53
0 56
0 170
1 64
1 2
1 3
1 4
1 5
1 6
1 97
1 72
1 202
1 13
1 78
1 141
1 16
1 17
1 146
1 163
1 149
1 22
1 88
1 196
1 155
1 198
1 93
1 37
1 160
1 33
1 34
1 99
1 70
1 167
1 40
1 184
1 42
1 110
1 136
1 179
1 180
1 53
1 56
1 170
2 3
2 4
2 5
2 6
2 97
2 64
2 202
2 13
2 78
2 141
2 16
2 17
2 146
2 163
2 149
2 22
2 88
2 196
2 155
2 198
2 93
2 37
2 160
2 33
2 34
2 99
2 70
2 167
2 40
2 184
2 42
2 110
2 72
2 179
2 53
2 56
2 136
2 170
3 4
3 5
3 6
3 97
3 64
3 202
3 13
3 78
3 141
3 16
3 17
3 146
3 163
3 149
3 22
3 88
3 196
3 184
3 198
3 93
3 37
3 160
3 33
3 34
3 99
3 70
3 167
3 40
3 42
3 110
3 72
3 179
3 53
3 56
3 136
3 170
4 196
4 5
4 6
4 97
4 64
4 202
4 13
4 78
4 141
4 16
4 17
4 146
4 163
4 149
4 22
4 88
4 155
4 198
4 93
4 37
4 160
4 33
4 34
4 99
4 70
4 167
4 40
4 184
4 42
4 110
4 72
4 179
4 53
4 56
4 136
4 170
5 6
5 97
5 8
5 202
5 13
5 78
5 141
5 16
5 184
5 146
5 163
5 149
5 22
5 88
5 196
5 155
5 93
5 198
5 160
5 33
5 34
5 99
5 37
5 167
5 40
5 64
5 42
5 110
5 72
5 179
5 53
5 56
5 136
5 70
5 170
6 70
6 97
6 8
6 202
6 13
6 78
6 141
6 16
6 184
6 146
6 163
6 149
6 22
6 88
6 196
6 93
6 198
6 160
6 33
6 34
6 99
6 37
6 167
6 40
6 64
6 42
6 110
6 72
6 179
6 180
6 56
6 170
7 198
7 155
7 22
7 102
7 199
7 202
7 204
7 45
7 174
7 77
7 17
7 146
7 51
7 84
7 149
7 118
7 56
7 163
7 27
7 156
8 64
8 128
8 196
8 72
8 141
8 79
8 184
8 83
8 88
8 25
8 26
8 93
8 197
8 160
8 33
8 34
8 42
8 110
8 119
8 56
8 126
9 144
9 50
9 102
9 199
9 11
9 77
10 112
10 130
10 68
10 150
10 161
10 132
10 142
10 175
10 80
10 183
10 147
10 52
10 117
10 86
10 23
10 152
10 25
10 26
10 122
10 182
11 144
11 129
11 50
11 100
11 199
11 77
12 71
12 201
12 138
12 203
12 143
12 92
12 18
12 148
12 91
12 28
12 96
12 187
12 166
12 188
12 106
12 44
12 114
12 111
12 48
12 178
12 123
12 124
12 127
13 97
13 64
13 202
13 141
13 78
13 16
13 184
13 146
13 149
13 88
13 196
13 198
13 93
13 37
13 160
13 33
13 34
13 99
13 70
13 167
13 40
13 42
13 110
13 72
13 179
13 53
13 56
13 136
13 170
14 112
14 115
14 20
14 131
14 182
14 76
14 142
14 133
15 35
15 67
15 36
15 137
15 76
15 115
15 49
15 19
15 85
15 55
15 185
15 58
15 95
15 125
15 94
15 31
16 97
16 64
16 202
16 78
16 141
16 184
16 146
16 149
16 152
16 196
16 154
16 155
16 198
16 93
16 37
16 160
16 33
16 34
16 99
16 70
16 167
16 40
16 42
16 110
16 72
16 179
16 53
16 56
16 136
16 170
17 198
17 202
17 204
17 78
17 146
17 163
17 84
17 149
17 22
17 155
17 158
17 97
17 27
17 37
17 102
17 170
17 45
17 174
17 51
17 118
17 56
18 71
18 138
18 203
18 143
18 92
18 148
18 28
18 96
18 123
18 101
18 166
18 103
18 188
18 106
18 44
18 48
18 114
18 54
18 187
18 124
18 127
19 67
19 36
19 137
19 49
19 35
19 85
19 55
19 185
19 58
19 31
19 125
19 94
19 95
20 112
20 65
20 131
20 142
20 159
20 140
20 157
20 46
20 133
21 129
21 66
21 70
21 47
21 144
21 146
21 84
21 150
21 90
21 27
21 156
21 96
21 176
21 155
21 100
21 134
21 102
21 178
21 174
21 111
21 48
21 59
21 114
21 51
21 183
21 123
22 184
22 202
22 204
22 78
22 79
22 146
22 163
22 149
22 27
22 198
22 37
22 97
22 34
22 155
22 70
22 102
22 167
22 170
22 45
22 180
22 118
22 56
23 160
23 131
23 68
23 133
23 70
23 136
23 140
23 141
23 142
23 81
23 110
23 152
23 196
23 26
23 32
23 46
23 111
23 112
23 200
23 53
23 183
24 161
24 169
24 38
24 153
24 168
24 105
24 75
24 189
24 30
24 63
25 128
25 160
25 131
25 132
25 197
25 135
25 183
25 142
25 80
25 147
25 52
25 117
25 86
25 119
25 196
25 26
26 68
26 197
26 70
26 141
26 79
26 80
26 184
26 196
26 86
26 152
26 90
26 160
26 162
26 110
26 136
26 52
26 183
26 56
26 61
26 126
27 193
27 66
27 70
27 202
27 204
27 77
27 146
27 163
27 84
27 89
27 90
27 155
27 156
27 59
27 100
27 134
27 102
27 174
27 47
27 51
27 123
27 149
28 71
28 201
28 138
28 203
28 143
28 148
28 92
28 96
28 123
28 101
28 166
28 103
28 104
28 106
28 44
28 48
28 114
28 187
28 124
28 127
29 69
29 186
29 139
29 172
29 191
29 181
30 129
30 201
30 165
30 38
30 168
30 169
30 176
30 178
30 150
30 87
30 57
30 122
30 60
30 189
30 153
30 63
31 35
31 67
31 36
31 137
31 76
31 115
31 49
31 85
31 55
31 185
31 58
31 125
31 94
31 95
32 195
32 68
32 133
32 200
32 43
32 140
32 46
32 81
32 53
32 164
32 154
32 151
32 62
33 141
33 184
33 83
33 88
33 196
33 93
33 197
33 160
33 97
33 34
33 99
33 70
33 167
33 40
33 64
33 42
33 110
33 72
33 179
33 180
33 119
33 56
33 170
33 126
34 97
34 202
34 78
34 141
34 184
34 146
34 163
34 149
34 88
34 196
34 198
34 93
34 37
34 160
34 99
34 70
34 167
34 40
34 64
34 42
34 110
34 72
34 179
34 180
34 56
34 170
35 67
35 36
35 137
35 76
35 115
35 49
35 85
35 55
35 185
35 58
35 95
35 125
35 94
36 67
36 137
36 76
36 115
36 49
36 85
36 55
36 185
36 125
36 94
36 95
37 64
37 202
37 204
37 78
37 146
37 163
37 149
37 98
37 184
37 93
37 198
37 97
37 99
37 70
37 167
37 40
37 42
37 72
37 179
37 56
37 170
38 161
38 169
38 165
38 168
38 153
38 75
38 189
38 63
39 82
39 188
39 148
39 101
39 54
39 103
39 124
39 44
40 97
40 64
40 202
40 78
40 141
40 184
40 146
40 149
40 152
40 196
40 154
40 155
40 198
40 93
40 160
40 99
40 70
40 167
40 42
40 110
40 72
40 179
40 53
40 56
40 136
40 170
41 98
41 195
41 53
41 172
41 154
41 43
41 108
41 186
41 181
42 97
42 202
42 78
42 141
42 184
42 83
42 88
42 196
42 198
42 93
42 160
42 99
42 70
42 167
42 64
42 170
42 197
42 110
42 72
42 179
42 180
42 119
42 56
42 126
43 195
43 164
43 151
43 154
43 108
43 62
44 71
44 138
44 203
44 143
44 82
44 188
44 148
44 91
44 96
44 187
44 101
44 166
44 92
44 106
44 103
44 48
44 113
44 114
44 54
44 123
44 124
45 163
45 102
45 198
45 202
45 199
45 149
45 56
45 155
45 118
46 64
46 131
46 68
46 133
46 136
46 140
46 110
46 83
46 152
46 196
46 62
46 159
47 66
47 70
47 146
47 84
47 90
47 91
47 156
47 96
47 100
47 134
47 102
47 177
47 174
47 111
47 48
47 59
47 114
47 51
47 155
47 120
47 123
47 190
47 149
48 66
48 134
48 71
48 203
48 92
48 148
48 91
48 156
48 96
48 59
48 166
48 106
48 174
48 111
48 177
48 114
48 120
48 123
48 124
48 190
49 67
49 76
49 125
50 89
50 109
50 199
50 77
51 116
51 134
51 102
51 193
51 199
51 204
51 174
51 146
51 84
51 120
51 89
51 155
51 59
51 156
51 190
51 149
52 128
52 131
52 132
52 182
52 135
52 142
52 80
52 147
52 117
52 86
52 197
53 70
53 136
53 146
53 66
53 152
53 68
53 154
53 97
53 98
53 99
53 170
53 172
53 120
53 186
53 59
53 190
54 188
54 148
54 101
54 166
54 124
54 103
54 82
55 67
55 115
55 137
55 76
55 85
55 185
55 58
55 125
55 94
56 146
56 149
56 155
56 160
56 163
56 167
56 179
56 180
56 184
56 70
56 61
56 196
56 198
56 72
56 202
56 78
56 79
56 141
56 88
56 93
56 97
56 99
56 118
56 170
57 129
57 130
57 201
57 100
57 165
57 168
57 169
57 176
57 194
57 175
57 144
57 189
57 178
57 150
57 87
57 90
57 60
57 122
58 67
58 137
58 138
58 143
58 85
58 185
58 94
58 127
59 66
59 69
59 134
59 139
59 204
59 146
59 84
59 154
59 156
59 96
59 155
59 102
59 91
59 172
59 174
59 111
59 114
59 120
59 123
59 190
60 129
60 194
60 201
60 100
60 165
60 104
60 169
60 176
60 189
60 144
60 168
60 178
60 150
60 87
60 90
60 122
61 162
61 100
61 198
61 90
61 79
62 195
62 164
62 151
63 161
63 168
63 169
63 153
63 105
63 75
63 189
64 97
64 140
64 78
64 141
64 83
64 110
64 88
64 196
64 93
64 160
64 99
64 70
64 167
64 197
64 72
64 179
64 184
64 136
64 170
65 157
65 159
66 69
66 134
66 200
66 81
66 146
66 154
66 111
66 156
66 96
66 123
66 91
66 172
66 174
66 114
66 155
66 120
66 190
67 137
67 76
67 85
67 185
67 95
67 125
67 94
68 160
68 131
68 196
68 133
68 70
68 136
68 140
68 141
68 142
68 81
68 110
68 152
68 111
68 112
68 200
68 183
69 91
69 134
69 204
69 74
69 139
69 172
69 174
69 120
69 154
69 190
69 191
70 136
70 146
70 152
70 196
70 156
70 160
70 163
70 167
70 184
70 174
70 179
70 155
70 183
70 198
70 72
70 202
70 78
70 79
70 141
70 93
70 97
70 99
70 110
70 170
70 149
71 96
71 187
71 177
71 166
71 103
71 104
71 106
71 203
71 114
71 145
71 124
71 148
71 123
71 92
71 138
72 97
72 202
72 141
72 184
72 83
72 88
72 196
72 198
72 93
72 160
72 99
72 167
72 197
72 110
72 179
72 180
72 119
72 170
72 126
73 151
74 193
74 139
74 116
74 134
74 120
74 91
74 190
75 161
75 169
75 121
75 105
75 168
75 153
76 81
76 112
76 115
76 125
77 100
77 102
77 144
77 84
77 90
77 156
77 199
78 202
78 204
78 146
78 163
78 149
78 98
78 184
78 198
78 93
78 158
78 97
78 99
78 167
78 179
78 170
79 160
79 162
79 163
79 198
79 202
79 184
79 90
79 126
80 128
80 132
80 182
80 135
80 147
80 117
80 86
80 197
81 112
81 152
81 151
81 200
81 111
82 113
82 188
82 148
82 166
82 103
82 124
83 131
83 196
83 197
83 128
83 160
83 140
83 141
83 110
83 93
83 119
83 88
83 159
84 193
84 134
84 204
84 146
84 89
84 156
84 155
84 102
84 199
84 174
84 177
84 120
84 190
84 149
85 137
85 185
85 94
85 95
86 162
86 132
86 194
86 175
86 147
86 117
86 121
86 122
87 129
87 130
87 201
87 100
87 165
87 168
87 169
87 176
87 194
87 144
87 178
87 150
87 153
87 122
87 189
88 97
88 141
88 184
88 196
88 93
88 197
88 99
88 167
88 110
88 179
88 180
88 119
88 170
88 126
89 177
89 134
89 102
89 193
89 116
89 109
89 199
90 129
90 162
90 100
90 194
90 122
90 176
90 144
90 156
90 117
90 150
90 183
91 134
91 139
91 148
91 92
91 96
91 166
91 106
91 173
91 174
91 113
91 114
91 120
91 123
91 124
91 190
92 201
92 138
92 203
92 143
92 145
92 148
92 96
92 187
92 166
92 103
92 188
92 106
92 177
92 114
92 123
92 124
93 97
93 202
93 141
93 184
93 196
93 198
93 160
93 99
93 167
93 197
93 110
93 179
93 180
93 119
93 170
93 126
94 137
94 185
94 125
94 95
95 185
95 137
96 134
96 203
96 156
96 176
96 166
96 106
96 178
96 174
96 111
96 177
96 114
96 187
96 201
96 120
96 123
97 202
97 141
97 146
97 163
97 149
97 196
97 155
97 198
97 160
97 99
97 167
97 184
97 110
97 179
97 136
97 170
98 181
98 158
98 154
98 191
98 172
98 186
99 202
99 141
99 184
99 146
99 149
99 196
99 198
99 160
99 167
99 110
99 179
99 136
99 170
100 129
100 162
100 155
100 102
100 183
100 156
100 122
100 144
100 178
100 150
100 176
101 124
101 188
101 166
101 138
102 193
102 134
102 202
102 204
102 146
102 155
102 156
102 163
102 199
102 174
102 149
103 203
103 177
103 166
103 124
103 106
103 145
104 176
104 129
104 201
104 106
104 203
105 194
105 132
105 168
105 169
105 175
105 147
105 117
105 121
105 153
105 122
105 189
106 123
106 177
106 166
106 114
106 145
106 124
106 148
106 187
106 203
107 128
107 192
107 135
107 119
108 186
108 164
108 195
109 116
110 128
110 140
110 141
110 152
110 196
110 197
110 160
110 131
110 119
110 184
110 136
110 170
111 200
111 201
111 143
111 150
111 152
111 156
111 176
111 114
111 112
111 178
111 183
111 123
112 130
112 131
112 133
112 136
112 183
112 142
112 182
112 152
112 200
113 188
113 171
113 148
113 166
113 124
113 173
114 134
114 203
114 145
114 148
114 156
114 166
114 174
114 177
114 178
114 187
114 120
114 123
115 182
115 125
116 193
116 145
116 134
116 177
117 130
117 132
117 150
117 168
117 162
117 194
117 175
117 147
117 121
117 122
117 169
118 198
118 163
118 149
118 202
118 204
119 128
119 196
119 197
119 135
119 192
119 141
119 160
119 126
120 123
120 134
120 139
120 172
120 146
120 174
120 155
120 154
120 190
121 194
121 132
121 168
121 175
121 147
121 169
121 153
121 122
121 189
122 129
122 130
122 132
122 201
122 183
122 194
122 144
122 147
122 150
122 153
122 161
122 168
122 175
122 176
122 178
122 169
122 189
123 134
123 203
123 156
123 176
123 166
123 178
123 174
123 177
123 187
123 201
124 138
124 203
124 143
124 148
124 166
124 187
124 188
125 137
126 197
126 141
126 180
126 184
127 165
127 166
127 201
127 187
127 138
127 143
128 192
128 131
128 196
128 197
128 135
128 141
129 176
129 194
129 201
129 169
129 189
129 144
129 178
129 150
130 161
130 132
130 165
130 168
130 169
130 183
130 142
130 175
130 178
130 147
130 150
130 153
130 182
131 197
131 133
131 142
131 140
131 182
131 152
131 159
132 161
132 150
132 168
132 183
132 194
132 175
132 147
132 169
132 182
133 140
133 142
133 182
133 152
133 159
134 193
134 139
134 204
134 146
134 155
134 156
134 174
134 177
134 190
135 197
135 192
136 140
136 141
136 146
136 196
136 152
136 197
136 160
136 170
136 183
137 185
138 166
138 203
138 143
138 188
138 187
139 191
139 172
139 190
139 173
140 142
140 160
140 141
140 152
140 196
140 159
141 152
141 196
141 184
141 197
141 160
141 167
141 170
142 183
142 182
142 152
143 165
143 166
143 178
143 188
143 148
143 201
143 187
144 194
144 176
144 156
145 177
145 203
146 202
146 204
146 190
146 163
146 156
146 198
146 174
146 155
146 170
146 149
147 161
147 150
147 168
147 194
147 175
147 169
147 182
148 166
148 173
148 188
149 184
149 202
149 198
149 204
149 163
149 179
149 156
149 167
149 170
149 174
149 155
150 201
150 194
150 175
150 165
150 168
150 169
150 176
150 178
150 183
151 195
151 164
152 196
152 197
152 160
152 200
152 183
153 161
153 165
153 168
153 169
153 189
154 172
154 186
154 190
155 198
155 202
155 204
155 156
155 163
155 170
155 174
155 190
156 176
156 178
156 174
156 183
158 204
158 191
160 183
160 196
160 184
160 197
160 170
161 165
161 168
161 169
161 182
162 183
163 184
163 202
163 204
163 198
163 167
163 170
163 180
164 195
165 201
165 176
165 178
165 187
166 203
166 188
166 187
167 202
167 184
167 198
167 179
167 180
167 170
168 194
168 169
168 175
168 189
169 194
169 175
169 189
170 202
170 196
170 198
170 184
170 179
171 172
171 173
172 186
172 190
172 191
174 193
174 204
174 190
175 194
175 189
176 201
176 203
176 189
176 178
177 193
177 203
178 201
178 183
178 187
179 202
179 184
179 198
179 180
180 198
180 202
180 184
181 186
183 196
184 202
184 196
184 198
184 197
186 191
187 203
187 188
187 201
189 194
190 204
190 191
191 204
196 197
198 202
201 203
202 204
