0 1
0 3
0 4
0 62
0 161
0 42
0 11
0 28
0 46
1 2
1 3
1 4
1 68
1 42
1 11
2 3
2 68
2 179
2 4
2 110
2 95
3 4
3 68
3 42
3 110
4 68
4 42
4 11
5 130
5 69
5 134
5 7
5 9
5 10
5 11
5 12
5 142
5 16
5 81
5 19
5 22
5 151
5 153
5 27
5 28
5 29
5 158
5 161
5 98
5 100
5 198
5 168
5 176
5 45
5 48
5 147
5 118
5 120
5 138
5 62
6 32
6 96
6 99
6 179
6 54
6 57
6 110
6 47
7 160
7 66
7 67
7 193
7 108
7 139
7 76
7 98
7 14
7 144
7 82
7 83
7 22
7 23
7 24
7 153
7 155
7 156
7 69
7 133
7 34
7 35
7 100
7 163
7 146
7 169
7 44
7 109
7 176
7 180
7 147
7 52
7 118
7 55
7 120
7 57
7 60
7 125
8 32
8 99
8 74
8 13
8 110
8 47
8 80
8 81
8 179
8 57
8 26
8 191
8 95
9 130
9 198
9 135
9 201
9 10
9 11
9 12
9 77
9 142
9 16
9 18
9 19
9 84
9 28
9 29
9 158
9 161
9 36
9 39
9 45
9 48
9 177
9 53
9 62
9 122
9 124
9 126
10 128
10 130
10 198
10 135
10 62
10 12
10 77
10 142
10 16
10 19
10 20
10 151
10 185
10 27
10 28
10 29
10 158
10 161
10 39
10 168
10 45
10 48
10 177
10 116
10 53
10 201
10 84
10 122
10 124
10 126
11 134
11 161
11 80
11 42
11 176
11 142
11 16
11 81
11 19
11 158
11 68
11 28
11 29
11 62
12 130
12 134
12 77
12 142
12 16
12 19
12 22
12 28
12 29
12 158
12 161
12 100
12 39
12 168
12 176
12 45
12 48
12 177
12 147
12 62
12 118
12 120
12 122
12 124
12 126
13 32
13 99
13 74
13 139
13 110
13 47
13 80
13 81
13 82
13 179
13 24
13 57
13 26
13 191
13 95
14 193
14 66
14 196
14 133
14 108
14 138
14 75
14 76
14 162
14 144
14 145
14 82
14 83
14 21
14 86
14 23
14 90
14 93
14 98
14 35
14 164
14 163
14 119
14 169
14 44
14 146
14 174
14 111
14 178
14 147
14 52
14 118
14 55
14 87
14 59
14 60
14 202
14 63
15 193
15 66
15 71
15 200
15 79
15 17
15 148
15 149
15 86
15 25
15 154
15 91
15 93
15 30
15 159
15 98
15 106
15 107
15 111
15 181
15 186
15 61
15 190
15 63
16 130
16 67
16 134
16 142
16 81
16 18
16 19
16 139
16 22
16 153
16 152
16 100
16 28
16 69
16 161
16 36
16 42
16 176
16 48
16 177
16 118
16 120
16 31
16 62
17 193
17 71
17 72
17 79
17 145
17 148
17 149
17 86
17 186
17 25
17 143
17 93
17 30
17 159
17 98
17 91
17 106
17 107
17 111
17 200
17 119
17 58
17 61
17 190
17 63
18 64
18 161
18 131
18 36
18 39
18 73
18 199
18 46
18 177
18 19
18 53
18 28
18 62
19 130
19 97
19 77
19 142
19 28
19 158
19 161
19 36
19 39
19 199
19 45
19 48
19 177
19 53
19 73
19 62
20 128
20 135
20 40
20 41
20 204
20 45
20 77
20 112
20 188
20 116
20 126
20 185
20 84
20 122
20 124
20 94
20 127
21 160
21 162
21 35
21 164
21 44
21 75
21 76
21 144
21 184
21 114
21 163
21 105
21 55
21 56
21 23
21 87
21 59
21 60
21 90
21 169
22 129
22 130
22 67
22 139
22 76
22 144
22 82
22 83
22 23
22 88
22 153
22 69
22 163
22 100
22 169
22 44
22 147
22 118
22 120
22 60
22 125
23 133
23 144
23 145
23 146
23 147
23 24
23 153
23 155
23 156
23 160
23 34
23 35
23 164
23 37
23 169
23 44
23 174
23 178
23 52
23 55
23 57
23 163
23 59
23 60
23 63
23 193
23 66
23 67
23 202
23 76
23 162
23 82
23 83
23 86
23 87
23 90
23 98
23 99
23 195
23 108
23 109
23 111
23 118
23 120
24 67
24 69
24 44
24 74
24 139
24 82
24 83
24 153
24 155
24 156
24 157
24 160
24 34
24 180
24 100
24 37
24 146
24 108
24 109
24 47
24 113
24 52
24 121
24 202
24 57
24 60
24 125
25 71
25 145
25 106
25 107
25 159
25 61
25 79
25 51
25 148
25 190
25 86
25 119
25 111
25 186
25 91
25 200
25 93
25 30
25 63
26 32
26 74
26 139
26 110
26 47
26 80
26 81
26 179
26 57
26 191
26 95
27 130
27 196
27 198
27 136
27 138
27 55
27 147
27 84
27 149
27 86
27 151
27 29
27 150
27 33
27 98
27 168
27 106
27 176
27 48
27 119
27 126
27 63
28 48
28 130
28 134
28 161
28 42
28 45
28 142
28 29
28 81
28 158
28 176
28 62
29 198
29 176
29 130
29 134
29 45
29 142
29 79
29 48
29 158
29 151
29 201
29 106
29 62
30 71
30 106
30 107
30 93
30 79
30 148
30 181
30 154
30 91
30 200
30 61
30 190
30 159
31 97
31 67
31 100
31 69
31 129
31 152
31 177
31 139
32 96
32 99
32 110
32 47
32 179
32 57
32 121
32 95
33 203
33 84
33 149
33 198
33 151
33 136
33 137
33 106
33 143
34 67
34 44
34 202
34 139
34 146
34 83
34 155
34 156
34 157
34 160
34 180
34 82
34 37
34 108
34 109
34 113
34 52
34 121
34 57
34 60
35 193
35 66
35 133
35 108
35 138
35 75
35 76
35 162
35 144
35 145
35 82
35 83
35 86
35 90
35 155
35 93
35 160
35 98
35 163
35 164
35 178
35 119
35 169
35 44
35 146
35 174
35 111
35 114
35 147
35 52
35 55
35 87
35 59
35 60
35 202
35 63
36 64
36 97
36 131
36 161
36 39
36 73
36 199
36 46
36 177
36 53
36 62
37 44
37 57
37 146
37 83
37 90
37 155
37 156
37 157
37 160
37 180
37 164
37 108
37 109
37 113
37 178
37 52
37 82
37 121
37 59
37 60
37 202
38 115
38 132
38 101
38 70
38 167
38 187
38 183
38 92
39 97
39 131
39 73
39 45
39 77
39 48
39 177
39 204
39 53
39 185
39 122
39 124
39 126
40 112
40 116
40 135
40 41
40 128
40 188
40 94
40 127
41 128
41 131
41 204
41 135
41 188
41 94
41 45
41 77
41 53
41 185
41 116
41 122
41 124
41 126
41 127
42 69
42 134
42 161
42 74
42 142
42 80
42 81
42 110
42 152
42 153
42 68
42 100
42 46
42 118
42 62
42 191
43 114
43 165
43 162
43 104
43 105
43 172
43 141
43 175
44 133
44 144
44 145
44 146
44 147
44 153
44 155
44 156
44 160
44 164
44 174
44 178
44 52
44 55
44 57
44 163
44 59
44 60
44 63
44 193
44 66
44 67
44 202
44 76
44 162
44 82
44 83
44 86
44 90
44 98
44 99
44 195
44 108
44 109
44 111
44 118
44 120
45 128
45 130
45 198
45 135
45 62
45 77
45 142
45 185
45 158
45 161
45 48
45 177
45 116
45 53
45 201
45 84
45 122
45 124
45 126
46 64
47 96
47 195
47 99
47 156
47 74
47 110
47 80
47 82
47 179
47 174
47 121
47 57
47 146
47 202
47 95
48 130
48 134
48 77
48 142
48 84
48 151
48 158
48 161
48 198
48 168
48 176
48 177
48 62
48 118
48 122
48 124
48 126
50 112
50 128
50 116
50 185
50 135
50 136
50 84
50 188
50 94
51 203
51 166
51 71
51 72
51 137
51 107
51 143
51 149
51 182
51 58
51 91
51 186
51 190
52 133
52 202
52 146
52 83
52 164
52 90
52 155
52 156
52 157
52 160
52 82
52 108
52 109
52 113
52 178
52 180
52 57
52 121
52 59
52 60
53 97
53 131
53 199
53 204
53 161
53 77
53 177
53 73
53 122
54 96
54 181
54 66
54 99
54 133
54 193
54 93
54 111
54 145
54 178
54 195
54 148
54 174
54 57
54 154
54 61
54 159
55 193
55 66
55 196
55 133
55 138
55 75
55 76
55 162
55 145
55 146
55 147
55 86
55 90
55 93
55 98
55 164
55 163
55 169
55 111
55 114
55 119
55 56
55 87
55 59
55 60
55 63
56 192
56 162
56 75
56 169
56 87
56 76
56 78
56 144
56 114
56 163
56 184
56 89
56 60
56 189
57 193
57 66
57 67
57 98
57 108
57 74
57 80
57 81
57 82
57 83
57 174
57 153
57 156
57 118
57 133
57 99
57 146
57 109
57 110
57 178
57 179
57 121
57 60
57 202
57 195
58 196
58 166
58 72
58 137
58 106
58 203
58 143
58 149
58 182
58 119
58 104
58 186
58 138
59 193
59 133
59 108
59 202
59 75
59 76
59 162
59 145
59 146
59 163
59 86
59 90
59 98
59 164
59 169
59 178
59 111
59 114
59 87
59 119
59 60
59 63
60 133
60 144
60 145
60 146
60 147
60 153
60 155
60 156
60 160
60 164
60 169
60 180
60 178
60 163
60 193
60 66
60 67
60 69
60 202
60 75
60 76
60 162
60 82
60 83
60 87
60 90
60 98
60 108
60 109
60 118
60 120
60 125
61 71
61 107
61 79
61 148
61 154
61 91
61 200
61 159
62 130
62 134
62 77
62 142
62 158
62 161
62 176
63 193
63 66
63 196
63 133
63 72
63 138
63 162
63 146
63 147
63 148
63 86
63 90
63 93
63 98
63 163
63 145
63 106
63 174
63 111
63 178
63 119
63 186
63 190
65 192
65 194
65 117
65 102
65 167
65 89
65 170
65 141
65 78
65 189
66 193
66 195
66 133
66 154
66 202
66 145
66 82
66 99
66 148
66 86
66 153
66 90
66 93
66 98
66 146
66 174
66 111
66 176
66 178
66 147
66 181
66 118
67 129
67 69
67 74
67 139
67 80
67 81
67 82
67 83
67 153
67 152
67 100
67 108
67 109
67 180
67 118
67 120
67 125
67 191
68 179
68 134
68 110
68 174
68 80
68 81
68 99
68 142
68 118
68 176
68 153
68 154
68 195
68 74
68 181
69 129
69 134
69 74
69 139
69 142
69 80
69 81
69 82
69 83
69 153
69 152
69 100
69 109
69 176
69 180
69 118
69 120
69 125
69 191
70 115
70 132
70 101
70 183
70 187
70 92
71 200
71 107
71 148
71 190
71 182
71 186
71 91
71 159
72 196
72 182
72 166
72 104
72 137
72 106
72 203
72 93
72 186
72 149
72 86
72 119
72 143
72 138
72 190
73 97
73 177
73 131
73 199
73 204
74 134
74 139
74 80
74 81
74 82
74 195
74 174
74 152
74 153
74 95
74 99
74 100
74 109
74 110
74 179
74 118
74 191
75 192
75 162
75 164
75 169
75 87
75 76
75 78
75 144
75 184
75 114
75 163
75 89
75 189
76 193
76 184
76 138
76 162
76 144
76 146
76 83
76 86
76 89
76 90
76 155
76 133
76 160
76 98
76 164
76 163
76 145
76 169
76 108
76 114
76 147
76 120
76 87
76 125
77 128
77 130
77 198
77 135
77 158
77 161
77 116
77 201
77 84
77 122
77 124
77 126
78 192
78 85
78 165
78 89
78 189
78 141
78 184
78 117
79 200
79 106
79 93
79 148
79 181
79 154
79 159
80 134
80 142
80 81
80 82
80 195
80 139
80 174
80 152
80 153
80 95
80 99
80 100
80 110
80 176
80 179
80 181
80 118
80 191
81 134
81 142
81 82
81 195
81 139
81 174
81 152
81 153
81 99
81 100
81 110
81 176
81 179
81 181
81 118
81 191
82 193
82 108
82 139
82 146
82 83
82 153
82 98
82 155
82 156
82 133
82 160
82 100
82 195
82 109
82 174
82 99
82 180
82 118
82 121
82 120
82 125
82 202
83 108
83 202
83 144
83 163
83 139
83 87
83 153
83 155
83 156
83 157
83 133
83 160
83 100
83 146
83 109
83 180
83 113
83 118
83 120
83 125
84 128
84 198
84 135
84 136
84 151
84 94
84 168
84 124
84 116
84 201
84 185
84 122
84 188
84 126
85 184
86 193
86 196
86 133
86 138
86 162
86 146
86 147
86 148
86 90
86 93
86 98
86 163
86 145
86 106
86 174
86 111
86 178
86 119
86 186
86 190
87 192
87 144
87 184
87 147
87 89
87 160
87 162
87 164
87 163
87 169
87 108
87 114
87 189
88 129
88 197
88 120
88 140
88 125
89 192
89 163
89 169
89 170
89 141
89 144
89 117
89 189
90 193
90 133
90 108
90 202
90 162
90 145
90 146
90 163
90 98
90 164
90 178
90 111
90 114
91 203
91 200
91 107
91 148
91 190
91 182
91 186
91 93
91 159
92 115
92 132
92 183
92 187
92 173
92 101
93 193
93 196
93 133
93 145
93 148
93 98
93 106
93 107
93 174
93 111
93 178
93 119
93 186
93 190
94 128
94 116
94 188
94 135
94 112
94 115
94 185
94 124
94 126
94 127
95 179
95 191
95 110
96 99
96 179
96 195
96 110
97 177
97 131
98 193
98 195
98 138
98 119
98 99
98 148
98 153
98 133
98 162
98 163
98 145
98 106
98 146
98 174
98 111
98 176
98 178
98 147
98 181
98 118
99 195
99 118
99 193
99 174
99 153
99 154
99 133
99 134
99 146
99 110
99 176
99 178
99 179
99 181
100 129
100 134
100 139
100 142
100 153
100 152
100 109
100 176
100 177
100 118
100 120
100 125
100 191
101 194
101 115
101 132
101 102
101 167
101 187
101 183
102 194
102 187
102 132
102 167
102 123
102 183
102 117
103 173
104 196
104 166
104 119
104 105
104 186
104 175
105 114
105 171
105 162
105 175
105 172
105 141
105 165
106 193
106 196
106 136
106 137
106 138
106 203
106 148
106 149
106 151
106 143
106 111
106 186
106 119
107 148
107 190
107 182
107 186
107 200
107 159
108 133
108 202
108 144
108 155
108 156
108 157
108 160
108 146
108 109
108 180
108 113
108 121
108 163
108 125
109 139
109 146
109 153
109 155
109 156
109 157
109 160
109 180
109 113
109 121
109 202
109 125
110 134
110 195
110 154
110 174
110 179
110 181
110 191
111 193
111 133
111 138
111 145
111 146
111 148
111 164
111 174
111 178
111 119
111 186
111 190
112 128
112 116
112 135
112 188
112 115
112 185
112 187
112 124
112 127
113 160
113 180
113 155
113 156
113 157
114 162
114 164
114 165
114 184
114 144
114 163
114 169
115 132
115 183
115 185
115 187
116 128
116 135
116 136
116 188
116 126
116 185
116 122
116 168
116 124
116 127
117 192
117 194
117 167
117 170
117 189
118 193
118 134
118 139
118 130
118 142
118 153
118 133
118 195
118 176
118 146
118 174
118 147
118 181
118 120
119 193
119 196
119 133
119 138
119 162
119 143
119 145
119 147
119 186
119 163
120 129
120 130
120 139
120 144
120 153
120 163
120 176
120 147
120 125
121 178
121 202
121 146
121 155
121 156
122 128
122 130
122 185
122 198
122 135
122 158
122 201
122 124
122 126
123 187
123 197
124 128
124 130
124 198
124 135
124 151
124 168
124 185
124 188
124 126
125 160
125 129
125 139
125 144
125 180
125 147
125 153
126 128
126 130
126 185
126 198
126 135
126 188
126 151
126 158
126 168
126 201
127 135
127 128
127 188
128 135
128 168
128 188
128 150
128 185
129 139
130 134
130 138
130 142
130 151
130 158
130 161
130 198
130 168
130 176
130 177
130 147
131 199
131 204
131 177
132 183
132 187
133 193
133 195
133 147
133 138
133 162
133 145
133 153
133 164
133 163
133 146
133 174
133 176
133 178
133 202
134 195
134 161
134 142
134 153
134 154
134 158
134 176
134 181
135 201
135 185
135 188
136 198
136 168
136 143
136 149
136 150
136 151
137 196
137 166
137 203
137 143
137 149
137 182
137 186
138 193
138 196
138 162
138 143
138 145
138 147
138 151
138 150
138 163
138 168
139 153
139 152
139 180
139 191
140 197
141 192
141 162
141 165
141 169
141 172
141 175
141 189
142 161
142 153
142 158
142 198
142 176
143 196
143 166
143 203
143 186
143 149
143 182
144 184
144 147
144 155
144 160
144 162
144 163
144 169
144 180
145 193
145 162
145 146
145 163
145 148
145 164
145 174
145 178
145 202
146 193
146 155
146 202
146 153
146 156
146 160
146 164
146 195
146 174
146 178
146 163
147 193
147 196
147 163
147 162
147 168
147 169
147 176
148 193
148 154
148 159
148 200
148 181
148 186
148 190
149 203
149 182
149 151
149 200
150 168
150 196
150 151
150 170
151 196
151 198
151 168
152 153
152 191
153 193
153 195
153 174
153 176
153 191
154 181
154 195
154 174
154 159
155 202
155 156
155 157
155 160
155 180
156 202
156 157
156 160
156 180
157 160
157 180
158 198
158 161
158 201
158 176
159 200
160 202
160 180
161 199
161 177
162 193
162 196
162 169
162 164
162 163
163 193
163 196
163 164
163 169
164 202
164 178
165 192
165 189
165 171
165 175
166 196
166 175
167 194
167 183
168 185
168 170
169 192
169 184
169 189
170 192
170 185
170 187
172 175
174 193
174 195
174 176
174 178
174 181
174 202
176 193
176 195
176 181
178 193
178 195
178 202
179 195
181 193
181 195
182 203
182 200
182 186
183 194
183 187
184 192
184 189
185 188
185 187
186 196
186 203
186 190
189 192
192 194
193 195
193 202
198 201
199 204
200 203
