0 1
0 132
0 4
0 5
0 6
0 7
0 8
0 137
0 140
0 141
0 16
0 151
0 25
0 27
0 28
0 157
0 31
0 133
0 161
0 129
0 41
0 42
0 46
0 48
0 49
0 184
0 57
0 64
0 65
0 67
0 68
0 197
0 70
0 204
0 77
0 82
0 85
0 87
0 96
0 144
0 99
0 101
0 104
0 110
0 113
0 136
1 65
1 132
1 3
1 4
1 5
1 7
1 8
1 137
1 140
1 77
1 64
1 141
1 16
1 82
1 67
1 85
1 87
1 68
1 154
1 27
1 93
1 31
1 96
1 133
1 197
1 161
1 113
1 41
1 144
1 110
1 157
1 48
1 49
1 204
1 184
1 57
2 67
2 70
2 63
3 64
3 67
3 4
3 133
3 68
3 65
3 41
3 140
3 48
3 113
3 82
3 85
3 57
3 154
3 93
3 31
4 132
4 5
4 6
4 7
4 8
4 137
4 140
4 141
4 16
4 151
4 25
4 27
4 157
4 31
4 133
4 161
4 49
4 129
4 41
4 42
4 46
4 48
4 136
4 184
4 57
4 58
4 64
4 65
4 67
4 68
4 197
4 204
4 77
4 82
4 85
4 87
4 88
4 96
4 144
4 101
4 104
4 110
4 113
4 117
5 132
5 133
5 6
5 7
5 8
5 129
5 151
5 204
5 161
5 16
5 82
5 99
5 110
5 87
5 25
5 27
5 28
5 157
5 94
5 197
5 96
5 144
5 35
5 101
5 65
5 113
5 104
5 41
5 42
5 46
5 48
5 49
5 137
5 57
5 136
6 129
6 132
6 7
6 8
6 137
6 151
6 143
6 13
6 14
6 136
6 144
6 81
6 110
6 87
6 25
6 204
6 27
6 28
6 157
6 30
6 133
6 96
6 161
6 197
6 35
6 101
6 104
6 42
6 107
6 46
6 48
6 49
6 185
6 94
6 89
6 160
6 57
6 58
6 61
7 132
7 67
7 65
7 8
7 129
7 204
7 161
7 16
7 82
7 87
7 25
7 27
7 94
7 133
7 96
7 144
7 197
7 99
7 101
7 113
7 104
7 41
7 110
7 48
7 49
7 137
7 136
7 70
8 132
8 67
8 70
8 64
8 129
8 87
8 140
8 161
8 16
8 82
8 144
8 85
8 25
8 68
8 27
8 101
8 157
8 31
8 96
8 133
8 197
8 99
8 65
8 113
8 104
8 41
8 42
8 110
8 48
8 49
8 204
8 137
8 184
8 57
8 136
8 151
9 195
9 166
9 134
9 199
9 40
9 13
9 142
9 143
9 147
9 54
9 60
9 61
9 159
10 32
10 34
10 115
10 131
10 167
10 78
10 125
10 80
10 114
10 83
10 52
10 187
10 22
10 183
10 24
10 91
10 124
10 29
11 196
11 138
11 75
11 88
11 18
11 148
11 21
11 151
11 152
11 157
11 98
11 102
11 172
11 45
11 51
11 116
11 117
11 182
11 121
11 185
11 202
11 190
11 191
12 17
12 178
12 36
12 86
12 200
12 47
12 126
12 111
13 130
13 132
13 135
13 72
13 76
13 142
13 143
13 81
13 147
13 20
13 25
13 89
13 28
13 94
13 159
13 165
13 35
13 134
13 38
13 40
13 49
13 30
13 54
13 120
13 104
13 136
13 60
13 61
13 62
13 166
14 160
14 35
14 38
14 158
14 72
14 188
14 107
14 46
14 81
14 179
14 20
14 94
14 56
14 89
14 28
14 30
14 165
16 67
16 65
16 129
16 140
16 161
16 144
16 82
16 85
16 87
16 27
16 31
16 96
16 133
16 197
16 99
16 49
16 104
16 41
16 110
16 48
16 113
16 204
17 36
17 37
17 86
17 200
17 47
18 193
18 75
18 196
18 202
18 148
18 21
18 57
18 88
18 157
18 185
18 98
18 102
18 42
18 110
18 45
18 46
18 112
18 51
18 116
18 117
18 182
18 184
18 121
18 186
18 151
18 190
20 35
20 165
20 38
20 158
20 72
20 94
20 143
20 81
20 30
20 54
20 120
20 56
20 89
20 28
20 61
20 62
20 159
21 129
21 75
21 196
21 138
21 204
21 88
21 148
21 151
21 152
21 157
21 185
21 98
21 101
21 102
21 42
21 172
21 45
21 46
21 51
21 116
21 117
21 182
21 121
21 186
21 202
21 190
22 32
22 34
22 115
22 131
22 74
22 44
22 29
22 80
22 125
22 83
22 52
22 183
22 91
23 128
24 32
24 115
24 178
24 146
24 167
24 141
24 78
24 77
24 80
24 114
24 83
24 184
24 58
24 124
25 129
25 132
25 137
25 151
25 204
25 144
25 81
25 99
25 110
25 87
25 89
25 27
25 28
25 157
25 94
25 133
25 96
25 161
25 197
25 35
25 101
25 104
25 42
25 107
25 46
25 48
25 49
25 185
25 30
25 136
25 160
25 57
25 58
27 132
27 137
27 151
27 28
27 157
27 133
27 161
27 35
27 129
27 41
27 42
27 45
27 46
27 48
27 49
27 57
27 184
27 185
27 58
27 64
27 65
27 68
27 197
27 204
27 82
27 87
27 88
27 96
27 144
27 99
27 101
27 104
27 110
27 113
27 117
27 136
28 129
28 132
28 158
28 72
28 137
28 151
28 204
28 143
28 81
28 87
28 89
28 30
28 165
28 160
28 161
28 197
28 35
28 101
28 38
28 104
28 42
28 107
28 46
28 49
28 94
28 54
28 56
28 136
28 188
28 61
29 32
29 80
29 83
29 131
29 145
29 187
30 130
30 72
30 143
30 81
30 89
30 158
30 159
30 35
30 165
30 38
30 104
30 173
30 136
30 94
30 54
30 120
30 61
31 133
31 65
31 140
31 64
31 82
31 67
31 85
31 68
31 154
31 93
31 96
31 41
31 110
31 48
31 113
31 184
31 57
32 33
32 34
32 115
32 167
32 74
32 80
32 114
32 83
32 187
32 58
32 91
32 124
33 193
33 59
33 100
33 102
33 74
33 75
33 108
33 112
33 139
33 152
33 202
33 90
33 91
33 124
33 58
34 115
34 44
34 78
34 125
34 80
34 114
34 83
34 52
34 183
34 91
34 74
35 129
35 132
35 72
35 137
35 151
35 143
35 81
35 146
35 89
35 94
35 165
35 160
35 161
35 197
35 101
35 38
35 167
35 104
35 42
35 107
35 46
35 49
35 54
35 56
35 136
35 188
35 61
35 62
36 168
36 47
36 126
36 111
37 195
37 134
37 70
37 135
37 40
37 156
37 76
37 166
37 47
37 54
37 136
37 60
37 61
37 62
37 63
38 134
38 72
38 143
38 81
38 147
38 89
38 156
38 158
38 159
38 165
38 166
38 40
38 94
38 54
38 120
38 61
38 62
39 194
39 150
39 119
39 108
39 109
39 79
39 149
39 118
39 55
39 122
39 59
39 189
40 195
40 134
40 135
40 72
40 76
40 143
40 146
40 147
40 86
40 89
40 156
40 159
40 166
40 136
40 54
40 60
40 61
40 62
40 63
41 132
41 70
41 65
41 137
41 140
41 161
41 82
41 67
41 85
41 87
41 68
41 96
41 133
41 197
41 99
41 113
41 104
41 64
41 144
41 110
41 48
41 49
41 204
41 57
42 129
42 132
42 137
42 151
42 152
42 157
42 133
42 160
42 161
42 167
42 45
42 46
42 48
42 49
42 57
42 182
42 184
42 185
42 58
42 64
42 68
42 197
42 202
42 75
42 204
42 87
42 88
42 96
42 101
42 196
42 107
42 110
42 117
42 124
43 153
43 203
43 156
43 86
43 95
44 91
44 125
44 183
45 129
45 196
45 138
45 75
45 204
45 148
45 46
45 151
45 88
45 157
45 185
45 161
45 98
45 101
45 110
45 51
45 116
45 117
45 182
45 121
45 186
45 202
45 190
46 129
46 132
46 137
46 138
46 151
46 204
46 152
46 87
46 88
46 157
46 185
46 133
46 160
46 161
46 197
46 101
46 167
46 107
46 110
46 48
46 49
46 179
46 117
46 182
46 184
46 57
46 58
46 124
46 202
47 86
47 200
48 132
48 137
48 151
48 140
48 141
48 157
48 133
48 161
48 129
48 49
48 184
48 57
48 64
48 65
48 67
48 68
48 197
48 204
48 77
48 82
48 85
48 87
48 96
48 144
48 99
48 101
48 104
48 110
48 113
48 136
49 137
49 151
49 132
49 157
49 133
49 161
49 129
49 135
49 136
49 54
49 184
49 57
49 61
49 63
49 64
49 65
49 67
49 68
49 197
49 70
49 204
49 76
49 77
49 141
49 82
49 87
49 94
49 96
49 144
49 99
49 101
49 104
49 110
51 196
51 138
51 75
51 88
51 148
51 151
51 152
51 157
51 98
51 102
51 172
51 116
51 117
51 182
51 121
51 185
51 186
51 202
51 190
51 191
52 80
52 115
52 198
52 183
52 91
52 106
52 78
52 125
53 145
53 162
53 169
53 71
54 132
54 134
54 135
54 72
54 76
54 143
54 81
54 146
54 147
54 89
54 94
54 159
54 156
54 166
54 137
54 104
54 136
54 60
54 61
54 62
54 63
55 193
55 69
55 74
55 139
55 108
55 109
55 79
55 112
55 189
55 154
55 149
55 118
55 119
55 122
55 59
55 93
55 150
56 160
56 165
56 188
56 107
56 81
56 179
56 89
56 158
57 132
57 129
57 137
57 151
57 140
57 141
57 144
57 196
57 154
57 157
57 133
57 161
57 182
57 184
57 58
57 64
57 65
57 68
57 197
57 204
57 77
57 82
57 193
57 85
57 87
57 88
57 93
57 96
57 101
57 110
57 112
57 113
57 117
58 64
58 68
58 132
58 133
58 137
58 74
58 151
58 77
58 141
58 83
58 110
58 88
58 152
58 157
58 167
58 114
58 117
58 182
58 184
58 124
58 202
59 139
59 150
59 102
59 201
59 74
59 119
59 108
59 109
59 79
59 112
59 193
59 118
59 90
59 189
59 127
60 166
60 195
60 134
60 135
60 76
60 136
60 159
60 147
60 86
60 156
60 61
60 62
60 63
61 132
61 70
61 135
61 72
61 76
61 143
61 81
61 146
61 147
61 137
61 89
61 94
61 159
61 96
61 156
61 166
61 136
61 134
61 104
61 62
61 63
62 195
62 134
62 135
62 72
62 76
62 143
62 146
62 86
62 89
62 156
62 159
62 200
62 166
62 136
62 63
63 67
63 70
63 135
63 76
63 195
63 134
63 104
63 136
63 166
64 132
64 69
64 65
64 137
64 140
64 77
64 141
64 82
64 67
64 85
64 87
64 68
64 154
64 93
64 96
64 133
64 110
64 157
64 184
65 204
65 140
65 82
65 67
65 85
65 87
65 68
65 96
65 133
65 197
65 99
65 161
65 113
65 144
65 110
66 192
66 180
66 84
66 181
66 105
66 73
66 170
66 103
67 133
67 70
67 140
67 82
67 85
67 87
67 68
67 96
67 144
67 99
67 104
67 136
68 69
68 137
68 140
68 77
68 141
68 144
68 82
68 85
68 87
68 132
68 154
68 93
68 96
68 133
68 110
68 157
68 184
69 119
69 141
69 77
69 109
69 114
69 149
69 154
69 184
69 122
69 93
70 96
70 133
70 135
70 76
70 104
70 136
70 166
70 199
71 97
71 146
71 187
71 145
72 134
72 143
72 81
72 147
72 89
72 156
72 158
72 159
72 165
72 94
72 120
72 166
73 84
73 169
73 105
73 170
73 103
74 193
74 112
74 108
74 109
74 80
74 114
74 91
74 124
75 196
75 193
75 138
75 88
75 148
75 185
75 152
75 90
75 98
75 100
75 102
75 172
75 179
75 116
75 117
75 182
75 121
75 124
75 202
75 190
76 195
76 135
76 136
76 77
76 141
76 146
76 86
76 89
76 143
76 156
76 159
76 166
76 104
76 134
77 135
77 137
77 141
77 78
77 154
77 93
77 133
77 178
77 114
77 184
78 198
78 83
78 178
78 80
78 141
78 114
78 115
79 193
79 118
79 119
79 109
79 112
79 177
79 150
79 186
79 92
79 189
79 127
80 115
80 131
80 167
80 125
80 114
80 83
80 187
80 183
80 91
80 124
81 130
81 158
81 143
81 120
81 89
81 94
81 159
81 160
81 165
81 104
81 107
81 173
81 136
82 204
82 140
82 85
82 87
82 96
82 133
82 197
82 99
82 161
82 113
82 144
82 110
83 187
83 167
83 146
83 114
83 115
83 91
83 124
84 192
84 180
84 181
84 105
84 170
84 103
85 133
85 140
85 154
85 93
85 96
85 113
85 184
86 203
86 134
86 135
86 200
86 146
86 153
86 156
86 95
87 132
87 129
87 151
87 140
87 110
87 157
87 133
87 96
87 144
87 197
87 99
87 161
87 101
87 113
87 104
87 204
87 137
87 184
87 136
88 129
88 186
88 193
88 138
88 204
88 148
88 152
88 196
88 157
88 185
88 161
88 98
88 101
88 102
88 110
88 112
88 116
88 117
88 182
88 184
88 121
88 151
88 202
88 190
89 130
89 132
89 158
89 137
89 143
89 94
89 159
89 165
89 134
89 173
89 104
89 120
89 136
89 166
90 100
90 139
90 102
90 201
90 164
90 172
90 174
91 115
91 108
91 125
91 114
91 183
92 177
92 189
92 150
92 118
93 149
93 119
93 109
93 141
93 114
93 184
93 122
93 154
94 129
94 130
94 132
94 137
94 204
94 143
94 165
94 160
94 161
94 197
94 101
94 104
94 107
94 173
94 158
94 136
95 97
95 203
95 153
95 156
96 132
96 129
96 140
96 101
96 133
96 144
96 197
96 99
96 161
96 113
96 104
96 110
96 204
96 137
96 136
96 151
97 153
97 203
98 193
98 196
98 202
98 148
98 121
98 157
98 102
98 112
98 116
98 117
98 182
98 185
98 186
98 190
98 191
99 132
99 204
99 161
99 133
99 144
99 197
99 129
99 113
99 104
99 136
100 155
100 152
100 174
101 129
101 132
101 137
101 151
101 204
101 144
101 197
101 157
101 133
101 161
101 110
101 104
101 107
101 185
101 117
101 160
101 136
102 193
102 139
102 196
102 202
102 148
102 152
102 172
102 174
102 112
102 116
102 117
102 182
102 121
102 186
102 190
103 170
103 105
104 129
104 132
104 137
104 161
104 133
104 197
104 166
104 144
104 135
104 143
104 204
104 136
105 192
105 180
105 181
105 170
106 126
107 160
107 129
107 188
107 163
107 185
107 151
107 179
107 138
107 165
108 119
108 139
108 109
108 112
108 193
108 189
109 193
109 139
109 119
109 112
109 189
109 154
109 149
109 118
109 122
109 150
110 132
110 137
110 151
110 157
110 133
110 161
110 129
110 136
110 182
110 184
110 185
110 197
110 204
110 144
110 113
110 117
111 178
111 126
112 193
112 196
112 182
112 139
112 150
112 202
112 157
112 116
112 117
112 118
112 119
112 184
112 121
112 186
112 189
113 204
113 140
113 161
113 133
113 144
113 197
114 115
114 167
114 184
114 141
114 154
114 124
115 198
115 125
116 193
116 196
116 138
116 148
116 151
116 157
116 185
116 172
116 117
116 182
116 121
116 186
116 202
116 190
116 191
117 129
117 186
117 193
117 138
117 204
117 152
117 148
117 196
117 157
117 185
117 182
117 184
117 121
117 151
117 202
117 190
118 193
118 119
118 177
118 150
118 186
118 189
119 193
119 139
119 189
119 154
119 186
119 149
119 184
119 122
119 150
120 165
120 143
120 147
120 158
120 159
121 193
121 196
121 202
121 148
121 157
121 172
121 182
121 185
121 186
121 190
121 191
122 149
122 194
122 154
124 179
124 167
124 152
124 187
125 183
126 178
126 168
127 139
127 164
127 201
127 189
129 160
129 132
129 137
129 151
129 204
129 197
129 157
129 133
129 144
129 161
129 185
130 158
130 165
130 142
130 173
130 143
131 145
131 187
132 151
132 136
132 144
132 157
132 133
132 197
132 161
132 204
132 137
132 184
133 137
133 151
133 140
133 141
133 157
133 161
133 184
133 197
133 204
133 144
133 136
134 195
134 135
134 143
134 146
134 147
134 156
134 159
134 166
134 136
135 195
135 136
135 141
135 146
135 156
135 159
135 166
136 137
136 144
136 197
136 166
136 161
136 143
137 151
137 141
137 144
137 157
137 197
137 161
137 204
137 184
138 160
138 196
138 163
138 202
138 172
138 190
138 152
138 151
138 148
138 179
138 185
139 164
139 193
139 201
139 174
139 189
139 186
140 144
141 154
141 178
141 184
142 147
142 199
142 159
142 143
143 158
143 147
143 159
143 165
143 173
143 166
144 161
144 197
144 204
145 153
145 187
146 200
146 167
147 166
147 156
147 159
148 196
148 151
148 152
148 157
148 185
148 172
148 182
148 186
148 202
148 190
148 191
149 194
149 154
150 193
150 177
150 189
151 157
151 160
151 161
151 182
151 184
151 185
151 190
151 196
151 197
151 202
151 204
152 179
152 167
152 172
152 202
152 185
152 190
153 203
153 200
154 184
155 172
156 195
156 166
156 203
156 159
157 161
157 182
157 184
157 185
157 190
157 193
157 197
157 202
157 204
157 196
158 165
158 173
159 203
159 166
160 188
160 163
160 185
160 179
161 204
161 197
161 185
162 169
162 187
162 175
163 192
163 179
163 188
164 201
164 189
164 174
165 173
166 195
166 199
167 179
167 187
169 175
170 192
170 180
170 181
172 202
172 190
172 191
177 189
179 188
180 192
180 181
181 192
182 193
182 196
182 186
182 202
182 185
182 184
182 190
184 193
185 196
185 204
185 202
185 190
186 193
186 196
186 202
186 190
189 193
189 201
190 196
190 202
190 191
191 196
193 196
193 202
196 204
196 202
197 204
