0 2
0 3
0 4
0 37
0 166
0 7
0 136
0 105
0 10
0 43
0 108
0 98
0 47
0 17
0 18
0 51
0 151
0 167
1 184
1 2
1 3
1 4
1 130
1 7
1 8
1 10
1 13
1 145
1 79
1 81
1 18
1 67
1 148
1 151
1 90
1 175
1 167
1 199
1 31
1 165
1 98
1 36
1 101
1 17
1 105
1 43
1 47
1 49
1 51
1 181
1 56
1 136
1 123
1 138
2 98
2 3
2 4
2 7
2 105
2 10
2 43
2 130
2 79
2 145
2 18
2 51
2 149
2 54
2 167
2 138
3 67
3 4
3 130
3 7
3 8
3 10
3 13
3 145
3 79
3 81
3 18
3 148
3 151
3 90
3 175
3 184
3 167
3 199
3 31
3 165
3 98
3 36
3 101
3 17
3 105
3 43
3 47
3 49
3 51
3 181
3 56
3 136
3 123
4 130
4 7
4 8
4 10
4 175
4 13
4 145
4 79
4 81
4 18
4 67
4 148
4 151
4 90
4 167
4 184
4 93
4 199
4 31
4 98
4 36
4 165
4 17
4 40
4 105
4 43
4 47
4 49
4 51
4 181
4 56
4 136
4 123
5 96
5 192
5 196
5 200
5 41
5 172
5 14
5 143
5 80
5 177
5 147
5 84
5 149
5 86
5 119
5 24
5 89
5 156
5 159
6 139
6 69
6 72
6 11
6 12
6 146
6 25
6 152
6 153
6 91
6 30
6 95
6 34
6 99
6 39
6 170
6 103
6 44
6 174
6 111
6 118
6 184
6 124
6 189
6 62
7 130
7 199
7 8
7 10
7 13
7 79
7 17
7 18
7 67
7 148
7 151
7 165
7 98
7 36
7 37
7 166
7 167
7 105
7 43
7 108
7 47
7 136
7 51
7 181
7 56
8 197
8 136
8 10
8 12
8 13
8 184
8 81
8 67
8 148
8 151
8 90
8 175
8 93
8 199
8 165
8 36
8 37
8 17
8 40
8 105
8 167
8 47
8 181
8 56
8 185
9 80
9 177
9 119
9 200
9 60
9 172
9 110
10 130
10 13
10 79
10 17
10 18
10 67
10 148
10 149
10 151
10 175
10 167
10 199
10 31
10 165
10 98
10 36
10 37
10 166
10 145
10 105
10 43
10 108
10 47
10 136
10 51
10 181
10 56
10 123
11 203
11 69
11 72
11 139
11 142
11 15
11 85
11 152
11 153
11 26
11 91
11 28
11 30
11 95
11 33
11 34
11 99
11 39
11 188
11 106
11 44
11 174
11 52
11 118
11 184
11 186
11 124
11 170
11 62
12 193
12 69
12 81
12 82
12 90
12 111
12 125
12 30
12 197
12 165
12 40
12 170
12 44
12 93
12 175
12 49
12 115
12 184
12 185
12 189
12 62
13 130
13 67
13 79
13 81
13 18
13 20
13 154
13 151
13 90
13 167
13 93
13 199
13 31
13 163
13 36
13 165
13 17
13 40
13 105
13 135
13 47
13 136
13 51
13 181
13 56
13 148
13 123
14 96
14 192
14 196
14 168
14 41
14 172
14 200
14 143
14 80
14 177
14 147
14 84
14 149
14 86
14 119
14 24
14 89
14 27
14 156
14 159
15 160
15 33
15 35
15 204
15 42
15 76
15 174
15 175
15 203
15 118
15 55
15 57
15 186
15 155
15 28
15 106
15 158
16 171
16 133
16 73
16 140
16 77
16 143
16 80
16 110
16 23
16 24
16 27
16 157
16 94
16 48
16 168
16 107
16 191
16 46
16 112
16 49
16 50
16 180
16 120
16 123
16 60
16 63
17 130
17 67
17 184
17 79
17 81
17 18
17 148
17 151
17 90
17 175
17 93
17 199
17 31
17 165
17 98
17 36
17 37
17 166
17 167
17 40
17 105
17 43
17 108
17 47
17 136
17 51
17 181
17 56
18 130
18 136
18 79
18 67
18 148
18 149
18 151
18 196
18 175
18 167
18 199
18 31
18 98
18 101
18 145
18 105
18 43
18 159
18 47
18 51
18 180
18 54
18 56
18 123
18 138
19 138
19 140
19 77
19 79
19 145
19 24
19 27
19 156
19 157
19 94
19 159
19 100
19 101
19 168
19 48
19 50
19 180
19 183
19 58
19 123
19 143
19 127
20 67
20 135
20 73
20 75
20 148
20 171
20 23
20 154
20 157
20 199
20 31
20 161
20 163
20 90
20 40
20 107
20 93
20 49
20 181
20 56
20 60
20 191
21 61
21 78
21 117
22 129
22 65
22 87
23 67
23 135
23 73
23 75
23 140
23 120
23 148
23 171
23 90
23 154
23 199
23 31
23 161
23 163
23 107
23 191
23 46
23 157
23 48
23 49
23 114
23 180
23 56
23 123
23 60
23 63
24 192
24 196
24 140
24 77
24 143
24 80
24 147
24 46
24 86
24 89
24 27
24 156
24 157
24 159
24 96
24 101
24 168
24 41
24 107
24 110
24 50
24 180
25 64
25 198
25 34
25 131
25 132
25 69
25 39
25 139
25 61
25 146
25 153
25 190
25 134
25 152
25 121
25 59
25 29
25 126
26 33
26 198
26 97
26 188
26 106
26 39
26 76
26 174
26 203
26 187
26 85
26 118
26 152
26 153
26 186
26 91
26 28
26 170
26 30
27 192
27 196
27 140
27 77
27 143
27 80
27 145
27 156
27 157
27 94
27 159
27 100
27 101
27 168
27 41
27 107
27 46
27 48
27 50
27 180
27 58
27 123
28 33
28 66
28 35
28 68
28 97
28 42
28 76
28 174
28 203
28 186
28 85
28 118
28 55
28 155
28 188
28 106
28 158
29 131
29 132
29 198
29 153
29 59
29 61
30 193
30 131
30 69
30 72
30 82
30 139
30 85
30 203
30 152
30 153
30 91
30 95
30 34
30 39
30 106
30 44
30 174
30 175
30 189
30 118
30 184
30 186
30 188
30 170
30 62
31 192
31 130
31 67
31 135
31 151
31 140
31 79
31 149
31 196
31 90
31 167
31 154
31 199
31 159
31 163
31 101
31 145
31 41
31 171
31 107
31 47
31 48
31 49
31 51
31 180
31 181
31 157
31 105
31 56
31 148
31 123
31 60
32 176
32 34
32 99
32 102
32 39
32 72
32 169
32 139
32 142
32 144
32 146
32 52
32 153
32 152
32 116
32 103
32 124
32 95
33 97
33 66
33 35
33 188
33 42
33 76
33 174
33 203
33 186
33 85
33 118
33 55
33 57
33 155
33 106
33 158
34 131
34 69
34 72
34 142
34 146
34 139
34 153
34 152
34 95
34 99
34 102
34 39
34 169
34 170
34 103
34 174
34 52
34 118
34 59
34 124
34 62
35 160
35 68
35 204
35 42
35 203
35 76
35 55
35 155
35 106
35 158
36 67
36 136
36 148
36 151
36 90
36 93
36 165
36 163
36 37
36 166
36 167
36 40
36 105
36 199
36 108
36 47
36 51
36 181
36 56
37 136
37 166
37 105
37 108
37 47
39 131
39 69
39 72
39 142
39 144
39 146
39 188
39 139
39 85
39 153
39 152
39 91
39 95
39 99
39 198
39 103
39 169
39 170
39 174
39 52
39 118
39 59
39 124
39 62
40 67
40 197
40 81
40 148
40 185
40 90
40 175
40 93
40 163
40 165
40 184
40 44
40 111
40 49
40 181
40 56
40 189
40 62
41 192
41 130
41 196
41 135
41 200
41 172
41 140
41 79
41 80
41 145
41 147
41 149
41 86
41 151
41 89
41 156
41 157
41 199
41 96
41 101
41 168
41 107
41 159
41 177
41 51
41 180
41 119
41 123
41 60
41 143
42 160
42 68
42 204
42 106
42 203
42 76
42 55
42 57
42 155
42 158
43 130
43 136
43 105
43 167
43 98
43 145
43 79
43 54
43 57
43 175
43 138
44 193
44 197
44 74
44 81
44 82
44 150
44 90
44 111
44 91
44 165
44 170
44 174
44 175
44 49
44 115
44 189
44 184
44 185
44 125
44 62
44 63
45 104
45 65
45 66
45 187
45 78
46 171
46 133
46 73
46 140
46 77
46 143
46 80
46 157
46 94
46 112
46 168
46 107
46 191
46 110
46 48
46 50
46 180
46 120
46 123
46 60
46 63
47 130
47 67
47 79
47 148
47 151
47 90
47 93
47 165
47 163
47 167
47 105
47 199
47 108
47 136
47 51
47 181
47 56
48 171
48 133
48 73
48 140
48 77
48 143
48 92
48 157
48 94
48 161
48 191
48 100
48 101
48 168
48 107
48 114
48 112
48 49
48 50
48 180
48 120
48 123
48 63
49 130
49 197
49 193
49 73
49 74
49 79
49 81
49 82
49 67
49 90
49 184
49 92
49 157
49 185
49 161
49 191
49 100
49 165
49 114
49 140
49 175
49 189
49 50
49 115
49 180
49 56
49 148
49 123
49 125
49 63
50 130
50 133
50 140
50 77
50 79
50 145
50 92
50 157
50 94
50 159
50 112
50 100
50 101
50 168
50 63
50 107
50 180
50 58
50 123
50 143
50 127
51 130
51 136
51 192
51 79
51 67
51 148
51 149
51 151
51 196
51 199
51 98
51 145
51 167
51 159
51 181
51 105
51 56
51 123
52 66
52 198
52 72
52 139
52 142
52 144
52 146
52 131
52 85
52 152
52 153
52 95
52 99
52 169
52 103
52 174
52 116
52 118
52 59
53 137
53 109
53 182
53 173
54 149
54 145
54 98
54 101
54 130
54 138
54 159
54 79
55 160
55 68
55 203
55 76
55 155
55 158
56 130
56 67
56 151
56 140
56 145
56 79
56 81
56 154
56 196
56 90
56 167
56 93
56 199
56 163
56 165
56 105
56 135
56 159
56 157
56 180
56 181
56 148
56 136
56 123
57 160
57 98
57 203
57 138
57 204
57 175
57 106
57 184
57 155
57 158
58 100
58 101
58 138
58 140
58 77
58 143
58 145
58 180
58 183
58 123
58 94
58 127
59 131
59 198
59 134
59 169
59 170
59 139
59 61
59 146
59 153
59 152
60 192
60 171
60 196
60 135
60 200
60 140
60 80
60 147
60 154
60 157
60 107
60 172
60 110
60 177
60 119
60 120
61 198
61 131
61 117
61 134
62 69
62 72
62 139
62 197
62 152
62 153
62 95
62 165
62 170
62 103
62 174
62 111
62 118
62 185
62 124
62 189
63 195
63 133
63 161
63 73
63 74
63 140
63 77
63 82
63 150
63 92
63 112
63 100
63 189
63 114
63 115
63 120
63 191
63 125
63 127
64 146
64 132
64 190
64 134
64 126
65 66
65 87
65 104
65 187
65 76
66 76
66 85
66 116
66 68
66 144
67 130
67 151
67 140
67 145
67 79
67 81
67 154
67 196
67 90
67 167
67 93
67 199
67 163
67 165
67 105
67 135
67 159
67 157
67 180
67 181
67 148
67 136
67 123
68 160
68 76
68 87
69 197
69 72
69 139
69 146
69 152
69 153
69 95
69 170
69 174
69 111
69 185
69 118
69 121
69 124
69 189
69 126
70 156
70 183
71 179
71 182
71 201
71 137
71 92
71 127
72 131
72 142
72 146
72 139
72 152
72 153
72 95
72 99
72 102
72 169
72 170
72 103
72 174
72 118
72 124
73 171
73 197
73 161
73 75
73 125
73 114
73 83
73 154
73 120
73 185
73 90
73 191
73 122
74 193
74 195
74 100
74 81
74 189
74 82
74 115
74 150
74 201
74 184
74 91
74 92
74 125
74 127
75 161
75 163
75 171
75 114
75 83
75 120
75 122
75 154
75 191
76 188
76 203
76 97
76 186
76 85
76 118
76 106
76 158
77 133
77 140
77 143
77 92
77 157
77 94
77 112
77 100
77 101
77 168
77 107
77 180
77 123
77 127
78 104
78 187
78 117
79 192
79 130
79 136
79 140
79 145
79 148
79 149
79 151
79 196
79 167
79 135
79 157
79 199
79 101
79 81
79 159
79 180
79 181
79 105
79 123
80 192
80 196
80 200
80 143
80 147
80 86
80 89
80 156
80 157
80 168
80 107
80 172
80 110
80 177
80 119
80 120
81 175
81 197
81 193
81 184
81 82
81 148
81 90
81 91
81 165
81 105
81 170
81 111
81 115
81 185
81 123
81 189
82 193
82 100
82 127
82 175
82 189
82 115
82 150
82 201
82 184
82 91
82 92
82 170
83 161
83 114
83 120
83 122
83 191
84 96
84 147
84 86
84 89
85 97
85 188
85 106
85 174
85 203
85 187
85 117
85 118
85 186
85 153
85 91
85 170
86 96
86 192
86 196
86 200
86 172
86 177
86 147
86 149
86 119
86 89
86 156
86 159
87 129
88 104
88 162
88 202
89 96
89 192
89 196
89 200
89 172
89 177
89 147
89 149
89 119
89 156
89 159
90 175
90 197
90 199
90 184
90 154
90 111
90 93
90 185
90 163
90 165
90 105
90 167
90 181
90 148
90 191
91 193
91 203
91 201
91 152
91 153
91 97
91 170
91 174
91 175
91 189
91 115
91 118
91 184
91 186
91 188
91 106
92 193
92 195
92 100
92 133
92 115
92 150
92 127
92 94
93 148
93 165
93 199
93 163
93 181
93 185
93 154
93 197
94 100
94 133
94 168
94 112
94 143
94 127
95 131
95 142
95 144
95 146
95 139
95 152
95 153
95 99
95 102
95 169
95 170
95 103
95 174
95 118
95 124
96 192
96 196
96 147
96 149
96 156
96 159
97 137
97 106
97 203
97 188
97 182
97 201
97 186
97 158
98 166
98 136
98 105
98 151
98 167
99 139
99 142
99 144
99 146
99 152
99 153
99 102
99 169
99 103
99 174
99 176
99 116
99 118
99 124
100 193
100 133
100 201
100 140
100 143
100 145
100 101
100 115
100 180
100 123
100 138
100 127
101 192
101 130
101 196
101 138
101 140
101 143
101 145
101 149
101 156
101 157
101 168
101 159
101 180
101 123
102 103
102 169
102 139
102 142
102 176
102 146
102 116
102 124
103 169
103 139
103 142
103 176
103 152
103 116
103 124
104 162
104 117
104 202
104 187
105 130
105 148
105 149
105 151
105 175
105 167
105 199
105 165
105 145
105 108
105 136
105 181
105 123
106 193
106 203
106 201
106 155
106 158
106 174
106 175
106 118
106 186
106 188
106 170
107 192
107 196
107 135
107 172
107 140
107 143
107 110
107 157
107 112
107 168
107 171
107 159
107 180
107 120
107 123
108 166
108 136
109 182
109 201
109 137
109 138
109 173
110 177
110 168
110 172
110 200
110 119
110 120
111 113
111 189
111 150
111 185
111 125
111 197
112 128
112 133
112 168
112 120
113 185
113 197
114 161
114 115
114 195
114 189
114 150
114 120
114 122
114 191
114 125
115 193
115 195
115 127
115 189
115 150
115 125
116 144
116 176
116 169
116 139
116 142
117 198
117 187
118 139
118 142
118 203
118 152
118 153
118 174
118 186
118 188
118 170
119 192
119 196
119 135
119 200
119 172
119 177
119 147
120 161
120 171
120 140
120 168
120 191
120 157
121 132
121 134
121 126
121 190
122 161
122 191
123 130
123 135
123 167
123 151
123 140
123 148
123 149
123 196
123 157
123 199
123 145
123 192
123 180
123 159
123 143
124 169
124 142
124 176
124 146
124 139
124 174
124 152
125 161
125 195
125 197
125 191
125 150
125 185
125 189
126 146
126 132
126 134
126 190
127 193
127 133
128 164
128 133
130 192
130 167
130 140
130 148
130 149
130 151
130 196
130 143
130 135
130 157
130 199
130 145
130 159
130 180
130 181
131 198
131 134
131 169
131 170
131 139
131 146
131 153
131 152
132 190
132 134
133 164
134 146
134 190
135 192
135 196
135 199
135 200
135 151
135 140
135 147
135 171
135 154
135 157
135 159
135 163
135 172
135 177
135 181
135 148
136 148
136 151
136 199
136 166
136 167
136 181
137 182
137 201
137 186
137 188
138 193
138 201
138 175
138 145
138 184
139 142
139 144
139 146
139 153
139 152
139 198
139 169
139 170
139 174
140 192
140 196
140 143
140 148
140 171
140 156
140 157
140 145
140 168
140 159
140 180
141 164
142 144
142 169
142 174
142 146
142 152
142 176
143 192
143 196
143 145
143 156
143 157
143 159
143 168
143 147
143 180
144 169
144 146
145 192
145 199
145 148
145 149
145 151
145 196
145 156
145 157
145 167
145 159
145 180
146 198
146 153
146 152
146 169
147 192
147 196
147 200
147 172
147 177
147 156
147 149
147 159
148 151
148 196
148 167
148 199
148 163
148 165
148 159
148 157
148 180
148 181
149 192
149 196
149 151
149 156
149 167
149 159
150 189
150 195
151 196
151 167
151 199
151 159
151 181
152 188
152 153
152 169
152 170
152 174
153 198
153 169
153 170
153 174
153 188
154 161
154 181
154 163
154 171
154 191
154 199
155 160
155 203
155 204
155 175
155 158
156 192
156 196
156 157
156 159
156 168
156 180
157 192
157 196
157 171
157 199
157 168
157 159
157 180
158 203
158 186
159 192
159 199
159 167
159 168
159 196
159 180
160 204
161 171
161 197
161 185
161 191
162 202
163 181
163 171
163 199
164 195
165 197
165 184
165 175
165 167
165 181
165 185
167 196
167 199
167 181
168 192
168 196
168 180
169 176
169 198
170 193
170 203
170 174
170 175
170 184
170 186
170 188
170 189
171 196
171 191
171 199
172 192
172 196
172 200
172 177
174 203
174 188
174 184
174 186
175 193
175 203
175 184
177 192
177 196
177 200
179 195
180 192
180 196
181 199
182 201
182 186
184 193
184 189
185 197
185 191
185 189
186 193
186 203
186 188
186 201
188 203
189 193
189 197
191 197
192 196
192 200
192 199
193 201
196 200
196 199
