0 1
0 2
0 3
0 4
0 6
0 129
0 8
0 9
0 11
0 13
0 142
0 16
0 18
0 19
0 27
0 33
0 34
0 155
0 169
0 135
0 172
0 48
0 177
0 178
0 51
0 182
0 184
0 190
0 193
0 66
0 195
0 196
0 69
0 161
0 200
0 119
0 76
0 78
0 79
0 82
0 94
0 100
0 115
0 116
0 41
0 126
1 172
1 130
1 3
1 4
1 69
1 8
1 9
1 11
1 12
1 14
1 79
1 16
1 18
1 20
1 142
1 68
1 154
1 91
1 29
1 95
1 33
1 34
1 155
1 39
1 196
1 44
1 178
1 110
1 47
1 48
1 136
1 114
1 51
1 53
1 182
1 73
1 132
1 122
1 117
2 129
2 66
2 3
2 4
2 69
2 6
2 8
2 9
2 11
2 175
2 14
2 79
2 16
2 18
2 196
2 142
2 153
2 90
2 155
2 94
2 159
2 33
2 34
2 100
2 102
2 178
2 42
2 172
2 173
2 47
2 48
2 177
2 114
2 51
2 182
2 119
2 124
2 170
3 4
3 6
3 129
3 8
3 9
3 139
3 14
3 16
3 145
3 18
3 153
3 155
3 29
3 33
3 34
3 39
3 42
3 172
3 47
3 48
3 177
3 178
3 51
3 53
3 182
3 65
3 66
3 11
3 196
3 69
3 72
3 79
3 82
3 142
3 90
3 94
3 102
3 110
3 114
3 117
3 119
3 122
3 124
3 170
4 66
4 69
4 6
4 129
4 200
4 9
4 76
4 13
4 78
4 79
4 16
4 115
4 18
4 19
4 142
4 23
4 27
4 33
4 34
4 155
4 100
4 195
4 161
4 193
4 135
4 172
4 82
4 174
4 48
4 177
4 178
4 51
4 116
4 190
4 182
4 169
4 184
4 126
5 130
5 68
5 198
5 7
5 136
5 73
5 10
5 12
5 141
5 15
5 151
5 24
5 91
5 156
5 97
5 103
5 168
5 167
5 72
5 53
5 201
5 120
5 122
5 74
6 129
6 135
6 8
6 9
6 11
6 13
6 142
6 16
6 18
6 27
6 33
6 34
6 155
6 41
6 172
6 173
6 47
6 48
6 177
6 178
6 51
6 182
6 184
6 190
6 193
6 66
6 195
6 196
6 69
6 78
6 79
6 90
6 94
6 100
6 102
6 104
6 114
6 115
6 116
6 119
6 126
7 130
7 68
7 198
7 136
7 73
7 74
7 12
7 15
7 151
7 24
7 91
7 156
7 97
7 103
7 168
7 167
7 72
7 53
7 201
7 120
7 122
7 10
8 196
8 69
8 9
8 11
8 66
8 14
8 79
8 16
8 142
8 90
8 155
8 29
8 94
8 34
8 102
8 39
8 104
8 42
8 172
8 178
8 110
8 47
8 48
8 177
8 114
8 51
8 53
8 182
8 119
8 124
8 117
9 129
9 11
9 14
9 16
9 145
9 18
9 153
9 155
9 29
9 33
9 34
9 39
9 42
9 172
9 47
9 48
9 177
9 178
9 51
9 53
9 182
9 65
9 66
9 139
9 196
9 69
9 72
9 79
9 82
9 142
9 94
9 102
9 114
9 117
9 119
9 124
9 170
10 129
10 130
10 68
10 198
10 72
10 73
10 74
10 76
10 142
10 82
10 151
10 24
10 91
10 156
10 93
10 97
10 103
10 168
10 167
10 12
10 53
10 118
10 201
10 122
11 129
11 139
11 130
11 14
11 16
11 145
11 153
11 155
11 29
11 34
11 39
11 168
11 42
11 172
11 47
11 48
11 177
11 178
11 51
11 53
11 182
11 188
11 65
11 196
11 69
11 72
11 73
11 79
11 141
11 142
11 91
11 122
11 94
11 110
11 114
11 117
11 119
11 136
11 124
12 130
12 68
12 136
12 73
12 15
12 146
12 149
12 91
12 156
12 95
12 97
12 165
12 103
12 168
12 110
12 111
12 112
12 53
12 120
12 122
12 117
13 33
13 195
13 135
13 76
13 193
13 108
13 78
13 49
13 18
13 116
13 190
13 23
13 184
13 154
13 126
14 196
14 69
14 142
14 79
14 16
14 75
14 131
14 186
14 29
14 34
14 39
14 188
14 42
14 172
14 178
14 110
14 47
14 48
14 136
14 114
14 51
14 53
14 182
14 122
14 124
14 117
15 181
15 130
15 136
15 73
15 75
15 141
15 146
15 149
15 91
15 157
15 97
15 163
15 168
15 111
15 112
15 53
15 120
15 122
15 191
15 117
16 129
16 175
16 145
16 18
16 19
16 153
16 27
16 33
16 34
16 155
16 41
16 170
16 172
16 173
16 47
16 48
16 177
16 178
16 51
16 182
16 65
16 66
16 139
16 196
16 69
16 161
16 72
16 79
16 82
16 193
16 142
16 94
16 100
16 195
16 114
16 115
16 119
16 126
17 99
17 37
17 199
17 200
17 169
17 174
17 35
17 84
17 187
17 55
17 88
17 52
17 25
17 27
17 61
17 62
18 69
18 129
18 76
18 66
18 78
18 115
18 82
18 19
18 142
18 23
18 196
18 155
18 79
18 33
18 34
18 27
18 100
18 195
18 161
18 193
18 135
18 172
18 48
18 177
18 178
18 51
18 116
18 190
18 182
18 184
18 126
19 65
19 130
19 195
19 198
19 129
19 72
19 73
19 139
19 142
19 145
19 82
19 24
19 68
19 27
19 94
19 161
19 38
19 193
19 174
19 176
19 177
19 51
19 116
19 119
19 126
20 32
20 162
20 132
20 143
20 138
20 44
20 178
20 110
20 79
20 80
20 114
20 154
20 123
20 29
20 95
21 50
21 181
21 183
21 120
21 75
21 157
21 191
22 64
22 125
22 87
23 192
23 33
23 195
23 133
23 135
23 193
23 108
23 78
23 49
23 116
23 190
23 184
23 126
24 128
24 129
24 130
24 68
24 198
24 72
24 73
24 76
24 145
24 82
24 151
24 156
24 93
24 97
24 99
24 37
24 38
24 103
24 161
24 167
24 174
24 176
24 201
24 74
25 192
25 66
25 35
25 100
25 133
25 200
25 41
25 115
25 84
25 158
25 55
25 56
25 169
25 27
25 61
25 62
25 197
26 67
26 77
26 150
26 173
27 129
27 66
27 195
27 161
27 200
27 76
27 78
27 82
27 169
27 88
27 199
27 33
27 35
27 100
27 37
27 38
27 41
27 193
27 176
27 174
27 99
27 177
27 115
27 52
27 55
27 116
27 187
27 61
27 126
28 59
28 45
28 31
29 196
29 69
29 79
29 80
29 75
29 131
29 142
29 186
29 95
29 32
29 48
29 162
29 164
29 39
29 188
29 172
29 178
29 110
29 47
29 112
29 136
29 114
29 51
29 53
29 182
29 122
29 124
29 117
30 81
30 134
30 54
30 150
31 59
31 45
31 71
32 162
32 131
32 164
32 39
32 138
32 110
32 80
32 179
32 57
32 186
32 95
33 69
33 129
33 76
33 78
33 79
33 115
33 82
33 195
33 66
33 196
33 154
33 161
33 34
33 155
33 100
33 193
33 135
33 172
33 142
33 48
33 177
33 178
33 51
33 116
33 190
33 182
33 184
33 126
34 69
34 129
34 66
34 79
34 115
34 196
34 142
34 153
34 90
34 155
34 94
34 100
34 102
34 178
34 104
34 42
34 172
34 173
34 47
34 48
34 177
34 114
34 51
34 182
34 119
34 124
34 170
35 56
35 199
35 200
35 41
35 115
35 84
35 55
35 88
35 169
35 61
35 62
35 197
36 160
36 162
36 164
36 137
36 111
36 121
36 138
36 43
36 143
36 189
36 127
37 128
37 116
37 99
37 38
37 161
37 187
37 199
37 76
37 46
37 82
37 193
37 52
37 174
37 88
37 61
37 126
37 195
38 128
38 129
38 99
38 70
38 161
38 193
38 76
38 46
38 176
38 82
38 52
38 174
38 151
38 116
38 93
38 195
39 196
39 69
39 181
39 79
39 80
39 75
39 131
39 142
39 186
39 91
39 95
39 48
39 162
39 178
39 168
39 188
39 172
39 146
39 110
39 47
39 112
39 136
39 114
39 51
39 53
39 182
39 122
39 124
39 117
40 85
41 66
41 197
41 200
41 55
41 77
41 155
41 159
41 100
41 169
41 170
41 173
41 175
41 177
41 115
41 119
41 56
42 196
42 69
42 79
42 179
42 148
42 90
42 155
42 102
42 104
42 172
42 173
42 47
42 48
42 114
42 51
42 182
42 124
43 160
43 71
43 137
43 121
43 138
43 111
43 143
43 127
44 98
44 123
44 182
44 132
44 154
44 79
44 178
44 110
44 95
45 59
46 128
46 99
46 147
46 70
46 76
46 174
46 83
46 52
46 187
46 88
46 116
46 61
46 195
47 129
47 130
47 145
47 153
47 155
47 168
47 172
47 48
47 177
47 178
47 51
47 53
47 182
47 188
47 65
47 139
47 196
47 69
47 72
47 73
47 79
47 141
47 142
47 91
47 122
47 94
47 110
47 114
47 117
47 119
47 136
47 124
48 69
48 66
48 79
48 179
48 178
48 142
48 154
48 196
48 90
48 155
48 102
48 104
48 172
48 173
48 110
48 114
48 51
48 53
48 182
48 184
48 124
49 193
49 195
49 135
49 76
49 108
49 78
49 116
49 126
49 61
49 190
50 181
50 191
50 183
50 120
50 75
50 188
50 157
50 141
51 129
51 145
51 153
51 155
51 172
51 177
51 178
51 53
51 182
51 65
51 66
51 139
51 196
51 69
51 72
51 79
51 82
51 142
51 90
51 94
51 100
51 102
51 114
51 117
51 119
51 124
51 170
52 128
52 161
52 99
52 199
52 187
52 76
52 195
52 116
52 174
52 88
52 61
53 130
53 68
53 65
53 142
53 196
53 79
53 182
53 69
53 97
53 91
53 168
53 172
53 178
53 110
53 72
53 114
53 117
53 136
53 73
53 120
53 122
53 95
53 124
54 81
54 134
55 116
55 66
55 100
55 133
55 195
55 199
55 200
55 78
55 115
55 84
55 169
55 56
55 61
55 62
55 197
56 84
56 200
56 169
56 107
56 62
56 197
57 80
57 131
57 164
57 125
58 160
58 163
58 137
58 140
58 111
58 112
58 146
58 149
58 185
58 89
58 157
58 127
59 71
60 202
61 195
61 199
61 200
61 78
61 99
61 84
61 88
61 169
61 108
61 174
61 116
61 187
61 62
62 197
62 199
62 200
62 169
62 84
62 88
63 89
63 163
63 149
63 185
63 137
65 129
65 130
65 198
65 72
65 73
65 141
65 142
65 145
65 82
65 139
65 153
65 91
65 94
65 161
65 177
65 168
65 172
65 176
65 136
65 119
65 120
65 122
66 129
66 69
66 135
66 119
66 190
66 78
66 173
66 115
66 195
66 169
66 94
66 197
66 155
66 100
66 102
66 193
66 82
66 177
66 116
66 161
66 184
66 200
66 192
66 126
67 92
67 77
67 150
68 130
68 196
68 198
68 72
68 73
68 142
68 79
68 82
68 151
68 91
68 156
68 182
68 97
68 103
68 129
68 161
68 193
68 167
68 172
68 76
68 168
68 178
68 118
68 122
68 74
68 126
69 179
69 79
69 178
69 142
69 154
69 196
69 90
69 155
69 102
69 104
69 172
69 173
69 110
69 114
69 182
69 184
69 124
69 117
70 128
70 83
70 147
71 160
71 121
72 130
72 198
72 136
72 141
72 142
72 79
72 145
72 82
72 139
72 196
72 91
72 94
72 97
72 167
72 129
72 161
72 172
72 178
72 177
72 176
72 168
72 114
72 182
72 73
72 120
72 122
72 119
72 117
73 130
73 139
73 198
73 76
73 141
73 142
73 145
73 82
73 151
73 196
73 91
73 156
73 167
73 97
73 103
73 129
73 161
73 172
73 136
73 178
73 201
73 120
73 122
73 168
73 74
74 97
74 98
74 103
74 76
74 130
74 144
74 167
74 118
74 151
74 156
74 93
75 181
75 191
75 146
75 136
75 168
75 141
75 112
75 157
75 188
75 183
75 120
75 186
75 91
75 124
75 117
76 128
76 130
76 195
76 129
76 78
76 174
76 99
76 167
76 161
76 193
76 82
76 118
76 116
76 126
77 115
77 150
77 92
77 173
78 192
78 195
78 133
78 135
78 200
78 100
78 169
78 193
78 108
78 174
78 115
78 116
78 190
78 184
78 126
79 196
79 142
79 154
79 91
79 172
79 95
79 136
79 178
79 110
79 114
79 155
79 182
79 122
79 124
79 117
80 162
80 131
80 164
80 138
80 110
80 112
80 146
80 117
80 186
80 95
81 134
82 155
82 198
82 129
82 119
82 130
82 142
82 145
82 139
82 94
82 99
82 167
82 161
82 193
82 172
82 174
82 176
82 177
82 116
82 126
82 195
83 128
83 147
84 169
84 197
84 199
84 200
87 125
88 99
88 199
88 174
88 187
89 160
89 165
89 163
89 149
89 185
89 137
89 111
89 140
89 127
90 173
90 104
90 114
90 148
90 184
90 179
90 155
90 102
91 130
91 198
91 141
91 142
91 145
91 139
91 196
91 156
91 167
91 97
91 103
91 129
91 172
91 178
91 136
91 114
91 182
91 120
91 122
91 168
91 117
93 128
93 167
93 147
93 118
93 103
93 151
93 156
94 129
94 142
94 141
94 145
94 139
94 153
94 155
94 159
94 161
94 198
94 177
94 170
94 172
94 176
94 119
94 175
95 196
95 136
95 138
95 143
95 162
95 114
95 110
95 111
95 112
95 178
95 182
95 122
95 117
96 106
96 140
97 130
97 198
97 136
97 142
97 151
97 156
97 103
97 168
97 167
97 201
97 120
97 122
97 117
98 132
98 165
98 118
99 128
99 116
99 187
99 161
99 193
99 199
99 195
99 174
99 126
100 195
100 133
100 135
100 200
100 192
100 169
100 197
100 155
100 102
100 173
100 177
100 115
100 116
100 190
100 184
100 126
101 109
102 173
102 148
102 150
102 184
102 104
102 155
103 130
103 198
103 168
103 167
103 144
103 118
103 151
103 201
103 156
104 155
104 203
104 173
104 179
104 148
104 154
104 184
104 123
105 192
105 158
106 140
107 171
108 192
108 193
108 195
108 133
108 135
108 116
108 190
109 188
110 196
110 172
110 138
110 154
110 162
110 178
110 136
110 114
110 182
110 122
110 124
110 117
111 160
111 162
111 163
111 165
111 137
111 138
111 112
111 157
111 146
111 149
111 164
111 127
111 143
112 149
112 181
112 162
112 163
112 164
112 136
112 146
112 157
112 143
112 117
112 120
112 127
114 196
114 142
114 136
114 172
114 178
114 155
114 182
114 122
114 124
114 117
115 192
115 195
115 133
115 135
115 200
115 155
115 197
115 173
115 177
115 116
115 184
115 169
116 129
116 195
116 135
116 200
116 174
116 169
116 177
116 161
116 193
116 190
116 126
117 178
117 188
117 142
117 196
117 162
117 136
117 168
117 172
117 146
117 182
117 120
117 122
117 124
117 181
118 167
118 144
118 180
118 151
118 156
119 196
119 129
119 142
119 145
119 139
119 153
119 155
119 159
119 161
119 198
119 177
119 170
119 172
119 176
119 182
119 175
120 130
120 181
120 141
120 146
120 157
120 198
120 168
120 136
120 122
120 191
121 160
121 137
121 143
121 127
122 130
122 141
122 167
122 142
122 196
122 168
122 172
122 178
122 136
122 182
123 179
123 132
123 154
123 203
124 181
124 196
124 131
124 142
124 172
124 136
124 182
124 186
124 188
125 131
125 186
125 202
126 129
126 195
126 155
126 135
126 142
126 177
126 161
126 193
126 172
126 174
126 178
126 184
126 190
127 160
127 162
127 164
127 165
127 137
127 138
127 143
127 146
127 149
128 147
128 174
129 193
129 130
129 142
129 145
129 196
129 155
129 161
129 167
129 172
129 174
129 176
129 177
129 178
129 182
129 139
129 198
129 195
130 139
130 198
130 141
130 142
130 145
130 151
130 196
130 156
130 167
130 161
130 172
130 136
130 178
130 201
130 168
131 162
131 164
131 188
131 202
131 186
132 154
132 178
133 192
133 197
133 135
133 200
133 169
133 190
133 184
133 158
135 195
135 193
135 190
135 184
135 192
136 196
136 181
136 141
136 146
136 188
136 142
136 168
136 172
136 157
136 182
136 191
137 160
137 163
137 140
137 149
137 143
137 185
138 162
138 143
139 198
139 141
139 142
139 145
139 153
139 161
139 168
139 170
139 172
139 176
139 177
140 185
141 198
141 142
141 145
141 168
141 181
141 191
142 145
142 196
142 153
142 155
142 168
142 172
142 178
142 182
142 198
142 161
142 177
143 160
143 165
144 180
144 156
145 198
145 153
145 161
145 168
145 170
145 176
145 177
145 175
146 149
146 162
146 163
146 164
146 181
146 157
148 184
148 150
148 173
149 160
149 163
149 185
149 157
150 173
151 198
151 167
151 201
151 156
153 177
153 170
153 175
153 159
154 178
154 182
154 184
155 173
155 196
155 178
155 172
155 177
155 182
155 184
156 198
156 168
156 167
156 201
157 181
157 191
157 163
157 183
158 192
158 197
159 177
159 170
159 175
161 195
161 198
161 169
161 193
161 174
161 176
161 177
162 164
162 186
163 185
164 186
166 204
167 198
167 168
167 201
168 198
168 196
168 172
169 195
169 199
169 200
169 197
169 174
169 177
170 177
170 175
172 196
172 178
172 182
172 177
173 184
174 195
174 193
174 200
174 199
174 176
174 187
175 177
176 177
176 198
177 195
177 200
178 196
178 182
179 203
181 188
181 183
181 186
181 191
182 196
183 191
184 192
184 190
186 188
186 202
187 199
188 191
190 195
190 193
190 192
192 197
193 195
195 200
197 200
198 201
199 200
