0 1
0 2
0 3
0 4
0 5
0 38
0 33
0 201
0 83
0 204
0 194
0 79
0 157
0 49
0 18
0 19
0 20
0 149
0 22
0 163
0 29
1 3
1 2
1 19
1 4
1 49
1 194
1 201
1 204
1 157
1 79
2 66
2 3
2 4
2 5
2 70
2 7
2 8
2 73
2 11
2 194
2 79
2 18
2 19
2 20
2 149
2 22
2 90
2 75
2 156
2 29
2 96
2 33
2 35
2 37
2 38
2 171
2 82
2 157
2 99
2 49
2 50
2 83
2 201
2 163
3 4
3 5
3 70
3 7
3 194
3 201
3 11
3 204
3 66
3 79
3 18
3 19
3 20
3 149
3 22
3 156
3 29
3 33
3 35
3 163
3 38
3 157
3 49
4 19
4 49
4 194
4 201
4 204
4 157
4 79
5 64
5 70
5 7
5 8
5 73
5 75
5 192
5 66
5 18
5 19
5 20
5 149
5 22
5 88
5 89
5 156
5 29
5 101
5 96
5 33
5 67
5 35
5 37
5 38
5 39
5 194
5 171
5 103
5 82
5 48
5 99
5 50
5 83
5 204
5 182
5 176
5 163
6 160
6 132
6 165
6 177
6 104
6 105
6 42
6 203
6 108
6 76
6 17
6 179
6 21
6 150
6 100
6 91
6 170
7 192
7 70
7 8
7 73
7 138
7 75
7 204
7 66
7 18
7 19
7 20
7 149
7 22
7 89
7 29
7 101
7 96
7 33
7 35
7 37
7 194
7 82
7 48
7 50
7 163
8 64
8 65
8 66
8 70
8 194
8 73
8 75
8 192
8 13
8 173
8 18
8 19
8 20
8 149
8 22
8 24
8 68
8 26
8 27
8 156
8 29
8 101
8 96
8 33
8 197
8 35
8 37
8 38
8 39
8 178
8 171
8 82
8 48
8 99
8 50
8 83
8 180
8 163
8 90
8 193
9 144
9 132
9 169
9 135
9 104
9 105
9 202
9 76
9 80
9 25
9 121
9 100
9 58
9 91
9 154
9 158
10 16
10 131
10 84
10 185
10 56
10 116
10 106
10 124
11 33
11 37
11 65
11 39
11 173
11 157
11 18
11 35
11 20
11 149
11 22
11 163
11 118
11 156
11 29
12 136
12 44
12 77
12 110
12 166
13 64
13 129
13 68
13 69
13 71
13 74
13 143
13 175
13 14
13 15
13 81
13 99
13 151
13 24
13 26
13 27
13 156
13 90
13 30
13 159
13 32
13 35
13 37
13 39
13 193
13 171
13 173
13 47
13 178
13 118
13 55
13 189
13 190
14 64
14 65
14 130
14 69
14 129
14 72
14 74
14 175
14 78
14 15
14 151
14 24
14 26
14 143
14 90
14 30
14 159
14 32
14 35
14 37
14 39
14 193
14 173
14 47
14 113
14 178
14 118
14 55
14 189
14 190
15 64
15 65
15 130
15 69
15 129
15 72
15 74
15 143
15 78
15 151
15 24
15 26
15 175
15 90
15 30
15 159
15 32
15 35
15 37
15 39
15 193
15 173
15 47
15 113
15 178
15 118
15 55
15 189
15 190
16 131
16 84
16 54
16 56
16 116
16 124
16 106
17 100
17 150
17 104
17 105
17 42
17 203
17 76
17 182
17 177
17 179
17 54
17 23
17 184
17 91
17 60
17 170
17 165
18 64
18 70
18 66
18 173
18 75
18 19
18 20
18 149
18 22
18 90
18 156
18 29
18 33
18 35
18 37
18 38
18 39
18 194
18 171
18 82
18 157
18 48
18 50
18 118
18 163
18 65
19 70
19 73
19 75
19 192
19 66
19 79
19 83
19 20
19 149
19 22
19 88
19 89
19 29
19 96
19 33
19 163
19 101
19 38
19 194
19 82
19 157
19 49
19 50
19 204
19 201
20 64
20 70
20 66
20 173
20 149
20 22
20 90
20 75
20 156
20 29
20 33
20 35
20 37
20 38
20 39
20 194
20 171
20 82
20 157
20 48
20 50
20 118
20 163
20 65
21 160
21 97
21 164
21 133
21 199
21 42
21 108
21 122
21 198
21 93
21 62
21 95
22 65
22 66
22 173
22 149
22 156
22 29
22 33
22 35
22 37
22 39
22 194
22 82
22 157
22 50
22 163
23 184
23 164
23 76
23 203
24 64
24 129
24 130
24 68
24 69
24 71
24 74
24 175
24 143
24 99
24 78
24 151
24 26
24 27
24 156
24 90
24 30
24 31
24 32
24 35
24 113
24 37
24 39
24 41
24 193
24 171
24 173
24 47
24 48
24 72
24 178
24 118
24 55
24 159
24 189
24 190
25 144
25 132
25 169
25 135
25 104
25 105
25 202
25 183
25 76
25 80
25 172
25 121
25 100
25 58
25 91
25 154
25 158
26 64
26 65
26 130
26 69
26 113
26 74
26 175
26 78
26 151
26 90
26 143
26 30
26 31
26 32
26 35
26 37
26 39
26 129
26 193
26 171
26 173
26 47
26 48
26 72
26 178
26 118
26 55
26 159
26 189
26 190
27 64
27 193
27 68
27 182
27 71
27 74
27 83
27 90
27 156
27 99
27 165
27 38
27 167
27 171
27 47
27 136
27 179
27 180
27 54
27 60
27 190
28 131
28 36
28 165
28 167
28 168
28 177
28 106
28 45
28 174
28 56
28 146
28 196
28 117
28 120
28 57
28 125
28 191
29 65
29 66
29 173
29 149
29 156
29 157
29 33
29 35
29 37
29 39
29 194
29 82
29 50
29 163
30 64
30 129
30 68
30 69
30 71
30 72
30 74
30 81
30 78
30 175
30 156
30 90
30 159
30 32
30 35
30 193
30 173
30 47
30 113
30 178
30 118
30 189
30 190
31 64
31 129
31 130
31 171
31 196
31 69
31 74
31 162
31 143
31 151
31 167
31 159
31 34
31 36
31 102
31 39
31 168
31 41
31 43
31 173
31 47
31 48
31 178
31 55
31 197
31 61
31 63
32 64
32 129
32 69
32 71
32 72
32 74
32 81
32 78
32 175
32 156
32 90
32 159
32 193
32 173
32 47
32 113
32 178
32 118
32 189
32 190
33 64
33 70
33 66
33 173
33 149
33 90
33 75
33 156
33 35
33 37
33 38
33 39
33 194
33 171
33 82
33 157
33 48
33 50
33 118
33 163
33 65
34 130
34 102
34 162
34 40
34 41
34 151
34 141
34 51
34 55
34 61
34 94
34 63
35 64
35 65
35 66
35 70
35 138
35 173
35 163
35 149
35 75
35 156
35 159
35 193
35 99
35 37
35 38
35 39
35 194
35 178
35 171
35 82
35 48
35 50
35 118
35 90
35 189
36 129
36 130
36 131
36 196
36 141
36 143
36 151
36 94
36 102
36 40
36 41
36 106
36 43
36 45
36 168
36 51
36 185
36 117
36 55
36 57
36 59
36 191
37 64
37 65
37 75
37 66
37 70
37 138
37 173
37 99
37 149
37 87
37 156
37 159
37 193
37 90
37 38
37 39
37 178
37 171
37 82
37 48
37 50
37 118
37 163
38 64
38 68
38 201
38 75
38 192
38 194
38 79
38 149
38 89
38 90
38 156
38 157
38 101
38 96
38 171
38 172
38 99
38 50
38 83
38 182
38 163
39 64
39 65
39 66
39 75
39 138
39 173
39 163
39 149
39 87
39 69
39 197
39 178
39 171
39 82
39 48
39 113
39 50
39 118
39 90
39 159
39 151
40 131
40 102
40 41
40 106
40 141
40 143
40 51
40 196
40 55
40 185
40 59
40 94
41 129
41 130
41 196
41 69
41 72
41 74
41 141
41 78
41 143
41 151
41 102
41 43
41 47
41 178
41 51
41 55
41 197
41 59
42 100
42 198
42 104
42 105
42 108
42 125
42 146
42 150
42 122
42 93
42 62
42 95
43 64
43 129
43 130
43 196
43 197
43 74
43 141
43 143
43 151
43 94
43 162
43 167
43 168
43 171
43 191
43 174
43 48
43 178
43 52
43 55
43 180
43 187
43 61
43 63
44 184
44 166
44 136
44 77
44 110
45 131
45 168
45 106
45 146
45 196
45 117
45 185
45 120
45 57
45 59
45 125
45 191
46 161
46 162
46 67
46 197
46 134
46 103
46 174
46 147
46 52
46 85
46 187
46 181
46 61
46 63
47 64
47 129
47 130
47 68
47 69
47 71
47 72
47 74
47 143
47 81
47 78
47 151
47 196
47 90
47 193
47 171
47 173
47 175
47 178
47 54
47 55
47 159
47 189
47 190
48 64
48 65
48 66
48 67
48 68
48 70
48 73
48 138
48 75
48 149
48 173
48 99
48 85
48 167
48 101
48 90
48 178
48 197
48 171
48 82
48 50
48 180
48 61
48 63
49 201
49 139
49 204
49 194
49 79
49 157
50 64
50 65
50 70
50 73
50 138
50 75
50 192
50 66
50 173
50 149
50 87
50 89
50 101
50 96
50 194
50 171
50 82
50 178
50 163
51 131
51 102
51 106
51 141
51 143
51 196
51 55
51 185
51 59
51 94
52 162
52 67
52 197
52 134
52 187
52 174
52 147
52 181
52 63
52 61
52 85
53 160
53 97
53 132
53 133
53 119
53 104
53 108
53 199
53 92
53 200
53 95
54 193
54 99
54 68
54 165
54 81
54 136
54 71
54 77
54 179
54 56
54 90
54 60
54 190
55 64
55 129
55 130
55 171
55 196
55 69
55 193
55 72
55 74
55 175
55 78
55 151
55 143
55 102
55 173
55 113
55 178
55 197
55 159
55 190
56 131
56 165
56 168
56 179
56 84
56 116
56 124
56 191
57 131
57 168
57 106
57 146
57 196
57 117
57 120
57 185
57 59
57 125
57 191
58 96
58 144
58 135
58 169
58 176
58 172
58 80
58 192
58 83
58 182
58 121
58 91
58 183
58 158
59 196
59 131
59 106
59 143
59 141
59 117
59 185
59 155
60 193
60 99
60 68
60 165
60 166
60 71
60 136
60 77
60 179
60 184
60 90
60 182
61 187
61 197
61 140
61 162
61 145
61 85
61 87
61 63
62 133
62 97
62 122
62 198
62 152
62 108
62 93
62 95
63 181
63 197
63 140
63 162
63 145
63 85
63 87
63 187
64 129
64 193
64 143
64 149
64 151
64 156
64 197
64 171
64 173
64 175
64 178
64 180
64 159
64 189
64 190
64 65
64 68
64 69
64 74
64 82
64 163
64 90
64 99
64 167
65 66
65 178
65 138
65 173
65 82
65 163
65 149
65 87
65 159
65 171
65 113
65 118
66 192
66 70
66 73
66 138
66 75
66 194
66 82
66 149
66 89
66 101
66 96
66 163
67 192
67 195
67 70
67 73
67 75
67 174
67 88
67 89
67 197
67 96
67 101
67 103
67 170
67 167
67 176
67 180
67 182
67 183
67 85
68 193
68 69
68 71
68 74
68 83
68 149
68 90
68 156
68 182
68 99
68 165
68 167
68 171
68 136
68 178
68 179
68 180
68 189
68 190
69 129
69 130
69 193
69 72
69 74
69 175
69 78
69 151
69 196
69 143
69 90
69 102
69 171
69 173
69 113
69 178
69 118
69 159
69 189
69 190
70 192
70 73
70 138
70 75
70 204
70 149
70 88
70 89
70 101
70 96
70 103
70 194
70 82
70 163
71 193
71 175
71 166
71 136
71 74
71 77
71 81
71 156
71 190
71 90
71 189
72 129
72 130
72 196
72 74
72 143
72 78
72 151
72 159
72 102
72 175
72 113
72 178
72 190
73 192
73 138
73 75
73 204
73 194
73 82
73 149
73 88
73 89
73 96
73 101
73 103
74 129
74 130
74 171
74 175
74 143
74 81
74 78
74 151
74 196
74 90
74 193
74 173
74 178
74 159
74 189
74 190
75 192
75 138
75 149
75 88
75 89
75 101
75 96
75 194
75 103
75 82
75 163
76 132
76 135
76 203
76 144
76 150
76 91
76 158
76 160
76 100
76 104
76 105
76 170
76 177
76 179
76 182
76 169
76 184
76 121
77 184
77 166
77 136
77 127
78 129
78 130
78 102
78 151
78 143
78 175
78 113
78 190
78 159
79 201
79 139
79 172
79 194
79 204
79 149
79 83
79 157
80 135
80 169
80 202
80 183
80 144
80 88
80 121
80 91
80 154
80 158
81 189
81 193
81 190
81 175
82 178
82 138
82 149
82 87
82 101
82 194
82 171
82 173
82 163
83 192
83 135
83 201
83 204
83 194
83 144
83 149
83 88
83 89
83 156
83 96
83 99
83 101
83 169
83 172
83 176
83 182
84 116
84 185
84 137
84 124
84 106
85 181
85 162
85 101
85 103
85 197
85 174
85 147
85 187
86 115
87 145
87 138
87 140
88 96
88 144
88 103
88 194
88 192
88 109
88 204
88 169
88 176
88 89
88 135
88 183
88 101
89 192
89 204
89 194
89 144
89 96
89 101
89 103
89 169
89 135
89 176
89 180
89 182
89 183
90 129
90 175
90 99
90 149
90 156
90 193
90 171
90 173
90 178
90 163
90 189
90 190
91 132
91 135
91 200
91 203
91 144
91 150
91 154
91 158
91 160
91 100
91 104
91 169
91 170
91 177
91 179
91 182
91 105
91 121
92 133
92 97
92 119
92 152
92 199
92 108
92 95
93 97
93 164
93 198
93 108
93 122
93 95
94 162
94 141
95 160
95 97
95 132
95 133
95 199
95 104
95 108
95 150
95 119
95 152
96 192
96 204
96 194
96 144
96 149
96 99
96 101
96 103
96 169
96 135
96 172
96 176
96 182
96 183
97 133
97 160
97 199
97 108
98 137
98 106
98 126
99 192
99 179
99 193
99 182
99 163
99 149
99 156
99 176
99 165
99 167
99 194
99 171
99 178
99 180
100 160
100 132
100 177
100 104
100 105
100 203
100 144
100 179
100 169
100 150
100 200
100 170
100 158
101 192
101 204
101 194
101 176
101 103
101 135
101 180
101 182
101 183
101 149
102 129
102 113
102 151
102 130
102 143
102 196
102 159
103 192
103 109
103 176
103 195
103 183
104 195
104 132
104 199
104 200
104 203
104 150
104 158
104 160
104 105
104 108
104 177
104 169
104 170
105 132
105 135
105 203
105 144
105 150
105 158
105 160
105 165
105 169
105 177
105 179
105 182
105 184
105 170
106 131
106 155
106 137
106 117
106 185
107 112
107 128
107 147
107 148
107 134
107 161
107 120
107 170
107 195
107 174
107 111
108 160
108 132
108 133
108 199
108 150
108 119
108 152
109 183
110 172
110 166
110 136
110 139
111 112
111 123
111 115
111 147
111 134
111 161
111 120
111 148
111 128
111 174
112 128
112 115
112 148
112 153
112 123
112 188
112 125
112 142
113 130
113 129
113 151
113 173
113 178
113 118
113 175
113 159
114 152
114 153
114 186
114 123
114 188
114 142
115 148
115 153
115 123
115 188
115 142
116 124
117 131
117 168
117 146
117 196
117 120
117 125
117 191
118 151
118 159
118 173
118 175
118 178
118 189
119 133
119 199
119 152
120 165
120 134
120 167
120 168
120 170
120 174
120 177
120 146
120 148
120 125
120 191
121 144
121 135
121 169
121 172
121 154
121 158
122 146
122 198
122 125
123 128
123 148
123 153
123 186
123 188
123 125
123 142
125 198
125 142
125 146
125 148
125 186
126 146
127 184
127 164
128 148
128 188
129 193
129 130
129 171
129 196
129 175
129 151
129 143
129 173
129 178
129 159
129 189
129 190
130 196
130 175
130 143
130 151
130 159
130 173
130 178
130 197
131 196
131 137
131 168
131 185
131 191
132 195
132 199
132 170
132 200
132 150
132 154
132 158
133 152
133 199
134 161
134 167
134 168
134 191
134 174
134 147
134 148
134 187
134 181
135 192
135 195
135 144
135 154
135 158
135 169
135 172
135 176
135 182
135 183
136 166
136 184
137 185
138 145
140 145
140 162
140 187
141 196
142 148
142 146
142 153
142 186
142 188
143 196
143 193
143 151
143 175
143 168
143 178
143 190
144 192
144 183
144 158
144 169
144 172
144 176
144 179
144 182
145 162
146 198
146 186
147 161
147 162
147 187
147 174
147 181
148 188
149 192
149 173
149 156
149 194
149 171
149 157
149 201
149 163
150 195
150 177
150 200
150 170
150 158
151 196
151 193
151 175
151 173
151 178
151 197
151 159
151 190
153 186
153 188
154 169
154 200
154 202
154 158
155 185
156 193
156 194
156 171
156 173
156 157
156 178
156 163
156 189
156 190
157 163
157 201
157 194
158 195
158 183
158 200
158 202
158 169
159 175
159 193
159 173
159 178
159 189
160 199
160 203
160 164
161 181
161 174
161 170
161 195
162 181
162 187
162 197
163 173
163 194
163 171
164 184
164 203
165 179
165 167
165 168
165 170
165 191
165 176
165 177
165 180
165 174
165 182
167 197
167 171
167 196
167 168
167 170
167 174
167 176
167 177
167 179
167 180
167 182
167 191
168 196
168 197
168 170
168 174
168 177
168 179
168 180
168 191
169 192
169 195
169 170
169 172
169 176
169 182
169 183
170 195
170 174
170 176
170 177
170 179
170 180
170 182
171 194
171 173
171 193
171 197
171 178
171 180
171 182
171 189
171 190
172 192
172 194
172 201
172 204
172 182
173 178
173 175
173 193
173 189
174 197
174 177
174 181
174 180
174 187
174 191
175 193
175 178
175 189
175 190
176 192
176 195
176 177
176 179
176 180
176 182
176 183
177 195
177 191
177 179
177 180
177 182
178 197
178 193
178 189
178 190
179 182
179 184
179 203
179 180
180 192
180 197
180 182
180 191
181 187
182 192
182 194
183 192
183 204
183 195
184 203
186 188
187 197
189 193
189 190
190 193
191 196
192 204
192 194
194 204
194 201
195 200
196 197
200 202
201 204
