0 148
0 35
0 52
0 25
0 121
0 200
0 9
0 140
1 161
1 162
1 101
1 38
1 170
1 203
1 175
1 142
1 111
1 80
1 50
1 115
1 22
1 186
1 123
1 190
2 193
2 68
2 5
2 134
2 199
2 201
2 76
2 14
2 15
2 16
2 17
2 82
2 149
2 153
2 26
2 27
2 92
2 29
2 94
2 182
2 160
2 33
2 197
2 93
2 168
2 41
2 106
2 176
2 108
2 18
2 46
2 47
2 112
2 143
2 180
2 54
2 55
2 184
2 60
2 61
3 144
3 34
3 86
3 153
3 28
3 108
4 84
4 7
4 57
4 74
4 173
4 63
5 65
5 68
5 182
5 134
5 193
5 201
5 10
5 76
5 14
5 15
5 16
5 17
5 18
5 149
5 153
5 26
5 27
5 29
5 94
5 197
5 160
5 33
5 93
5 168
5 41
5 106
5 176
5 108
5 82
5 46
5 47
5 112
5 143
5 180
5 54
5 55
5 184
5 60
5 61
6 128
6 129
6 37
6 134
6 41
6 106
6 82
6 46
6 143
6 17
6 18
6 188
6 180
6 138
6 184
6 156
6 124
6 42
7 84
7 181
7 57
7 173
7 63
8 192
8 170
8 123
8 101
8 38
9 25
9 140
9 52
9 200
10 160
10 193
10 68
10 15
10 201
10 76
10 178
10 93
10 79
10 168
10 29
10 149
10 55
10 27
10 61
10 94
11 201
11 12
11 143
11 17
11 18
11 19
11 21
11 26
11 160
11 39
11 41
11 42
11 174
11 47
11 176
11 49
11 51
11 180
11 182
11 55
11 184
11 188
11 64
11 195
11 68
11 197
11 70
11 199
11 54
11 73
11 77
11 81
11 82
11 91
11 93
11 94
11 46
11 110
11 112
11 114
11 147
11 122
11 126
11 149
12 64
12 195
12 147
12 70
12 71
12 73
12 143
12 77
12 13
12 17
12 18
12 19
12 21
12 26
12 91
12 199
12 81
12 98
12 163
12 39
12 41
12 42
12 171
12 174
12 110
12 46
12 47
12 112
12 49
12 114
12 51
12 180
12 182
12 184
12 122
12 188
12 126
13 147
13 98
13 171
13 36
13 39
13 137
13 42
13 167
13 77
13 110
13 114
13 19
13 20
13 78
13 119
13 169
13 91
13 126
14 128
14 129
14 134
14 15
14 16
14 17
14 18
14 149
14 150
14 153
14 26
14 31
14 160
14 33
14 163
14 41
14 199
14 46
14 47
14 176
14 51
14 180
14 182
14 55
14 184
14 188
14 61
14 64
14 68
14 197
14 71
14 54
14 201
14 81
14 82
14 143
14 93
14 94
14 144
14 60
14 106
14 108
14 112
15 65
15 68
15 134
15 193
15 201
15 76
15 16
15 17
15 18
15 149
15 88
15 153
15 27
15 92
15 29
15 94
15 197
15 160
15 33
15 82
15 168
15 41
15 106
15 108
15 45
15 46
15 93
15 176
15 178
15 180
15 55
15 60
15 61
16 193
16 68
16 172
16 18
16 83
16 149
16 151
16 153
16 201
16 92
16 93
16 94
16 197
16 160
16 33
16 164
16 108
16 45
16 47
16 176
16 55
16 60
16 61
17 201
17 18
17 19
17 21
17 150
17 26
17 29
17 197
17 160
17 33
17 163
17 134
17 39
17 168
17 41
17 42
17 46
17 47
17 176
17 49
17 51
17 180
17 54
17 55
17 184
17 188
17 61
17 64
17 68
17 182
17 70
17 199
17 73
17 77
17 81
17 82
17 143
17 93
17 94
17 106
17 110
17 174
17 112
17 122
17 124
17 126
17 149
18 128
18 19
18 21
18 150
18 26
18 197
18 160
18 33
18 163
18 134
18 39
18 168
18 41
18 42
18 199
18 46
18 47
18 176
18 49
18 51
18 180
18 54
18 55
18 184
18 60
18 64
18 68
18 182
18 71
18 201
18 81
18 82
18 143
18 93
18 94
18 188
18 106
18 110
18 112
18 122
18 126
18 149
19 64
19 195
19 182
19 70
19 71
19 73
19 77
19 147
19 21
19 150
19 26
19 91
19 199
19 81
19 176
19 98
19 163
19 39
19 41
19 42
19 197
19 174
19 110
19 46
19 47
19 112
19 49
19 114
19 51
19 180
19 54
19 55
19 184
19 122
19 188
19 143
19 126
20 114
20 147
20 36
20 169
20 167
20 137
20 78
21 64
21 195
21 68
21 182
21 70
21 199
21 73
21 77
21 143
21 110
21 201
21 91
21 93
21 94
21 81
21 160
21 176
21 197
21 188
21 39
21 41
21 42
21 174
21 82
21 46
21 47
21 112
21 51
21 180
21 54
21 55
21 184
21 124
21 126
21 149
22 162
22 101
22 38
22 161
22 170
22 203
22 175
22 142
22 111
22 80
22 50
22 115
22 186
22 123
22 190
23 157
24 32
24 130
24 99
24 116
24 69
24 136
24 105
24 95
25 56
25 148
25 35
25 52
25 117
25 89
25 40
25 121
25 140
26 128
26 129
26 134
26 143
26 149
26 150
26 31
26 160
26 33
26 197
26 163
26 165
26 39
26 41
26 42
26 199
26 46
26 47
26 176
26 49
26 51
26 180
26 54
26 55
26 184
26 188
26 64
26 68
26 182
26 71
26 201
26 81
26 82
26 83
26 93
26 94
26 106
26 110
26 112
26 114
26 122
26 126
27 160
27 33
27 68
27 193
27 201
27 76
27 178
27 79
27 168
27 82
27 149
27 29
27 61
27 94
28 128
28 144
28 34
28 86
28 153
28 108
29 193
29 68
29 134
29 201
29 76
29 82
29 149
29 124
29 79
29 93
29 94
29 182
29 160
29 33
29 197
29 168
29 41
29 106
29 176
29 46
29 112
29 178
29 54
29 55
29 60
29 61
30 120
30 132
30 141
31 128
31 129
31 163
31 180
31 150
31 71
31 184
31 43
31 143
32 136
32 130
32 116
32 69
32 105
32 95
33 64
33 193
33 68
33 134
33 199
33 201
33 76
33 93
33 153
33 94
33 182
33 160
33 176
33 197
33 81
33 168
33 41
33 106
33 108
33 82
33 46
33 47
33 112
33 143
33 51
33 180
33 54
33 55
33 184
33 60
33 61
33 149
34 128
34 144
34 86
34 153
34 108
35 40
35 148
35 121
35 89
35 56
35 203
35 189
35 190
36 147
36 169
36 167
36 137
36 78
37 156
37 138
37 124
38 162
38 101
38 170
38 203
38 175
38 111
38 80
38 50
38 115
38 123
39 64
39 195
39 147
39 70
39 71
39 73
39 77
39 150
39 91
39 199
39 98
39 163
39 81
39 41
39 42
39 171
39 174
39 110
39 46
39 47
39 112
39 49
39 114
39 51
39 180
39 182
39 184
39 122
39 188
39 143
39 126
40 148
40 89
40 121
40 56
40 189
41 201
41 150
41 197
41 160
41 163
41 134
41 168
41 42
41 46
41 47
41 176
41 49
41 51
41 180
41 54
41 55
41 184
41 188
41 61
41 64
41 68
41 182
41 70
41 199
41 73
41 77
41 81
41 82
41 143
41 93
41 94
41 106
41 110
41 174
41 112
41 122
41 126
41 149
42 64
42 195
42 197
42 70
42 199
42 73
42 77
42 91
42 81
42 98
42 171
42 174
42 110
42 46
42 47
42 112
42 114
42 51
42 180
42 182
42 184
42 188
42 143
42 126
44 58
45 92
45 131
45 172
45 193
45 88
45 60
45 76
46 201
46 150
46 197
46 160
46 163
46 134
46 168
46 174
46 47
46 176
46 49
46 51
46 180
46 54
46 55
46 184
46 188
46 61
46 64
46 68
46 182
46 70
46 199
46 73
46 77
46 81
46 82
46 143
46 93
46 94
46 106
46 110
46 112
46 122
46 126
46 149
47 134
47 143
47 150
47 197
47 160
47 163
47 165
47 199
47 176
47 49
47 51
47 180
47 54
47 55
47 184
47 188
47 64
47 68
47 182
47 70
47 71
47 201
47 183
47 77
47 81
47 82
47 83
47 93
47 94
47 106
47 110
47 174
47 112
47 122
47 126
47 149
49 64
49 68
49 182
49 71
49 77
49 81
49 83
49 150
49 91
49 93
49 197
49 176
49 163
49 165
49 147
49 199
49 110
49 112
49 114
49 51
49 54
49 55
49 122
49 183
49 126
50 162
50 101
50 161
50 170
50 203
50 175
50 142
50 111
50 80
50 115
50 186
50 123
51 201
51 134
51 143
51 197
51 160
51 174
51 176
51 180
51 182
51 55
51 184
51 188
51 64
51 195
51 68
51 54
51 70
51 199
51 73
51 77
51 81
51 82
51 91
51 93
51 94
51 106
51 110
51 112
51 122
51 126
51 149
52 117
52 200
52 140
53 107
53 198
53 87
54 201
54 134
54 143
54 160
54 168
54 174
54 176
54 180
54 182
54 55
54 184
54 188
54 61
54 64
54 195
54 68
54 197
54 70
54 199
54 73
54 77
54 81
54 82
54 93
54 94
54 106
54 110
54 112
54 122
54 149
55 64
55 68
55 199
55 201
55 143
55 94
55 182
55 160
55 197
55 81
55 168
55 93
55 176
55 82
55 112
55 180
55 106
55 184
55 122
55 61
55 149
56 148
56 89
56 121
56 189
57 84
57 74
57 159
57 173
57 63
58 191
59 104
59 66
59 102
59 72
59 152
59 155
60 65
60 134
60 193
60 201
60 76
60 144
60 149
60 88
60 153
60 92
60 93
60 94
60 197
60 160
60 168
60 106
60 108
60 176
60 180
60 61
61 193
61 68
61 134
61 201
61 76
61 82
61 149
61 153
61 79
61 93
61 94
61 197
61 160
61 168
61 106
61 176
61 178
62 75
62 166
63 84
63 74
63 173
64 201
64 134
64 143
64 197
64 160
64 174
64 176
64 180
64 182
64 184
64 188
64 195
64 68
64 70
64 199
64 73
64 77
64 81
64 82
64 91
64 93
64 94
64 106
64 110
64 112
64 122
64 126
64 149
65 92
65 108
65 153
65 88
65 144
65 76
65 154
65 158
66 104
66 155
66 102
66 72
66 152
67 131
68 93
68 70
68 199
68 201
68 143
68 94
68 182
68 160
68 197
68 81
68 168
68 106
68 176
68 82
68 112
68 180
68 184
68 122
68 149
69 136
69 130
69 99
69 116
69 105
69 95
70 195
70 182
70 199
70 73
70 77
70 81
70 82
70 91
70 94
70 197
70 188
70 176
70 174
70 110
70 112
70 201
70 124
70 126
71 83
71 163
71 165
71 199
71 114
71 110
71 180
71 150
71 183
71 122
71 126
72 152
72 155
72 187
72 102
72 104
73 195
73 182
73 199
73 77
73 143
73 82
73 91
73 81
73 98
73 171
73 110
73 174
73 112
73 114
73 184
73 188
73 126
74 84
74 173
75 166
76 168
76 178
76 193
76 88
76 153
77 195
77 147
77 182
77 199
77 91
77 81
77 96
77 98
77 174
77 110
77 112
77 114
77 119
77 122
77 126
78 114
78 147
78 137
78 167
78 169
79 193
79 178
79 149
79 168
80 162
80 101
80 161
80 170
80 203
80 175
80 111
80 115
80 186
80 123
80 190
81 201
81 134
81 143
81 197
81 160
81 174
81 176
81 180
81 182
81 184
81 188
81 195
81 199
81 82
81 91
81 93
81 94
81 106
81 110
81 112
81 122
81 126
81 149
82 201
82 143
82 160
82 134
82 168
82 174
82 176
82 178
82 180
82 182
82 184
82 188
82 197
82 199
82 93
82 94
82 106
82 112
82 124
82 149
83 163
83 164
83 165
83 183
83 204
83 150
83 151
84 159
84 173
85 97
85 177
86 144
87 107
88 92
88 108
88 153
88 144
88 158
89 148
89 121
89 203
89 189
89 190
91 195
91 147
91 199
91 96
91 98
91 169
91 110
91 174
91 112
91 114
91 182
91 119
91 122
91 126
92 172
92 153
92 108
92 144
93 134
93 199
93 201
93 143
93 94
93 182
93 160
93 197
93 168
93 106
93 176
93 112
93 180
93 184
93 122
93 149
94 134
94 143
94 160
94 168
94 176
94 180
94 182
94 184
94 188
94 193
94 197
94 199
94 201
94 106
94 112
94 149
95 136
95 130
95 116
95 105
96 195
96 119
96 185
96 174
97 177
98 171
98 110
98 114
98 174
98 119
98 126
99 136
99 130
99 116
99 105
99 124
99 178
100 103
101 162
101 161
101 170
101 203
101 175
101 111
101 115
101 186
101 123
102 104
102 155
102 152
104 152
104 155
104 187
105 136
105 130
105 116
105 178
106 128
106 129
106 201
106 188
106 124
106 199
106 153
106 143
106 182
106 160
106 197
106 134
106 168
106 176
106 112
106 180
106 184
106 149
107 185
107 198
108 144
108 153
109 175
109 123
109 135
109 139
109 111
110 195
110 147
110 182
110 199
110 163
110 197
110 174
110 112
110 114
110 180
110 184
110 122
110 188
110 143
110 126
111 162
111 135
111 161
111 170
111 203
111 142
111 175
111 115
111 186
111 123
112 201
112 134
112 143
112 197
112 160
112 168
112 174
112 176
112 180
112 184
112 188
112 195
112 182
112 199
112 122
112 126
112 149
114 147
114 199
114 163
114 169
114 167
114 137
114 122
114 126
115 162
115 161
115 170
115 203
115 175
115 142
115 186
115 123
116 136
116 130
117 140
119 147
119 195
119 185
119 169
119 174
120 132
120 141
121 148
121 203
121 189
121 190
122 182
122 169
122 197
122 176
122 163
122 165
122 147
122 199
122 183
122 126
123 192
123 162
123 170
123 175
124 168
124 188
124 143
124 184
124 134
126 195
126 147
126 199
126 163
126 171
126 174
126 180
126 182
126 184
126 188
126 143
127 133
128 129
128 163
128 134
128 143
128 144
128 180
128 150
128 184
129 134
129 143
129 180
129 150
129 184
129 188
130 136
132 141
134 201
134 138
134 188
134 149
134 199
134 143
134 182
134 160
134 197
134 168
134 176
134 180
134 184
135 175
135 139
135 159
137 167
138 158
138 154
138 156
139 159
142 161
142 186
142 175
142 203
142 162
143 201
143 150
143 160
143 197
143 163
143 168
143 176
143 180
143 184
143 188
143 182
143 199
143 149
144 153
144 158
147 183
147 169
147 185
147 167
148 203
148 189
148 190
149 193
149 201
149 199
149 182
149 160
149 197
149 168
149 176
149 180
149 184
150 163
150 165
150 199
150 176
150 180
150 184
151 164
151 163
151 204
151 165
152 155
153 158
154 158
159 173
160 193
160 199
160 201
160 182
160 197
160 168
160 176
160 180
160 184
161 162
161 203
161 175
161 186
162 170
162 203
162 175
162 186
163 197
163 165
163 199
163 176
163 180
163 182
163 183
163 184
164 172
164 165
165 204
165 183
167 169
167 183
168 193
168 201
168 182
168 197
168 178
168 176
168 180
168 184
169 185
170 192
170 175
173 181
174 195
174 182
174 199
174 197
174 188
175 186
176 197
176 180
176 182
176 184
176 188
176 199
176 201
178 193
180 197
180 199
180 184
180 182
180 201
180 188
182 201
182 184
182 188
182 195
182 197
182 199
183 199
184 201
184 197
184 188
184 199
185 198
186 203
188 195
188 199
188 201
188 197
189 190
190 203
194 196
195 199
197 199
197 201
199 201
