0 1
0 2
0 3
0 4
0 134
0 7
0 200
0 9
0 202
0 175
0 13
0 152
0 83
0 20
0 85
0 22
0 23
0 24
0 68
0 27
0 29
0 95
0 96
0 98
0 71
0 203
0 111
0 179
0 186
0 153
0 148
0 58
0 188
0 191
1 192
1 2
1 3
1 4
1 134
1 7
1 184
1 9
1 202
1 203
1 13
1 152
1 83
1 148
1 85
1 22
1 23
1 24
1 68
1 27
1 29
1 95
1 96
1 98
1 104
1 71
1 45
1 175
1 200
1 179
1 186
1 153
1 58
1 188
1 61
1 191
2 3
2 4
2 134
2 7
2 184
2 9
2 202
2 203
2 192
2 13
2 152
2 83
2 148
2 85
2 22
2 23
2 24
2 68
2 27
2 29
2 95
2 96
2 98
2 104
2 71
2 45
2 175
2 200
2 179
2 186
2 153
2 58
2 188
2 61
2 191
3 203
3 4
3 7
3 40
3 9
3 202
3 191
3 13
3 96
3 200
3 83
3 148
3 85
3 22
3 24
3 95
3 61
3 31
4 68
4 134
4 7
4 200
4 9
4 202
4 203
4 13
4 152
4 83
4 148
4 85
4 22
4 23
4 24
4 153
4 27
4 186
4 95
4 96
4 98
4 71
4 175
4 179
4 58
4 188
4 61
4 191
5 33
5 34
5 84
5 130
5 161
5 154
5 108
5 50
5 30
6 128
6 144
6 67
6 166
6 74
6 160
6 114
6 16
6 18
6 21
6 118
6 121
6 60
6 181
7 134
7 71
7 200
7 9
7 202
7 203
7 13
7 152
7 83
7 148
7 85
7 22
7 23
7 24
7 68
7 27
7 186
7 95
7 96
7 175
7 179
7 153
7 58
7 188
7 61
7 191
8 64
8 171
8 132
8 198
8 137
8 10
8 11
8 201
8 184
8 19
8 25
8 26
8 29
8 97
8 98
8 99
8 38
8 107
8 44
8 113
8 178
8 147
8 53
8 182
8 55
8 56
8 185
8 138
8 126
9 134
9 184
9 202
9 203
9 192
9 13
9 152
9 83
9 148
9 85
9 22
9 23
9 24
9 68
9 27
9 186
9 95
9 96
9 98
9 104
9 71
9 45
9 175
9 200
9 179
9 153
9 58
9 188
9 61
9 191
10 107
10 132
10 69
10 198
10 137
10 19
10 25
10 28
10 29
10 98
10 99
10 101
10 38
10 171
10 44
10 173
10 175
10 113
10 178
10 147
10 182
10 201
10 184
10 185
10 125
10 126
11 64
11 97
11 99
11 132
11 12
11 75
11 76
11 144
11 18
11 21
11 118
11 55
11 56
11 26
11 53
12 64
12 97
12 75
12 76
12 144
12 18
12 21
12 118
12 55
12 56
12 26
12 53
13 134
13 184
13 202
13 203
13 175
13 152
13 83
13 20
13 85
13 22
13 23
13 24
13 68
13 27
13 29
13 95
13 96
13 98
13 71
13 111
13 200
13 179
13 186
13 153
13 148
13 58
13 188
13 61
13 191
14 128
14 37
14 135
14 72
14 73
14 74
14 77
14 60
14 157
14 114
14 19
14 181
14 138
14 120
14 25
14 187
14 28
14 93
14 126
14 159
15 106
15 17
15 146
15 179
15 202
15 23
15 152
15 57
15 186
15 27
15 58
15 158
16 144
16 121
16 160
17 179
17 186
17 202
17 57
17 58
17 27
17 106
18 64
18 65
18 66
18 75
18 132
18 118
18 199
18 76
18 144
18 81
18 67
18 21
18 26
18 32
18 97
18 35
18 102
18 145
18 48
18 147
18 180
18 53
18 54
18 55
18 56
18 185
19 128
19 182
19 67
19 132
19 118
19 198
19 72
19 73
19 139
19 77
19 141
19 144
19 147
19 21
19 25
19 28
19 93
19 101
19 99
19 37
19 166
19 44
19 157
19 113
19 114
19 181
19 120
19 159
19 60
19 74
19 126
20 68
20 133
20 71
20 201
20 204
20 142
20 22
20 23
20 152
20 153
20 90
20 111
20 158
20 95
20 98
20 104
20 171
20 45
20 175
20 184
20 58
20 123
20 188
21 64
21 65
21 66
21 67
21 132
21 118
21 199
21 76
21 144
21 81
21 185
21 75
21 28
21 181
21 32
21 97
21 35
21 101
21 102
21 48
21 114
21 147
21 180
21 53
21 54
21 55
21 56
21 121
21 60
21 126
21 166
22 184
22 202
22 175
22 152
22 83
22 85
22 203
22 23
22 24
22 68
22 27
22 29
22 95
22 96
22 98
22 71
22 111
22 200
22 179
22 186
22 153
22 148
22 58
22 188
22 61
22 191
23 203
23 71
23 200
23 202
23 175
23 152
23 153
23 24
23 68
23 27
23 186
23 158
23 95
23 98
23 104
23 45
23 111
23 179
23 184
23 57
23 58
23 188
24 134
24 200
24 202
24 203
24 83
24 148
24 85
24 152
24 153
24 27
24 186
24 95
24 96
24 71
24 179
24 58
24 188
24 61
24 191
25 128
25 67
25 132
25 198
25 73
25 139
25 184
25 171
25 28
25 29
25 101
25 98
25 99
25 37
25 38
25 107
25 44
25 178
25 157
25 113
25 114
25 147
25 182
25 137
25 120
25 185
25 159
25 60
25 126
26 64
26 97
26 99
26 75
26 178
26 53
26 55
26 56
27 134
27 200
27 202
27 203
27 83
27 85
27 68
27 152
27 186
27 158
27 95
27 96
27 71
27 175
27 179
27 153
27 57
27 58
27 188
27 61
27 191
28 128
28 65
28 67
28 132
28 198
28 136
28 73
28 139
28 141
28 93
28 101
28 32
28 35
28 131
28 37
28 166
28 169
28 147
28 44
28 110
28 157
28 114
28 51
28 180
28 181
28 182
28 120
28 159
28 60
28 74
28 126
29 171
29 68
29 71
29 201
29 175
29 95
29 98
29 99
29 38
29 107
29 44
29 111
29 113
29 178
29 184
29 138
30 161
30 50
30 131
30 100
30 193
30 136
30 169
30 154
30 162
30 110
31 96
31 72
31 148
31 85
31 40
31 138
31 59
31 192
31 61
32 65
32 66
32 67
32 193
32 136
32 76
32 144
32 145
32 147
32 97
32 35
32 100
32 101
32 102
32 81
32 199
32 48
32 180
32 53
32 54
32 185
32 166
33 108
33 195
33 84
33 161
34 50
34 167
34 105
34 154
34 130
35 65
35 66
35 67
35 132
35 69
35 193
35 136
35 139
35 76
35 81
35 147
35 182
35 97
35 197
35 100
35 101
35 102
35 145
35 199
35 48
35 180
35 53
35 54
35 185
35 125
35 166
36 129
36 91
36 155
36 70
36 170
36 43
36 109
36 142
36 143
36 177
36 115
36 116
36 150
36 123
36 124
36 165
37 128
37 132
37 72
37 73
37 74
37 139
37 77
37 144
37 157
37 159
37 160
37 99
37 101
37 93
37 114
37 181
37 118
37 120
37 60
37 126
38 171
38 68
38 69
38 198
38 137
38 147
38 132
38 175
38 98
38 99
38 107
38 44
38 173
38 111
38 113
38 178
38 182
38 201
38 184
38 185
38 126
39 155
39 196
39 195
39 103
39 104
39 124
39 170
39 43
39 45
39 46
39 143
39 176
39 115
39 117
39 87
39 89
39 122
39 91
39 92
40 96
40 192
40 191
40 148
40 85
40 72
40 138
40 59
40 61
41 155
41 165
41 70
41 43
41 140
41 109
41 143
41 146
41 195
41 117
41 122
41 123
41 124
41 190
41 94
42 49
42 82
42 87
42 103
42 62
42 47
43 155
43 165
43 70
43 170
43 109
43 143
43 92
43 115
43 84
43 117
43 164
43 123
43 124
43 195
44 107
44 132
44 198
44 137
44 139
44 91
44 98
44 99
44 101
44 171
44 173
44 175
44 113
44 178
44 147
44 182
44 201
44 184
44 185
44 125
44 126
45 68
45 198
45 71
45 196
45 152
45 153
45 92
45 158
45 95
45 104
45 124
45 171
45 175
45 179
45 184
45 186
45 188
46 196
46 198
46 103
46 104
46 73
46 135
46 189
46 176
46 82
46 51
46 87
46 89
46 92
46 157
46 159
47 49
47 82
47 87
47 103
47 62
48 65
48 66
48 67
48 132
48 69
48 193
48 136
48 55
48 76
48 81
48 147
48 182
48 97
48 197
48 100
48 101
48 102
48 145
48 199
48 173
48 180
48 53
48 54
48 119
48 185
48 125
48 166
49 135
49 62
50 161
50 131
50 193
50 154
50 108
50 130
51 181
51 131
51 101
51 167
51 136
51 73
51 139
51 77
51 110
51 60
51 141
51 157
51 114
51 163
51 169
51 154
51 187
51 93
51 159
52 162
52 86
52 119
53 64
53 66
53 67
53 132
53 118
53 199
53 76
53 144
53 99
53 75
53 197
53 97
53 102
53 113
53 178
53 147
53 54
53 55
53 56
53 185
54 65
54 66
54 147
54 197
54 102
54 97
54 145
54 199
54 76
54 81
54 67
54 180
54 55
54 185
55 64
55 66
55 67
55 132
55 69
55 199
55 76
55 145
55 147
55 75
55 197
55 97
55 102
55 81
55 178
55 56
55 185
56 64
56 97
56 67
56 132
56 147
56 76
56 144
56 75
56 178
56 113
56 99
56 118
56 185
57 106
57 146
57 179
57 202
57 152
57 153
57 58
57 188
57 186
57 158
58 203
58 134
58 200
58 202
58 175
58 83
58 68
58 152
58 158
58 95
58 106
58 111
58 179
58 153
58 186
58 188
59 72
59 138
59 99
60 128
60 198
60 67
60 132
60 136
60 73
60 74
60 139
60 77
60 141
60 144
60 93
60 101
60 160
60 187
60 166
60 169
60 147
60 110
60 157
60 114
60 181
60 120
60 121
60 159
60 126
61 192
61 134
61 200
61 203
61 83
61 148
61 85
61 95
61 96
61 191
62 192
62 135
63 194
63 117
63 94
63 190
64 128
64 97
64 132
64 147
64 75
64 178
64 144
64 113
64 99
64 118
64 185
65 193
65 66
65 131
65 132
65 69
65 199
65 136
65 139
65 76
65 81
65 67
65 182
65 197
65 100
65 101
65 102
65 145
65 147
65 180
65 185
65 125
65 126
65 166
66 67
66 132
66 69
66 199
66 75
66 76
66 144
66 145
66 147
66 197
66 97
66 101
66 102
66 81
66 180
66 185
66 166
67 128
67 132
67 182
67 199
67 139
67 76
67 144
67 81
67 181
67 97
67 101
67 102
67 145
67 114
67 147
67 180
67 185
67 126
67 166
68 171
68 200
68 202
68 175
68 142
68 152
68 153
68 71
68 158
68 95
68 98
68 107
68 203
68 111
68 186
68 201
68 184
68 188
69 197
69 199
69 137
69 119
69 145
69 147
69 201
69 97
69 100
69 102
69 81
69 107
69 173
69 116
69 182
69 185
69 125
70 129
70 155
70 165
70 195
70 170
70 109
70 143
70 115
70 164
70 123
71 203
71 184
71 202
71 175
71 192
71 152
71 83
71 85
71 95
71 96
71 98
71 104
71 171
71 111
71 200
71 179
71 153
71 186
71 188
72 128
72 192
72 135
72 73
72 138
72 159
72 77
72 120
72 157
73 128
73 192
73 101
73 198
73 135
73 139
73 77
73 141
73 157
73 159
73 93
73 114
73 181
73 120
73 187
73 126
74 128
74 160
74 181
74 139
74 141
74 110
74 144
74 114
74 169
74 120
74 121
74 187
74 93
74 166
75 97
75 99
75 132
75 197
75 102
75 76
75 178
75 147
75 185
76 199
76 144
76 145
76 147
76 97
76 102
76 81
76 180
76 185
77 128
77 163
77 135
77 141
77 157
77 120
77 187
77 93
77 159
78 149
80 129
81 199
81 145
81 147
81 197
81 97
81 100
81 102
81 180
81 119
81 185
82 176
82 196
82 87
82 89
82 103
82 189
83 134
83 200
83 202
83 203
83 148
83 85
83 153
83 186
83 95
83 96
83 179
83 188
83 191
84 195
84 196
84 161
84 124
84 170
84 108
84 89
84 155
84 92
85 134
85 200
85 138
85 203
85 192
85 148
85 95
85 96
85 186
85 188
85 191
86 162
87 176
87 196
87 89
87 103
87 189
88 105
88 151
88 183
88 127
89 195
89 196
89 103
89 92
89 108
89 176
89 124
89 189
90 177
90 133
90 201
90 204
90 142
90 111
91 100
91 182
91 198
91 137
91 171
91 173
91 142
91 124
91 115
91 116
91 196
91 150
91 201
91 155
91 92
91 125
92 155
92 196
92 195
92 104
92 170
92 108
92 143
92 176
92 115
92 116
92 171
92 124
93 128
93 101
93 135
93 139
93 141
93 157
93 159
93 160
93 163
93 169
93 110
93 114
93 181
93 120
93 187
94 194
94 195
94 117
94 190
94 165
95 184
95 202
95 175
95 152
95 96
95 98
95 203
95 111
95 200
95 179
95 186
95 153
95 148
95 188
95 191
96 134
96 200
96 138
96 203
96 192
96 148
96 202
96 186
96 188
96 191
97 132
97 199
97 144
97 99
97 197
97 102
97 145
97 178
97 147
97 185
98 171
98 152
98 201
98 175
98 99
98 107
98 111
98 113
98 178
98 137
98 184
98 138
99 128
99 132
99 144
99 113
99 178
99 147
99 118
99 185
99 138
99 126
100 131
100 193
100 136
100 145
100 150
100 162
100 101
100 102
100 199
100 173
100 116
100 182
100 119
100 180
100 125
101 128
101 132
101 181
101 193
101 136
101 139
101 141
101 159
101 102
101 169
101 147
101 110
101 114
101 180
101 131
101 182
101 198
101 126
101 166
102 132
102 199
102 144
102 145
102 147
102 197
102 166
102 180
102 185
103 176
103 196
103 140
103 189
104 196
104 198
104 152
104 153
104 158
104 124
104 171
104 175
104 179
104 184
104 186
104 188
105 176
105 189
105 151
105 183
105 167
105 130
105 174
105 127
106 146
106 179
106 186
106 158
107 198
107 137
107 197
107 132
107 175
107 133
107 171
107 173
107 111
107 113
107 178
107 182
107 201
107 184
107 185
107 126
108 195
108 124
108 161
109 129
109 155
109 165
109 170
109 143
109 115
109 164
109 123
109 124
109 195
110 160
110 193
110 131
110 166
110 136
110 139
110 141
110 114
110 181
110 169
110 121
110 163
110 187
111 133
111 201
111 204
111 142
111 152
111 171
111 175
111 184
112 168
112 174
113 128
113 171
113 132
113 198
113 137
113 184
113 178
113 147
113 182
113 185
113 138
113 126
114 128
114 132
114 136
114 139
114 141
114 144
114 160
114 187
114 166
114 169
114 147
114 157
114 180
114 181
114 120
114 121
114 159
114 126
115 155
115 170
115 142
115 143
115 195
115 116
115 196
115 123
115 124
115 165
116 137
116 171
116 173
116 150
116 125
116 182
117 195
117 165
117 140
117 143
117 146
117 190
117 122
117 155
117 124
118 128
118 144
119 145
119 199
120 128
120 135
120 157
120 181
120 138
120 187
120 126
120 159
121 160
121 166
121 169
121 141
121 180
121 181
122 146
122 140
122 189
122 190
122 143
123 129
123 165
123 170
123 142
123 143
123 146
123 155
123 158
124 196
124 155
124 165
124 195
124 170
124 143
125 197
125 137
125 171
125 173
125 145
125 147
125 150
125 185
125 182
126 128
126 132
126 198
126 139
126 157
126 171
126 178
126 147
126 180
126 181
126 182
126 137
126 185
126 159
127 183
127 174
127 151
128 132
128 139
128 144
128 160
128 157
128 181
128 159
129 177
130 167
130 154
131 162
131 166
131 193
131 136
131 169
131 139
131 141
131 180
132 147
132 198
132 137
132 144
132 139
132 171
132 178
132 180
132 182
132 185
133 177
133 201
133 184
133 137
133 204
133 173
133 142
134 179
134 200
134 202
134 203
134 148
134 186
134 191
135 192
135 187
135 157
135 159
136 166
136 193
136 139
136 141
136 180
136 182
136 169
136 181
137 198
137 201
137 142
137 147
137 197
137 171
137 173
137 178
137 182
137 184
137 185
138 192
138 148
139 198
139 187
139 193
139 141
139 147
139 166
139 169
139 157
139 180
139 181
139 182
139 159
140 146
140 189
140 190
141 157
141 159
141 160
141 163
141 166
141 169
141 181
141 187
142 171
142 204
142 177
142 201
142 184
142 158
143 155
143 165
143 170
143 190
143 146
143 164
143 158
143 195
144 181
144 147
144 180
144 166
145 199
145 147
145 197
145 173
145 180
145 185
146 179
146 158
147 197
147 178
147 180
147 182
147 185
147 198
147 199
147 166
148 200
148 203
148 192
148 191
149 154
150 173
151 189
151 174
152 203
152 200
152 202
152 175
152 184
152 186
152 158
152 179
152 153
152 188
153 200
153 202
153 203
153 186
153 158
153 175
153 179
153 184
153 188
154 167
155 165
155 170
155 164
155 195
157 192
157 198
157 159
157 187
158 175
158 184
158 179
158 188
158 186
159 192
159 198
159 181
159 187
160 169
160 181
160 166
162 193
163 187
163 167
164 165
164 170
164 195
165 170
165 195
166 193
166 169
166 180
166 181
167 176
167 183
167 174
168 174
169 193
169 180
169 181
169 187
170 195
171 198
171 175
171 173
171 178
171 182
171 201
171 184
172 177
173 197
173 201
173 185
173 182
174 183
175 200
175 203
175 184
175 201
175 188
175 202
176 196
176 189
177 204
177 201
178 198
178 201
178 184
178 182
178 185
179 200
179 202
179 203
179 186
179 188
180 182
180 193
180 185
180 199
181 187
182 198
182 185
182 201
182 184
184 198
184 201
184 188
185 199
185 197
186 200
186 202
186 203
186 188
188 202
188 203
188 200
190 194
191 200
191 203
191 192
195 196
197 199
200 202
200 203
201 204
202 203
